PERMI
 1119. 1119. 1749. 1749. 1749. 1749. 1119. 1119.   12.   12.   12.   12.
   12.   12.   12.   12.   12.   12.   12. 1119. 1119. 1119. 1119. 1749.
 1749. 1749. 
 1749. 1749. 1749. 1749. 1749. 1749. 1119. 1119. 1119.   12.   12.   12.
   12.   12.   12.   12.   12.   12.   12.   12.   12.   12.   12.   12.
   12.   12. 
   12.   12.   12.   12.   12.   12.   12.   12.   12.   12.   12.   12.
 1749. 1119. 1119. 1749. 1749. 1119. 1119.   12.   12.   12.   12.   12.
   12.   12. 
   12.   12.   12.   12.   12.   12.   12. 1119. 1119. 1119. 1119. 1119.
 1119. 1119. 1749. 1749. 1749. 1749. 1749. 1749. 1119.   12.   12.   12.
   12.   12. 
   12.   12.   12.   12.   12.   12.   12.   12.   12.   12.   12.   12.
   12.   12.   12.   12.   12.   12.   12.   12.   12.   12.   12.   12.
 1749. 1749. 
 1119. 1749. 1119. 1119. 1119.   12.   12.   12.   12.   12.   12.   12.
   12.   12.   12.   12.   12.   12.   12.   12.   12. 1119. 1119. 1119.
 1119. 1119. 
 1119. 1119. 1749. 1749. 1749. 1749. 1119. 1119.   12.   12.   12.   12.
   12.   12.   12.   12.   12.   12.   12.   12.   12.   12.   12.   12.
   12.   12. 
   12.   12.   12.   12.   12.   12.   12.   12.   12.   12. 1749. 1749.
 1119. 1119. 1119. 1119.   12.   12.   12.   12.   12.   12.   12.   12.
   12.   12. 
   12.   12.   12.   12.   12.   12.   12.   12.   12.   12.   12.   12.
 1119. 1119. 1119. 1749. 1749. 1749. 1119. 1119.   12. 1119. 1119. 1119.
 1119. 1119. 
 1119.   12.   12.   12.   12.   12.   12.   12.   12.   12.   12.   12.
   12.   12.   12.   12.   12.   12.   12.   12.   12.   12. 1749. 1749.
 1119. 1119. 
 1119. 1119. 1119. 1119.   12.   12.   12.   12.   12.   12.   12.   12.
   12.   12.   12.   12.   12.   12.   12.   12.   12.   12.   12.   12.
   12. 1119. 
 1119. 1749. 1749. 1749. 1119. 1119. 1119. 1119. 1119. 1749. 1749. 1749.
 1119. 1119.   12.   12.   12.   12.   12.   12.   12.   12.   12.   12.
   12.   12. 
   12.   12.   12.   12.   12.   12.   12.   12. 1749. 1749. 1749. 1119.
 1119. 1119. 1119. 1119. 1119. 1119. 1119.   12.   12.   12.   12.   12.
   12.   12. 
   12.   12.   12.   12.   12.   12.   12.   12.   12.   12.   12. 1119.
 1119. 1749. 1749. 1749. 1119. 1119. 1749. 1749. 1749. 1749. 1749. 1749.
 1749. 1119. 
 1119.   12.   12.   12.   12.   12.   12.   12.   12.   12.   12.   12.
   12.   12.   12.   12.   12.   12.   12.   12. 1749. 1749. 1749. 1119.
 1119. 1749. 
 1749. 1749. 1119. 1119. 1119. 1119.   12.   12.   12.   12.   12.   12.
   12.   12.   12.   12.   12.   12.   12.   12.   12.   12. 1119. 1119.
 1119. 1749. 
 1749. 1749. 1119. 1749. 1749. 1749. 1749. 1749. 1749. 1119. 1119. 1749.
 1119. 1119.   12.   12.   12.   12.   12.   12.   12.   12.   12.   12.
   12.   12. 
   12.   12.   12.   12.   12.   12. 1749. 1749. 1749. 1119. 1119. 1749.
 1749. 1749. 1749. 1749. 1119. 1119. 1119.   12.   12.   12.   12.   12.
   12.   12. 
   12.   12.   12.   12.   12.   12.   12.   12. 1119. 1119. 1119. 1749.
 1749. 1119. 1119. 1749. 1749. 1749. 1749. 1119. 1119. 1119. 1119. 1119.
 1119. 1119. 
   12.   12.   12.   12.   12.   12.   12.   12.   12.   12.   12.   12.
   12.   12.   12.   12.   12.   12. 1749. 1749. 1749. 1119. 1119. 1749.
 1749. 1749. 
 1749. 1749. 1749. 1119. 1119.   12.   12.   12.   12.   12.   12.   12.
   12.   12.   12.   12.   12.   12.   12.   12.   12. 1119. 1749. 1749.
 1749. 1119. 
 1119. 1749. 1749. 1119. 1119. 1119. 1749. 1749. 1749. 1749. 1119. 1119.
 1119.   12.   12.   12.   12.   12.   12.   12.   12.   12.   12.   12.
   12.   12. 
   12.   12.   12.   12. 1749. 1749. 1749. 1119. 1119. 1119. 1119. 1119.
 1119. 1119. 1119. 1119. 1119.   12.   12.   12.   12.   12.   12.   12.
   12.   12. 
   12.   12.   12.   12.   12.   12. 1119. 1119. 1749. 1749. 1749. 1749.
 1119. 1119. 1119. 1119. 1119. 1749. 1749. 1749. 1749. 1749. 1749. 1119.
 1119.   12. 
   12.   12.   12.   12. 1119. 1119. 1119. 1119. 1119.   12.   12.   12.
   12.   12.   12.   12. 1749. 1749. 1749. 1749. 1119. 1119. 1119. 1119.
 1119. 1119. 
 1119. 1119. 1119.   12.   12.   12.   12.   12.   12.   12.   12.   12.
   12.   12.   12.   12.   12.   12. 1119. 1119. 1749. 1749. 1749. 1749.
 1119. 1119. 
 1119. 1749. 1749. 1749. 1749. 1749. 1749. 1749. 1749. 1119. 1119. 1119.
   12.   12. 1119. 1119. 1119. 1749. 1749. 1119. 1119. 1119. 1119.   12.
   12.   12. 
   12.   12. 1119. 1749. 1749. 1749. 1749. 1749. 1749. 1749. 1749. 1749.
 1749. 1749. 1119. 1119.   12.   12.   12.   12.   12.   12.   12.   12.
   12.   12. 
   12.   12.   12.   12.   12. 1119. 1749. 1749. 1749. 1749. 1749. 1749.
 1749. 1749. 1749. 1749. 1749. 1119. 1119. 1749. 1749. 1119. 1119. 1119.
 1119. 1119. 
 1749. 1749. 1749. 1749. 1749. 1749. 1749. 1749. 1119.   12.   12.   12.
   12.   12. 1119. 1119. 1749. 1749. 1749. 1749. 1749. 1749. 1749. 1749.
 1749. 1749. 
 1749. 1119. 1119.   12.   12.   12.   12.   12.   12.   12.   12.   12.
   12.   12.   12.   12.   12. 1119. 1119. 1749. 1749. 1749. 1749. 1749.
 1749. 1749. 
 1749. 1749. 1119. 1119. 1119. 1749. 1749. 1749. 1119. 1119. 1119. 1749.
 1749. 1749. 1749. 1749. 1749. 1749. 1749. 1749. 1119. 1119.   12.   12.
   12.   12. 
 1119. 1119. 1749. 1749. 1749. 1749. 1749. 1749. 1749. 1749. 1749. 1749.
 1749. 1749. 1119.   12.   12.   12.   12.   12.   12.   12.   12.   12.
   12.   12. 
   12.   12.   12.   12. 1119. 1119. 1749. 1749. 1749. 1749. 1749. 1749.
 1119. 1119. 1119. 1119. 1119. 1749. 1749. 1749. 1119. 1749. 1749. 1749.
 1749. 1749. 
 1749. 1749. 1119. 1749. 1749. 1749. 1119. 1119.   12.   12.   12.   12.
   12. 1119. 1119. 1119. 1119. 1119. 1119. 1119. 1119. 1119. 1119. 1749.
 1749. 1749. 
 1119. 1119. 1119. 1119. 1119. 1119.   12.   12.   12.   12.   12.   12.
   12.   12.   12.   12. 1119. 1119. 1119. 1119. 1119. 1119. 1119. 1119.
 1119.   12. 
   12. 1119. 1119. 1749. 1749. 1749. 1119. 1749. 1749. 1749. 1749. 1749.
 1119. 1119. 1119. 1749. 1749. 1749. 1119. 1119.   12.   12.   12.   12.
   12.   12. 
   12. 1119. 1119. 1119. 1119. 1749. 1749. 1119. 1119. 1749. 1749. 1119.
 1119. 1119. 1749. 1749. 1119. 1119. 1119.   12.   12.   12.   12.   12.
   12.   12. 
   12.   12.   12.   12. 1119. 1119. 1119. 1119. 1119.   12.   12.   12.
   12. 1119. 1119. 1749. 1749. 1119. 1119. 1749. 1749. 1749. 1749. 1119.
 1119. 1119. 
 1749. 1749. 1749. 1749. 1119.   12.   12.   12.   12.   12.   12.   12.
   12.   12.   12. 1119. 1119. 1749. 1119. 1119. 1749. 1749. 1749. 1119.
 1119. 1749. 
 1749. 1749. 1749. 1749. 1119. 1119.   12.   12.   12.   12.   12.   12.
   12.   12.   12.   12.   12.   12.   12.   12.   12.   12.   12.   12.
   12. 1119. 
 1119. 1749. 1749. 1119. 1119. 1119. 1119. 1119. 1119. 1119. 1119. 1119.
 1749. 1749. 1749. 1119. 1119.   12.   12.   12.   12.   12. 1119. 1119.
   12.   12. 
   12. 1119. 1119. 1119. 1119. 1749. 1749. 1749. 1749. 1119. 1749. 1749.
 1749. 1749. 1749. 1749. 1119. 1119.   12.   12.   12.   12.   12.   12.
   12.   12. 
   12.   12.   12.   12.   12.   12.   12.   12.   12.   12.   12. 1119.
 1749. 1749. 1749. 1749. 1119. 1119. 1749. 1749. 1119. 1119. 1119. 1119.
 1119. 1119. 
 1749. 1119.   12.   12.   12.   12.   12.   12. 1749. 1119. 1119.   12.
   12.   12. 1119. 1119. 1749. 1749. 1749. 1749. 1119. 1119. 1749. 1749.
 1119. 1119. 
 1749. 1749. 1749. 1119.   12.   12.   12.   12.   12.   12.   12.   12.
   12.   12.   12.   12.   12.   12.   12.   12.   12.   12.   12. 1119.
 1119. 1749. 
 1749. 1749. 1749. 1749. 1749. 1749. 1749. 1749. 1749. 1749. 1119. 1119.
 1119. 1119.   12.   12.   12.   12.   12.   12. 1749. 1749. 1119. 1119.
   12. 1119. 
 1119. 1749. 1749. 1749. 1749. 1119. 1119. 1119. 1119. 1119. 1119. 1119.
 1749. 1749. 1749. 1119. 1119.   12.   12.   12.   12.   12.   12.   12.
   12.   12. 
   12.   12.   12.   12.   12.   12.   12.   12.   12. 1119. 1119. 1749.
 1749. 1749. 1749. 1749. 1749. 1749. 1749. 1749. 1749. 1749. 1749. 1119.
 1119. 1119. 
   12.   12. 1119. 1119. 1119. 1119. 1749. 1749. 1119. 1119. 1119. 1119.
 1749. 1749. 1749. 1749. 1119. 1119. 1119. 1119. 1119. 1119. 1119. 1119.
 1749. 1749. 
 1119. 1119. 1119.   12.   12.   12.   12.   12.   12. 1119. 1119.   12.
   12.   12.   12.   12.   12.   12.   12.   12.   12.   12. 1119. 1119.
 1119. 1119. 
 1119. 1119. 1119. 1749. 1749. 1749. 1749. 1749. 1749. 1749. 1119. 1119.
 1119. 1119. 1119. 1119. 1119. 1119. 1749. 1749. 1119. 1119. 1119. 1119.
 1749. 1749. 
 1749. 1119. 1119. 1119. 1119. 1119. 1119. 1119. 1119. 1119. 1119. 1749.
 1119. 1119. 1119.   12.   12. 1119. 1119. 1119. 1119. 1119. 1119. 1119.
 1119.   12. 
   12.   12.   12.   12.   12.   12.   12.   12.   12. 1119. 1119. 1119.
 1119. 1119. 1119. 1119. 1119. 1119. 1749. 1749. 1749. 1749. 1119. 1119.
 1749. 1119. 
 1749. 1749. 1749. 1749. 1749. 1749. 1119. 1119. 1119. 1119. 1749. 1749.
 1749. 1749. 1749. 1749. 1749. 1749. 1749. 1749. 1749. 1749. 1119. 1119.
 1749. 1119. 
 1119. 1119. 1119. 1119. 1119. 1119. 1119. 1749. 1749. 1119. 1119. 1119.
   12.   12.   12.   12.   12.   12.   12.   12.   12.   12.   12.   12.
   12.   12. 
   12.   12. 1119. 1119. 1749. 1749. 1749. 1749. 1119. 1119. 1749. 1749.
 1749. 1749. 1749. 1749. 1749. 1119. 1119. 1119.   12. 1119. 1749. 1749.
 1749. 1749. 
 1749. 1749. 1749. 1749. 1749. 1749. 1749. 1749. 1749. 1119. 1119. 1119.
 1119. 1119. 1119. 1119. 1749. 1749. 1749. 1749. 1749. 1749. 1119. 1119.
   12.   12. 
   12.   12.   12.   12.   12.   12.   12.   12.   12.   12.   12.   12.
   12.   12. 1119. 1119. 1749. 1749. 1749. 1749. 1119. 1119. 1119. 1119.
 1119. 1119. 
 1749. 1749. 1119. 1119. 1119. 1119. 1119. 1119. 1119. 1749. 1749. 1749.
 1749. 1749. 1749. 1749. 1749. 1749. 1749. 1749. 1749. 1119. 1119. 1119.
 1119. 1119. 
 1749. 1749. 1749. 1749. 1749. 1749. 1749. 1749. 1119. 1119. 1119.   12.
   12.   12.   12.   12.   12.   12.   12.   12.   12.   12.   12.   12.
   12.   12. 
 1119. 1749. 1749. 1749. 1749. 1119. 1119. 1119. 1119. 1119. 1119. 1119.
 1119. 1749. 1119. 1749. 1749. 1749. 1749. 1119. 1119. 1119. 1119. 1119.
 1119. 1119. 
 1119. 1119. 1119. 1119. 1749. 1749. 1749. 1119. 1119. 1749. 1749. 1749.
 1749. 1749. 1749. 1749. 1749. 1749. 1749. 1749. 1749. 1119. 1119.   12.
   12.   12. 
   12.   12.   12.   12.   12.   12.   12.   12.   12.   12.   12. 1119.
 1119. 1749. 1749. 1749. 1749. 1119. 1119. 1749. 1749. 1749. 1749. 1119.
 1119. 1119. 
 1749. 1749. 1749. 1749. 1749. 1749. 1119. 1119. 1119. 1119. 1119. 1119.
 1119. 1119. 1119. 1119. 1749. 1749. 1749. 1749. 1119. 1119. 1749. 1749.
 1749. 1749. 
 1749. 1119. 1119. 1749. 1749. 1749. 1749. 1119. 1119.   12.   12.   12.
   12.   12.   12.   12.   12.   12.   12.   12.   12.   12.   12. 1119.
 1119. 1749. 
 1749. 1749. 1119. 1749. 1749. 1749. 1749. 1749. 1749. 1749. 1119. 1119.
 1749. 1749. 1749. 1749. 1749. 1749. 1119. 1119. 1119. 1119.   12.   12.
   12.   12. 
   12. 1119. 1119. 1749. 1749. 1749. 1119. 1119. 1749. 1749. 1749. 1119.
 1119. 1119. 1119. 1749. 1749. 1749. 1119. 1119. 1119.   12.   12.   12.
   12.   12. 
   12.   12.   12.   12.   12.   12.   12.   12.   12. 1119. 1749. 1749.
 1749. 1749. 1749. 1749. 1749. 1749. 1749. 1749. 1749. 1749. 1119. 1119.
 1749. 1749. 
 1119. 1119. 1749. 1749. 1749. 1119. 1119. 1119.   12.   12.   12.   12.
   12. 1119. 1119. 1749. 1749. 1749. 1119. 1119. 1119. 1119. 1119. 1119.
 1119. 1119. 
 1119. 1749. 1749. 1749. 1119. 1119.   12.   12.   12.   12.   12.   12.
   12.   12.   12.   12.   12.   12.   12.   12.   12. 1119. 1749. 1749.
 1749. 1749. 
 1749. 1749. 1749. 1749. 1749. 1749. 1749. 1749. 1749. 1119. 1119. 1119.
 1119. 1119. 1749. 1749. 1749. 1119. 1119. 1749. 1119.   12.   12.   12.
 1119. 1119. 
 1749. 1749. 1749. 1749. 1119. 1119. 1119. 1119. 1119. 1119.   12. 1119.
 1119. 1749. 1749. 1749. 1119. 1119. 1119.   12.   12.   12. 1119. 1119.
 1119. 1119. 
 1119.   12.   12.   12.   12.   12.   12. 1119. 1749. 1749. 1749. 1749.
 1749. 1749. 1749. 1119. 1119. 1749. 1749. 1749. 1749. 1119. 1119. 1119.
 1119. 1119. 
 1119. 1749. 1749. 1119. 1119. 1749. 1119.   12.   12. 1119. 1119. 1119.
 1749. 1749. 1749. 1119. 1119. 1119. 1119. 1119. 1119. 1119. 1119. 1119.
 1119. 1749. 
 1749. 1749. 1119. 1119.   12.   12. 1119. 1119. 1119. 1119. 1119. 1119.
 1119. 1119.   12.   12.   12.   12.   12. 1119. 1119. 1749. 1749. 1749.
 1119. 1119. 
 1119. 1119. 1119. 1749. 1749. 1749. 1749. 1119.   12.   12.   12. 1119.
 1119. 1749. 1749. 1119. 1119. 1749. 1119. 1119. 1119. 1119. 1119. 1119.
 1749. 1749. 
 1749. 1749. 1119. 1119. 1119. 1119. 1119. 1119. 1119. 1119. 1119. 1749.
 1749. 1749. 1119. 1119. 1119. 1119. 1119. 1119. 1119. 1749. 1749. 1749.
 1119. 1119. 
 1119.   12.   12.   12.   12.   12. 1119. 1119. 1119. 1119. 1119. 1119.
 1119. 1119. 1119. 1749. 1749. 1749. 1749. 1119.   12.   12.   12. 1119.
 1119. 1749. 
 1749. 1119. 1119. 1119. 1119. 1119. 1749. 1749. 1119. 1119. 1749. 1749.
 1749. 1749. 1749. 1749. 1749. 1749. 1749. 1749. 1119. 1119. 1119. 1749.
 1749. 1749. 
 1119. 1119. 1119. 1119. 1119. 1119. 1749. 1749. 1749. 1749. 1749. 1119.
 1119. 1119.   12.   12.   12.   12.   12. 1119. 1119. 1119.   12.   12.
   12. 1119. 
 1119. 1749. 1749. 1749. 1119. 1119.   12.   12.   12. 1119. 1119. 1749.
 1749. 1749. 1119. 1119. 1749. 1749. 1749. 1749. 1119. 1119. 1749. 1749.
 1749. 1749. 
 1749. 1749. 1749. 1749. 1749. 1749. 1749. 1119. 1119. 1119. 1749. 1749.
 1749. 1749. 1119. 1749. 1749. 1749. 1749. 1749. 1749. 1749. 1749. 1119.
 1119. 1119. 
   12.   12.   12.   12.   12.   12.   12.   12.   12.   12.   12. 1119.
 1119. 1749. 1749. 1749. 1119. 1119.   12.   12.   12. 1119. 1119. 1749.
 1749. 1749. 
 1749. 1749. 1749. 1749. 1749. 1749. 1749. 1119. 1119. 1749. 1749. 1749.
 1749. 1749. 1749. 1749. 1749. 1749. 1749. 1749. 1119. 1119. 1749. 1749.
 1749. 1749. 
 1749. 1749. 1749. 1749. 1749. 1119. 1119. 1749. 1749. 1749. 1119. 1119.
   12.   12.   12.   12.   12.   12.   12.   12.   12.   12.   12. 1119.
 1119. 1749. 
 1749. 1749. 1119. 1749.   12.   12.   12. 1119. 1119. 1119. 1749. 1749.
 1749. 1749. 1749. 1749. 1749. 1749. 1119. 1119. 1119. 1119. 1749. 1749.
 1749. 1119. 
 1119. 1119. 1749. 1749. 1749. 1749. 1119. 1119. 1119. 1749. 1749. 1749.
 1749. 1749. 1749. 1749. 1119. 1119. 1119. 1749. 1749. 1749. 1119. 1119.
   12.   12. 
   12.   12.   12.   12.   12.   12.   12.   12.   12. 1119. 1119. 1749.
 1749. 1749. 1749. 1749.   12.   12.   12.   12. 1119. 1119. 1119. 1749.
 1749. 1749. 
 1119. 1119. 1119. 1119. 1749. 1749. 1119. 1119. 1119. 1119. 1119. 1119.
 1119. 1119. 1749. 1749. 1749. 1749. 1119. 1119. 1119. 1119. 1119. 1749.
 1119. 1119. 
 1119. 1119. 1119. 1119. 1119. 1749. 1749. 1749. 1119. 1119.   12.   12.
   12.   12.   12.   12.   12. 1119. 1119. 1119. 1119.   12. 1119. 1749.
 1749. 1749. 
 1749. 1749.   12.   12.   12.   12. 1119. 1119. 1119. 1119. 1119. 1119.
 1119. 1119. 1119. 1119. 1749. 1749. 1749. 1749. 1119. 1119. 1119. 1119.
 1119. 1749. 
 1749. 1749. 1749. 1749. 1119. 1119.   12. 1119. 1119. 1119. 1119. 1119.
 1119. 1119.   12. 1119. 1119. 1749. 1749. 1749. 1119. 1119.   12.   12.
   12.   12. 
 1119. 1119. 1119. 1119. 1119. 1119. 1119. 1119. 1119. 1119. 1119. 1749.
 1119. 1119.   12.   12.   12.   12. 1119. 1749. 1749. 1749. 1749. 1119.
 1119. 1119. 
 1119. 1119. 1749. 1749. 1749. 1119. 1119.   12.   12. 1119. 1119. 1749.
 1749. 1749. 1749. 1119. 1119. 1119. 1119. 1119. 1119. 1119. 1119.   12.
   12.   12. 
   12. 1119. 1119. 1749. 1749. 1749. 1119. 1119. 1119. 1119. 1119. 1119.
 1119. 1119. 1119. 1749. 1749. 1749. 1749. 1119. 1119. 1119. 1119. 1119.
 1119. 1119. 
   12.   12.   12.   12. 1119. 1749. 1749. 1749. 1749. 1749. 1749. 1119.
 1119. 1749. 1749. 1749. 1749. 1119. 1119.   12.   12. 1119. 1119. 1749.
 1749. 1749. 
 1749. 1119. 1119. 1119. 1119. 1749. 1749. 1119. 1119. 1119.   12.   12.
   12. 1119. 1119. 1749. 1749. 1749. 1119. 1119. 1119. 1119. 1119. 1119.
 1119. 1749. 
 1749. 1749. 1749. 1749. 1749. 1119. 1119. 1119.   12.   12.   12. 1119.
   12.   12.   12.   12.   12. 1119. 1119. 1749. 1749. 1749. 1749. 1119.
 1119. 1749. 
 1749. 1749. 1119. 1119. 1119.   12. 1119. 1119. 1749. 1749. 1749. 1749.
 1119. 1119. 1119. 1749. 1749. 1749. 1749. 1749. 1119. 1119.   12.   12.
   12. 1119. 
 1119. 1119. 1749. 1749. 1749. 1119. 1119. 1119. 1749. 1749. 1749. 1749.
 1749. 1749. 1749. 1749. 1749. 1749. 1119. 1119. 1119.   12.   12. 1119.
   12.   12. 
   12.   12.   12.   12. 1119. 1119. 1119. 1749. 1749. 1119. 1119. 1749.
 1749. 1749. 1749. 1119. 1119. 1119. 1119. 1119. 1749. 1749. 1749. 1749.
 1119. 1749. 
 1749. 1749. 1749. 1749. 1749. 1749. 1119. 1119. 1119.   12.   12. 1119.
 1119. 1119. 1749. 1749. 1749. 1749. 1749. 1749. 1749. 1749. 1749. 1749.
 1749. 1749. 
 1749. 1749. 1749. 1749. 1749. 1119. 1119.   12. 1119. 1119.   12.   12.
   12.   12.   12.   12.   12.   12. 1119. 1119. 1119. 1119. 1119. 1749.
 1749. 1749. 
 1749. 1749. 1749. 1119. 1119. 1119. 1749. 1749. 1749. 1749. 1749. 1749.
 1749. 1749. 1749. 1749. 1749. 1749. 1749. 1119. 1119.   12.   12.   12.
 1119. 1119. 
 1119. 1749. 1749. 1749. 1749. 1749. 1749. 1749. 1749. 1749. 1749. 1119.
 1119. 1749. 1749. 1749. 1749. 1119. 1119. 1119. 1119. 1119.   12.   12.
   12.   12. 
   12.   12.   12.   12.   12.   12. 1119. 1119. 1119. 1749. 1749. 1749.
 1749. 1749. 1749. 1749. 1119. 1119. 1749. 1749. 1749. 1749. 1749. 1749.
 1749. 1749. 
 1119. 1119. 1749. 1749. 1749. 1119. 1119.   12.   12.   12. 1119. 1119.
 1119. 1119. 1119. 1119. 1749. 1749. 1119. 1119. 1119. 1119. 1119. 1119.
 1119. 1749. 
 1749. 1749. 1749. 1119. 1119. 1119. 1119. 1119.   12.   12.   12.   12.
   12.   12.   12.   12.   12.   12.   12.   12. 1119. 1119. 1749. 1749.
 1749. 1749. 
 1749. 1749. 1749. 1119. 1119. 1749. 1749. 1749. 1749. 1749. 1749. 1119.
 1119. 1119. 1749. 1749. 1749. 1119. 1119.   12.   12.   12.   12. 1119.
 1119. 1119. 
 1119. 1119. 1119. 1119. 1119. 1119. 1119. 1119. 1119. 1119. 1119. 1119.
 1749. 1749. 1749. 1119. 1119. 1749. 1749. 1119.   12.   12.   12.   12.
   12.   12. 
   12.   12.   12.   12.   12.   12. 1119. 1119. 1119. 1119. 1119. 1749.
 1749. 1749. 1749. 1119. 1119. 1119. 1119. 1119. 1119. 1119. 1119. 1119.
 1119. 1119. 
 1749. 1749. 1749. 1119.   12. 1119. 1119. 1119. 1119. 1119. 1119. 1119.
 1119. 1119. 1119. 1119. 1119. 1119.   12.   12.   12. 1119. 1119. 1119.
 1749. 1749. 
 1749. 1119. 1749. 1749. 1749. 1749.   12.   12.   12.   12.   12.   12.
   12.   12.   12.   12.   12.   12. 1119. 1749. 1119. 1119. 1119. 1119.
 1119. 1119. 
 1749. 1749. 1749. 1119. 1119. 1119. 1119. 1119.   12.   12. 1119. 1749.
 1749. 1749. 1749. 1119. 1119. 1119. 1119. 1119. 1119. 1119. 1119. 1119.
   12.   12. 
   12.   12.   12.   12.   12.   12.   12.   12. 1119. 1119. 1749. 1749.
 1749. 1749. 1749. 1749. 1749. 1749.   12.   12.   12.   12.   12.   12.
   12.   12. 
   12.   12.   12.   12. 1119. 1749. 1749. 1749. 1119.   12. 1119. 1119.
 1749. 1749. 1749. 1119. 1119.   12.   12.   12.   12.   12. 1119. 1749.
 1749. 1749. 
 1119. 1119. 1119. 1119. 1749. 1749. 1749. 1749. 1119. 1119. 1119.   12.
   12.   12.   12.   12.   12.   12.   12.   12. 1119. 1119. 1749. 1749.
 1749. 1749. 
 1749. 1749. 1749. 1119.   12.   12.   12.   12.   12.   12.   12.   12.
   12.   12.   12. 1119. 1119. 1749. 1749. 1749. 1119. 1119. 1119. 1749.
 1749. 1749. 
 1749. 1119. 1119.   12.   12.   12.   12. 1119. 1119. 1749. 1749. 1749.
 1119. 1119. 1119. 1749. 1749. 1749. 1749. 1749. 1749. 1119. 1119. 1119.
   12.   12. 
   12.   12.   12.   12.   12.   12. 1119. 1119. 1119. 1749. 1749. 1749.
 1749. 1749. 1119. 1749.   12.   12.   12.   12.   12.   12.   12.   12.
   12.   12. 
   12. 1119. 1119. 1749. 1749. 1749. 1119. 1119. 1119. 1749. 1749. 1749.
 1749. 1119.   12.   12.   12.   12.   12. 1119. 1119. 1749. 1749. 1749.
 1749. 1749. 
 1749. 1749. 1749. 1749. 1749. 1749. 1749. 1749. 1119. 1119.   12.   12.
   12.   12.   12.   12.   12.   12.   12. 1119. 1119. 1119. 1749. 1119.
 1119. 1119. 
 1119. 1749.   12.   12.   12.   12.   12.   12.   12.   12.   12.   12.
   12. 1119. 1749. 1749. 1749. 1119. 1119. 1119. 1749. 1749. 1749. 1749.
 1119. 1119. 
   12.   12.   12.   12.   12. 1119. 1119. 1749. 1749. 1749. 1749. 1749.
 1749. 1749. 1749. 1119. 1749. 1749. 1749. 1749. 1119. 1119.   12.   12.
   12.   12. 
   12.   12.   12.   12.   12.   12. 1119. 1119. 1119. 1119. 1119. 1119.
 1119. 1749.   12.   12.   12.   12.   12.   12.   12.   12.   12.   12.
   12. 1119. 
 1749. 1749. 1749. 1119. 1119. 1119. 1749. 1749. 1749. 1119. 1119. 1119.
 1119. 1119. 1119. 1119. 1119. 1119. 1119. 1119. 1749. 1749. 1749. 1749.
 1749. 1119. 
 1119. 1119. 1749. 1749. 1749. 1749. 1119. 1119.   12.   12.   12.   12.
   12.   12.   12.   12.   12.   12.   12.   12. 1119. 1119. 1119. 1119.
 1119. 1749. 
   12.   12.   12.   12.   12.   12.   12.   12.   12.   12.   12. 1119.
 1749. 1749. 1749. 1119. 1119. 1119. 1749. 1749. 1749. 1119. 1749. 1749.
 1119. 1119. 
 1119. 1749. 1749. 1749. 1119. 1119. 1119. 1119. 1119. 1119. 1119. 1119.
 1119. 1119. 1119. 1749. 1749. 1749. 1749. 1119.   12. 1119. 1119. 1119.
 1119. 1119. 
 1119. 1119. 1119. 1119.   12.   12.   12.   12. 1119. 1119. 1749. 1749.
   12.   12.   12.   12.   12.   12.   12.   12.   12.   12.   12. 1119.
 1749. 1749. 
 1749. 1749. 1119. 1119. 1749. 1749. 1749. 1749. 1749. 1749. 1749. 1749.
 1749. 1749. 1749. 1749. 1749. 1119. 1119. 1119. 1119. 1119. 1119.   12.
   12. 1119. 
 1119. 1749. 1749. 1749. 1749. 1119. 1119. 1119. 1119. 1119. 1119. 1119.
 1749. 1119. 1119. 1119. 1119.   12.   12.   12. 1119. 1119. 1749. 1749.
   12.   12. 
   12.   12.   12.   12.   12.   12.   12.   12.   12. 1119. 1749. 1749.
 1749. 1749. 1749. 1119. 1749. 1749. 1749. 1749. 1749. 1749. 1749. 1749.
 1749. 1749. 
 1749. 1749. 1749. 1749. 1119. 1119.   12.   12.   12.   12.   12. 1119.
 1119. 1749. 1749. 1749. 1749. 1119. 1119. 1119. 1749. 1749. 1749. 1749.
 1749. 1749. 
 1749. 1119. 1119.   12.   12.   12. 1119. 1119. 1119. 1749.   12.   12.
   12.   12.   12.   12.   12.   12.   12.   12.   12. 1119. 1119. 1749.
 1749. 1749. 
 1749. 1119. 1119. 1119. 1749. 1749. 1749. 1749. 1749. 1749. 1749. 1119.
 1119. 1749. 1749. 1749. 1119. 1119.   12. 1119. 1119. 1119. 1119.   12.
 1119. 1119. 
 1749. 1749. 1749. 1749. 1749. 1749. 1749. 1749. 1749. 1749. 1749. 1749.
 1749. 1749. 1119. 1119.   12.   12.   12. 1119. 1119. 1749.   12.   12.
   12.   12. 
   12.   12.   12.   12.   12.   12.   12.   12. 1119. 1119. 1119. 1749.
 1749. 1749. 1749. 1119. 1119. 1119. 1119. 1119. 1119. 1119. 1119. 1119.
 1119. 1749. 
 1749. 1749. 1119. 1119. 1119. 1119. 1119. 1119. 1119. 1119. 1119. 1119.
 1749. 1749. 1749. 1749. 1749. 1749. 1749. 1749. 1749. 1749. 1749. 1749.
 1749. 1749. 
 1119. 1119.   12.   12.   12. 1119. 1119. 1119.   12.   12.   12.   12.
   12.   12.   12.   12.   12.   12.   12.   12. 1119. 1119. 1119. 1119.
 1119. 1119. 
 1119. 1119. 1749. 1749. 1749. 1749. 1119.   12.   12. 1119. 1119. 1749.
 1749. 1749. 1119. 1119. 1119. 1749. 1749. 1749. 1749. 1119. 1119. 1119.
 1119. 1749. 
 1749. 1749. 1749. 1749. 1749. 1119. 1119. 1119. 1119. 1749. 1749. 1749.
 1749. 1119. 1119.   12.   12.   12. 1119. 1119.   12.   12.   12.   12.
   12.   12. 
   12.   12.   12.   12.   12.   12.   12.   12.   12.   12.   12.   12.
 1119. 1119. 1119. 1749. 1749. 1749. 1119. 1119.   12. 1119. 1119. 1749.
 1749. 1749. 
 1119. 1119. 1749. 1749. 1749. 1749. 1749. 1119. 1119. 1119. 1119. 1119.
 1749. 1119. 1749. 1119. 1119. 1119. 1119. 1119. 1119. 1119. 1749. 1749.
 1749. 1119. 
 1119.   12.   12.   12.   12.   12.   12.   12.   12.   12.   12.   12.
   12.   12.   12.   12.   12.   12.   12.   12.   12.   12.   12.   12.
   12. 1119. 
 1119. 1749. 1749. 1749. 1119. 1119.   12. 1119. 1119. 1749. 1749. 1749.
 1119. 1749. 1749. 1749. 1749. 1749. 1749. 1749. 1119. 1119. 1119. 1119.
 1119. 1119. 
 1119. 1119. 1119. 1119.   12.   12. 1119. 1119. 1749. 1749. 1749. 1119.
 1119.   12.   12.   12.   12.   12.   12.   12.   12.   12.   12.   12.
   12.   12. 
   12.   12.   12.   12.   12.   12.   12.   12.   12.   12.   12. 1119.
 1119. 1749. 1749. 1749. 1119.   12.   12. 1119. 1119. 1749. 1749. 1749.
 1749. 1749. 
 1749. 1749. 1749. 1749. 1749. 1749. 1119. 1119.   12.   12.   12.   12.
   12.   12.   12.   12.   12.   12. 1119. 1119. 1749. 1749. 1749. 1749.
 1119. 1119. 
 1119. 1119. 1119. 1119.   12.   12.   12.   12.   12.   12.   12.   12.
   12.   12.   12.   12.   12.   12.   12.   12.   12.   12.   12. 1119.
 1119. 1749. 
 1749. 1119. 1119.   12.   12. 1119. 1119. 1749. 1749. 1749. 1749. 1749.
 1749. 1749. 1749. 1749. 1749. 1749. 1119. 1119.   12.   12.   12.   12.
   12.   12. 
   12.   12.   12.   12. 1119. 1119. 1749. 1749. 1749. 1749. 1119. 1119.
 1119. 1119. 1119. 1119.   12.   12.   12.   12.   12.   12.   12.   12.
   12.   12. 
   12.   12.   12.   12.   12.   12.   12.   12.   12. 1119. 1749. 1749.
 1749. 1119. 1119.   12.   12. 1119. 1119. 1749. 1749. 1749. 1749. 1119.
 1119. 1749. 
 1749. 1749. 1749. 1119. 1119.   12.   12.   12.   12.   12.   12.   12.
   12.   12.   12.   12.   12. 1119. 1119. 1749. 1749. 1749. 1749. 1749.
 1749. 1749. 
 1749. 1749.   12.   12.   12.   12.   12.   12.   12.   12.   12.   12.
   12.   12.   12.   12.   12.   12.   12.   12.   12. 1119. 1749. 1749.
 1749. 1119. 
   12.   12.   12. 1119. 1119. 1749. 1749. 1749. 1749. 1119. 1749. 1749.
 1749. 1749. 1119. 1119.   12.   12.   12.   12.   12.   12.   12.   12.
   12.   12. 
   12.   12.   12. 1119. 1119. 1749. 1749. 1749. 1749. 1749. 1749. 1749.
 1749. 1749. 
/