PERMI
   21.   21.   21.   21.   21.   21.   21.   21.   21.   21.   21.  906.
  906. 1433. 1433. 1433. 1433.  906.  906.  906.  906.  906. 1433. 1433.
 1433.  906. 
  906.   21.   21.   21.   21.   21.   21.   21.   21.   21.   21.   21.
   21.  906. 1433. 1433. 1433. 1433.  906.  906.  906.  906.  906.  906.
  906.  906. 
  21.  21.  21.  21.  21.  21.  21.  21.  21.  21.  21.  21.  21.  21.
  21.  21.  21.  21.  21.  21.  21.  21.  21.  21. 906. 906. 
  906.  906.  906.  906.   21.   21.   21.  906.  906. 1433. 1433. 1433.
  906.   21.   21.  906.  906.  906.   21.   21.   21.   21.   21.   21.
   21.  906. 
 1433. 1433. 1433.  906.  906.  906.  906. 1433. 1433. 1433. 1433.  906.
  906.   21.   21.   21.   21.   21.   21.   21.   21.   21.   21.   21.
   21.   21. 
   21.   21.   21.   21.   21.   21.   21.   21.   21.   21.   21.   21.
  906.  906.   21.   21.   21.   21.   21.  906.  906. 1433. 1433. 1433.
  906.  906. 
  906.  906.  906.  906.  906.  906.   21.   21.   21.   21.   21.  906.
 1433. 1433. 1433. 1433. 1433. 1433. 1433. 1433. 1433. 1433. 1433. 1433.
  906.   21. 
 21. 21. 21. 21. 21. 21. 21. 21. 21. 21. 21. 21. 21. 21. 21. 21. 21. 21.
 21. 21. 21. 21. 21. 21. 21. 21. 
   21.   21.   21.   21.   21.   21.  906. 1433. 1433. 1433. 1433.  906.
 1433. 1433. 1433. 1433. 1433.  906.  906.   21.   21.   21.   21.  906.
 1433. 1433. 
 1433. 1433. 1433. 1433. 1433. 1433. 1433. 1433. 1433. 1433.  906.   21.
   21.   21.   21.   21.   21.   21.   21.   21.   21.   21.   21.   21.
   21.   21. 
   21.   21.   21.   21.   21.   21.   21.   21.   21.   21.   21.   21.
   21.   21.   21.   21.   21.   21.  906.  906. 1433. 1433. 1433. 1433.
 1433. 1433. 
 1433. 1433. 1433. 1433.  906.  906.   21.   21.   21.   21.  906.  906.
 1433. 1433. 1433. 1433. 1433. 1433.  906. 1433. 1433. 1433.  906.   21.
   21.   21. 
 21. 21. 21. 21. 21. 21. 21. 21. 21. 21. 21. 21. 21. 21. 21. 21. 21. 21.
 21. 21. 21. 21. 21. 21. 21. 21. 
   21.   21.   21.   21.   21.  906.  906. 1433. 1433. 1433. 1433. 1433.
 1433.  906. 1433. 1433.  906.  906.  906.   21.   21.   21.   21.  906.
  906.  906. 
  906.  906.  906.  906.  906.  906. 1433. 1433.  906.   21.   21.   21.
  906.  906.  906.  906.  906.   21.   21.   21.   21.   21.   21.   21.
   21.   21. 
   21.   21.   21.   21.   21.   21.   21.   21.   21.   21.   21.   21.
   21.   21.   21.   21.   21.  906.  906.  906. 1433. 1433.  906.  906.
  906.  906. 
 1433. 1433. 1433.  906.  906.   21.   21.   21.   21.   21.   21.   21.
   21.   21.   21.   21.   21.  906. 1433. 1433.  906.  906.   21.  906.
  906. 1433. 
 1433. 1433. 1433.  906.  906.   21.   21.   21.   21.   21.   21.   21.
   21.   21.   21.   21.   21.   21.   21.   21.   21.   21.   21.   21.
   21.   21. 
   21.   21.   21.   21.  906.  906.  906.  906.  906.  906.   21.  906.
  906. 1433. 1433. 1433.  906.  906.   21.   21.   21.   21.   21.   21.
   21.   21. 
   21.   21.   21.  906. 1433. 1433. 1433.  906.  906. 1433. 1433. 1433.
 1433. 1433. 1433. 1433.  906.   21.   21.   21.   21.   21.   21.   21.
   21.   21. 
   21.   21.   21.   21.   21.   21.   21.   21.   21.   21.   21.   21.
   21.   21.   21.   21.   21.   21.   21.   21.   21.   21.   21.  906.
  906. 1433. 
 1433. 1433.  906.  906.   21.   21.   21.   21.   21.  906.  906.  906.
  906.  906.  906.  906. 1433. 1433. 1433.  906. 1433. 1433. 1433. 1433.
  906. 1433. 
 1433. 1433.  906.   21.  906.   21.   21.   21.   21.   21.   21.   21.
   21.   21.   21.   21.   21.   21.   21.   21.   21.   21.   21.   21.
   21.   21. 
   21.   21.   21.   21.   21.   21.   21.   21.   21.  906.  906.  906.
 1433. 1433.  906.  906.   21.   21.   21.   21.  906.  906.  906. 1433.
  906.  906. 
  906.  906.  906. 1433. 1433. 1433. 1433. 1433.  906.  906.   21.  906.
 1433. 1433. 1433.  906.  906.   21.  906.  906.  906.  906.  906.  906.
   21.   21. 
   21.   21.   21.   21.   21.   21.   21.   21.   21.   21.   21.   21.
   21.   21.   21.   21.   21.   21.   21.   21.   21.   21.  906.  906.
 1433. 1433. 
 1433.  906.  906.  906.  906.  906.  906. 1433. 1433. 1433. 1433. 1433.
 1433.  906.  906. 1433. 1433. 1433. 1433. 1433.  906.   21.   21.  906.
 1433. 1433. 
 1433. 1433.  906.  906.  906.  906.  906.  906.  906.  906.  906.  906.
   21.   21.   21.   21.   21.   21.   21.   21.   21.   21.   21.   21.
   21.   21. 
   21.   21.   21.   21.   21.   21.   21.   21.  906.  906. 1433. 1433.
 1433.  906.  906.  906.  906. 1433. 1433. 1433. 1433. 1433. 1433. 1433.
 1433.  906. 
  906.  906. 1433. 1433. 1433.  906.   21.   21.   21.   21.  906. 1433.
 1433. 1433. 1433. 1433. 1433. 1433. 1433. 1433. 1433. 1433. 1433.  906.
  906.   21. 
   21.   21.   21.   21.   21.   21.   21.   21.   21.   21.   21.   21.
   21.   21.   21.   21.   21.   21.   21.   21.   21.  906.  906. 1433.
 1433. 1433. 
 1433. 1433. 1433. 1433. 1433. 1433.  906.  906.  906. 1433. 1433. 1433.
  906.  906.  906.  906.  906.   21.   21.   21.   21.   21.   21.  906.
 1433. 1433. 
 1433. 1433. 1433. 1433. 1433. 1433. 1433. 1433. 1433. 1433.  906.   21.
   21.   21.   21.   21.   21.   21.   21.   21.   21.   21.   21.   21.
   21.   21. 
   21.   21.   21.   21.   21.   21.   21.  906.  906.  906. 1433. 1433.
 1433. 1433. 1433. 1433.  906.  906.  906.  906.  906.  906. 1433. 1433.
 1433.  906. 
   21.   21.   21.   21.   21.   21.   21.   21.   21.   21.  906. 1433.
 1433. 1433. 1433. 1433.  906.  906.  906. 1433. 1433. 1433.  906.  906.
   21.   21. 
   21.   21.   21.   21.   21.   21.   21.   21.   21.   21.   21.   21.
   21.   21.   21.   21.   21.   21.   21.   21.  906.  906.  906. 1433.
 1433. 1433. 
  906.  906.  906.  906.   21.   21.  906.  906. 1433. 1433. 1433.  906.
   21.   21.   21.  906.  906.  906.  906.  906.   21.   21.   21.  906.
  906.  906. 
  906.  906.  906.  906.  906.  906. 1433. 1433.  906.  906.   21.   21.
   21.   21.   21.   21.   21.   21.   21.   21.   21.   21.   21.   21.
   21.   21. 
   21.   21.   21.   21.   21.   21.   21.  906.  906.  906.  906.  906.
  906.  906.   21.   21.   21.   21.  906.  906. 1433. 1433.  906.  906.
   21.  906. 
  906.  906.  906.  906.  906.  906.  906.   21.   21.   21.   21.   21.
   21.   21.   21.   21.  906.  906. 1433. 1433.  906.  906.   21.   21.
   21.   21. 
  21.  21.  21.  21.  21.  21.  21.  21.  21.  21.  21.  21.  21.  21.
  21.  21.  21.  21.  21.  21.  21. 906. 906. 906.  21.  21. 
   21.   21.   21.   21.  906. 1433. 1433. 1433.  906.  906.  906.  906.
  906. 1433. 1433. 1433. 1433.  906.  906.   21.   21.   21.   21.   21.
   21.   21. 
   21.   21.  906. 1433. 1433. 1433.  906.  906.   21.   21.   21.   21.
   21.   21.   21.   21.   21.   21.   21.   21.   21.   21.   21.   21.
   21.   21. 
   21.   21.   21.   21.   21.   21.   21.   21.   21.   21.   21.   21.
   21.   21.   21.   21.  906. 1433. 1433. 1433.  906.  906.  906. 1433.
 1433. 1433. 
 1433. 1433. 1433. 1433.  906.  906.   21.   21.   21.   21.   21.   21.
   21.  906.  906. 1433. 1433. 1433.  906.   21.  906.  906.  906.  906.
  906.   21. 
 21. 21. 21. 21. 21. 21. 21. 21. 21. 21. 21. 21. 21. 21. 21. 21. 21. 21.
 21. 21. 21. 21. 21. 21. 21. 21. 
   21.   21.  906.  906. 1433. 1433. 1433. 1433. 1433. 1433. 1433. 1433.
 1433. 1433. 1433. 1433.  906.  906.  906.   21.   21.   21.   21.   21.
  906.  906. 
 1433. 1433. 1433.  906.  906.  906.  906. 1433. 1433. 1433.  906.  906.
  906.   21.   21.   21.   21.   21.   21.   21.   21.   21.   21.   21.
   21.   21. 
   21.   21.   21.   21.   21.   21.   21.   21.   21.   21.   21.   21.
   21.   21.  906.  906.  906. 1433. 1433. 1433. 1433. 1433. 1433.  906.
 1433. 1433. 
 1433.  906.  906.  906.  906.  906.   21.   21.   21.   21.  906.  906.
 1433. 1433. 1433. 1433. 1433. 1433. 1433. 1433. 1433. 1433. 1433.  906.
  906.   21. 
 21. 21. 21. 21. 21. 21. 21. 21. 21. 21. 21. 21. 21. 21. 21. 21. 21. 21.
 21. 21. 21. 21. 21. 21. 21. 21. 
   21.   21.  906.  906. 1433. 1433. 1433.  906.  906.  906. 1433. 1433.
 1433.  906. 1433. 1433. 1433. 1433.   21.   21.   21.   21.   21.  906.
 1433. 1433. 
 1433. 1433. 1433. 1433. 1433. 1433. 1433. 1433. 1433. 1433.  906.  906.
   21.   21.   21.   21.   21.   21.   21.   21.   21.   21.   21.   21.
   21.   21. 
   21.   21.   21.   21.   21.   21.   21.   21.   21.   21.   21.   21.
   21.   21.   21.  906.  906.  906.  906.  906.  906. 1433. 1433. 1433.
 1433. 1433. 
 1433. 1433. 1433. 1433.   21.   21.   21.   21.   21.  906.  906. 1433.
 1433. 1433. 1433. 1433. 1433.  906.  906. 1433. 1433. 1433.  906.  906.
   21.   21. 
  21.  21.  21. 906. 906. 906. 906.  21.  21.  21.  21.  21.  21.  21.
  21.  21.  21.  21.  21.  21.  21.  21.  21.  21.  21.  21. 
   21.   21.   21.   21.   21.  906.  906. 1433. 1433. 1433. 1433. 1433.
 1433. 1433. 1433. 1433.   21.   21.   21.   21.   21.   21.  906.  906.
  906.  906. 
  906.  906.  906.  906.  906.  906. 1433. 1433. 1433.  906.   21.   21.
   21.  906.  906.  906.  906. 1433.  906.  906.   21.   21.   21.   21.
   21.   21. 
   21.   21.   21.   21.   21.   21.   21.   21.   21.   21.   21.   21.
   21.   21.   21.   21.   21.  906.  906. 1433. 1433. 1433. 1433. 1433.
 1433.  906. 
 1433. 1433.   21.   21.   21.   21.   21.   21.   21.  906.  906.  906.
  906.   21.   21.   21.  906.  906. 1433. 1433. 1433.  906.  906.   21.
   21.  906. 
  906. 1433. 1433. 1433. 1433.  906.  906.   21.   21.   21.   21.   21.
   21.   21.   21.   21.   21.   21.   21.   21.   21.   21.   21.   21.
   21.   21. 
   21.   21.   21.  906.  906. 1433. 1433. 1433. 1433. 1433. 1433.  906.
 1433. 1433.   21.   21.   21.   21.   21.   21.   21.   21.   21.   21.
   21.   21. 
   21.   21.   21.  906. 1433. 1433. 1433.  906.  906.   21.  906.  906.
 1433. 1433. 1433. 1433. 1433. 1433.  906.  906.   21.   21.   21.   21.
   21.   21. 
   21.   21.   21.   21.   21.   21.   21.   21.   21.   21.   21.   21.
   21.   21.   21.   21.  906. 1433. 1433. 1433. 1433. 1433.  906.  906.
 1433. 1433. 
   21.   21.   21.   21.   21.   21.   21.   21.   21.   21.   21.   21.
   21.   21.   21.  906.  906. 1433. 1433. 1433.  906.  906.  906. 1433.
 1433. 1433. 
  906.  906. 1433. 1433.  906.  906.   21.   21.   21.   21.   21.   21.
   21.   21.   21.   21.   21.   21.   21.   21.   21.   21.   21.   21.
   21.   21. 
   21.   21.  906.  906.  906. 1433. 1433.  906.  906.  906. 1433. 1433.
   21.   21.   21.   21.   21.   21.   21.   21.   21.   21.   21.   21.
   21.   21. 
   21.  906.  906. 1433. 1433. 1433.  906.  906. 1433. 1433. 1433. 1433.
  906.  906. 1433. 1433. 1433.  906.  906.   21.   21.   21.  906.  906.
  906.  906. 
   21.   21.   21.   21.   21.   21.   21.   21.   21.   21.   21.   21.
   21.   21.   21.  906.  906.  906.  906.  906.  906.  906.  906. 1433.
   21.   21. 
   21.   21.   21.   21.   21.   21.   21.   21.   21.   21.   21.   21.
   21.   21.  906. 1433. 1433. 1433. 1433. 1433. 1433. 1433.  906.  906.
  906.  906. 
 1433. 1433. 1433.  906.  906.  906.  906.  906.  906.  906.  906.  906.
  906.  906.   21.   21.   21.   21.   21.   21.   21.   21.   21.   21.
   21.   21. 
   21.   21.   21.  906.   21.   21.   21.  906.  906. 1433.   21.   21.
   21.   21.   21.   21.   21.   21.   21.   21.   21.   21.   21.   21.
   21.   21. 
  906.  906. 1433. 1433. 1433. 1433. 1433. 1433.  906.  906.   21.  906.
 1433. 1433. 1433.  906.  906.  906. 1433. 1433. 1433. 1433. 1433. 1433.
 1433.  906. 
  906.   21.   21.   21.   21.   21.   21.   21.   21.   21.   21.   21.
   21.   21.   21.   21.   21.   21.   21.  906.  906. 1433.   21.   21.
   21.   21. 
   21.   21.   21.   21.   21.   21.   21.   21.   21.   21.   21.   21.
   21.  906.  906. 1433. 1433. 1433. 1433.  906.  906.   21.   21.  906.
  906. 1433. 
 1433.  906.  906. 1433. 1433. 1433. 1433. 1433. 1433. 1433. 1433. 1433.
  906.   21.   21.   21.   21.   21.  906.  906.   21.   21.   21.   21.
   21.   21. 
  21.  21.  21.  21.  21.  21. 906. 906.  21.  21.  21.  21.  21.  21.
  21.  21.  21.  21.  21.  21.  21.  21.  21.  21.  21.  21. 
  906.  906.  906.  906.  906.  906.   21.   21.   21.  906.  906. 1433.
 1433. 1433. 1433. 1433. 1433. 1433. 1433. 1433. 1433. 1433. 1433. 1433.
  906.  906. 
  21. 906. 906. 906. 906. 906. 906. 906.  21.  21.  21.  21.  21.  21.
  21.  21.  21.  21.  21. 906.  21.  21.  21.  21.  21.  21. 
   21.   21.   21.   21.   21.   21.   21.   21.   21.   21.   21.   21.
   21.  906.  906.  906.  906.   21.   21.   21.   21.  906.  906. 1433.
 1433. 1433. 
 1433. 1433.  906.  906.  906.  906.  906.  906. 1433. 1433. 1433.  906.
  906.  906.  906. 1433. 1433. 1433.  906.  906.   21.   21.   21.   21.
   21.   21. 
 21. 21. 21. 21. 21. 21. 21. 21. 21. 21. 21. 21. 21. 21. 21. 21. 21. 21.
 21. 21. 21. 21. 21. 21. 21. 21. 
   21.   21.   21.   21.   21.   21.   21.   21.  906.  906.  906. 1433.
  906.  906.  906.  906.  906.   21.   21.  906. 1433. 1433. 1433.  906.
  906.  906. 
 1433. 1433. 1433. 1433. 1433.  906.  906.   21.   21.   21.   21.   21.
   21.   21.   21.   21.   21.   21.   21.   21.   21.   21.   21.   21.
   21.   21. 
  21.  21.  21.  21.  21.  21.  21.  21.  21.  21.  21.  21.  21.  21.
  21.  21.  21.  21.  21.  21.  21. 906. 906. 906. 906. 906. 
   21.   21.   21.   21.   21.  906. 1433. 1433. 1433.  906. 1433. 1433.
 1433. 1433. 1433. 1433. 1433. 1433.  906.   21.   21.   21.   21.   21.
   21.   21. 
 21. 21. 21. 21. 21. 21. 21. 21. 21. 21. 21. 21. 21. 21. 21. 21. 21. 21.
 21. 21. 21. 21. 21. 21. 21. 21. 
   21.   21.   21.   21.   21.   21.   21.   21.   21.   21.   21.   21.
   21.   21.   21.   21.   21.  906.  906. 1433. 1433. 1433. 1433. 1433.
 1433. 1433. 
  906. 1433. 1433. 1433.  906.  906.   21.   21.   21.  906.  906.  906.
  906.  906.  906.   21.   21.   21.   21.   21.   21.   21.   21.   21.
   21.   21. 
 21. 21. 21. 21. 21. 21. 21. 21. 21. 21. 21. 21. 21. 21. 21. 21. 21. 21.
 21. 21. 21. 21. 21. 21. 21. 21. 
   21.   21.   21.  906.  906. 1433. 1433. 1433. 1433. 1433. 1433.  906.
  906. 1433. 1433. 1433.  906.  906.   21.  906.  906.  906.  906. 1433.
 1433.  906. 
 906. 906.  21.  21.  21.  21.  21.  21.  21.  21.  21.  21.  21.  21.
  21.  21.  21.  21.  21.  21.  21.  21.  21.  21.  21.  21. 
   21.   21.   21.   21.   21.   21.   21.   21.   21.   21.   21.   21.
   21.   21.   21.   21.  906. 1433. 1433. 1433. 1433. 1433.  906.  906.
  906. 1433. 
 1433. 1433. 1433.  906.  906.  906.  906. 1433. 1433. 1433. 1433. 1433.
  906.  906.   21.   21.   21.   21.   21.   21.   21.   21.   21.   21.
   21.   21. 
 21. 21. 21. 21. 21. 21. 21. 21. 21. 21. 21. 21. 21. 21. 21. 21. 21. 21.
 21. 21. 21. 21. 21. 21. 21. 21. 
   21.   21.  906.  906.  906.  906.  906.  906.  906.   21.  906.  906.
 1433. 1433. 1433. 1433.  906. 1433. 1433. 1433. 1433. 1433. 1433. 1433.
 1433.  906. 
 906. 906.  21.  21.  21.  21.  21.  21.  21.  21.  21.  21.  21.  21.
  21.  21.  21.  21.  21.  21.  21.  21.  21.  21.  21.  21. 
   21.   21.   21.   21.   21.   21.   21.   21.   21.   21.   21.   21.
   21.   21.   21.   21.  906.  906.  906.  906.   21.   21.  906.  906.
 1433. 1433. 
 1433. 1433. 1433. 1433. 1433. 1433. 1433.  906. 1433. 1433. 1433.  906.
 1433. 1433.  906.   21.   21.   21.   21.   21.   21.   21.   21.   21.
   21.   21. 
 21. 21. 21. 21. 21. 21. 21. 21. 21. 21. 21. 21. 21. 21. 21. 21. 21. 21.
 21. 21. 21. 21. 21. 21. 21. 21. 
   21.   21.   21.   21.   21.   21.   21.   21.   21.  906.  906. 1433.
 1433. 1433. 1433. 1433. 1433. 1433.  906.  906.  906. 1433. 1433. 1433.
 1433. 1433. 
 906.  21.  21.  21.  21.  21.  21.  21.  21.  21.  21.  21.  21.  21.
  21.  21.  21.  21.  21.  21.  21.  21.  21.  21.  21.  21. 
   21.   21.   21.   21.   21.   21.   21.   21.   21.   21.   21.   21.
   21.   21.   21.   21.   21.   21.   21.   21.   21.  906.  906.  906.
 1433. 1433. 
 1433. 1433.  906.  906.  906.  906. 1433. 1433. 1433. 1433. 1433. 1433.
  906.   21.   21.   21.   21.   21.   21.   21.   21.   21.   21.   21.
   21.   21. 
 21. 21. 21. 21. 21. 21. 21. 21. 21. 21. 21. 21. 21. 21. 21. 21. 21. 21.
 21. 21. 21. 21. 21. 21. 21. 21. 
   21.   21.   21.   21.   21.   21.   21.   21.  906.  906.  906.  906.
  906.  906.  906.   21.   21.  906. 1433. 1433. 1433.  906. 1433. 1433.
  906.   21. 
 21. 21. 21. 21. 21. 21. 21. 21. 21. 21. 21. 21. 21. 21. 21. 21. 21. 21.
 21. 21. 21. 21. 21. 21. 21. 21. 
  21.  21.  21.  21.  21.  21.  21.  21.  21.  21.  21.  21.  21.  21.
  21.  21.  21.  21.  21.  21.  21.  21.  21. 906. 906. 906. 
   21.   21.  906.  906. 1433. 1433. 1433.  906. 1433. 1433.  906.  906.
   21.   21.   21.   21.   21.   21.   21.   21.   21.   21.   21.   21.
   21.   21. 
 21. 21. 21. 21. 21. 21. 21. 21. 21. 21. 21. 21. 21. 21. 21. 21. 21. 21.
 21. 21. 21. 21. 21. 21. 21. 21. 
   21.   21.   21.   21.   21.   21.   21.   21.   21.   21.   21.   21.
   21.   21.  906.  906. 1433. 1433. 1433.  906. 1433. 1433.  906.  906.
   21.   21. 
 21. 21. 21. 21. 21. 21. 21. 21. 21. 21. 21. 21. 21. 21. 21. 21. 21. 21.
 21. 21. 21. 21. 21. 21. 21. 21. 
 21. 21. 21. 21. 21. 21. 21. 21. 21. 21. 21. 21. 21. 21. 21. 21. 21. 21.
 21. 21. 21. 21. 21. 21. 21. 21. 
  906.  906. 1433. 1433. 1433.  906. 1433. 1433.  906.  906.   21.   21.
   21.   21.   21.   21.   21.   21.   21.   21.   21.   21.   21.   21.
   21.   21. 
 21. 21. 21. 21. 21. 21. 21. 21. 21. 21. 21. 21. 21. 21. 21. 21. 21. 21.
 21. 21. 21. 21. 21. 21. 21. 21. 
   21.   21.   21.   21.   21.   21.   21.   21.   21.   21.   21.   21.
  906.  906. 1433. 1433. 1433.  906. 1433. 1433.  906.   21.   21.   21.
  906.  906. 
 906. 906.  21.  21.  21.  21.  21.  21.  21.  21.  21.  21.  21.  21.
  21.  21.  21.  21.  21.  21.  21.  21.  21.  21.  21.  21. 
  21.  21.  21.  21.  21.  21.  21.  21.  21.  21.  21.  21.  21.  21.
  21.  21.  21.  21.  21.  21.  21.  21.  21.  21. 906. 906. 
 1433. 1433. 1433. 1433. 1433. 1433.  906.  906.  906.  906.  906.  906.
  906.  906.  906.  906.   21.   21.   21.   21.   21.   21.   21.   21.
   21.   21. 
 21. 21. 21. 21. 21. 21. 21. 21. 21. 21. 21. 21. 21. 21. 21. 21. 21. 21.
 21. 21. 21. 21. 21. 21. 21. 21. 
   21.   21.   21.   21.   21.   21.   21.   21.   21.   21.   21.  906.
 1433. 1433. 1433. 1433. 1433. 1433. 1433. 1433.  906.  906. 1433. 1433.
 1433. 1433. 
 906. 906.  21.  21.  21.  21.  21.  21.  21.  21.  21.  21.  21.  21.
  21.  21.  21.  21.  21.  21.  21.  21.  21.  21.  21.  21. 
   21.   21.   21.   21.   21.   21.   21.   21.   21.   21.   21.   21.
   21.   21.   21.   21.   21.   21.   21.   21.   21.   21.   21.  906.
  906. 1433. 
 1433. 1433. 1433. 1433. 1433. 1433. 1433.  906.  906.  906. 1433. 1433.
 1433.  906.   21.   21.   21.   21.   21.   21.   21.   21.   21.   21.
   21.   21. 
 21. 21. 21. 21. 21. 21. 21. 21. 21. 21. 21. 21. 21. 21. 21. 21. 21. 21.
 21. 21. 21. 21. 21. 21. 21. 21. 
   21.   21.   21.   21.   21.   21.   21.   21.   21.   21.  906.  906.
  906. 1433.  906. 1433. 1433. 1433. 1433. 1433. 1433. 1433.  906. 1433.
 1433.  906. 
 21. 21. 21. 21. 21. 21. 21. 21. 21. 21. 21. 21. 21. 21. 21. 21. 21. 21.
 21. 21. 21. 21. 21. 21. 21. 21. 
  21.  21.  21.  21.  21.  21.  21.  21.  21.  21.  21.  21.  21.  21.
  21.  21.  21.  21.  21.  21.  21.  21.  21.  21. 906. 906. 
 1433.  906.  906. 1433. 1433. 1433. 1433. 1433. 1433.  906. 1433.  906.
   21.   21.   21.   21.   21.   21.   21.   21.   21.   21.   21.   21.
   21.   21. 
 21. 21. 21. 21. 21. 21. 21. 21. 21. 21. 21. 21. 21. 21. 21. 21. 21. 21.
 21. 21. 21. 21. 21. 21. 21. 21. 
   21.   21.   21.   21.   21.   21.   21.   21.   21.   21.   21.   21.
 1433. 1433.  906.  906.  906. 1433. 1433. 1433. 1433.  906.  906.  906.
   21.   21. 
 21. 21. 21. 21. 21. 21. 21. 21. 21. 21. 21. 21. 21. 21. 21. 21. 21. 21.
 21. 21. 21. 21. 21. 21. 21. 21. 
   21.   21.   21.   21.   21.   21.   21.   21.   21.   21.   21.   21.
   21.   21.   21.   21.   21.   21.   21.   21.   21.   21.   21.   21.
 1433. 1433. 
  906.  906.  906.  906.  906. 1433. 1433. 1433.  906.  906.   21.   21.
   21.   21.   21.   21.   21.   21.   21.   21.   21.   21.   21.   21.
   21.   21. 
 21. 21. 21. 21. 21. 21. 21. 21. 21. 21. 21. 21. 21. 21. 21. 21. 21. 21.
 21. 21. 21. 21. 21. 21. 21. 21. 
   21.   21.   21.   21.   21.   21.   21.   21.   21.   21.  906.  906.
  906.  906.  906.  906.  906. 1433. 1433. 1433.  906.   21.   21.  906.
  906.  906. 
 906. 906.  21.  21.  21.  21.  21.  21.  21.  21.  21.  21.  21.  21.
  21.  21.  21.  21.  21.  21.  21.  21.  21.  21.  21.  21. 
  21.  21.  21.  21.  21.  21.  21.  21.  21.  21.  21.  21.  21.  21.
  21.  21.  21.  21.  21.  21.  21.  21. 906.  21.  21.  21. 
  906.  906.  906. 1433. 1433. 1433.  906.  906.  906.  906.  906.  906.
  906.  906.  906.  906.   21.   21.   21.   21.   21.   21.   21.   21.
   21.   21. 
 21. 21. 21. 21. 21. 21. 21. 21. 21. 21. 21. 21. 21. 21. 21. 21. 21. 21.
 21. 21. 21. 21. 21. 21. 21. 21. 
   21.   21.   21.   21.   21.   21.   21.   21.   21.   21.   21.   21.
  906.  906.  906. 1433. 1433. 1433. 1433.  906. 1433. 1433. 1433. 1433.
 1433. 1433. 
 906. 906.  21.  21.  21.  21.  21.  21.  21.  21.  21.  21.  21.  21.
  21.  21.  21.  21.  21.  21.  21.  21.  21.  21.  21.  21. 
  21.  21.  21.  21.  21.  21.  21.  21.  21.  21.  21.  21.  21.  21.
  21.  21.  21.  21.  21.  21.  21.  21.  21.  21.  21. 906. 
  906. 1433. 1433. 1433.  906. 1433. 1433. 1433. 1433. 1433. 1433.  906.
  906.  906.  906.   21.   21.   21.   21.   21.   21.   21.   21.   21.
   21.   21. 
 21. 21. 21. 21. 21. 21. 21. 21. 21. 21. 21. 21. 21. 21. 21. 21. 21. 21.
 21. 21. 21. 21. 21. 21. 21. 21. 
   21.   21.   21.   21.   21.   21.   21.   21.   21.   21.   21.  906.
  906.  906. 1433. 1433. 1433.  906.  906.  906.  906.  906.  906.  906.
  906.  906. 
 906.  21.  21.  21.  21.  21.  21.  21.  21.  21.  21.  21.  21.  21.
  21.  21.  21.  21.  21.  21.  21.  21.  21.  21.  21.  21. 
  21.  21.  21.  21.  21.  21.  21.  21.  21.  21.  21.  21.  21.  21.
  21.  21.  21.  21.  21.  21.  21.  21.  21.  21. 906. 906. 
 1433. 1433. 1433. 1433. 1433. 1433. 1433. 1433. 1433. 1433. 1433. 1433.
  906.   21.   21.   21.   21.   21.   21.   21.   21.   21.   21.   21.
   21.   21. 
 21. 21. 21. 21. 21. 21. 21. 21. 21. 21. 21. 21. 21. 21. 21. 21. 21. 21.
 21. 21. 21. 21. 21. 21. 21. 21. 
   21.   21.   21.   21.   21.   21.   21.   21.   21.   21.   21.  906.
 1433. 1433. 1433. 1433. 1433. 1433. 1433. 1433. 1433. 1433. 1433. 1433.
  906.   21. 
 21. 21. 21. 21. 21. 21. 21. 21. 21. 21. 21. 21. 21. 21. 21. 21. 21. 21.
 21. 21. 21. 21. 21. 21. 21. 21. 
   21.   21.   21.   21.   21.   21.   21.   21.   21.   21.   21.   21.
   21.   21.   21.   21.   21.   21.   21.   21.   21.   21.   21.   21.
  906. 1433. 
 1433. 1433. 1433. 1433. 1433. 1433.  906.  906. 1433. 1433.  906.  906.
   21.   21.   21.   21.   21.   21.   21.   21.   21.   21.   21.   21.
   21.   21. 
 21. 21. 21. 21. 21. 21. 21. 21. 21. 21. 21. 21. 21. 21. 21. 21. 21. 21.
 21. 21. 21. 21. 21. 21. 21. 21. 
   21.   21.   21.   21.   21.   21.   21.   21.   21.   21.   21.  906.
  906.  906.  906.  906.  906.  906.  906. 1433. 1433. 1433.  906.   21.
   21.   21. 
 21. 21. 21. 21. 21. 21. 21. 21. 21. 21. 21. 21. 21. 21. 21. 21. 21. 21.
 21. 21. 21. 21. 21. 21. 21. 21. 
 21. 21. 21. 21. 21. 21. 21. 21. 21. 21. 21. 21. 21. 21. 
/