PERMI
   19. 2871. 2871. 3738. 3738. 2871. 2871. 2871. 2871. 2871. 2871. 2871.
 3738. 3738. 3738. 3738. 3738. 3738. 3738. 3738. 3738. 3738. 3738. 3738.
 2871. 2871. 
 19. 19. 19. 19. 19. 19. 19. 19. 19. 19. 19. 19. 19. 19. 19. 19. 19. 19.
 19. 19. 19. 19. 19. 19. 19. 19. 
   19.   19.   19.   19.   19.   19.   19.   19.   19.   19.   19.   19.
   19. 2871. 2871. 3738. 3738. 2871. 2871.   19.   19. 2871. 2871. 3738.
 3738. 3738. 
 3738. 2871. 3738. 3738. 3738. 3738. 3738. 3738. 2871. 2871. 2871.   19.
   19.   19.   19.   19.   19.   19.   19.   19.   19.   19.   19.   19.
   19.   19. 
   19.   19.   19.   19.   19.   19.   19.   19.   19.   19.   19.   19.
   19.   19.   19.   19.   19.   19.   19.   19.   19.   19.   19.   19.
   19. 2871. 
 2871. 3738. 3738. 2871. 2871.   19.   19. 2871. 2871. 3738. 3738. 3738.
 2871. 2871. 2871. 2871. 2871. 2871. 2871. 2871. 2871. 2871.   19.   19.
   19.   19. 
 19. 19. 19. 19. 19. 19. 19. 19. 19. 19. 19. 19. 19. 19. 19. 19. 19. 19.
 19. 19. 19. 19. 19. 19. 19. 19. 
   19.   19.   19.   19.   19.   19.   19.   19.   19.   19.   19. 2871.
 2871. 3738. 3738. 2871. 2871.   19.   19. 2871. 2871. 3738. 3738. 3738.
 2871. 2871. 
   19.   19.   19.   19. 2871. 2871.   19.   19.   19.   19.   19.   19.
   19.   19.   19.   19.   19.   19.   19.   19.   19.   19.   19.   19.
   19.   19. 
   19.   19.   19.   19.   19.   19.   19.   19.   19.   19.   19.   19.
   19.   19.   19.   19.   19.   19.   19.   19.   19.   19.   19. 2871.
 2871. 3738. 
 3738. 2871. 2871.   19.   19. 2871. 2871. 3738. 3738. 3738. 2871. 2871.
   19.   19.   19.   19.   19.   19.   19.   19.   19.   19.   19.   19.
   19.   19. 
 19. 19. 19. 19. 19. 19. 19. 19. 19. 19. 19. 19. 19. 19. 19. 19. 19. 19.
 19. 19. 19. 19. 19. 19. 19. 19. 
   19.   19.   19.   19.   19.   19.   19.   19. 2871. 2871. 2871. 2871.
 2871. 2871. 2871.   19.   19.   19. 2871. 3738. 3738. 3738. 2871. 2871.
 2871.   19. 
 19. 19. 19. 19. 19. 19. 19. 19. 19. 19. 19. 19. 19. 19. 19. 19. 19. 19.
 19. 19. 19. 19. 19. 19. 19. 19. 
   19.   19.   19.   19.   19.   19.   19.   19.   19.   19.   19.   19.
   19.   19.   19.   19.   19.   19.   19.   19. 2871. 2871. 3738. 3738.
 2871. 2871. 
 2871. 2871.   19.   19. 2871. 3738. 3738. 3738. 2871. 3738. 2871.   19.
   19.   19.   19.   19.   19.   19.   19.   19.   19.   19.   19.   19.
   19.   19. 
 19. 19. 19. 19. 19. 19. 19. 19. 19. 19. 19. 19. 19. 19. 19. 19. 19. 19.
 19. 19. 19. 19. 19. 19. 19. 19. 
   19.   19.   19.   19.   19.   19. 3738. 3738. 3738. 3738. 3738. 3738.
 3738. 2871. 2871. 2871. 2871. 3738. 3738. 3738. 2871. 3738. 2871.   19.
   19.   19. 
 19. 19. 19. 19. 19. 19. 19. 19. 19. 19. 19. 19. 19. 19. 19. 19. 19. 19.
 19. 19. 19. 19. 19. 19. 19. 19. 
   19.   19.   19.   19.   19.   19.   19.   19.   19.   19.   19.   19.
   19.   19.   19.   19.   19.   19. 3738. 3738. 3738. 3738. 3738. 3738.
 3738. 3738. 
 3738. 2871. 3738. 3738. 3738. 3738. 2871. 3738. 2871.   19.   19.   19.
   19.   19.   19.   19.   19.   19.   19.   19.   19.   19.   19.   19.
   19.   19. 
 19. 19. 19. 19. 19. 19. 19. 19. 19. 19. 19. 19. 19. 19. 19. 19. 19. 19.
 19. 19. 19. 19. 19. 19. 19. 19. 
   19.   19.   19.   19. 3738. 3738. 3738. 3738. 2871. 3738. 3738. 3738.
 3738. 3738. 3738. 3738. 3738. 3738. 2871. 2871. 2871.   19.   19.   19.
   19.   19. 
 19. 19. 19. 19. 19. 19. 19. 19. 19. 19. 19. 19. 19. 19. 19. 19. 19. 19.
 19. 19. 19. 19. 19. 19. 19. 19. 
   19.   19.   19.   19.   19.   19.   19.   19.   19.   19.   19.   19.
   19.   19.   19.   19. 3738. 3738. 2871. 2871. 2871. 2871. 2871. 2871.
 3738. 3738. 
 3738. 3738. 3738. 2871. 2871. 2871.   19.   19.   19.   19.   19.   19.
   19.   19.   19.   19.   19.   19.   19.   19.   19.   19.   19.   19.
   19.   19. 
 19. 19. 19. 19. 19. 19. 19. 19. 19. 19. 19. 19. 19. 19. 19. 19. 19. 19.
 19. 19. 19. 19. 19. 19. 19. 19. 
   19.   19. 3738. 3738. 2871. 2871. 2871.   19. 2871. 2871. 2871. 3738.
 3738. 3738. 2871. 2871. 2871.   19.   19.   19.   19.   19.   19.   19.
   19.   19. 
 19. 19. 19. 19. 19. 19. 19. 19. 19. 19. 19. 19. 19. 19. 19. 19. 19. 19.
 19. 19. 19. 19. 19. 19. 19. 19. 
   19.   19.   19.   19.   19.   19.   19.   19.   19.   19.   19.   19.
   19.   19. 3738. 3738. 3738. 2871. 2871. 2871. 3738. 3738. 2871. 2871.
 2871. 2871. 
 2871. 2871.   19.   19.   19.   19.   19.   19.   19.   19.   19.   19.
   19.   19.   19.   19.   19.   19.   19.   19.   19.   19.   19.   19.
   19.   19. 
 19. 19. 19. 19. 19. 19. 19. 19. 19. 19. 19. 19. 19. 19. 19. 19. 19. 19.
 19. 19. 19. 19. 19. 19. 19. 19. 
 3738. 3738. 3738. 2871. 2871. 2871. 3738. 3738. 3738. 2871. 2871. 2871.
   19.   19.   19.   19.   19.   19.   19.   19.   19.   19.   19.   19.
   19.   19. 
 19. 19. 19. 19. 19. 19. 19. 19. 19. 19. 19. 19. 19. 19. 19. 19. 19. 19.
 19. 19. 19. 19. 19. 19. 19. 19. 
   19.   19.   19.   19.   19.   19.   19.   19.   19.   19.   19.   19.
 3738. 3738. 3738. 3738. 2871. 2871. 3738. 3738. 2871. 2871.   19.   19.
   19.   19. 
 19. 19. 19. 19. 19. 19. 19. 19. 19. 19. 19. 19. 19. 19. 19. 19. 19. 19.
 19. 19. 19. 19. 19. 19. 19. 19. 
   19.   19.   19.   19.   19.   19.   19.   19.   19.   19.   19.   19.
   19.   19.   19.   19.   19.   19.   19.   19.   19.   19.   19.   19.
 2871. 3738. 
 3738. 3738. 2871. 2871. 3738. 3738. 2871.   19.   19.   19.   19.   19.
   19.   19.   19.   19.   19.   19.   19.   19.   19.   19.   19.   19.
   19.   19. 
 19. 19. 19. 19. 19. 19. 19. 19. 19. 19. 19. 19. 19. 19. 19. 19. 19. 19.
 19. 19. 19. 19. 19. 19. 19. 19. 
   19.   19.   19.   19.   19.   19.   19.   19.   19.   19. 2871. 3738.
 3738. 3738. 2871. 2871. 3738. 3738. 2871.   19.   19.   19.   19.   19.
   19.   19. 
 19. 19. 19. 19. 19. 19. 19. 19. 19. 19. 19. 19. 19. 19. 19. 19. 19. 19.
 19. 19. 19. 19. 19. 19. 19. 19. 
   19.   19.   19.   19.   19.   19.   19.   19.   19.   19.   19.   19.
   19.   19.   19.   19.   19.   19.   19.   19.   19.   19. 2871. 3738.
 3738. 3738. 
 2871. 2871. 3738. 3738. 2871. 2871.   19.   19.   19.   19.   19.   19.
   19.   19.   19.   19.   19.   19.   19.   19.   19.   19.   19.   19.
   19.   19. 
 19. 19. 19. 19. 19. 19. 19. 19. 19. 19. 19. 19. 19. 19. 19. 19. 19. 19.
 19. 19. 19. 19. 19. 19. 19. 19. 
   19.   19.   19.   19.   19.   19.   19.   19. 3738. 3738. 3738. 3738.
 2871. 2871. 3738. 3738. 3738. 2871.   19.   19.   19.   19.   19.   19.
   19.   19. 
 19. 19. 19. 19. 19. 19. 19. 19. 19. 19. 19. 19. 19. 19. 19. 19. 19. 19.
 19. 19. 19. 19. 19. 19. 19. 19. 
   19.   19.   19.   19.   19.   19.   19.   19.   19.   19.   19.   19.
   19.   19.   19.   19.   19.   19.   19.   19. 3738. 3738. 3738. 2871.
 2871. 2871. 
 3738. 3738. 3738. 2871. 2871.   19.   19.   19.   19.   19.   19.   19.
   19.   19.   19.   19.   19.   19.   19.   19.   19.   19.   19.   19.
   19.   19. 
 19. 19. 19. 19. 19. 19. 19. 19. 19. 19. 19. 19. 19. 19. 19. 19. 19. 19.
 19. 19. 19. 19. 19. 19. 19. 19. 
   19.   19.   19.   19.   19.   19. 3738. 2871. 2871. 2871.   19. 2871.
 2871. 3738. 3738. 2871. 2871.   19.   19.   19.   19.   19.   19.   19.
   19.   19. 
 19. 19. 19. 19. 19. 19. 19. 19. 19. 19. 19. 19. 19. 19. 19. 19. 19. 19.
 19. 19. 19. 19. 19. 19. 19. 19. 
   19.   19.   19.   19.   19.   19.   19.   19.   19.   19.   19.   19.
   19.   19.   19.   19.   19.   19. 2871. 2871. 3738. 2871. 2871. 2871.
 2871. 3738. 
 3738. 2871. 2871.   19.   19.   19.   19.   19.   19.   19.   19.   19.
   19.   19.   19.   19.   19.   19.   19.   19.   19.   19.   19.   19.
   19.   19. 
 19. 19. 19. 19. 19. 19. 19. 19. 19. 19. 19. 19. 19. 19. 19. 19. 19. 19.
 19. 19. 19. 19. 19. 19. 19. 19. 
   19.   19.   19.   19. 3738. 3738. 3738. 3738. 3738. 3738. 2871. 3738.
 3738. 2871. 2871.   19.   19.   19.   19.   19.   19.   19.   19.   19.
   19.   19. 
 19. 19. 19. 19. 19. 19. 19. 19. 19. 19. 19. 19. 19. 19. 19. 19. 19. 19.
 19. 19. 19. 19. 19. 19. 19. 19. 
   19.   19.   19.   19.   19.   19.   19.   19.   19.   19.   19.   19.
   19.   19.   19.   19. 3738. 3738. 3738. 3738. 3738. 3738. 3738. 3738.
 3738. 2871. 
 2871.   19.   19.   19.   19.   19.   19.   19.   19.   19.   19.   19.
   19.   19.   19.   19.   19.   19.   19.   19.   19.   19.   19.   19.
   19.   19. 
 19. 19. 19. 19. 19. 19. 19. 19. 19. 19. 19. 19. 19. 19. 19. 19. 19. 19.
 19. 19. 19. 19. 19. 19. 19. 19. 
   19.   19. 2871. 2871. 3738. 3738. 3738. 3738. 3738. 3738. 3738. 2871.
   19.   19.   19.   19.   19.   19.   19.   19.   19.   19.   19.   19.
   19.   19. 
 19. 19. 19. 19. 19. 19. 19. 19. 19. 19. 19. 19. 19. 19. 19. 19. 19. 19.
 19. 19. 19. 19. 19. 19. 19. 19. 
   19.   19.   19.   19.   19.   19.   19.   19.   19.   19.   19.   19.
   19.   19. 2871. 2871. 2871. 2871. 2871. 3738. 3738. 3738. 2871. 2871.
   19.   19. 
 19. 19. 19. 19. 19. 19. 19. 19. 19. 19. 19. 19. 19. 19. 19. 19. 19. 19.
 19. 19. 19. 19. 19. 19. 19. 19. 
 19. 19. 19. 19. 19. 19. 19. 19. 19. 19. 19. 19. 19. 19. 19. 19. 19. 19.
 19. 19. 19. 19. 19. 19. 19. 19. 
 2871.   19.   19.   19. 2871. 2871. 2871. 2871.   19.   19.   19.   19.
   19.   19.   19.   19.   19.   19.   19.   19.   19.   19.   19.   19.
   19.   19. 
 19. 19. 19. 19. 19. 19. 19. 19. 19. 19. 19. 19. 19. 19. 19. 19. 19. 19.
 19. 19. 19. 19. 19. 19. 19. 19. 
   19.   19.   19.   19.   19.   19.   19.   19.   19.   19.   19.   19.
 2871.   19.   19.   19.   19.   19.   19.   19.   19.   19.   19.   19.
   19.   19. 
 19. 19. 19. 19. 19. 19. 19. 19. 19. 19. 19. 19. 19. 19. 19. 19. 19. 19.
 19. 19. 19. 19. 19. 19. 19. 19. 
   19.   19.   19.   19.   19.   19.   19.   19.   19.   19.   19.   19.
   19.   19.   19.   19.   19.   19.   19.   19.   19.   19.   19.   19.
 2871.   19. 
 19. 19. 19. 19. 19. 19. 19. 19. 19. 19. 19. 19. 19. 19. 19. 19. 19. 19.
 19. 19. 19. 19. 19. 19. 19. 19. 
 19. 19. 19. 19. 19. 19. 19. 19. 19. 19. 19. 19. 19. 19. 19. 19. 19. 19.
 19. 19. 19. 19. 19. 19. 19. 19. 
   19.   19.   19.   19.   19.   19.   19.   19.   19.   19. 2871.   19.
   19.   19.   19.   19.   19.   19.   19.   19.   19.   19.   19.   19.
   19.   19. 
 19. 19. 19. 19. 19. 19. 19. 19. 19. 19. 19. 19. 19. 19. 19. 19. 19. 19.
 19. 19. 19. 19. 19. 19. 19. 19. 
   19.   19.   19.   19.   19.   19.   19.   19.   19.   19.   19.   19.
   19.   19.   19.   19.   19.   19.   19.   19.   19.   19. 2871.   19.
   19.   19. 
 19. 19. 19. 19. 19. 19. 19. 19. 19. 19. 19. 19. 19. 19. 19. 19. 19. 19.
 19. 19. 19. 19. 19. 19. 19. 19. 
 19. 19. 19. 19. 19. 19. 19. 19. 19. 19. 19. 19. 19. 19. 19. 19. 19. 19.
 19. 19. 19. 19. 19. 19. 19. 19. 
   19.   19.   19.   19.   19.   19.   19.   19. 2871.   19.   19.   19.
   19.   19.   19.   19.   19.   19.   19.   19.   19.   19.   19.   19.
   19.   19. 
 19. 19. 19. 19. 19. 19. 19. 19. 19. 19. 19. 19. 19. 19. 19. 19. 19. 19.
 19. 19. 19. 19. 19. 19. 19. 19. 
 19. 19. 19. 19. 19. 19. 19. 19. 19. 19. 19. 19. 19. 19. 19. 19. 19. 19.
 19. 19. 19. 19. 19. 19. 19. 19. 
 19. 19. 19. 19. 19. 19. 19. 19. 19. 19. 19. 19. 19. 19. 19. 19. 19. 19.
 19. 19. 19. 19. 19. 19. 19. 19. 
 19. 19. 19. 19. 19. 19. 19. 19. 19. 19. 19. 19. 19. 19. 19. 19. 19. 19.
 19. 19. 19. 19. 19. 19. 19. 19. 
 19. 19. 19. 19. 19. 19. 19. 19. 19. 19. 19. 19. 19. 19. 19. 19. 19. 19.
 19. 19. 19. 19. 19. 19. 19. 19. 
 19. 19. 19. 19. 19. 19. 19. 19. 19. 19. 19. 19. 19. 19. 19. 19. 19. 19.
 19. 19. 19. 19. 19. 19. 19. 19. 
 19. 19. 19. 19. 19. 19. 19. 19. 19. 19. 19. 19. 19. 19. 19. 19. 19. 19.
 19. 19. 19. 19. 19. 19. 19. 19. 
 19. 19. 19. 19. 19. 19. 19. 19. 19. 19. 19. 19. 19. 19. 19. 19. 19. 19.
 19. 19. 19. 19. 19. 19. 19. 19. 
 19. 19. 19. 19. 19. 19. 19. 19. 19. 19. 19. 19. 19. 19. 19. 19. 19. 19.
 19. 19. 19. 19. 19. 19. 19. 19. 
 19. 19. 19. 19. 19. 19. 19. 19. 19. 19. 19. 19. 19. 19. 19. 19. 19. 19.
 19. 19. 19. 19. 19. 19. 19. 19. 
 19. 19. 19. 19. 19. 19. 19. 19. 19. 19. 19. 19. 19. 19. 19. 19. 19. 19.
 19. 19. 19. 19. 19. 19. 19. 19. 
 19. 19. 19. 19. 19. 19. 19. 19. 19. 19. 19. 19. 19. 19. 19. 19. 19. 19.
 19. 19. 19. 19. 19. 19. 19. 19. 
 19. 19. 19. 19. 19. 19. 19. 19. 19. 19. 19. 19. 19. 19. 19. 19. 19. 19.
 19. 19. 19. 19. 19. 19. 19. 19. 
 19. 19. 19. 19. 19. 19. 19. 19. 19. 19. 19. 19. 19. 19. 19. 19. 19. 19.
 19. 19. 19. 19. 19. 19. 19. 19. 
 19. 19. 19. 19. 19. 19. 19. 19. 19. 19. 19. 19. 19. 19. 19. 19. 19. 19.
 19. 19. 19. 19. 19. 19. 19. 19. 
 19. 19. 19. 19. 19. 19. 19. 19. 19. 19. 19. 19. 19. 19. 19. 19. 19. 19.
 19. 19. 19. 19. 19. 19. 19. 19. 
 19. 19. 19. 19. 19. 19. 19. 19. 19. 19. 19. 19. 19. 19. 19. 19. 19. 19.
 19. 19. 19. 19. 19. 19. 19. 19. 
 19. 19. 19. 19. 19. 19. 19. 19. 19. 19. 19. 19. 19. 19. 19. 19. 19. 19.
 19. 19. 19. 19. 19. 19. 19. 19. 
 19. 19. 19. 19. 19. 19. 19. 19. 19. 19. 19. 19. 19. 19. 19. 19. 19. 19.
 19. 19. 19. 19. 19. 19. 19. 19. 
 19. 19. 19. 19. 19. 19. 19. 19. 19. 19. 19. 19. 19. 19. 19. 19. 19. 19.
 19. 19. 19. 19. 19. 19. 19. 19. 
 19. 19. 19. 19. 19. 19. 19. 19. 19. 19. 19. 19. 19. 19. 19. 19. 19. 19.
 19. 19. 19. 19. 19. 19. 19. 19. 
 19. 19. 19. 19. 19. 19. 19. 19. 19. 19. 19. 19. 19. 19. 19. 19. 19. 19.
 19. 19. 19. 19. 19. 19. 19. 19. 
 19. 19. 19. 19. 19. 19. 19. 19. 19. 19. 19. 19. 19. 19. 19. 19. 19. 19.
 19. 19. 19. 19. 19. 19. 19. 19. 
 19. 19. 19. 19. 19. 19. 19. 19. 19. 19. 19. 19. 19. 19. 19. 19. 19. 19.
 19. 19. 19. 19. 19. 19. 19. 19. 
 19. 19. 19. 19. 19. 19. 19. 19. 19. 19. 19. 19. 19. 19. 19. 19. 19. 19.
 19. 19. 19. 19. 19. 19. 19. 19. 
 19. 19. 19. 19. 19. 19. 19. 19. 19. 19. 19. 19. 19. 19. 19. 19. 19. 19.
 19. 19. 19. 19. 19. 19. 19. 19. 
 19. 19. 19. 19. 19. 19. 19. 19. 19. 19. 19. 19. 19. 19. 19. 19. 19. 19.
 19. 19. 19. 19. 19. 19. 19. 19. 
 19. 19. 19. 19. 19. 19. 19. 19. 19. 19. 19. 19. 19. 19. 19. 19. 19. 19.
 19. 19. 19. 19. 19. 19. 19. 19. 
 19. 19. 19. 19. 19. 19. 19. 19. 19. 19. 19. 19. 19. 19. 19. 19. 19. 19.
 19. 19. 19. 19. 19. 19. 19. 19. 
 19. 19. 19. 19. 19. 19. 19. 19. 19. 19. 19. 19. 19. 19. 19. 19. 19. 19.
 19. 19. 19. 19. 19. 19. 19. 19. 
 19. 19. 19. 19. 19. 19. 19. 19. 19. 19. 19. 19. 19. 19. 19. 19. 19. 19.
 19. 19. 19. 19. 19. 19. 19. 19. 
 19. 19. 19. 19. 19. 19. 19. 19. 19. 19. 19. 19. 19. 19. 19. 19. 19. 19.
 19. 19. 19. 19. 19. 19. 19. 19. 
 19. 19. 19. 19. 19. 19. 19. 19. 19. 19. 19. 19. 19. 19. 19. 19. 19. 19.
 19. 19. 19. 19. 19. 19. 19. 19. 
 19. 19. 19. 19. 19. 19. 19. 19. 19. 19. 19. 19. 19. 19. 19. 19. 19. 19.
 19. 19. 19. 19. 19. 19. 19. 19. 
 19. 19. 19. 19. 19. 19. 19. 19. 19. 19. 19. 19. 19. 19. 19. 19. 19. 19.
 19. 19. 19. 19. 19. 19. 19. 19. 
 19. 19. 19. 19. 19. 19. 19. 19. 19. 19. 19. 19. 19. 19. 19. 19. 19. 19.
 19. 19. 19. 19. 19. 19. 19. 19. 
   19.   19.   19.   19.   19. 2871.   19.   19.   19.   19.   19.   19.
   19.   19.   19.   19.   19.   19.   19.   19.   19.   19.   19.   19.
   19.   19. 
 19. 19. 19. 19. 19. 19. 19. 19. 19. 19. 19. 19. 19. 19. 19. 19. 19. 19.
 19. 19. 19. 19. 19. 19. 19. 19. 
   19.   19.   19.   19.   19.   19.   19.   19.   19.   19.   19.   19.
   19.   19.   19.   19. 2871. 2871.   19.   19.   19.   19.   19.   19.
   19.   19. 
 19. 19. 19. 19. 19. 19. 19. 19. 19. 19. 19. 19. 19. 19. 19. 19. 19. 19.
 19. 19. 19. 19. 19. 19. 19. 19. 
 19. 19. 19. 19. 19. 19. 19. 19. 19. 19. 19. 19. 19. 19. 19. 19. 19. 19.
 19. 19. 19. 19. 19. 19. 19. 19. 
   19. 2871. 2871. 3738.   19.   19.   19.   19.   19.   19.   19.   19.
   19.   19.   19.   19.   19.   19.   19.   19.   19.   19.   19.   19.
   19.   19. 
 19. 19. 19. 19. 19. 19. 19. 19. 19. 19. 19. 19. 19. 19. 19. 19. 19. 19.
 19. 19. 19. 19. 19. 19. 19. 19. 
   19.   19.   19.   19.   19.   19.   19.   19.   19.   19.   19.   19.
   19. 2871. 3738. 3738.   19.   19.   19.   19.   19.   19.   19.   19.
   19.   19. 
 19. 19. 19. 19. 19. 19. 19. 19. 19. 19. 19. 19. 19. 19. 19. 19. 19. 19.
 19. 19. 19. 19. 19. 19. 19. 19. 
   19.   19.   19.   19.   19.   19.   19.   19.   19.   19.   19.   19.
   19.   19.   19.   19.   19.   19.   19.   19.   19.   19.   19.   19.
   19. 2871. 
 3738. 3738.   19.   19.   19.   19.   19.   19.   19.   19.   19.   19.
   19.   19.   19.   19.   19.   19.   19.   19.   19.   19.   19.   19.
   19.   19. 
 19. 19. 19. 19. 19. 19. 19. 19. 19. 19. 19. 19. 19. 19. 19. 19. 19. 19.
 19. 19. 19. 19. 19. 19. 19. 19. 
   19.   19.   19.   19.   19.   19.   19.   19.   19.   19.   19. 2871.
 2871. 3738.   19.   19.   19.   19.   19.   19.   19.   19.   19.   19.
   19.   19. 
 19. 19. 19. 19. 19. 19. 19. 19. 19. 19. 19. 19. 19. 19. 19. 19. 19. 19.
 19. 19. 19. 19. 19. 19. 19. 19. 
   19.   19.   19.   19.   19.   19.   19.   19.   19.   19.   19.   19.
   19.   19.   19.   19.   19.   19.   19.   19.   19.   19.   19. 2871.
 2871. 3738. 
 19. 19. 19. 19. 19. 19. 19. 19. 19. 19. 19. 19. 19. 19. 19. 19. 19. 19.
 19. 19. 19. 19. 19. 19. 19. 19. 
 19. 19. 19. 19. 19. 19. 19. 19. 19. 19. 19. 19. 19. 19. 19. 19. 19. 19.
 19. 19. 19. 19. 19. 19. 19. 19. 
   19.   19.   19.   19.   19. 2871. 2871. 2871. 2871.   19. 2871. 2871.
   19.   19.   19.   19.   19.   19.   19.   19.   19.   19.   19.   19.
   19.   19. 
 19. 19. 19. 19. 19. 19. 19. 19. 19. 19. 19. 19. 19. 19. 19. 19. 19. 19.
 19. 19. 19. 19. 19. 19. 19. 19. 
   19.   19.   19.   19.   19.   19.   19.   19.   19.   19.   19.   19.
   19.   19.   19. 2871. 2871. 2871. 3738. 2871. 2871. 2871. 2871. 2871.
   19.   19. 
 19. 19. 19. 19. 19. 19. 19. 19. 19. 19. 19. 19. 19. 19. 19. 19. 19. 19.
 19. 19. 19. 19. 19. 19. 19. 19. 
 19. 19. 19. 19. 19. 19. 19. 19. 19. 19. 19. 19. 19. 19. 19. 19. 19. 19.
 19. 19. 19. 19. 19. 19. 19. 19. 
   19. 2871. 2871. 3738. 3738. 3738. 3738. 2871. 2871. 2871.   19.   19.
   19.   19.   19.   19.   19.   19.   19.   19.   19.   19.   19.   19.
   19.   19. 
 19. 19. 19. 19. 19. 19. 19. 19. 19. 19. 19. 19. 19. 19. 19. 19. 19. 19.
 19. 19. 19. 19. 19. 19. 19. 19. 
   19.   19.   19.   19.   19.   19.   19.   19.   19.   19.   19.   19.
 2871. 2871. 3738. 3738. 3738. 3738. 3738. 3738. 3738. 2871.   19.   19.
   19.   19. 
 19. 19. 19. 19. 19. 19. 19. 19. 19. 19. 19. 19. 19. 19. 19. 19. 19. 19.
 19. 19. 19. 19. 19. 19. 19. 19. 
   19.   19.   19.   19.   19.   19.   19.   19.   19.   19.   19.   19.
   19.   19.   19.   19.   19.   19.   19.   19.   19.   19.   19.   19.
 2871. 2871. 
 3738. 3738. 2871. 2871. 3738. 3738. 3738. 3738.   19.   19.   19.   19.
   19.   19.   19.   19.   19.   19.   19.   19.   19.   19.   19.   19.
   19.   19. 
 19. 19. 19. 19. 19. 19. 19. 19. 19. 19. 19. 19. 19. 19. 19. 19. 19. 19.
 19. 19. 19. 19. 19. 19. 19. 19. 
   19.   19.   19.   19.   19.   19.   19.   19.   19.   19. 2871. 2871.
 3738. 3738. 2871. 2871. 2871. 2871. 2871. 2871.   19.   19.   19.   19.
   19.   19. 
 19. 19. 19. 19. 19. 19. 19. 19. 19. 19. 19. 19. 19. 19. 19. 19. 19. 19.
 19. 19. 19. 19. 19. 19. 19. 19. 
   19.   19.   19.   19.   19.   19.   19.   19.   19.   19.   19.   19.
   19.   19.   19. 2871. 2871.   19.   19.   19.   19.   19. 2871. 2871.
 3738. 3738. 
 2871. 2871. 2871. 3738. 3738. 3738.   19.   19.   19.   19.   19.   19.
   19.   19.   19.   19.   19.   19.   19.   19.   19.   19.   19.   19.
   19.   19. 
   19.   19.   19.   19.   19.   19.   19.   19.   19.   19.   19.   19.
   19.   19.   19.   19.   19.   19.   19.   19.   19.   19.   19.   19.
   19. 2871. 
 2871. 2871. 2871. 2871. 2871.   19.   19.   19. 2871. 2871. 3738. 3738.
 2871. 2871. 3738. 3738. 3738. 3738.   19.   19.   19.   19.   19.   19.
   19.   19. 
 19. 19. 19. 19. 19. 19. 19. 19. 19. 19. 19. 19. 19. 19. 19. 19. 19. 19.
 19. 19. 19. 19. 19. 19. 19. 19. 
   19.   19.   19.   19.   19.   19.   19.   19.   19.   19.   19. 2871.
 3738. 3738. 3738. 3738. 2871. 2871. 2871.   19. 2871. 2871. 3738. 3738.
 2871. 3738. 
 3738. 3738. 3738. 3738.   19.   19.   19.   19.   19.   19.   19.   19.
   19.   19.   19.   19.   19.   19.   19.   19.   19.   19.   19.   19.
   19.   19. 
   19.   19.   19.   19.   19.   19.   19.   19.   19.   19.   19.   19.
   19.   19.   19.   19.   19.   19.   19.   19.   19.   19. 2871. 2871.
 3738. 3738. 
 3738. 3738. 3738. 3738. 2871. 2871. 2871. 3738. 3738. 3738. 2871. 3738.
 3738. 3738. 2871. 2871.   19.   19.   19.   19.   19.   19.   19.   19.
   19.   19. 
 19. 19. 19. 19. 19. 19. 19. 19. 19. 19. 19. 19. 19. 19. 19. 19. 19. 19.
 19. 19. 19. 19. 19. 19. 19. 19. 
   19.   19.   19.   19.   19.   19.   19.   19. 2871. 3738. 3738. 3738.
 3738. 3738. 3738. 3738. 3738. 2871. 2871. 3738. 3738. 3738. 2871. 3738.
 3738. 3738. 
 2871. 2871.   19.   19.   19.   19.   19.   19.   19.   19.   19.   19.
   19.   19.   19.   19.   19.   19.   19.   19.   19.   19.   19.   19.
   19.   19. 
   19.   19.   19.   19.   19.   19.   19.   19.   19.   19.   19.   19.
   19.   19.   19.   19.   19.   19.   19. 2871. 2871. 3738. 3738. 2871.
 2871. 2871. 
 3738. 3738. 3738. 3738. 2871. 3738. 3738. 3738. 2871. 2871. 3738. 3738.
 2871. 2871. 
/