PERMI
   38.   38.   38.   38.   38.   38.   38.   38.   38.   38.   38.   38.
   38.   38.   38.   38.   38.   38. 2259. 2259.   38. 2259. 3690. 3690.
 2259. 2259. 
 3690. 3690. 3690. 2259. 2259. 2259. 2259. 3690. 2259. 2259. 2259. 3690.
 3690. 3690. 3690. 3690. 3690. 2259.   38.   38.   38.   38.   38.   38.
   38.   38. 
 38. 38. 38. 38. 38. 38. 38. 38. 38. 38. 38. 38. 38. 38. 38. 38. 38. 38.
 38. 38. 38. 38. 38. 38. 38. 38. 
   38.   38.   38.   38.   38.   38. 2259. 2259. 3690. 3690. 2259. 2259.
 3690. 3690. 3690. 3690. 3690. 2259. 2259. 2259. 2259. 2259. 2259. 2259.
 2259. 2259. 
 2259. 3690. 3690. 3690. 2259.   38.   38.   38.   38.   38.   38.   38.
   38.   38.   38.   38.   38.   38.   38.   38.   38.   38.   38.   38.
   38.   38. 
   38.   38.   38.   38.   38.   38.   38.   38.   38.   38.   38.   38.
   38.   38.   38.   38.   38.   38. 2259. 3690. 3690. 3690. 2259. 2259.
 3690. 3690. 
 3690. 3690. 3690. 3690. 3690. 3690. 3690. 2259. 2259. 3690. 3690. 3690.
 2259. 3690. 3690. 3690. 2259.   38.   38.   38.   38.   38.   38.   38.
   38.   38. 
 38. 38. 38. 38. 38. 38. 38. 38. 38. 38. 38. 38. 38. 38. 38. 38. 38. 38.
 38. 38. 38. 38. 38. 38. 38. 38. 
   38.   38.   38.   38. 2259. 3690. 3690. 3690. 2259. 2259. 2259. 3690.
 3690. 3690. 3690. 3690. 3690. 3690. 3690. 3690. 2259. 3690. 3690. 3690.
 2259. 2259. 
 3690. 3690. 2259. 2259.   38.   38.   38.   38.   38.   38.   38.   38.
   38.   38.   38.   38.   38.   38.   38.   38.   38.   38.   38.   38.
   38.   38. 
   38.   38.   38.   38.   38.   38.   38.   38.   38.   38.   38.   38.
   38.   38.   38.   38. 2259. 2259. 3690. 3690. 3690. 3690. 2259. 2259.
 2259. 2259. 
 2259. 3690. 3690. 3690. 3690. 3690. 2259. 2259. 3690. 3690. 2259. 2259.
 3690. 3690. 2259. 2259. 2259. 2259.   38.   38.   38.   38.   38.   38.
   38.   38. 
 38. 38. 38. 38. 38. 38. 38. 38. 38. 38. 38. 38. 38. 38. 38. 38. 38. 38.
 38. 38. 38. 38. 38. 38. 38. 38. 
   38.   38.   38. 2259. 2259. 3690. 3690. 3690. 3690. 3690. 3690. 2259.
 2259. 2259. 2259. 3690. 3690. 3690. 2259. 2259. 3690. 3690. 2259. 2259.
 3690. 3690. 
 2259. 3690. 3690. 2259. 2259.   38.   38.   38.   38.   38.   38.   38.
   38.   38.   38.   38.   38.   38.   38.   38.   38.   38.   38.   38.
   38.   38. 
   38.   38.   38.   38.   38.   38.   38.   38.   38.   38.   38.   38.
   38.   38.   38.   38. 2259. 2259. 2259. 2259. 2259. 2259. 2259. 3690.
 2259. 2259. 
 3690. 3690. 3690. 3690. 2259. 2259. 3690. 3690. 3690. 2259. 3690. 3690.
 2259. 3690. 3690. 3690. 2259. 2259.   38.   38.   38.   38.   38.   38.
   38.   38. 
 38. 38. 38. 38. 38. 38. 38. 38. 38. 38. 38. 38. 38. 38. 38. 38. 38. 38.
 38. 38. 38. 38. 38. 38. 38. 38. 
   38.   38.   38.   38.   38.   38.   38. 2259. 3690. 3690. 2259. 2259.
 3690. 3690. 3690. 2259. 2259. 2259. 3690. 3690. 3690. 2259. 3690. 3690.
 3690. 3690. 
 2259. 2259. 2259. 2259.   38.   38.   38.   38.   38.   38.   38.   38.
   38.   38.   38.   38.   38.   38.   38.   38.   38.   38.   38.   38.
   38.   38. 
   38.   38.   38.   38.   38.   38.   38.   38.   38.   38.   38.   38.
   38.   38.   38.   38.   38.   38.   38. 2259. 3690. 3690. 2259. 2259.
 3690. 3690. 
 3690. 2259. 2259. 2259. 2259. 3690. 3690. 3690. 2259. 3690. 3690. 3690.
 3690. 3690. 3690. 2259. 2259.   38.   38.   38.   38.   38.   38.   38.
   38.   38. 
 38. 38. 38. 38. 38. 38. 38. 38. 38. 38. 38. 38. 38. 38. 38. 38. 38. 38.
 38. 38. 38. 38. 38. 38. 38. 38. 
   38.   38.   38.   38.   38. 2259. 3690. 3690. 2259. 2259. 3690. 3690.
 3690. 2259. 2259. 2259. 2259. 2259. 2259. 2259. 2259. 2259. 3690. 3690.
 3690. 3690. 
 3690. 3690. 2259.   38.   38.   38.   38.   38.   38.   38.   38.   38.
   38.   38.   38.   38.   38.   38.   38.   38.   38.   38.   38.   38.
   38.   38. 
   38.   38.   38.   38.   38.   38.   38.   38.   38.   38.   38.   38.
   38.   38.   38.   38. 2259. 2259. 3690. 3690. 2259. 2259. 3690. 3690.
 3690. 2259. 
 3690. 3690. 2259. 2259. 2259. 2259.   38. 2259. 2259. 2259. 2259. 3690.
 3690. 3690. 3690. 2259.   38.   38.   38.   38.   38.   38.   38.   38.
   38.   38. 
 38. 38. 38. 38. 38. 38. 38. 38. 38. 38. 38. 38. 38. 38. 38. 38. 38. 38.
 38. 38. 38. 38. 38. 38. 38. 38. 
   38.   38. 2259. 2259. 3690. 3690. 2259. 2259. 3690. 3690. 3690. 2259.
 2259. 3690. 3690. 2259.   38.   38.   38. 2259. 2259. 3690. 3690. 2259.
 2259. 3690. 
 3690. 2259.   38.   38.   38.   38.   38.   38.   38.   38.   38.   38.
   38.   38.   38.   38.   38.   38.   38.   38.   38.   38.   38.   38.
   38.   38. 
   38.   38.   38.   38.   38.   38.   38.   38.   38.   38.   38.   38.
   38.   38. 2259. 2259. 3690. 3690. 2259. 2259. 3690. 3690. 3690. 3690.
 2259. 2259. 
 2259. 2259. 2259.   38.   38. 2259. 2259. 3690. 3690. 2259. 2259. 3690.
 3690. 3690.   38.   38.   38.   38.   38.   38.   38.   38.   38.   38.
   38.   38. 
 38. 38. 38. 38. 38. 38. 38. 38. 38. 38. 38. 38. 38. 38. 38. 38. 38. 38.
 38. 38. 38. 38. 38. 38. 38. 38. 
   38. 2259. 2259. 3690. 3690. 2259. 3690. 3690. 3690. 3690. 3690. 3690.
 3690. 2259. 2259.   38.   38. 2259. 2259. 3690. 3690. 2259. 3690. 3690.
 3690. 2259. 
 2259. 2259.   38.   38.   38.   38.   38.   38.   38.   38.   38.   38.
   38.   38.   38.   38.   38.   38.   38.   38.   38.   38.   38.   38.
   38.   38. 
   38.   38.   38.   38.   38.   38.   38.   38.   38.   38.   38.   38.
   38.   38. 2259. 2259. 2259. 2259. 2259. 2259. 3690. 3690. 3690. 3690.
 3690. 3690. 
 3690. 2259.   38. 2259. 2259. 3690. 2259. 2259. 3690. 3690. 2259. 2259.
 2259. 2259. 2259. 2259.   38.   38.   38.   38.   38.   38.   38.   38.
   38.   38. 
 38. 38. 38. 38. 38. 38. 38. 38. 38. 38. 38. 38. 38. 38. 38. 38. 38. 38.
 38. 38. 38. 38. 38. 38. 38. 38. 
   38.   38.   38.   38.   38. 2259. 2259. 2259. 2259. 3690. 3690. 3690.
 3690. 2259.   38. 2259. 2259. 3690. 2259. 3690. 3690. 3690. 2259. 3690.
 3690. 3690. 
 2259. 2259.   38.   38.   38.   38.   38.   38.   38.   38.   38.   38.
   38.   38.   38.   38.   38.   38.   38.   38.   38.   38.   38.   38.
   38.   38. 
   38.   38.   38.   38.   38.   38.   38.   38.   38.   38.   38.   38.
   38.   38.   38.   38.   38.   38.   38. 2259. 2259. 3690. 3690. 3690.
 3690. 2259. 
   38.   38. 2259. 2259. 3690. 3690. 3690. 2259. 3690. 3690. 3690. 3690.
 3690. 2259.   38.   38.   38.   38.   38.   38.   38.   38.   38.   38.
   38.   38. 
 38. 38. 38. 38. 38. 38. 38. 38. 38. 38. 38. 38. 38. 38. 38. 38. 38. 38.
 38. 38. 38. 38. 38. 38. 38. 38. 
   38.   38.   38.   38.   38. 2259. 3690. 3690. 3690. 3690. 2259. 2259.
   38.   38.   38. 2259. 3690. 3690. 3690. 2259. 2259. 2259. 2259. 3690.
 3690. 2259. 
 2259.   38.   38.   38.   38.   38.   38.   38.   38.   38.   38.   38.
   38.   38.   38.   38.   38.   38.   38.   38.   38.   38.   38.   38.
   38.   38. 
   38.   38.   38.   38.   38.   38.   38.   38.   38.   38.   38.   38.
   38.   38.   38.   38. 2259. 2259. 3690. 3690. 3690. 2259. 2259. 2259.
 2259. 2259. 
 2259. 2259. 3690. 3690. 3690. 3690. 3690. 3690. 2259. 2259. 2259. 3690.
 2259.   38.   38.   38.   38.   38.   38.   38.   38.   38.   38.   38.
   38.   38. 
 38. 38. 38. 38. 38. 38. 38. 38. 38. 38. 38. 38. 38. 38. 38. 38. 38. 38.
 38. 38. 38. 38. 38. 38. 38. 38. 
   38.   38. 2259. 3690. 3690. 3690. 2259. 2259. 3690. 3690. 3690. 3690.
 3690. 2259. 2259. 2259. 3690. 3690. 3690. 3690. 3690. 3690. 3690. 2259.
 2259.   38. 
 38. 38. 38. 38. 38. 38. 38. 38. 38. 38. 38. 38. 38. 38. 38. 38. 38. 38.
 38. 38. 38. 38. 38. 38. 38. 38. 
   38.   38.   38.   38.   38.   38.   38.   38.   38.   38.   38.   38.
   38.   38. 2259. 3690. 3690. 3690. 3690. 3690. 3690. 3690. 3690. 3690.
 3690. 2259. 
 2259.   38. 2259. 3690. 3690. 3690. 3690. 3690. 3690. 3690. 2259.   38.
 2259. 2259. 2259. 2259. 2259. 2259.   38.   38.   38.   38.   38.   38.
   38.   38. 
 38. 38. 38. 38. 38. 38. 38. 38. 38. 38. 38. 38. 38. 38. 38. 38. 38. 38.
 38. 38. 38. 38. 38. 38. 38. 38. 
 2259. 2259. 3690. 3690. 3690. 3690. 3690. 3690. 3690. 3690. 3690. 3690.
 2259.   38.   38. 2259. 2259. 2259. 3690. 3690. 3690. 3690. 2259. 2259.
 2259. 3690. 
 3690. 3690. 2259. 2259.   38.   38.   38.   38.   38.   38.   38.   38.
   38.   38.   38.   38.   38.   38.   38.   38.   38.   38.   38.   38.
   38.   38. 
   38.   38.   38.   38.   38.   38.   38.   38.   38.   38.   38.   38.
   38. 2259. 2259. 3690. 3690. 3690. 3690. 2259. 2259. 3690. 3690. 3690.
 2259.   38. 
   38.   38.   38.   38. 2259. 2259. 3690. 3690. 2259. 3690. 3690. 3690.
 3690. 3690. 3690. 2259.   38.   38.   38.   38.   38.   38.   38.   38.
   38.   38. 
 38. 38. 38. 38. 38. 38. 38. 38. 38. 38. 38. 38. 38. 38. 38. 38. 38. 38.
 38. 38. 38. 38. 38. 38. 38. 38. 
 2259. 2259. 2259. 2259. 2259. 2259. 3690. 3690. 3690. 2259. 2259.   38.
   38.   38.   38.   38. 2259. 3690. 3690. 3690. 2259. 3690. 3690. 3690.
 3690. 3690. 
 3690. 2259.   38.   38.   38.   38.   38.   38.   38.   38.   38.   38.
   38.   38.   38.   38.   38.   38.   38.   38.   38.   38.   38.   38.
   38.   38. 
   38.   38.   38.   38.   38.   38.   38.   38.   38.   38.   38.   38.
   38.   38.   38. 2259. 2259. 2259. 3690. 3690. 3690. 2259.   38.   38.
   38.   38. 
   38.   38. 2259. 3690. 3690. 3690. 2259. 3690. 2259. 2259. 2259. 3690.
 3690. 3690.   38.   38.   38.   38.   38.   38.   38.   38.   38.   38.
   38.   38. 
 38. 38. 38. 38. 38. 38. 38. 38. 38. 38. 38. 38. 38. 38. 38. 38. 38. 38.
 38. 38. 38. 38. 38. 38. 38. 38. 
 2259. 2259. 2259. 3690. 3690. 3690. 2259. 2259.   38. 2259. 2259.   38.
   38.   38. 2259. 3690. 3690. 3690. 2259. 2259. 2259. 2259. 2259. 3690.
 3690. 2259. 
 38. 38. 38. 38. 38. 38. 38. 38. 38. 38. 38. 38. 38. 38. 38. 38. 38. 38.
 38. 38. 38. 38. 38. 38. 38. 38. 
   38.   38.   38.   38.   38.   38.   38.   38.   38.   38.   38.   38.
 2259. 2259. 2259. 3690. 3690. 3690. 2259. 2259. 2259. 2259. 2259. 2259.
   38. 2259. 
 2259. 3690. 3690. 2259. 2259. 2259. 2259. 2259. 2259. 3690. 3690. 2259.
   38.   38.   38.   38.   38.   38.   38.   38.   38.   38.   38.   38.
   38.   38. 
   38.   38.   38.   38.   38.   38.   38.   38.   38.   38.   38.   38.
   38.   38.   38.   38.   38.   38.   38.   38.   38.   38.   38.   38.
 2259. 3690. 
 2259. 3690. 3690. 3690. 3690. 3690. 3690. 3690. 3690. 3690. 2259.   38.
 2259. 3690. 3690. 3690. 3690. 3690. 3690. 3690. 3690. 2259. 3690. 2259.
   38.   38. 
 38. 38. 38. 38. 38. 38. 38. 38. 38. 38. 38. 38. 38. 38. 38. 38. 38. 38.
 38. 38. 38. 38. 38. 38. 38. 38. 
   38.   38.   38.   38.   38.   38.   38.   38.   38.   38. 2259. 2259.
 2259. 3690. 3690. 3690. 3690. 3690. 3690. 3690. 3690. 3690. 2259.   38.
 2259. 3690. 
 3690. 3690. 3690. 3690. 3690. 3690. 3690. 3690. 2259. 2259.   38.   38.
   38.   38.   38.   38.   38.   38.   38.   38.   38.   38.   38.   38.
   38.   38. 
   38.   38.   38.   38.   38.   38.   38.   38.   38.   38.   38.   38.
   38.   38.   38.   38.   38.   38.   38.   38.   38.   38.   38. 2259.
 2259. 2259. 
 3690. 3690. 3690. 3690. 3690. 2259. 3690. 3690. 2259.   38.   38. 2259.
 3690. 3690. 3690. 3690. 3690. 3690. 3690. 3690. 2259. 3690.   38.   38.
   38.   38. 
 38. 38. 38. 38. 38. 38. 38. 38. 38. 38. 38. 38. 38. 38. 38. 38. 38. 38.
 38. 38. 38. 38. 38. 38. 38. 38. 
   38.   38.   38.   38.   38.   38.   38.   38.   38.   38. 2259. 2259.
 2259. 2259. 2259. 2259. 2259. 3690. 3690. 3690. 2259.   38.   38.   38.
 2259. 2259. 
 2259. 2259. 2259. 3690. 3690. 3690. 2259. 3690.   38.   38.   38.   38.
   38.   38.   38.   38.   38.   38.   38.   38.   38.   38.   38.   38.
   38.   38. 
   38.   38.   38.   38.   38.   38.   38.   38.   38.   38.   38.   38.
   38.   38.   38.   38.   38.   38.   38.   38.   38.   38.   38. 2259.
 2259. 2259. 
 2259. 2259. 2259. 3690. 3690. 2259.   38.   38.   38.   38.   38.   38.
   38.   38. 2259. 3690. 3690. 2259. 2259. 3690.   38.   38.   38.   38.
   38.   38. 
 38. 38. 38. 38. 38. 38. 38. 38. 38. 38. 38. 38. 38. 38. 38. 38. 38. 38.
 38. 38. 38. 38. 38. 38. 38. 38. 
   38.   38.   38.   38.   38.   38.   38.   38.   38.   38.   38. 2259.
 2259. 2259. 2259. 3690. 3690. 2259. 2259.   38.   38.   38.   38.   38.
   38. 2259. 
 3690. 3690. 3690. 2259. 2259. 2259.   38.   38.   38.   38.   38.   38.
   38.   38.   38.   38.   38.   38.   38.   38.   38.   38.   38.   38.
   38.   38. 
   38.   38.   38.   38.   38.   38.   38.   38.   38.   38.   38.   38.
   38.   38.   38.   38.   38.   38.   38.   38.   38.   38.   38.   38.
   38. 2259. 
 3690. 3690. 3690. 2259. 2259.   38.   38.   38.   38.   38. 2259. 3690.
 3690. 3690. 2259. 2259.   38.   38.   38.   38.   38.   38.   38.   38.
   38.   38. 
 38. 38. 38. 38. 38. 38. 38. 38. 38. 38. 38. 38. 38. 38. 38. 38. 38. 38.
 38. 38. 38. 38. 38. 38. 38. 38. 
   38.   38.   38.   38.   38.   38.   38.   38.   38.   38. 2259. 2259.
 3690. 3690. 2259. 2259.   38.   38.   38.   38.   38.   38. 2259. 3690.
 3690. 3690. 
 2259.   38.   38.   38.   38.   38.   38.   38.   38.   38.   38.   38.
   38.   38.   38.   38.   38.   38.   38.   38.   38.   38.   38.   38.
   38.   38. 
   38.   38.   38.   38.   38.   38.   38.   38.   38.   38.   38.   38.
   38.   38.   38.   38.   38.   38.   38.   38.   38.   38. 2259. 2259.
 3690. 3690. 
 3690. 2259. 2259.   38.   38.   38.   38.   38. 2259. 3690. 3690. 2259.
 2259. 2259. 2259.   38.   38.   38.   38.   38.   38.   38.   38.   38.
   38.   38. 
 38. 38. 38. 38. 38. 38. 38. 38. 38. 38. 38. 38. 38. 38. 38. 38. 38. 38.
 38. 38. 38. 38. 38. 38. 38. 38. 
   38.   38.   38.   38.   38.   38.   38.   38. 2259. 2259. 3690. 3690.
 3690. 3690. 3690. 2259. 2259. 2259.   38.   38. 2259. 3690. 3690. 3690.
 3690. 3690. 
 2259. 2259.   38.   38.   38.   38.   38.   38.   38.   38.   38.   38.
   38.   38.   38.   38.   38.   38.   38.   38.   38.   38.   38.   38.
   38.   38. 
   38.   38.   38.   38.   38.   38.   38.   38.   38.   38.   38.   38.
   38.   38.   38.   38.   38.   38.   38.   38. 2259. 3690. 2259. 3690.
 3690. 3690. 
 3690. 3690. 3690. 2259. 2259.   38. 2259. 2259. 3690. 3690. 3690. 3690.
 3690. 2259.   38.   38.   38.   38.   38.   38.   38.   38.   38.   38.
   38.   38. 
 38. 38. 38. 38. 38. 38. 38. 38. 38. 38. 38. 38. 38. 38. 38. 38. 38. 38.
 38. 38. 38. 38. 38. 38. 38. 38. 
   38.   38.   38.   38.   38.   38. 2259. 2259. 3690. 2259. 2259. 3690.
 3690. 3690. 3690. 3690. 3690. 2259.   38. 2259. 2259. 3690. 3690. 3690.
 3690. 3690. 
 38. 38. 38. 38. 38. 38. 38. 38. 38. 38. 38. 38. 38. 38. 38. 38. 38. 38.
 38. 38. 38. 38. 38. 38. 38. 38. 
   38.   38.   38.   38.   38.   38.   38.   38.   38.   38.   38.   38.
   38.   38.   38.   38.   38.   38.   38. 2259. 2259. 3690. 2259. 2259.
 3690. 3690. 
 3690. 3690. 3690. 2259. 2259.   38.   38. 2259. 2259. 2259. 3690. 3690.
   38.   38.   38.   38.   38.   38.   38.   38.   38.   38.   38.   38.
   38.   38. 
 38. 38. 38. 38. 38. 38. 38. 38. 38. 38. 38. 38. 38. 38. 38. 38. 38. 38.
 38. 38. 38. 38. 38. 38. 38. 38. 
   38.   38.   38.   38.   38.   38. 2259. 2259. 2259. 2259. 2259. 2259.
 2259. 3690. 3690. 2259. 2259.   38.   38.   38. 2259. 3690. 3690. 3690.
   38.   38. 
 38. 38. 38. 38. 38. 38. 38. 38. 38. 38. 38. 38. 38. 38. 38. 38. 38. 38.
 38. 38. 38. 38. 38. 38. 38. 38. 
   38.   38.   38.   38.   38.   38.   38.   38.   38.   38.   38.   38.
   38.   38.   38.   38.   38.   38.   38.   38.   38. 2259. 2259. 2259.
 2259. 3690. 
 3690. 2259. 2259.   38.   38.   38. 2259. 3690. 3690. 3690.   38.   38.
   38.   38.   38.   38.   38.   38.   38.   38.   38.   38.   38.   38.
   38.   38. 
 38. 38. 38. 38. 38. 38. 38. 38. 38. 38. 38. 38. 38. 38. 38. 38. 38. 38.
 38. 38. 38. 38. 38. 38. 38. 38. 
   38.   38.   38.   38.   38.   38.   38. 2259. 2259. 2259. 2259. 3690.
 3690. 2259. 2259.   38.   38. 2259. 2259. 3690. 3690. 2259.   38.   38.
   38.   38. 
 38. 38. 38. 38. 38. 38. 38. 38. 38. 38. 38. 38. 38. 38. 38. 38. 38. 38.
 38. 38. 38. 38. 38. 38. 38. 38. 
   38.   38.   38.   38.   38.   38.   38.   38.   38.   38.   38.   38.
   38.   38.   38.   38.   38.   38.   38. 2259. 3690. 2259. 2259. 3690.
 3690. 3690. 
 2259.   38.   38. 2259. 3690. 3690. 3690. 2259.   38.   38.   38.   38.
   38.   38.   38.   38.   38.   38.   38.   38.   38.   38.   38.   38.
   38.   38. 
 38. 38. 38. 38. 38. 38. 38. 38. 38. 38. 38. 38. 38. 38. 38. 38. 38. 38.
 38. 38. 38. 38. 38. 38. 38. 38. 
   38.   38.   38.   38. 2259. 2259. 3690. 2259. 2259. 3690. 3690. 3690.
 2259. 2259. 2259. 2259. 3690. 3690. 3690. 3690.   38.   38.   38.   38.
   38.   38. 
 38. 38. 38. 38. 38. 38. 38. 38. 38. 38. 38. 38. 38. 38. 38. 38. 38. 38.
 38. 38. 38. 38. 38. 38. 38. 38. 
   38.   38.   38.   38.   38.   38.   38.   38.   38.   38.   38.   38.
   38.   38.   38.   38. 2259. 2259. 3690. 2259. 3690. 3690. 3690. 3690.
 2259. 2259. 
 3690. 2259. 3690. 3690. 3690. 3690.   38.   38.   38.   38.   38.   38.
   38.   38.   38.   38.   38.   38.   38.   38.   38.   38.   38.   38.
   38.   38. 
 38. 38. 38. 38. 38. 38. 38. 38. 38. 38. 38. 38. 38. 38. 38. 38. 38. 38.
 38. 38. 38. 38. 38. 38. 38. 38. 
   38.   38. 2259. 3690. 3690. 2259. 3690. 3690. 3690. 3690. 2259. 2259.
 2259. 2259. 2259. 2259. 3690. 3690.   38.   38.   38.   38.   38.   38.
   38.   38. 
 38. 38. 38. 38. 38. 38. 38. 38. 38. 38. 38. 38. 38. 38. 38. 38. 38. 38.
 38. 38. 38. 38. 38. 38. 38. 38. 
   38.   38.   38.   38.   38.   38.   38.   38.   38.   38.   38.   38.
   38.   38.   38. 2259. 3690. 2259. 2259. 3690. 3690. 3690. 3690. 3690.
 3690. 2259. 
 2259. 2259. 2259. 2259.   38.   38.   38.   38.   38.   38.   38.   38.
   38.   38.   38.   38.   38.   38.   38.   38.   38.   38.   38.   38.
   38.   38. 
 38. 38. 38. 38. 38. 38. 38. 38. 38. 38. 38. 38. 38. 38. 38. 38. 38. 38.
 38. 38. 38. 38. 38. 38. 38. 38. 
   38. 2259. 2259. 2259. 2259. 3690. 3690. 3690. 3690. 3690. 3690. 3690.
 2259. 2259.   38.   38.   38.   38.   38.   38.   38.   38.   38.   38.
   38.   38. 
 38. 38. 38. 38. 38. 38. 38. 38. 38. 38. 38. 38. 38. 38. 38. 38. 38. 38.
 38. 38. 38. 38. 38. 38. 38. 38. 
   38.   38.   38.   38.   38.   38.   38.   38.   38.   38.   38.   38.
   38.   38.   38. 2259. 2259. 2259. 2259. 3690. 3690. 3690. 3690. 3690.
 3690. 2259. 
 2259.   38.   38.   38.   38.   38.   38.   38.   38.   38.   38.   38.
   38.   38.   38.   38.   38.   38.   38.   38.   38.   38.   38.   38.
   38.   38. 
 38. 38. 38. 38. 38. 38. 38. 38. 38. 38. 38. 38. 38. 38. 38. 38. 38. 38.
 38. 38. 38. 38. 38. 38. 38. 38. 
   38.   38.   38. 2259. 2259. 2259. 2259. 2259. 2259. 3690. 3690. 3690.
 2259.   38.   38.   38.   38.   38.   38.   38.   38.   38.   38.   38.
   38.   38. 
 38. 38. 38. 38. 38. 38. 38. 38. 38. 38. 38. 38. 38. 38. 38. 38. 38. 38.
 38. 38. 38. 38. 38. 38. 38. 38. 
   38.   38.   38.   38.   38.   38.   38.   38.   38.   38.   38.   38.
   38.   38.   38. 2259. 3690. 3690. 3690. 2259. 2259. 3690. 3690. 3690.
 2259.   38. 
 38. 38. 38. 38. 38. 38. 38. 38. 38. 38. 38. 38. 38. 38. 38. 38. 38. 38.
 38. 38. 38. 38. 38. 38. 38. 38. 
 38. 38. 38. 38. 38. 38. 38. 38. 38. 38. 38. 38. 38. 38. 38. 38. 38. 38.
 38. 38. 38. 38. 38. 38. 38. 38. 
 2259. 2259. 3690. 3690. 2259. 2259. 3690. 3690. 3690. 3690. 2259.   38.
   38.   38.   38.   38.   38.   38.   38.   38.   38.   38.   38.   38.
   38.   38. 
 38. 38. 38. 38. 38. 38. 38. 38. 38. 38. 38. 38. 38. 38. 38. 38. 38. 38.
 38. 38. 38. 38. 38. 38. 38. 38. 
   38.   38.   38.   38.   38.   38.   38.   38.   38.   38.   38.   38.
 2259. 2259. 3690. 2259. 2259. 3690. 3690. 3690. 3690. 2259. 2259.   38.
   38.   38. 
 38. 38. 38. 38. 38. 38. 38. 38. 38. 38. 38. 38. 38. 38. 38. 38. 38. 38.
 38. 38. 38. 38. 38. 38. 38. 38. 
   38.   38.   38.   38.   38.   38.   38.   38.   38.   38.   38.   38.
   38.   38.   38.   38.   38.   38.   38.   38.   38.   38.   38.   38.
   38. 2259. 
 2259. 2259. 3690. 3690. 3690. 3690. 2259. 2259. 2259.   38.   38.   38.
   38.   38.   38.   38.   38.   38.   38.   38.   38.   38.   38.   38.
   38.   38. 
 38. 38. 38. 38. 38. 38. 38. 38. 38. 38. 38. 38. 38. 38. 38. 38. 38. 38.
 38. 38. 38. 38. 38. 38. 38. 38. 
   38.   38.   38.   38.   38.   38.   38.   38.   38.   38.   38.   38.
 2259. 2259. 3690. 3690. 3690. 2259. 2259. 2259. 2259. 2259.   38.   38.
   38.   38. 
 38. 38. 38. 38. 38. 38. 38. 38. 38. 38. 38. 38. 38. 38. 38. 38. 38. 38.
 38. 38. 38. 38. 38. 38. 38. 38. 
   38.   38.   38.   38.   38.   38.   38.   38.   38.   38.   38.   38.
   38.   38.   38.   38.   38.   38.   38.   38.   38.   38.   38.   38.
 2259. 2259. 
 3690. 3690. 3690. 3690. 3690. 3690. 3690. 3690.   38.   38.   38.   38.
   38.   38.   38.   38.   38.   38.   38.   38.   38.   38.   38.   38.
   38.   38. 
 38. 38. 38. 38. 38. 38. 38. 38. 38. 38. 38. 38. 38. 38. 38. 38. 38. 38.
 38. 38. 38. 38. 38. 38. 38. 38. 
   38.   38.   38.   38.   38.   38.   38.   38.   38.   38. 2259. 2259.
 3690. 3690. 3690. 3690. 3690. 3690. 3690. 3690.   38.   38.   38.   38.
   38.   38. 
 38. 38. 38. 38. 38. 38. 38. 38. 38. 38. 38. 38. 38. 38. 38. 38. 38. 38.
 38. 38. 38. 38. 38. 38. 38. 38. 
   38.   38.   38.   38.   38.   38.   38.   38.   38.   38.   38.   38.
   38.   38.   38.   38.   38.   38.   38.   38.   38.   38.   38. 2259.
 2259. 2259. 
 2259. 2259. 2259. 2259. 3690. 3690.   38.   38.   38.   38.   38.   38.
   38.   38.   38.   38.   38.   38.   38.   38.   38.   38.   38.   38.
   38.   38. 
 38. 38. 38. 38. 38. 38. 38. 38. 38. 38. 38. 38. 38. 38. 38. 38. 38. 38.
 38. 38. 38. 38. 38. 38. 38. 38. 
   38.   38.   38.   38.   38.   38.   38.   38.   38.   38.   38.   38.
   38. 2259. 2259. 2259. 3690. 3690.   38.   38.   38.   38.   38.   38.
   38.   38. 
 38. 38. 38. 38. 38. 38. 38. 38. 38. 38. 38. 38. 38. 38. 38. 38. 38. 38.
 38. 38. 38. 38. 38. 38. 38. 38. 
   38.   38.   38.   38.   38.   38.   38.   38.   38.   38.   38.   38.
   38.   38.   38.   38.   38.   38.   38.   38.   38.   38.   38.   38.
   38. 2259. 
 2259. 2259. 3690. 3690.   38.   38.   38.   38.   38.   38.   38.   38.
   38.   38.   38.   38.   38.   38.   38.   38.   38.   38.   38.   38.
   38.   38. 
 38. 38. 38. 38. 38. 38. 38. 38. 38. 38. 38. 38. 38. 38. 38. 38. 38. 38.
 38. 38. 38. 38. 38. 38. 38. 38. 
   38.   38.   38.   38.   38.   38.   38.   38.   38.   38.   38. 2259.
 2259. 3690. 3690. 3690.   38.   38.   38.   38.   38.   38.   38.   38.
   38.   38. 
 38. 38. 38. 38. 38. 38. 38. 38. 38. 38. 38. 38. 38. 38. 38. 38. 38. 38.
 38. 38. 38. 38. 38. 38. 38. 38. 
   38.   38.   38.   38.   38.   38.   38.   38.   38.   38.   38.   38.
   38.   38.   38.   38.   38.   38.   38.   38.   38.   38.   38. 2259.
 2259. 3690. 
 3690. 3690.   38.   38.   38.   38.   38.   38.   38.   38.   38.   38.
   38.   38.   38.   38.   38.   38.   38.   38.   38.   38.   38.   38.
   38.   38. 
 38. 38. 38. 38. 38. 38. 38. 38. 38. 38. 38. 38. 38. 38. 38. 38. 38. 38.
 38. 38. 38. 38. 38. 38. 38. 38. 
   38.   38.   38.   38.   38.   38.   38.   38.   38. 2259. 2259. 3690.
 3690. 3690. 
/