PERMI
 3196. 3818. 3818. 3196. 3196. 3196. 3818. 3196. 3196. 3818. 3818. 3818.
 3196.   31.   31.   31.   31.   31.   31.   31.   31.   31.   31.   31.
   31.   31. 
   31.   31.   31.   31.   31.   31.   31.   31.   31.   31.   31.   31.
   31.   31.   31.   31.   31.   31. 3196. 3818. 3818. 3818. 3196.   31.
   31.   31. 
 3196. 3196. 3818. 3818. 3196.   31.   31.   31.   31.   31.   31.   31.
 3818. 3818. 3818. 3196. 3196. 3196. 3196. 3818. 3818. 3196. 3818. 3818.
 3818. 3196. 
 31. 31. 31. 31. 31. 31. 31. 31. 31. 31. 31. 31. 31. 31. 31. 31. 31. 31.
 31. 31. 31. 31. 31. 31. 31. 31. 
   31.   31.   31.   31. 3196. 3818. 3818. 3818. 3196.   31.   31.   31.
 3196. 3818. 3818. 3818. 3196.   31.   31.   31.   31.   31.   31.   31.
 3818. 3818. 
 3196. 3196.   31. 3196. 3196. 3818. 3818. 3196. 3818. 3818. 3818. 3196.
   31.   31.   31.   31.   31.   31.   31.   31.   31.   31.   31.   31.
   31.   31. 
   31.   31.   31.   31.   31.   31.   31.   31.   31.   31.   31.   31.
   31.   31.   31.   31. 3196. 3818. 3818. 3196.   31.   31.   31. 3196.
 3196. 3818. 
 3818. 3818. 3196.   31.   31.   31.   31.   31.   31.   31. 3818. 3818.
 3196.   31.   31.   31. 3196. 3818. 3818. 3196. 3818. 3818. 3818. 3196.
   31.   31. 
 31. 31. 31. 31. 31. 31. 31. 31. 31. 31. 31. 31. 31. 31. 31. 31. 31. 31.
 31. 31. 31. 31. 31. 31. 31. 31. 
   31. 3196. 3818. 3818. 3818. 3196.   31.   31.   31. 3196. 3818. 3818.
 3818. 3196.   31.   31.   31.   31.   31.   31.   31.   31. 3818. 3196.
 3196.   31. 
   31.   31. 3196. 3196. 3818. 3196. 3818. 3818. 3818. 3196.   31.   31.
   31.   31.   31.   31.   31.   31.   31.   31.   31.   31.   31.   31.
   31.   31. 
   31.   31.   31.   31.   31.   31.   31.   31.   31.   31.   31.   31.
 3196. 3196. 3818. 3818. 3818. 3196.   31.   31. 3196. 3818. 3818. 3818.
 3196. 3196. 
   31.   31.   31.   31.   31.   31.   31.   31. 3818. 3196.   31.   31.
   31.   31. 3196. 3196. 3818. 3196. 3818. 3818. 3818. 3196.   31.   31.
   31.   31. 
   31.   31.   31.   31.   31.   31.   31.   31.   31.   31.   31.   31.
   31.   31.   31.   31.   31.   31.   31.   31.   31.   31.   31.   31.
 3196. 3818. 
 3818. 3818. 3196.   31.   31.   31. 3196. 3818. 3818. 3818. 3196.   31.
   31.   31.   31.   31.   31.   31.   31.   31. 3818. 3196.   31.   31.
   31.   31. 
 3196. 3196. 3818. 3196. 3818. 3818. 3818. 3196. 3196.   31.   31.   31.
   31.   31.   31.   31.   31.   31.   31.   31.   31.   31.   31.   31.
   31.   31. 
   31.   31.   31.   31.   31.   31.   31.   31.   31. 3196. 3818. 3818.
 3818. 3196. 3196.   31.   31. 3196. 3196. 3818. 3818. 3196.   31.   31.
   31.   31. 
   31.   31.   31.   31.   31.   31. 3818. 3818. 3196.   31.   31.   31.
 3196. 3196. 3196. 3196. 3818. 3818. 3818. 3196. 3196. 3196. 3196. 3196.
 3196.   31. 
   31.   31.   31.   31.   31.   31.   31.   31.   31.   31.   31.   31.
   31.   31.   31.   31.   31.   31.   31.   31.   31. 3196. 3818. 3818.
 3818. 3196. 
   31.   31.   31. 3196. 3818. 3818. 3818. 3196.   31.   31.   31. 3196.
   31.   31.   31.   31.   31.   31. 3818. 3818. 3196. 3196.   31.   31.
   31. 3196. 
 3196. 3196. 3818. 3818. 3818. 3196. 3196. 3196. 3818. 3818. 3196. 3196.
 3196.   31.   31.   31.   31.   31.   31.   31.   31.   31.   31.   31.
   31.   31. 
   31.   31.   31.   31.   31.   31.   31. 3196. 3818. 3818. 3818. 3196.
 3196.   31.   31. 3196. 3818. 3818. 3818. 3196. 3196. 3196. 3196. 3818.
 3196. 3196. 
 3196.   31.   31.   31. 3818. 3818. 3818. 3196. 3196.   31.   31. 3196.
 3196. 3196. 3196. 3818. 3818. 3818. 3818. 3818. 3818. 3818. 3818. 3818.
 3196.   31. 
   31.   31.   31.   31.   31.   31.   31.   31.   31.   31.   31.   31.
   31.   31.   31.   31.   31.   31.   31.   31. 3196. 3818. 3818. 3818.
 3196. 3196. 
 3196. 3196. 3196. 3818. 3818. 3818. 3818. 3818. 3818. 3818. 3818. 3818.
 3196. 3196.   31.   31. 3818. 3818. 3818. 3818. 3196.   31.   31.   31.
 3196. 3196. 
 3196. 3818. 3818. 3818. 3818. 3818. 3818. 3818. 3818. 3818. 3196.   31.
   31.   31.   31.   31.   31.   31.   31.   31.   31.   31.   31.   31.
   31.   31. 
   31.   31.   31.   31.   31.   31.   31. 3196. 3818. 3818. 3818. 3818.
 3818. 3196. 3196. 3196. 3818. 3818. 3818. 3818. 3818. 3818. 3818. 3818.
 3818. 3196. 
   31.   31. 3196. 3818. 3818. 3818. 3818. 3196.   31.   31.   31.   31.
   31. 3196. 3818. 3818. 3818. 3818. 3196. 3196. 3818. 3818. 3196. 3196.
   31.   31. 
   31.   31.   31.   31.   31.   31.   31.   31.   31.   31.   31.   31.
   31.   31.   31.   31.   31.   31.   31. 3196. 3196. 3196. 3818. 3818.
 3818. 3818. 
 3196. 3196. 3196. 3196. 3818. 3818. 3196. 3196. 3818. 3818. 3818. 3818.
 3196.   31. 3196. 3196. 3818. 3818. 3818. 3196.   31.   31.   31.   31.
   31.   31. 
 3196. 3196. 3196. 3196. 3196. 3196. 3818. 3818. 3196. 3196.   31.   31.
   31.   31.   31.   31.   31.   31.   31.   31.   31.   31.   31.   31.
   31.   31. 
   31.   31.   31.   31.   31.   31.   31.   31. 3196. 3196. 3818. 3818.
 3818. 3196.   31. 3196. 3196. 3196.   31.   31. 3196. 3818. 3818. 3196.
 3196.   31. 
   31. 3196. 3818. 3818. 3818. 3196.   31.   31.   31.   31.   31.   31.
 3196. 3196. 3818. 3818. 3196. 3196. 3818. 3818. 3196. 3196.   31.   31.
   31.   31. 
   31.   31.   31.   31.   31.   31.   31.   31.   31.   31.   31.   31.
   31.   31.   31.   31.   31.   31.   31.   31.   31.   31. 3196. 3818.
 3818. 3196. 
   31.   31.   31.   31.   31. 3196. 3196. 3818. 3818. 3196.   31.   31.
   31. 3196. 3818. 3818. 3818. 3196.   31.   31.   31.   31.   31. 3196.
 3196. 3818. 
 3818. 3818. 3196. 3196. 3818. 3818. 3818. 3196.   31.   31.   31.   31.
   31.   31.   31.   31.   31.   31.   31.   31.   31.   31.   31.   31.
   31.   31. 
   31.   31.   31.   31.   31.   31.   31.   31. 3196. 3818. 3818. 3818.
   31.   31.   31.   31. 3196. 3818. 3818. 3818. 3818. 3196.   31.   31.
   31. 3196. 
 3818. 3818. 3818. 3196.   31.   31.   31.   31.   31. 3196. 3196. 3818.
 3818. 3196. 3196. 3196. 3818. 3818. 3818. 3196. 3196. 3196. 3196. 3196.
 3196.   31. 
   31.   31.   31.   31.   31.   31.   31.   31.   31.   31.   31.   31.
   31.   31.   31.   31.   31.   31.   31.   31.   31. 3818. 3818. 3818.
   31.   31. 
   31.   31. 3196. 3818. 3818. 3818. 3196.   31.   31.   31.   31. 3196.
 3818. 3818. 3818. 3196.   31.   31.   31.   31.   31. 3196. 3818. 3818.
 3818. 3196. 
   31. 3196. 3818. 3818. 3818. 3196. 3818. 3818. 3818. 3818. 3196. 3196.
 3196.   31.   31.   31.   31.   31.   31.   31.   31.   31.   31.   31.
   31.   31. 
   31.   31.   31.   31.   31.   31. 3196. 3818. 3818. 3818.   31.   31.
   31. 3196. 3818. 3818. 3818. 3196.   31.   31.   31.   31.   31. 3196.
 3818. 3818. 
 3196. 3196.   31.   31.   31.   31.   31. 3196. 3818. 3818. 3818. 3196.
   31.   31. 3196. 3818. 3818. 3818. 3818. 3818. 3818. 3818. 3818. 3818.
 3196. 3196. 
   31.   31.   31.   31.   31.   31.   31.   31.   31.   31.   31.   31.
   31.   31.   31.   31.   31.   31. 3196. 3818. 3818. 3196.   31.   31.
   31. 3196. 
 3818. 3818. 3818. 3196.   31.   31.   31.   31. 3196. 3818. 3818. 3818.
 3196.   31.   31.   31.   31.   31.   31. 3196. 3818. 3818. 3818. 3196.
   31.   31. 
 3196. 3196. 3818. 3818. 3818. 3818. 3818. 3818. 3818. 3818. 3818. 3196.
   31.   31.   31.   31.   31.   31.   31.   31.   31.   31.   31.   31.
   31.   31. 
   31.   31.   31.   31. 3196. 3818. 3818. 3196.   31.   31.   31. 3196.
 3818. 3818. 3196. 3196.   31.   31.   31.   31. 3196. 3818. 3818. 3818.
 3196.   31. 
   31.   31.   31.   31.   31. 3196. 3818. 3818. 3818. 3196.   31.   31.
   31. 3196. 3196. 3196. 3196. 3196. 3196. 3196. 3196. 3818. 3818. 3196.
 3196.   31. 
   31.   31.   31.   31.   31.   31.   31.   31.   31.   31.   31.   31.
   31.   31.   31.   31. 3818. 3818. 3818. 3196.   31.   31.   31. 3196.
 3818. 3818. 
 3818. 3196.   31.   31.   31.   31. 3196. 3818. 3818. 3818. 3196.   31.
   31.   31.   31.   31.   31. 3196. 3196. 3818. 3818. 3196. 3196. 3196.
 3196.   31. 
   31.   31.   31.   31.   31.   31. 3196. 3818. 3818. 3196. 3196.   31.
   31.   31.   31.   31.   31.   31.   31.   31.   31.   31.   31.   31.
   31.   31. 
   31. 3196. 3818. 3818. 3196.   31.   31.   31.   31. 3196. 3196. 3818.
 3818. 3818. 3196.   31.   31.   31. 3196. 3196. 3818. 3818. 3818. 3196.
 3196. 3196. 
   31.   31.   31. 3196. 3196. 3818. 3818. 3818. 3818. 3196. 3196. 3196.
 3196. 3196.   31.   31.   31.   31. 3196. 3818. 3818. 3196. 3196.   31.
   31.   31. 
   31.   31.   31.   31.   31.   31.   31.   31.   31.   31.   31.   31.
 3196. 3818. 3818. 3196.   31.   31.   31.   31.   31.   31. 3196. 3196.
 3818. 3818. 
 3818. 3196.   31.   31.   31. 3196. 3818. 3818. 3818. 3818. 3818. 3818.
 3196. 3196.   31.   31. 3196. 3196. 3818. 3818. 3818. 3818. 3818. 3818.
 3196. 3196. 
 3196.   31.   31.   31. 3196. 3818. 3818. 3818. 3196.   31.   31.   31.
   31.   31.   31.   31.   31.   31.   31.   31.   31.   31.   31.   31.
 3196. 3818. 
 3818. 3196.   31.   31.   31.   31.   31.   31.   31. 3196. 3818. 3818.
 3818. 3818. 3196.   31.   31.   31. 3196. 3818. 3818. 3818. 3818. 3818.
 3818. 3818. 
 3196. 3196.   31. 3196. 3196. 3818. 3818. 3818. 3818. 3818. 3818. 3196.
 3196. 3196.   31.   31. 3196. 3196. 3818. 3818. 3196.   31.   31.   31.
   31.   31. 
   31.   31.   31.   31.   31.   31.   31.   31.   31.   31. 3196. 3818.
 3818. 3818. 3196. 3196.   31.   31.   31.   31.   31.   31. 3196. 3818.
 3818. 3818. 
 3818. 3196.   31.   31.   31. 3196. 3196. 3196. 3818. 3818. 3818. 3818.
 3818. 3818. 3196. 3196. 3196. 3196. 3196. 3818. 3818. 3818. 3818. 3818.
 3196. 3196. 
   31.   31.   31. 3196. 3818. 3818. 3196. 3196. 3196. 3196. 3196.   31.
   31.   31.   31.   31.   31.   31.   31.   31.   31.   31. 3196. 3196.
 3818. 3818. 
 3818. 3818. 3196. 3196. 3196. 3196.   31.   31.   31. 3196. 3818. 3818.
 3818. 3196.   31.   31.   31.   31.   31.   31. 3196. 3196. 3196. 3818.
 3818. 3818. 
 3818. 3818. 3196.   31. 3196. 3196. 3196. 3196. 3818. 3818. 3818. 3196.
 3196.   31.   31. 3196. 3196. 3818. 3818. 3818. 3196. 3196. 3818. 3196.
 3196. 3196. 
   31.   31.   31.   31.   31.   31.   31.   31.   31.   31. 3196. 3818.
 3818. 3818. 3818. 3818. 3818. 3818. 3196.   31.   31. 3196. 3818. 3818.
 3818. 3196. 
   31.   31.   31.   31.   31.   31.   31.   31.   31. 3196. 3196. 3818.
 3818. 3818. 3818. 3196.   31.   31. 3196. 3196. 3196. 3818. 3818. 3196.
 3196.   31. 
   31.   31. 3196. 3818. 3818. 3818. 3818. 3818. 3818. 3818. 3818. 3196.
 3196.   31.   31.   31.   31.   31.   31.   31.   31.   31.   31. 3196.
 3196. 3818. 
 3818. 3818. 3818. 3818. 3818. 3196.   31. 3196. 3818. 3818. 3818. 3196.
   31.   31.   31.   31.   31.   31.   31.   31.   31.   31.   31. 3196.
 3196. 3818. 
 3818. 3818. 3196.   31.   31. 3196. 3196. 3818. 3818. 3196. 3196.   31.
   31.   31.   31. 3196. 3196. 3818. 3818. 3818. 3818. 3818. 3818. 3818.
 3196. 3196. 
   31.   31.   31.   31.   31.   31.   31.   31.   31.   31.   31. 3196.
 3196. 3196. 3818. 3818. 3818. 3818. 3196. 3196. 3818. 3818. 3818. 3196.
   31.   31. 
   31.   31.   31.   31.   31.   31.   31.   31.   31.   31.   31. 3196.
 3818. 3818. 3196.   31.   31. 3196. 3196. 3818. 3818. 3196. 3196.   31.
   31.   31. 
   31.   31. 3196. 3196. 3196. 3196. 3196. 3196. 3818. 3818. 3818. 3196.
   31.   31.   31.   31.   31.   31.   31.   31.   31.   31.   31.   31.
   31.   31. 
 3196. 3818. 3818. 3818. 3196. 3818. 3818. 3818. 3196.   31.   31.   31.
   31.   31.   31.   31.   31.   31.   31.   31.   31.   31.   31.   31.
 3196. 3818. 
 3818. 3196.   31. 3196. 3196. 3818. 3818. 3196. 3196. 3196. 3196. 3196.
 3196. 3196. 3196.   31.   31.   31.   31. 3196. 3818. 3818. 3818. 3196.
   31.   31. 
   31.   31.   31.   31.   31.   31.   31.   31.   31.   31.   31.   31.
 3196. 3818. 3818. 3818. 3196. 3818. 3818. 3818. 3196.   31.   31.   31.
   31.   31. 
   31.   31.   31.   31.   31.   31.   31.   31.   31.   31. 3196. 3818.
 3818. 3196.   31. 3196. 3196. 3818. 3818. 3818. 3196. 3196. 3196. 3196.
 3196. 3196. 
 3196. 3196.   31.   31.   31.   31. 3196. 3818. 3818. 3196.   31.   31.
   31.   31.   31.   31.   31.   31.   31.   31.   31.   31.   31.   31.
 3196. 3196. 
 3818. 3818. 3196. 3818. 3818. 3818. 3196.   31.   31.   31.   31.   31.
   31.   31.   31.   31.   31.   31.   31.   31.   31.   31. 3196. 3818.
 3818. 3818. 
 3196.   31. 3196. 3818. 3818. 3818. 3818. 3818. 3818. 3818. 3818. 3818.
 3818. 3196. 3196.   31.   31.   31. 3196. 3818. 3818. 3818. 3196.   31.
   31.   31. 
   31.   31.   31.   31.   31.   31.   31.   31.   31.   31. 3196. 3818.
 3818. 3818. 3196. 3818. 3818. 3196.   31.   31.   31.   31.   31.   31.
   31.   31. 
   31.   31.   31.   31.   31.   31.   31.   31.   31. 3196. 3818. 3818.
 3196. 3196. 3196. 3196. 3196. 3818. 3818. 3818. 3818. 3818. 3196. 3818.
 3818. 3818. 
 3196.   31.   31.   31. 3196. 3818. 3818. 3818. 3196. 3196.   31.   31.
   31.   31.   31.   31.   31.   31.   31.   31.   31.   31. 3196. 3818.
 3818. 3818. 
 3196. 3818. 3818. 3196. 3196. 3196.   31.   31.   31.   31.   31.   31.
   31.   31.   31.   31.   31.   31.   31.   31.   31.   31. 3196. 3818.
 3818. 3196. 
 3196. 3196. 3196. 3196. 3196. 3196. 3196. 3196. 3196. 3818. 3818. 3818.
 3196. 3196.   31.   31.   31. 3196. 3818. 3818. 3818. 3196. 3196.   31.
   31.   31. 
   31.   31.   31.   31.   31.   31.   31.   31. 3196. 3818. 3818. 3818.
 3196. 3196. 3196. 3196. 3818. 3818.   31.   31.   31.   31.   31.   31.
   31.   31. 
   31.   31.   31.   31.   31.   31.   31.   31. 3196. 3196. 3818. 3818.
 3818. 3196. 3196. 3196. 3196. 3196. 3196. 3196. 3196. 3196. 3818. 3818.
 3196. 3196. 
   31.   31.   31. 3196. 3196. 3818. 3818. 3818. 3196. 3196. 3196.   31.
   31.   31.   31.   31.   31.   31.   31.   31. 3196. 3818. 3818. 3818.
 3818. 3818. 
 3818. 3818. 3818. 3818.   31.   31.   31.   31.   31.   31.   31.   31.
   31.   31.   31.   31.   31.   31.   31.   31.   31. 3196. 3818. 3818.
 3818. 3818. 
 3818. 3818. 3818. 3196.   31.   31. 3196. 3196. 3818. 3818. 3196. 3196.
   31.   31.   31.   31. 3196. 3196. 3818. 3818. 3818. 3818. 3196. 3196.
 3196.   31. 
   31.   31.   31.   31.   31.   31. 3196. 3196. 3818. 3818. 3818. 3818.
 3818. 3818. 3818. 3818.   31.   31.   31.   31.   31.   31.   31.   31.
   31.   31. 
   31.   31.   31.   31.   31.   31.   31.   31. 3196. 3196. 3196. 3818.
 3818. 3818. 3818. 3196.   31.   31. 3196. 3196. 3818. 3818. 3196. 3196.
   31.   31. 
   31.   31.   31.   31. 3196. 3818. 3818. 3818. 3818. 3818. 3818. 3196.
 3196.   31.   31.   31.   31.   31.   31. 3196. 3196. 3196. 3196. 3196.
 3196. 3196. 
 3196. 3196.   31.   31.   31.   31.   31.   31.   31.   31.   31.   31.
   31.   31.   31.   31.   31.   31.   31.   31.   31.   31.   31. 3196.
 3196. 3196. 
 3818. 3818. 3196.   31. 3196. 3196. 3818. 3818. 3818. 3196.   31.   31.
   31.   31.   31.   31. 3196. 3196. 3196. 3818. 3818. 3818. 3818. 3818.
 3196. 3196. 
   31.   31.   31.   31.   31.   31.   31. 3196. 3196. 3196.   31. 3196.
 3196. 3818.   31.   31.   31.   31.   31.   31.   31.   31.   31.   31.
   31.   31. 
   31.   31.   31.   31.   31.   31.   31.   31.   31.   31.   31. 3818.
 3818. 3818.   31.   31.   31. 3196. 3818. 3818. 3818. 3196.   31.   31.
   31.   31. 
   31.   31.   31.   31. 3196. 3196. 3196. 3818. 3818. 3818. 3818. 3196.
   31.   31.   31.   31.   31.   31.   31.   31.   31.   31.   31.   31.
 3196. 3196. 
   31.   31.   31.   31.   31.   31.   31.   31.   31.   31.   31.   31.
   31.   31.   31.   31.   31.   31.   31.   31.   31.   31. 3196. 3818.
 3818. 3196. 
   31.   31.   31. 3196. 3818. 3818. 3196. 3196.   31.   31.   31.   31.
   31.   31.   31.   31.   31.   31.   31. 3196. 3196. 3818. 3818. 3818.
 3196.   31. 
 31. 31. 31. 31. 31. 31. 31. 31. 31. 31. 31. 31. 31. 31. 31. 31. 31. 31.
 31. 31. 31. 31. 31. 31. 31. 31. 
   31.   31.   31.   31.   31.   31.   31.   31. 3196. 3818. 3818. 3196.
   31.   31. 3196. 3196. 3818. 3818. 3196. 3196.   31.   31.   31.   31.
   31.   31. 
   31.   31.   31.   31.   31.   31.   31. 3196. 3818. 3818. 3196.   31.
   31.   31.   31.   31.   31.   31.   31.   31.   31.   31.   31.   31.
   31.   31. 
   31.   31.   31.   31.   31.   31.   31.   31.   31.   31.   31.   31.
   31.   31.   31.   31.   31.   31.   31.   31. 3196. 3818. 3818. 3196.
   31.   31. 
   31. 3196. 3818. 3818. 3818. 3196. 3196. 3196.   31.   31.   31.   31.
   31.   31.   31.   31.   31.   31.   31. 3196. 3818. 3818. 3196.   31.
   31.   31. 
 31. 31. 31. 31. 31. 31. 31. 31. 31. 31. 31. 31. 31. 31. 31. 31. 31. 31.
 31. 31. 31. 31. 31. 31. 31. 31. 
   31.   31.   31.   31.   31.   31. 3196. 3818. 3818. 3196.   31.   31.
   31. 3196. 3196. 3818. 3818. 3818. 3818. 3196. 3196.   31.   31.   31.
   31.   31. 
   31.   31.   31.   31.   31. 3196. 3818. 3818. 3196.   31.   31.   31.
   31.   31.   31.   31.   31.   31.   31.   31.   31.   31.   31.   31.
   31.   31. 
   31.   31.   31.   31.   31.   31.   31.   31.   31.   31.   31.   31.
   31.   31.   31.   31.   31.   31. 3196. 3818. 3818. 3818. 3196.   31.
   31. 3196. 
 3196. 3818. 3818. 3818. 3818. 3818. 3196. 3196.   31.   31.   31.   31.
   31.   31.   31.   31.   31. 3196. 3818. 3818. 3196.   31.   31.   31.
   31.   31. 
   31.   31.   31.   31.   31.   31.   31.   31. 3196. 3196. 3196.   31.
   31.   31.   31.   31.   31.   31.   31.   31.   31.   31.   31.   31.
   31.   31. 
   31.   31.   31.   31.   31. 3196. 3818. 3818. 3818. 3196.   31.   31.
 3196. 3196. 3196. 3818. 3818. 3818. 3818. 3196. 3196.   31.   31.   31.
   31.   31. 
   31.   31.   31. 3196. 3818. 3818. 3818. 3196.   31.   31.   31.   31.
   31.   31.   31.   31.   31.   31.   31.   31. 3818. 3196. 3196.   31.
   31.   31. 
   31.   31.   31.   31.   31.   31.   31.   31.   31.   31.   31.   31.
   31.   31.   31.   31.   31. 3196. 3818. 3818. 3818. 3196.   31.   31.
   31.   31. 
 3196. 3196. 3818. 3818. 3818. 3818. 3196. 3196.   31.   31.   31.   31.
   31.   31.   31. 3196. 3196. 3818. 3818. 3196.   31.   31.   31.   31.
   31.   31. 
   31.   31.   31.   31.   31. 3196. 3818. 3818. 3196. 3196.   31.   31.
   31.   31.   31.   31.   31.   31.   31.   31.   31.   31.   31.   31.
   31.   31. 
   31.   31.   31.   31. 3196. 3818. 3818. 3818. 3196.   31.   31.   31.
   31. 3196. 3196. 3196. 3818. 3818. 3818. 3196. 3196.   31.   31.   31.
   31.   31. 
   31.   31. 3196. 3818. 3818. 3196. 3196. 3196. 3196. 3196. 3196. 3196.
 3196.   31.   31.   31.   31. 3196. 3818. 3818. 3818. 3196.   31.   31.
   31.   31. 
   31.   31.   31.   31.   31.   31.   31.   31.   31.   31.   31.   31.
   31.   31.   31.   31. 3196. 3818. 3818. 3818. 3818. 3196. 3196. 3196.
   31.   31. 
   31. 3196. 3196. 3818. 3818. 3196. 3196.   31.   31.   31.   31.   31.
   31.   31. 3196. 3196. 3818. 3818. 3818. 3196. 3196. 3196. 3818. 3818.
 3196. 3196. 
 3196.   31. 3196. 3818. 3818. 3818. 3818. 3196. 3196.   31.   31.   31.
   31.   31.   31.   31.   31.   31.   31.   31.   31.   31.   31.   31.
   31.   31. 
   31.   31.   31. 3196. 3818. 3818. 3818. 3818. 3818. 3818. 3196.   31.
   31.   31. 3196. 3818. 3818. 3818. 3196.   31.   31.   31.   31.   31.
   31.   31. 
   31. 3196. 3818. 3818. 3818. 3818. 3818. 3818. 3818. 3818. 3818. 3818.
 3818. 3196. 3196. 3818. 3818. 3818. 3818. 3196. 3196.   31.   31.   31.
   31.   31. 
   31.   31.   31.   31.   31.   31.   31.   31.   31.   31.   31.   31.
   31.   31.   31.   31. 3196. 3196. 3818. 3818. 3818. 3818. 3818. 3196.
   31.   31. 
 3196. 3818. 3818. 3818. 3196.   31.   31.   31.   31.   31.   31.   31.
   31.   31. 3196. 3196. 3196. 3818. 3818. 3818. 3818. 3818. 3818. 3818.
 3818. 3196. 
 3196. 3818. 3196. 3818. 3818. 3196. 3196.   31.   31.   31.   31.   31.
   31.   31.   31.   31.   31.   31.   31.   31.   31.   31.   31.   31.
   31.   31. 
   31.   31.   31.   31. 3196. 3196. 3196. 3818. 3818. 3818. 3196. 3196.
 3196. 3818. 3818. 3196. 3196.   31.   31.   31.   31.   31.   31.   31.
   31.   31. 
   31.   31. 3196. 3196. 3196. 3196. 3196. 3196. 3196. 3818. 3818. 3818.
 3196. 3818. 3196. 3818. 3818. 3196. 3196.   31.   31.   31.   31.   31.
   31.   31. 
   31.   31.   31.   31.   31.   31.   31.   31.   31.   31.   31.   31.
   31.   31.   31.   31.   31.   31.   31. 3196. 3818. 3818. 3196. 3196.
 3818. 3818. 
 3818. 3196.   31.   31.   31.   31.   31.   31.   31.   31.   31.   31.
   31.   31.   31.   31.   31.   31.   31.   31.   31. 3196. 3818. 3818.
 3196. 3818. 
 3196. 3818. 3818. 3818. 3196.   31.   31.   31.   31.   31.   31.   31.
   31.   31.   31.   31.   31.   31.   31.   31.   31.   31.   31.   31.
   31.   31. 
   31.   31.   31.   31. 3196. 3818. 3818. 3818. 3196. 3818. 3818. 3818.
 3196. 3196.   31.   31.   31.   31.   31.   31.   31.   31.   31.   31.
   31.   31. 
   31.   31.   31.   31.   31.   31.   31. 3196. 3818. 3818. 3818. 3196.
 3196. 3818. 3818. 3196. 3196. 3196. 3196. 3196.   31.   31. 3196. 3196.
   31.   31. 
   31.   31.   31.   31.   31.   31.   31.   31.   31.   31.   31.   31.
   31.   31.   31.   31. 3196. 3818. 3818. 3818. 3196. 3818. 3818. 3818.
 3196.   31. 
   31.   31.   31.   31.   31.   31.   31.   31.   31.   31.   31.   31.
   31.   31.   31.   31.   31.   31.   31. 3196. 3196. 3818. 3818. 3196.
 3196. 3196. 
 3818. 3818. 3196. 3196. 3196. 3196. 3196. 3196. 3196. 3196. 3196. 3196.
   31.   31.   31.   31.   31.   31.   31.   31.   31.   31.   31.   31.
   31.   31. 
   31.   31. 3196. 3818. 3818. 3196. 3818. 3818. 3818. 3196. 3196.   31.
   31.   31.   31.   31.   31.   31.   31.   31.   31.   31.   31.   31.
   31.   31. 
   31.   31.   31.   31.   31.   31. 3196. 3818. 3818. 3196. 3818. 3196.
 3196. 3818. 3818. 3818. 3818. 3818. 3818. 3818. 3818. 3818. 3818. 3196.
 3196.   31. 
   31.   31.   31.   31.   31.   31.   31.   31.   31.   31.   31.   31.
   31. 3196. 3818. 3818. 3818. 3196. 3818. 3818. 3818. 3196.   31.   31.
   31.   31. 
   31.   31.   31.   31.   31.   31.   31.   31.   31.   31.   31.   31.
   31.   31.   31.   31.   31.   31. 3196. 3818. 3818. 3818. 3818. 3818.
 3196. 3196. 
 3818. 3818. 3818. 3818. 3818. 3818. 3818. 3818. 3818. 3196. 3196.   31.
   31.   31.   31.   31.   31.   31.   31.   31.   31.   31.   31.   31.
   31. 3196. 
 3818. 3818. 3196. 3196. 3818. 3818. 3818. 3196. 3196.   31.   31.   31.
   31.   31.   31.   31.   31.   31.   31.   31.   31.   31.   31.   31.
   31.   31. 
   31.   31.   31.   31. 3196. 3818. 3818. 3818. 3818. 3818. 3196. 3196.
 3196. 3196. 3196. 3196. 3196. 3196. 3196. 3818. 3818. 3818. 3196. 3196.
   31.   31. 
   31.   31.   31.   31.   31.   31.   31.   31.   31.   31.   31. 3196.
 3818. 3818. 3196. 3196. 3818. 3818. 3818. 3196. 3196. 3196.   31.   31.
   31.   31. 
   31.   31.   31.   31.   31.   31.   31.   31.   31.   31.   31.   31.
   31.   31.   31.   31.   31. 3196. 3818. 3818. 3818. 3818. 3196. 3196.
 3196. 3196. 
 3196. 3196. 3196. 3196. 3196. 3196. 3818. 3818. 3196. 3196.   31.   31.
   31.   31.   31.   31.   31.   31.   31.   31.   31.   31.   31. 3196.
 3818. 3818. 
 3196. 3196. 3196. 3818. 3818. 3818. 3818. 3196. 3196.   31.   31.   31.
   31.   31.   31.   31.   31.   31.   31.   31.   31.   31.   31.   31.
   31.   31. 
   31.   31.   31. 3196. 3196. 3818. 3818. 3818. 3196. 3196.   31.   31.
   31.   31.   31.   31. 3196. 3196. 3818. 3818. 3196. 3196.   31.   31.
   31.   31. 
   31.   31.   31.   31.   31.   31.   31.   31.   31. 3196. 3818. 3818.
 3818. 3196. 3196. 3196. 3818. 3818. 3818. 3818. 3196. 3196.   31.   31.
   31.   31. 
   31.   31.   31.   31.   31.   31.   31.   31.   31.   31.   31.   31.
   31.   31.   31.   31.   31. 3196. 3818. 3818. 3196. 3196.   31.   31.
   31.   31. 
   31.   31. 3196. 3196. 3818. 3818. 3196. 3196.   31.   31.   31.   31.
   31.   31.   31.   31.   31.   31.   31.   31.   31. 3196. 3818. 3818.
 3818. 3818. 
 3196. 3196. 3196. 3818. 3818. 3818. 3818. 3196. 3196.   31.   31.   31.
   31.   31.   31.   31.   31.   31.   31.   31.   31.   31.   31.   31.
   31.   31. 
   31.   31.   31.   31. 3818. 3818. 3196. 3196.   31.   31.   31.   31.
   31.   31. 3196. 3196. 3818. 3818. 3196. 3196.   31.   31.   31.   31.
   31.   31. 
   31.   31.   31.   31.   31.   31.   31.   31. 3196. 3818. 3818. 3818.
 3818. 3196. 3196. 3196. 3818. 3818. 3818. 3818. 3196.   31.   31.   31.
   31.   31. 
   31.   31.   31.   31.   31.   31.   31.   31.   31.   31.   31.   31.
   31.   31.   31.   31. 3818. 3818. 3196. 3196.   31.   31.   31.   31.
   31.   31. 
 3196. 3196. 3818. 3818. 3196. 3196. 3196.   31.   31.   31.   31.   31.
   31.   31.   31.   31.   31.   31.   31.   31. 3196. 3196. 3818. 3818.
 3818. 3818. 
 3818. 3196. 3196. 3818. 3818. 3818. 3196. 3196.   31.   31.   31.   31.
   31.   31.   31.   31.   31.   31.   31.   31.   31.   31.   31.   31.
   31.   31. 
   31.   31. 3818. 3196. 3196.   31.   31.   31.   31.   31.   31.   31.
 3196. 3196. 3818. 3818. 3818. 3196. 3196. 3196. 3196. 3196. 3196. 3196.
 3196.   31. 
   31.   31.   31.   31.   31.   31.   31. 3196. 3196. 3818. 3818. 3818.
 3818. 3196. 3196. 3196. 3818. 3818. 3818. 3196.   31.   31.   31.   31.
   31.   31. 
 31. 31. 31. 31. 31. 31. 31. 31. 31. 31. 31. 31. 31. 31. 
/