PERMI
   22.   22.   22.   22.   22.   22.   22.   22.   22.   22.   22.   22.
   22.   22.   22.   22.   22.   22.   22.   22.   22.   22. 2365. 2365.
 3868. 3868. 
 3868. 2365. 2365.   22.   22.   22.   22.   22.   22.   22.   22.   22.
   22.   22.   22.   22.   22.   22. 2365. 2365. 2365. 2365. 3868. 3868.
 3868. 3868. 
 3868. 2365. 2365.   22. 2365. 2365. 3868. 3868. 3868. 3868. 2365. 2365.
   22.   22.   22.   22.   22.   22.   22.   22.   22.   22.   22.   22.
   22.   22. 
   22.   22.   22.   22.   22.   22.   22.   22.   22. 2365. 3868. 3868.
 3868. 3868. 2365. 2365.   22.   22.   22.   22.   22.   22.   22.   22.
   22.   22. 
   22.   22.   22.   22.   22.   22. 2365. 2365. 2365. 3868. 3868. 3868.
 3868. 3868. 2365. 2365. 2365. 3868. 3868. 3868. 3868. 3868. 2365.   22.
   22.   22. 
   22.   22.   22.   22.   22.   22.   22.   22.   22.   22.   22.   22.
   22.   22.   22.   22.   22.   22.   22.   22.   22. 2365. 2365. 3868.
 3868. 3868. 
 3868. 2365.   22.   22.   22.   22.   22.   22.   22.   22.   22.   22.
   22.   22.   22.   22.   22.   22.   22. 2365. 2365. 2365. 3868. 3868.
 3868. 3868. 
 2365. 2365. 2365. 3868. 3868. 3868. 3868. 2365.   22.   22.   22.   22.
   22.   22.   22.   22.   22.   22.   22.   22.   22.   22.   22.   22.
   22.   22. 
   22.   22.   22.   22.   22.   22.   22.   22. 2365. 2365. 3868. 3868.
 3868. 3868. 2365.   22.   22.   22.   22.   22.   22.   22.   22.   22.
   22.   22. 
   22.   22.   22.   22. 2365. 2365. 2365. 2365. 2365. 3868. 3868. 3868.
 2365. 2365. 3868. 3868. 3868. 3868. 2365.   22.   22.   22.   22.   22.
   22.   22. 
   22.   22.   22.   22.   22.   22.   22.   22.   22.   22.   22.   22.
   22.   22.   22.   22.   22.   22.   22.   22.   22. 2365. 2365. 3868.
 3868. 3868. 
 2365.   22.   22.   22.   22.   22.   22.   22.   22.   22.   22.   22.
 2365. 2365. 2365. 2365. 2365. 2365. 2365. 3868. 3868. 3868. 3868. 3868.
 2365. 2365. 
 3868. 3868. 3868. 2365.   22.   22.   22.   22.   22.   22.   22.   22.
   22.   22.   22.   22.   22.   22.   22.   22.   22.   22.   22.   22.
   22.   22. 
   22.   22.   22.   22.   22.   22.   22.   22. 2365. 3868. 3868. 3868.
 3868. 2365.   22.   22.   22.   22.   22.   22.   22.   22. 2365. 2365.
 2365. 2365. 
 3868. 3868. 3868. 3868. 3868. 3868. 3868. 3868. 3868. 2365. 2365. 2365.
 3868. 3868. 3868. 2365.   22.   22.   22.   22.   22.   22.   22.   22.
   22.   22. 
   22.   22.   22.   22.   22.   22.   22.   22.   22.   22.   22.   22.
   22. 2365. 2365. 2365. 2365. 2365. 2365. 2365. 2365. 3868. 3868. 3868.
 3868. 2365. 
   22.   22.   22.   22.   22.   22.   22. 2365. 2365. 2365. 3868. 3868.
 3868. 3868. 3868. 3868. 3868. 3868. 3868. 3868. 2365. 2365. 2365. 2365.
 3868. 3868. 
 3868. 3868. 2365.   22.   22.   22.   22.   22.   22.   22.   22.   22.
   22.   22.   22.   22.   22.   22.   22.   22.   22.   22.   22. 2365.
 2365. 3868. 
 3868. 3868. 3868. 3868. 3868. 3868. 3868. 3868. 3868. 3868. 3868. 2365.
   22.   22.   22.   22.   22.   22. 2365. 2365. 3868. 3868. 3868. 3868.
 3868. 3868. 
 3868. 3868. 3868. 3868. 2365. 2365. 2365. 2365.   22. 2365. 2365. 3868.
 3868. 3868. 2365. 2365. 2365.   22.   22.   22.   22.   22.   22.   22.
   22.   22. 
   22.   22.   22.   22.   22.   22.   22.   22. 2365. 3868. 3868. 3868.
 3868. 3868. 3868. 3868. 3868. 3868. 3868. 3868. 3868. 3868. 2365. 2365.
   22.   22. 
   22.   22.   22.   22. 2365. 3868. 3868. 3868. 3868. 3868. 3868. 2365.
 2365. 2365. 2365. 2365. 2365. 2365.   22.   22.   22.   22. 2365. 2365.
 3868. 3868. 
 3868. 3868. 2365. 2365.   22.   22.   22.   22.   22.   22.   22.   22.
   22.   22.   22.   22.   22.   22.   22. 2365. 2365. 3868. 3868. 3868.
 3868. 3868. 
 3868. 3868. 3868. 3868. 3868. 3868. 3868. 2365. 2365.   22.   22.   22.
   22.   22.   22. 2365. 2365. 3868. 3868. 3868. 3868. 2365. 2365. 2365.
 2365. 2365. 
 2365.   22.   22.   22.   22.   22.   22.   22.   22. 2365. 2365. 3868.
 3868. 3868. 3868. 2365.   22.   22.   22.   22.   22.   22.   22.   22.
   22.   22. 
   22.   22.   22.   22.   22. 2365. 2365. 3868. 3868. 2365. 2365. 2365.
 2365. 2365. 2365. 2365. 2365. 2365. 2365. 2365.   22.   22.   22.   22.
   22.   22. 
   22. 2365. 2365. 3868. 3868. 3868. 2365. 2365.   22.   22.   22.   22.
   22.   22.   22.   22.   22.   22.   22.   22.   22.   22. 2365. 2365.
 3868. 3868. 
 3868. 3868.   22.   22.   22.   22.   22.   22.   22.   22.   22.   22.
   22.   22.   22.   22.   22. 2365. 2365. 3868. 3868. 2365. 2365.   22.
   22.   22. 
   22.   22.   22.   22.   22.   22.   22.   22.   22.   22.   22.   22.
   22. 2365. 2365. 3868. 3868. 3868. 2365. 2365.   22.   22.   22.   22.
   22.   22. 
   22.   22.   22.   22.   22.   22.   22.   22.   22. 2365. 2365. 3868.
 3868. 3868.   22.   22.   22.   22.   22.   22.   22.   22.   22.   22.
   22.   22. 
   22.   22.   22. 2365. 2365. 3868. 3868. 3868. 2365.   22.   22.   22.
   22.   22.   22.   22.   22.   22.   22.   22.   22.   22.   22.   22.
   22.   22. 
 2365. 3868. 3868. 3868. 3868. 2365. 2365.   22.   22.   22.   22.   22.
   22.   22.   22.   22.   22.   22.   22.   22.   22.   22.   22. 2365.
 2365. 3868. 
   22.   22.   22.   22.   22.   22.   22.   22.   22.   22.   22.   22.
   22.   22.   22.   22. 2365. 3868. 3868. 3868. 2365.   22.   22.   22.
   22.   22. 
   22.   22.   22.   22.   22.   22.   22.   22.   22.   22.   22.   22.
 2365. 2365. 3868. 3868. 3868. 2365. 2365.   22.   22.   22.   22.   22.
   22.   22. 
   22.   22.   22.   22.   22.   22.   22.   22.   22.   22. 2365. 2365.
   22.   22.   22.   22.   22.   22.   22.   22.   22.   22.   22.   22.
   22.   22. 
   22.   22. 2365. 3868. 3868. 3868. 2365. 2365.   22.   22.   22.   22.
   22.   22.   22.   22.   22.   22.   22.   22.   22.   22.   22.   22.
 2365. 2365. 
 3868. 3868. 3868. 2365. 2365.   22.   22.   22.   22.   22.   22.   22.
   22.   22.   22.   22.   22.   22.   22.   22.   22.   22.   22.   22.
   22.   22. 
   22.   22.   22.   22.   22.   22.   22.   22.   22.   22.   22.   22.
   22.   22. 2365. 2365. 3868. 3868. 3868. 2365.   22.   22.   22.   22.
   22.   22. 
   22.   22.   22.   22.   22.   22.   22.   22.   22.   22.   22. 2365.
 3868. 3868. 3868. 3868. 2365. 2365.   22.   22.   22.   22.   22.   22.
   22.   22. 
 22. 22. 22. 22. 22. 22. 22. 22. 22. 22. 22. 22. 22. 22. 22. 22. 22. 22.
 22. 22. 22. 22. 22. 22. 22. 22. 
   22. 2365. 3868. 3868. 3868. 2365. 2365.   22.   22.   22.   22.   22.
   22.   22.   22.   22.   22.   22.   22.   22.   22.   22.   22. 2365.
 2365. 3868. 
 3868. 3868. 3868. 2365.   22.   22.   22.   22.   22.   22.   22.   22.
   22.   22.   22.   22.   22.   22.   22.   22.   22. 2365.   22.   22.
   22.   22. 
   22.   22.   22.   22.   22.   22.   22.   22.   22.   22.   22.   22.
   22. 2365. 2365. 3868. 3868. 3868. 2365.   22.   22.   22.   22.   22.
   22.   22. 
   22.   22.   22.   22.   22.   22.   22.   22.   22.   22. 2365. 3868.
 3868. 3868. 3868. 2365. 2365.   22.   22.   22.   22.   22.   22.   22.
   22.   22. 
   22.   22.   22.   22.   22. 2365. 2365. 3868.   22.   22.   22.   22.
   22.   22.   22.   22.   22.   22.   22.   22.   22.   22.   22.   22.
   22.   22. 
 2365. 3868. 3868. 3868. 2365. 2365.   22.   22.   22.   22.   22.   22.
   22.   22.   22.   22.   22.   22.   22.   22.   22.   22. 2365. 2365.
 3868. 3868. 
 3868. 2365. 2365.   22.   22.   22.   22.   22.   22.   22.   22.   22.
   22.   22. 2365. 2365. 2365. 3868. 3868. 3868.   22.   22.   22.   22.
   22.   22. 
   22.   22.   22.   22.   22.   22.   22.   22.   22.   22.   22.   22.
 2365. 2365. 3868. 3868. 3868. 2365.   22.   22.   22.   22.   22.   22.
   22.   22. 
   22.   22.   22.   22.   22.   22.   22.   22. 2365. 2365. 3868. 3868.
 3868. 3868. 2365. 2365.   22.   22.   22.   22.   22.   22.   22.   22.
   22. 2365. 
 2365. 3868. 3868. 3868. 3868. 3868.   22.   22.   22.   22.   22.   22.
   22.   22.   22.   22.   22.   22.   22.   22.   22.   22.   22.   22.
   22. 2365. 
 3868. 3868. 3868. 2365. 2365.   22.   22.   22.   22.   22.   22.   22.
   22.   22.   22.   22.   22.   22.   22.   22.   22. 2365. 2365. 3868.
 3868. 3868. 
 2365. 2365.   22.   22.   22.   22.   22.   22.   22.   22. 2365. 2365.
 3868. 3868. 3868. 3868. 3868. 2365.   22.   22.   22.   22.   22.   22.
   22.   22. 
   22.   22.   22.   22.   22.   22.   22.   22.   22.   22.   22. 2365.
 2365. 3868. 3868. 3868. 2365. 2365.   22.   22.   22.   22.   22.   22.
   22.   22. 
   22.   22.   22.   22.   22.   22.   22. 2365. 2365. 3868. 3868. 3868.
 2365. 2365.   22.   22.   22.   22.   22.   22.   22.   22. 2365. 3868.
 3868. 3868. 
 3868. 2365. 2365. 2365.   22.   22.   22.   22.   22.   22.   22.   22.
   22.   22.   22.   22.   22. 2365. 2365. 2365. 2365. 2365. 2365. 2365.
 2365. 3868. 
 3868. 3868. 3868. 2365.   22.   22.   22.   22.   22.   22.   22.   22.
   22.   22.   22.   22.   22.   22.   22.   22. 2365. 2365. 3868. 3868.
 2365. 2365. 
   22.   22.   22.   22.   22.   22.   22.   22. 2365. 3868. 3868. 3868.
 2365. 2365.   22.   22.   22.   22.   22.   22.   22.   22.   22.   22.
   22.   22. 
   22. 2365. 2365. 3868. 3868. 3868. 3868. 3868. 3868. 2365. 3868. 3868.
 3868. 3868. 3868. 2365.   22.   22.   22.   22.   22.   22.   22.   22.
   22.   22. 
   22.   22.   22.   22. 2365. 2365. 2365. 2365. 3868. 3868. 2365. 2365.
   22.   22.   22.   22.   22.   22.   22.   22. 2365. 3868. 3868. 3868.
 2365.   22. 
   22.   22.   22.   22.   22.   22.   22.   22.   22.   22.   22.   22.
 2365. 2365. 3868. 3868. 3868. 3868. 3868. 3868. 3868. 3868. 3868. 3868.
 3868. 3868. 
 3868. 2365.   22.   22.   22.   22.   22.   22.   22.   22.   22.   22.
   22.   22. 2365. 2365. 2365. 2365. 3868. 3868. 3868. 3868. 2365. 2365.
   22.   22. 
   22.   22.   22.   22.   22.   22. 2365. 3868. 3868. 3868. 2365.   22.
   22.   22.   22.   22.   22.   22.   22.   22.   22.   22.   22.   22.
 2365. 3868. 
 3868. 3868. 3868. 3868. 3868. 3868. 3868. 3868. 3868. 3868. 3868. 3868.
 2365. 2365.   22.   22.   22.   22.   22.   22.   22.   22.   22.   22.
   22. 2365. 
 2365. 2365. 3868. 3868. 3868. 3868. 3868. 2365. 2365. 2365.   22.   22.
   22.   22.   22.   22.   22.   22. 2365. 3868. 3868. 3868. 3868. 2365.
   22.   22. 
   22.   22.   22.   22.   22.   22.   22.   22.   22.   22. 2365. 3868.
 3868. 3868. 2365. 2365. 2365. 2365. 3868. 3868. 3868. 2365. 2365. 2365.
 2365.   22. 
   22.   22.   22.   22.   22.   22.   22.   22.   22.   22. 2365. 2365.
 2365. 3868. 3868. 3868. 3868. 3868. 2365. 2365. 2365.   22.   22.   22.
   22.   22. 
   22.   22.   22.   22.   22. 2365. 3868. 3868. 3868. 2365.   22.   22.
   22.   22.   22.   22.   22.   22.   22.   22.   22.   22. 2365. 3868.
 3868. 3868. 
 3868. 2365. 2365. 2365. 2365. 2365. 2365. 2365. 2365.   22.   22.   22.
   22.   22.   22.   22.   22.   22.   22.   22.   22.   22. 2365. 2365.
 3868. 3868. 
 3868. 3868. 3868. 2365. 2365. 2365.   22.   22.   22.   22.   22.   22.
   22.   22.   22.   22.   22. 2365. 3868. 3868. 3868. 3868. 2365.   22.
   22.   22. 
   22.   22.   22.   22.   22.   22.   22.   22.   22. 2365. 3868. 3868.
 3868. 3868. 2365. 2365.   22.   22.   22.   22.   22.   22.   22.   22.
   22.   22. 
   22.   22.   22.   22.   22.   22.   22. 2365. 2365. 3868. 3868. 3868.
 2365. 2365. 2365. 2365. 2365.   22.   22.   22.   22.   22.   22.   22.
   22.   22. 
   22.   22.   22. 2365. 3868. 3868. 3868. 3868. 2365.   22.   22.   22.
   22.   22.   22.   22.   22.   22.   22.   22.   22. 2365. 2365. 3868.
 3868. 3868. 
 3868. 3868. 2365. 2365.   22.   22.   22.   22.   22.   22.   22.   22.
   22.   22.   22.   22.   22.   22.   22. 2365. 2365. 3868. 3868. 3868.
 2365. 2365. 
 2365.   22.   22.   22.   22.   22.   22.   22.   22.   22.   22.   22.
   22.   22.   22.   22. 2365. 3868. 3868. 3868. 2365.   22.   22.   22.
   22.   22. 
   22.   22.   22.   22.   22.   22.   22.   22. 2365. 2365. 3868. 3868.
 3868. 3868. 3868. 2365. 2365.   22.   22.   22.   22.   22.   22.   22.
   22.   22. 
   22.   22.   22.   22.   22. 2365. 2365. 3868. 3868. 3868. 2365. 2365.
   22.   22.   22.   22.   22.   22.   22.   22.   22.   22.   22.   22.
   22.   22. 
   22.   22. 2365. 3868. 3868. 3868. 2365.   22.   22.   22.   22.   22.
   22.   22.   22.   22.   22.   22.   22.   22.   22. 2365. 2365. 3868.
 3868. 3868. 
 3868. 3868. 2365. 2365.   22.   22.   22.   22.   22.   22.   22.   22.
   22.   22.   22.   22. 2365. 2365. 2365. 3868. 3868. 2365. 2365.   22.
   22.   22. 
   22.   22.   22.   22.   22.   22.   22.   22.   22.   22.   22.   22.
   22.   22. 2365. 3868. 3868. 3868. 2365.   22.   22.   22.   22.   22.
   22.   22. 
   22.   22.   22.   22.   22.   22.   22.   22.   22. 2365. 2365. 3868.
 3868. 3868. 3868. 2365. 2365.   22.   22.   22.   22.   22.   22.   22.
   22.   22. 
   22.   22. 2365. 2365. 3868. 3868. 3868. 2365. 2365.   22.   22.   22.
   22.   22.   22.   22.   22.   22.   22.   22.   22.   22.   22.   22.
 2365. 2365. 
 2365. 3868. 3868. 3868. 2365.   22.   22.   22.   22.   22.   22.   22.
   22.   22.   22.   22.   22.   22.   22.   22.   22.   22. 2365. 2365.
 3868. 3868. 
 3868. 3868. 2365.   22.   22.   22.   22.   22.   22.   22.   22.   22.
   22.   22. 2365. 2365. 2365. 3868. 3868. 2365. 2365. 2365.   22.   22.
   22.   22. 
   22.   22.   22.   22.   22.   22.   22.   22. 2365. 2365. 2365. 3868.
 3868. 3868. 3868. 3868. 2365.   22.   22.   22.   22.   22.   22.   22.
   22.   22. 
   22.   22.   22.   22.   22.   22.   22.   22.   22. 2365. 2365. 3868.
 3868. 3868. 2365. 2365.   22.   22.   22.   22.   22.   22.   22.   22.
   22.   22. 
   22. 2365. 2365. 3868. 3868. 3868. 2365. 2365. 2365. 2365.   22.   22.
   22.   22.   22.   22.   22.   22. 2365. 2365. 3868. 3868. 3868. 3868.
 3868. 3868. 
 3868. 2365.   22.   22.   22.   22.   22.   22.   22.   22.   22.   22.
   22.   22.   22.   22.   22.   22.   22.   22.   22.   22. 2365. 3868.
 3868. 3868. 
 2365. 2365.   22.   22.   22.   22.   22.   22.   22.   22.   22.   22.
   22. 2365. 2365. 2365. 3868. 3868. 3868. 2365. 2365. 2365. 2365.   22.
   22.   22. 
   22.   22.   22. 2365. 2365. 3868. 3868. 3868. 3868. 3868. 2365. 2365.
 2365. 2365.   22.   22.   22.   22.   22.   22.   22.   22.   22.   22.
   22.   22. 
   22.   22.   22.   22.   22.   22.   22. 2365. 2365. 3868. 3868. 3868.
 2365. 2365.   22.   22.   22.   22.   22.   22.   22.   22.   22.   22.
   22.   22. 
 2365. 2365. 2365. 3868. 3868. 3868. 3868. 2365. 2365. 2365. 2365.   22.
   22. 2365. 2365. 3868. 3868. 3868. 3868. 3868. 2365. 2365. 2365.   22.
   22.   22. 
   22.   22.   22.   22.   22.   22.   22.   22.   22.   22.   22.   22.
   22.   22.   22.   22.   22. 2365. 2365. 3868. 3868. 3868. 3868. 2365.
 2365.   22. 
   22.   22.   22.   22.   22.   22.   22.   22.   22.   22.   22.   22.
   22. 2365. 2365. 2365. 3868. 3868. 3868. 3868. 3868. 2365. 2365. 2365.
 2365. 2365. 
 3868. 3868. 3868. 3868. 2365. 2365.   22.   22.   22.   22.   22.   22.
   22.   22.   22.   22.   22.   22.   22.   22.   22.   22.   22.   22.
   22.   22. 
   22.   22. 2365. 2365. 3868. 3868. 3868. 3868. 3868. 2365.   22.   22.
   22.   22.   22.   22.   22.   22.   22.   22.   22.   22.   22.   22.
   22.   22. 
 2365. 2365. 2365. 3868. 3868. 3868. 3868. 3868. 2365. 2365. 2365. 3868.
 3868. 3868. 3868. 2365. 2365.   22.   22.   22.   22.   22.   22.   22.
   22.   22. 
   22.   22.   22.   22.   22.   22.   22.   22.   22.   22.   22.   22.
   22. 2365. 2365. 3868. 3868. 3868. 3868. 3868. 2365. 2365.   22.   22.
   22.   22. 
   22.   22.   22.   22.   22.   22.   22.   22.   22.   22.   22.   22.
   22. 2365. 2365. 2365. 3868. 3868. 3868. 3868. 3868. 2365. 2365. 3868.
 3868. 2365. 
 2365.   22.   22.   22.   22.   22.   22.   22.   22.   22.   22.   22.
   22.   22.   22.   22.   22.   22.   22.   22.   22.   22.   22.   22.
 2365. 2365. 
 3868. 3868. 3868. 3868. 3868. 2365. 2365.   22.   22.   22.   22.   22.
   22.   22.   22.   22.   22.   22.   22.   22.   22.   22.   22.   22.
   22.   22. 
 2365. 2365. 2365. 2365. 3868. 3868. 3868. 3868. 2365. 3868. 3868. 3868.
 2365.   22.   22.   22.   22.   22.   22.   22.   22.   22.   22.   22.
   22.   22. 
   22.   22.   22.   22.   22.   22.   22.   22.   22. 2365. 2365. 3868.
 3868. 3868. 3868. 2365. 2365.   22.   22.   22.   22.   22.   22.   22.
   22.   22. 
   22.   22.   22.   22.   22.   22.   22.   22.   22.   22.   22.   22.
   22.   22. 2365. 2365. 2365. 3868. 3868. 3868. 2365. 3868. 3868. 3868.
 3868. 2365. 
   22.   22.   22.   22.   22.   22.   22.   22.   22.   22.   22.   22.
   22.   22.   22.   22.   22.   22.   22.   22.   22. 2365. 3868. 3868.
 3868. 3868. 
 2365.   22.   22.   22.   22.   22.   22.   22.   22.   22.   22.   22.
   22.   22.   22.   22.   22.   22.   22.   22.   22.   22.   22.   22.
   22.   22. 
   22. 2365. 2365. 2365. 3868. 3868. 2365. 2365. 3868. 3868. 3868. 2365.
   22.   22.   22.   22.   22.   22.   22.   22.   22.   22.   22.   22.
   22.   22. 
   22.   22.   22.   22.   22.   22.   22. 2365. 3868. 3868. 3868. 2365.
   22.   22.   22.   22.   22.   22.   22.   22.   22.   22.   22.   22.
   22.   22. 
   22.   22.   22.   22.   22.   22.   22.   22.   22.   22.   22.   22.
   22.   22. 2365. 2365. 2365. 3868. 3868. 2365. 2365. 3868. 3868. 3868.
 2365.   22. 
   22.   22.   22.   22.   22.   22.   22.   22.   22.   22.   22.   22.
   22.   22.   22.   22.   22.   22.   22. 2365. 3868. 3868. 3868. 2365.
 2365.   22. 
 22. 22. 22. 22. 22. 22. 22. 22. 22. 22. 22. 22. 22. 22. 22. 22. 22. 22.
 22. 22. 22. 22. 22. 22. 22. 22. 
 2365. 2365. 2365. 3868. 3868. 3868. 2365. 3868. 3868. 3868. 2365.   22.
   22.   22.   22.   22.   22.   22.   22.   22.   22.   22.   22.   22.
   22.   22. 
   22.   22.   22.   22.   22. 2365. 2365. 3868. 3868. 3868. 2365.   22.
   22.   22.   22.   22.   22.   22.   22.   22.   22.   22.   22.   22.
   22.   22. 
   22.   22.   22.   22.   22.   22.   22.   22.   22.   22.   22. 2365.
 2365. 2365. 3868. 3868. 3868. 3868. 2365. 3868. 3868. 3868. 2365.   22.
   22.   22. 
   22.   22.   22.   22.   22.   22.   22.   22.   22.   22.   22.   22.
   22.   22.   22.   22.   22.   22. 2365. 3868. 3868. 3868. 3868. 2365.
   22.   22. 
   22.   22.   22.   22.   22.   22.   22.   22.   22.   22.   22.   22.
   22.   22.   22.   22.   22.   22.   22.   22.   22. 2365. 2365. 2365.
 3868. 3868. 
 3868. 3868. 3868. 2365. 2365. 2365. 3868. 3868. 2365.   22.   22.   22.
   22.   22.   22.   22.   22.   22.   22.   22.   22.   22.   22.   22.
   22.   22. 
   22.   22.   22.   22.   22. 2365. 3868. 3868. 3868. 2365. 2365.   22.
   22.   22.   22.   22.   22.   22.   22.   22.   22.   22.   22.   22.
   22.   22. 
   22.   22.   22.   22.   22. 2365. 2365. 2365. 2365. 3868. 3868. 3868.
 3868. 3868. 2365. 2365. 2365. 2365. 3868. 3868. 2365. 2365.   22.   22.
   22.   22. 
   22.   22.   22.   22.   22.   22.   22.   22.   22.   22.   22.   22.
   22.   22.   22.   22.   22. 2365. 2365. 3868. 3868. 3868. 2365.   22.
   22.   22. 
   22.   22.   22.   22.   22.   22.   22.   22.   22.   22.   22.   22.
   22.   22.   22.   22. 2365. 2365. 2365. 3868. 3868. 3868. 3868. 3868.
 3868. 2365. 
 2365. 2365.   22. 2365. 3868. 3868. 3868. 2365.   22.   22.   22.   22.
   22.   22.   22.   22.   22.   22.   22.   22.   22.   22.   22.   22.
   22.   22. 
   22.   22.   22.   22. 2365. 3868. 3868. 3868. 2365. 2365.   22.   22.
   22.   22.   22.   22.   22.   22.   22.   22.   22.   22.   22.   22.
   22.   22. 
   22. 2365. 2365. 2365. 3868. 3868. 3868. 3868. 3868. 2365. 2365. 2365.
   22.   22.   22.   22. 2365. 3868. 3868. 2365.   22.   22.   22.   22.
   22.   22. 
   22.   22.   22.   22.   22.   22.   22.   22.   22.   22.   22.   22.
   22.   22.   22.   22.   22. 2365. 3868. 3868. 3868. 2365.   22.   22.
   22.   22. 
   22.   22.   22.   22.   22.   22.   22.   22.   22.   22.   22.   22.
 2365. 2365. 3868. 3868. 3868. 3868. 3868. 2365. 2365. 2365. 2365.   22.
   22.   22. 
 2365. 2365. 2365. 3868. 3868. 2365.   22.   22.   22.   22.   22.   22.
   22.   22.   22.   22.   22.   22.   22.   22.   22.   22.   22.   22.
   22.   22. 
   22.   22.   22. 2365. 3868. 3868. 3868. 2365.   22.   22.   22.   22.
   22.   22.   22.   22.   22.   22.   22.   22.   22.   22.   22.   22.
 2365. 2365. 
 3868. 3868. 3868. 2365. 2365. 2365. 2365.   22.   22. 2365. 2365. 2365.
 3868. 3868. 3868. 3868. 3868. 2365.   22.   22.   22.   22.   22.   22.
   22.   22. 
   22.   22.   22.   22.   22.   22.   22.   22.   22.   22.   22.   22.
   22.   22.   22.   22. 2365. 3868. 3868. 2365. 2365.   22.   22.   22.
   22.   22. 
   22.   22.   22.   22.   22.   22.   22.   22.   22.   22. 2365. 2365.
 3868. 3868. 3868. 2365. 2365.   22.   22. 2365. 2365. 3868. 3868. 3868.
 3868. 3868. 
 3868. 3868. 2365.   22.   22.   22.   22.   22.   22.   22.   22.   22.
   22.   22.   22.   22.   22.   22.   22.   22.   22.   22.   22.   22.
   22.   22. 
   22.   22. 2365. 3868. 3868. 3868. 2365.   22.   22.   22.   22.   22.
   22.   22.   22.   22.   22.   22.   22.   22.   22.   22. 2365. 3868.
 3868. 3868. 
 3868. 2365.   22.   22. 2365. 3868. 3868. 3868. 3868. 3868. 3868. 2365.
 2365. 2365.   22.   22.   22.   22.   22.   22.   22.   22.   22.   22.
   22.   22. 
   22.   22.   22.   22.   22.   22.   22.   22.   22.   22.   22.   22.
   22.   22. 2365. 3868. 3868. 3868. 2365.   22.   22.   22.   22.   22.
   22.   22. 
   22.   22.   22.   22.   22.   22.   22.   22. 2365. 2365. 3868. 3868.
 3868. 2365. 2365. 2365. 3868. 3868. 3868. 3868. 3868. 2365. 2365.   22.
   22.   22. 
   22.   22.   22.   22.   22.   22.   22.   22.   22.   22.   22.   22.
   22.   22.   22.   22.   22.   22.   22.   22.   22.   22.   22.   22.
   22. 2365. 
 2365. 3868. 3868. 3868. 2365.   22.   22.   22.   22.   22.   22.   22.
   22.   22.   22.   22.   22.   22.   22.   22. 2365. 2365. 3868. 3868.
 3868. 2365. 
 2365. 2365. 3868. 3868. 3868. 2365. 2365.   22.   22.   22.   22.   22.
   22.   22.   22.   22.   22.   22.   22.   22.   22.   22.   22.   22.
   22.   22. 
   22.   22.   22.   22.   22.   22.   22.   22.   22. 2365. 2365. 2365.
 3868. 3868. 3868. 2365. 2365.   22.   22.   22.   22.   22.   22.   22.
   22.   22. 
   22.   22.   22.   22.   22.   22. 2365. 2365. 3868. 3868. 3868. 2365.
 2365. 2365. 3868. 3868. 3868. 2365.   22.   22.   22.   22.   22.   22.
   22.   22. 
   22.   22.   22.   22.   22.   22.   22.   22.   22.   22.   22.   22.
   22.   22.   22.   22.   22.   22.   22.   22. 2365. 2365. 3868. 3868.
 3868. 3868. 
 3868. 2365.   22.   22.   22.   22.   22.   22.   22.   22.   22.   22.
   22.   22.   22.   22.   22.   22.   22. 2365. 3868. 3868. 3868. 3868.
 2365. 2365. 
 3868. 3868. 3868. 3868. 2365.   22.   22.   22.   22.   22.   22.   22.
   22.   22.   22.   22.   22.   22.   22.   22.   22.   22.   22.   22.
   22.   22. 
   22.   22.   22.   22.   22. 2365. 2365. 3868. 3868. 3868. 3868. 3868.
 2365. 2365.   22.   22.   22.   22.   22.   22.   22.   22.   22.   22.
   22.   22. 
   22.   22.   22.   22.   22. 2365. 2365. 3868. 3868. 3868. 2365. 2365.
 2365. 3868. 3868. 3868. 2365. 2365.   22.   22.   22.   22.   22.   22.
   22.   22. 
   22.   22.   22.   22.   22.   22.   22.   22.   22.   22.   22.   22.
   22.   22.   22.   22. 2365. 2365. 3868. 3868. 3868. 3868. 2365. 2365.
 2365.   22. 
   22.   22.   22.   22.   22.   22.   22.   22.   22.   22.   22.   22.
   22.   22.   22.   22.   22. 2365. 2365. 3868. 3868. 3868. 3868. 2365.
 2365. 2365. 
 3868. 3868. 3868. 2365. 2365. 2365.   22.   22.   22.   22.   22.   22.
   22.   22.   22.   22.   22.   22.   22.   22.   22.   22.   22.   22.
   22.   22. 
   22. 2365. 2365. 3868. 3868. 3868. 3868. 2365. 2365.   22.   22.   22.
   22.   22.   22.   22.   22.   22.   22.   22.   22.   22.   22.   22.
   22.   22. 
   22.   22.   22.   22. 2365. 2365. 3868. 3868. 3868. 2365. 2365. 2365.
 3868. 3868. 3868. 3868. 3868. 2365. 2365. 2365.   22.   22.   22.   22.
   22.   22. 
   22.   22.   22.   22.   22.   22.   22.   22.   22.   22.   22.   22.
   22. 2365. 3868. 3868. 3868. 3868. 2365.   22.   22.   22.   22.   22.
   22.   22. 
   22.   22.   22.   22.   22.   22.   22.   22.   22.   22. 2365. 2365.
 2365. 2365. 2365. 2365. 2365. 2365. 3868. 3868. 3868. 2365. 2365.   22.
 2365. 3868. 
 3868. 3868. 3868. 3868. 3868. 2365. 2365.   22.   22.   22.   22.   22.
   22.   22.   22.   22.   22.   22.   22.   22.   22.   22.   22.   22.
 2365. 2365. 
 3868. 3868. 3868. 2365. 2365.   22.   22.   22.   22.   22.   22.   22.
   22.   22.   22.   22.   22.   22.   22.   22. 2365. 2365. 2365. 2365.
 2365. 2365. 
 2365. 2365. 3868. 3868. 3868. 3868. 3868. 2365. 2365.   22.   22. 2365.
 2365. 3868. 3868. 3868. 3868. 3868. 3868. 2365.   22.   22.   22.   22.
   22.   22. 
   22.   22.   22.   22.   22.   22.   22.   22.   22.   22. 2365. 3868.
 3868. 3868. 2365. 2365.   22.   22.   22.   22.   22.   22.   22.   22.
   22.   22. 
   22.   22.   22.   22.   22. 2365. 2365. 2365. 3868. 3868. 3868. 3868.
 3868. 3868. 3868. 3868. 3868. 3868. 3868. 2365. 2365.   22.   22.   22.
   22. 2365. 
 2365. 3868. 3868. 3868. 3868. 2365. 2365.   22.   22.   22.   22.   22.
   22.   22. 
/