PERMI
   27.   27. 2518. 2518. 3323. 3323. 3323. 3323. 3323. 3323. 2518. 2518.
   27.   27.   27.   27.   27.   27.   27.   27.   27.   27. 2518. 2518.
 2518. 2518. 
 2518. 2518. 3323. 3323. 3323. 3323. 3323. 3323. 2518. 2518.   27.   27.
   27.   27.   27.   27.   27.   27.   27.   27.   27.   27.   27.   27.
   27.   27. 
   27.   27.   27. 2518. 2518. 3323. 3323. 3323. 2518. 2518.   27. 2518.
   27.   27. 2518. 3323. 3323. 3323. 3323. 2518. 2518. 2518. 2518.   27.
   27.   27. 
   27.   27.   27.   27.   27.   27.   27. 2518. 2518. 3323. 3323. 3323.
 3323. 3323. 3323. 3323. 3323. 3323. 3323. 2518. 2518. 2518.   27.   27.
   27.   27. 
   27.   27.   27.   27.   27.   27.   27.   27.   27.   27.   27.   27.
   27.   27.   27.   27. 2518. 2518. 3323. 3323. 3323. 2518. 2518. 2518.
   27. 2518. 
 3323. 3323. 3323. 2518. 2518. 2518.   27.   27.   27.   27.   27.   27.
   27.   27.   27.   27.   27.   27. 2518. 3323. 3323. 3323. 3323. 3323.
 3323. 3323. 
 3323. 3323. 2518. 2518. 2518. 2518. 3323. 2518. 2518.   27.   27.   27.
   27.   27.   27.   27.   27.   27.   27.   27.   27.   27.   27.   27.
   27.   27. 
   27.   27.   27. 2518. 2518. 3323. 3323. 3323. 2518. 2518.   27. 2518.
 3323. 3323. 2518. 2518.   27.   27.   27.   27.   27.   27.   27.   27.
   27.   27. 
   27.   27.   27.   27. 2518. 3323. 3323. 3323. 3323. 3323. 2518. 2518.
 2518. 2518. 2518.   27. 2518. 3323. 3323. 3323. 2518.   27.   27.   27.
   27.   27. 
   27.   27.   27.   27.   27.   27.   27.   27.   27.   27.   27.   27.
   27. 2518. 2518. 2518. 2518. 2518. 3323. 3323. 3323. 2518.   27. 2518.
 3323. 3323. 
 3323. 2518.   27.   27.   27.   27.   27.   27.   27.   27.   27.   27.
   27.   27.   27.   27. 2518. 3323. 3323. 2518. 2518. 2518. 2518. 3323.
 3323. 2518. 
   27.   27. 2518. 3323. 3323. 3323. 2518.   27.   27.   27.   27.   27.
   27.   27.   27.   27.   27.   27.   27.   27.   27.   27.   27. 2518.
 2518. 2518. 
 2518. 2518. 2518. 2518. 2518. 3323. 3323. 2518.   27. 2518. 3323. 3323.
 3323. 2518. 2518.   27.   27.   27.   27.   27.   27.   27.   27.   27.
   27.   27. 
   27.   27. 2518. 3323. 3323. 2518. 2518. 2518. 3323. 3323. 3323. 2518.
   27.   27. 2518. 2518. 3323. 3323. 3323. 2518.   27.   27.   27.   27.
   27.   27. 
   27.   27.   27.   27.   27.   27.   27.   27. 2518. 3323. 3323. 3323.
 3323. 3323. 3323. 3323. 2518. 3323. 3323. 3323.   27. 2518. 2518. 3323.
 3323. 3323. 
 2518.   27.   27.   27.   27.   27.   27.   27.   27.   27.   27.   27.
   27.   27. 2518. 3323. 3323. 3323. 2518. 2518. 3323. 3323. 3323. 2518.
   27.   27. 
   27. 2518. 3323. 3323. 3323. 2518.   27.   27.   27.   27.   27.   27.
   27.   27.   27.   27.   27.   27.   27. 2518. 2518. 3323. 3323. 3323.
 3323. 3323. 
 3323. 3323. 2518. 2518. 3323. 3323.   27.   27. 2518. 3323. 3323. 3323.
 2518. 2518.   27.   27.   27.   27.   27.   27.   27.   27.   27.   27.
   27. 2518. 
 2518. 3323. 3323. 3323. 2518. 3323. 3323. 3323. 2518. 2518.   27.   27.
   27. 2518. 3323. 3323. 3323. 2518.   27.   27.   27.   27.   27.   27.
   27.   27. 
   27.   27.   27.   27.   27. 2518. 2518. 3323. 3323. 2518. 2518. 2518.
 2518. 2518. 2518. 3323. 3323. 3323.   27.   27.   27. 2518. 3323. 3323.
 3323. 2518. 
   27.   27.   27.   27.   27.   27.   27.   27.   27. 2518. 2518. 2518.
 3323. 2518. 3323. 3323. 3323. 2518. 3323. 2518. 2518. 2518. 2518. 2518.
 2518. 3323. 
 3323. 3323. 2518. 2518.   27.   27.   27.   27.   27.   27.   27.   27.
   27.   27.   27.   27.   27.   27. 2518. 3323. 3323. 3323. 2518. 2518.
 2518. 2518. 
 2518. 3323. 3323. 2518.   27.   27.   27. 2518. 2518. 3323. 3323. 2518.
   27.   27.   27.   27.   27.   27.   27.   27. 2518. 2518. 3323. 3323.
 3323. 2518. 
 3323. 3323. 3323. 2518. 2518. 2518. 2518. 2518. 2518. 3323. 3323. 3323.
 3323. 3323. 2518.   27.   27.   27.   27.   27.   27.   27.   27.   27.
   27.   27. 
   27.   27.   27.   27. 2518. 2518. 3323. 3323. 3323. 3323. 2518. 2518.
 3323. 3323. 3323. 2518.   27.   27.   27.   27. 2518. 3323. 3323. 3323.
 2518.   27. 
   27.   27.   27.   27.   27. 2518. 3323. 3323. 3323. 3323. 3323. 2518.
 3323. 3323. 3323. 2518. 2518. 2518. 3323. 3323. 3323. 3323. 3323. 3323.
 3323. 2518. 
   27.   27.   27.   27.   27.   27.   27.   27.   27.   27.   27.   27.
   27.   27.   27.   27.   27. 2518. 2518. 2518. 2518. 2518. 3323. 3323.
 3323. 3323. 
 3323. 2518.   27.   27.   27.   27. 2518. 2518. 3323. 3323. 2518.   27.
   27.   27.   27.   27. 2518. 2518. 3323. 3323. 3323. 3323. 2518. 2518.
 2518. 3323. 
 3323. 2518. 2518. 3323. 3323. 3323. 3323. 3323. 3323. 2518. 2518.   27.
   27.   27.   27.   27.   27.   27.   27.   27.   27.   27.   27.   27.
   27.   27. 
   27.   27.   27. 2518. 2518. 3323. 3323. 3323. 3323. 3323. 3323. 3323.
 2518.   27.   27.   27.   27.   27. 2518. 2518. 3323. 3323. 2518.   27.
   27.   27. 
   27.   27. 2518. 3323. 3323. 3323. 2518. 2518. 2518.   27. 2518. 3323.
 3323. 3323. 2518. 3323. 3323. 3323. 2518. 2518. 2518.   27.   27.   27.
   27.   27. 
   27.   27.   27.   27.   27.   27.   27.   27.   27.   27.   27.   27.
   27.   27. 2518. 2518. 3323. 3323. 3323. 3323. 3323. 2518. 2518. 2518.
 2518. 2518. 
   27.   27. 2518. 2518. 2518. 3323. 3323. 3323. 2518.   27.   27.   27.
   27.   27. 2518. 2518. 3323. 3323. 3323. 2518.   27.   27. 2518. 3323.
 3323. 3323. 
 2518. 3323. 2518. 2518. 2518.   27.   27.   27.   27.   27.   27.   27.
   27.   27.   27.   27.   27.   27.   27.   27.   27.   27.   27.   27.
   27.   27. 
 2518. 3323. 3323. 3323. 2518. 2518. 2518. 2518. 3323. 3323. 2518.   27.
 2518. 2518. 3323. 3323. 3323. 3323. 3323. 2518. 2518.   27.   27.   27.
   27.   27. 
   27. 2518. 3323. 3323. 3323. 2518. 2518. 2518. 2518. 3323. 3323. 2518.
 2518. 2518. 2518.   27.   27.   27.   27.   27.   27.   27.   27.   27.
   27.   27. 
   27.   27.   27.   27.   27.   27.   27.   27.   27.   27. 2518. 2518.
 2518. 3323. 3323. 2518. 2518. 3323. 3323. 3323. 3323. 2518. 2518.   27.
 3323. 3323. 
 3323. 3323. 3323. 3323. 2518. 2518.   27.   27.   27.   27.   27.   27.
   27. 2518. 2518. 3323. 3323. 3323. 2518. 2518. 3323. 3323. 3323. 2518.
 2518. 2518. 
   27.   27.   27.   27.   27.   27.   27.   27.   27.   27.   27.   27.
   27.   27.   27.   27.   27.   27.   27.   27.   27.   27. 2518. 3323.
 2518. 3323. 
 3323. 3323. 2518. 2518. 2518. 3323. 2518. 2518.   27.   27. 3323. 3323.
 3323. 3323. 2518. 2518. 2518.   27.   27.   27.   27.   27.   27.   27.
   27.   27. 
 2518. 2518. 2518. 2518. 2518. 3323. 3323. 3323. 2518. 2518. 2518.   27.
   27.   27.   27.   27.   27.   27.   27.   27.   27.   27.   27.   27.
   27.   27. 
   27.   27.   27.   27.   27.   27.   27. 2518. 2518. 3323. 2518. 2518.
 3323. 3323. 3323. 3323. 2518. 2518. 2518.   27.   27.   27. 3323. 3323.
 2518. 2518. 
 2518.   27.   27.   27.   27.   27.   27.   27.   27.   27.   27. 2518.
 2518. 2518. 3323. 3323. 3323. 3323. 3323. 2518. 2518. 3323. 2518.   27.
   27.   27. 
   27.   27.   27.   27.   27.   27.   27.   27.   27.   27.   27.   27.
   27.   27.   27.   27.   27.   27.   27. 2518. 3323. 3323. 3323. 2518.
 2518. 3323. 
 3323. 3323. 3323. 3323. 2518. 2518.   27.   27. 2518. 2518. 2518.   27.
   27.   27.   27.   27.   27.   27.   27.   27.   27.   27. 2518. 2518.
 3323. 3323. 
 3323. 3323. 3323. 3323. 2518. 2518. 3323. 3323. 2518.   27.   27.   27.
   27.   27.   27.   27.   27.   27.   27.   27.   27.   27.   27.   27.
   27.   27. 
   27.   27.   27.   27.   27. 2518. 3323. 3323. 3323. 2518. 2518. 2518.
 2518. 3323. 3323. 3323. 3323. 2518. 2518.   27.   27.   27.   27.   27.
   27.   27. 
   27.   27.   27.   27.   27.   27.   27.   27. 2518. 3323. 3323. 3323.
 3323. 3323. 2518. 2518. 2518. 2518. 3323. 3323. 2518.   27.   27.   27.
   27.   27. 
   27.   27.   27.   27.   27.   27.   27.   27.   27.   27.   27.   27.
   27.   27.   27.   27.   27. 2518. 2518. 3323. 3323. 3323. 2518.   27.
 2518. 2518. 
 2518. 3323. 3323. 3323. 2518.   27.   27.   27.   27.   27.   27.   27.
   27.   27.   27.   27. 2518. 2518. 2518. 2518. 2518. 3323. 3323. 3323.
 2518. 2518. 
 2518. 3323. 2518. 2518. 3323. 3323. 2518. 2518.   27.   27.   27.   27.
   27.   27.   27.   27.   27.   27.   27.   27.   27.   27.   27.   27.
   27.   27. 
   27.   27.   27.   27. 2518. 3323. 3323. 3323. 2518. 2518. 2518.   27.
 2518. 2518. 3323. 3323. 2518. 2518.   27.   27.   27.   27.   27.   27.
   27.   27. 
 2518. 2518. 2518. 3323. 3323. 3323. 2518. 3323. 3323. 3323. 2518. 3323.
 3323. 3323. 2518. 2518. 3323. 3323. 2518. 2518.   27.   27.   27.   27.
   27.   27. 
   27.   27.   27.   27.   27.   27.   27.   27.   27.   27.   27.   27.
   27.   27.   27.   27. 2518. 2518. 3323. 3323. 3323. 2518. 2518. 2518.
 2518. 2518. 
 3323. 3323. 3323. 2518. 2518.   27.   27.   27.   27.   27.   27. 2518.
 2518. 3323. 3323. 3323. 3323. 3323. 2518. 3323. 3323. 3323. 2518. 3323.
 3323. 2518. 
 2518. 2518. 3323. 3323. 3323. 2518.   27.   27.   27.   27.   27.   27.
   27.   27.   27.   27.   27.   27.   27.   27.   27.   27.   27.   27.
   27.   27. 
   27.   27.   27. 2518. 3323. 3323. 3323. 2518. 2518. 2518. 3323. 3323.
 3323. 3323. 2518. 2518. 3323. 2518.   27.   27.   27.   27.   27. 2518.
 3323. 3323. 
 3323. 3323. 3323. 2518. 2518. 3323. 3323. 3323. 2518. 2518. 2518. 2518.
 2518. 2518. 3323. 3323. 2518. 2518.   27.   27.   27.   27.   27.   27.
   27.   27. 
   27.   27.   27.   27.   27.   27.   27.   27.   27.   27.   27.   27.
   27.   27.   27. 2518. 2518. 2518. 2518. 2518. 3323. 3323. 3323. 3323.
 3323. 3323. 
 2518. 2518. 3323. 2518. 2518.   27.   27.   27. 2518. 2518. 3323. 3323.
 2518. 2518. 2518. 2518. 2518. 2518. 3323. 3323. 3323. 2518. 2518. 3323.
 2518. 2518. 
 3323. 3323. 2518. 2518.   27.   27.   27.   27.   27.   27.   27.   27.
   27.   27.   27.   27.   27.   27.   27.   27.   27.   27.   27.   27.
   27.   27. 
   27.   27. 2518. 2518. 3323. 3323. 3323. 3323. 3323. 3323. 2518. 2518.
 2518.   27. 3323. 3323. 2518. 2518.   27.   27. 2518. 2518. 3323. 3323.
 2518.   27. 
 2518. 2518. 2518. 2518. 3323. 3323. 3323. 2518. 2518. 3323. 3323. 3323.
 3323. 2518. 2518.   27.   27.   27.   27.   27.   27.   27.   27.   27.
   27.   27. 
   27.   27.   27.   27.   27.   27.   27.   27.   27.   27.   27.   27.
 2518. 2518. 2518. 3323. 3323. 3323. 3323. 2518. 2518. 2518. 2518.   27.
   27.   27. 
 3323. 3323. 3323. 2518.   27.   27. 2518. 2518. 3323. 3323. 2518.   27.
 2518. 3323. 3323. 2518. 2518. 3323. 3323. 2518. 2518. 3323. 3323. 3323.
 3323. 2518. 
 2518.   27.   27.   27.   27.   27.   27.   27.   27.   27.   27.   27.
   27.   27.   27.   27.   27.   27.   27.   27.   27.   27. 2518. 2518.
 2518. 2518. 
 2518. 3323. 3323. 3323. 2518. 2518. 2518. 2518.   27.   27.   27.   27.
 2518. 3323. 3323. 2518.   27.   27.   27. 2518. 3323. 3323. 2518. 2518.
 2518. 3323. 
 3323. 3323. 2518. 3323. 3323. 3323. 2518. 2518. 2518. 2518. 2518. 2518.
   27.   27.   27.   27.   27.   27.   27.   27.   27.   27.   27.   27.
   27.   27. 
   27.   27.   27.   27.   27.   27. 2518. 2518. 3323. 3323. 3323. 3323.
 2518. 3323. 3323. 2518. 2518. 2518. 2518. 2518.   27.   27.   27.   27.
 3323. 3323. 
 3323. 2518.   27.   27.   27. 2518. 3323. 3323. 2518. 2518. 3323. 3323.
 3323. 2518. 2518. 3323. 3323. 3323. 2518.   27. 2518.   27.   27.   27.
   27.   27. 
   27.   27.   27.   27.   27.   27.   27.   27.   27.   27.   27.   27.
   27.   27.   27.   27.   27. 2518. 2518. 3323. 3323. 3323. 3323. 3323.
 2518. 3323. 
 3323. 3323. 3323. 3323. 2518. 2518. 2518. 2518.   27.   27. 3323. 3323.
 2518. 2518.   27.   27.   27. 2518. 2518. 3323. 3323. 2518. 3323. 3323.
 3323. 3323. 
 2518. 2518. 3323. 3323. 2518.   27.   27.   27.   27.   27.   27.   27.
   27.   27.   27.   27.   27.   27.   27.   27.   27.   27.   27.   27.
   27.   27. 
   27.   27.   27. 2518. 3323. 3323. 3323. 3323. 2518. 3323. 2518. 2518.
 2518. 3323. 3323. 3323. 3323. 3323. 2518. 2518. 2518.   27. 3323. 2518.
 2518.   27. 
   27.   27.   27.   27. 2518. 3323. 3323. 2518. 2518. 3323. 3323. 3323.
 2518. 2518. 3323. 3323. 2518. 2518.   27.   27.   27.   27.   27.   27.
   27.   27. 
   27.   27.   27.   27.   27.   27.   27.   27.   27.   27.   27.   27.
   27.   27.   27. 2518. 3323. 3323. 2518. 2518. 2518. 2518. 2518. 2518.
 2518. 2518. 
 2518. 2518. 3323. 3323. 3323. 2518. 2518.   27. 2518. 2518.   27.   27.
   27.   27.   27.   27. 2518. 3323. 3323. 3323. 2518. 2518. 2518. 2518.
 2518. 2518. 
 3323. 3323. 2518. 2518.   27.   27.   27.   27.   27.   27.   27.   27.
   27.   27.   27.   27.   27.   27.   27.   27.   27.   27.   27.   27.
   27.   27. 
   27. 2518. 3323. 3323. 2518. 2518.   27.   27.   27.   27.   27.   27.
 2518. 2518. 2518. 3323. 3323. 3323. 2518. 2518. 2518.   27.   27.   27.
   27.   27. 
   27.   27. 2518. 2518. 2518. 2518. 2518. 2518. 2518. 3323. 3323. 3323.
 3323. 3323. 2518. 2518.   27.   27.   27.   27.   27.   27.   27.   27.
   27.   27. 
   27.   27.   27.   27.   27.   27.   27.   27.   27.   27.   27.   27.
   27. 2518. 3323. 3323. 2518. 2518. 2518.   27.   27.   27. 2518. 2518.
 2518. 2518. 
 2518. 2518. 3323. 3323. 2518. 2518.   27.   27.   27.   27.   27.   27.
   27.   27. 2518. 2518. 2518. 3323. 3323. 3323. 3323. 3323. 3323. 3323.
 3323. 3323. 
 2518.   27.   27.   27.   27.   27.   27.   27.   27.   27.   27.   27.
   27.   27.   27.   27.   27.   27.   27.   27.   27.   27.   27.   27.
   27. 2518. 
 3323. 3323. 3323. 3323. 2518. 2518. 2518. 2518. 2518. 2518. 2518. 2518.
 3323. 3323. 3323. 3323. 2518. 2518.   27.   27.   27.   27.   27.   27.
   27.   27. 
 2518. 2518. 3323. 3323. 3323. 3323. 3323. 3323. 3323. 2518. 2518. 2518.
 2518.   27.   27.   27.   27.   27.   27.   27.   27.   27.   27.   27.
   27.   27. 
   27.   27.   27.   27.   27.   27.   27.   27.   27.   27.   27. 2518.
 2518. 3323. 3323. 3323. 2518. 2518. 3323. 3323. 3323. 3323. 3323. 3323.
 3323. 3323. 
 3323. 2518. 2518.   27.   27.   27.   27.   27.   27.   27. 2518. 2518.
 2518. 3323. 3323. 3323. 3323. 2518. 2518. 2518. 2518. 2518. 2518. 2518.
 2518.   27. 
   27.   27.   27.   27.   27.   27.   27.   27.   27.   27.   27.   27.
   27.   27.   27.   27.   27.   27.   27.   27.   27.   27.   27.   27.
 2518. 2518. 
 3323. 3323. 2518. 3323. 3323. 3323. 3323. 3323. 3323. 3323. 3323. 3323.
 2518. 2518.   27.   27.   27.   27.   27.   27.   27. 2518. 3323. 2518.
 2518. 3323. 
 3323. 2518. 2518. 2518. 2518. 3323. 3323. 3323. 3323. 2518. 2518.   27.
   27.   27.   27.   27.   27.   27.   27.   27.   27.   27.   27.   27.
   27.   27. 
   27.   27.   27.   27.   27.   27.   27.   27.   27.   27.   27. 2518.
 2518. 3323. 2518. 3323. 3323. 2518. 2518. 2518. 2518. 2518. 2518. 2518.
 2518. 2518. 
   27.   27.   27.   27.   27.   27.   27. 2518. 3323. 2518. 2518. 3323.
 3323. 2518. 2518. 3323. 3323. 3323. 3323. 3323. 3323. 2518. 2518.   27.
   27.   27. 
   27.   27.   27.   27.   27.   27.   27.   27.   27.   27.   27.   27.
   27.   27.   27.   27.   27.   27.   27.   27.   27.   27.   27.   27.
 2518. 2518. 
 2518. 3323. 3323. 2518.   27.   27.   27.   27.   27.   27.   27.   27.
   27.   27.   27.   27.   27.   27.   27. 2518. 2518. 2518. 2518. 3323.
 3323. 2518. 
 2518. 2518. 3323. 3323. 3323. 2518. 2518. 2518.   27.   27.   27.   27.
   27.   27.   27.   27.   27.   27.   27.   27.   27.   27.   27.   27.
   27.   27. 
   27.   27.   27.   27.   27.   27.   27.   27.   27.   27. 2518. 2518.
 2518. 3323. 3323. 3323. 2518.   27.   27.   27.   27.   27.   27.   27.
   27.   27. 
   27.   27.   27.   27. 2518. 2518. 2518. 2518. 2518. 3323. 3323. 3323.
 3323. 2518. 2518. 2518. 2518. 2518.   27.   27.   27.   27.   27.   27.
   27.   27. 
   27.   27.   27.   27.   27.   27.   27.   27.   27.   27.   27.   27.
   27.   27.   27.   27.   27.   27.   27. 2518. 2518. 2518. 2518. 2518.
 2518. 3323. 
 3323. 3323. 2518.   27.   27.   27.   27.   27.   27.   27.   27.   27.
   27.   27.   27. 2518. 2518. 3323. 3323. 3323. 2518. 2518. 3323. 3323.
 3323. 2518. 
 2518.   27.   27.   27.   27.   27.   27.   27.   27.   27.   27.   27.
   27.   27.   27.   27.   27.   27.   27.   27.   27.   27.   27.   27.
   27.   27. 
   27.   27.   27. 2518. 2518. 2518. 2518. 3323. 3323. 3323. 2518. 2518.
 3323. 3323. 2518. 2518.   27.   27.   27.   27.   27.   27.   27.   27.
   27.   27. 
 2518. 2518. 3323. 3323. 3323. 3323. 2518. 2518. 2518. 3323. 3323. 3323.
 2518. 2518.   27.   27.   27.   27.   27.   27.   27.   27.   27.   27.
   27.   27. 
   27.   27.   27.   27.   27.   27.   27.   27.   27.   27.   27.   27.
   27.   27. 2518. 2518. 3323. 3323. 3323. 3323. 3323. 3323. 3323. 2518.
 3323. 3323. 
 3323. 2518.   27.   27.   27.   27.   27.   27.   27.   27.   27.   27.
 2518. 3323. 3323. 3323. 3323. 2518. 2518. 2518. 2518. 2518. 3323. 3323.
 3323. 2518. 
   27.   27.   27.   27.   27.   27.   27.   27.   27.   27.   27.   27.
   27.   27.   27.   27.   27.   27.   27.   27.   27.   27.   27.   27.
   27. 2518. 
 2518. 3323. 3323. 3323. 3323. 3323. 3323. 2518. 2518. 2518. 3323. 3323.
 3323. 2518.   27.   27.   27.   27.   27.   27.   27.   27.   27. 2518.
 2518. 3323. 
 3323. 2518. 2518. 2518. 3323. 3323. 2518. 2518. 3323. 3323. 3323. 2518.
 2518.   27.   27.   27.   27.   27.   27.   27.   27.   27.   27.   27.
   27.   27. 
   27.   27.   27.   27.   27.   27.   27.   27.   27.   27.   27. 2518.
 3323. 3323. 3323. 2518. 2518. 2518. 2518. 2518. 2518. 2518. 3323. 3323.
 3323. 2518. 
   27.   27.   27.   27.   27.   27.   27.   27.   27.   27. 2518. 3323.
 3323. 2518. 2518. 2518. 3323. 3323. 2518. 2518. 2518. 3323. 3323. 3323.
 2518.   27. 
   27.   27.   27.   27.   27.   27.   27.   27.   27.   27.   27.   27.
   27.   27.   27.   27.   27.   27.   27.   27.   27.   27. 2518. 2518.
 3323. 3323. 
 2518. 2518. 2518.   27.   27.   27.   27. 2518. 3323. 3323. 3323. 2518.
 2518.   27.   27.   27.   27.   27.   27.   27.   27.   27. 2518. 3323.
 3323. 3323. 
 2518. 2518. 3323. 3323. 3323. 2518. 2518. 2518. 3323. 3323. 2518.   27.
   27.   27.   27.   27.   27.   27.   27.   27.   27.   27.   27.   27.
   27.   27. 
   27.   27.   27.   27.   27.   27.   27.   27. 2518. 2518. 3323. 3323.
 2518. 2518.   27.   27.   27.   27.   27. 2518. 2518. 3323. 3323. 2518.
 2518.   27. 
   27.   27.   27.   27.   27.   27.   27.   27.   27. 2518. 3323. 3323.
 3323. 2518. 2518. 2518. 2518. 2518. 2518. 2518. 3323. 3323. 2518. 2518.
   27.   27. 
   27.   27.   27.   27.   27.   27.   27.   27.   27.   27.   27.   27.
   27.   27.   27.   27.   27.   27.   27.   27. 2518. 2518. 2518. 2518.
 2518. 2518. 
 2518. 2518. 2518. 2518. 2518. 2518. 3323. 3323. 3323. 2518. 2518.   27.
   27.   27.   27.   27.   27.   27.   27.   27.   27. 2518. 2518. 3323.
 3323. 2518. 
 2518. 2518. 2518. 2518. 3323. 3323. 3323. 3323. 2518.   27.   27.   27.
   27.   27.   27.   27.   27.   27.   27.   27.   27.   27.   27.   27.
   27.   27. 
   27.   27.   27.   27.   27.   27. 2518. 2518. 2518. 3323. 3323. 3323.
 3323. 3323. 2518. 2518. 2518. 3323. 3323. 3323. 3323. 2518. 2518.   27.
   27.   27. 
   27.   27.   27.   27.   27.   27. 2518. 2518. 2518. 2518. 2518. 3323.
 3323. 3323. 3323. 3323. 3323. 3323. 3323. 2518. 2518.   27.   27.   27.
   27.   27. 
   27.   27.   27.   27.   27.   27.   27.   27.   27.   27.   27.   27.
   27.   27.   27.   27.   27. 2518. 2518. 3323. 3323. 3323. 3323. 3323.
 3323. 3323. 
 3323. 3323. 3323. 3323. 3323. 3323. 2518. 2518.   27.   27.   27.   27.
   27.   27.   27.   27. 2518. 2518. 2518. 3323. 3323. 2518. 3323. 3323.
 3323. 3323. 
 3323. 3323. 3323. 2518. 2518. 2518.   27.   27.   27.   27.   27.   27.
   27.   27.   27.   27.   27.   27.   27.   27.   27.   27.   27.   27.
   27.   27. 
   27.   27.   27. 2518. 3323. 3323. 3323. 3323. 3323. 3323. 3323. 3323.
 3323. 3323. 3323. 3323. 3323. 3323. 2518.   27.   27.   27.   27.   27.
   27.   27. 
   27.   27. 2518. 3323. 3323. 3323. 3323. 2518. 3323. 3323. 2518. 2518.
 2518. 2518. 2518. 2518.   27.   27.   27.   27.   27.   27.   27.   27.
   27.   27. 
   27.   27.   27.   27.   27.   27.   27.   27.   27.   27.   27.   27.
   27.   27.   27. 2518. 3323. 3323. 3323. 2518. 2518. 2518. 2518. 2518.
 2518. 2518. 
 2518. 2518. 2518. 2518. 2518.   27.   27.   27.   27.   27.   27.   27.
   27.   27. 3323. 3323. 3323. 3323. 2518. 2518. 3323. 3323. 2518. 3323.
 2518. 2518. 
 27. 27. 27. 27. 27. 27. 27. 27. 27. 27. 27. 27. 27. 27. 27. 27. 27. 27.
 27. 27. 27. 27. 27. 27. 27. 27. 
 2518. 2518. 3323. 3323. 3323. 2518. 2518. 2518. 2518. 2518. 2518. 2518.
 2518. 2518.   27.   27.   27.   27.   27.   27.   27.   27.   27.   27.
   27.   27. 
 2518. 2518. 2518. 2518. 2518. 2518. 3323. 3323. 2518. 2518. 2518. 2518.
   27.   27.   27.   27.   27.   27.   27.   27.   27.   27.   27.   27.
   27.   27. 
   27.   27.   27.   27.   27.   27.   27.   27.   27.   27.   27.   27.
   27. 2518. 3323. 3323. 3323. 2518. 2518.   27. 2518. 2518. 3323. 3323.
 2518. 2518. 
   27.   27.   27.   27.   27.   27.   27.   27.   27.   27.   27.   27.
 2518. 3323. 3323. 3323. 3323. 2518. 3323. 3323. 3323. 3323. 2518. 2518.
   27.   27. 
   27.   27.   27.   27.   27.   27.   27.   27.   27.   27.   27.   27.
   27.   27.   27.   27.   27.   27.   27.   27.   27.   27.   27.   27.
   27. 2518. 
 2518. 3323. 3323. 3323. 2518. 2518.   27. 2518. 2518. 3323. 3323. 2518.
   27.   27.   27.   27.   27.   27.   27.   27.   27.   27.   27.   27.
 3323. 3323. 
 3323. 3323. 3323. 3323. 2518. 3323. 3323. 3323. 3323. 3323. 2518. 2518.
   27.   27.   27.   27.   27.   27.   27.   27.   27.   27.   27.   27.
   27.   27. 
   27.   27.   27.   27.   27.   27.   27.   27.   27.   27.   27. 2518.
 2518. 3323. 3323. 3323. 3323. 2518. 2518. 2518. 3323. 3323. 3323. 2518.
   27.   27. 
   27.   27.   27.   27.   27.   27.   27.   27.   27.   27. 3323. 3323.
 2518. 2518. 2518. 2518. 2518. 2518. 3323. 3323. 3323. 3323. 3323. 2518.
 2518.   27. 
   27.   27.   27.   27.   27.   27.   27.   27.   27.   27.   27.   27.
   27.   27.   27.   27.   27.   27.   27.   27.   27.   27.   27. 2518.
 2518. 2518. 
 3323. 3323. 3323. 2518. 2518. 3323. 3323. 3323. 2518. 2518.   27.   27.
   27.   27.   27.   27.   27.   27.   27.   27.   27.   27. 3323. 2518.
 2518. 3323. 
 2518. 2518. 2518.   27. 2518. 2518. 3323. 3323. 3323. 3323. 2518. 2518.
   27.   27.   27.   27.   27.   27.   27.   27.   27.   27.   27.   27.
   27.   27. 
   27.   27.   27.   27.   27.   27.   27.   27. 2518. 2518. 3323. 2518.
 2518. 3323. 3323. 3323. 2518. 2518. 3323. 2518. 2518.   27.   27.   27.
   27.   27. 
   27.   27.   27.   27.   27.   27.   27.   27. 3323. 2518. 2518. 3323.
 3323. 3323. 2518. 2518.   27. 2518. 2518. 3323. 3323. 3323. 3323. 2518.
   27.   27. 
   27.   27.   27.   27.   27.   27.   27.   27.   27.   27.   27.   27.
   27.   27.   27.   27.   27.   27.   27. 2518. 2518. 3323. 3323. 3323.
 2518. 2518. 
 3323. 3323. 3323. 2518. 2518. 2518.   27.   27.   27.   27.   27.   27.
   27.   27.   27.   27.   27.   27.   27.   27. 3323. 3323. 2518. 2518.
 3323. 3323. 
 3323. 3323. 2518.   27.   27. 2518. 3323. 3323. 3323. 2518. 2518.   27.
   27.   27.   27.   27.   27.   27.   27.   27.   27.   27.   27.   27.
   27.   27. 
   27.   27.   27.   27.   27. 2518. 2518. 3323. 3323. 2518. 2518. 2518.
 3323. 3323. 3323. 2518. 2518.   27.   27.   27.   27.   27.   27.   27.
   27.   27. 
   27.   27.   27.   27.   27.   27. 3323. 3323. 3323. 2518. 2518. 3323.
 3323. 3323. 2518.   27.   27. 2518. 2518. 3323. 3323. 2518. 2518.   27.
   27.   27. 
   27.   27.   27.   27.   27.   27.   27.   27.   27.   27.   27.   27.
   27.   27.   27.   27.   27. 2518. 2518. 3323. 3323. 2518. 2518. 2518.
 3323. 3323. 
 3323. 2518.   27.   27.   27.   27.   27.   27.   27.   27.   27.   27.
   27.   27.   27.   27.   27.   27. 2518. 3323. 3323. 3323. 2518. 2518.
 3323. 3323. 
 2518.   27.   27. 2518. 2518. 3323. 3323. 2518. 2518.   27.   27.   27.
   27.   27.   27.   27.   27.   27.   27.   27.   27.   27.   27.   27.
   27.   27. 
   27.   27.   27. 2518. 2518. 3323. 2518. 2518. 2518. 3323. 3323. 3323.
 3323. 2518.   27.   27.   27.   27.   27.   27.   27.   27.   27.   27.
   27.   27. 
   27.   27.   27.   27.   27. 2518. 2518. 3323. 3323. 3323. 2518. 2518.
 2518. 2518. 2518. 3323. 3323. 3323. 3323. 2518.   27.   27.   27.   27.
   27.   27. 
   27.   27.   27.   27.   27.   27.   27.   27.   27.   27.   27.   27.
   27.   27.   27.   27. 2518. 2518. 2518. 3323. 3323. 3323. 3323. 3323.
 2518. 2518. 
   27.   27.   27.   27.   27.   27.   27.   27.   27.   27.   27.   27.
   27.   27.   27.   27. 2518. 2518. 2518. 2518. 3323. 3323. 2518. 2518.
 2518. 2518. 
 3323. 3323. 3323. 3323. 2518. 2518.   27.   27.   27.   27.   27.   27.
   27.   27.   27.   27.   27.   27.   27.   27.   27.   27.   27.   27.
   27.   27. 
   27.   27. 2518. 2518. 3323. 3323. 3323. 3323. 3323. 2518. 2518.   27.
   27.   27.   27.   27.   27.   27.   27.   27.   27.   27.   27.   27.
   27.   27. 
   27.   27. 3323. 3323. 3323. 2518. 2518. 2518. 2518. 3323. 3323. 3323.
 3323. 3323. 2518. 2518. 2518.   27.   27.   27.   27.   27.   27.   27.
   27.   27. 
   27.   27.   27.   27.   27.   27.   27.   27.   27.   27.   27.   27.
   27. 2518. 2518. 3323. 3323. 3323. 2518. 2518. 2518. 2518.   27.   27.
   27.   27. 
 27. 27. 27. 27. 27. 27. 27. 27. 27. 27. 27. 27. 27. 27. 
/