PERMI
   37.   37. 2922. 2922. 3997. 3997. 2922. 2922. 3997. 3997. 3997. 3997.
 3997. 3997. 2922. 2922. 2922. 2922. 2922. 2922. 3997. 3997. 3997. 3997.
 3997. 3997. 
 3997. 3997. 2922. 2922.   37.   37. 2922. 3997. 3997. 3997. 3997. 2922.
 3997. 3997. 3997. 2922. 2922. 3997. 3997. 3997. 2922. 2922. 3997. 3997.
 3997. 2922. 
 2922.   37.   37.   37.   37.   37.   37. 2922. 2922. 3997. 3997. 3997.
   37.   37.   37. 2922. 2922. 2922. 2922. 2922. 3997. 3997. 3997. 3997.
 3997. 2922. 
 2922. 2922. 2922. 3997. 3997. 2922. 2922. 3997. 3997. 3997. 3997. 3997.
 3997. 2922. 2922. 2922.   37. 2922. 2922. 2922. 3997. 3997. 3997. 3997.
 3997. 3997. 
 3997. 2922. 2922. 3997. 3997. 3997. 3997. 3997. 3997. 3997. 3997. 2922.
 2922. 2922.   37.   37.   37.   37.   37. 2922. 2922. 3997. 3997. 3997.
 2922. 2922. 
   37.   37.   37. 2922. 2922. 2922. 2922. 3997. 3997. 3997. 2922. 2922.
 2922. 3997. 3997. 3997. 3997. 3997. 2922. 2922. 3997. 3997. 3997. 3997.
 3997. 2922. 
   37.   37. 2922. 2922. 3997. 2922. 2922. 3997. 3997. 3997. 3997. 3997.
 2922. 2922. 2922. 3997. 3997. 3997. 3997. 3997. 3997. 3997. 2922. 2922.
 3997. 2922. 
 2922.   37.   37. 2922. 2922. 2922. 2922. 2922. 3997. 3997. 2922. 2922.
   37.   37.   37.   37.   37. 2922. 2922. 2922. 2922. 2922. 2922. 2922.
 3997. 3997. 
 3997. 3997. 3997. 3997. 2922. 2922. 2922. 2922. 2922. 2922. 2922. 2922.
   37. 2922. 2922. 3997. 3997. 3997. 2922. 2922. 2922. 3997. 3997. 2922.
 2922.   37. 
 2922. 2922. 3997. 3997. 3997. 3997. 3997. 3997. 2922. 3997. 3997. 2922.
 2922.   37.   37. 2922. 2922. 3997. 2922. 2922. 2922. 3997. 3997. 2922.
 2922.   37. 
   37.   37.   37.   37.   37.   37.   37.   37. 2922. 2922. 3997. 3997.
 3997. 3997. 2922. 2922. 2922.   37. 2922. 2922. 2922. 2922. 2922. 2922.
 2922. 2922. 
 3997. 3997. 3997. 3997. 3997. 2922. 2922. 2922. 2922. 2922. 2922.   37.
   37. 2922. 2922. 3997. 3997. 3997. 2922. 2922. 2922. 3997. 3997. 3997.
 2922. 2922. 
 2922. 2922. 3997. 3997. 3997. 3997. 2922. 2922. 3997. 3997. 2922. 2922.
   37.   37.   37.   37.   37.   37.   37.   37.   37. 2922. 2922. 2922.
 2922. 2922. 
 2922.   37.   37.   37. 2922. 2922. 3997. 3997. 3997. 2922. 2922. 3997.
 3997. 3997. 3997. 3997. 2922. 2922. 3997. 3997. 3997. 3997. 2922. 2922.
   37. 2922. 
 2922. 2922. 2922. 2922. 2922. 2922. 2922. 3997. 3997. 3997. 2922. 2922.
 2922. 3997. 3997. 3997. 3997. 2922. 2922. 2922. 3997. 3997. 2922. 2922.
   37.   37. 
   37.   37.   37.   37.   37.   37.   37.   37.   37.   37.   37.   37.
   37.   37.   37.   37. 2922. 2922. 3997. 3997. 3997. 2922. 3997. 3997.
 3997. 3997. 
 3997. 2922.   37. 2922. 3997. 3997. 3997. 3997. 3997. 2922. 2922. 2922.
 3997. 3997. 3997. 3997. 2922. 2922. 2922. 3997. 3997. 3997. 3997. 2922.
 2922. 3997. 
 3997. 3997. 3997. 2922. 2922. 2922. 3997. 3997. 2922. 2922.   37.   37.
   37.   37.   37.   37.   37.   37.   37.   37.   37.   37.   37.   37.
   37.   37. 
   37.   37.   37. 2922. 3997. 3997. 3997. 3997. 3997. 3997. 3997. 2922.
 2922. 2922.   37. 2922. 2922. 3997. 3997. 3997. 3997. 3997. 2922. 2922.
 3997. 3997. 
 3997. 2922. 2922.   37. 2922. 2922. 3997. 3997. 3997. 2922. 2922. 3997.
 3997. 3997. 2922. 2922.   37. 2922. 3997. 3997. 2922. 2922. 2922.   37.
   37.   37. 
   37.   37.   37.   37.   37.   37.   37.   37.   37.   37.   37.   37.
   37.   37.   37. 2922. 2922. 3997. 3997. 3997. 3997. 3997. 2922. 2922.
   37.   37. 
   37.   37. 2922. 2922. 3997. 3997. 3997. 3997. 3997. 3997. 3997. 3997.
 3997. 2922.   37.   37. 2922. 2922. 3997. 3997. 3997. 2922. 3997. 3997.
 3997. 3997. 
 2922. 2922.   37.   37. 3997. 3997. 3997. 2922. 2922.   37.   37.   37.
   37.   37.   37.   37.   37.   37.   37.   37.   37.   37.   37.   37.
   37.   37. 
   37.   37. 2922. 2922. 3997. 3997. 3997. 2922. 2922.   37.   37.   37.
   37.   37.   37. 2922. 2922. 3997. 3997. 3997. 3997. 3997. 3997. 3997.
 2922. 2922. 
   37.   37. 2922. 2922. 3997. 3997. 3997. 3997. 3997. 3997. 3997. 3997.
 2922. 2922.   37.   37. 3997. 3997. 3997. 2922. 2922.   37.   37.   37.
   37.   37. 
   37.   37.   37. 2922. 2922. 2922.   37.   37.   37.   37.   37.   37.
   37.   37.   37. 2922. 2922. 2922. 2922. 2922.   37.   37.   37.   37.
   37.   37. 
   37.   37. 2922. 2922. 3997. 3997. 3997. 3997. 3997. 2922. 2922.   37.
   37.   37.   37. 2922. 2922. 3997. 3997. 3997. 3997. 3997. 3997. 3997.
 2922.   37. 
   37.   37. 3997. 3997. 3997. 3997. 2922.   37.   37.   37.   37.   37.
   37. 2922. 2922. 2922. 2922. 2922. 2922. 2922.   37.   37.   37.   37.
   37.   37. 
   37.   37.   37.   37.   37.   37.   37.   37.   37.   37.   37.   37.
   37.   37.   37. 2922. 2922. 2922. 2922. 2922. 2922. 2922.   37.   37.
   37.   37. 
   37. 2922. 2922. 2922. 3997. 3997. 3997. 3997. 3997. 2922. 2922.   37.
   37.   37. 3997. 3997. 3997. 3997. 2922.   37.   37.   37.   37. 2922.
 2922. 2922. 
 2922. 2922. 3997. 3997. 2922. 2922. 2922.   37.   37.   37.   37.   37.
   37.   37.   37.   37.   37.   37.   37.   37.   37.   37.   37.   37.
   37.   37. 
   37.   37.   37. 2922. 2922. 2922.   37.   37.   37.   37.   37.   37.
   37.   37. 2922. 2922. 2922. 3997. 3997. 3997. 2922. 2922.   37.   37.
   37.   37. 
 2922. 3997. 3997. 3997. 2922. 2922.   37.   37. 2922. 2922. 2922. 2922.
 3997. 3997. 3997. 3997. 3997. 3997. 2922. 2922.   37.   37.   37.   37.
   37.   37. 
 37. 37. 37. 37. 37. 37. 37. 37. 37. 37. 37. 37. 37. 37. 37. 37. 37. 37.
 37. 37. 37. 37. 37. 37. 37. 37. 
   37. 2922. 2922. 2922. 2922. 2922. 2922.   37.   37.   37.   37.   37.
 2922. 3997. 3997. 3997. 2922. 2922. 2922. 2922. 2922. 2922. 3997. 3997.
 3997. 3997. 
 3997. 3997. 3997. 3997. 3997. 2922. 2922.   37.   37.   37.   37.   37.
   37.   37.   37.   37.   37.   37.   37.   37.   37.   37.   37.   37.
   37.   37. 
   37.   37.   37.   37.   37.   37.   37.   37.   37.   37.   37.   37.
   37.   37.   37. 2922. 2922. 2922.   37.   37.   37.   37.   37.   37.
 2922. 3997. 
 3997. 3997. 3997. 2922. 2922. 2922. 2922. 3997. 3997. 3997. 3997. 3997.
 2922. 3997. 3997. 3997. 3997. 2922. 2922. 2922.   37.   37.   37.   37.
   37.   37. 
 37. 37. 37. 37. 37. 37. 37. 37. 37. 37. 37. 37. 37. 37. 37. 37. 37. 37.
 37. 37. 37. 37. 37. 37. 37. 37. 
   37.   37.   37.   37.   37.   37.   37.   37.   37.   37. 2922. 2922.
 3997. 3997. 3997. 3997. 3997. 3997. 3997. 3997. 3997. 3997. 2922. 2922.
 2922. 2922. 
 3997. 3997. 3997. 3997. 2922. 2922. 2922.   37.   37.   37.   37.   37.
   37.   37.   37.   37.   37.   37.   37.   37.   37.   37.   37.   37.
   37.   37. 
   37.   37.   37.   37.   37.   37.   37.   37.   37.   37.   37.   37.
   37.   37.   37.   37.   37.   37.   37.   37.   37.   37. 2922. 2922.
 3997. 3997. 
 3997. 3997. 3997. 3997. 3997. 3997. 3997. 2922. 2922. 2922.   37. 2922.
 2922. 3997. 3997. 3997. 3997. 2922. 2922. 2922.   37.   37.   37.   37.
   37.   37. 
 37. 37. 37. 37. 37. 37. 37. 37. 37. 37. 37. 37. 37. 37. 37. 37. 37. 37.
 37. 37. 37. 37. 37. 37. 37. 37. 
   37.   37.   37.   37.   37.   37.   37.   37.   37. 2922. 2922. 2922.
 3997. 3997. 3997. 3997. 3997. 2922. 2922. 2922. 2922.   37.   37. 2922.
 2922. 2922. 
 3997. 3997. 3997. 2922. 2922. 2922. 2922.   37.   37.   37.   37.   37.
   37.   37. 2922. 2922. 2922. 2922. 2922.   37.   37.   37.   37.   37.
   37.   37. 
   37.   37.   37.   37.   37.   37.   37.   37.   37.   37.   37.   37.
   37.   37.   37.   37.   37.   37.   37.   37.   37.   37. 2922. 2922.
 2922. 2922. 
 2922. 2922. 2922. 2922. 2922. 2922.   37.   37.   37.   37. 2922. 2922.
 2922. 3997. 3997. 3997. 3997. 2922. 2922. 2922.   37.   37.   37.   37.
 2922. 2922. 
 2922. 2922. 2922. 2922. 2922. 2922. 2922.   37.   37.   37.   37.   37.
   37.   37.   37.   37.   37. 2922.   37.   37.   37.   37.   37.   37.
   37.   37. 
   37.   37.   37.   37.   37. 2922.   37.   37.   37.   37. 2922. 2922.
 2922. 2922. 2922. 2922.   37.   37.   37.   37.   37.   37.   37. 2922.
 2922. 3997. 
 3997. 3997. 3997. 3997. 2922. 2922. 2922.   37. 2922. 2922. 2922. 2922.
 2922. 3997. 3997. 3997. 3997. 2922. 2922. 2922.   37.   37.   37.   37.
   37.   37. 
 2922. 2922. 2922. 2922. 2922. 2922. 2922.   37.   37.   37.   37.   37.
   37.   37.   37.   37. 2922. 2922.   37.   37.   37.   37.   37.   37.
   37.   37. 
   37.   37.   37.   37.   37.   37.   37.   37.   37. 2922. 2922. 2922.
 2922. 3997. 3997. 3997. 2922. 2922. 2922. 2922. 2922. 2922. 2922. 3997.
 3997. 3997. 
 3997. 3997. 3997. 3997. 2922. 2922.   37.   37.   37.   37.   37. 2922.
 2922. 2922. 3997. 3997. 3997. 2922. 2922. 2922.   37.   37.   37.   37.
   37.   37. 
   37. 2922. 2922. 2922. 2922. 2922.   37.   37.   37.   37.   37.   37.
   37.   37.   37.   37.   37.   37.   37.   37.   37.   37. 2922. 2922.
 2922. 2922. 
 3997. 3997. 3997. 3997. 2922. 2922. 2922. 3997. 3997. 3997. 3997. 3997.
 2922. 3997. 3997. 3997. 3997. 2922. 2922.   37.   37.   37. 2922. 2922.
 3997. 3997. 
 3997. 3997. 3997. 3997. 3997. 2922. 2922.   37.   37.   37.   37.   37.
 2922. 2922. 2922. 3997. 2922. 2922. 2922.   37.   37.   37.   37.   37.
   37.   37. 
   37.   37.   37.   37.   37.   37.   37.   37.   37. 2922. 2922. 2922.
 2922. 3997. 3997. 3997. 3997. 3997. 3997. 3997. 3997. 3997. 2922. 2922.
 2922. 2922. 
 3997. 3997. 3997. 2922. 2922.   37.   37.   37. 2922. 2922. 3997. 3997.
 3997. 3997. 3997. 3997. 3997. 2922. 2922.   37.   37.   37.   37. 2922.
 2922. 2922. 
 3997. 3997. 3997. 2922. 2922. 2922.   37.   37.   37.   37.   37.   37.
   37.   37.   37.   37.   37.   37.   37.   37.   37.   37.   37. 2922.
 2922. 2922. 
 3997. 3997. 3997. 3997. 3997. 3997. 3997. 2922. 2922. 2922. 2922. 2922.
 3997. 3997. 3997. 3997. 2922. 2922.   37.   37. 2922. 3997. 3997. 3997.
 3997. 3997. 
 3997. 3997. 3997. 3997. 2922. 2922. 2922.   37. 2922. 2922. 2922. 3997.
 3997. 3997. 3997. 3997. 2922. 2922. 2922.   37.   37.   37.   37.   37.
   37.   37. 
   37.   37.   37.   37.   37.   37.   37.   37.   37. 2922. 2922. 2922.
 2922. 2922. 2922. 2922. 2922. 2922. 2922. 2922. 2922.   37.   37. 2922.
 2922. 3997. 
 3997. 3997. 2922. 2922.   37. 2922. 2922. 3997. 3997. 3997. 3997. 2922.
 2922. 3997. 3997. 3997. 3997. 2922. 2922. 2922. 2922. 2922. 3997. 3997.
 3997. 3997. 
 3997. 3997. 3997. 2922. 2922.   37.   37.   37.   37.   37.   37.   37.
   37.   37.   37.   37.   37.   37.   37.   37.   37.   37.   37. 2922.
 2922. 2922. 
 2922. 2922. 2922. 2922. 2922.   37.   37.   37.   37. 2922. 2922. 3997.
 3997. 3997. 3997. 2922. 2922. 2922. 2922. 3997. 3997. 3997. 2922. 2922.
 2922. 3997. 
 3997. 3997. 3997. 3997. 3997. 2922. 2922. 3997. 3997. 3997. 3997. 2922.
 3997. 3997. 3997. 2922. 2922. 2922.   37.   37.   37.   37.   37.   37.
 2922. 2922. 
 2922. 2922.   37.   37.   37.   37.   37.   37.   37.   37.   37.   37.
   37.   37.   37.   37.   37.   37.   37.   37.   37. 2922. 2922. 3997.
 3997. 3997. 
 3997. 2922. 2922. 2922. 2922. 3997. 3997. 3997. 2922. 2922. 2922. 2922.
 3997. 3997. 3997. 3997. 3997. 3997. 3997. 3997. 3997. 3997. 3997. 2922.
 3997. 3997. 
 3997. 3997. 2922. 2922.   37.   37.   37.   37.   37. 2922. 2922. 2922.
 2922. 2922. 2922.   37.   37.   37.   37.   37.   37.   37.   37.   37.
   37.   37. 
   37.   37.   37.   37.   37.   37.   37.   37. 2922. 2922. 3997. 3997.
 3997. 2922. 2922. 2922. 3997. 3997. 3997. 3997. 2922. 2922.   37. 2922.
 2922. 2922. 
 3997. 3997. 3997. 3997. 3997. 3997. 3997. 3997. 2922. 2922. 2922. 3997.
 3997. 3997. 2922. 2922.   37.   37.   37.   37. 2922. 2922. 2922. 3997.
 3997. 2922. 
 2922. 2922.   37.   37.   37.   37.   37.   37.   37. 2922. 2922. 2922.
   37.   37.   37.   37.   37.   37.   37.   37. 2922. 2922. 3997. 3997.
 3997. 2922. 
 3997. 3997. 3997. 3997. 3997. 2922. 2922.   37.   37.   37. 2922. 2922.
 2922. 2922. 3997. 3997. 3997. 3997. 3997. 2922. 2922. 2922. 2922. 3997.
 3997. 3997. 
 3997. 2922. 2922.   37.   37. 2922. 2922. 2922. 3997. 3997. 3997. 3997.
 2922. 2922.   37.   37.   37.   37.   37. 2922. 2922. 2922. 2922. 2922.
 2922. 2922. 
   37.   37.   37.   37.   37.   37.   37. 2922. 2922. 3997. 3997. 3997.
 3997. 3997. 3997. 3997. 2922. 2922. 2922.   37.   37.   37.   37. 2922.
 2922. 2922. 
 2922. 2922. 3997. 3997. 2922. 2922. 2922.   37. 2922. 2922. 3997. 3997.
 3997. 2922. 2922. 2922. 2922. 2922. 2922. 3997. 3997. 3997. 3997. 3997.
 3997. 2922. 
   37.   37.   37.   37. 2922. 2922. 2922. 3997. 3997. 3997. 2922. 2922.
 2922.   37.   37.   37.   37.   37.   37. 2922. 2922. 2922. 3997. 3997.
 3997. 3997. 
 3997. 2922. 2922. 2922.   37.   37.   37.   37.   37.   37.   37. 2922.
 2922. 2922. 2922. 2922. 2922. 2922.   37.   37. 2922. 2922. 3997. 3997.
 3997. 2922. 
 2922. 2922. 2922. 2922. 3997. 3997. 3997. 3997. 3997. 3997. 3997. 2922.
 2922.   37.   37. 2922. 2922. 2922. 3997. 3997. 3997. 3997. 3997. 2922.
 2922.   37. 
   37.   37.   37.   37.   37.   37. 2922. 2922. 2922. 3997. 3997. 2922.
 2922. 2922. 2922.   37.   37.   37.   37.   37.   37.   37.   37.   37.
   37.   37. 
 2922.   37.   37.   37.   37.   37.   37. 2922. 2922. 3997. 3997. 3997.
 3997. 3997. 3997. 3997. 3997. 3997. 3997. 2922. 3997. 3997. 3997. 2922.
 2922.   37. 
 2922. 2922. 2922. 3997. 3997. 3997. 3997. 3997. 3997. 2922. 2922. 2922.
   37.   37.   37.   37.   37.   37.   37. 2922. 2922. 2922. 2922. 2922.
 2922.   37. 
   37.   37.   37.   37.   37.   37.   37.   37.   37.   37.   37.   37.
   37.   37.   37.   37.   37.   37. 2922. 2922. 2922. 2922. 3997. 3997.
 3997. 3997. 
 3997. 3997. 3997. 3997. 2922. 2922. 2922. 3997. 3997. 2922. 2922. 2922.
 2922. 2922. 3997. 3997. 3997. 3997. 3997. 3997. 3997. 3997. 2922. 2922.
   37.   37. 
   37.   37.   37.   37.   37.   37. 2922. 2922. 2922. 2922.   37.   37.
   37.   37.   37.   37.   37.   37.   37.   37.   37.   37.   37.   37.
   37.   37. 
   37.   37.   37.   37. 3997. 3997. 2922. 2922. 3997. 3997. 3997. 3997.
 3997. 2922. 2922. 2922. 2922. 2922. 2922. 3997. 3997. 3997. 2922. 2922.
 2922. 3997. 
 3997. 3997. 3997. 2922. 2922. 3997. 3997. 3997. 2922. 2922. 2922.   37.
   37.   37.   37.   37.   37. 2922. 2922. 2922. 3997. 2922. 2922.   37.
   37.   37. 
   37.   37.   37.   37.   37.   37.   37.   37.   37.   37.   37.   37.
   37.   37.   37.   37. 3997. 3997. 3997. 2922. 2922. 2922. 2922. 2922.
 2922. 2922. 
 2922. 2922.   37. 2922. 2922. 3997. 3997. 3997. 3997. 2922. 3997. 3997.
 3997. 3997. 2922. 2922. 2922. 3997. 3997. 3997. 3997. 2922. 2922. 2922.
   37.   37. 
   37.   37. 2922. 2922. 3997. 3997. 3997. 3997. 2922. 2922.   37.   37.
   37.   37.   37.   37.   37.   37.   37.   37.   37.   37.   37.   37.
   37.   37. 
   37.   37. 3997. 3997. 3997. 2922. 2922. 2922. 2922. 2922. 2922.   37.
   37.   37.   37.   37. 2922. 2922. 3997. 3997. 3997. 2922. 3997. 3997.
 3997. 2922. 
 2922. 2922. 2922. 2922. 3997. 3997. 3997. 3997. 2922. 2922. 2922.   37.
   37. 2922. 2922. 2922. 3997. 3997. 3997. 3997. 2922. 2922.   37.   37.
   37.   37. 
   37.   37.   37. 2922. 2922. 2922.   37.   37.   37.   37.   37.   37.
   37.   37. 2922. 3997. 3997. 3997. 2922. 3997. 3997. 3997. 2922. 2922.
   37.   37. 
   37.   37. 2922. 2922. 3997. 3997. 3997. 3997. 3997. 3997. 3997. 2922.
 2922.   37. 2922. 2922. 2922. 3997. 3997. 3997. 3997. 2922. 2922. 2922.
 2922. 2922. 
 2922. 3997. 3997. 3997. 3997. 3997. 2922. 2922.   37.   37.   37.   37.
   37. 2922. 2922. 2922. 2922. 2922. 2922. 2922.   37.   37.   37.   37.
   37.   37. 
 2922. 3997. 3997. 3997. 2922. 3997. 3997. 3997. 2922. 2922.   37.   37.
   37.   37.   37. 2922. 2922. 2922. 3997. 3997. 3997. 3997. 2922. 2922.
 2922.   37. 
   37. 2922. 2922. 2922. 3997. 3997. 3997. 3997. 2922. 2922. 2922. 3997.
 3997. 3997. 3997. 3997. 3997. 3997. 3997. 2922.   37.   37.   37.   37.
 2922. 2922. 
 2922. 2922. 3997. 2922. 2922. 2922. 2922. 2922.   37.   37.   37.   37.
 2922. 3997. 3997. 3997. 2922. 3997. 3997. 3997. 3997. 2922.   37.   37.
   37. 2922. 
 2922. 2922. 2922. 2922. 2922. 3997. 3997. 2922. 2922. 2922.   37.   37.
   37.   37.   37. 2922. 2922. 3997. 3997. 3997. 3997. 3997. 3997. 3997.
 3997. 3997. 
 3997. 2922. 3997. 3997. 3997. 2922.   37.   37.   37. 2922. 2922. 3997.
 3997. 3997. 3997. 3997. 3997. 2922. 2922. 2922. 2922.   37.   37.   37.
 2922. 3997. 
 3997. 3997. 2922. 2922. 3997. 3997. 3997. 2922. 2922. 2922. 2922. 2922.
 3997. 3997. 3997. 2922. 2922. 2922. 2922. 2922. 2922.   37.   37.   37.
   37.   37. 
   37. 2922. 2922. 2922. 3997. 3997. 3997. 3997. 3997. 3997. 3997. 2922.
 2922. 2922. 3997. 3997. 3997. 2922. 2922.   37. 2922. 2922. 3997. 3997.
 3997. 3997. 
 3997. 3997. 3997. 3997. 3997. 2922. 2922. 2922.   37.   37. 3997. 3997.
 3997. 3997. 2922. 2922. 3997. 2922. 2922. 3997. 2922. 3997. 3997. 3997.
 3997. 3997. 
 3997. 3997. 2922. 2922. 2922. 2922. 2922.   37.   37.   37.   37.   37.
   37.   37.   37. 2922. 2922. 3997. 3997. 3997. 3997. 2922. 2922. 2922.
 2922. 2922. 
 3997. 3997. 3997. 2922. 2922. 2922. 2922. 3997. 3997. 3997. 3997. 2922.
 2922. 3997. 3997. 3997. 3997. 3997. 2922. 2922. 2922. 2922. 3997. 3997.
 3997. 3997. 
 2922. 2922. 2922. 2922. 2922. 2922. 2922. 2922. 2922. 2922. 3997. 3997.
 3997. 3997. 3997. 3997. 3997. 3997. 2922.   37.   37.   37. 2922. 2922.
 2922. 2922. 
   37. 2922. 2922. 2922. 2922. 2922. 2922. 2922. 2922.   37. 2922. 2922.
 3997. 3997. 3997. 2922. 2922. 2922. 2922. 3997. 3997. 3997. 2922. 2922.
 2922. 2922. 
 3997. 3997. 3997. 3997. 3997. 3997. 2922. 2922. 2922. 3997. 3997. 2922.
 2922. 3997. 3997. 3997. 3997. 3997. 3997. 2922. 2922. 2922. 2922. 2922.
 2922. 2922. 
 2922. 3997. 3997. 3997. 2922. 2922. 2922. 2922. 3997. 3997. 3997. 2922.
 2922. 2922.   37. 2922. 2922. 2922. 2922.   37.   37.   37.   37. 2922.
 2922. 3997. 
 3997. 3997. 2922. 2922. 3997. 3997. 3997. 2922. 2922. 2922. 2922. 2922.
 2922. 3997. 3997. 3997. 3997. 3997. 3997. 3997. 2922. 3997. 3997. 2922.
 3997. 3997. 
 3997. 3997. 3997. 3997. 3997. 3997. 2922. 2922. 3997. 2922.   37.   37.
 2922. 2922. 3997. 3997. 2922. 2922. 2922. 3997. 3997. 3997. 3997. 3997.
 3997. 2922. 
 2922.   37.   37.   37.   37.   37.   37.   37.   37. 2922. 2922. 3997.
 3997. 3997. 2922. 2922. 3997. 3997. 3997. 2922. 2922.   37.   37. 2922.
 2922. 2922. 
 2922. 2922. 3997. 3997. 3997. 3997. 2922. 3997. 2922. 2922. 3997. 3997.
 3997. 3997. 3997. 3997. 3997. 3997. 3997. 2922. 3997. 3997. 2922.   37.
 2922. 3997. 
 3997. 3997. 2922. 2922. 3997. 3997. 3997. 3997. 3997. 3997. 3997. 3997.
 2922. 2922.   37.   37.   37.   37.   37.   37.   37. 2922. 2922. 2922.
 3997. 3997. 
 3997. 3997. 3997. 3997. 3997. 2922.   37.   37.   37.   37. 2922. 2922.
 2922. 2922. 2922. 3997. 3997. 3997. 2922. 3997. 2922. 2922. 3997. 3997.
 3997. 2922. 
 2922. 3997. 3997. 3997. 3997. 2922. 3997. 3997. 2922. 2922. 2922. 3997.
 3997. 3997. 2922. 3997. 3997. 3997. 2922. 2922. 2922. 3997. 3997. 3997.
 3997. 2922. 
 2922.   37.   37.   37.   37. 2922. 2922. 2922. 2922. 2922. 3997. 3997.
 3997. 3997. 3997. 2922. 2922. 2922.   37.   37.   37.   37.   37.   37.
   37. 2922. 
 2922. 2922. 2922. 2922. 2922. 2922. 2922. 3997. 3997. 3997. 3997. 2922.
 2922. 2922. 3997. 3997. 3997. 2922. 2922. 3997. 3997. 2922. 2922. 3997.
 3997. 2922. 
 2922. 3997. 3997. 3997. 2922.   37. 2922. 2922. 2922. 3997. 3997. 3997.
 3997. 2922. 2922. 2922. 2922. 2922. 3997. 3997. 3997. 2922. 2922. 2922.
 3997. 2922. 
 2922. 2922. 2922.   37.   37.   37.   37.   37.   37.   37.   37.   37.
   37. 2922. 2922. 2922. 3997. 3997. 3997. 3997. 3997. 3997. 3997. 2922.
 2922. 2922. 
 3997. 3997. 3997. 3997. 2922. 2922. 3997. 2922. 2922. 2922. 2922. 2922.
 2922. 2922. 2922. 2922. 2922. 2922. 2922. 3997. 2922. 2922. 3997. 3997.
 2922. 2922. 
 3997. 3997. 2922. 2922. 2922. 2922. 3997. 3997. 2922. 2922. 2922. 2922.
 2922. 2922. 2922.   37.   37.   37.   37.   37.   37.   37.   37.   37.
   37.   37. 
   37.   37. 3997. 3997. 3997. 3997. 3997. 3997. 2922. 2922.   37. 2922.
 2922. 3997. 3997. 3997. 3997. 2922. 3997. 2922. 2922. 2922. 2922. 2922.
 3997. 3997. 
 3997. 2922. 2922. 2922. 3997. 3997. 3997. 2922. 2922. 2922. 2922. 3997.
 3997. 3997. 3997. 3997. 2922. 2922. 2922. 2922. 2922. 2922. 2922. 3997.
 3997. 3997. 
 2922. 2922.   37.   37.   37.   37.   37.   37.   37.   37.   37.   37.
   37.   37. 3997. 3997. 3997. 3997. 3997. 3997. 2922.   37.   37.   37.
 2922. 3997. 
 3997. 3997. 3997. 2922. 2922. 2922. 2922. 3997. 3997. 3997. 3997. 3997.
 3997. 3997. 3997. 2922. 3997. 3997. 3997. 3997. 2922. 2922. 3997. 3997.
 3997. 3997. 
 3997. 3997. 3997. 2922. 2922. 2922. 2922. 2922. 2922. 3997. 3997. 3997.
 2922. 2922.   37.   37.   37.   37.   37.   37.   37.   37.   37.   37.
   37.   37. 
 2922. 3997. 3997. 3997. 2922. 2922.   37.   37.   37.   37. 2922. 2922.
 3997. 3997. 3997. 2922. 2922. 2922. 3997. 3997. 3997. 3997. 3997. 3997.
 3997. 3997. 
 3997. 2922. 2922. 3997. 2922. 2922. 2922. 2922. 3997. 3997. 3997. 3997.
 3997. 3997. 3997. 3997. 2922. 2922. 2922. 3997. 2922. 3997. 3997. 3997.
 3997. 2922. 
   37.   37.   37.   37.   37.   37.   37.   37.   37.   37.   37. 2922.
 2922. 2922. 2922. 2922. 2922.   37.   37.   37.   37.   37. 2922. 2922.
 3997. 3997. 
 3997. 3997. 2922. 3997. 3997. 3997. 3997. 3997. 2922. 2922. 3997. 3997.
 3997. 3997. 2922. 2922. 2922. 2922. 2922. 3997. 3997. 3997. 3997. 2922.
 2922. 3997. 
 3997. 3997. 2922. 2922. 3997. 3997. 2922. 2922. 3997. 3997. 3997. 2922.
   37.   37.   37.   37.   37.   37.   37.   37.   37. 2922. 2922. 2922.
   37.   37. 
   37.   37.   37.   37.   37.   37.   37.   37.   37. 2922. 3997. 3997.
 3997. 3997. 3997. 3997. 3997. 3997. 2922. 2922. 2922. 2922. 2922. 2922.
 3997. 3997. 
 3997. 2922. 2922. 2922. 2922. 3997. 3997. 3997. 2922. 2922. 2922. 3997.
 3997. 3997. 2922. 2922. 3997. 3997. 3997. 2922. 3997. 3997. 3997. 2922.
   37.   37. 
   37.   37.   37. 2922. 2922. 2922. 2922. 2922. 3997. 3997.   37.   37.
   37.   37.   37.   37.   37.   37.   37.   37.   37. 2922. 2922. 3997.
 3997. 3997. 
 3997. 3997. 3997. 2922. 2922. 3997. 2922. 2922. 2922. 2922. 3997. 3997.
 3997. 3997. 2922. 2922. 3997. 3997. 3997. 3997. 2922. 2922. 2922. 2922.
 3997. 3997. 
 3997. 2922. 2922. 2922. 3997. 2922. 3997. 3997. 3997. 2922.   37.   37.
   37. 2922. 2922. 2922. 2922. 3997. 3997. 3997. 3997. 3997.   37.   37.
   37.   37. 
   37.   37.   37.   37.   37.   37.   37.   37. 2922. 2922. 3997. 2922.
 3997. 2922. 2922. 2922. 2922. 2922. 2922. 2922. 2922. 2922. 2922. 3997.
 3997. 3997. 
 2922. 2922. 3997. 3997. 3997. 2922. 2922. 2922. 2922. 2922. 3997. 3997.
 3997. 2922. 2922. 2922. 2922. 2922. 3997. 3997. 2922. 2922. 2922. 2922.
 2922. 2922. 
 2922. 3997. 3997. 3997. 3997. 3997. 3997. 3997.   37.   37.   37.   37.
   37.   37.   37.   37.   37.   37.   37.   37.   37. 2922. 2922. 2922.
 2922. 2922. 
 2922.   37.   37.   37.   37.   37.   37.   37. 2922. 2922. 3997. 3997.
 3997. 2922. 3997. 3997. 2922. 2922. 3997. 2922. 3997. 2922. 3997. 3997.
 3997. 3997. 
 2922. 2922. 2922. 2922. 2922. 2922. 2922. 2922. 2922. 3997. 3997. 2922.
 2922. 2922. 3997. 3997. 3997. 3997. 2922. 2922.   37.   37.   37.   37.
   37.   37. 
   37.   37.   37.   37.   37.   37.   37.   37.   37.   37.   37.   37.
   37.   37.   37.   37.   37.   37.   37.   37. 2922. 2922. 2922. 3997.
 3997. 3997. 
 3997. 3997. 2922. 2922. 3997. 3997. 3997. 2922. 2922. 3997. 3997. 3997.
 3997. 3997. 3997. 3997. 3997. 3997. 3997. 3997. 3997. 3997. 3997. 3997.
 3997. 2922. 
 2922. 2922. 2922. 2922. 2922. 2922.   37.   37.   37.   37.   37.   37.
   37.   37.   37.   37.   37.   37.   37.   37.   37.   37.   37.   37.
   37.   37. 
   37.   37.   37.   37.   37.   37.   37. 2922. 2922. 3997. 3997. 3997.
 3997. 2922. 2922. 2922. 3997. 3997. 3997. 3997. 2922. 2922. 3997. 3997.
 3997. 3997. 
 3997. 3997. 3997. 3997. 3997. 3997. 3997. 3997. 3997. 3997. 3997. 3997.
 2922. 2922. 2922. 3997. 2922. 2922.   37.   37.   37.   37.   37.   37.
   37.   37. 
   37.   37.   37.   37.   37.   37.   37.   37.   37.   37.   37.   37.
   37.   37.   37.   37.   37.   37.   37.   37. 2922. 2922. 3997. 3997.
 2922. 2922. 
 2922. 2922. 3997. 3997. 3997. 3997. 2922. 2922. 2922. 3997. 3997. 3997.
 3997. 3997. 3997. 3997. 3997. 3997. 3997. 3997. 3997. 3997. 3997. 3997.
 2922. 2922. 
 3997. 3997. 3997. 2922.   37.   37.   37.   37.   37.   37.   37.   37.
   37.   37.   37.   37.   37.   37.   37.   37.   37.   37.   37.   37.
   37.   37. 
   37.   37.   37.   37.   37.   37.   37. 2922. 2922. 2922. 2922. 2922.
   37. 2922. 2922. 2922. 2922. 2922.   37.   37. 2922. 2922. 2922. 2922.
 2922. 2922. 
 2922. 2922. 2922. 2922. 2922. 2922. 2922. 3997. 3997. 3997. 3997. 2922.
 2922. 3997. 3997. 3997.   37.   37.   37.   37.   37.   37.   37.   37.
   37.   37. 
 37. 37. 37. 37. 37. 37. 37. 37. 37. 37. 37. 37. 37. 37. 37. 37. 37. 37.
 37. 37. 37. 37. 37. 37. 37. 37. 
   37.   37.   37.   37.   37.   37.   37. 2922. 2922. 2922. 2922. 2922.
 2922. 2922. 2922. 2922. 2922. 2922. 2922. 2922. 3997. 3997. 3997. 3997.
 2922. 3997. 
 3997. 3997.   37.   37.   37.   37.   37.   37.   37.   37.   37.   37.
   37.   37.   37.   37.   37.   37.   37.   37.   37.   37.   37.   37.
   37.   37. 
   37.   37.   37.   37.   37.   37.   37.   37.   37.   37.   37.   37.
   37.   37.   37.   37.   37.   37.   37.   37.   37.   37.   37. 2922.
 3997. 3997. 
 3997. 3997. 2922. 3997. 3997. 2922. 3997. 3997. 3997. 3997. 2922. 2922.
 3997. 3997. 
/