PERMI
 16. 16. 16. 16. 16. 16. 16. 16. 16. 16. 16. 16. 16. 16. 16. 16. 16. 16.
 16. 16. 16. 16. 16. 16. 16. 16. 
   16. 2360. 2360. 2360. 3618. 3618. 3618. 3618. 3618. 2360. 2360. 2360.
 2360. 2360.   16. 2360. 2360. 3618. 3618. 3618. 2360. 2360.   16.   16.
   16.   16. 
 16. 16. 16. 16. 16. 16. 16. 16. 16. 16. 16. 16. 16. 16. 16. 16. 16. 16.
 16. 16. 16. 16. 16. 16. 16. 16. 
   16.   16.   16.   16.   16.   16.   16.   16.   16.   16.   16.   16.
   16.   16. 2360. 2360. 2360. 2360. 2360. 2360. 2360. 2360. 2360. 2360.
   16.   16. 
   16. 2360. 2360. 3618. 3618. 3618. 2360. 2360.   16.   16.   16.   16.
   16.   16.   16.   16.   16.   16.   16.   16.   16.   16.   16.   16.
   16.   16. 
 16. 16. 16. 16. 16. 16. 16. 16. 16. 16. 16. 16. 16. 16. 16. 16. 16. 16.
 16. 16. 16. 16. 16. 16. 16. 16. 
   16. 2360. 2360. 2360. 2360. 2360. 2360. 2360.   16.   16.   16.   16.
   16. 2360. 2360. 3618. 3618. 3618. 2360.   16.   16.   16.   16.   16.
   16.   16. 
 16. 16. 16. 16. 16. 16. 16. 16. 16. 16. 16. 16. 16. 16. 16. 16. 16. 16.
 16. 16. 16. 16. 16. 16. 16. 16. 
   16.   16.   16.   16.   16.   16.   16.   16.   16.   16.   16.   16.
   16.   16.   16.   16.   16.   16.   16.   16.   16.   16.   16.   16.
   16. 2360. 
 2360. 3618. 3618. 3618. 2360.   16.   16.   16.   16.   16.   16.   16.
   16.   16.   16.   16.   16.   16.   16.   16.   16.   16.   16.   16.
   16.   16. 
 16. 16. 16. 16. 16. 16. 16. 16. 16. 16. 16. 16. 16. 16. 16. 16. 16. 16.
 16. 16. 16. 16. 16. 16. 16. 16. 
   16.   16.   16.   16.   16.   16.   16.   16.   16.   16.   16. 2360.
 3618. 3618. 3618. 2360. 2360.   16.   16.   16.   16.   16.   16.   16.
   16.   16. 
 16. 16. 16. 16. 16. 16. 16. 16. 16. 16. 16. 16. 16. 16. 16. 16. 16. 16.
 16. 16. 16. 16. 16. 16. 16. 16. 
   16.   16.   16.   16.   16.   16.   16.   16.   16.   16.   16.   16.
   16.   16.   16.   16.   16.   16.   16.   16.   16.   16.   16. 2360.
 3618. 3618. 
 3618. 3618. 2360. 2360.   16.   16.   16.   16.   16.   16.   16.   16.
   16.   16.   16.   16.   16.   16.   16.   16.   16.   16.   16.   16.
   16.   16. 
 16. 16. 16. 16. 16. 16. 16. 16. 16. 16. 16. 16. 16. 16. 16. 16. 16. 16.
 16. 16. 16. 16. 16. 16. 16. 16. 
   16.   16.   16.   16.   16.   16.   16.   16.   16. 2360. 2360. 3618.
 3618. 3618. 2360. 2360.   16.   16.   16.   16.   16.   16.   16.   16.
   16.   16. 
 16. 16. 16. 16. 16. 16. 16. 16. 16. 16. 16. 16. 16. 16. 16. 16. 16. 16.
 16. 16. 16. 16. 16. 16. 16. 16. 
   16.   16.   16.   16.   16.   16.   16.   16.   16.   16.   16.   16.
   16.   16.   16.   16.   16.   16.   16.   16.   16. 2360. 2360. 3618.
 3618. 3618. 
 2360. 2360.   16.   16. 2360. 2360. 2360. 2360. 2360. 2360.   16.   16.
   16.   16.   16.   16.   16.   16.   16.   16.   16.   16.   16.   16.
   16.   16. 
 16. 16. 16. 16. 16. 16. 16. 16. 16. 16. 16. 16. 16. 16. 16. 16. 16. 16.
 16. 16. 16. 16. 16. 16. 16. 16. 
   16.   16.   16.   16.   16.   16.   16. 2360. 2360. 3618. 3618. 3618.
 2360. 2360. 2360. 2360. 2360. 2360. 2360. 2360. 2360. 2360. 2360.   16.
   16.   16. 
 16. 16. 16. 16. 16. 16. 16. 16. 16. 16. 16. 16. 16. 16. 16. 16. 16. 16.
 16. 16. 16. 16. 16. 16. 16. 16. 
   16.   16.   16.   16.   16.   16.   16.   16.   16.   16.   16.   16.
   16.   16.   16.   16.   16.   16.   16. 2360. 2360. 3618. 3618. 3618.
 2360. 2360. 
 2360. 2360. 2360. 3618. 3618. 3618. 3618. 2360. 2360. 2360.   16.   16.
   16.   16.   16.   16.   16.   16.   16.   16.   16.   16.   16.   16.
   16.   16. 
 16. 16. 16. 16. 16. 16. 16. 16. 16. 16. 16. 16. 16. 16. 16. 16. 16. 16.
 16. 16. 16. 16. 16. 16. 16. 16. 
   16.   16.   16.   16.   16.   16. 2360. 3618. 3618. 3618. 3618. 3618.
 3618. 3618. 3618. 3618. 3618. 3618. 3618. 3618. 2360. 2360.   16.   16.
   16.   16. 
 16. 16. 16. 16. 16. 16. 16. 16. 16. 16. 16. 16. 16. 16. 16. 16. 16. 16.
 16. 16. 16. 16. 16. 16. 16. 16. 
   16.   16.   16.   16.   16.   16.   16.   16.   16.   16.   16.   16.
   16.   16.   16.   16.   16.   16. 2360. 2360. 3618. 3618. 3618. 3618.
 3618. 3618. 
 3618. 3618. 2360. 3618. 3618. 3618. 2360. 2360.   16.   16.   16.   16.
   16.   16.   16.   16.   16.   16.   16.   16.   16.   16.   16.   16.
   16.   16. 
 16. 16. 16. 16. 16. 16. 16. 16. 16. 16. 16. 16. 16. 16. 16. 16. 16. 16.
 16. 16. 16. 16. 16. 16. 16. 16. 
   16.   16.   16.   16. 2360. 2360. 2360. 3618. 3618. 3618. 3618. 3618.
 2360. 2360. 2360. 3618. 3618. 3618. 2360. 2360.   16.   16.   16.   16.
   16.   16. 
 16. 16. 16. 16. 16. 16. 16. 16. 16. 16. 16. 16. 16. 16. 16. 16. 16. 16.
 16. 16. 16. 16. 16. 16. 16. 16. 
   16.   16.   16.   16.   16.   16.   16.   16.   16.   16.   16.   16.
   16.   16.   16.   16.   16. 2360. 2360. 2360. 2360. 2360. 2360. 2360.
 2360. 2360. 
 2360. 3618. 3618. 3618. 2360. 2360.   16.   16.   16.   16.   16.   16.
   16.   16.   16.   16.   16.   16.   16.   16.   16.   16.   16.   16.
   16.   16. 
 16. 16. 16. 16. 16. 16. 16. 16. 16. 16. 16. 16. 16. 16. 16. 16. 16. 16.
 16. 16. 16. 16. 16. 16. 16. 16. 
   16.   16.   16.   16.   16. 2360. 2360. 2360. 2360. 2360. 2360. 2360.
 2360. 3618. 3618. 3618. 2360. 2360.   16.   16.   16.   16.   16.   16.
   16.   16. 
 16. 16. 16. 16. 16. 16. 16. 16. 16. 16. 16. 16. 16. 16. 16. 16. 16. 16.
 16. 16. 16. 16. 16. 16. 16. 16. 
   16.   16.   16.   16.   16.   16.   16.   16.   16.   16.   16.   16.
   16.   16.   16.   16.   16.   16.   16.   16.   16.   16. 2360. 2360.
 3618. 3618. 
 3618. 3618. 2360. 2360.   16.   16.   16.   16.   16.   16.   16.   16.
   16.   16.   16.   16.   16.   16.   16.   16.   16.   16.   16.   16.
   16.   16. 
 16. 16. 16. 16. 16. 16. 16. 16. 16. 16. 16. 16. 16. 16. 16. 16. 16. 16.
 16. 16. 16. 16. 16. 16. 16. 16. 
   16.   16.   16.   16.   16.   16.   16.   16. 2360. 2360. 3618. 3618.
 3618. 2360. 2360. 2360.   16. 2360. 2360. 2360. 2360. 2360.   16.   16.
   16.   16. 
 16. 16. 16. 16. 16. 16. 16. 16. 16. 16. 16. 16. 16. 16. 16. 16. 16. 16.
 16. 16. 16. 16. 16. 16. 16. 16. 
   16.   16.   16.   16.   16.   16.   16.   16.   16.   16.   16.   16.
   16.   16.   16.   16.   16.   16.   16.   16. 2360. 2360. 3618. 3618.
 3618. 2360. 
 2360. 2360. 2360. 2360. 2360. 2360. 2360. 2360.   16.   16.   16.   16.
   16.   16.   16.   16.   16.   16.   16.   16.   16.   16.   16.   16.
   16.   16. 
 16. 16. 16. 16. 16. 16. 16. 16. 16. 16. 16. 16. 16. 16. 16. 16. 16. 16.
 16. 16. 16. 16. 16. 16. 16. 16. 
   16.   16.   16.   16.   16.   16. 2360. 2360. 3618. 3618. 3618. 2360.
 2360. 2360. 2360. 3618. 3618. 3618. 3618. 3618.   16.   16.   16.   16.
   16.   16. 
 16. 16. 16. 16. 16. 16. 16. 16. 16. 16. 16. 16. 16. 16. 16. 16. 16. 16.
 16. 16. 16. 16. 16. 16. 16. 16. 
   16.   16.   16.   16.   16.   16.   16.   16.   16.   16.   16.   16.
   16.   16.   16.   16.   16.   16. 2360. 2360. 3618. 3618. 3618. 3618.
 3618. 3618. 
 3618. 3618. 3618. 3618. 3618. 3618.   16.   16.   16.   16.   16.   16.
   16.   16.   16.   16.   16.   16.   16.   16.   16.   16.   16.   16.
   16.   16. 
 16. 16. 16. 16. 16. 16. 16. 16. 16. 16. 16. 16. 16. 16. 16. 16. 16. 16.
 16. 16. 16. 16. 16. 16. 16. 16. 
   16.   16.   16.   16. 2360. 2360. 3618. 3618. 3618. 3618. 3618. 3618.
 3618. 3618. 3618. 3618. 2360. 3618.   16.   16.   16.   16.   16.   16.
   16.   16. 
 16. 16. 16. 16. 16. 16. 16. 16. 16. 16. 16. 16. 16. 16. 16. 16. 16. 16.
 16. 16. 16. 16. 16. 16. 16. 16. 
   16.   16.   16.   16.   16.   16.   16.   16.   16.   16.   16.   16.
   16.   16.   16.   16. 2360. 2360. 2360. 3618. 3618. 3618. 3618. 3618.
 3618. 2360. 
 2360. 2360. 2360. 3618.   16.   16.   16.   16.   16.   16.   16.   16.
   16.   16.   16.   16.   16.   16.   16.   16.   16.   16.   16.   16.
   16.   16. 
 16. 16. 16. 16. 16. 16. 16. 16. 16. 16. 16. 16. 16. 16. 16. 16. 16. 16.
 16. 16. 16. 16. 16. 16. 16. 16. 
   16.   16.   16. 2360. 2360. 2360. 2360. 2360. 2360. 2360. 2360. 2360.
 2360. 2360. 2360. 3618.   16.   16.   16.   16.   16.   16.   16.   16.
   16.   16. 
 16. 16. 16. 16. 16. 16. 16. 16. 16. 16. 16. 16. 16. 16. 16. 16. 16. 16.
 16. 16. 16. 16. 16. 16. 16. 16. 
   16.   16.   16.   16.   16.   16.   16.   16.   16.   16.   16.   16.
   16.   16.   16.   16. 2360. 2360. 2360. 2360. 2360. 2360. 2360. 2360.
 2360. 2360. 
 3618. 3618.   16.   16.   16.   16.   16.   16.   16.   16.   16.   16.
   16.   16.   16.   16.   16.   16.   16.   16.   16.   16.   16.   16.
   16.   16. 
 16. 16. 16. 16. 16. 16. 16. 16. 16. 16. 16. 16. 16. 16. 16. 16. 16. 16.
 16. 16. 16. 16. 16. 16. 16. 16. 
   16.   16.   16.   16.   16. 2360. 2360.   16.   16. 2360. 2360. 3618.
 3618. 3618.   16.   16.   16.   16.   16.   16.   16.   16.   16.   16.
   16.   16. 
 16. 16. 16. 16. 16. 16. 16. 16. 16. 16. 16. 16. 16. 16. 16. 16. 16. 16.
 16. 16. 16. 16. 16. 16. 16. 16. 
   16.   16.   16.   16.   16.   16.   16.   16.   16.   16.   16.   16.
   16.   16.   16.   16.   16.   16.   16.   16.   16. 2360. 3618. 3618.
 3618. 3618. 
 16. 16. 16. 16. 16. 16. 16. 16. 16. 16. 16. 16. 16. 16. 16. 16. 16. 16.
 16. 16. 16. 16. 16. 16. 16. 16. 
 16. 16. 16. 16. 16. 16. 16. 16. 16. 16. 16. 16. 16. 16. 16. 16. 16. 16.
 16. 16. 16. 16. 16. 16. 16. 16. 
   16.   16.   16.   16.   16.   16.   16. 2360. 3618. 3618. 3618. 3618.
 2360.   16.   16.   16.   16.   16.   16.   16.   16.   16.   16.   16.
   16.   16. 
 16. 16. 16. 16. 16. 16. 16. 16. 16. 16. 16. 16. 16. 16. 16. 16. 16. 16.
 16. 16. 16. 16. 16. 16. 16. 16. 
   16.   16.   16.   16.   16.   16.   16.   16.   16.   16.   16.   16.
   16.   16.   16.   16.   16.   16. 2360. 2360. 3618. 3618. 3618. 3618.
 2360. 2360. 
 16. 16. 16. 16. 16. 16. 16. 16. 16. 16. 16. 16. 16. 16. 16. 16. 16. 16.
 16. 16. 16. 16. 16. 16. 16. 16. 
 16. 16. 16. 16. 16. 16. 16. 16. 16. 16. 16. 16. 16. 16. 16. 16. 16. 16.
 16. 16. 16. 16. 16. 16. 16. 16. 
   16.   16.   16.   16. 2360. 2360. 3618. 3618. 3618. 2360. 3618. 2360.
   16.   16.   16.   16.   16.   16.   16.   16.   16.   16.   16.   16.
   16.   16. 
 16. 16. 16. 16. 16. 16. 16. 16. 16. 16. 16. 16. 16. 16. 16. 16. 16. 16.
 16. 16. 16. 16. 16. 16. 16. 16. 
   16.   16.   16.   16.   16.   16.   16.   16.   16.   16.   16.   16.
   16.   16.   16.   16. 2360. 2360. 3618. 3618. 3618. 2360. 3618. 2360.
   16.   16. 
 16. 16. 16. 16. 16. 16. 16. 16. 16. 16. 16. 16. 16. 16. 16. 16. 16. 16.
 16. 16. 16. 16. 16. 16. 16. 16. 
 16. 16. 16. 16. 16. 16. 16. 16. 16. 16. 16. 16. 16. 16. 16. 16. 16. 16.
 16. 16. 16. 16. 16. 16. 16. 16. 
   16.   16. 2360. 2360. 3618. 3618. 3618. 3618. 3618. 2360. 2360.   16.
   16.   16.   16.   16.   16.   16.   16.   16.   16.   16.   16.   16.
   16.   16. 
 16. 16. 16. 16. 16. 16. 16. 16. 16. 16. 16. 16. 16. 16. 16. 16. 16. 16.
 16. 16. 16. 16. 16. 16. 16. 16. 
   16.   16.   16.   16.   16.   16.   16.   16.   16.   16.   16.   16.
   16.   16.   16. 2360. 2360. 3618. 3618. 3618. 3618. 2360. 2360.   16.
   16.   16. 
 16. 16. 16. 16. 16. 16. 16. 16. 16. 16. 16. 16. 16. 16. 16. 16. 16. 16.
 16. 16. 16. 16. 16. 16. 16. 16. 
 16. 16. 16. 16. 16. 16. 16. 16. 16. 16. 16. 16. 16. 16. 16. 16. 16. 16.
 16. 16. 16. 16. 16. 16. 16. 16. 
   16. 2360. 2360. 2360. 3618. 3618. 3618. 2360. 2360.   16. 2360.   16.
   16.   16.   16.   16.   16.   16.   16.   16.   16.   16.   16.   16.
   16.   16. 
 16. 16. 16. 16. 16. 16. 16. 16. 16. 16. 16. 16. 16. 16. 16. 16. 16. 16.
 16. 16. 16. 16. 16. 16. 16. 16. 
   16.   16.   16.   16.   16.   16.   16.   16.   16.   16.   16.   16.
   16.   16. 2360. 2360. 2360. 2360. 2360. 2360. 2360. 2360. 2360. 2360.
 2360.   16. 
 16. 16. 16. 16. 16. 16. 16. 16. 16. 16. 16. 16. 16. 16. 16. 16. 16. 16.
 16. 16. 16. 16. 16. 16. 16. 16. 
 16. 16. 16. 16. 16. 16. 16. 16. 16. 16. 16. 16. 16. 16. 16. 16. 16. 16.
 16. 16. 16. 16. 16. 16. 16. 16. 
   16.   16. 2360. 2360. 2360. 2360. 2360. 3618. 3618. 2360. 2360. 2360.
   16. 2360. 2360. 2360. 2360.   16.   16.   16.   16.   16.   16.   16.
   16.   16. 
 16. 16. 16. 16. 16. 16. 16. 16. 16. 16. 16. 16. 16. 16. 16. 16. 16. 16.
 16. 16. 16. 16. 16. 16. 16. 16. 
   16.   16.   16.   16.   16.   16.   16.   16.   16.   16.   16.   16.
   16.   16.   16.   16. 2360. 3618. 3618. 3618. 3618. 3618. 2360. 2360.
 2360. 2360. 
 3618. 3618. 2360. 2360. 2360.   16.   16.   16.   16.   16.   16.   16.
   16.   16.   16.   16.   16.   16.   16.   16.   16.   16.   16.   16.
   16.   16. 
 16. 16. 16. 16. 16. 16. 16. 16. 16. 16. 16. 16. 16. 16. 16. 16. 16. 16.
 16. 16. 16. 16. 16. 16. 16. 16. 
   16.   16. 3618. 3618. 3618. 3618. 3618. 3618. 3618. 2360. 2360. 2360.
 3618. 3618. 3618. 3618. 2360.   16.   16.   16.   16.   16.   16.   16.
   16.   16. 
 16. 16. 16. 16. 16. 16. 16. 16. 16. 16. 16. 16. 16. 16. 16. 16. 16. 16.
 16. 16. 16. 16. 16. 16. 16. 16. 
   16.   16.   16.   16.   16.   16.   16.   16.   16.   16.   16.   16.
   16.   16. 3618. 3618. 3618. 3618. 3618. 3618. 3618. 3618. 2360. 2360.
 3618. 3618. 
 3618. 3618. 2360. 2360.   16.   16.   16.   16.   16.   16.   16.   16.
   16.   16.   16.   16.   16.   16.   16.   16.   16.   16.   16.   16.
   16.   16. 
 16. 16. 16. 16. 16. 16. 16. 16. 16. 16. 16. 16. 16. 16. 16. 16. 16. 16.
 16. 16. 16. 16. 16. 16. 16. 16. 
 3618. 3618. 2360. 2360. 3618. 3618. 3618. 3618. 2360. 2360. 3618. 3618.
 3618. 3618. 3618. 2360.   16.   16.   16.   16.   16.   16.   16.   16.
   16.   16. 
 16. 16. 16. 16. 16. 16. 16. 16. 16. 16. 16. 16. 16. 16. 16. 16. 16. 16.
 16. 16. 16. 16. 16. 16. 16. 16. 
   16.   16.   16.   16.   16.   16.   16.   16.   16.   16.   16.   16.
 2360. 2360. 2360. 2360. 2360. 3618. 3618. 3618. 2360. 2360. 2360. 2360.
 3618. 3618. 
 3618. 2360. 2360.   16.   16.   16.   16.   16.   16.   16.   16.   16.
   16.   16.   16.   16.   16.   16.   16.   16.   16.   16.   16.   16.
   16.   16. 
   16.   16.   16.   16.   16.   16.   16.   16.   16.   16.   16.   16.
   16.   16.   16.   16.   16.   16.   16.   16.   16.   16.   16.   16.
 2360. 2360. 
 2360. 2360. 2360. 3618. 3618. 3618. 2360. 2360.   16. 2360. 3618. 3618.
 3618. 2360. 2360. 2360. 2360. 2360.   16.   16.   16.   16.   16.   16.
   16.   16. 
 16. 16. 16. 16. 16. 16. 16. 16. 16. 16. 16. 16. 16. 16. 16. 16. 16. 16.
 16. 16. 16. 16. 16. 16. 16. 16. 
   16.   16.   16.   16.   16.   16.   16.   16.   16.   16. 3618. 2360.
   16. 2360. 2360. 3618. 3618. 3618. 2360. 2360.   16. 2360. 2360. 2360.
 2360. 2360. 
 2360. 2360. 2360. 2360. 2360. 2360. 2360. 2360. 2360. 2360.   16.   16.
   16.   16.   16.   16.   16.   16.   16.   16.   16.   16.   16.   16.
   16.   16. 
   16.   16.   16.   16.   16.   16.   16.   16.   16.   16.   16.   16.
   16.   16.   16.   16.   16.   16.   16.   16.   16.   16. 3618. 2360.
 2360. 2360. 
 2360. 3618. 3618. 3618. 2360. 2360. 2360. 2360. 2360. 2360. 2360. 2360.
 3618. 3618. 3618. 3618. 2360. 2360. 2360. 3618. 3618. 2360.   16.   16.
   16.   16. 
 16. 16. 16. 16. 16. 16. 16. 16. 16. 16. 16. 16. 16. 16. 16. 16. 16. 16.
 16. 16. 16. 16. 16. 16. 16. 16. 
   16.   16.   16.   16.   16.   16.   16.   16. 3618. 2360. 2360. 2360.
 3618. 3618. 3618. 3618. 2360. 2360. 2360. 2360. 2360. 3618. 3618. 3618.
 3618. 3618. 
 3618. 3618. 3618. 3618. 2360. 2360. 3618. 2360. 2360.   16.   16.   16.
   16.   16.   16.   16.   16.   16.   16.   16.   16.   16.   16.   16.
   16.   16. 
   16.   16.   16.   16.   16.   16.   16.   16.   16.   16.   16.   16.
   16.   16.   16.   16.   16.   16.   16.   16. 3618. 2360. 2360. 2360.
 2360. 3618. 
 3618. 2360. 2360. 2360. 3618. 3618. 3618. 3618. 3618. 3618. 3618. 3618.
 3618. 3618. 3618. 3618. 2360. 2360. 3618. 3618. 2360.   16.   16.   16.
   16.   16. 
 16. 16. 16. 16. 16. 16. 16. 16. 16. 16. 16. 16. 16. 16. 16. 16. 16. 16.
 16. 16. 16. 16. 16. 16. 16. 16. 
   16.   16.   16.   16.   16.   16. 2360. 2360. 2360. 2360. 2360. 2360.
 2360. 3618. 3618. 3618. 3618. 3618. 3618. 3618. 3618. 3618. 3618. 2360.
 3618. 3618. 
 3618. 3618. 3618. 2360. 3618. 3618. 2360. 2360.   16.   16.   16.   16.
   16.   16.   16.   16.   16.   16.   16.   16.   16.   16.   16.   16.
   16.   16. 
   16.   16.   16.   16.   16.   16.   16.   16.   16.   16.   16.   16.
   16.   16.   16.   16.   16.   16. 2360. 3618. 3618. 3618. 3618. 2360.
 2360. 2360. 
 2360. 2360. 3618. 3618. 3618. 2360. 2360. 2360. 2360. 2360. 2360. 3618.
 3618. 3618. 2360. 2360. 3618. 3618. 2360. 2360.   16.   16.   16.   16.
   16.   16. 
 16. 16. 16. 16. 16. 16. 16. 16. 16. 16. 16. 16. 16. 16. 16. 16. 16. 16.
 16. 16. 16. 16. 16. 16. 16. 16. 
   16.   16.   16.   16. 3618. 3618. 3618. 3618. 3618. 3618. 2360. 2360.
 2360. 2360. 2360. 2360. 2360. 2360. 2360. 2360. 2360. 2360. 2360. 3618.
 3618. 3618. 
 2360. 2360. 3618. 3618. 2360. 2360.   16.   16.   16.   16.   16.   16.
   16.   16.   16.   16.   16.   16.   16.   16.   16.   16.   16.   16.
   16.   16. 
   16.   16.   16.   16.   16.   16.   16.   16.   16.   16.   16.   16.
   16.   16.   16.   16. 3618. 3618. 3618. 3618. 3618. 3618. 3618. 2360.
 2360. 3618. 
 3618. 2360. 2360. 3618. 3618. 3618. 2360. 2360. 2360. 3618. 3618. 3618.
 2360. 2360. 3618. 3618. 2360. 2360.   16.   16.   16.   16.   16. 2360.
 2360. 2360. 
 2360. 2360.   16.   16.   16.   16.   16.   16.   16.   16.   16.   16.
   16.   16.   16.   16.   16.   16.   16.   16.   16.   16.   16.   16.
   16.   16. 
   16.   16. 3618. 3618. 3618. 3618. 3618. 3618. 3618. 2360. 2360. 3618.
 3618. 3618. 2360. 2360. 3618. 2360. 2360. 2360. 3618. 3618. 3618. 3618.
 2360. 2360. 
 3618. 3618. 2360.   16.   16.   16.   16. 2360. 2360. 2360. 2360. 3618.
 3618. 2360. 2360.   16.   16.   16.   16.   16.   16.   16.   16.   16.
   16.   16. 
   16.   16.   16.   16.   16.   16.   16.   16.   16.   16.   16.   16.
   16.   16. 2360. 2360. 2360. 2360. 3618. 3618. 3618. 3618. 2360. 3618.
 3618. 3618. 
 3618. 2360. 2360. 2360. 2360. 3618. 3618. 3618. 3618. 2360. 2360. 3618.
 3618. 3618. 2360.   16.   16.   16. 2360. 2360. 2360. 3618. 3618. 3618.
 3618. 3618. 
 2360. 2360.   16.   16.   16.   16.   16.   16.   16.   16.   16.   16.
   16.   16.   16.   16.   16.   16.   16.   16.   16.   16.   16.   16.
   16.   16. 
 2360. 2360. 2360. 2360. 3618. 3618. 3618. 3618. 2360. 2360. 3618. 3618.
 2360. 2360. 2360. 2360. 2360. 3618. 3618. 3618. 2360. 2360. 2360. 3618.
 3618. 2360. 
 2360.   16.   16. 2360. 2360. 3618. 3618. 3618. 3618. 3618. 3618. 3618.
 3618. 2360.   16.   16.   16.   16.   16.   16.   16.   16.   16.   16.
   16.   16. 
   16.   16.   16.   16.   16.   16.   16.   16.   16.   16.   16.   16.
 3618. 3618. 2360. 2360. 3618. 3618. 3618. 3618. 2360. 2360. 2360. 2360.
 2360. 2360. 
 2360. 2360. 2360. 2360. 3618. 2360. 2360. 2360. 2360. 2360. 2360. 2360.
 2360. 2360. 2360. 2360. 2360. 3618. 3618. 3618. 2360. 2360. 3618. 3618.
 3618. 2360. 
   16.   16.   16.   16.   16.   16.   16.   16.   16.   16.   16.   16.
   16.   16.   16.   16.   16.   16.   16.   16.   16.   16.   16.   16.
 2360. 2360. 
 2360. 2360. 3618. 3618. 3618. 3618. 2360. 2360. 3618. 3618. 3618. 3618.
 3618. 3618. 3618. 2360. 3618. 2360. 2360. 2360. 2360. 2360. 2360. 2360.
 2360. 2360. 
 2360. 2360. 2360. 2360. 3618. 2360. 2360. 2360. 3618. 3618. 3618. 2360.
   16.   16.   16.   16.   16.   16.   16.   16.   16.   16.   16.   16.
   16.   16. 
   16.   16.   16.   16.   16.   16.   16.   16.   16.   16.   16.   16.
 2360. 2360. 3618. 3618. 3618. 3618. 3618. 3618. 3618. 3618. 3618. 3618.
 3618. 3618. 
 3618. 2360. 2360. 2360. 3618. 3618. 3618. 3618. 3618. 3618. 3618. 3618.
 3618. 3618. 3618. 2360. 2360.   16. 2360. 2360. 3618. 3618. 3618. 2360.
   16.   16. 
   16.   16.   16.   16.   16.   16.   16.   16.   16.   16.   16.   16.
   16.   16.   16.   16.   16.   16.   16.   16.   16.   16.   16.   16.
 2360. 2360. 
 3618. 3618. 3618. 3618. 3618. 3618. 3618. 3618. 3618. 3618. 3618. 3618.
 3618. 3618. 2360. 3618. 3618. 3618. 3618. 3618. 3618. 3618. 3618. 3618.
 3618. 3618. 
 3618. 2360. 2360.   16. 2360. 2360. 3618. 3618. 3618. 2360.   16.   16.
   16.   16.   16.   16.   16.   16.   16.   16.   16.   16.   16.   16.
   16.   16. 
   16.   16.   16.   16.   16.   16.   16.   16.   16.   16. 2360. 2360.
 3618. 3618. 3618. 3618. 3618. 3618. 3618. 3618. 3618. 2360. 2360. 3618.
 3618. 3618. 
 2360. 2360. 3618. 3618. 2360. 2360. 2360. 3618. 3618. 3618. 3618. 3618.
 3618. 3618. 2360. 2360. 2360. 2360. 3618. 3618. 3618. 2360.   16.   16.
   16.   16. 
   16. 2360. 2360. 2360. 2360. 2360.   16.   16.   16.   16.   16.   16.
   16.   16.   16.   16.   16.   16.   16.   16.   16.   16.   16. 2360.
 2360. 2360. 
 3618. 3618. 3618. 3618. 3618. 2360. 2360. 2360. 2360. 3618. 3618. 3618.
 2360. 2360. 2360. 2360. 2360. 2360. 2360. 2360. 2360. 2360. 2360. 3618.
 3618. 3618. 
 2360. 2360. 2360. 2360. 3618. 3618. 2360. 2360.   16.   16.   16. 2360.
 2360. 2360. 3618. 3618. 3618. 2360. 2360.   16.   16.   16.   16.   16.
   16.   16. 
   16.   16.   16.   16.   16.   16.   16.   16.   16.   16. 2360. 2360.
 2360. 2360. 2360. 2360. 2360. 2360. 3618. 2360. 2360. 3618. 3618. 3618.
 2360. 2360. 
 2360. 2360. 2360. 2360. 2360. 2360. 2360. 2360. 2360. 3618. 3618. 3618.
 2360. 2360. 2360. 2360. 3618. 3618. 3618. 2360. 2360. 2360. 2360. 2360.
 3618. 3618. 
 3618. 3618. 3618. 2360. 2360.   16.   16.   16.   16.   16.   16.   16.
   16.   16.   16.   16.   16.   16.   16.   16.   16.   16.   16.   16.
 2360. 2360. 
 2360. 2360. 2360. 3618. 3618. 2360. 2360. 3618. 3618. 3618. 2360. 2360.
 3618. 3618. 2360. 2360.   16.   16.   16. 2360. 3618. 3618. 3618. 2360.
 2360.   16. 
 2360. 2360. 3618. 3618. 3618. 2360. 2360. 2360. 3618. 3618. 3618. 3618.
 3618. 3618. 3618. 3618. 2360.   16.   16.   16.   16.   16.   16.   16.
   16.   16. 
   16.   16.   16.   16.   16.   16.   16.   16.   16.   16.   16.   16.
   16.   16. 2360. 2360. 3618. 2360. 2360. 3618. 3618. 3618. 2360. 3618.
 3618. 3618. 
 3618. 2360. 2360.   16. 2360. 2360. 3618. 3618. 3618. 2360. 2360.   16.
   16. 2360. 3618. 3618. 3618. 3618. 3618. 3618. 3618. 3618. 3618. 3618.
 2360. 3618. 
 3618. 3618. 2360.   16.   16.   16.   16.   16.   16.   16.   16.   16.
   16.   16.   16.   16.   16.   16.   16.   16.   16.   16.   16.   16.
   16.   16. 
   16. 2360. 2360. 2360. 3618. 3618. 3618. 2360. 2360. 3618. 3618. 3618.
 3618. 3618. 2360.   16. 2360. 2360. 3618. 3618. 3618. 2360. 2360. 2360.
   16. 2360. 
 2360. 3618. 3618. 3618. 3618. 3618. 3618. 3618. 2360. 2360. 3618. 3618.
 3618. 2360. 2360.   16.   16.   16.   16.   16.   16.   16.   16.   16.
   16.   16. 
   16.   16.   16.   16.   16.   16.   16.   16.   16.   16.   16.   16.
   16.   16. 2360. 2360. 3618. 3618. 3618. 2360. 2360. 2360. 3618. 3618.
 3618. 3618. 
 2360. 2360. 2360. 2360. 3618. 3618. 3618. 3618. 2360. 2360. 2360. 2360.
 2360. 2360. 2360. 3618. 3618. 3618. 2360. 2360. 2360. 2360. 3618. 3618.
 3618. 2360. 
 2360.   16.   16.   16.   16.   16.   16.   16.   16.   16.   16.   16.
   16.   16. 
/