PERMI
 16. 16. 16. 16. 16. 16. 16. 16. 16. 16. 16. 16. 16. 16. 16. 16. 16. 16.
 16. 16. 16. 16. 16. 16. 16. 16. 
   16.   16.   16.   16.   16.   16.   16.   16.   16. 1952. 1952. 2766.
 2766. 1952. 1952. 1952. 1952. 1952. 1952.   16.   16.   16.   16. 1952.
 2766. 2766. 
 2766. 1952. 2766. 1952. 2766. 2766. 2766. 2766. 2766. 2766. 2766. 2766.
   16.   16.   16.   16.   16.   16.   16.   16.   16.   16.   16.   16.
   16.   16. 
   16.   16.   16.   16.   16.   16.   16.   16.   16.   16.   16.   16.
   16.   16.   16.   16.   16.   16.   16.   16.   16. 1952. 1952. 2766.
 2766. 2766. 
 2766. 2766. 2766. 2766. 1952. 1952.   16.   16.   16. 1952. 2766. 2766.
 2766. 1952. 2766. 2766. 1952. 1952. 2766. 2766. 2766. 2766. 2766. 2766.
   16.   16. 
 16. 16. 16. 16. 16. 16. 16. 16. 16. 16. 16. 16. 16. 16. 16. 16. 16. 16.
 16. 16. 16. 16. 16. 16. 16. 16. 
   16.   16.   16.   16.   16.   16.   16. 1952. 1952. 2766. 2766. 2766.
 2766. 2766. 2766. 2766. 2766. 1952.   16.   16.   16. 1952. 2766. 2766.
 2766. 1952. 
 1952. 2766. 2766. 2766. 1952. 1952. 1952. 1952. 2766. 2766.   16.   16.
   16.   16.   16.   16.   16.   16.   16.   16.   16.   16.   16.   16.
   16.   16. 
   16.   16.   16.   16.   16.   16.   16.   16.   16.   16.   16.   16.
   16.   16.   16.   16.   16.   16.   16.   16. 1952. 1952. 2766. 2766.
 2766. 1952. 
 2766. 2766. 2766. 1952.   16.   16.   16. 1952. 2766. 2766. 1952. 1952.
 1952. 1952. 1952. 2766. 2766. 2766. 2766. 1952. 2766. 2766.   16.   16.
   16.   16. 
 16. 16. 16. 16. 16. 16. 16. 16. 16. 16. 16. 16. 16. 16. 16. 16. 16. 16.
 16. 16. 16. 16. 16. 16. 16. 16. 
   16.   16.   16.   16.   16.   16.   16. 1952. 1952. 1952. 1952. 1952.
 2766. 2766. 2766. 1952.   16.   16.   16. 1952. 2766. 2766. 2766. 2766.
 2766. 2766. 
 1952. 1952. 2766. 2766. 2766. 1952. 2766. 2766.   16.   16.   16.   16.
   16.   16.   16.   16.   16.   16.   16.   16.   16.   16.   16.   16.
   16.   16. 
   16.   16.   16.   16.   16.   16.   16.   16.   16.   16.   16.   16.
   16.   16.   16.   16.   16.   16.   16.   16.   16. 1952. 1952. 2766.
 2766. 2766. 
 1952. 1952.   16.   16.   16. 1952. 1952. 2766. 2766. 2766. 2766. 2766.
 2766. 1952. 1952. 2766. 2766. 1952. 2766. 2766.   16.   16.   16.   16.
   16.   16. 
 16. 16. 16. 16. 16. 16. 16. 16. 16. 16. 16. 16. 16. 16. 16. 16. 16. 16.
 16. 16. 16. 16. 16. 16. 16. 16. 
   16.   16.   16.   16.   16.   16.   16. 1952. 2766. 2766. 2766. 1952.
 1952.   16.   16.   16.   16.   16. 1952. 1952. 1952. 2766. 2766. 2766.
 1952. 1952. 
 2766. 2766. 1952. 1952. 2766. 2766.   16.   16.   16.   16.   16.   16.
   16.   16.   16.   16.   16.   16.   16.   16.   16.   16.   16.   16.
   16.   16. 
   16.   16.   16.   16.   16.   16.   16.   16.   16.   16.   16.   16.
   16.   16.   16.   16.   16.   16.   16. 1952. 2766. 2766. 2766. 1952.
   16.   16. 
   16.   16.   16.   16.   16.   16. 1952. 1952. 1952. 1952. 1952. 2766.
 2766. 2766. 1952. 1952. 2766. 2766.   16.   16.   16.   16.   16.   16.
   16.   16. 
 16. 16. 16. 16. 16. 16. 16. 16. 16. 16. 16. 16. 16. 16. 16. 16. 16. 16.
 16. 16. 16. 16. 16. 16. 16. 16. 
   16.   16.   16.   16.   16. 1952. 2766. 2766. 2766. 2766. 1952. 1952.
   16.   16.   16.   16.   16.   16.   16.   16.   16. 1952. 2766. 2766.
 2766. 1952. 
 1952. 1952. 2766. 2766.   16.   16.   16.   16.   16.   16.   16.   16.
   16.   16.   16.   16.   16.   16.   16.   16.   16.   16.   16.   16.
   16.   16. 
   16.   16.   16.   16.   16.   16.   16.   16.   16.   16.   16.   16.
   16.   16.   16.   16.   16. 1952. 1952. 2766. 2766. 2766. 2766. 1952.
 1952.   16. 
   16.   16.   16.   16.   16.   16.   16. 1952. 2766. 2766. 2766. 1952.
 1952. 1952. 1952. 2766.   16.   16.   16.   16.   16.   16.   16.   16.
   16.   16. 
 16. 16. 16. 16. 16. 16. 16. 16. 16. 16. 16. 16. 16. 16. 16. 16. 16. 16.
 16. 16. 16. 16. 16. 16. 16. 16. 
   16.   16.   16.   16.   16. 1952. 1952. 2766. 2766. 2766. 2766. 1952.
   16.   16.   16.   16.   16.   16.   16. 1952. 2766. 2766. 1952. 1952.
 1952.   16. 
 1952. 1952. 1952. 1952. 1952. 1952. 1952.   16.   16.   16.   16.   16.
   16.   16.   16.   16.   16.   16.   16.   16.   16.   16.   16.   16.
   16.   16. 
   16.   16.   16.   16.   16.   16.   16.   16.   16.   16.   16.   16.
   16.   16.   16.   16.   16.   16. 1952. 1952. 2766. 2766. 2766. 1952.
 1952.   16. 
   16.   16.   16.   16.   16. 1952. 1952. 2766. 2766. 1952. 1952.   16.
   16.   16. 2766. 2766. 2766. 2766. 1952. 1952.   16.   16.   16.   16.
   16.   16. 
 16. 16. 16. 16. 16. 16. 16. 16. 16. 16. 16. 16. 16. 16. 16. 16. 16. 16.
 16. 16. 16. 16. 16. 16. 16. 16. 
   16.   16.   16.   16.   16. 1952. 1952. 2766. 2766. 1952. 1952.   16.
   16.   16.   16.   16.   16. 1952. 1952. 2766. 2766. 2766. 1952. 1952.
   16.   16. 
 2766. 2766. 2766. 2766. 2766. 2766. 1952.   16.   16.   16.   16.   16.
   16.   16.   16.   16.   16.   16.   16.   16.   16.   16.   16.   16.
   16.   16. 
   16.   16.   16.   16.   16.   16.   16.   16.   16.   16.   16.   16.
   16.   16.   16.   16.   16.   16. 1952. 2766. 2766. 1952. 1952.   16.
   16.   16. 
   16.   16.   16. 1952. 1952. 1952. 2766. 2766. 2766. 1952. 1952.   16.
 1952. 1952. 1952. 2766. 2766. 2766. 1952. 1952.   16.   16.   16.   16.
   16.   16. 
 16. 16. 16. 16. 16. 16. 16. 16. 16. 16. 16. 16. 16. 16. 16. 16. 16. 16.
 16. 16. 16. 16. 16. 16. 16. 16. 
   16.   16.   16.   16. 1952. 1952. 2766. 2766. 1952.   16.   16.   16.
   16.   16.   16. 1952. 2766. 1952. 1952. 2766. 2766. 2766. 1952.   16.
 1952. 1952. 
 1952. 1952. 2766. 2766. 2766. 1952. 1952.   16.   16.   16.   16.   16.
   16.   16.   16.   16.   16.   16.   16.   16.   16.   16.   16.   16.
   16.   16. 
   16.   16.   16.   16.   16.   16.   16.   16.   16.   16.   16.   16.
   16.   16.   16.   16. 1952. 1952. 2766. 2766. 1952. 1952. 1952.   16.
   16.   16. 
   16. 1952. 1952. 2766. 1952. 1952. 2766. 2766. 2766. 1952.   16.   16.
   16. 1952. 1952. 2766. 2766. 2766. 1952. 1952. 1952. 1952. 1952.   16.
   16.   16. 
 16. 16. 16. 16. 16. 16. 16. 16. 16. 16. 16. 16. 16. 16. 16. 16. 16. 16.
 16. 16. 16. 16. 16. 16. 16. 16. 
   16.   16.   16. 1952. 1952. 2766. 2766. 2766. 1952. 1952.   16.   16.
   16.   16. 1952. 1952. 2766. 1952. 1952. 2766. 2766. 1952.   16.   16.
   16.   16. 
 1952. 2766. 2766. 2766. 1952. 1952. 1952. 2766. 1952. 1952. 1952.   16.
   16.   16.   16.   16.   16.   16.   16.   16.   16.   16.   16.   16.
   16.   16. 
   16.   16.   16.   16.   16.   16.   16.   16.   16.   16.   16.   16.
   16.   16.   16.   16. 1952. 1952. 2766. 2766. 2766. 1952. 1952.   16.
   16.   16. 
   16. 1952. 2766. 1952. 2766. 2766. 2766. 1952.   16.   16.   16.   16.
   16. 1952. 2766. 2766. 2766. 2766. 2766. 2766. 2766. 2766. 1952.   16.
   16.   16. 
 16. 16. 16. 16. 16. 16. 16. 16. 16. 16. 16. 16. 16. 16. 16. 16. 16. 16.
 16. 16. 16. 16. 16. 16. 16. 16. 
   16.   16.   16. 1952. 1952. 2766. 2766. 2766. 1952. 1952.   16.   16.
   16. 1952. 1952. 1952. 2766. 2766. 1952. 1952.   16.   16.   16.   16.
   16. 1952. 
 1952. 2766. 2766. 2766. 2766. 2766. 2766. 2766. 1952.   16.   16.   16.
   16.   16.   16.   16.   16.   16.   16.   16.   16.   16.   16.   16.
   16.   16. 
   16.   16.   16.   16.   16.   16.   16.   16.   16.   16.   16.   16.
   16.   16.   16.   16. 1952. 1952. 2766. 2766. 2766. 1952. 1952.   16.
   16.   16. 
 1952. 2766. 2766. 2766. 1952. 1952.   16.   16.   16.   16.   16.   16.
 1952. 1952. 1952. 1952. 1952. 1952. 1952. 2766. 1952.   16.   16.   16.
   16.   16. 
 16. 16. 16. 16. 16. 16. 16. 16. 16. 16. 16. 16. 16. 16. 16. 16. 16. 16.
 16. 16. 16. 16. 16. 16. 16. 16. 
   16.   16.   16. 1952. 1952. 2766. 2766. 2766. 1952.   16.   16.   16.
 1952. 2766. 2766. 2766. 1952. 1952. 1952.   16.   16.   16.   16.   16.
   16.   16. 
   16.   16.   16. 1952. 2766. 2766. 1952.   16.   16.   16.   16.   16.
   16.   16.   16.   16.   16.   16.   16.   16.   16.   16.   16.   16.
   16.   16. 
   16.   16.   16.   16.   16.   16.   16.   16.   16.   16.   16.   16.
   16.   16.   16.   16. 1952. 2766. 2766. 2766. 1952.   16.   16.   16.
 1952. 2766. 
 2766. 2766. 1952. 1952. 1952. 1952.   16.   16.   16.   16.   16.   16.
   16.   16.   16. 1952. 2766. 2766. 2766. 1952.   16.   16.   16.   16.
   16.   16. 
 16. 16. 16. 16. 16. 16. 16. 16. 16. 16. 16. 16. 16. 16. 16. 16. 16. 16.
 16. 16. 16. 16. 16. 16. 16. 16. 
   16.   16. 1952. 2766. 2766. 2766. 1952.   16.   16.   16. 1952. 2766.
 2766. 2766. 2766. 2766. 1952. 1952.   16.   16.   16.   16.   16.   16.
   16.   16. 
   16. 1952. 1952. 2766. 2766. 1952. 1952. 1952. 1952.   16.   16.   16.
   16.   16.   16.   16.   16.   16.   16.   16.   16.   16.   16.   16.
   16.   16. 
   16.   16.   16.   16.   16.   16.   16.   16.   16.   16.   16.   16.
   16.   16. 1952. 2766. 2766. 2766. 1952.   16.   16.   16. 1952. 1952.
 2766. 2766. 
 2766. 2766. 2766. 1952. 1952.   16.   16.   16.   16.   16.   16.   16.
   16.   16. 1952. 2766. 2766. 2766. 2766. 2766. 2766. 1952.   16.   16.
   16.   16. 
 16. 16. 16. 16. 16. 16. 16. 16. 16. 16. 16. 16. 16. 16. 16. 16. 16. 16.
 16. 16. 16. 16. 16. 16. 16. 16. 
 1952. 2766. 2766. 2766. 1952.   16.   16.   16. 1952. 1952. 1952. 1952.
 1952. 1952. 2766. 1952. 1952.   16.   16.   16.   16.   16.   16.   16.
   16.   16. 
   16. 1952. 1952. 2766. 2766. 2766. 2766. 1952. 1952.   16.   16.   16.
   16.   16.   16.   16.   16.   16.   16.   16.   16.   16.   16.   16.
   16.   16. 
   16.   16.   16.   16.   16.   16.   16.   16.   16.   16.   16.   16.
 1952. 2766. 2766. 2766. 1952.   16.   16.   16. 1952. 1952. 2766. 2766.
 2766. 1952. 
 2766. 1952. 1952.   16.   16.   16.   16.   16.   16.   16.   16.   16.
   16.   16.   16. 1952. 1952. 2766. 2766. 1952. 1952.   16.   16.   16.
   16.   16. 
   16.   16.   16.   16.   16.   16.   16.   16.   16.   16.   16.   16.
   16.   16.   16.   16.   16.   16.   16.   16.   16.   16.   16. 1952.
 1952. 2766. 
 2766. 2766. 1952.   16.   16.   16.   16. 1952. 2766. 2766. 2766. 1952.
 2766. 1952.   16.   16.   16.   16.   16.   16.   16.   16.   16.   16.
   16.   16. 
   16.   16. 1952. 2766. 2766. 1952. 1952.   16.   16.   16.   16.   16.
   16.   16.   16.   16.   16.   16.   16.   16.   16.   16.   16.   16.
   16.   16. 
   16.   16.   16.   16.   16.   16.   16.   16.   16.   16. 1952. 2766.
 2766. 2766. 1952.   16.   16.   16.   16. 1952. 1952. 2766. 1952. 1952.
 2766. 1952. 
   16.   16.   16.   16.   16.   16.   16.   16.   16.   16.   16.   16.
   16.   16. 1952. 2766. 2766. 1952.   16.   16.   16.   16.   16.   16.
   16.   16. 
   16.   16.   16.   16.   16.   16.   16.   16.   16.   16.   16.   16.
   16.   16.   16.   16.   16.   16.   16.   16.   16.   16. 1952. 2766.
 2766. 2766. 
 1952. 1952.   16.   16.   16.   16. 1952. 1952. 1952. 2766. 2766. 1952.
 1952.   16.   16.   16.   16.   16.   16.   16.   16.   16.   16.   16.
   16. 1952. 
 1952. 2766. 2766. 1952.   16.   16.   16.   16.   16.   16.   16.   16.
   16.   16.   16.   16.   16.   16.   16.   16.   16.   16.   16.   16.
   16.   16. 
   16.   16.   16.   16.   16.   16.   16.   16. 1952. 1952. 2766. 2766.
 2766. 1952. 1952.   16.   16.   16.   16. 1952. 1952. 2766. 2766. 2766.
 1952.   16. 
   16.   16.   16.   16.   16.   16.   16.   16.   16.   16.   16. 1952.
 1952. 2766. 2766. 1952.   16.   16.   16.   16.   16.   16.   16.   16.
   16.   16. 
   16.   16.   16.   16.   16.   16.   16.   16.   16.   16.   16.   16.
   16.   16.   16.   16.   16.   16.   16.   16.   16. 1952. 1952. 2766.
 2766. 2766. 
 1952.   16.   16.   16.   16.   16. 1952. 2766. 2766. 2766. 1952. 1952.
 1952. 1952.   16.   16.   16.   16.   16.   16.   16.   16.   16.   16.
 1952. 2766. 
 2766. 1952. 1952. 1952.   16.   16.   16.   16.   16.   16.   16.   16.
   16.   16.   16.   16.   16.   16.   16.   16.   16.   16.   16.   16.
   16.   16. 
   16.   16.   16.   16.   16.   16.   16.   16. 1952. 2766. 2766. 2766.
 1952. 1952.   16.   16.   16.   16. 1952. 2766. 2766. 2766. 2766. 2766.
 1952. 1952. 
 1952.   16.   16.   16.   16.   16.   16.   16.   16.   16. 1952. 2766.
 2766. 2766. 2766. 1952. 1952. 1952.   16.   16.   16.   16.   16.   16.
   16.   16. 
   16.   16.   16.   16.   16.   16.   16.   16.   16.   16.   16.   16.
   16.   16.   16.   16.   16.   16.   16.   16. 1952. 1952. 2766. 2766.
 1952. 1952. 
   16.   16.   16.   16. 1952. 1952. 1952. 2766. 2766. 2766. 2766. 1952.
 1952. 1952.   16.   16.   16.   16.   16.   16.   16.   16. 1952. 1952.
 2766. 2766. 
 2766. 2766. 1952. 1952. 1952.   16.   16.   16.   16.   16.   16.   16.
   16.   16.   16.   16.   16.   16.   16.   16.   16.   16.   16.   16.
   16.   16. 
   16.   16.   16.   16.   16.   16.   16. 1952. 2766. 2766. 2766. 1952.
   16.   16.   16.   16.   16. 1952. 1952. 1952. 1952. 2766. 2766. 2766.
 1952. 1952. 
   16.   16.   16.   16.   16.   16.   16.   16.   16. 1952. 1952. 2766.
 2766. 2766. 2766. 2766. 1952.   16.   16.   16.   16.   16.   16.   16.
   16.   16. 
   16.   16.   16.   16.   16.   16.   16.   16.   16.   16.   16.   16.
   16.   16.   16.   16.   16.   16.   16. 1952. 2766. 2766. 2766. 1952.
   16.   16. 
   16.   16.   16.   16.   16.   16. 1952. 1952. 2766. 2766. 1952. 1952.
   16.   16.   16.   16.   16.   16.   16.   16.   16.   16. 1952. 1952.
 1952. 2766. 
 2766. 2766. 1952. 1952.   16.   16.   16.   16.   16.   16.   16.   16.
   16.   16.   16.   16.   16.   16.   16.   16.   16.   16.   16.   16.
   16.   16. 
   16.   16.   16.   16.   16. 1952. 2766. 2766. 2766. 1952.   16.   16.
   16.   16.   16.   16.   16.   16. 1952. 1952. 2766. 2766. 1952. 1952.
   16.   16. 
   16.   16.   16.   16.   16.   16.   16.   16.   16.   16. 1952. 1952.
 2766. 2766. 1952.   16.   16.   16.   16.   16.   16.   16.   16.   16.
   16.   16. 
   16.   16.   16.   16.   16.   16.   16.   16.   16.   16.   16.   16.
   16.   16.   16.   16.   16. 1952. 2766. 2766. 2766. 1952.   16.   16.
   16.   16. 
   16.   16.   16.   16. 1952. 1952. 2766. 2766. 1952.   16.   16.   16.
   16.   16.   16.   16.   16.   16.   16.   16.   16.   16. 1952. 1952.
 2766. 2766. 
 1952. 1952.   16.   16.   16.   16.   16.   16.   16.   16.   16.   16.
   16.   16.   16.   16.   16.   16.   16.   16.   16.   16.   16.   16.
   16.   16. 
   16.   16.   16. 1952. 2766. 2766. 2766. 1952.   16.   16.   16.   16.
   16.   16.   16.   16. 1952. 2766. 2766. 1952. 1952.   16.   16.   16.
   16.   16. 
   16.   16.   16.   16.   16.   16.   16.   16. 1952. 2766. 2766. 2766.
 1952.   16.   16.   16.   16.   16.   16.   16.   16.   16.   16.   16.
   16.   16. 
   16.   16.   16.   16.   16.   16.   16.   16.   16.   16.   16.   16.
   16.   16.   16. 1952. 2766. 2766. 2766. 1952.   16.   16.   16.   16.
   16.   16. 
   16.   16. 1952. 2766. 2766. 1952.   16.   16.   16.   16.   16.   16.
   16.   16.   16.   16.   16.   16.   16. 1952. 1952. 2766. 2766. 1952.
 1952.   16. 
 16. 16. 16. 16. 16. 16. 16. 16. 16. 16. 16. 16. 16. 16. 16. 16. 16. 16.
 16. 16. 16. 16. 16. 16. 16. 16. 
   16. 1952. 2766. 2766. 2766. 1952. 1952.   16.   16.   16.   16.   16.
 1952. 1952. 1952. 2766. 2766. 1952.   16.   16.   16.   16.   16.   16.
   16.   16. 
   16.   16.   16.   16.   16. 1952. 1952. 2766. 2766. 1952.   16.   16.
   16.   16.   16.   16.   16.   16.   16.   16.   16.   16.   16.   16.
   16.   16. 
   16.   16.   16.   16.   16.   16.   16.   16.   16.   16.   16.   16.
   16. 1952. 1952. 2766. 2766. 2766. 1952. 1952. 1952.   16.   16.   16.
 2766. 1952. 
 1952. 2766. 2766. 1952. 1952. 1952. 1952.   16.   16.   16.   16.   16.
   16.   16.   16.   16.   16. 1952. 1952. 2766. 1952. 1952.   16.   16.
   16.   16. 
 16. 16. 16. 16. 16. 16. 16. 16. 16. 16. 16. 16. 16. 16. 16. 16. 16. 16.
 16. 16. 16. 16. 16. 16. 16. 16. 
 1952. 1952. 2766. 2766. 2766. 2766. 1952. 1952.   16.   16. 2766. 1952.
 1952. 2766. 2766. 2766. 1952. 1952. 2766. 2766. 1952.   16.   16.   16.
   16.   16. 
   16.   16.   16. 1952. 2766. 2766. 1952. 1952.   16.   16.   16.   16.
   16.   16.   16.   16.   16.   16.   16.   16.   16.   16.   16.   16.
   16.   16. 
   16.   16.   16.   16.   16.   16.   16.   16.   16.   16.   16.   16.
   16. 1952. 1952. 2766. 2766. 2766. 2766. 1952. 1952.   16. 2766. 2766.
 1952. 2766. 
 2766. 2766. 2766. 1952. 1952. 2766. 1952.   16.   16.   16.   16.   16.
   16.   16.   16. 1952. 2766. 2766. 1952. 1952.   16.   16.   16.   16.
   16.   16. 
 16. 16. 16. 16. 16. 16. 16. 16. 16. 16. 16. 16. 16. 16. 16. 16. 16. 16.
 16. 16. 16. 16. 16. 16. 16. 16. 
 1952. 1952. 2766. 2766. 2766. 2766. 1952.   16. 1952. 1952. 2766. 1952.
 2766. 2766. 2766. 2766. 1952. 1952. 2766.   16.   16.   16.   16.   16.
   16.   16. 
   16. 1952. 1952. 2766. 2766. 1952. 1952.   16.   16.   16.   16.   16.
   16.   16.   16.   16.   16.   16.   16.   16.   16.   16.   16.   16.
   16.   16. 
   16.   16.   16.   16.   16.   16.   16.   16.   16.   16.   16.   16.
   16. 1952. 1952. 2766. 2766. 2766. 1952.   16.   16.   16. 1952. 1952.
 1952. 1952. 
 2766. 2766. 2766. 1952. 2766.   16.   16.   16.   16.   16.   16.   16.
   16.   16. 1952. 2766. 2766. 2766. 1952. 1952.   16.   16.   16.   16.
   16.   16. 
 16. 16. 16. 16. 16. 16. 16. 16. 16. 16. 16. 16. 16. 16. 16. 16. 16. 16.
 16. 16. 16. 16. 16. 16. 16. 16. 
 1952. 2766. 2766. 2766. 1952.   16.   16.   16. 1952. 2766. 2766. 1952.
 2766. 2766. 2766. 1952. 2766.   16.   16.   16.   16.   16.   16.   16.
   16.   16. 
 1952. 1952. 2766. 2766. 2766. 1952. 1952.   16.   16.   16.   16.   16.
   16.   16.   16.   16.   16.   16.   16.   16.   16.   16.   16.   16.
   16.   16. 
   16.   16.   16.   16.   16.   16.   16.   16.   16.   16.   16.   16.
 1952. 2766. 2766. 2766. 1952.   16.   16.   16. 1952. 2766. 1952. 1952.
 2766. 2766. 
 2766. 1952. 2766. 1952.   16.   16.   16.   16.   16.   16.   16.   16.
   16. 1952. 1952. 1952. 2766. 2766. 1952.   16.   16.   16.   16.   16.
   16.   16. 
   16.   16.   16.   16.   16.   16.   16.   16.   16.   16.   16.   16.
   16.   16.   16.   16.   16.   16.   16.   16.   16.   16.   16.   16.
 1952. 2766. 
 2766. 2766. 1952.   16.   16.   16. 1952. 2766. 1952. 2766. 2766. 2766.
 1952. 1952. 2766. 2766. 1952.   16.   16.   16.   16.   16.   16.   16.
   16.   16. 
   16. 1952. 2766. 2766. 2766. 1952.   16.   16.   16.   16.   16.   16.
   16.   16.   16.   16.   16.   16.   16.   16.   16.   16.   16.   16.
   16.   16. 
   16.   16.   16.   16.   16.   16.   16.   16.   16.   16. 1952. 2766.
 2766. 2766. 1952.   16.   16.   16.   16. 1952. 1952. 2766. 2766. 1952.
 1952. 2766. 
 2766. 1952. 1952.   16.   16.   16.   16.   16.   16.   16.   16.   16.
   16. 1952. 2766. 2766. 1952. 1952.   16.   16.   16.   16.   16.   16.
   16.   16. 
   16.   16.   16.   16.   16.   16.   16.   16.   16.   16.   16.   16.
   16.   16.   16.   16.   16.   16.   16.   16.   16.   16. 1952. 2766.
 2766. 2766. 
 1952. 1952.   16.   16.   16.   16. 1952. 2766. 2766. 2766. 1952. 2766.
 2766. 2766. 1952. 1952.   16.   16.   16.   16.   16.   16.   16.   16.
   16. 1952. 
 2766. 2766. 1952.   16.   16.   16.   16.   16.   16.   16.   16.   16.
   16.   16.   16.   16.   16.   16.   16.   16.   16.   16.   16.   16.
   16.   16. 
   16.   16.   16.   16.   16.   16.   16.   16. 1952. 1952. 2766. 2766.
 2766. 2766.   16.   16.   16.   16. 1952. 2766. 2766. 2766. 1952. 1952.
 2766. 2766. 
 2766. 1952.   16.   16.   16.   16.   16.   16.   16.   16. 1952. 2766.
 2766. 2766. 1952.   16.   16.   16.   16.   16.   16.   16.   16.   16.
   16.   16. 
   16.   16.   16.   16.   16.   16.   16.   16.   16.   16.   16.   16.
   16.   16.   16.   16.   16.   16.   16.   16.   16. 1952. 2766. 2766.
 2766. 2766. 
   16.   16.   16.   16. 1952. 1952. 2766. 2766. 2766. 1952. 1952. 2766.
 2766. 2766. 1952.   16.   16.   16.   16.   16.   16.   16. 1952. 2766.
 2766. 1952. 
 16. 16. 16. 16. 16. 16. 16. 16. 16. 16. 16. 16. 16. 16. 16. 16. 16. 16.
 16. 16. 16. 16. 16. 16. 16. 16. 
   16.   16.   16.   16.   16.   16.   16. 1952. 1952. 1952. 2766. 2766.
   16.   16.   16.   16.   16. 1952. 1952. 2766. 2766. 2766. 1952. 1952.
 2766. 2766. 
 1952.   16.   16.   16.   16.   16.   16. 1952. 1952. 2766. 2766. 1952.
   16.   16.   16.   16.   16.   16.   16.   16.   16.   16.   16.   16.
   16.   16. 
   16.   16.   16.   16.   16.   16.   16.   16.   16.   16.   16.   16.
   16.   16.   16.   16.   16.   16.   16.   16.   16. 1952. 1952. 1952.
   16.   16. 
   16.   16.   16.   16. 1952. 1952. 2766. 2766. 2766. 1952. 1952. 2766.
 1952. 1952. 1952.   16.   16.   16.   16. 1952. 2766. 2766. 2766. 1952.
   16.   16. 
 16. 16. 16. 16. 16. 16. 16. 16. 16. 16. 16. 16. 16. 16. 16. 16. 16. 16.
 16. 16. 16. 16. 16. 16. 16. 16. 
   16.   16.   16.   16.   16.   16.   16.   16.   16. 1952.   16.   16.
   16.   16.   16.   16.   16. 1952. 1952. 2766. 2766. 2766. 1952. 1952.
 2766. 2766. 
 2766. 1952. 1952.   16.   16. 1952. 2766. 2766. 1952. 1952. 1952.   16.
   16.   16.   16.   16.   16.   16.   16.   16.   16.   16.   16.   16.
   16.   16. 
   16.   16.   16.   16.   16.   16.   16.   16.   16.   16.   16.   16.
   16.   16.   16.   16.   16.   16.   16.   16.   16. 1952.   16.   16.
   16.   16. 
   16.   16.   16.   16. 1952. 1952. 2766. 2766. 1952. 1952. 2766. 2766.
 2766. 2766. 1952.   16.   16. 1952. 1952. 2766. 2766. 2766. 1952. 1952.
 1952.   16. 
 16. 16. 16. 16. 16. 16. 16. 16. 16. 16. 16. 16. 16. 16. 16. 16. 16. 16.
 16. 16. 16. 16. 16. 16. 16. 16. 
   16.   16.   16.   16.   16.   16.   16. 1952.   16.   16.   16.   16.
   16.   16.   16.   16.   16. 1952. 2766. 2766. 2766. 1952. 1952. 1952.
 2766. 2766. 
 1952.   16.   16.   16. 1952. 2766. 2766. 2766. 2766. 2766. 1952. 1952.
   16.   16.   16.   16.   16.   16.   16.   16.   16.   16.   16.   16.
   16.   16. 
   16.   16.   16.   16.   16.   16.   16.   16.   16.   16.   16.   16.
   16.   16.   16.   16.   16.   16.   16. 1952.   16.   16.   16.   16.
   16.   16. 
   16.   16.   16. 1952. 2766. 2766. 2766. 1952.   16. 1952. 2766. 2766.
 1952. 1952.   16.   16. 1952. 1952. 1952. 2766. 2766. 2766. 2766. 1952.
 1952.   16. 
 16. 16. 16. 16. 16. 16. 16. 16. 16. 16. 16. 16. 16. 16. 16. 16. 16. 16.
 16. 16. 16. 16. 16. 16. 16. 16. 
   16.   16.   16.   16.   16. 1952.   16.   16.   16.   16.   16.   16.
   16.   16.   16. 1952. 2766. 2766. 2766. 1952. 1952. 1952. 2766. 2766.
 1952. 1952. 
   16.   16.   16. 1952. 1952. 1952. 1952. 2766. 2766. 2766. 1952.   16.
   16.   16.   16.   16.   16.   16.   16.   16.   16.   16.   16.   16.
   16.   16. 
   16.   16.   16.   16.   16.   16.   16.   16.   16.   16.   16.   16.
   16.   16.   16.   16. 1952. 1952.   16.   16.   16.   16.   16.   16.
   16.   16. 
   16. 1952. 2766. 2766. 2766. 1952. 2766. 1952. 2766. 2766. 1952. 1952.
   16.   16.   16.   16.   16.   16. 1952. 1952. 2766. 2766. 1952.   16.
   16.   16. 
 16. 16. 16. 16. 16. 16. 16. 16. 16. 16. 16. 16. 16. 16. 16. 16. 16. 16.
 16. 16. 16. 16. 16. 16. 16. 16. 
   16.   16. 1952. 1952.   16.   16.   16.   16.   16.   16.   16.   16.
   16. 1952. 1952. 2766. 2766. 1952. 1952. 2766. 1952. 2766. 1952.   16.
   16.   16. 
   16.   16.   16.   16.   16. 1952. 2766. 2766. 1952.   16.   16.   16.
   16.   16.   16.   16.   16.   16.   16.   16.   16.   16.   16.   16.
   16.   16. 
   16.   16.   16.   16.   16.   16.   16.   16.   16.   16.   16.   16.
   16.   16. 1952. 1952.   16.   16.   16.   16.   16.   16.   16.   16.
   16. 1952. 
 1952. 2766. 2766. 2766. 1952. 1952. 2766. 1952. 1952.   16.   16.   16.
   16.   16.   16.   16. 1952. 1952. 2766. 2766. 1952.   16.   16.   16.
   16.   16. 
 16. 16. 16. 16. 16. 16. 16. 16. 16. 16. 16. 16. 16. 16. 16. 16. 16. 16.
 16. 16. 16. 16. 16. 16. 16. 16. 
   16. 1952.   16.   16.   16.   16.   16.   16.   16.   16.   16.   16.
 1952. 2766. 2766. 2766. 2766. 1952. 1952. 1952. 1952.   16.   16.   16.
   16.   16. 
   16.   16. 1952. 1952. 2766. 2766. 1952.   16.   16.   16.   16.   16.
   16.   16.   16.   16.   16.   16.   16.   16.   16.   16.   16.   16.
   16.   16. 
 16. 16. 16. 16. 16. 16. 16. 16. 16. 16. 16. 16. 16. 16. 
/