PERMI
 2524.   36.   36. 2524. 2524. 3864. 2524. 2524. 3864. 3864. 3864. 3864.
 3864. 3864. 2524. 2524. 2524. 3864. 3864. 3864. 2524. 2524. 2524. 3864.
 3864. 3864. 
 3864. 3864. 2524. 2524. 3864. 3864. 3864. 2524.   36. 2524. 2524. 2524.
 2524. 2524. 2524. 2524.   36.   36.   36.   36.   36.   36.   36.   36.
   36.   36. 
   36.   36.   36.   36.   36.   36.   36.   36.   36. 2524. 2524. 2524.
 2524. 2524.   36.   36. 2524. 2524. 2524. 2524. 3864. 3864. 3864. 3864.
 3864. 3864. 
 3864. 2524. 2524. 2524. 2524. 2524. 2524. 2524. 3864. 3864. 3864. 3864.
 3864. 2524. 2524. 2524. 3864. 3864. 3864. 2524. 2524. 2524. 2524. 2524.
 3864. 3864. 
 3864. 2524. 2524. 2524.   36.   36.   36.   36.   36.   36.   36. 2524.
 2524. 2524. 2524. 2524.   36.   36.   36.   36. 2524. 2524. 2524. 3864.
 2524. 2524. 
   36.   36. 2524. 2524. 2524. 3864. 3864. 3864. 3864. 2524. 3864. 3864.
 3864. 3864. 3864. 2524. 2524. 2524. 2524. 3864. 3864. 3864. 3864. 2524.
 2524. 2524. 
 2524. 2524. 3864. 3864. 3864. 2524. 2524. 2524. 2524. 3864. 3864. 3864.
 3864. 3864. 2524. 2524. 2524.   36.   36.   36.   36.   36. 2524. 2524.
 2524. 2524. 
 2524. 2524. 2524. 2524.   36.   36. 2524. 2524. 3864. 3864. 2524. 2524.
 2524. 2524. 2524. 2524. 3864. 3864. 3864. 3864. 2524. 2524. 2524. 3864.
 3864. 3864. 
 3864. 3864. 3864. 3864. 3864. 3864. 3864. 3864. 3864. 2524. 2524. 2524.
 2524. 2524. 3864. 3864. 2524. 2524. 2524. 2524. 3864. 3864. 3864. 3864.
 3864. 3864. 
 2524. 2524. 2524. 2524.   36.   36.   36. 2524. 2524. 2524. 2524. 3864.
 3864. 2524. 2524. 2524. 2524. 2524. 2524. 3864. 3864. 3864. 3864. 2524.
 2524. 2524. 
 2524. 3864. 3864. 3864. 3864. 2524. 2524. 2524. 2524. 2524. 3864. 3864.
 3864. 3864. 3864. 3864. 3864. 3864. 3864. 3864. 2524. 2524. 3864. 3864.
 2524. 2524. 
 3864. 3864. 2524. 2524. 2524. 2524. 3864. 3864. 3864. 2524. 3864. 3864.
 3864. 2524. 2524. 2524.   36. 2524. 2524. 2524. 2524. 3864. 3864. 3864.
 3864. 3864. 
 3864. 2524. 2524. 2524. 2524. 3864. 3864. 3864. 3864. 3864. 2524. 2524.
 3864. 3864. 3864. 3864. 2524. 2524. 2524. 2524. 2524. 2524. 2524. 3864.
 3864. 3864. 
 3864. 3864. 3864. 3864. 3864. 2524. 2524. 3864. 3864. 3864. 2524. 2524.
 3864. 3864. 2524. 2524. 2524. 3864. 3864. 3864. 2524. 2524. 3864. 3864.
 3864. 2524. 
 2524. 2524. 2524. 2524. 2524. 2524. 3864. 3864. 3864. 3864. 3864. 3864.
 3864. 3864. 2524. 2524. 2524. 3864. 3864. 3864. 3864. 3864. 3864. 3864.
 3864. 3864. 
 3864. 2524. 2524. 2524. 3864. 3864. 2524. 2524. 2524. 2524. 2524. 3864.
 3864. 3864. 3864. 2524. 2524. 2524. 3864. 3864. 3864. 3864. 2524. 2524.
 3864. 3864. 
 2524. 2524. 3864. 3864. 3864. 2524. 2524. 2524. 2524. 3864. 3864. 3864.
 2524. 2524. 2524. 2524. 2524. 2524. 3864. 3864. 3864. 3864. 2524. 3864.
 3864. 3864. 
 3864. 2524. 2524. 2524. 3864. 3864. 3864. 3864. 3864. 3864. 3864. 3864.
 2524. 2524. 2524. 3864. 3864. 3864. 2524. 3864. 2524. 2524. 2524. 2524.
 2524. 2524. 
 2524. 2524. 2524. 3864. 3864. 3864. 3864. 3864. 2524. 2524. 3864. 3864.
 3864. 3864. 3864. 3864. 3864. 2524. 2524. 2524. 2524. 3864. 3864. 3864.
 2524. 2524. 
 2524. 2524. 2524. 2524. 3864. 3864. 3864. 2524. 2524. 2524. 3864. 3864.
 3864. 3864. 2524. 2524. 2524. 2524. 3864. 3864. 3864. 3864. 3864. 2524.
 2524. 2524. 
 3864. 2524. 2524. 3864. 2524. 3864. 3864. 3864. 2524. 2524. 2524. 2524.
 2524. 3864. 3864. 3864. 3864. 3864. 2524. 2524. 3864. 2524. 3864. 3864.
 3864. 3864. 
 3864. 3864. 2524. 2524. 3864. 2524. 2524. 3864. 3864. 3864. 3864. 2524.
 2524. 2524. 2524. 3864. 3864. 3864. 3864. 2524. 2524. 2524. 2524. 3864.
 3864. 3864. 
 3864. 2524. 2524. 2524. 2524. 2524. 3864. 2524. 2524. 2524. 2524. 3864.
 3864. 2524. 2524. 2524. 3864. 2524. 3864. 3864. 2524. 2524. 2524. 3864.
 3864. 3864. 
 3864. 3864. 3864. 2524. 3864. 2524. 2524. 2524. 2524. 3864. 3864. 3864.
 2524. 2524. 2524. 3864. 3864. 3864. 2524. 2524. 3864. 3864. 3864. 2524.
 2524. 2524. 
 2524. 3864. 3864. 3864. 2524. 2524. 2524. 2524. 2524. 2524. 3864. 3864.
 3864. 3864. 2524. 2524. 2524. 2524. 2524. 2524. 2524. 2524. 3864. 3864.
 3864. 2524. 
 2524. 2524. 2524. 2524. 3864. 3864. 3864. 3864. 3864. 3864. 3864. 3864.
 3864. 2524. 2524. 2524. 2524. 3864. 2524. 3864. 2524. 2524. 2524. 2524.
 2524. 2524. 
 2524. 3864. 3864. 3864. 2524. 2524. 3864. 3864. 3864. 3864. 2524. 3864.
 3864. 3864. 3864. 2524. 2524. 2524. 2524. 2524. 2524. 2524. 2524. 2524.
 3864. 3864. 
 3864. 3864. 3864. 3864. 2524. 2524. 2524. 2524. 3864. 3864. 2524. 2524.
 2524. 2524. 2524. 2524. 2524. 3864. 3864. 3864. 3864. 3864. 2524. 2524.
 2524. 3864. 
 2524. 2524. 2524. 2524. 2524. 2524. 3864. 3864. 2524. 2524. 2524. 2524.
 3864. 3864. 3864. 3864. 2524. 2524. 2524. 3864. 3864. 3864. 3864. 3864.
 3864. 3864. 
 2524. 2524. 2524. 2524. 2524. 3864. 3864. 2524. 2524. 2524. 2524. 3864.
 3864. 3864. 3864. 3864. 3864. 2524. 2524. 2524. 3864. 3864. 2524. 2524.
 3864. 2524. 
 2524. 2524. 2524. 2524. 2524. 2524. 2524. 2524. 2524. 2524. 2524. 3864.
 3864. 2524. 2524. 2524. 2524. 2524. 3864. 3864. 3864. 2524. 2524. 3864.
 3864. 3864. 
 3864. 2524. 2524. 2524. 2524. 2524. 3864. 3864. 3864. 3864. 3864. 2524.
 2524. 2524. 2524. 3864. 3864. 3864. 3864. 3864. 2524. 2524. 2524. 2524.
 3864. 3864. 
 3864. 3864. 3864. 3864. 2524. 3864. 3864. 3864. 2524. 2524. 3864. 3864.
 3864. 2524. 2524. 2524. 2524. 3864. 3864. 3864. 2524. 2524. 3864. 3864.
 3864. 2524. 
 2524. 2524. 2524. 2524. 3864. 3864. 3864. 3864. 3864. 3864. 3864. 2524.
 2524. 2524. 3864. 2524. 2524. 2524. 2524. 3864. 2524. 2524. 2524. 2524.
 2524. 2524. 
 3864. 3864. 3864. 3864. 3864. 3864. 3864. 3864. 2524. 2524. 2524. 3864.
 2524. 3864. 3864. 3864. 3864. 3864. 3864. 3864. 2524. 2524. 3864. 3864.
 3864. 3864. 
 2524. 2524. 2524. 2524. 2524. 2524. 2524. 2524. 3864. 3864. 3864. 3864.
 2524.   36.   36.   36. 2524. 3864. 3864. 3864. 3864. 3864. 2524. 2524.
 3864. 3864. 
 3864. 2524. 3864. 2524. 2524. 2524. 2524. 2524. 2524. 2524. 2524. 3864.
 3864. 3864. 3864. 2524. 2524. 2524. 2524. 3864. 3864. 2524. 2524. 2524.
 2524. 2524. 
 3864. 3864. 3864. 3864. 3864. 2524. 2524. 2524. 2524. 3864. 3864. 3864.
 3864. 3864. 2524. 2524. 2524. 2524. 2524. 2524. 2524. 3864. 3864. 3864.
 2524. 2524. 
   36.   36. 2524. 2524. 3864. 3864. 3864. 2524. 2524. 3864. 3864. 3864.
 3864. 2524. 2524. 3864. 3864. 3864. 2524. 2524. 2524. 2524. 3864. 3864.
 3864. 3864. 
 2524. 2524. 3864. 3864. 2524. 2524. 3864. 3864. 2524. 2524. 2524. 2524.
 2524. 3864. 3864. 3864. 2524. 2524. 2524. 2524. 2524. 2524. 3864. 3864.
 3864. 3864. 
 3864. 2524. 2524. 2524.   36. 2524. 2524. 3864. 3864. 3864. 2524. 2524.
   36.   36.   36. 2524. 2524. 2524. 2524. 2524. 3864. 3864. 3864. 3864.
 3864. 2524. 
 2524. 3864. 3864. 3864. 2524. 2524. 2524. 3864. 3864. 3864. 3864. 2524.
 3864. 3864. 3864. 3864. 3864. 2524. 2524. 3864. 3864. 3864.   36. 2524.
 2524. 2524. 
 2524. 2524. 2524. 2524.   36.   36. 2524. 2524. 2524. 2524. 2524. 2524.
 2524. 2524.   36.   36.   36.   36. 2524. 3864. 3864. 3864. 2524. 2524.
   36.   36. 
   36.   36.   36.   36. 2524. 2524. 2524. 2524. 2524. 2524. 2524. 2524.
 2524. 3864. 3864. 3864. 3864. 3864. 3864. 3864. 3864. 3864. 2524. 3864.
 2524. 2524. 
 2524. 2524. 3864. 3864. 2524. 2524. 2524. 3864.   36.   36. 2524. 2524.
 2524. 2524. 2524.   36.   36.   36.   36. 2524. 2524. 2524. 2524. 2524.
 2524.   36. 
   36.   36.   36.   36. 2524. 2524. 3864. 3864. 3864. 2524.   36.   36.
   36.   36.   36. 2524. 2524. 2524. 2524. 3864. 2524. 2524. 2524.   36.
   36. 2524. 
 3864. 3864. 3864. 3864. 3864. 3864. 3864. 2524. 2524. 2524. 2524.   36.
 2524. 2524. 3864. 3864. 2524. 2524. 2524. 2524.   36.   36.   36.   36.
   36.   36. 
   36.   36.   36.   36.   36.   36.   36.   36.   36.   36.   36.   36.
   36.   36.   36.   36. 2524. 2524. 3864. 3864. 3864. 2524. 2524. 2524.
 2524. 2524. 
 2524. 2524. 3864. 3864. 3864. 3864. 3864. 3864. 2524. 2524.   36. 2524.
 3864. 3864. 3864. 3864. 3864. 3864. 2524. 2524. 2524. 2524.   36.   36.
 2524. 2524. 
 3864. 3864. 2524. 2524. 2524. 2524.   36.   36.   36.   36.   36.   36.
   36.   36.   36.   36.   36.   36.   36.   36.   36.   36.   36.   36.
   36.   36. 
   36.   36.   36. 2524. 3864. 3864. 3864. 2524. 2524. 2524. 2524. 2524.
 2524. 3864. 3864. 3864. 3864. 3864. 3864. 3864. 2524. 2524.   36.   36.
 2524. 2524. 
 3864. 3864. 3864. 2524. 2524. 3864. 2524. 2524.   36.   36. 2524. 3864.
 3864. 3864. 2524. 2524. 2524. 3864.   36.   36.   36.   36.   36.   36.
   36.   36. 
   36.   36.   36.   36.   36.   36.   36.   36.   36.   36.   36.   36.
   36.   36.   36. 2524. 3864. 3864. 3864. 3864. 3864. 3864. 3864. 3864.
 3864. 3864. 
 3864. 3864. 3864. 3864. 3864. 3864. 2524. 2524.   36.   36.   36. 2524.
 2524. 2524. 2524. 2524. 3864. 3864. 3864. 2524. 2524.   36. 2524. 3864.
 2524. 2524. 
 2524. 3864. 3864. 3864. 2524.   36.   36.   36.   36.   36.   36.   36.
   36.   36.   36.   36.   36.   36.   36.   36.   36.   36.   36.   36.
   36.   36. 
   36. 2524. 2524. 3864. 3864. 3864. 3864. 3864. 3864. 3864. 3864. 3864.
 3864. 2524. 2524. 3864. 3864. 3864. 3864. 2524.   36.   36.   36. 2524.
 2524. 3864. 
 3864. 3864. 3864. 3864. 3864. 2524. 2524.   36. 2524. 2524. 2524. 2524.
 3864. 3864. 3864. 3864. 2524. 2524.   36.   36.   36.   36.   36.   36.
   36.   36. 
   36.   36.   36.   36.   36.   36.   36.   36.   36.   36.   36.   36.
   36.   36. 2524. 2524. 3864. 3864. 3864. 3864. 3864. 3864. 2524. 2524.
 2524. 2524. 
 2524. 2524. 3864. 3864. 2524. 2524.   36.   36. 2524. 2524. 3864. 3864.
 3864. 3864. 2524. 3864. 3864. 2524. 2524. 2524. 2524. 2524. 2524. 3864.
 3864. 3864. 
 3864. 2524. 3864. 2524.   36.   36.   36.   36.   36.   36.   36.   36.
   36.   36.   36.   36.   36.   36.   36.   36.   36.   36.   36.   36.
   36.   36. 
   36. 2524. 2524. 2524. 2524. 2524. 2524. 2524. 2524. 2524. 2524.   36.
 2524. 2524. 3864. 3864. 2524. 2524.   36.   36. 2524. 2524. 3864. 3864.
 3864. 2524. 
 2524. 3864. 3864. 3864. 2524. 2524. 2524. 2524. 3864. 3864. 3864. 3864.
 2524. 2524. 3864. 2524. 2524.   36.   36.   36.   36.   36.   36.   36.
   36.   36. 
   36.   36.   36.   36.   36.   36.   36.   36.   36.   36.   36.   36.
   36.   36.   36.   36. 2524. 2524. 2524.   36.   36.   36.   36.   36.
 2524. 2524. 
 3864. 3864. 3864. 2524. 2524. 2524. 2524. 3864. 3864. 3864. 3864. 2524.
 2524. 3864. 3864. 3864. 2524. 2524. 2524. 3864. 3864. 3864. 3864. 2524.
 2524. 2524. 
 3864. 3864. 2524.   36.   36.   36.   36.   36.   36.   36.   36.   36.
   36.   36.   36.   36.   36.   36.   36.   36.   36.   36.   36.   36.
   36.   36. 
   36.   36.   36.   36.   36.   36.   36.   36.   36.   36.   36. 2524.
 3864. 3864. 3864. 3864. 2524. 2524. 2524. 3864. 3864. 3864. 2524. 2524.
 2524. 2524. 
 3864. 3864. 3864. 2524. 2524. 3864. 3864. 3864. 2524. 2524. 3864. 2524.
 3864. 3864. 2524. 2524.   36.   36.   36.   36.   36.   36.   36.   36.
   36.   36. 
   36.   36.   36.   36.   36.   36.   36.   36.   36.   36.   36.   36.
   36.   36.   36.   36.   36.   36.   36.   36.   36.   36.   36. 2524.
 2524. 2524. 
 2524. 2524. 3864. 3864. 3864. 3864. 3864. 3864. 2524. 2524. 2524. 2524.
 3864. 3864. 3864. 3864. 3864. 3864. 3864. 3864. 2524. 2524. 2524. 2524.
 3864. 3864. 
 2524. 2524.   36.   36.   36.   36.   36.   36. 2524. 2524. 2524.   36.
   36.   36.   36.   36.   36.   36.   36.   36.   36.   36.   36.   36.
   36.   36. 
   36.   36.   36.   36.   36.   36.   36.   36. 2524. 2524. 2524. 2524.
 2524. 2524. 2524. 3864. 3864. 3864. 3864. 2524. 2524.   36. 2524. 2524.
 3864. 3864. 
 3864. 3864. 3864. 3864. 3864. 2524. 2524. 2524. 2524.   36. 3864. 3864.
 2524. 2524.   36.   36.   36. 2524. 2524. 2524. 2524. 3864. 2524. 2524.
 2524.   36. 
   36.   36.   36.   36.   36.   36.   36.   36.   36.   36.   36.   36.
   36.   36.   36.   36.   36.   36.   36. 2524. 2524. 3864. 3864. 3864.
 3864. 3864. 
 2524. 3864. 3864. 2524. 2524. 2524. 2524.   36.   36. 2524. 2524. 3864.
 3864. 3864. 3864. 3864. 2524. 2524. 2524.   36.   36.   36. 3864. 3864.
 2524. 2524. 
   36.   36. 2524. 2524. 2524. 3864. 3864. 3864. 3864. 3864. 2524.   36.
   36.   36.   36.   36.   36. 2524. 2524. 2524. 2524. 2524.   36.   36.
   36.   36. 
   36.   36.   36.   36. 2524. 2524. 3864. 3864. 3864. 3864. 3864. 3864.
 2524. 2524. 2524. 2524. 2524.   36.   36.   36.   36. 2524. 2524. 2524.
 2524. 3864. 
 3864. 2524. 2524. 2524.   36.   36.   36.   36. 3864. 3864. 3864. 2524.
 2524. 2524. 2524. 3864. 3864. 3864. 3864. 3864. 3864. 3864. 2524. 2524.
   36.   36. 
   36.   36. 2524. 2524. 3864. 3864. 3864. 2524. 2524. 2524.   36.   36.
   36.   36.   36. 2524. 2524. 3864. 3864. 3864. 3864. 3864. 3864. 3864.
 3864. 2524. 
 2524.   36.   36.   36.   36.   36.   36.   36.   36. 2524. 2524. 2524.
 2524. 2524. 2524.   36.   36.   36.   36.   36. 3864. 3864. 3864. 2524.
 2524. 2524. 
 3864. 3864. 3864. 3864. 3864. 3864. 3864. 3864. 2524. 2524.   36.   36.
   36. 2524. 3864. 3864. 3864. 3864. 3864. 3864. 3864. 2524. 2524.   36.
   36.   36. 
   36. 2524. 3864. 3864. 3864. 3864. 3864. 2524. 3864. 3864. 3864. 2524.
   36.   36.   36.   36.   36.   36.   36.   36.   36.   36.   36. 2524.
 2524.   36. 
   36.   36.   36.   36.   36.   36. 3864. 3864. 3864. 3864. 3864. 3864.
 3864. 3864. 3864. 2524. 2524. 3864. 3864. 3864. 2524. 2524.   36.   36.
   36. 2524. 
 3864. 3864. 3864. 3864. 3864. 3864. 3864. 3864. 2524. 2524.   36.   36.
 2524. 2524. 3864. 3864. 3864. 2524. 2524. 2524. 3864. 3864. 3864. 2524.
 2524.   36. 
   36.   36.   36.   36.   36.   36.   36.   36.   36.   36.   36.   36.
   36.   36.   36.   36.   36.   36. 3864. 3864. 3864. 3864. 3864. 3864.
 3864. 3864. 
 2524. 2524. 2524. 3864. 3864. 3864. 2524. 2524.   36.   36. 2524. 3864.
 3864. 3864. 3864. 3864. 3864. 3864. 3864. 3864. 3864. 3864. 2524. 2524.
 2524. 3864. 
 3864. 3864. 3864. 2524. 2524. 2524. 2524. 3864. 3864. 3864. 2524.   36.
   36.   36.   36.   36.   36.   36.   36.   36.   36.   36.   36.   36.
   36.   36. 
   36.   36.   36.   36. 2524. 3864. 3864. 3864. 3864. 3864. 3864. 2524.
 2524. 2524. 3864. 3864. 3864. 3864. 2524. 2524.   36.   36. 2524. 3864.
 3864. 3864. 
 3864. 2524. 2524. 3864. 3864. 3864. 3864. 3864. 3864. 2524. 3864. 3864.
 3864. 3864. 3864. 2524.   36.   36. 2524. 3864. 3864. 3864. 2524.   36.
   36.   36. 
   36.   36. 2524. 2524. 2524. 2524.   36.   36.   36.   36.   36.   36.
   36.   36.   36.   36. 2524. 2524. 2524. 2524. 2524. 2524. 2524. 2524.
   36. 2524. 
 2524. 3864. 3864. 3864. 2524. 2524.   36.   36. 2524. 3864. 3864. 3864.
 2524. 2524. 2524. 2524. 2524. 3864. 3864. 3864. 3864. 3864. 3864. 3864.
 3864. 3864. 
 2524.   36.   36.   36. 2524. 3864. 3864. 3864. 2524.   36.   36. 2524.
 2524. 2524. 2524. 3864. 3864. 2524. 2524. 2524.   36.   36.   36.   36.
   36.   36. 
 2524. 2524.   36.   36. 2524. 2524. 2524. 2524.   36.   36.   36. 2524.
 2524. 3864. 3864. 3864. 3864. 2524.   36. 2524. 2524. 3864. 3864. 3864.
 2524.   36. 
   36. 2524. 2524. 2524. 3864. 3864. 3864. 3864. 3864. 3864. 3864. 2524.
 2524.   36.   36.   36. 2524. 3864. 3864. 3864. 2524. 2524. 2524. 2524.
 2524. 3864. 
 3864. 3864. 3864. 3864. 2524. 2524.   36.   36.   36.   36.   36. 2524.
 2524. 2524.   36.   36.   36.   36.   36.   36.   36.   36.   36.   36.
 2524. 3864. 
 3864. 3864. 3864. 2524. 2524. 2524. 3864. 3864. 3864. 3864. 2524.   36.
   36.   36.   36. 2524. 2524. 3864. 3864. 3864. 3864. 3864. 2524. 2524.
   36.   36. 
   36.   36. 2524. 3864. 3864. 3864. 2524. 2524. 2524. 3864. 3864. 3864.
 3864. 3864. 3864. 3864. 3864. 2524. 2524.   36.   36.   36. 2524. 2524.
 3864. 3864. 
   36.   36.   36.   36.   36.   36.   36.   36.   36.   36. 2524. 2524.
 3864. 3864. 3864. 3864. 2524. 3864. 3864. 3864. 3864. 2524.   36.   36.
   36.   36. 
   36.   36. 2524. 2524. 2524. 2524. 2524. 2524. 2524.   36.   36.   36.
   36.   36. 2524. 3864. 3864. 3864. 2524. 3864. 3864. 3864. 3864. 3864.
 3864. 2524. 
 3864. 3864. 3864. 2524. 2524.   36.   36.   36. 2524. 3864. 3864. 3864.
   36.   36.   36.   36.   36.   36.   36.   36.   36.   36.   36. 2524.
 2524. 3864. 
 3864. 3864. 3864. 3864. 3864. 3864. 2524. 2524.   36.   36.   36.   36.
   36.   36.   36.   36. 2524. 2524. 2524.   36.   36.   36.   36.   36.
   36.   36. 
 2524. 2524. 3864. 3864. 3864. 3864. 3864. 3864. 2524. 2524. 2524. 2524.
 3864. 3864. 3864. 3864. 2524.   36.   36. 2524. 2524. 3864. 3864. 3864.
   36.   36. 
   36.   36.   36.   36.   36.   36.   36.   36.   36.   36. 2524. 2524.
 3864. 3864. 3864. 3864. 3864. 3864. 2524.   36.   36.   36.   36.   36.
   36.   36. 
   36.   36.   36.   36.   36.   36.   36.   36.   36.   36.   36.   36.
   36. 2524. 3864. 3864. 3864. 3864. 3864. 2524. 2524. 2524.   36. 2524.
 2524. 3864. 
 3864. 3864. 2524. 2524.   36. 2524. 2524. 3864. 3864. 3864.   36.   36.
   36.   36.   36.   36.   36.   36.   36.   36.   36.   36.   36. 2524.
 2524. 2524. 
 3864. 3864. 3864. 2524. 2524.   36.   36.   36.   36.   36.   36.   36.
   36.   36.   36.   36.   36.   36.   36.   36.   36.   36.   36.   36.
   36. 2524. 
 2524. 2524. 2524. 2524. 2524. 2524.   36.   36.   36.   36. 2524. 3864.
 3864. 3864. 3864. 2524. 2524. 2524. 3864. 3864. 3864. 3864.   36.   36.
   36.   36. 
   36.   36.   36.   36.   36.   36.   36.   36.   36.   36. 2524. 2524.
 2524. 2524. 2524. 2524.   36.   36.   36.   36.   36.   36.   36.   36.
   36.   36. 
   36.   36.   36.   36.   36.   36.   36.   36.   36.   36.   36.   36.
   36. 2524. 2524.   36.   36.   36.   36.   36.   36.   36. 2524. 2524.
 3864. 3864. 
 3864. 2524. 2524. 2524. 3864. 3864. 3864. 3864.   36.   36.   36.   36.
   36.   36.   36.   36.   36.   36.   36.   36.   36.   36.   36.   36.
   36.   36. 
 36. 36. 36. 36. 36. 36. 36. 36. 36. 36. 36. 36. 36. 36. 36. 36. 36. 36.
 36. 36. 36. 36. 36. 36. 36. 36. 
   36.   36.   36.   36.   36.   36.   36.   36. 2524. 2524. 3864. 3864.
 3864. 2524. 2524. 3864. 3864. 3864. 3864. 2524.   36.   36.   36.   36.
   36.   36. 
 36. 36. 36. 36. 36. 36. 36. 36. 36. 36. 36. 36. 36. 36. 36. 36. 36. 36.
 36. 36. 36. 36. 36. 36. 36. 36. 
   36.   36.   36.   36.   36.   36.   36.   36.   36.   36.   36.   36.
   36.   36.   36.   36.   36.   36.   36.   36.   36. 2524. 3864. 3864.
 3864. 2524. 
 3864. 3864. 3864. 3864. 3864. 2524.   36.   36.   36.   36.   36.   36.
   36.   36.   36.   36.   36.   36.   36.   36.   36.   36.   36.   36.
   36.   36. 
 36. 36. 36. 36. 36. 36. 36. 36. 36. 36. 36. 36. 36. 36. 36. 36. 36. 36.
 36. 36. 36. 36. 36. 36. 36. 36. 
   36.   36.   36.   36.   36.   36.   36. 2524. 3864. 3864. 3864. 3864.
 3864. 3864. 3864. 3864. 2524. 2524.   36.   36.   36.   36.   36.   36.
   36.   36. 
 36. 36. 36. 36. 36. 36. 36. 36. 36. 36. 36. 36. 36. 36. 36. 36. 36. 36.
 36. 36. 36. 36. 36. 36. 36. 36. 
   36.   36.   36.   36.   36.   36.   36.   36.   36.   36.   36.   36.
   36.   36.   36.   36.   36.   36.   36. 2524. 2524. 3864. 3864. 3864.
 3864. 3864. 
 3864. 2524. 2524. 2524.   36.   36.   36.   36.   36.   36.   36.   36.
   36.   36.   36.   36.   36.   36.   36.   36.   36.   36.   36.   36.
   36.   36. 
 36. 36. 36. 36. 36. 36. 36. 36. 36. 36. 36. 36. 36. 36. 36. 36. 36. 36.
 36. 36. 36. 36. 36. 36. 36. 36. 
   36.   36.   36.   36.   36.   36. 2524. 2524. 3864. 3864. 3864. 3864.
 3864. 2524. 2524.   36.   36.   36.   36.   36.   36.   36.   36.   36.
   36.   36. 
 36. 36. 36. 36. 36. 36. 36. 36. 36. 36. 36. 36. 36. 36. 36. 36. 36. 36.
 36. 36. 36. 36. 36. 36. 36. 36. 
   36.   36.   36.   36.   36.   36.   36.   36.   36.   36.   36.   36.
   36.   36.   36.   36.   36.   36.   36. 2524. 2524. 3864. 3864. 2524.
 2524. 2524. 
 36. 36. 36. 36. 36. 36. 36. 36. 36. 36. 36. 36. 36. 36. 36. 36. 36. 36.
 36. 36. 36. 36. 36. 36. 36. 36. 
 36. 36. 36. 36. 36. 36. 36. 36. 36. 36. 36. 36. 36. 36. 36. 36. 36. 36.
 36. 36. 36. 36. 36. 36. 36. 36. 
   36.   36.   36.   36.   36.   36. 2524. 2524. 2524. 2524. 2524.   36.
   36.   36.   36.   36.   36.   36.   36.   36.   36.   36.   36.   36.
   36.   36. 
 36. 36. 36. 36. 36. 36. 36. 36. 36. 36. 36. 36. 36. 36. 36. 36. 36. 36.
 36. 36. 36. 36. 36. 36. 36. 36. 
 36. 36. 36. 36. 36. 36. 36. 36. 36. 36. 36. 36. 36. 36. 36. 36. 36. 36.
 36. 36. 36. 36. 36. 36. 36. 36. 
 36. 36. 36. 36. 36. 36. 36. 36. 36. 36. 36. 36. 36. 36. 36. 36. 36. 36.
 36. 36. 36. 36. 36. 36. 36. 36. 
 36. 36. 36. 36. 36. 36. 36. 36. 36. 36. 36. 36. 36. 36. 36. 36. 36. 36.
 36. 36. 36. 36. 36. 36. 36. 36. 
 36. 36. 36. 36. 36. 36. 36. 36. 36. 36. 36. 36. 36. 36. 36. 36. 36. 36.
 36. 36. 36. 36. 36. 36. 36. 36. 
 36. 36. 36. 36. 36. 36. 36. 36. 36. 36. 36. 36. 36. 36. 36. 36. 36. 36.
 36. 36. 36. 36. 36. 36. 36. 36. 
 36. 36. 36. 36. 36. 36. 36. 36. 36. 36. 36. 36. 36. 36. 36. 36. 36. 36.
 36. 36. 36. 36. 36. 36. 36. 36. 
 36. 36. 36. 36. 36. 36. 36. 36. 36. 36. 36. 36. 36. 36. 36. 36. 36. 36.
 36. 36. 36. 36. 36. 36. 36. 36. 
 36. 36. 36. 36. 36. 36. 36. 36. 36. 36. 36. 36. 36. 36. 36. 36. 36. 36.
 36. 36. 36. 36. 36. 36. 36. 36. 
 36. 36. 36. 36. 36. 36. 36. 36. 36. 36. 36. 36. 36. 36. 36. 36. 36. 36.
 36. 36. 36. 36. 36. 36. 36. 36. 
 36. 36. 36. 36. 36. 36. 36. 36. 36. 36. 36. 36. 36. 36. 36. 36. 36. 36.
 36. 36. 36. 36. 36. 36. 36. 36. 
 36. 36. 36. 36. 36. 36. 36. 36. 36. 36. 36. 36. 36. 36. 36. 36. 36. 36.
 36. 36. 36. 36. 36. 36. 36. 36. 
 36. 36. 36. 36. 36. 36. 36. 36. 36. 36. 36. 36. 36. 36. 36. 36. 36. 36.
 36. 36. 36. 36. 36. 36. 36. 36. 
 36. 36. 36. 36. 36. 36. 36. 36. 36. 36. 36. 36. 36. 36. 36. 36. 36. 36.
 36. 36. 36. 36. 36. 36. 36. 36. 
 36. 36. 36. 36. 36. 36. 36. 36. 36. 36. 36. 36. 36. 36. 36. 36. 36. 36.
 36. 36. 36. 36. 36. 36. 36. 36. 
 36. 36. 36. 36. 36. 36. 36. 36. 36. 36. 36. 36. 36. 36. 36. 36. 36. 36.
 36. 36. 36. 36. 36. 36. 36. 36. 
 36. 36. 36. 36. 36. 36. 36. 36. 36. 36. 36. 36. 36. 36. 36. 36. 36. 36.
 36. 36. 36. 36. 36. 36. 36. 36. 
 36. 36. 36. 36. 36. 36. 36. 36. 36. 36. 36. 36. 36. 36. 36. 36. 36. 36.
 36. 36. 36. 36. 36. 36. 36. 36. 
 36. 36. 36. 36. 36. 36. 36. 36. 36. 36. 36. 36. 36. 36. 36. 36. 36. 36.
 36. 36. 36. 36. 36. 36. 36. 36. 
 36. 36. 36. 36. 36. 36. 36. 36. 36. 36. 36. 36. 36. 36. 36. 36. 36. 36.
 36. 36. 36. 36. 36. 36. 36. 36. 
 36. 36. 36. 36. 36. 36. 36. 36. 36. 36. 36. 36. 36. 36. 36. 36. 36. 36.
 36. 36. 36. 36. 36. 36. 36. 36. 
 36. 36. 36. 36. 36. 36. 36. 36. 36. 36. 36. 36. 36. 36. 36. 36. 36. 36.
 36. 36. 36. 36. 36. 36. 36. 36. 
 36. 36. 36. 36. 36. 36. 36. 36. 36. 36. 36. 36. 36. 36. 36. 36. 36. 36.
 36. 36. 36. 36. 36. 36. 36. 36. 
 36. 36. 36. 36. 36. 36. 36. 36. 36. 36. 36. 36. 36. 36. 36. 36. 36. 36.
 36. 36. 36. 36. 36. 36. 36. 36. 
 36. 36. 36. 36. 36. 36. 36. 36. 36. 36. 36. 36. 36. 36. 36. 36. 36. 36.
 36. 36. 36. 36. 36. 36. 36. 36. 
 36. 36. 36. 36. 36. 36. 36. 36. 36. 36. 36. 36. 36. 36. 36. 36. 36. 36.
 36. 36. 36. 36. 36. 36. 36. 36. 
 36. 36. 36. 36. 36. 36. 36. 36. 36. 36. 36. 36. 36. 36. 36. 36. 36. 36.
 36. 36. 36. 36. 36. 36. 36. 36. 
 36. 36. 36. 36. 36. 36. 36. 36. 36. 36. 36. 36. 36. 36. 36. 36. 36. 36.
 36. 36. 36. 36. 36. 36. 36. 36. 
 36. 36. 36. 36. 36. 36. 36. 36. 36. 36. 36. 36. 36. 36. 36. 36. 36. 36.
 36. 36. 36. 36. 36. 36. 36. 36. 
 36. 36. 36. 36. 36. 36. 36. 36. 36. 36. 36. 36. 36. 36. 36. 36. 36. 36.
 36. 36. 36. 36. 36. 36. 36. 36. 
 36. 36. 36. 36. 36. 36. 36. 36. 36. 36. 36. 36. 36. 36. 36. 36. 36. 36.
 36. 36. 36. 36. 36. 36. 36. 36. 
 36. 36. 36. 36. 36. 36. 36. 36. 36. 36. 36. 36. 36. 36. 
/