PERMI
   32. 1155. 1533. 1533. 1155. 1155.   32.   32.   32.   32. 1155. 1155.
   32.   32.   32.   32.   32.   32.   32.   32.   32.   32.   32.   32.
   32.   32. 
   32.   32.   32.   32.   32.   32.   32.   32.   32.   32.   32.   32.
   32.   32.   32.   32.   32.   32.   32.   32.   32.   32.   32.   32.
   32. 1155. 
 1533. 1533. 1533. 1533. 1533. 1533. 1533. 1533. 1533. 1533. 1533. 1533.
   32. 1155. 1533. 1533. 1155. 1155.   32.   32. 1155. 1155. 1155. 1155.
 1155. 1155. 
 1155.   32.   32.   32.   32.   32.   32.   32.   32.   32.   32.   32.
   32.   32.   32.   32.   32.   32.   32.   32.   32.   32.   32.   32.
   32.   32. 
   32.   32.   32.   32.   32.   32.   32.   32.   32.   32.   32. 1155.
 1155. 1155. 1155. 1155. 1155. 1155. 1155. 1155. 1155. 1155. 1533. 1533.
   32. 1155. 
 1533. 1533. 1155. 1155. 1155. 1155. 1155. 1533. 1533. 1533. 1533. 1533.
 1155. 1155.   32.   32.   32.   32.   32.   32.   32.   32.   32.   32.
   32.   32. 
   32.   32.   32.   32.   32.   32.   32.   32.   32.   32.   32.   32.
   32.   32.   32.   32.   32.   32.   32.   32.   32.   32.   32.   32.
   32. 1155. 
 1155.   32.   32.   32.   32.   32.   32. 1155. 1155. 1533.   32. 1155.
 1533. 1533. 1155. 1155. 1155. 1533. 1533. 1533. 1533. 1533. 1533. 1533.
 1533. 1155. 
 32. 32. 32. 32. 32. 32. 32. 32. 32. 32. 32. 32. 32. 32. 32. 32. 32. 32.
 32. 32. 32. 32. 32. 32. 32. 32. 
   32.   32.   32.   32.   32.   32.   32.   32.   32.   32.   32.   32.
   32.   32.   32.   32.   32.   32.   32.   32. 1155. 1533. 1155. 1155.
 1533. 1533. 
 1533. 1155. 1533. 1533. 1533. 1155. 1155. 1155. 1155. 1533. 1533. 1155.
 1155.   32.   32.   32.   32.   32.   32.   32.   32.   32.   32.   32.
   32.   32. 
 32. 32. 32. 32. 32. 32. 32. 32. 32. 32. 32. 32. 32. 32. 32. 32. 32. 32.
 32. 32. 32. 32. 32. 32. 32. 32. 
   32.   32.   32.   32.   32.   32. 1155. 1533. 1155. 1155. 1155. 1533.
 1533. 1533. 1533. 1533. 1155. 1155. 1155. 1155. 1155. 1533. 1533. 1533.
 1155. 1155. 
   32.   32.   32. 1155. 1155. 1155. 1155. 1155.   32.   32.   32.   32.
   32.   32.   32.   32.   32.   32.   32.   32.   32.   32.   32.   32.
   32.   32. 
   32.   32.   32.   32.   32.   32.   32.   32.   32.   32.   32.   32.
   32.   32.   32.   32.   32.   32. 1155. 1155. 1533. 1533. 1155. 1155.
 1533. 1533. 
 1155. 1155. 1155.   32.   32.   32. 1155. 1155. 1533. 1533. 1533. 1155.
   32.   32. 1155. 1155. 1155. 1533. 1533. 1155. 1155. 1155.   32.   32.
   32.   32. 
 32. 32. 32. 32. 32. 32. 32. 32. 32. 32. 32. 32. 32. 32. 32. 32. 32. 32.
 32. 32. 32. 32. 32. 32. 32. 32. 
   32.   32.   32.   32.   32. 1155. 1533. 1533. 1533. 1155. 1155. 1155.
 1155. 1155.   32.   32.   32.   32.   32. 1155. 1155. 1533. 1533. 1155.
 1155. 1155. 
 1533. 1533. 1533. 1533. 1533. 1533. 1533. 1155.   32.   32.   32.   32.
   32.   32.   32.   32.   32.   32.   32.   32.   32.   32.   32.   32.
   32.   32. 
   32.   32.   32.   32.   32.   32.   32.   32.   32.   32.   32.   32.
   32.   32.   32.   32.   32. 1155. 1155. 1533. 1533. 1155.   32.   32.
   32.   32. 
   32.   32.   32.   32.   32.   32. 1155. 1533. 1533. 1533. 1533. 1533.
 1533. 1533. 1533. 1533. 1533. 1533. 1533. 1155.   32.   32.   32.   32.
   32.   32. 
 32. 32. 32. 32. 32. 32. 32. 32. 32. 32. 32. 32. 32. 32. 32. 32. 32. 32.
 32. 32. 32. 32. 32. 32. 32. 32. 
   32.   32.   32. 1155. 1155. 1533. 1533. 1155.   32.   32.   32.   32.
   32.   32.   32.   32.   32.   32. 1155. 1155. 1533. 1533. 1533. 1533.
 1533. 1533. 
 1155. 1155. 1155. 1533. 1533. 1155.   32.   32.   32.   32.   32. 1155.
 1155. 1155. 1155.   32.   32.   32.   32.   32.   32.   32.   32.   32.
   32.   32. 
   32.   32.   32.   32.   32.   32.   32.   32.   32.   32.   32.   32.
   32.   32.   32.   32. 1533. 1533. 1155. 1155.   32.   32.   32.   32.
   32.   32. 
   32.   32.   32.   32.   32. 1155. 1155. 1533. 1533. 1155. 1155. 1155.
   32. 1155. 1155. 1533. 1533. 1155.   32.   32.   32. 1155. 1155. 1155.
 1533. 1533. 
 1155. 1155.   32.   32.   32.   32.   32.   32.   32.   32.   32.   32.
   32.   32.   32.   32.   32.   32.   32.   32.   32.   32.   32.   32.
   32.   32. 
   32.   32. 1533. 1533. 1155.   32.   32.   32.   32.   32.   32.   32.
   32.   32.   32.   32.   32.   32.   32. 1155. 1155. 1155.   32.   32.
   32. 1155. 
 1155. 1533. 1533. 1155.   32.   32. 1155. 1155. 1533. 1533. 1533. 1533.
 1533. 1155. 1155.   32.   32.   32.   32.   32.   32.   32.   32.   32.
   32.   32. 
   32.   32.   32.   32.   32.   32.   32.   32.   32.   32.   32.   32.
   32.   32. 1533. 1155.   32.   32.   32.   32.   32.   32.   32.   32.
   32.   32. 
   32.   32.   32.   32.   32.   32.   32.   32.   32.   32.   32. 1155.
 1155. 1533. 1533. 1155. 1155. 1155. 1155. 1533. 1533. 1533. 1155. 1533.
 1533. 1533. 
 1155.   32.   32.   32.   32.   32.   32.   32.   32.   32.   32.   32.
   32.   32.   32.   32.   32.   32.   32.   32.   32.   32.   32.   32.
   32.   32. 
 1533. 1155. 1155. 1155. 1155.   32.   32.   32.   32.   32.   32.   32.
   32.   32.   32.   32.   32.   32.   32.   32.   32.   32.   32.   32.
 1155. 1533. 
 1533. 1533. 1155. 1155. 1533. 1533. 1533. 1155. 1155. 1155. 1533. 1533.
 1155.   32.   32.   32.   32. 1155. 1155.   32.   32.   32.   32.   32.
   32.   32. 
   32.   32.   32.   32.   32.   32.   32.   32.   32.   32.   32.   32.
 1533. 1533. 1533. 1533. 1155. 1155. 1155.   32.   32.   32.   32.   32.
   32.   32. 
   32.   32.   32.   32.   32.   32.   32.   32.   32.   32. 1155. 1155.
 1533. 1533. 1533. 1533. 1533. 1533. 1155. 1155.   32. 1155. 1533. 1533.
 1155.   32. 
 1155. 1155. 1155. 1155. 1155. 1155. 1155.   32.   32.   32.   32.   32.
   32.   32.   32.   32.   32.   32.   32.   32.   32.   32.   32.   32.
 1155. 1533. 
 1533. 1533. 1533. 1533. 1155. 1155.   32.   32.   32.   32.   32.   32.
   32.   32.   32.   32.   32.   32.   32.   32.   32.   32.   32. 1155.
 1155. 1533. 
 1533. 1533. 1533. 1155. 1155.   32.   32. 1155. 1533. 1533. 1155. 1155.
 1155. 1533. 1533. 1533. 1533. 1533. 1155. 1155.   32.   32.   32.   32.
   32.   32. 
   32.   32.   32.   32.   32.   32.   32.   32.   32.   32. 1155. 1155.
 1155. 1533. 1533. 1533. 1533. 1155.   32.   32.   32.   32.   32.   32.
   32.   32. 
   32.   32.   32.   32.   32.   32.   32.   32.   32.   32. 1155. 1155.
 1155. 1155. 1155.   32.   32.   32.   32. 1155. 1533. 1533. 1155. 1155.
 1533. 1533. 
 1533. 1533. 1533. 1533. 1533. 1155.   32.   32.   32.   32.   32.   32.
   32.   32.   32.   32.   32.   32.   32.   32.   32.   32.   32. 1155.
 1155. 1155. 
 1155. 1533. 1533. 1155.   32.   32.   32.   32.   32.   32.   32.   32.
   32.   32.   32.   32.   32.   32.   32.   32.   32.   32.   32. 1155.
 1155.   32. 
   32.   32.   32.   32.   32. 1155. 1533. 1533. 1533. 1533. 1533. 1533.
 1155. 1155. 1155. 1533. 1533. 1155.   32.   32.   32.   32.   32.   32.
   32.   32. 
   32.   32.   32.   32.   32.   32.   32.   32.   32.   32.   32. 1155.
 1533. 1533. 1533. 1155.   32.   32.   32.   32.   32.   32.   32.   32.
   32.   32. 
   32.   32.   32.   32.   32.   32.   32.   32.   32.   32.   32.   32.
   32.   32.   32.   32.   32. 1155. 1533. 1533. 1533. 1533. 1533. 1155.
 1155.   32. 
 1155. 1533. 1533. 1155. 1155.   32.   32.   32.   32.   32.   32.   32.
   32.   32.   32.   32.   32.   32.   32.   32.   32.   32. 1155. 1155.
 1533. 1533. 
 1155. 1155.   32.   32.   32.   32.   32.   32.   32.   32.   32.   32.
   32.   32.   32.   32.   32.   32.   32.   32.   32.   32.   32.   32.
   32.   32. 
   32.   32.   32.   32. 1155. 1155. 1155. 1155. 1155. 1155.   32.   32.
 1155. 1533. 1533. 1155. 1155.   32.   32.   32.   32.   32.   32.   32.
   32.   32. 
   32.   32.   32.   32.   32.   32.   32.   32. 1155. 1533. 1533. 1533.
 1155.   32.   32.   32.   32.   32.   32.   32.   32.   32.   32.   32.
   32.   32. 
   32.   32.   32.   32.   32.   32.   32.   32.   32.   32.   32.   32.
   32.   32.   32.   32.   32. 1155. 1155.   32.   32.   32.   32. 1155.
 1155. 1533. 
 1533. 1155.   32.   32.   32.   32.   32.   32.   32.   32.   32.   32.
   32.   32.   32.   32.   32.   32.   32. 1155. 1533. 1533. 1533. 1155.
   32.   32. 
 32. 32. 32. 32. 32. 32. 32. 32. 32. 32. 32. 32. 32. 32. 32. 32. 32. 32.
 32. 32. 32. 32. 32. 32. 32. 32. 
   32.   32.   32.   32.   32.   32.   32.   32.   32. 1155. 1155. 1533.
 1533. 1155.   32.   32.   32.   32.   32.   32.   32.   32.   32.   32.
   32.   32. 
   32.   32.   32.   32.   32. 1155. 1533. 1533. 1533. 1155.   32.   32.
   32.   32.   32.   32.   32.   32.   32.   32.   32.   32.   32.   32.
   32.   32. 
   32.   32.   32.   32.   32.   32.   32.   32.   32.   32.   32.   32.
   32.   32.   32.   32.   32.   32.   32.   32.   32. 1155. 1155. 1533.
 1533. 1155. 
   32.   32.   32.   32.   32.   32.   32.   32.   32.   32.   32.   32.
   32.   32.   32.   32.   32. 1155. 1533. 1533. 1155. 1155.   32.   32.
   32.   32. 
 1155.   32.   32.   32.   32.   32.   32.   32.   32.   32.   32.   32.
   32.   32.   32.   32.   32.   32.   32.   32.   32.   32.   32.   32.
   32.   32. 
   32.   32.   32.   32.   32.   32.   32. 1155. 1155. 1533. 1533. 1155.
   32.   32.   32.   32.   32.   32.   32.   32.   32.   32.   32.   32.
   32.   32. 
   32.   32.   32. 1155. 1533. 1533. 1533. 1155. 1155. 1155. 1155. 1155.
 1155. 1155. 1155.   32.   32.   32.   32.   32.   32.   32.   32.   32.
   32.   32. 
   32.   32.   32.   32.   32.   32.   32.   32.   32.   32.   32.   32.
   32.   32.   32.   32.   32.   32.   32. 1155. 1155. 1533. 1533. 1155.
 1155.   32. 
   32.   32.   32.   32.   32.   32.   32.   32.   32.   32.   32.   32.
   32.   32.   32. 1155. 1533. 1533. 1533. 1533. 1533. 1533. 1533. 1533.
 1533. 1533. 
 1533. 1155.   32.   32.   32.   32.   32.   32.   32.   32.   32.   32.
   32.   32.   32.   32.   32.   32.   32.   32.   32.   32.   32.   32.
   32.   32. 
   32.   32.   32.   32.   32. 1155. 1155. 1533. 1533. 1533. 1533. 1155.
 1155. 1155. 1155.   32.   32.   32.   32.   32.   32.   32.   32.   32.
   32.   32. 
   32. 1155. 1155. 1533. 1533. 1533. 1533. 1533. 1533. 1533. 1533. 1533.
 1533. 1155. 1155.   32.   32.   32.   32.   32.   32.   32.   32.   32.
   32.   32. 
   32.   32.   32.   32.   32.   32.   32.   32.   32.   32.   32.   32.
   32.   32.   32.   32.   32.   32. 1155. 1533. 1533. 1533. 1533. 1533.
 1533. 1533. 
 1155. 1155.   32.   32.   32.   32.   32.   32.   32.   32.   32.   32.
   32.   32. 1155. 1155. 1155. 1155. 1533. 1533. 1533. 1155. 1155. 1533.
 1533. 1155. 
 1155.   32.   32.   32.   32.   32.   32.   32.   32.   32.   32.   32.
   32.   32.   32.   32.   32.   32.   32.   32.   32.   32.   32.   32.
   32.   32. 
   32.   32.   32.   32. 1155. 1155. 1533. 1533. 1533. 1533. 1533. 1533.
 1533. 1533. 1155.   32.   32.   32.   32.   32.   32.   32.   32.   32.
   32.   32. 
   32.   32.   32. 1155. 1155. 1155. 1155. 1155. 1155. 1533. 1533. 1155.
 1155.   32.   32.   32.   32.   32.   32.   32.   32.   32.   32.   32.
   32.   32. 
   32.   32.   32.   32.   32.   32.   32.   32.   32.   32.   32.   32.
   32.   32.   32.   32.   32.   32. 1155. 1155. 1155. 1533. 1533. 1533.
 1533. 1533. 
 1155. 1155.   32.   32.   32.   32.   32.   32.   32.   32.   32.   32.
   32.   32.   32.   32.   32.   32.   32.   32. 1155. 1533. 1533. 1155.
 1155.   32. 
 32. 32. 32. 32. 32. 32. 32. 32. 32. 32. 32. 32. 32. 32. 32. 32. 32. 32.
 32. 32. 32. 32. 32. 32. 32. 32. 
   32.   32.   32.   32.   32.   32. 1155. 1155. 1155. 1155. 1533. 1533.
 1533. 1155.   32.   32.   32.   32.   32.   32.   32.   32.   32.   32.
   32.   32. 
   32.   32.   32.   32.   32.   32. 1155. 1533. 1533. 1155. 1155.   32.
   32.   32.   32.   32.   32.   32.   32.   32.   32.   32.   32.   32.
   32.   32. 
   32.   32.   32.   32.   32.   32.   32.   32.   32.   32.   32.   32.
   32.   32.   32.   32.   32.   32.   32.   32.   32. 1155. 1533. 1533.
 1533. 1155. 
   32.   32.   32.   32.   32.   32.   32.   32.   32.   32.   32.   32.
   32.   32.   32.   32.   32.   32. 1155. 1533. 1533. 1155. 1155.   32.
   32.   32. 
 32. 32. 32. 32. 32. 32. 32. 32. 32. 32. 32. 32. 32. 32. 32. 32. 32. 32.
 32. 32. 32. 32. 32. 32. 32. 32. 
   32.   32.   32.   32.   32.   32. 1155. 1155. 1533. 1533. 1533. 1155.
   32.   32.   32.   32.   32.   32.   32.   32.   32.   32.   32.   32.
   32.   32. 
   32.   32.   32. 1155. 1155. 1533. 1533. 1155. 1155. 1155. 1155. 1155.
 1155.   32.   32.   32.   32.   32.   32.   32.   32.   32.   32.   32.
   32.   32. 
   32.   32.   32.   32.   32.   32.   32.   32.   32.   32.   32.   32.
   32.   32.   32.   32.   32.   32. 1155. 1533. 1533. 1533. 1533. 1155.
   32.   32. 
   32.   32.   32.   32.   32.   32.   32.   32.   32.   32.   32.   32.
   32.   32.   32. 1155. 1155. 1533. 1533. 1533. 1533. 1533. 1533. 1533.
 1155. 1155. 
 1155.   32.   32.   32.   32.   32.   32.   32.   32.   32.   32.   32.
   32.   32.   32.   32.   32.   32.   32.   32.   32.   32.   32.   32.
   32.   32. 
   32.   32.   32.   32. 1155. 1533. 1533. 1533. 1155. 1155.   32.   32.
   32.   32.   32.   32.   32.   32.   32.   32.   32.   32.   32.   32.
   32.   32. 
   32.   32. 1155. 1155. 1533. 1533. 1533. 1533. 1533. 1533. 1533. 1533.
 1155. 1155.   32.   32.   32.   32.   32.   32.   32.   32.   32.   32.
   32.   32. 
   32.   32.   32.   32.   32.   32.   32.   32.   32.   32.   32.   32.
   32.   32.   32. 1155. 1155. 1533. 1533. 1533. 1155.   32.   32.   32.
   32.   32. 
   32.   32.   32.   32.   32.   32.   32.   32.   32.   32.   32.   32.
   32.   32. 1155. 1155. 1155. 1155. 1155. 1155. 1155. 1155. 1533. 1533.
 1533. 1155. 
 32. 32. 32. 32. 32. 32. 32. 32. 32. 32. 32. 32. 32. 32. 32. 32. 32. 32.
 32. 32. 32. 32. 32. 32. 32. 32. 
   32. 1155. 1155. 1533. 1533. 1155. 1155. 1155. 1155. 1155. 1155. 1155.
 1155.   32.   32.   32.   32.   32.   32.   32.   32.   32.   32.   32.
   32.   32. 
   32.   32. 1155. 1155. 1155. 1155. 1155. 1155. 1155. 1533. 1533. 1155.
   32.   32.   32.   32.   32.   32.   32.   32.   32.   32.   32.   32.
   32.   32. 
   32.   32.   32.   32.   32.   32.   32.   32.   32.   32.   32.   32.
   32. 1155. 1155. 1533. 1533. 1155. 1155. 1155. 1533. 1533. 1533. 1533.
 1155. 1155. 
   32.   32.   32.   32.   32.   32.   32.   32.   32.   32.   32.   32.
   32.   32.   32.   32.   32.   32.   32.   32. 1155. 1533. 1533. 1155.
   32.   32. 
   32.   32.   32.   32.   32.   32.   32.   32.   32.   32.   32.   32.
   32.   32.   32.   32.   32.   32.   32.   32.   32.   32.   32.   32.
   32. 1155. 
 1155. 1533. 1533. 1533. 1533. 1533. 1533. 1533. 1533. 1533. 1533. 1155.
 1155.   32.   32.   32.   32.   32.   32.   32.   32.   32.   32.   32.
   32.   32. 
   32.   32.   32.   32.   32. 1155. 1533. 1533. 1533. 1155.   32.   32.
   32.   32.   32.   32.   32.   32.   32.   32.   32.   32.   32.   32.
   32.   32. 
   32.   32.   32.   32.   32.   32.   32.   32.   32.   32.   32.   32.
 1155. 1533. 1533. 1533. 1533. 1533. 1533. 1155. 1155. 1533. 1533. 1155.
 1155.   32. 
   32.   32.   32.   32.   32.   32.   32.   32.   32.   32.   32.   32.
   32.   32.   32.   32. 1155. 1155. 1533. 1533. 1155. 1155.   32.   32.
   32.   32. 
   32.   32.   32.   32.   32.   32.   32.   32.   32.   32.   32.   32.
   32.   32.   32.   32.   32.   32.   32.   32.   32.   32.   32.   32.
 1155. 1155. 
 1533. 1533. 1533. 1155. 1155. 1155. 1155. 1533. 1533. 1533. 1155.   32.
   32.   32.   32.   32.   32.   32.   32.   32.   32.   32.   32.   32.
   32.   32. 
   32.   32. 1155. 1533. 1533. 1155. 1155.   32.   32.   32.   32.   32.
   32.   32.   32.   32.   32.   32.   32.   32.   32.   32.   32.   32.
   32.   32. 
   32.   32.   32.   32.   32.   32.   32.   32.   32.   32.   32.   32.
 1155. 1155. 1155. 1155.   32.   32. 1155. 1533. 1533. 1533. 1155.   32.
   32.   32. 
   32.   32.   32.   32.   32.   32.   32.   32.   32.   32.   32.   32.
   32. 1155. 1155. 1533. 1533. 1155.   32.   32.   32.   32.   32.   32.
   32.   32. 
 32. 32. 32. 32. 32. 32. 32. 32. 32. 32. 32. 32. 32. 32. 32. 32. 32. 32.
 32. 32. 32. 32. 32. 32. 32. 32. 
   32.   32.   32.   32. 1155. 1155. 1533. 1533. 1155. 1155.   32.   32.
   32.   32.   32.   32.   32.   32.   32.   32.   32.   32.   32.   32.
   32. 1155. 
 1533. 1533. 1533. 1155.   32.   32.   32.   32.   32.   32.   32.   32.
   32.   32.   32.   32.   32.   32.   32.   32.   32.   32.   32.   32.
   32.   32. 
   32.   32.   32.   32.   32.   32.   32.   32.   32.   32.   32.   32.
   32.   32.   32.   32.   32. 1155. 1533. 1533. 1155. 1155. 1155.   32.
   32.   32. 
   32.   32.   32.   32.   32.   32.   32.   32.   32.   32.   32. 1155.
 1533. 1533. 1155.   32.   32. 1155. 1155. 1155. 1155.   32.   32.   32.
   32.   32. 
 32. 32. 32. 32. 32. 32. 32. 32. 32. 32. 32. 32. 32. 32. 32. 32. 32. 32.
 32. 32. 32. 32. 32. 32. 32. 32. 
   32.   32.   32. 1155. 1533. 1533. 1155. 1155. 1155. 1155.   32.   32.
   32.   32.   32.   32.   32.   32.   32.   32.   32.   32. 1155. 1155.
 1533. 1533. 
 1155. 1155. 1155. 1155. 1533. 1533. 1155. 1155. 1155.   32.   32.   32.
   32.   32.   32.   32.   32.   32.   32.   32.   32.   32.   32.   32.
   32.   32. 
   32.   32.   32.   32.   32.   32.   32.   32.   32.   32.   32.   32.
   32.   32.   32. 1155. 1533. 1533. 1533. 1155. 1533. 1155.   32.   32.
   32.   32. 
   32.   32.   32.   32.   32.   32.   32.   32.   32. 1155. 1533. 1533.
 1533. 1533. 1533. 1533. 1533. 1533. 1533. 1533. 1155.   32.   32.   32.
   32.   32. 
 32. 32. 32. 32. 32. 32. 32. 32. 32. 32. 32. 32. 32. 32. 32. 32. 32. 32.
 32. 32. 32. 32. 32. 32. 32. 32. 
   32. 1155. 1155. 1533. 1533. 1533. 1533. 1155. 1155.   32.   32.   32.
   32.   32.   32.   32.   32.   32.   32.   32.   32. 1155. 1155. 1533.
 1533. 1533. 
 1533. 1533. 1533. 1533. 1533. 1533. 1155. 1155.   32.   32.   32.   32.
   32.   32.   32.   32.   32.   32.   32.   32.   32.   32.   32.   32.
   32.   32. 
   32.   32.   32.   32.   32.   32.   32.   32.   32.   32.   32.   32.
   32.   32. 1155. 1155. 1533. 1533. 1533. 1155. 1155.   32.   32.   32.
   32.   32. 
   32.   32.   32.   32.   32.   32.   32.   32. 1155. 1155. 1155. 1155.
 1155. 1155. 1155. 1155. 1533. 1533. 1533. 1155.   32.   32.   32.   32.
   32.   32. 
 32. 32. 32. 32. 32. 32. 32. 32. 32. 32. 32. 32. 32. 32. 32. 32. 32. 32.
 32. 32. 32. 32. 32. 32. 32. 32. 
   32. 1155. 1155. 1155. 1533. 1155.   32.   32.   32.   32.   32.   32.
   32.   32.   32.   32.   32.   32.   32.   32.   32.   32.   32. 1155.
 1155.   32. 
 1155. 1155. 1533. 1533. 1155. 1155.   32.   32.   32.   32.   32.   32.
   32.   32.   32.   32.   32.   32.   32.   32.   32.   32.   32.   32.
   32.   32. 
   32.   32.   32.   32.   32.   32.   32.   32.   32.   32.   32.   32.
   32.   32.   32.   32. 1533. 1155.   32.   32.   32.   32.   32.   32.
   32.   32. 
   32.   32.   32.   32.   32.   32.   32.   32.   32.   32.   32.   32.
 1155. 1533. 1533. 1533. 1155. 1155.   32.   32.   32.   32.   32.   32.
   32.   32. 
 32. 32. 32. 32. 32. 32. 32. 32. 32. 32. 32. 32. 32. 32. 32. 32. 32. 32.
 32. 32. 32. 32. 32. 32. 32. 32. 
   32.   32. 1533. 1155.   32.   32.   32.   32.   32.   32.   32.   32.
   32.   32.   32.   32.   32.   32.   32.   32.   32.   32.   32. 1155.
 1155. 1533. 
 1533. 1533. 1155.   32.   32.   32.   32.   32.   32.   32.   32.   32.
   32.   32.   32.   32.   32.   32.   32.   32.   32.   32.   32.   32.
   32.   32. 
   32.   32.   32.   32.   32.   32.   32.   32.   32.   32.   32.   32.
   32.   32. 1533. 1155.   32.   32.   32.   32.   32.   32.   32.   32.
   32.   32. 
   32.   32.   32.   32.   32.   32.   32.   32.   32. 1155. 1533. 1533.
 1533. 1155. 1155. 1155. 1155. 1155. 1155. 1155.   32.   32.   32.   32.
   32.   32. 
 32. 32. 32. 32. 32. 32. 32. 32. 32. 32. 32. 32. 32. 32. 32. 32. 32. 32.
 32. 32. 32. 32. 32. 32. 32. 32. 
 1155.   32.   32.   32.   32.   32.   32.   32.   32.   32.   32.   32.
   32.   32.   32.   32.   32.   32.   32.   32. 1155. 1155. 1533. 1533.
 1155. 1155. 
 1155. 1155. 1533. 1533. 1155. 1155. 1155.   32.   32.   32.   32.   32.
   32.   32.   32.   32.   32.   32.   32.   32.   32.   32.   32.   32.
   32.   32. 
   32.   32.   32.   32.   32.   32.   32.   32.   32.   32.   32.   32.
 1155. 1155. 1155. 1155. 1155. 1155.   32.   32.   32.   32.   32.   32.
   32.   32. 
   32.   32.   32.   32.   32.   32.   32. 1155. 1533. 1533. 1533. 1533.
 1533. 1533. 1533. 1533. 1533. 1155. 1155.   32.   32.   32.   32.   32.
   32.   32. 
   32.   32.   32.   32.   32.   32.   32.   32.   32.   32.   32.   32.
   32.   32.   32.   32.   32.   32.   32.   32.   32.   32.   32.   32.
 1533. 1155. 
 1533. 1533. 1533. 1155. 1155.   32.   32.   32.   32.   32.   32.   32.
   32.   32.   32.   32.   32.   32.   32. 1155. 1155. 1533. 1533. 1533.
 1533. 1533. 
 1155. 1533. 1533. 1533. 1155.   32.   32.   32.   32.   32.   32.   32.
   32.   32.   32.   32.   32.   32.   32.   32.   32.   32.   32.   32.
   32.   32. 
   32.   32.   32.   32.   32.   32.   32.   32.   32.   32. 1533. 1533.
 1533. 1533. 1533. 1533. 1155.   32.   32.   32.   32.   32.   32.   32.
   32.   32. 
   32.   32.   32.   32.   32.   32. 1155. 1155. 1155. 1155. 1155. 1155.
 1155. 1533. 1533. 1533. 1155.   32.   32.   32.   32. 1155.   32.   32.
   32.   32. 
   32.   32.   32.   32.   32.   32.   32.   32.   32.   32.   32.   32.
   32.   32.   32.   32.   32.   32.   32.   32.   32.   32. 1533. 1533.
 1533. 1533. 
 1533. 1533. 1155. 1155.   32.   32.   32.   32.   32.   32.   32.   32.
   32.   32.   32.   32.   32.   32.   32.   32. 1155. 1155. 1155. 1155.
 1155. 1533. 
 1533. 1155. 1155. 1155. 1155. 1155. 1155. 1155. 1155. 1155.   32.   32.
   32.   32.   32.   32.   32.   32.   32.   32.   32.   32.   32.   32.
   32.   32. 
   32.   32.   32.   32.   32.   32.   32.   32. 1155. 1155. 1155. 1155.
 1533. 1533. 1155. 1155.   32.   32.   32.   32.   32.   32.   32.   32.
   32.   32. 
   32.   32.   32.   32.   32.   32.   32.   32.   32. 1155. 1155. 1533.
 1533. 1533. 1155. 1155. 1155. 1155. 1533. 1533. 1533. 1155. 1155.   32.
   32.   32. 
   32.   32.   32.   32.   32.   32.   32.   32.   32.   32.   32.   32.
   32.   32.   32.   32.   32.   32.   32.   32.   32.   32.   32. 1155.
 1533. 1533. 
 1155. 1155.   32.   32.   32.   32.   32.   32.   32.   32.   32.   32.
   32.   32.   32.   32.   32.   32.   32.   32.   32.   32. 1155. 1533.
 1533. 1533. 
 1155. 1533. 1533. 1533. 1533. 1533. 1533. 1533. 1155. 1155.   32.   32.
   32.   32.   32.   32.   32.   32.   32.   32.   32.   32.   32.   32.
   32.   32. 
   32.   32.   32.   32.   32.   32.   32.   32.   32. 1155. 1533. 1533.
 1155. 1155.   32.   32.   32.   32.   32.   32.   32.   32.   32.   32.
   32.   32. 
   32.   32.   32.   32.   32.   32.   32.   32. 1155. 1533. 1533. 1533.
 1533. 1533. 1533. 1533. 1533. 1155. 1533. 1533. 1533. 1155.   32.   32.
   32.   32. 
   32.   32.   32.   32.   32.   32.   32.   32.   32.   32.   32.   32.
   32.   32.   32.   32.   32.   32.   32.   32.   32. 1155. 1533. 1533.
 1155. 1155. 
   32.   32.   32.   32.   32.   32.   32.   32.   32.   32.   32.   32.
   32.   32.   32.   32.   32.   32.   32.   32. 1155. 1155. 1533. 1533.
 1533. 1533. 
 1533. 1155. 1155. 1155. 1533. 1533. 1533. 1155.   32.   32.   32.   32.
   32.   32.   32.   32.   32.   32.   32.   32.   32.   32.   32.   32.
   32.   32. 
   32.   32.   32.   32.   32.   32.   32. 1155. 1155. 1533. 1533. 1155.
 1155. 1155. 1155.   32.   32.   32.   32.   32.   32.   32.   32.   32.
   32.   32. 
   32.   32.   32.   32.   32.   32.   32. 1155. 1155. 1155. 1155. 1155.
 1155. 1155. 1155. 1155. 1533. 1533. 1155. 1155.   32.   32.   32.   32.
   32.   32. 
   32.   32.   32.   32.   32.   32.   32.   32.   32.   32.   32.   32.
   32.   32.   32.   32.   32.   32.   32.   32. 1155. 1533. 1533. 1533.
 1155. 1155. 
 1155. 1155. 1155.   32.   32.   32.   32.   32.   32.   32.   32.   32.
   32.   32.   32.   32.   32.   32.   32.   32.   32. 1155. 1155. 1155.
   32.   32. 
 1155. 1533. 1533. 1533. 1155.   32.   32.   32.   32.   32.   32.   32.
   32.   32.   32.   32.   32.   32.   32.   32.   32.   32.   32.   32.
   32.   32. 
   32.   32.   32.   32.   32.   32. 1155. 1155. 1533. 1533. 1533. 1533.
 1533. 1533. 1155. 1155.   32.   32.   32.   32.   32.   32.   32.   32.
   32.   32. 
   32.   32.   32.   32.   32.   32.   32.   32.   32.   32.   32. 1155.
 1155. 1533. 1533. 1155. 1155.   32.   32.   32.   32.   32.   32.   32.
   32.   32. 
 32. 32. 32. 32. 32. 32. 32. 32. 32. 32. 32. 32. 32. 32. 
/