PERMI
   27.   27.   27.   27.   27.   27.   27.   27.   27.   27.   27.   27.
   27.   27.   27.   27.   27.   27.   27.   27. 2387. 2387. 3208. 3208.
 3208. 2387. 
 2387.   27.   27.   27.   27.   27.   27. 2387. 2387. 3208. 3208. 3208.
 2387.   27.   27.   27.   27.   27.   27.   27.   27.   27.   27.   27.
   27.   27. 
   27. 2387. 3208. 3208. 3208. 3208. 3208. 2387.   27.   27.   27.   27.
   27.   27.   27.   27.   27.   27.   27.   27.   27.   27.   27.   27.
   27.   27. 
   27.   27.   27.   27.   27.   27.   27. 2387. 2387. 3208. 3208. 2387.
 2387.   27.   27.   27.   27.   27.   27.   27. 2387. 3208. 3208. 3208.
 2387.   27. 
   27.   27.   27.   27.   27.   27.   27.   27.   27.   27.   27.   27.
   27.   27. 2387. 2387. 3208. 3208. 3208. 2387. 2387.   27.   27.   27.
   27.   27. 
   27.   27.   27.   27.   27.   27.   27.   27.   27.   27.   27.   27.
   27.   27.   27.   27.   27.   27.   27. 2387. 2387. 3208. 3208. 3208.
 2387.   27. 
   27.   27.   27.   27.   27.   27.   27. 2387. 3208. 3208. 3208. 2387.
   27.   27.   27.   27.   27.   27.   27.   27.   27.   27.   27.   27.
   27.   27. 
   27. 2387. 2387. 3208. 3208. 3208. 2387.   27.   27.   27.   27.   27.
   27.   27.   27.   27.   27.   27.   27.   27.   27.   27.   27.   27.
   27.   27. 
   27.   27.   27.   27.   27. 2387. 2387. 3208. 3208. 3208. 2387.   27.
   27.   27.   27.   27.   27.   27.   27. 2387. 3208. 3208. 3208. 2387.
   27.   27. 
   27.   27.   27.   27.   27.   27.   27.   27.   27.   27.   27.   27.
   27.   27. 2387. 3208. 3208. 3208. 2387. 2387.   27.   27.   27.   27.
   27.   27. 
   27.   27.   27.   27.   27.   27.   27.   27.   27.   27.   27.   27.
   27.   27.   27.   27.   27. 2387. 2387. 3208. 3208. 3208. 2387.   27.
   27.   27. 
   27.   27.   27.   27.   27. 2387. 3208. 3208. 3208. 3208. 2387.   27.
   27.   27.   27.   27.   27.   27.   27.   27.   27.   27.   27.   27.
   27.   27. 
 2387. 2387. 3208. 3208. 3208. 2387.   27.   27.   27.   27.   27.   27.
   27.   27.   27.   27.   27.   27.   27.   27.   27.   27.   27.   27.
   27.   27. 
   27.   27.   27.   27. 2387. 3208. 3208. 3208. 2387.   27.   27.   27.
   27.   27.   27.   27.   27.   27. 2387. 3208. 3208. 3208. 2387.   27.
   27.   27. 
   27.   27.   27.   27.   27.   27.   27.   27.   27.   27.   27.   27.
 2387. 3208. 3208. 3208. 3208. 2387.   27.   27.   27.   27.   27.   27.
   27.   27. 
   27.   27.   27.   27.   27.   27.   27.   27.   27.   27.   27.   27.
   27.   27.   27. 2387. 2387. 3208. 3208. 3208. 2387.   27.   27.   27.
   27.   27. 
   27.   27.   27.   27. 2387. 3208. 3208. 3208. 2387.   27.   27.   27.
   27.   27.   27.   27.   27.   27.   27.   27.   27.   27.   27.   27.
 2387. 3208. 
 3208. 3208. 2387. 2387.   27.   27.   27.   27.   27.   27.   27.   27.
   27.   27.   27.   27.   27.   27.   27.   27.   27.   27.   27.   27.
   27.   27. 
   27. 2387. 2387. 3208. 3208. 3208. 2387.   27.   27.   27.   27.   27.
   27.   27.   27.   27. 2387. 2387. 3208. 3208. 3208. 2387. 2387.   27.
   27.   27. 
   27.   27.   27.   27.   27.   27.   27.   27.   27.   27. 2387. 3208.
 3208. 3208. 2387. 2387.   27.   27.   27.   27.   27.   27.   27.   27.
   27.   27. 
   27.   27.   27.   27.   27.   27.   27.   27.   27.   27.   27.   27.
   27.   27. 2387. 3208. 3208. 3208. 2387. 2387.   27.   27.   27.   27.
   27.   27. 
   27.   27.   27. 2387. 3208. 3208. 3208. 2387. 2387. 2387. 2387.   27.
   27.   27.   27.   27.   27.   27.   27.   27.   27. 2387. 2387. 3208.
 3208. 3208. 
 2387.   27.   27.   27.   27.   27.   27.   27.   27.   27.   27.   27.
   27.   27.   27.   27.   27.   27.   27.   27.   27.   27.   27.   27.
   27.   27. 
 2387. 3208. 3208. 3208. 3208. 2387. 2387.   27.   27.   27.   27.   27.
   27.   27.   27. 2387. 2387. 3208. 3208. 3208. 3208. 3208. 2387. 2387.
   27.   27. 
   27.   27.   27.   27.   27.   27.   27. 2387. 2387. 3208. 3208. 3208.
 2387.   27.   27.   27.   27.   27.   27.   27.   27.   27.   27.   27.
   27.   27. 
   27.   27.   27.   27.   27.   27.   27.   27.   27.   27.   27.   27.
 2387. 2387. 3208. 3208. 3208. 3208. 2387. 2387.   27.   27.   27.   27.
   27.   27. 
   27.   27. 2387. 2387. 3208. 3208. 3208. 3208. 3208. 2387. 2387.   27.
   27.   27.   27.   27.   27.   27.   27. 2387. 3208. 3208. 3208. 3208.
 2387.   27. 
   27.   27.   27.   27.   27.   27.   27.   27.   27.   27.   27.   27.
   27.   27.   27.   27.   27.   27.   27.   27.   27.   27.   27.   27.
   27. 2387. 
 2387. 3208. 3208. 3208. 3208. 2387. 2387.   27.   27.   27.   27.   27.
   27.   27.   27.   27. 2387. 2387. 3208. 3208. 3208. 3208. 2387.   27.
   27.   27. 
   27.   27.   27.   27.   27. 2387. 2387. 3208. 3208. 3208. 2387.   27.
   27.   27.   27.   27.   27.   27.   27.   27.   27.   27.   27.   27.
   27.   27. 
   27.   27.   27.   27.   27.   27.   27.   27.   27.   27.   27.   27.
 2387. 3208. 3208. 3208. 3208. 2387. 2387.   27.   27.   27.   27.   27.
   27.   27. 
   27.   27.   27. 2387. 2387. 3208. 3208. 3208. 2387. 2387.   27.   27.
   27.   27.   27.   27.   27.   27. 2387. 3208. 3208. 3208. 3208. 2387.
   27.   27. 
   27.   27.   27.   27.   27.   27.   27.   27.   27.   27.   27.   27.
   27.   27.   27.   27.   27.   27.   27.   27.   27.   27.   27.   27.
 2387. 2387. 
 3208. 3208. 3208. 3208. 2387. 2387.   27.   27.   27.   27.   27.   27.
   27.   27.   27.   27. 2387. 2387. 3208. 3208. 3208. 2387.   27.   27.
   27.   27. 
   27.   27.   27.   27. 2387. 2387. 3208. 3208. 3208. 2387.   27.   27.
   27.   27.   27.   27.   27.   27.   27.   27.   27.   27.   27.   27.
   27.   27. 
   27.   27.   27.   27.   27.   27.   27.   27.   27.   27.   27. 2387.
 2387. 3208. 3208. 3208. 2387. 2387.   27.   27.   27.   27.   27.   27.
   27.   27. 
   27.   27.   27. 2387. 3208. 3208. 3208. 2387.   27.   27.   27.   27.
   27.   27.   27.   27.   27. 2387. 3208. 3208. 3208. 3208. 2387.   27.
   27.   27. 
   27.   27.   27.   27.   27.   27.   27.   27.   27.   27.   27.   27.
   27.   27.   27.   27.   27.   27.   27.   27.   27.   27.   27. 2387.
 2387. 3208. 
 3208. 3208. 3208. 2387. 2387.   27.   27.   27.   27.   27.   27.   27.
   27.   27.   27. 2387. 3208. 3208. 3208. 2387. 2387.   27.   27.   27.
   27.   27. 
   27.   27.   27. 2387. 2387. 3208. 3208. 3208. 2387.   27.   27.   27.
   27.   27.   27.   27.   27.   27.   27.   27.   27.   27.   27.   27.
   27.   27. 
   27.   27.   27.   27.   27.   27.   27.   27.   27.   27. 2387. 2387.
 3208. 3208. 3208. 2387. 2387.   27.   27.   27.   27.   27.   27.   27.
   27.   27. 
   27. 2387. 3208. 3208. 3208. 2387. 2387.   27.   27.   27.   27.   27.
   27.   27.   27.   27. 2387. 3208. 3208. 3208. 2387. 2387.   27.   27.
   27.   27. 
   27.   27.   27.   27.   27.   27.   27.   27.   27.   27.   27.   27.
   27.   27.   27.   27.   27.   27.   27.   27.   27.   27. 2387. 2387.
 3208. 3208. 
 3208. 2387. 2387.   27.   27.   27.   27.   27.   27.   27.   27.   27.
   27. 2387. 3208. 3208. 3208. 2387.   27.   27.   27.   27.   27.   27.
   27.   27. 
   27.   27. 2387. 2387. 3208. 3208. 3208. 2387.   27.   27.   27.   27.
   27.   27.   27.   27.   27.   27.   27.   27.   27.   27.   27.   27.
   27.   27. 
   27.   27.   27.   27.   27.   27.   27.   27.   27. 2387. 2387. 3208.
 3208. 3208. 2387.   27.   27.   27.   27.   27.   27.   27.   27.   27.
 2387. 2387. 
 3208. 3208. 3208. 2387.   27.   27.   27.   27.   27.   27.   27.   27.
   27.   27.   27. 2387. 3208. 3208. 3208. 2387.   27.   27.   27.   27.
   27.   27. 
   27.   27.   27.   27.   27.   27.   27.   27.   27.   27.   27.   27.
   27.   27.   27.   27.   27.   27.   27.   27.   27. 2387. 2387. 3208.
 3208. 3208. 
 2387. 2387.   27.   27.   27.   27.   27.   27.   27.   27. 2387. 2387.
 3208. 3208. 3208. 2387.   27.   27.   27.   27.   27.   27.   27.   27.
   27.   27. 
   27. 2387. 3208. 3208. 3208. 2387.   27.   27.   27.   27.   27.   27.
   27.   27.   27.   27.   27.   27.   27.   27.   27.   27.   27.   27.
   27.   27. 
   27.   27.   27.   27.   27.   27.   27. 2387. 2387. 3208. 3208. 3208.
 2387. 2387. 2387.   27.   27.   27.   27.   27.   27.   27. 2387. 2387.
 3208. 3208. 
 3208. 2387. 2387.   27.   27.   27.   27.   27.   27.   27.   27.   27.
   27. 2387. 3208. 3208. 3208. 2387.   27.   27.   27.   27.   27.   27.
   27.   27. 
   27.   27.   27.   27.   27.   27.   27.   27.   27.   27.   27.   27.
   27.   27.   27.   27.   27.   27.   27.   27. 2387. 2387. 3208. 3208.
 3208. 2387. 
 2387.   27.   27.   27.   27.   27.   27.   27.   27. 2387. 3208. 3208.
 3208. 3208. 2387. 2387.   27.   27.   27.   27.   27.   27.   27.   27.
   27. 2387. 
 3208. 3208. 3208. 2387.   27.   27.   27.   27.   27.   27.   27.   27.
   27.   27.   27.   27.   27.   27.   27.   27.   27.   27.   27.   27.
   27.   27. 
   27.   27.   27.   27.   27.   27. 2387. 2387. 3208. 3208. 3208. 3208.
 2387. 2387.   27.   27.   27.   27.   27.   27.   27. 2387. 2387. 3208.
 3208. 3208. 
 3208. 2387.   27.   27.   27.   27.   27.   27.   27.   27.   27.   27.
 2387. 3208. 3208. 2387.   27.   27.   27.   27.   27.   27.   27.   27.
   27.   27. 
   27.   27.   27.   27.   27.   27.   27.   27.   27.   27.   27.   27.
   27.   27.   27.   27.   27.   27.   27. 2387. 2387. 3208. 3208. 3208.
 3208. 2387. 
 2387.   27.   27.   27.   27.   27.   27.   27. 2387. 2387. 3208. 3208.
 3208. 3208. 2387.   27.   27.   27.   27.   27.   27.   27.   27.   27.
 2387. 3208. 
 3208. 3208.   27.   27.   27.   27.   27.   27.   27.   27.   27.   27.
   27.   27.   27.   27.   27.   27.   27.   27.   27.   27.   27.   27.
   27.   27. 
   27.   27.   27.   27.   27. 2387. 2387. 2387. 3208. 3208. 3208. 3208.
 2387. 2387.   27.   27.   27.   27.   27.   27.   27. 2387. 2387. 3208.
 3208. 3208. 
 3208. 2387.   27.   27.   27.   27.   27.   27.   27.   27. 2387. 2387.
 3208. 3208.   27.   27.   27.   27.   27.   27.   27.   27.   27.   27.
   27.   27. 
   27.   27.   27.   27.   27.   27.   27.   27.   27.   27.   27.   27.
   27.   27.   27.   27.   27.   27.   27. 2387. 2387. 3208. 3208. 3208.
 2387. 2387. 
   27.   27.   27.   27.   27.   27.   27.   27. 2387. 2387. 3208. 3208.
 3208. 2387. 2387.   27.   27.   27.   27.   27.   27.   27.   27. 2387.
 3208. 3208. 
 27. 27. 27. 27. 27. 27. 27. 27. 27. 27. 27. 27. 27. 27. 27. 27. 27. 27.
 27. 27. 27. 27. 27. 27. 27. 27. 
   27.   27.   27.   27.   27. 2387. 2387. 3208. 3208. 3208. 3208. 2387.
 2387.   27.   27.   27.   27.   27.   27.   27.   27. 2387. 2387. 3208.
 3208. 3208. 
 2387. 2387.   27.   27.   27.   27.   27.   27.   27. 2387. 2387. 3208.
   27.   27.   27.   27.   27.   27.   27.   27.   27.   27.   27.   27.
   27.   27. 
   27.   27.   27.   27.   27.   27.   27.   27.   27.   27.   27.   27.
   27.   27.   27.   27.   27.   27. 2387. 2387. 3208. 3208. 3208. 2387.
 2387.   27. 
   27.   27.   27.   27.   27.   27.   27.   27. 2387. 3208. 3208. 3208.
 3208. 2387.   27.   27.   27.   27.   27.   27.   27.   27. 2387. 3208.
   27.   27. 
 27. 27. 27. 27. 27. 27. 27. 27. 27. 27. 27. 27. 27. 27. 27. 27. 27. 27.
 27. 27. 27. 27. 27. 27. 27. 27. 
   27.   27.   27.   27.   27. 2387. 2387. 3208. 3208. 3208. 2387. 2387.
   27.   27.   27.   27.   27.   27.   27.   27.   27. 2387. 3208. 3208.
 3208. 2387. 
   27.   27.   27.   27.   27.   27.   27.   27.   27. 2387.   27.   27.
   27.   27.   27.   27.   27.   27.   27.   27.   27.   27.   27.   27.
   27.   27. 
   27.   27.   27.   27.   27.   27.   27.   27.   27.   27.   27.   27.
   27.   27.   27.   27.   27. 2387. 2387. 3208. 3208. 3208. 3208. 2387.
   27.   27. 
   27.   27.   27.   27.   27.   27.   27. 2387. 2387. 3208. 3208. 2387.
 2387.   27.   27.   27.   27.   27.   27.   27.   27.   27.   27.   27.
   27.   27. 
 27. 27. 27. 27. 27. 27. 27. 27. 27. 27. 27. 27. 27. 27. 27. 27. 27. 27.
 27. 27. 27. 27. 27. 27. 27. 27. 
   27.   27.   27.   27. 2387. 2387. 3208. 3208. 3208. 2387. 2387.   27.
   27.   27.   27.   27.   27.   27.   27.   27. 2387. 3208. 3208. 3208.
 2387.   27. 
 27. 27. 27. 27. 27. 27. 27. 27. 27. 27. 27. 27. 27. 27. 27. 27. 27. 27.
 27. 27. 27. 27. 27. 27. 27. 27. 
   27.   27.   27.   27.   27.   27.   27.   27.   27.   27.   27.   27.
   27.   27.   27.   27. 2387. 2387. 3208. 3208. 3208. 2387. 2387.   27.
   27.   27. 
   27.   27.   27.   27.   27.   27. 2387. 3208. 3208. 3208. 2387. 2387.
 2387.   27.   27.   27.   27.   27.   27.   27.   27.   27.   27.   27.
   27.   27. 
 27. 27. 27. 27. 27. 27. 27. 27. 27. 27. 27. 27. 27. 27. 27. 27. 27. 27.
 27. 27. 27. 27. 27. 27. 27. 27. 
   27.   27. 2387. 2387. 3208. 3208. 3208. 2387. 2387.   27.   27.   27.
   27.   27.   27.   27.   27.   27. 2387. 2387. 3208. 3208. 3208. 3208.
 2387. 2387. 
 27. 27. 27. 27. 27. 27. 27. 27. 27. 27. 27. 27. 27. 27. 27. 27. 27. 27.
 27. 27. 27. 27. 27. 27. 27. 27. 
   27.   27.   27.   27.   27.   27.   27.   27.   27.   27.   27.   27.
   27.   27. 2387. 2387. 3208. 3208. 3208. 2387. 2387.   27.   27.   27.
   27.   27. 
   27.   27.   27.   27.   27. 2387. 2387. 3208. 3208. 3208. 3208. 2387.
 2387.   27.   27.   27.   27.   27.   27.   27.   27.   27.   27.   27.
   27.   27. 
 27. 27. 27. 27. 27. 27. 27. 27. 27. 27. 27. 27. 27. 27. 27. 27. 27. 27.
 27. 27. 27. 27. 27. 27. 27. 27. 
 2387. 2387. 3208. 3208. 3208. 2387. 2387. 2387.   27.   27.   27.   27.
   27.   27.   27.   27.   27.   27. 2387. 2387. 3208. 3208. 3208. 3208.
 2387. 2387. 
 27. 27. 27. 27. 27. 27. 27. 27. 27. 27. 27. 27. 27. 27. 27. 27. 27. 27.
 27. 27. 27. 27. 27. 27. 27. 27. 
   27.   27.   27.   27.   27.   27.   27.   27.   27.   27.   27.   27.
 2387. 2387. 3208. 3208. 3208. 2387. 2387. 2387. 2387. 2387.   27.   27.
   27.   27. 
   27.   27.   27.   27.   27.   27. 2387. 2387. 3208. 3208. 3208. 2387.
   27.   27.   27.   27.   27.   27.   27.   27.   27.   27.   27.   27.
   27.   27. 
   27.   27.   27.   27.   27.   27.   27.   27.   27.   27.   27.   27.
   27.   27.   27.   27.   27.   27.   27.   27.   27.   27.   27.   27.
 2387. 2387. 
 3208. 3208. 3208. 3208. 3208. 2387. 2387. 2387. 2387.   27.   27.   27.
   27.   27.   27.   27.   27.   27.   27.   27. 2387. 3208. 3208. 3208.
 2387.   27. 
 27. 27. 27. 27. 27. 27. 27. 27. 27. 27. 27. 27. 27. 27. 27. 27. 27. 27.
 27. 27. 27. 27. 27. 27. 27. 27. 
   27.   27.   27.   27.   27.   27.   27.   27.   27.   27.   27. 2387.
 2387. 3208. 3208. 3208. 3208. 3208. 3208. 2387. 2387. 2387.   27.   27.
   27.   27. 
   27.   27.   27.   27.   27.   27. 2387. 3208. 3208. 3208. 3208. 2387.
   27.   27.   27.   27.   27.   27.   27.   27.   27.   27.   27.   27.
   27.   27. 
   27.   27.   27.   27.   27.   27.   27.   27.   27.   27.   27.   27.
   27.   27.   27.   27.   27.   27.   27.   27.   27.   27.   27. 2387.
 2387. 2387. 
 2387. 3208. 3208. 3208. 3208. 3208. 2387. 2387.   27.   27.   27.   27.
   27.   27.   27.   27.   27.   27.   27. 2387. 3208. 3208. 3208. 3208.
 2387.   27. 
 27. 27. 27. 27. 27. 27. 27. 27. 27. 27. 27. 27. 27. 27. 27. 27. 27. 27.
 27. 27. 27. 27. 27. 27. 27. 27. 
   27.   27.   27.   27.   27.   27.   27.   27.   27.   27. 2387. 2387.
 2387. 2387. 2387. 3208. 3208. 3208. 3208. 2387. 2387.   27.   27.   27.
   27.   27. 
   27.   27.   27.   27.   27.   27. 2387. 3208. 3208. 3208. 2387. 2387.
   27.   27.   27.   27.   27.   27.   27.   27.   27.   27.   27.   27.
   27.   27. 
   27.   27.   27.   27.   27.   27.   27.   27.   27.   27.   27.   27.
   27.   27.   27.   27.   27.   27.   27.   27.   27.   27.   27.   27.
   27. 2387. 
 2387. 2387. 3208. 3208. 3208. 3208. 2387. 2387.   27.   27.   27.   27.
   27.   27.   27.   27.   27.   27.   27. 2387. 2387. 3208. 3208. 2387.
   27.   27. 
 27. 27. 27. 27. 27. 27. 27. 27. 27. 27. 27. 27. 27. 27. 27. 27. 27. 27.
 27. 27. 27. 27. 27. 27. 27. 27. 
   27.   27.   27.   27.   27.   27.   27.   27.   27.   27.   27.   27.
   27. 2387. 2387. 3208. 3208. 3208. 2387. 2387.   27.   27.   27.   27.
   27.   27. 
   27.   27.   27.   27.   27.   27. 2387. 3208. 3208. 3208.   27.   27.
   27.   27.   27.   27.   27.   27.   27.   27.   27.   27.   27.   27.
   27.   27. 
 27. 27. 27. 27. 27. 27. 27. 27. 27. 27. 27. 27. 27. 27. 27. 27. 27. 27.
 27. 27. 27. 27. 27. 27. 27. 27. 
 2387. 2387. 3208. 3208. 3208. 2387. 2387.   27.   27.   27.   27.   27.
   27.   27.   27.   27.   27.   27.   27. 2387. 3208. 3208.   27.   27.
   27.   27. 
 27. 27. 27. 27. 27. 27. 27. 27. 27. 27. 27. 27. 27. 27. 27. 27. 27. 27.
 27. 27. 27. 27. 27. 27. 27. 27. 
   27.   27.   27.   27.   27.   27.   27.   27.   27.   27.   27.   27.
 2387. 2387. 3208. 3208. 3208. 2387. 2387. 2387.   27.   27.   27.   27.
   27.   27. 
   27.   27.   27.   27.   27. 2387. 3208. 3208.   27.   27.   27.   27.
   27.   27.   27.   27.   27.   27.   27.   27.   27.   27.   27.   27.
   27.   27. 
   27.   27.   27.   27.   27.   27.   27.   27.   27.   27.   27.   27.
   27.   27.   27.   27.   27.   27.   27.   27.   27.   27.   27.   27.
   27. 2387. 
 2387. 3208. 3208. 3208. 2387. 2387. 2387. 2387.   27.   27.   27.   27.
   27.   27.   27.   27.   27.   27. 2387. 2387.   27.   27.   27.   27.
   27.   27. 
 27. 27. 27. 27. 27. 27. 27. 27. 27. 27. 27. 27. 27. 27. 27. 27. 27. 27.
 27. 27. 27. 27. 27. 27. 27. 27. 
   27.   27.   27.   27.   27.   27.   27.   27.   27.   27.   27. 2387.
 2387. 2387. 3208. 3208. 3208. 2387. 2387. 2387. 2387. 2387. 2387.   27.
   27.   27. 
   27.   27.   27.   27.   27. 2387.   27.   27.   27.   27.   27.   27.
   27.   27.   27.   27.   27.   27.   27.   27.   27.   27.   27.   27.
   27.   27. 
   27.   27.   27.   27.   27.   27.   27.   27.   27.   27.   27.   27.
   27.   27.   27.   27.   27.   27.   27.   27.   27.   27.   27.   27.
 2387. 2387. 
 2387. 3208. 3208. 3208. 3208. 3208. 2387. 2387. 2387. 2387. 2387.   27.
   27.   27.   27.   27.   27.   27.   27.   27.   27.   27.   27.   27.
   27.   27. 
 27. 27. 27. 27. 27. 27. 27. 27. 27. 27. 27. 27. 27. 27. 27. 27. 27. 27.
 27. 27. 27. 27. 27. 27. 27. 27. 
   27.   27.   27.   27.   27.   27.   27.   27.   27.   27.   27. 2387.
 2387. 2387. 3208. 3208. 3208. 3208. 3208. 3208. 3208. 2387. 2387. 2387.
   27.   27. 
 27. 27. 27. 27. 27. 27. 27. 27. 27. 27. 27. 27. 27. 27. 27. 27. 27. 27.
 27. 27. 27. 27. 27. 27. 27. 27. 
   27.   27.   27.   27.   27.   27.   27.   27.   27.   27.   27.   27.
   27.   27.   27.   27.   27.   27.   27.   27.   27.   27.   27.   27.
 2387. 2387. 
 2387. 2387. 2387. 3208. 3208. 3208. 3208. 3208. 2387. 2387. 2387.   27.
   27.   27.   27.   27.   27.   27.   27.   27.   27.   27.   27.   27.
   27.   27. 
 27. 27. 27. 27. 27. 27. 27. 27. 27. 27. 27. 27. 27. 27. 27. 27. 27. 27.
 27. 27. 27. 27. 27. 27. 27. 27. 
   27.   27.   27.   27.   27.   27.   27.   27.   27.   27.   27. 2387.
 2387. 2387. 2387. 2387. 2387. 3208. 3208. 3208. 3208. 2387. 2387.   27.
   27.   27. 
 27. 27. 27. 27. 27. 27. 27. 27. 27. 27. 27. 27. 27. 27. 27. 27. 27. 27.
 27. 27. 27. 27. 27. 27. 27. 27. 
 27. 27. 27. 27. 27. 27. 27. 27. 27. 27. 27. 27. 27. 27. 27. 27. 27. 27.
 27. 27. 27. 27. 27. 27. 27. 27. 
 2387. 2387. 2387. 2387. 3208. 3208. 3208. 3208. 2387. 2387.   27.   27.
   27.   27.   27.   27.   27.   27.   27.   27.   27.   27.   27.   27.
   27.   27. 
 27. 27. 27. 27. 27. 27. 27. 27. 27. 27. 27. 27. 27. 27. 27. 27. 27. 27.
 27. 27. 27. 27. 27. 27. 27. 27. 
   27.   27.   27.   27.   27.   27.   27.   27.   27.   27.   27.   27.
   27.   27.   27. 2387. 2387. 3208. 3208. 3208. 2387. 2387.   27.   27.
   27.   27. 
 27. 27. 27. 27. 27. 27. 27. 27. 27. 27. 27. 27. 27. 27. 27. 27. 27. 27.
 27. 27. 27. 27. 27. 27. 27. 27. 
 27. 27. 27. 27. 27. 27. 27. 27. 27. 27. 27. 27. 27. 27. 27. 27. 27. 27.
 27. 27. 27. 27. 27. 27. 27. 27. 
   27.   27. 2387. 2387. 3208. 3208. 3208. 2387.   27.   27.   27.   27.
   27.   27.   27.   27.   27.   27.   27.   27.   27.   27.   27.   27.
   27.   27. 
 27. 27. 27. 27. 27. 27. 27. 27. 27. 27. 27. 27. 27. 27. 27. 27. 27. 27.
 27. 27. 27. 27. 27. 27. 27. 27. 
   27.   27.   27.   27.   27.   27.   27.   27.   27.   27.   27.   27.
   27.   27. 2387. 2387. 3208. 3208. 3208. 2387.   27.   27.   27.   27.
   27.   27. 
 27. 27. 27. 27. 27. 27. 27. 27. 27. 27. 27. 27. 27. 27. 27. 27. 27. 27.
 27. 27. 27. 27. 27. 27. 27. 27. 
 27. 27. 27. 27. 27. 27. 27. 27. 27. 27. 27. 27. 27. 27. 27. 27. 27. 27.
 27. 27. 27. 27. 27. 27. 27. 27. 
 2387. 2387. 3208. 3208. 3208. 2387.   27.   27.   27.   27.   27.   27.
   27.   27.   27.   27.   27.   27.   27.   27.   27.   27.   27.   27.
   27.   27. 
 27. 27. 27. 27. 27. 27. 27. 27. 27. 27. 27. 27. 27. 27. 27. 27. 27. 27.
 27. 27. 27. 27. 27. 27. 27. 27. 
   27.   27.   27.   27.   27.   27.   27.   27.   27.   27.   27.   27.
 2387. 2387. 3208. 3208. 3208. 2387. 2387.   27.   27.   27.   27.   27.
   27.   27. 
 27. 27. 27. 27. 27. 27. 27. 27. 27. 27. 27. 27. 27. 27. 27. 27. 27. 27.
 27. 27. 27. 27. 27. 27. 27. 27. 
   27.   27.   27.   27.   27.   27.   27.   27.   27.   27.   27.   27.
   27.   27.   27.   27.   27.   27.   27.   27.   27.   27.   27.   27.
   27. 2387. 
 3208. 3208. 3208. 3208. 2387.   27.   27.   27.   27.   27.   27.   27.
   27.   27.   27.   27.   27.   27.   27.   27.   27.   27.   27.   27.
   27.   27. 
 27. 27. 27. 27. 27. 27. 27. 27. 27. 27. 27. 27. 27. 27. 27. 27. 27. 27.
 27. 27. 27. 27. 27. 27. 27. 27. 
   27.   27.   27.   27.   27.   27.   27.   27.   27.   27.   27. 2387.
 2387. 3208. 3208. 3208. 2387. 2387.   27.   27.   27.   27.   27.   27.
   27.   27. 
 27. 27. 27. 27. 27. 27. 27. 27. 27. 27. 27. 27. 27. 27. 27. 27. 27. 27.
 27. 27. 27. 27. 27. 27. 27. 27. 
   27.   27.   27.   27.   27.   27.   27.   27.   27.   27.   27.   27.
   27.   27.   27.   27.   27.   27.   27.   27.   27.   27.   27.   27.
 2387. 3208. 
 3208. 3208. 3208. 2387. 2387.   27.   27.   27.   27.   27.   27.   27.
   27.   27.   27.   27.   27.   27.   27.   27.   27.   27.   27.   27.
   27.   27. 
 27. 27. 27. 27. 27. 27. 27. 27. 27. 27. 27. 27. 27. 27. 27. 27. 27. 27.
 27. 27. 27. 27. 27. 27. 27. 27. 
   27.   27.   27.   27.   27.   27.   27.   27.   27.   27. 2387. 2387.
 3208. 3208. 3208. 2387. 2387. 2387.   27.   27.   27.   27.   27.   27.
   27.   27. 
 27. 27. 27. 27. 27. 27. 27. 27. 27. 27. 27. 27. 27. 27. 27. 27. 27. 27.
 27. 27. 27. 27. 27. 27. 27. 27. 
   27.   27.   27.   27.   27.   27.   27.   27.   27.   27.   27.   27.
   27.   27.   27.   27.   27.   27.   27.   27.   27.   27.   27. 2387.
 2387. 3208. 
 3208. 3208. 2387. 2387.   27.   27.   27.   27.   27.   27.   27.   27.
   27.   27.   27.   27.   27.   27.   27.   27.   27.   27.   27.   27.
   27.   27. 
 27. 27. 27. 27. 27. 27. 27. 27. 27. 27. 27. 27. 27. 27. 27. 27. 27. 27.
 27. 27. 27. 27. 27. 27. 27. 27. 
   27.   27.   27.   27.   27.   27.   27.   27.   27. 2387. 2387. 3208.
 3208. 3208. 3208. 2387.   27.   27.   27.   27.   27.   27.   27.   27.
   27.   27. 
 27. 27. 27. 27. 27. 27. 27. 27. 27. 27. 27. 27. 27. 27. 27. 27. 27. 27.
 27. 27. 27. 27. 27. 27. 27. 27. 
   27.   27.   27.   27.   27.   27.   27.   27.   27.   27.   27.   27.
   27.   27.   27.   27.   27.   27.   27.   27.   27.   27. 2387. 2387.
 2387. 3208. 
 3208. 2387.   27.   27.   27.   27.   27.   27.   27.   27.   27.   27.
   27.   27.   27.   27.   27.   27.   27.   27.   27.   27.   27.   27.
   27.   27. 
 27. 27. 27. 27. 27. 27. 27. 27. 27. 27. 27. 27. 27. 27. 27. 27. 27. 27.
 27. 27. 27. 27. 27. 27. 27. 27. 
   27.   27.   27.   27.   27.   27.   27.   27.   27. 2387. 2387. 3208.
 3208. 3208. 
/