PERMI
   22.   22.   22.   22.   22.   22.   22.   22. 2116. 3119. 3119. 3119.
 2116. 2116.   22.   22. 2116. 2116. 2116. 3119. 3119. 3119. 3119. 3119.
 2116. 2116. 
 2116. 3119. 3119. 2116. 2116. 3119. 3119. 2116. 2116.   22.   22.   22.
   22.   22.   22.   22.   22.   22.   22.   22.   22.   22.   22.   22.
   22.   22. 
   22.   22.   22. 2116. 2116. 3119. 3119. 3119. 2116.   22.   22.   22.
   22.   22.   22.   22.   22.   22.   22.   22. 2116. 3119. 3119. 3119.
 2116.   22. 
   22.   22.   22. 2116. 2116. 2116. 3119. 3119. 3119. 3119. 2116. 2116.
 3119. 3119. 3119. 2116. 2116. 3119. 3119. 3119. 2116. 2116.   22.   22.
   22.   22. 
   22.   22.   22.   22.   22.   22.   22.   22.   22.   22.   22.   22.
   22.   22. 2116. 2116. 3119. 3119. 3119. 2116. 2116.   22.   22.   22.
   22.   22. 
   22.   22.   22.   22.   22.   22. 2116. 3119. 3119. 3119. 2116.   22.
   22.   22.   22.   22. 2116. 2116. 2116. 2116. 3119. 3119. 2116. 3119.
 3119. 3119. 
 2116. 2116. 2116. 3119. 3119. 3119. 2116. 2116.   22.   22.   22.   22.
   22.   22.   22.   22.   22.   22.   22.   22.   22.   22.   22.   22.
   22. 2116. 
 2116. 3119. 3119. 3119. 3119. 2116. 2116.   22.   22.   22.   22.   22.
   22.   22.   22.   22.   22. 2116. 3119. 3119. 3119. 2116.   22.   22.
   22.   22. 
   22.   22.   22. 2116. 2116. 2116. 2116. 2116. 2116. 3119. 3119. 3119.
 2116. 2116. 2116. 2116. 3119. 3119. 3119. 2116. 2116.   22.   22.   22.
   22.   22. 
   22.   22.   22.   22.   22.   22.   22.   22.   22.   22.   22. 2116.
 2116. 3119. 3119. 3119. 2116. 2116.   22.   22.   22.   22.   22.   22.
   22.   22. 
   22.   22.   22. 2116. 3119. 3119. 3119. 2116.   22.   22.   22.   22.
   22.   22.   22.   22.   22.   22. 2116. 2116. 2116. 3119. 3119. 3119.
 2116. 2116. 
 2116. 2116. 3119. 3119. 3119. 2116. 2116.   22.   22.   22.   22.   22.
   22.   22.   22.   22.   22.   22.   22.   22.   22.   22.   22. 2116.
 2116. 3119. 
 3119. 3119. 2116. 2116.   22.   22.   22.   22.   22.   22.   22.   22.
   22.   22.   22. 2116. 3119. 3119. 3119. 2116.   22.   22.   22.   22.
   22.   22. 
   22. 2116. 2116. 2116. 2116. 2116. 2116. 3119. 3119. 3119. 2116. 2116.
 2116. 2116. 2116. 3119. 3119. 2116. 2116.   22.   22.   22.   22.   22.
   22.   22. 
   22.   22.   22.   22.   22.   22.   22.   22.   22. 2116. 3119. 3119.
 3119. 2116. 2116.   22.   22.   22.   22.   22.   22.   22.   22.   22.
   22.   22. 
   22. 2116. 3119. 3119. 3119. 2116.   22.   22.   22. 2116. 2116. 2116.
 2116. 3119. 3119. 3119. 3119. 2116. 2116. 3119. 3119. 3119. 2116. 2116.
 2116. 2116. 
 2116. 3119. 3119. 2116. 2116.   22.   22.   22.   22.   22.   22.   22.
   22.   22.   22.   22.   22.   22.   22.   22. 2116. 2116. 3119. 3119.
 3119. 3119. 
 2116.   22.   22.   22.   22.   22.   22.   22.   22.   22.   22.   22.
   22. 2116. 3119. 3119. 3119. 3119. 2116. 2116. 2116. 3119. 3119. 3119.
 3119. 3119. 
 3119. 3119. 3119. 3119. 2116. 3119. 3119. 3119. 3119. 2116. 2116. 2116.
 2116. 3119. 3119. 2116. 2116.   22.   22.   22.   22.   22.   22.   22.
   22.   22. 
   22.   22.   22.   22.   22.   22. 2116. 2116. 3119. 3119. 3119. 3119.
 2116.   22.   22.   22.   22.   22.   22.   22.   22.   22.   22.   22.
   22. 2116. 
 3119. 3119. 3119. 3119. 3119. 3119. 3119. 3119. 3119. 3119. 3119. 3119.
 3119. 3119. 3119. 3119. 2116. 2116. 3119. 3119. 3119. 3119. 2116. 2116.
 2116. 3119. 
 3119. 2116. 2116.   22.   22.   22.   22.   22.   22.   22.   22.   22.
   22.   22.   22.   22.   22.   22. 2116. 2116. 3119. 3119. 3119. 3119.
 2116. 2116. 
   22.   22.   22.   22.   22.   22.   22.   22.   22.   22.   22.   22.
 2116. 3119. 3119. 3119. 3119. 3119. 3119. 3119. 3119. 3119. 3119. 2116.
 2116. 2116. 
 2116. 2116. 2116. 2116. 2116. 3119. 3119. 3119. 3119. 2116. 2116. 2116.
 2116. 2116. 2116.   22.   22.   22.   22.   22.   22.   22.   22.   22.
   22.   22. 
   22.   22.   22.   22. 2116. 2116. 2116. 3119. 3119. 3119. 3119. 2116.
 2116. 2116. 2116. 2116.   22.   22.   22.   22.   22.   22.   22.   22.
   22. 2116. 
 3119. 3119. 3119. 3119. 3119. 2116. 2116. 2116. 2116.   22.   22.   22.
   22. 2116. 3119. 2116. 2116. 2116. 3119. 3119. 3119. 3119. 3119. 2116.
 2116. 2116. 
 2116.   22.   22.   22.   22.   22.   22.   22.   22.   22.   22.   22.
   22.   22.   22.   22.   22. 2116. 2116. 3119. 3119. 3119. 3119. 3119.
 2116. 2116. 
 3119. 3119.   22.   22.   22.   22.   22.   22.   22.   22.   22.   22.
 2116. 2116. 2116. 2116. 2116. 2116.   22.   22.   22.   22.   22.   22.
 2116. 2116. 
 3119. 3119. 2116. 2116. 2116. 3119. 3119. 3119. 3119. 3119. 3119. 2116.
 2116. 2116. 2116. 2116. 2116. 2116. 2116. 2116. 2116. 2116.   22.   22.
   22.   22. 
   22.   22.   22. 2116. 2116. 2116. 3119. 3119. 3119. 3119. 3119. 3119.
 3119. 3119.   22.   22.   22.   22.   22.   22.   22.   22.   22.   22.
   22.   22. 
   22.   22.   22.   22.   22.   22.   22.   22.   22.   22. 2116. 2116.
 3119. 3119. 2116. 2116. 2116. 2116. 2116. 3119. 3119. 3119. 3119. 3119.
 2116. 2116. 
 2116. 2116. 2116. 2116. 2116. 2116. 2116. 2116. 2116. 2116.   22.   22.
   22.   22.   22.   22. 2116. 2116. 2116. 3119. 3119. 3119. 3119. 3119.
 3119. 3119. 
 2116. 2116. 2116.   22.   22.   22.   22.   22.   22.   22.   22.   22.
   22.   22.   22.   22.   22.   22.   22.   22.   22.   22. 2116. 3119.
 3119. 3119. 
 2116.   22.   22. 2116. 2116. 2116. 2116. 3119. 3119. 3119. 3119. 2116.
 2116. 3119. 3119. 3119. 3119. 3119. 3119. 3119. 2116. 2116.   22.   22.
   22.   22. 
   22.   22.   22. 2116. 2116. 2116. 3119. 3119. 3119. 3119. 3119. 2116.
 3119. 3119. 3119. 2116. 2116. 2116.   22.   22.   22.   22.   22.   22.
   22.   22. 
   22.   22.   22.   22.   22.   22.   22.   22. 2116. 3119. 3119. 3119.
 2116.   22.   22.   22. 2116. 2116. 2116. 2116. 2116. 3119. 3119. 2116.
 2116. 3119. 
 3119. 3119. 3119. 3119. 3119. 3119. 3119. 2116. 2116.   22.   22.   22.
   22.   22.   22.   22.   22. 2116. 2116. 2116. 2116. 2116. 2116. 2116.
 3119. 3119. 
 3119. 3119. 3119. 3119. 2116. 2116.   22.   22.   22.   22.   22.   22.
   22.   22.   22.   22.   22.   22.   22.   22. 2116. 3119. 3119. 3119.
 2116.   22. 
   22.   22. 2116. 2116. 2116. 2116. 3119. 3119. 3119. 2116. 2116. 3119.
 3119. 2116. 3119. 3119. 3119. 3119. 3119. 2116. 2116.   22.   22.   22.
   22.   22. 
   22.   22.   22.   22.   22. 2116. 2116. 2116.   22.   22. 3119. 3119.
 3119. 3119. 3119. 3119. 3119. 2116.   22.   22.   22.   22.   22.   22.
   22.   22. 
   22.   22.   22.   22.   22. 2116. 3119. 3119. 3119. 2116.   22.   22.
   22.   22.   22. 2116. 2116. 2116. 3119. 3119. 3119. 2116. 2116. 2116.
 2116. 2116. 
 2116. 2116. 2116. 3119. 3119. 2116. 2116.   22.   22.   22.   22.   22.
   22.   22.   22.   22.   22.   22.   22.   22.   22.   22. 2116. 2116.
 2116. 3119. 
 3119. 3119. 3119. 2116.   22.   22.   22.   22.   22.   22.   22.   22.
   22.   22.   22.   22. 2116. 2116. 3119. 3119. 3119. 2116.   22.   22.
   22.   22. 
 2116. 2116. 2116. 3119. 3119. 3119. 3119. 2116. 2116. 2116. 2116. 2116.
 2116. 2116. 3119. 3119. 3119. 2116. 2116.   22.   22.   22.   22.   22.
   22.   22. 
   22.   22.   22.   22.   22.   22.   22.   22.   22.   22.   22. 2116.
 3119. 3119. 3119. 2116.   22.   22.   22.   22.   22.   22.   22.   22.
   22.   22. 
   22.   22. 2116. 3119. 3119. 3119. 2116. 2116.   22.   22.   22. 2116.
 2116. 2116. 3119. 3119. 3119. 3119. 2116. 2116. 2116.   22.   22.   22.
 2116. 2116. 
 3119. 3119. 3119. 2116. 2116.   22.   22.   22.   22.   22.   22.   22.
   22.   22.   22.   22.   22.   22.   22.   22.   22. 2116. 2116. 3119.
 3119. 3119. 
 3119. 2116.   22.   22.   22.   22.   22.   22.   22.   22.   22.   22.
   22.   22. 2116. 3119. 3119. 3119. 2116.   22.   22.   22.   22. 2116.
 2116. 3119. 
 3119. 3119. 3119. 2116. 2116.   22.   22.   22.   22.   22. 2116. 2116.
 3119. 3119. 3119. 2116. 2116.   22.   22.   22.   22.   22.   22.   22.
   22.   22. 
   22.   22.   22.   22.   22.   22. 2116. 3119. 3119. 3119. 3119. 3119.
 3119. 2116.   22.   22.   22.   22.   22.   22.   22.   22.   22.   22.
   22. 2116. 
 2116. 3119. 3119. 2116. 2116.   22.   22. 2116. 2116. 2116. 3119. 3119.
 3119. 3119. 2116. 2116. 2116. 2116.   22.   22.   22. 2116. 2116. 3119.
 3119. 3119. 
 3119. 2116. 2116.   22.   22.   22.   22.   22.   22.   22.   22.   22.
   22.   22.   22.   22.   22.   22. 3119. 3119. 3119. 3119. 3119. 2116.
 2116.   22. 
   22.   22.   22.   22.   22.   22.   22.   22.   22.   22.   22. 2116.
 2116. 3119. 3119. 3119. 2116. 2116. 2116. 2116. 2116. 2116. 3119. 3119.
 3119. 2116. 
 2116. 3119. 3119. 2116.   22.   22. 2116. 2116. 2116. 3119. 3119. 3119.
 2116. 2116.   22.   22.   22.   22.   22.   22.   22.   22.   22.   22.
   22.   22. 
   22.   22.   22.   22. 3119. 3119. 3119. 3119. 2116.   22.   22.   22.
   22.   22.   22.   22.   22.   22.   22.   22.   22.   22.   22.   22.
 2116. 3119. 
 3119. 3119. 3119. 3119. 3119. 3119. 2116. 3119. 3119. 3119. 3119. 2116.
 3119. 3119. 3119. 2116. 2116. 2116. 2116. 2116. 3119. 3119. 3119. 2116.
 2116. 2116. 
   22.   22.   22.   22.   22.   22.   22.   22.   22.   22.   22.   22.
   22.   22.   22.   22. 3119. 3119. 2116. 2116.   22.   22.   22.   22.
   22.   22. 
   22.   22.   22.   22.   22.   22.   22.   22.   22.   22. 2116. 2116.
 3119. 3119. 3119. 3119. 3119. 3119. 2116. 3119. 3119. 3119. 2116. 2116.
 2116. 3119. 
 3119. 3119. 2116. 2116. 2116. 3119. 3119. 3119. 2116. 2116. 2116.   22.
   22.   22.   22.   22.   22.   22.   22.   22.   22.   22.   22.   22.
   22.   22. 
   22.   22. 3119. 2116. 2116.   22.   22.   22.   22.   22.   22.   22.
   22.   22.   22.   22.   22.   22.   22.   22.   22.   22.   22. 2116.
 2116. 2116. 
 3119. 3119. 3119. 2116. 2116. 3119. 3119. 3119. 2116. 2116. 2116. 2116.
 2116. 2116. 2116. 2116. 2116. 3119. 3119. 2116. 2116. 2116. 2116.   22.
   22.   22. 
   22.   22.   22.   22.   22.   22.   22.   22.   22.   22.   22.   22.
   22.   22. 3119. 2116.   22.   22.   22.   22.   22.   22.   22.   22.
   22.   22. 
   22.   22.   22.   22.   22.   22.   22.   22.   22.   22.   22. 2116.
 2116. 2116. 2116. 2116. 2116. 3119. 3119. 3119. 3119. 3119. 3119. 3119.
 3119. 3119. 
 2116. 2116. 2116. 2116. 3119. 2116. 2116. 2116. 2116. 2116. 2116.   22.
   22.   22.   22.   22.   22.   22.   22.   22.   22.   22.   22.   22.
   22.   22. 
 3119. 3119. 2116.   22.   22.   22.   22.   22.   22.   22.   22.   22.
   22.   22.   22.   22.   22.   22.   22.   22.   22.   22.   22.   22.
   22.   22. 
   22.   22. 2116. 2116. 3119. 3119. 3119. 3119. 3119. 3119. 3119. 3119.
 3119. 3119. 2116. 2116. 2116. 3119. 3119. 3119. 3119. 2116. 2116. 2116.
 2116. 2116. 
 2116. 2116. 2116. 2116.   22.   22.   22.   22.   22.   22.   22.   22.
 3119. 3119. 3119. 2116.   22.   22.   22.   22.   22.   22.   22.   22.
   22.   22. 
   22.   22.   22.   22.   22.   22.   22.   22.   22.   22.   22.   22.
   22.   22.   22. 2116. 2116. 2116. 3119. 3119. 3119. 3119. 3119. 3119.
 3119. 3119. 
 3119. 2116. 2116. 3119. 3119. 3119. 3119. 3119. 3119. 3119. 2116. 2116.
 2116. 2116. 3119. 2116. 2116.   22.   22.   22.   22.   22.   22.   22.
 3119. 3119. 
 3119. 3119. 2116. 2116. 2116. 2116.   22.   22.   22.   22.   22.   22.
   22.   22.   22.   22.   22.   22.   22.   22.   22.   22.   22.   22.
   22.   22. 
   22.   22. 2116. 2116. 2116. 2116. 2116. 2116. 2116. 2116. 3119. 3119.
 3119. 3119. 2116. 2116. 2116. 3119. 3119. 3119. 3119. 3119. 3119. 3119.
 2116. 2116. 
 2116. 2116. 2116. 2116.   22.   22.   22.   22.   22.   22. 3119. 3119.
 3119. 3119. 3119. 3119. 3119. 2116. 2116. 2116. 2116. 2116.   22.   22.
   22.   22. 
   22.   22.   22.   22.   22.   22.   22.   22.   22.   22.   22.   22.
   22.   22.   22.   22. 2116. 2116. 2116. 2116. 2116. 2116. 2116. 2116.
 3119. 3119. 
 3119. 2116. 2116. 2116. 2116. 2116. 2116. 3119. 3119. 3119. 3119. 3119.
 2116. 2116. 3119. 2116.   22.   22.   22.   22.   22.   22. 2116. 3119.
 3119. 3119. 
 3119. 3119. 3119. 3119. 3119. 3119. 3119. 2116. 2116. 2116.   22.   22.
   22.   22.   22.   22.   22.   22.   22.   22.   22.   22.   22.   22.
   22.   22. 
   22.   22.   22.   22. 2116. 3119. 3119. 3119. 2116. 2116. 3119. 3119.
 3119. 2116. 2116. 2116. 2116. 2116. 2116. 2116. 2116. 3119. 3119. 3119.
 3119. 2116. 
 2116. 2116.   22.   22.   22.   22.   22.   22. 2116. 2116. 3119. 3119.
 3119. 3119. 3119. 3119. 3119. 3119. 3119. 3119. 3119. 2116. 2116.   22.
   22.   22. 
   22.   22.   22.   22.   22.   22.   22.   22.   22.   22.   22.   22.
   22.   22.   22.   22. 2116. 3119. 3119. 2116. 2116. 3119. 3119. 3119.
 2116. 2116. 
 2116. 2116. 2116.   22. 2116. 2116. 2116. 2116. 3119. 3119. 3119. 2116.
 2116. 2116.   22.   22.   22.   22.   22.   22.   22.   22. 2116. 2116.
 2116. 2116. 
 2116. 3119. 3119. 3119. 3119. 3119. 3119. 3119. 3119. 2116.   22.   22.
   22.   22.   22.   22.   22.   22.   22.   22.   22.   22.   22.   22.
   22.   22. 
   22.   22. 2116. 3119. 3119. 2116. 2116. 3119. 3119. 3119. 2116. 2116.
   22.   22.   22.   22.   22.   22. 2116. 2116. 2116. 3119. 3119. 2116.
 2116. 2116. 
   22.   22.   22.   22.   22.   22.   22.   22.   22.   22.   22.   22.
 2116. 2116. 2116. 2116. 2116. 3119. 3119. 3119. 3119. 2116. 2116.   22.
   22.   22. 
   22.   22.   22.   22.   22.   22.   22.   22.   22.   22.   22.   22.
   22.   22. 2116. 3119. 2116. 2116. 3119. 3119. 3119. 2116. 2116. 2116.
 2116. 2116. 
 2116. 2116. 2116.   22. 2116. 2116. 3119. 3119. 3119. 2116. 2116. 2116.
   22.   22.   22.   22.   22.   22.   22.   22.   22.   22.   22.   22.
   22.   22. 
   22.   22. 2116. 2116. 2116. 3119. 3119. 3119. 2116.   22.   22.   22.
   22.   22.   22.   22.   22.   22.   22.   22.   22.   22.   22.   22.
   22.   22. 
 2116. 3119. 2116. 2116. 3119. 3119. 3119. 2116. 2116. 3119. 3119. 3119.
 3119. 3119. 2116. 2116. 2116. 2116. 3119. 3119. 3119. 2116. 2116.   22.
   22.   22. 
   22.   22.   22.   22.   22.   22.   22.   22.   22.   22.   22.   22.
   22.   22.   22.   22. 2116. 3119. 3119. 3119. 2116.   22.   22.   22.
   22.   22. 
   22.   22.   22.   22.   22.   22.   22.   22.   22.   22.   22.   22.
 2116. 2116. 2116. 3119. 3119. 3119. 2116. 2116. 3119. 3119. 3119. 3119.
 3119. 3119. 
 3119. 2116. 2116. 2116. 3119. 3119. 2116. 2116. 2116.   22.   22.   22.
   22.   22.   22.   22.   22.   22.   22.   22.   22.   22.   22.   22.
   22.   22. 
   22.   22. 2116. 3119. 3119. 3119. 2116.   22.   22.   22.   22.   22.
   22.   22.   22.   22.   22.   22.   22.   22.   22.   22.   22.   22.
   22. 2116. 
 2116. 3119. 3119. 2116. 2116. 2116. 3119. 3119. 3119. 3119. 3119. 3119.
 3119. 2116. 2116. 2116. 3119. 3119. 3119. 2116. 2116.   22.   22.   22.
   22.   22. 
   22.   22.   22.   22.   22.   22.   22.   22.   22.   22.   22.   22.
   22.   22. 2116. 3119. 3119. 3119. 2116. 2116.   22.   22.   22.   22.
   22.   22. 
   22.   22.   22.   22.   22.   22.   22.   22.   22.   22. 2116. 2116.
 3119. 3119. 3119. 2116. 2116. 2116. 2116. 2116. 2116. 2116. 3119. 3119.
 3119. 3119. 
 2116. 3119. 3119. 3119. 2116. 2116.   22.   22.   22.   22.   22.   22.
   22.   22.   22.   22.   22.   22.   22.   22.   22.   22.   22.   22.
   22.   22. 
 2116. 3119. 3119. 3119. 2116.   22.   22.   22.   22.   22.   22.   22.
   22.   22.   22.   22.   22.   22.   22.   22.   22. 2116. 2116. 3119.
 3119. 3119. 
 2116. 2116.   22.   22.   22.   22.   22. 2116. 2116. 3119. 3119. 3119.
 2116. 3119. 3119. 3119. 2116. 2116. 2116. 2116. 2116.   22.   22.   22.
   22.   22. 
   22.   22.   22.   22.   22.   22.   22.   22.   22.   22.   22.   22.
 2116. 3119. 3119. 3119. 2116.   22.   22.   22.   22.   22.   22.   22.
   22.   22. 
   22.   22.   22.   22.   22.   22.   22. 2116. 2116. 3119. 3119. 2116.
 2116.   22.   22. 2116. 2116. 2116. 2116. 2116. 2116. 2116. 2116. 2116.
 2116. 3119. 
 3119. 3119. 2116. 2116. 2116. 2116. 2116. 2116.   22.   22.   22.   22.
   22.   22.   22.   22.   22.   22.   22.   22.   22.   22.   22.   22.
 2116. 3119. 
 3119. 3119. 2116.   22.   22.   22.   22.   22.   22.   22.   22.   22.
   22.   22.   22.   22.   22.   22.   22. 2116. 2116. 3119. 3119. 2116.
 2116. 2116. 
 2116. 2116. 2116. 2116. 2116. 2116. 2116. 2116. 2116. 2116. 3119. 3119.
 3119. 3119. 2116. 2116. 2116. 2116. 2116. 2116. 2116. 2116. 2116.   22.
   22.   22. 
   22.   22.   22.   22.   22.   22.   22.   22.   22.   22. 2116. 3119.
 3119. 3119. 2116.   22.   22.   22.   22.   22.   22.   22.   22.   22.
   22.   22. 
   22.   22.   22.   22.   22. 2116. 2116. 3119. 3119. 3119. 3119. 3119.
 3119. 3119. 3119. 3119. 3119. 3119. 3119. 3119. 3119. 2116. 2116. 3119.
 3119. 2116. 
 2116. 2116. 2116. 2116. 2116. 2116. 2116. 2116. 2116. 2116.   22.   22.
 2116. 2116. 2116. 2116.   22.   22.   22.   22.   22.   22. 2116. 3119.
 3119. 3119. 
 2116.   22.   22.   22.   22.   22. 2116. 2116. 2116. 2116. 2116. 2116.
   22.   22.   22.   22.   22.   22. 2116. 2116. 3119. 3119. 3119. 3119.
 3119. 3119. 
 3119. 3119. 3119. 3119. 3119. 3119. 3119. 2116. 2116. 3119. 3119. 3119.
 3119. 3119. 3119. 3119. 3119. 2116. 2116. 2116. 2116. 2116. 2116. 2116.
 2116. 3119. 
 3119. 2116. 2116. 2116.   22.   22.   22.   22. 2116. 3119. 3119. 3119.
 2116.   22.   22.   22. 2116. 2116. 2116. 3119. 3119. 3119. 3119. 2116.
 2116.   22. 
   22.   22.   22.   22.   22. 2116. 2116. 2116. 3119. 3119. 3119. 3119.
 3119. 2116. 2116. 2116. 2116. 3119. 3119. 3119. 2116. 2116. 3119. 3119.
 3119. 3119. 
 3119. 3119. 3119. 3119. 3119. 2116. 2116. 2116. 3119. 3119. 3119. 3119.
 3119. 3119. 3119. 2116.   22.   22.   22. 2116. 2116. 3119. 3119. 2116.
 2116. 2116. 
 2116. 2116. 2116. 3119. 3119. 3119. 3119. 3119. 3119. 3119. 2116. 2116.
   22.   22.   22.   22.   22.   22. 2116. 2116. 2116. 2116. 2116. 2116.
 2116. 2116. 
 2116. 2116. 2116. 3119. 3119. 3119. 2116. 2116. 2116. 3119. 3119. 3119.
 3119. 3119. 3119. 3119. 3119. 3119. 2116. 2116. 3119. 3119. 3119. 3119.
 3119. 3119. 
 3119. 3119. 2116.   22.   22. 2116. 3119. 3119. 3119. 3119. 2116. 2116.
 3119. 3119. 3119. 3119. 3119. 3119. 3119. 3119. 3119. 3119. 3119. 2116.
   22.   22. 
   22.   22.   22.   22.   22.   22.   22. 2116. 2116. 2116. 2116.   22.
 2116. 2116. 2116. 3119. 3119. 3119. 2116. 2116. 2116. 2116. 2116. 2116.
 2116. 2116. 
 2116. 2116. 3119. 3119. 3119. 2116. 3119. 3119. 3119. 2116. 2116. 3119.
 3119. 3119. 2116.   22.   22.   22. 2116. 3119. 3119. 3119. 3119. 3119.
 3119. 3119. 
 3119. 3119. 3119. 3119. 2116. 2116. 2116. 3119. 3119. 2116.   22.   22.
   22.   22.   22.   22.   22.   22.   22.   22.   22.   22.   22.   22.
 2116. 2116. 
 2116. 3119. 3119. 3119. 2116. 2116. 2116. 2116. 2116. 2116. 2116. 2116.
 2116. 2116. 2116. 3119. 3119. 3119. 3119. 2116. 2116. 2116. 2116. 3119.
 3119. 3119. 
 2116.   22.   22.   22. 2116. 2116. 3119. 3119. 3119. 3119. 3119. 3119.
 2116. 2116. 2116. 2116. 2116. 2116. 3119. 3119. 3119. 2116.   22.   22.
   22.   22. 
   22.   22.   22.   22.   22.   22.   22.   22.   22.   22. 2116. 2116.
 3119. 3119. 3119. 2116. 2116. 3119. 3119. 3119. 3119. 3119. 3119. 3119.
 2116. 2116. 
 2116. 3119. 3119. 3119. 2116. 2116.   22.   22. 2116. 3119. 3119. 3119.
 2116.   22.   22.   22.   22. 2116. 2116. 2116. 2116. 2116. 2116. 2116.
 2116.   22. 
   22.   22. 2116. 2116. 3119. 3119. 3119. 2116.   22.   22.   22.   22.
   22.   22.   22.   22.   22.   22.   22.   22.   22.   22. 2116. 2116.
 3119. 3119. 
 3119. 2116. 3119. 3119. 3119. 3119. 3119. 3119. 3119. 3119. 3119. 3119.
 2116. 2116. 3119. 3119.   22.   22.   22.   22. 2116. 3119. 3119. 3119.
 2116.   22. 
   22.   22.   22.   22.   22.   22.   22.   22.   22.   22.   22.   22.
   22.   22. 2116. 3119. 3119. 3119. 2116. 2116.   22.   22.   22.   22.
   22.   22. 
   22.   22.   22.   22.   22.   22.   22.   22. 2116. 3119. 3119. 3119.
 2116. 2116. 3119. 3119. 3119. 3119. 3119. 3119. 3119. 3119. 3119. 3119.
 3119. 3119. 
 2116. 2116.   22.   22.   22. 2116. 2116. 3119. 3119. 3119. 2116.   22.
   22.   22.   22.   22.   22.   22.   22.   22.   22.   22.   22.   22.
   22. 2116. 
 2116. 3119. 3119. 3119. 2116.   22.   22.   22.   22.   22.   22.   22.
   22.   22.   22.   22.   22.   22.   22.   22. 2116. 3119. 3119. 3119.
 2116. 2116. 
 3119. 2116. 2116. 2116. 2116. 2116. 2116. 2116. 3119. 3119. 3119. 3119.
 2116. 2116.   22.   22. 2116. 2116. 3119. 3119. 3119. 2116.   22.   22.
   22.   22. 
   22.   22.   22.   22.   22.   22.   22.   22.   22.   22.   22. 2116.
 3119. 3119. 3119. 2116. 2116.   22.   22.   22.   22.   22.   22.   22.
   22.   22. 
   22.   22.   22.   22.   22.   22. 2116. 3119. 3119. 3119. 2116. 2116.
 2116. 2116. 2116. 2116. 2116. 2116. 2116. 2116. 2116. 3119. 3119. 3119.
 2116. 2116. 
   22.   22. 2116. 3119. 3119. 3119. 2116. 2116.   22.   22.   22.   22.
   22.   22.   22.   22.   22.   22.   22.   22.   22.   22. 2116. 2116.
 3119. 3119. 
 3119. 2116.   22.   22.   22.   22.   22.   22.   22.   22.   22.   22.
   22.   22.   22.   22.   22.   22. 2116. 3119. 3119. 3119. 2116. 2116.
 2116. 2116. 
 2116. 2116. 3119. 3119. 3119. 2116. 2116. 3119. 3119. 3119. 2116. 2116.
   22. 2116. 2116. 3119. 3119. 3119. 2116.   22.   22.   22.   22.   22.
   22.   22. 
   22.   22.   22.   22.   22.   22.   22.   22. 2116. 3119. 3119. 3119.
 2116. 2116.   22.   22.   22.   22.   22.   22.   22.   22.   22.   22.
   22.   22. 
   22.   22.   22.   22. 2116. 3119. 3119. 3119. 3119. 3119. 3119. 3119.
 3119. 3119. 3119. 3119. 3119. 3119. 2116. 2116. 3119. 3119. 2116. 2116.
   22. 2116. 
 3119. 3119. 3119. 2116. 2116.   22.   22.   22.   22.   22.   22.   22.
   22.   22.   22.   22.   22.   22.   22. 2116. 3119. 3119. 3119. 2116.
 2116.   22. 
   22.   22.   22.   22.   22.   22.   22.   22.   22.   22.   22.   22.
   22.   22.   22.   22. 2116. 2116. 3119. 3119. 3119. 3119. 3119. 3119.
 3119. 3119. 
 3119. 3119. 3119. 3119. 3119. 2116. 3119. 3119. 2116. 2116.   22. 2116.
 3119. 3119. 3119. 2116.   22.   22.   22.   22.   22.   22.   22.   22.
   22.   22. 
   22.   22.   22.   22.   22. 2116. 3119. 3119. 3119. 2116.   22.   22.
   22.   22.   22.   22.   22.   22.   22.   22.   22.   22.   22.   22.
   22.   22. 
   22.   22. 2116. 2116. 3119. 3119. 3119. 3119. 3119. 3119. 3119. 2116.
 2116. 2116. 3119. 3119. 3119. 2116. 3119. 2116. 2116. 3119. 2116. 2116.
 3119. 3119. 
 3119. 2116.   22.   22.   22.   22.   22.   22.   22.   22.   22.   22.
   22.   22.   22.   22.   22. 2116. 3119. 3119. 3119. 2116.   22.   22.
   22.   22. 
   22.   22.   22.   22.   22.   22.   22.   22.   22.   22.   22.   22.
   22.   22.   22. 2116. 2116. 2116. 2116. 2116. 2116. 2116. 2116. 2116.
 2116. 3119. 
 3119. 3119. 3119. 2116. 2116. 2116. 3119. 3119. 2116. 2116. 3119. 3119.
 2116. 2116. 2116.   22.   22.   22.   22.   22.   22.   22.   22.   22.
   22.   22. 
   22.   22.   22. 2116. 3119. 3119. 3119. 2116. 2116.   22.   22.   22.
   22.   22.   22.   22.   22.   22.   22.   22.   22.   22.   22.   22.
   22.   22. 
   22.   22. 2116. 2116. 2116. 2116. 2116.   22. 2116. 2116. 3119. 3119.
 3119. 3119. 2116. 2116. 2116. 3119. 3119. 3119. 2116. 2116. 3119. 3119.
 3119. 3119. 
 2116. 2116. 2116. 2116.   22.   22.   22.   22.   22.   22.   22.   22.
   22.   22.   22. 2116. 3119. 3119. 3119. 3119. 2116. 2116.   22.   22.
   22.   22. 
   22.   22.   22.   22.   22.   22.   22.   22.   22.   22.   22.   22.
   22.   22.   22.   22.   22.   22.   22. 2116. 2116. 3119. 3119. 3119.
 3119. 2116. 
 2116. 2116. 2116. 2116. 2116. 2116.   22. 2116. 3119. 3119. 3119. 3119.
 3119. 3119. 2116. 2116. 2116. 2116. 2116.   22.   22.   22.   22.   22.
   22.   22. 
   22.   22. 2116. 3119. 3119. 3119. 3119. 2116. 2116.   22.   22.   22.
   22.   22.   22.   22.   22.   22.   22.   22.   22.   22.   22.   22.
   22.   22. 
   22.   22.   22.   22. 2116. 2116. 3119. 3119. 3119. 3119. 2116. 2116.
 2116. 2116. 2116. 2116. 3119. 3119.   22. 2116. 2116. 3119. 3119. 3119.
 3119. 3119. 
 3119. 3119. 3119. 3119. 2116. 2116.   22.   22.   22.   22.   22.   22.
   22.   22.   22. 2116. 2116. 3119. 3119. 3119. 2116. 2116.   22.   22.
   22.   22. 
   22.   22.   22.   22.   22.   22.   22.   22.   22.   22.   22.   22.
   22.   22.   22. 2116. 2116. 3119. 3119. 3119. 3119. 2116. 2116. 2116.
 3119. 3119. 
 3119. 2116. 2116. 2116.   22.   22. 2116. 2116. 2116. 3119. 3119. 3119.
 3119. 3119. 3119. 3119. 3119. 3119. 2116.   22.   22.   22.   22.   22.
   22.   22. 
   22.   22. 2116. 3119. 3119. 3119. 3119. 2116. 2116.   22.   22.   22.
   22.   22.   22.   22.   22.   22.   22.   22.   22.   22.   22.   22.
   22.   22. 
   22. 2116. 2116. 3119. 3119. 3119. 2116. 2116. 2116. 2116. 2116. 2116.
 2116. 2116. 2116.   22.   22.   22.   22.   22. 2116. 2116. 2116. 2116.
 3119. 3119. 
 3119. 3119. 3119. 3119. 2116. 2116.   22.   22.   22.   22.   22.   22.
   22.   22.   22. 2116. 2116. 3119. 3119. 3119. 2116. 2116.   22.   22.
   22.   22. 
   22.   22.   22.   22.   22.   22.   22.   22.   22.   22.   22.   22.
   22. 2116. 3119. 3119. 3119. 2116. 2116. 3119. 3119. 2116. 2116. 2116.
 2116.   22. 
   22.   22.   22.   22.   22.   22.   22.   22.   22. 2116. 2116. 2116.
 2116. 3119. 3119. 3119. 3119. 2116. 2116.   22.   22.   22.   22.   22.
   22.   22. 
   22.   22. 2116. 2116. 3119. 3119. 3119. 3119. 2116.   22.   22.   22.
   22.   22.   22.   22.   22.   22.   22.   22.   22.   22.   22.   22.
   22. 2116. 
 3119. 3119. 3119. 2116. 2116. 3119. 3119. 3119. 3119. 3119. 2116. 2116.
 2116. 2116. 
/