PERMI
 1658. 1658. 1658. 1075. 1075.   38.   38.   38.   38.   38.   38.   38.
   38.   38.   38.   38.   38.   38.   38.   38.   38.   38.   38.   38.
   38.   38. 
   38.   38.   38.   38.   38.   38.   38.   38.   38.   38.   38.   38.
   38.   38. 1075. 1075. 1075. 1658. 1658. 1658. 1658. 1658. 1075. 1075.
 1658. 1658. 
 1658. 1658. 1075. 1075.   38.   38.   38.   38.   38. 1075. 1075.   38.
 1658. 1658. 1658. 1075. 1075.   38.   38.   38.   38.   38.   38.   38.
   38.   38. 
   38.   38.   38.   38.   38.   38.   38.   38.   38.   38.   38.   38.
   38.   38.   38.   38.   38.   38.   38.   38.   38. 1075. 1075. 1075.
 1075. 1075. 
   38. 1075. 1658. 1658. 1658. 1658. 1658. 1658. 1658. 1658. 1658. 1658.
 1658. 1658. 1075.   38.   38.   38.   38. 1075. 1075. 1075. 1075. 1075.
 1658. 1658. 
 1658. 1075. 1075.   38.   38.   38.   38.   38.   38.   38.   38.   38.
   38.   38.   38.   38.   38.   38.   38.   38.   38.   38.   38.   38.
   38.   38. 
   38.   38.   38.   38.   38. 1075. 1075. 1075. 1075. 1658. 1075. 1075.
 1075. 1075. 1658. 1658. 1658. 1658. 1658. 1658. 1658. 1658. 1658. 1658.
 1658. 1658. 
 1075.   38.   38.   38. 1075. 1075. 1658. 1658. 1658. 1658. 1075. 1658.
 1658. 1075. 1075.   38.   38.   38.   38.   38.   38.   38.   38.   38.
   38.   38. 
   38.   38.   38.   38.   38.   38.   38.   38.   38.   38.   38.   38.
   38.   38.   38.   38.   38. 1075. 1075. 1658. 1658. 1658. 1658. 1658.
 1658. 1075. 
 1658. 1658. 1658. 1075. 1658. 1658. 1658. 1658. 1658. 1658. 1658. 1075.
 1075.   38.   38. 1075. 1075. 1658. 1658. 1658. 1658. 1658. 1075. 1658.
 1658. 1075. 
 1075.   38.   38.   38.   38.   38.   38.   38.   38.   38.   38.   38.
   38.   38.   38.   38.   38.   38.   38.   38.   38.   38.   38.   38.
   38.   38. 
   38.   38. 1075. 1075. 1658. 1658. 1658. 1658. 1658. 1658. 1658. 1075.
 1658. 1658. 1658. 1075. 1075. 1075. 1075. 1075. 1658. 1075. 1075. 1075.
   38.   38. 
   38. 1075. 1075. 1658. 1658. 1658. 1658. 1658. 1658. 1658. 1658. 1075.
 1075.   38.   38.   38.   38.   38.   38.   38.   38.   38.   38.   38.
   38.   38. 
   38.   38.   38.   38.   38.   38.   38.   38.   38.   38.   38.   38.
   38.   38. 1075. 1075. 1658. 1658. 1658. 1658. 1075. 1658. 1658. 1075.
 1658. 1658. 
 1658. 1075. 1075. 1075. 1075. 1075. 1075. 1075. 1075.   38.   38.   38.
   38. 1075. 1075. 1658. 1658. 1075. 1075. 1075. 1658. 1658. 1658. 1075.
 1075.   38. 
 38. 38. 38. 38. 38. 38. 38. 38. 38. 38. 38. 38. 38. 38. 38. 38. 38. 38.
 38. 38. 38. 38. 38. 38. 38. 38. 
   38. 1075. 1075. 1658. 1658. 1658. 1075. 1075. 1075. 1075. 1075. 1658.
 1658. 1658. 1075.   38.   38.   38. 1075.   38.   38.   38.   38.   38.
   38. 1075. 
 1075. 1658. 1658. 1075. 1075. 1075. 1658. 1658. 1075. 1075.   38.   38.
   38.   38.   38.   38.   38.   38.   38.   38.   38.   38.   38.   38.
   38.   38. 
   38.   38.   38.   38.   38.   38.   38.   38.   38.   38.   38.   38.
   38. 1075. 1075. 1658. 1658. 1658. 1658. 1075. 1075. 1075. 1075. 1658.
 1658. 1658. 
 1075.   38.   38.   38.   38.   38.   38.   38.   38.   38.   38. 1075.
 1075. 1658. 1658. 1658. 1075. 1075. 1075. 1075. 1075.   38.   38.   38.
   38.   38. 
 38. 38. 38. 38. 38. 38. 38. 38. 38. 38. 38. 38. 38. 38. 38. 38. 38. 38.
 38. 38. 38. 38. 38. 38. 38. 38. 
 1075. 1075. 1658. 1075. 1075. 1075. 1075. 1075. 1658. 1658. 1658. 1658.
 1075.   38.   38.   38.   38.   38.   38.   38.   38.   38.   38.   38.
 1075. 1658. 
 1658. 1658. 1658. 1075. 1075. 1075.   38.   38.   38.   38.   38.   38.
   38.   38.   38.   38.   38.   38.   38.   38.   38.   38.   38.   38.
   38.   38. 
   38.   38.   38.   38.   38.   38.   38.   38.   38.   38.   38.   38.
 1075. 1075. 1075. 1075. 1075. 1658. 1658. 1075. 1658. 1658. 1658. 1658.
 1075.   38. 
   38.   38.   38.   38.   38.   38.   38.   38.   38.   38. 1075. 1075.
 1658. 1658. 1658. 1075.   38.   38.   38.   38.   38.   38.   38.   38.
   38.   38. 
   38.   38.   38.   38.   38.   38.   38.   38.   38.   38.   38.   38.
   38.   38.   38.   38.   38.   38.   38.   38.   38. 1075. 1075. 1075.
 1075. 1075. 
 1658. 1658. 1658. 1658. 1658. 1658. 1658. 1658. 1658. 1658. 1075.   38.
   38.   38.   38.   38.   38.   38.   38. 1075. 1075. 1075. 1075. 1075.
 1658. 1658. 
 1658. 1075.   38.   38.   38.   38.   38.   38.   38.   38.   38.   38.
   38.   38.   38.   38.   38.   38.   38.   38.   38.   38.   38.   38.
   38.   38. 
   38.   38.   38.   38.   38.   38. 1075. 1075. 1658. 1658. 1075. 1658.
 1658. 1658. 1658. 1658. 1658. 1658. 1658. 1658. 1658. 1075.   38.   38.
   38.   38. 
   38.   38.   38. 1075. 1075. 1075. 1075. 1075. 1658. 1658. 1658. 1658.
 1658. 1075.   38.   38.   38.   38.   38.   38.   38.   38.   38.   38.
   38.   38. 
   38.   38.   38.   38.   38.   38.   38.   38.   38.   38.   38.   38.
   38.   38.   38.   38.   38.   38. 1075. 1658. 1658. 1075. 1075. 1658.
 1658. 1658. 
 1075. 1075. 1075. 1075. 1658. 1075. 1075. 1075.   38.   38.   38.   38.
   38.   38. 1075. 1075. 1658. 1658. 1658. 1658. 1658. 1658. 1658. 1658.
 1075. 1075. 
 38. 38. 38. 38. 38. 38. 38. 38. 38. 38. 38. 38. 38. 38. 38. 38. 38. 38.
 38. 38. 38. 38. 38. 38. 38. 38. 
   38.   38.   38.   38. 1075. 1658. 1658. 1075. 1075. 1658. 1658. 1075.
 1075.   38. 1075. 1075. 1075. 1075. 1075.   38.   38.   38.   38.   38.
   38. 1075. 
 1075. 1658. 1658. 1658. 1658. 1658. 1658. 1658. 1658. 1075. 1075. 1075.
   38.   38.   38.   38.   38.   38.   38.   38.   38.   38.   38.   38.
   38.   38. 
   38.   38.   38.   38.   38.   38.   38.   38.   38.   38.   38.   38.
   38.   38.   38.   38. 1075. 1658. 1658. 1075. 1075. 1658. 1658. 1658.
 1075.   38. 
   38.   38.   38.   38.   38.   38.   38.   38.   38.   38.   38. 1075.
 1075. 1658. 1658. 1658. 1658. 1658. 1658. 1075. 1075. 1075.   38.   38.
   38.   38. 
 38. 38. 38. 38. 38. 38. 38. 38. 38. 38. 38. 38. 38. 38. 38. 38. 38. 38.
 38. 38. 38. 38. 38. 38. 38. 38. 
   38.   38. 1075. 1658. 1658. 1658. 1075. 1658. 1658. 1658. 1075. 1075.
   38.   38.   38.   38.   38.   38.   38.   38.   38.   38.   38. 1075.
 1658. 1658. 
 1658. 1658. 1075. 1075. 1075. 1075.   38.   38.   38.   38.   38.   38.
   38.   38.   38.   38.   38.   38.   38.   38.   38.   38.   38.   38.
   38.   38. 
   38.   38.   38.   38.   38.   38.   38.   38.   38.   38.   38.   38.
   38.   38. 1075. 1658. 1658. 1658. 1075. 1075. 1658. 1658. 1658. 1075.
 1075.   38. 
   38.   38.   38.   38.   38.   38.   38.   38.   38. 1075. 1075. 1658.
 1658. 1658. 1075.   38.   38.   38.   38.   38.   38.   38.   38.   38.
   38.   38. 
   38.   38.   38.   38.   38.   38.   38.   38.   38.   38.   38.   38.
   38.   38.   38.   38.   38.   38.   38.   38.   38.   38. 1075. 1075.
 1075. 1075. 
 1075. 1658. 1658. 1658. 1658. 1075. 1658. 1658. 1658. 1658. 1075.   38.
   38.   38.   38.   38. 1075. 1075. 1075. 1075. 1075. 1075. 1075. 1658.
 1658. 1658. 
 1075. 1075.   38.   38.   38.   38.   38.   38.   38.   38.   38.   38.
   38.   38.   38.   38.   38.   38.   38.   38.   38.   38.   38.   38.
   38.   38. 
   38.   38.   38.   38.   38.   38. 1075. 1075. 1075. 1075. 1075. 1075.
 1075. 1658. 1658. 1075. 1075. 1075. 1075. 1658. 1658. 1658. 1075. 1075.
   38.   38. 
   38. 1075. 1075. 1658. 1658. 1658. 1075. 1075. 1075. 1658. 1658. 1658.
 1658. 1075.   38. 1075. 1075. 1075. 1075. 1075.   38.   38.   38.   38.
   38.   38. 
   38.   38.   38.   38.   38.   38.   38.   38.   38.   38.   38.   38.
   38.   38.   38.   38.   38. 1075. 1075. 1658. 1658. 1658. 1658. 1658.
 1658. 1075. 
 1075. 1075. 1075. 1075. 1075. 1658. 1658. 1658. 1075. 1075.   38.   38.
 1075. 1075. 1658. 1658. 1658. 1658. 1658. 1658. 1075. 1075. 1658. 1658.
 1658. 1075. 
 1075. 1075. 1658. 1658. 1658. 1658.   38.   38.   38.   38.   38.   38.
   38.   38.   38.   38.   38.   38.   38.   38.   38.   38.   38.   38.
   38.   38. 
   38.   38. 1075. 1075. 1658. 1658. 1658. 1658. 1658. 1658. 1075. 1075.
 1075. 1658. 1658. 1658. 1658. 1658. 1658. 1658. 1075. 1075.   38.   38.
 1075. 1658. 
 1658. 1658. 1658. 1658. 1658. 1658. 1658. 1658. 1658. 1658. 1658. 1075.
 1075. 1658. 1658. 1658. 1658. 1658.   38.   38.   38.   38.   38.   38.
   38.   38. 
   38.   38.   38.   38.   38.   38.   38.   38.   38.   38.   38.   38.
   38.   38. 1075. 1075. 1658. 1658. 1658. 1658. 1075. 1075. 1075. 1658.
 1658. 1658. 
 1658. 1658. 1658. 1658. 1658. 1075. 1075.   38.   38. 1075. 1075. 1658.
 1658. 1658. 1075. 1658. 1658. 1658. 1658. 1658. 1658. 1658. 1658. 1075.
 1075. 1658. 
 1658. 1658. 1658. 1658.   38.   38.   38.   38.   38.   38.   38.   38.
   38.   38.   38.   38.   38.   38.   38.   38.   38.   38.   38.   38.
   38.   38. 
 1075. 1075. 1658. 1658. 1658. 1075. 1075. 1075. 1658. 1658. 1658. 1658.
 1658. 1658. 1658. 1658. 1075. 1075. 1075.   38.   38. 1075. 1075. 1658.
 1658. 1075. 
 1075. 1075. 1075. 1658. 1658. 1658. 1658. 1658. 1075. 1075. 1075. 1658.
 1658. 1658. 1658. 1075.   38.   38.   38.   38.   38.   38.   38.   38.
   38.   38. 
   38.   38.   38.   38.   38.   38.   38.   38.   38.   38.   38.   38.
 1075. 1075. 1658. 1658. 1658. 1075. 1075. 1658. 1658. 1658. 1658. 1658.
 1075. 1075. 
 1075. 1075. 1075. 1075.   38.   38.   38. 1075. 1075. 1658. 1658. 1075.
 1075.   38. 1075. 1075. 1075. 1658. 1075. 1075. 1075. 1075. 1075. 1658.
 1658. 1658. 
 1658. 1075.   38.   38.   38.   38.   38.   38.   38.   38.   38.   38.
   38.   38.   38.   38.   38.   38.   38.   38.   38.   38.   38.   38.
   38. 1075. 
 1075. 1658. 1658. 1075. 1075. 1658. 1658. 1658. 1075. 1075. 1075. 1075.
 1075.   38.   38.   38. 1075. 1075. 1075. 1075. 1658. 1658. 1658. 1075.
 1075.   38. 
   38. 1075. 1075. 1075. 1075. 1075. 1075. 1075. 1075. 1075. 1658. 1658.
 1658. 1658.   38.   38.   38.   38.   38.   38.   38.   38.   38.   38.
   38.   38. 
   38.   38.   38.   38.   38.   38.   38.   38.   38.   38.   38. 1075.
 1075. 1658. 1658. 1658. 1075. 1658. 1658. 1658. 1075. 1075.   38.   38.
   38. 1075. 
 1075. 1075. 1075. 1075. 1075. 1075. 1658. 1658. 1658. 1075. 1075.   38.
   38.   38.   38.   38.   38. 1075. 1075. 1075. 1075. 1075. 1658. 1658.
 1658. 1658. 
   38.   38.   38.   38.   38.   38.   38.   38.   38.   38.   38.   38.
   38.   38.   38.   38.   38.   38.   38.   38.   38.   38.   38.   38.
 1075. 1658. 
 1658. 1658. 1075. 1658. 1658. 1658. 1075. 1075.   38. 1075. 1075. 1075.
 1075. 1075. 1658. 1658. 1658. 1658. 1658. 1658. 1658. 1075. 1075.   38.
   38.   38. 
   38.   38. 1075. 1075. 1658. 1658. 1658. 1658. 1658. 1658. 1658. 1658.
   38.   38.   38.   38.   38.   38.   38.   38.   38.   38.   38.   38.
   38.   38. 
   38.   38.   38. 1075. 1075. 1075. 1075. 1075. 1075.   38. 1075. 1658.
 1658. 1658. 1075. 1075. 1658. 1658. 1658. 1075. 1075. 1075. 1075. 1658.
 1658. 1658. 
 1658. 1658. 1658. 1658. 1658. 1658. 1658. 1075. 1075.   38.   38.   38.
   38.   38. 1075. 1075. 1658. 1658. 1658. 1658. 1658. 1658. 1658. 1658.
   38.   38. 
   38.   38.   38.   38.   38.   38.   38.   38.   38.   38.   38.   38.
   38.   38. 1075. 1075. 1075. 1075. 1075. 1075. 1075. 1075. 1075. 1075.
 1075. 1075. 
 1075. 1075. 1658. 1658. 1658. 1658. 1075. 1075. 1658. 1658. 1658. 1658.
 1658. 1658. 1658. 1658. 1658. 1658. 1075. 1075.   38.   38.   38.   38.
   38. 1075. 
 1075. 1658. 1658. 1658. 1658. 1658. 1658. 1658. 1658. 1658.   38.   38.
   38.   38.   38.   38.   38.   38.   38.   38.   38.   38.   38.   38.
   38.   38. 
 1075. 1075. 1658. 1658. 1658. 1658. 1658. 1658. 1075. 1075. 1075. 1658.
 1658. 1658. 1658. 1658. 1658. 1658. 1075. 1075. 1658. 1658. 1658. 1075.
 1075. 1075. 
 1075. 1075. 1075. 1075. 1075.   38.   38.   38.   38.   38.   38. 1075.
 1658. 1658. 1658. 1658. 1658. 1658. 1658. 1658. 1658. 1658.   38.   38.
   38.   38. 
   38.   38.   38.   38.   38.   38.   38.   38.   38.   38.   38. 1075.
 1075. 1658. 1658. 1658. 1658. 1658. 1658. 1658. 1075. 1075. 1658. 1658.
 1658. 1658. 
 1658. 1658. 1658. 1658. 1075. 1075. 1658. 1658. 1658. 1075. 1075. 1075.
 1075. 1075. 1075.   38.   38.   38.   38.   38.   38.   38.   38. 1075.
 1075. 1658. 
 1658. 1658. 1075. 1075. 1075. 1075. 1075. 1075.   38.   38.   38.   38.
   38.   38.   38.   38.   38.   38.   38.   38.   38.   38.   38. 1075.
 1075. 1658. 
 1658. 1658. 1658. 1658. 1658. 1075. 1075. 1658. 1658. 1658. 1658. 1658.
 1658. 1658. 1658. 1075. 1075. 1075. 1075. 1658. 1658. 1658. 1075. 1075.
   38.   38. 
   38.   38.   38.   38.   38.   38.   38.   38.   38. 1075. 1075. 1658.
 1658. 1658. 1075. 1075. 1075. 1075. 1075.   38.   38.   38.   38.   38.
   38.   38. 
   38.   38.   38.   38.   38.   38.   38.   38.   38. 1075. 1075. 1658.
 1658. 1658. 1075. 1075. 1075. 1075. 1658. 1658. 1658. 1658. 1658. 1075.
 1075. 1075. 
 1075. 1075. 1075. 1075. 1075. 1658. 1658. 1658. 1075. 1075.   38.   38.
   38.   38.   38.   38.   38.   38.   38.   38.   38. 1075. 1075. 1658.
 1658. 1658. 
 1075. 1075.   38.   38.   38.   38.   38.   38.   38.   38.   38.   38.
   38.   38.   38.   38.   38.   38.   38.   38.   38. 1075. 1075. 1658.
 1658. 1658. 
 1075.   38. 1075. 1075. 1075. 1658. 1658. 1658. 1075. 1075. 1075. 1075.
 1658. 1658. 1075. 1075. 1075. 1658. 1658. 1658. 1075. 1075.   38.   38.
   38.   38. 
   38. 1075. 1075. 1075. 1075. 1075. 1075. 1075. 1075. 1658. 1658. 1658.
 1075.   38.   38.   38.   38.   38.   38.   38.   38.   38.   38.   38.
   38.   38. 
 1075. 1075. 1075. 1075. 1075.   38.   38. 1075. 1075. 1658. 1658. 1658.
 1075.   38.   38. 1075. 1075. 1658. 1658. 1658. 1075. 1658. 1658. 1658.
 1658. 1658. 
 1658. 1658. 1075. 1658. 1658. 1658. 1075. 1075.   38.   38.   38.   38.
 1075. 1075. 1075. 1075. 1075. 1075. 1075. 1658. 1658. 1658. 1658. 1658.
 1075.   38. 
   38.   38.   38.   38.   38.   38.   38.   38.   38.   38.   38. 1075.
 1075. 1658. 1658. 1075. 1075. 1075. 1075. 1075. 1075. 1658. 1658. 1658.
 1075. 1075. 
   38. 1075. 1075. 1658. 1658. 1658. 1075. 1658. 1658. 1658. 1658. 1658.
 1658. 1658. 1658. 1658. 1658. 1658. 1075. 1075.   38.   38.   38. 1075.
 1075. 1658. 
 1658. 1658. 1658. 1658. 1658. 1658. 1658. 1658. 1658. 1658. 1075.   38.
   38.   38.   38.   38.   38.   38.   38.   38.   38.   38.   38. 1075.
 1658. 1658. 
 1658. 1658. 1658. 1658. 1075. 1075. 1075. 1075. 1075. 1075. 1075. 1075.
   38.   38. 1075. 1658. 1658. 1658. 1075. 1658. 1075. 1075. 1075. 1075.
 1658. 1658. 
 1658. 1658. 1658. 1658. 1075. 1075.   38.   38.   38. 1075. 1075. 1658.
 1658. 1658. 1658. 1658. 1658. 1658. 1658. 1658. 1658. 1075. 1075.   38.
   38.   38. 
   38.   38.   38.   38.   38.   38.   38.   38. 1075. 1075. 1658. 1658.
 1658. 1658. 1658. 1658. 1658. 1658. 1075. 1658. 1658. 1658. 1658. 1075.
 1075. 1075. 
 1075. 1658. 1658. 1658. 1075. 1075. 1075.   38. 1075. 1075. 1075. 1658.
 1658. 1075. 1075. 1075. 1075.   38.   38.   38.   38. 1075. 1658. 1658.
 1658. 1658. 
 1658. 1658. 1658. 1658. 1658. 1658. 1075. 1075.   38.   38.   38.   38.
   38.   38.   38.   38.   38.   38.   38.   38. 1075. 1075. 1658. 1658.
 1658. 1075. 
 1658. 1658. 1658. 1075. 1075. 1658. 1658. 1658. 1658. 1658. 1658. 1658.
 1658. 1658. 1658. 1658. 1075. 1658. 1075.   38.   38.   38. 1075. 1075.
 1075. 1075. 
 1075. 1075.   38.   38.   38.   38.   38. 1075. 1075. 1658. 1658. 1658.
 1075. 1075. 1075. 1075. 1075. 1075. 1075.   38.   38.   38.   38.   38.
   38.   38. 
   38.   38.   38.   38.   38.   38. 1075. 1075. 1658. 1658. 1658. 1075.
 1075. 1658. 1658. 1075. 1658. 1658. 1658. 1658. 1658. 1658. 1658. 1658.
 1658. 1658. 
 1658. 1658. 1075. 1658. 1075.   38.   38.   38.   38.   38.   38.   38.
   38.   38.   38.   38.   38.   38.   38. 1075. 1075. 1658. 1658. 1658.
 1075. 1075. 
   38.   38.   38.   38.   38.   38.   38.   38.   38.   38.   38.   38.
   38.   38.   38.   38.   38.   38.   38. 1075. 1658. 1658. 1658. 1658.
 1075. 1075. 
 1075. 1075. 1658. 1658. 1658. 1075. 1658. 1658. 1658. 1658. 1658. 1658.
 1658. 1075. 1075. 1075. 1075.   38.   38.   38.   38.   38.   38.   38.
   38.   38. 
   38.   38.   38.   38.   38. 1075. 1075. 1658. 1658. 1658. 1658. 1075.
 1075.   38.   38.   38.   38.   38.   38.   38.   38.   38.   38.   38.
   38.   38. 
   38.   38.   38.   38.   38. 1075. 1075. 1658. 1658. 1658. 1075. 1075.
 1075. 1075. 1658. 1658. 1658. 1658. 1075. 1075. 1658. 1658. 1658. 1075.
 1075. 1658. 
 1075. 1075.   38.   38.   38.   38.   38.   38.   38.   38.   38.   38.
   38.   38.   38.   38.   38. 1075. 1075. 1075. 1658. 1658. 1658. 1075.
 1075.   38. 
   38.   38.   38.   38.   38.   38.   38.   38.   38.   38.   38.   38.
   38.   38.   38.   38.   38. 1075. 1075. 1658. 1658. 1658. 1658. 1075.
   38. 1075. 
 1075. 1658. 1658. 1658. 1075. 1075. 1075. 1075. 1075. 1075. 1658. 1075.
 1075. 1075.   38.   38.   38.   38.   38.   38.   38.   38.   38.   38.
   38.   38. 
 1075. 1075. 1075. 1075. 1075. 1658. 1658. 1658. 1658. 1075. 1075.   38.
   38.   38.   38.   38.   38.   38.   38.   38.   38.   38.   38.   38.
   38.   38. 
   38. 1075. 1075. 1075. 1075. 1075. 1658. 1658. 1658. 1075.   38. 1075.
 1075. 1658. 1658. 1658. 1075. 1075. 1075. 1075. 1075. 1075. 1075. 1075.
 1075.   38. 
   38.   38.   38.   38.   38.   38.   38.   38.   38.   38.   38. 1075.
 1075. 1658. 1658. 1658. 1658. 1658. 1658. 1658. 1658. 1075. 1075.   38.
   38.   38. 
   38.   38.   38.   38.   38.   38.   38.   38.   38.   38.   38.   38.
   38. 1075. 1075. 1075. 1075. 1075. 1658. 1075. 1075. 1075. 1075. 1075.
 1075. 1658. 
 1658. 1658. 1075. 1075.   38.   38.   38. 1075. 1075.   38.   38.   38.
   38.   38.   38.   38.   38.   38.   38.   38.   38.   38. 1075. 1075.
 1658. 1658. 
 1658. 1658. 1658. 1658. 1658. 1658. 1658. 1075.   38.   38.   38.   38.
   38.   38.   38.   38.   38.   38.   38.   38.   38.   38. 1075. 1075.
 1075. 1075. 
 1075. 1658. 1658. 1075. 1075. 1075. 1658. 1658. 1658. 1658. 1658. 1658.
 1658. 1658. 1075. 1075.   38.   38.   38.   38.   38.   38.   38.   38.
   38.   38. 
   38.   38.   38.   38.   38.   38.   38.   38. 1075. 1658. 1658. 1658.
 1658. 1658. 1658. 1658. 1658. 1075. 1075. 1075.   38.   38.   38.   38.
   38.   38. 
   38.   38.   38.   38.   38.   38.   38. 1075. 1075. 1658. 1658. 1658.
 1658. 1658. 1075. 1075. 1658. 1658. 1658. 1658. 1658. 1658. 1658. 1658.
 1658. 1658. 
 1075.   38.   38.   38.   38.   38.   38.   38.   38.   38.   38.   38.
   38.   38.   38.   38.   38.   38.   38.   38. 1075. 1658. 1658. 1658.
 1658. 1075. 
 1075. 1075. 1075. 1075. 1075.   38.   38.   38.   38.   38.   38.   38.
   38.   38.   38.   38.   38.   38. 1075. 1075. 1658. 1658. 1658. 1658.
 1658. 1658. 
 1075. 1658. 1658. 1658. 1658. 1658. 1658. 1658. 1658. 1658. 1658. 1075.
 1075.   38.   38.   38.   38.   38.   38.   38.   38.   38.   38.   38.
   38.   38. 
   38.   38.   38.   38.   38.   38. 1075. 1658. 1658. 1658. 1658. 1075.
 1075. 1075.   38.   38.   38.   38.   38.   38.   38.   38.   38.   38.
   38.   38. 
   38.   38.   38.   38. 1075. 1658. 1658. 1658. 1658. 1658. 1658. 1658.
 1075. 1658. 1658. 1658. 1658. 1075. 1075. 1075. 1075. 1075. 1075. 1075.
   38.   38. 
   38.   38.   38.   38.   38.   38.   38.   38.   38.   38.   38.   38.
   38.   38. 1075. 1075. 1075. 1075. 1075. 1075. 1658. 1658. 1658. 1075.
 1075.   38. 
   38.   38.   38.   38.   38.   38.   38.   38.   38.   38.   38.   38.
   38.   38.   38.   38. 1075. 1658. 1658. 1658. 1075. 1075. 1075. 1075.
 1075. 1658. 
 1658. 1658. 1658. 1075. 1075. 1075. 1075. 1075. 1075.   38.   38.   38.
   38.   38.   38.   38.   38.   38.   38.   38.   38.   38.   38.   38.
   38. 1075. 
 1075. 1075. 1658. 1075. 1075. 1075. 1658. 1658. 1658. 1075. 1075.   38.
   38.   38.   38.   38.   38.   38.   38.   38.   38.   38.   38.   38.
   38.   38. 
   38.   38. 1075. 1075. 1658. 1658. 1658. 1075. 1075. 1658. 1075. 1075.
 1658. 1658. 1658. 1658. 1075. 1075. 1075.   38.   38.   38.   38.   38.
   38.   38. 
   38.   38.   38.   38.   38.   38.   38.   38.   38.   38. 1075. 1075.
 1658. 1658. 1658. 1658. 1658. 1658. 1658. 1658. 1658. 1075. 1075.   38.
   38.   38. 
   38.   38.   38.   38.   38.   38.   38.   38.   38.   38.   38.   38.
   38.   38. 1075. 1075. 1658. 1658. 1658. 1075. 1075. 1658. 1658. 1075.
 1658. 1658. 
 1658. 1658. 1075. 1075.   38.   38.   38.   38.   38.   38.   38.   38.
   38.   38.   38.   38.   38.   38.   38.   38.   38.   38. 1075. 1075.
 1658. 1658. 
 1658. 1658. 1658. 1658. 1658. 1658. 1658. 1075. 1075.   38.   38.   38.
   38.   38.   38.   38.   38.   38.   38.   38.   38.   38.   38.   38.
   38.   38. 
 1075. 1075. 1658. 1075. 1075. 1075. 1075. 1075. 1075. 1075. 1075. 1658.
 1658. 1658. 1658. 1075.   38.   38.   38.   38.   38.   38.   38.   38.
   38.   38. 
   38.   38.   38.   38.   38.   38.   38.   38. 1075. 1075. 1658. 1658.
 1658. 1658. 1658. 1658. 1658. 1658. 1658. 1075. 1075.   38.   38.   38.
   38.   38. 
   38.   38.   38.   38.   38.   38.   38.   38.   38.   38.   38.   38.
 1658. 1075. 1075. 1075. 1658. 1658. 1658. 1075. 1075. 1075. 1075. 1658.
 1658. 1658. 
 1658. 1075.   38.   38.   38.   38.   38.   38.   38.   38.   38.   38.
   38.   38.   38.   38. 1075. 1075. 1075. 1075. 1075. 1075. 1658. 1658.
 1658. 1075. 
 1658. 1658. 1658. 1658. 1075. 1075.   38.   38.   38.   38.   38.   38.
   38.   38.   38.   38.   38.   38.   38.   38.   38.   38.   38.   38.
 1658. 1075. 
 1075. 1658. 1658. 1658. 1658. 1658. 1658. 1658. 1658. 1075. 1658. 1658.
 1658. 1075. 1075.   38.   38.   38.   38.   38.   38.   38.   38.   38.
   38.   38. 
   38. 1075. 1075. 1658. 1075. 1075. 1075. 1075. 1658. 1658. 1658. 1075.
 1075. 1075. 1075. 1075. 1075.   38.   38.   38.   38.   38.   38.   38.
   38.   38. 
   38.   38.   38.   38.   38.   38.   38.   38.   38.   38. 1075. 1075.
 1658. 1658. 1658. 1658. 1658. 1658. 1658. 1658. 1658. 1658. 1658. 1658.
 1658. 1075. 
 1075.   38.   38.   38.   38.   38.   38.   38.   38.   38.   38.   38.
 1075. 1075. 1658. 1658. 1658. 1658. 1075. 1075. 1658. 1658. 1658. 1075.
 1075.   38. 
   38.   38.   38.   38.   38.   38.   38.   38.   38.   38.   38.   38.
   38.   38.   38.   38.   38.   38.   38.   38.   38.   38. 1075. 1075.
 1658. 1658. 
 1658. 1658. 1658. 1658. 1658. 1658. 1658. 1658. 1658. 1658. 1658. 1075.
   38.   38.   38.   38.   38.   38.   38.   38.   38.   38.   38.   38.
 1075. 1658. 
 1658. 1658. 1658. 1658. 1658. 1075. 1658. 1658. 1658. 1075. 1075.   38.
   38.   38.   38.   38.   38.   38.   38.   38.   38.   38.   38.   38.
   38.   38. 
   38.   38.   38.   38.   38.   38.   38.   38. 1075. 1075. 1658. 1658.
 1658. 1075. 1075. 1658. 1658. 1658. 1658. 1658. 1658. 1658. 1075. 1075.
   38.   38. 
   38.   38.   38.   38.   38.   38.   38.   38.   38. 1075. 1075. 1658.
 1658. 1658. 1658. 1658. 1658. 1658. 1075. 1658. 1658. 1658. 1075.   38.
   38.   38. 
   38.   38.   38.   38.   38.   38.   38.   38.   38.   38.   38.   38.
   38.   38.   38.   38.   38.   38.   38.   38. 1075. 1075. 1658. 1658.
 1658. 1075. 
 1075. 1075. 1075. 1075. 1075. 1075. 1075. 1075. 1075.   38.   38.   38.
   38.   38.   38.   38.   38.   38.   38.   38.   38. 1075. 1075. 1658.
 1658. 1658. 
 1658. 1658. 1658. 1658. 1658. 1658. 1658. 1658. 1075.   38.   38.   38.
   38.   38.   38.   38.   38.   38.   38.   38.   38.   38.   38.   38.
   38.   38. 
   38.   38.   38.   38.   38.   38. 1075. 1075. 1658. 1658. 1658. 1075.
 1075.   38.   38.   38.   38.   38.   38.   38.   38.   38.   38.   38.
   38.   38. 
   38.   38.   38.   38.   38.   38.   38. 1075. 1075. 1658. 1658. 1658.
 1075. 1658. 1658. 1658. 1658. 1658. 1658. 1658. 1075.   38.   38.   38.
   38.   38. 
   38.   38.   38.   38.   38.   38.   38.   38.   38.   38.   38.   38.
   38.   38.   38.   38.   38.   38. 1075. 1075. 1658. 1658. 1658. 1075.
 1075.   38. 
   38.   38.   38.   38.   38.   38.   38.   38.   38.   38.   38.   38.
   38. 1075. 1075. 1075. 1075. 1075. 1075. 1075. 1075. 1658. 1658. 1658.
 1075. 1075. 
 1658. 1658. 1658. 1658. 1658. 1075. 1075.   38.   38.   38.   38.   38.
   38.   38.   38.   38.   38.   38.   38.   38.   38.   38.   38.   38.
   38.   38. 
   38.   38.   38.   38. 1658. 1658. 1658. 1658. 1658. 1075. 1075.   38.
   38.   38.   38.   38.   38.   38.   38.   38.   38.   38.   38.   38.
 1075. 1075. 
 1075. 1658. 1658. 1658. 1075. 1075. 1075. 1658. 1658. 1658. 1075. 1075.
 1075. 1075. 1658. 1658. 1075. 1075. 1075.   38.   38.   38.   38.   38.
   38.   38. 
   38.   38.   38.   38.   38.   38.   38.   38.   38.   38.   38.   38.
   38.   38.   38.   38. 1658. 1658. 1658. 1658. 1658. 1075. 1075.   38.
   38.   38. 
   38.   38.   38.   38.   38.   38.   38.   38.   38. 1075. 1075. 1075.
 1658. 1658. 1658. 1658. 1658. 1658. 1658. 1658. 1658. 1658. 1075. 1075.
 1075. 1075. 
 1075. 1075. 1075. 1075.   38.   38.   38.   38.   38.   38.   38.   38.
   38.   38.   38.   38.   38.   38.   38.   38.   38.   38.   38.   38.
   38.   38. 
   38.   38. 1658. 1658. 1658. 1658. 1075. 1075.   38.   38.   38.   38.
   38.   38.   38.   38.   38.   38.   38.   38.   38. 1075. 1075. 1658.
 1658. 1658. 
 1658. 1658. 1658. 1658. 1658. 1658. 1658. 1658. 1075. 1075.   38.   38.
   38.   38.   38.   38.   38.   38.   38.   38.   38.   38.   38.   38.
   38.   38. 
 38. 38. 38. 38. 38. 38. 38. 38. 38. 38. 38. 38. 38. 38. 
/