PERMI
 1392.  860.  860.  860. 1392. 1392. 1392. 1392. 1392. 1392. 1392. 1392.
 1392. 1392. 1392. 1392. 1392. 1392. 1392.  860.  860. 1392. 1392.  860.
  860.   28. 
 28. 28. 28. 28. 28. 28. 28. 28. 28. 28. 28. 28. 28. 28. 28. 28. 28. 28.
 28. 28. 28. 28. 28. 28. 28. 28. 
   28.   28.   28.   28.   28.   28.   28.   28.   28.   28.   28.   28.
 1392. 1392.  860.  860.  860.  860. 1392. 1392. 1392. 1392. 1392. 1392.
 1392.  860. 
  860. 1392. 1392. 1392. 1392.  860.  860. 1392. 1392. 1392.  860.  860.
  860.  860.   28.   28.   28.   28.   28.   28.   28.   28.   28.   28.
   28.   28. 
   28.   28.   28.   28.   28.   28.   28.   28.   28.   28.   28.   28.
   28.   28.   28.   28.   28.   28.   28.   28.   28.   28.   28.   28.
 1392. 1392. 
 1392. 1392.  860.  860.  860.  860.  860.  860.  860.  860.  860.  860.
  860.  860.  860. 1392. 1392. 1392.  860. 1392. 1392. 1392.  860.  860.
  860.  860. 
 860. 860. 860. 860. 860.  28.  28.  28.  28. 860. 860. 860. 860. 860.
 860. 860. 860.  28.  28.  28.  28.  28.  28.  28.  28.  28. 
   28.   28.   28.   28.   28.   28.   28.   28.   28.   28. 1392. 1392.
 1392. 1392. 1392. 1392. 1392.  860.  860.  860.  860.  860.  860.  860.
 1392.  860. 
  860. 1392. 1392. 1392.  860.  860.  860.  860.  860.  860.  860.  860.
  860.  860.  860.  860.  860.  860.   28.  860.  860.  860.  860. 1392.
 1392. 1392. 
 1392.  860.  860.  860.   28.   28.   28.   28.   28.   28.   28.   28.
   28.   28.   28.   28.   28.   28.   28.   28.   28.   28.  860.  860.
  860.  860. 
  860. 1392. 1392. 1392. 1392. 1392. 1392.  860.  860.  860.  860. 1392.
  860. 1392. 1392. 1392. 1392.  860.  860.  860.  860.  860.  860.  860.
  860. 1392. 
 1392. 1392. 1392.  860.  860.  860. 1392. 1392. 1392. 1392. 1392. 1392.
 1392. 1392. 1392.  860.  860.  860.   28.   28.   28.   28.   28.   28.
   28.   28. 
   28.   28.   28.   28.   28.   28.   28.   28.  860.  860.  860.  860.
  860.  860.  860. 1392. 1392. 1392. 1392. 1392. 1392.  860.  860.  860.
  860.  860. 
 1392. 1392. 1392. 1392. 1392.  860.  860.  860.  860. 1392.  860.  860.
  860.  860.  860.  860. 1392. 1392. 1392. 1392. 1392. 1392. 1392. 1392.
 1392. 1392. 
 1392. 1392.  860.  860.  860.  860.  860.  860.  860.  860.  860.  860.
   28.   28.   28.   28.   28.   28.   28.   28. 1392. 1392. 1392. 1392.
 1392.  860. 
  860.  860. 1392. 1392. 1392. 1392. 1392. 1392. 1392. 1392.  860.  860.
  860. 1392. 1392. 1392. 1392. 1392. 1392.  860.  860.  860.  860. 1392.
  860.  860. 
  860. 1392. 1392. 1392. 1392. 1392. 1392.  860.  860.  860.  860. 1392.
 1392. 1392. 1392. 1392.  860.  860.  860.  860.  860.  860.  860.  860.
  860.  860. 
   28.   28.   28.   28.   28.   28. 1392. 1392. 1392. 1392. 1392. 1392.
 1392.  860.  860.  860. 1392. 1392. 1392. 1392. 1392. 1392. 1392.  860.
  860.  860. 
  860. 1392. 1392. 1392. 1392. 1392. 1392. 1392.  860.  860.  860. 1392.
 1392. 1392. 1392. 1392. 1392.  860.  860.  860.  860.  860.  860.  860.
 1392. 1392. 
 1392. 1392. 1392. 1392. 1392. 1392. 1392. 1392. 1392. 1392.  860.  860.
  860.   28.   28.   28.   28.   28. 1392. 1392.  860. 1392. 1392. 1392.
 1392. 1392. 
 1392.  860.  860.  860. 1392. 1392. 1392.  860.  860.  860.  860.  860.
  860.  860. 1392. 1392. 1392. 1392. 1392. 1392. 1392.  860.  860.  860.
 1392. 1392. 
 1392. 1392.  860.  860.   28.  860.  860.  860.  860.  860.  860.  860.
 1392. 1392. 1392. 1392. 1392. 1392. 1392. 1392. 1392. 1392. 1392. 1392.
  860.  860. 
   28.   28.   28.   28.  860.  860.  860.  860.  860. 1392. 1392. 1392.
 1392. 1392.  860.  860.  860.  860.  860.  860.  860.  860.  860.  860.
  860.  860. 
  860.  860. 1392. 1392. 1392. 1392. 1392. 1392.  860.  860.  860. 1392.
  860.  860.  860.  860.  860.  860.  860.  860.  860.  860.  860.  860.
  860. 1392. 
 1392. 1392. 1392. 1392. 1392.  860. 1392. 1392. 1392. 1392.  860.  860.
  860.   28.   28.   28.  860.   28.   28.  860.  860.  860. 1392. 1392.
 1392. 1392. 
 1392. 1392.  860.  860. 1392. 1392. 1392. 1392. 1392.  860.  860.  860.
  860.  860.  860.  860. 1392. 1392. 1392. 1392. 1392.  860.  860.  860.
  860.  860. 
  860.  860.  860.  860.  860.  860.  860. 1392. 1392.  860.  860.  860.
  860.  860.  860.  860.  860.  860.  860. 1392. 1392. 1392. 1392.  860.
  860.   28. 
   28.   28.   28.   28.   28.   28.   28.  860.  860. 1392. 1392. 1392.
 1392. 1392. 1392. 1392. 1392. 1392. 1392. 1392. 1392. 1392. 1392. 1392.
  860.  860. 
  860.  860.  860.  860. 1392. 1392. 1392. 1392.  860.  860.  860. 1392.
 1392. 1392. 1392. 1392. 1392.  860.  860.  860. 1392. 1392. 1392.  860.
  860.  860. 
  860.  860.  860.   28.  860.  860. 1392. 1392. 1392. 1392.  860.   28.
   28.   28.   28.   28.   28.   28.   28.   28.  860.  860. 1392. 1392.
 1392. 1392. 
 1392. 1392. 1392. 1392. 1392. 1392. 1392. 1392. 1392. 1392. 1392.  860.
  860.  860.  860.  860. 1392. 1392. 1392. 1392.  860.  860. 1392. 1392.
 1392. 1392. 
 1392. 1392. 1392. 1392. 1392.  860.  860.  860.  860.  860.  860.  860.
   28.   28.   28.  860.  860.  860. 1392. 1392. 1392. 1392.  860.  860.
   28.   28. 
   28.   28.   28.   28.   28.   28.   28.  860.  860.  860.  860.  860.
 1392. 1392.  860.  860.  860.  860.  860.  860. 1392. 1392. 1392. 1392.
 1392.  860. 
  860.  860.  860.  860. 1392. 1392. 1392.  860.  860.  860.  860.  860.
  860.  860.  860.  860.  860. 1392.  860.  860.  860.  860.  860.  860.
  860.  860. 
  860.  860.  860.  860.  860. 1392. 1392. 1392. 1392.  860.  860.   28.
   28.   28.   28.   28.   28.   28.   28.   28.   28.  860.  860.  860.
  860.  860. 
  860.  860.  860.  860.  860.  860.  860.  860. 1392. 1392. 1392. 1392.
  860.  860.  860.  860.  860.  860.  860.  860.  860.  860.  860.  860.
  860.  860. 
  860. 1392.  860.  860.  860. 1392. 1392. 1392.  860.  860.  860.  860.
  860.  860.  860.  860.  860.  860.  860. 1392. 1392.  860.  860.  860.
   28.   28. 
   28.   28.   28.   28.   28.   28.   28.   28.   28.   28.   28.   28.
   28.   28.   28.   28.   28.   28.  860.  860.  860. 1392. 1392. 1392.
 1392. 1392. 
 1392. 1392.  860.  860.  860.  860.  860.  860. 1392. 1392. 1392. 1392.
 1392. 1392. 1392. 1392.  860.  860.  860. 1392. 1392. 1392. 1392. 1392.
 1392. 1392. 
  860.  860.  860.  860.  860.  860.  860. 1392. 1392.  860.   28.   28.
   28.   28.   28.   28.   28.   28.   28.   28.   28.   28.   28.   28.
   28.   28. 
   28.   28.   28.   28.   28.  860.  860.  860.  860. 1392. 1392. 1392.
 1392. 1392. 1392. 1392. 1392. 1392.  860.  860.  860. 1392. 1392. 1392.
 1392. 1392. 
 1392. 1392. 1392.  860.  860.  860. 1392. 1392. 1392. 1392. 1392. 1392.
 1392. 1392. 1392. 1392. 1392.  860.  860.  860. 1392. 1392.   28.   28.
   28.   28. 
   28.   28.   28.   28.   28.   28.   28.   28.   28.   28.   28.   28.
   28.   28.   28.   28.   28.   28.   28.  860.  860.  860. 1392. 1392.
 1392. 1392. 
 1392. 1392. 1392. 1392. 1392. 1392.  860.  860. 1392. 1392. 1392. 1392.
 1392. 1392. 1392. 1392.  860.  860. 1392. 1392.  860.  860.  860.  860.
  860.  860. 
  860.  860. 1392. 1392.  860.  860.  860. 1392.   28.   28.   28.   28.
   28.   28.   28.   28.   28.   28.   28.   28.   28.   28.   28.   28.
   28.   28. 
   28.   28.   28.   28.   28.   28.  860.  860.  860.  860.  860.  860.
 1392. 1392. 1392. 1392. 1392. 1392. 1392.  860.  860.  860.  860.  860.
  860. 1392. 
 1392. 1392.  860.  860.  860.  860.  860.  860.  860.  860.  860.  860.
  860.  860.  860.  860. 1392.  860.  860.  860.   28.   28.   28.   28.
   28.   28. 
  28.  28.  28.  28.  28.  28.  28.  28.  28.  28.  28.  28.  28.  28.
  28.  28.  28.  28.  28.  28.  28. 860. 860. 860. 860. 860. 
  860. 1392. 1392. 1392. 1392. 1392.  860.  860.   28.  860.  860.  860.
 1392. 1392. 1392.  860.  860.  860. 1392. 1392. 1392. 1392. 1392. 1392.
 1392. 1392. 
  860.  860. 1392. 1392.  860.  860.   28.   28.   28.   28.   28.   28.
   28.   28.   28.   28.   28.   28.   28.   28.   28.   28.   28.   28.
   28.   28. 
   28.   28.   28.   28.   28.   28.   28.   28.   28.   28.   28.  860.
  860.  860. 1392. 1392. 1392. 1392. 1392.  860.  860.   28.  860.  860.
 1392. 1392. 
 1392. 1392. 1392. 1392. 1392. 1392. 1392. 1392. 1392. 1392. 1392. 1392.
 1392.  860.  860. 1392. 1392. 1392.   28.   28.   28.   28.   28.   28.
   28.   28. 
  28.  28.  28.  28.  28.  28.  28.  28.  28.  28.  28.  28.  28.  28.
  28.  28.  28.  28.  28.  28.  28.  28.  28.  28.  28. 860. 
  860. 1392. 1392. 1392. 1392.  860.  860.  860.  860.  860.  860. 1392.
 1392. 1392. 1392. 1392. 1392. 1392.  860.  860. 1392.  860. 1392. 1392.
 1392.  860. 
  860. 1392. 1392. 1392.   28.   28.   28.   28.   28.   28.   28.   28.
   28.   28.   28.   28.   28.   28.   28.   28.   28.   28.   28.   28.
   28.   28. 
   28.   28.   28.   28.   28.   28.   28.   28.   28.   28.   28.   28.
  860.  860. 1392. 1392. 1392. 1392.  860.  860.  860.  860.  860.  860.
  860.  860. 
 1392. 1392.  860.  860.  860.  860.  860.  860.  860. 1392. 1392.  860.
  860.  860. 1392. 1392.   28.   28.   28.   28.   28.   28.   28.   28.
   28.   28. 
  28.  28.  28.  28.  28.  28.  28.  28.  28.  28.  28.  28.  28.  28.
  28.  28.  28.  28.  28.  28.  28.  28.  28.  28.  28. 860. 
  860.  860. 1392. 1392. 1392. 1392.  860.  860.  860.  860.  860.  860.
  860.  860.  860.  860.  860.   28.  860.  860.  860. 1392. 1392. 1392.
  860.  860. 
  860. 1392.  860.  860.  860.  860.  860.  860.   28.   28.   28.   28.
   28.   28.   28.   28.   28.   28.   28.   28.   28.   28.   28.   28.
   28.   28. 
   28.   28.   28.   28.   28.   28.   28.   28.   28.   28.   28.   28.
  860.  860.  860. 1392. 1392. 1392. 1392. 1392. 1392. 1392. 1392. 1392.
  860.  860. 
  860.   28.   28.   28.   28.   28.  860.  860. 1392. 1392.  860.  860.
  860.  860. 1392. 1392. 1392. 1392.  860.  860.  860.  860.   28.   28.
   28.   28. 
  28.  28.  28.  28.  28.  28.  28.  28.  28.  28.  28.  28.  28.  28.
  28.  28.  28.  28.  28.  28.  28.  28.  28.  28.  28. 860. 
  860.  860. 1392. 1392. 1392. 1392. 1392. 1392. 1392. 1392. 1392.  860.
  860.  860.   28.   28.   28.   28.  860.  860. 1392. 1392.  860.  860.
  860.  860. 
 1392. 1392. 1392. 1392. 1392. 1392.  860.  860.  860.   28.   28.   28.
   28.   28.   28.   28.   28.   28.   28.   28.   28.   28.   28.   28.
   28.   28. 
   28.   28.   28.   28.   28.   28.   28.   28.   28.   28.   28.   28.
   28.  860.  860.  860.  860.  860. 1392. 1392. 1392. 1392. 1392. 1392.
 1392.  860. 
  860.   28.   28.   28.  860.  860. 1392. 1392. 1392. 1392. 1392. 1392.
 1392. 1392. 1392. 1392. 1392. 1392. 1392.  860.  860.   28.   28.   28.
   28.   28. 
 28. 28. 28. 28. 28. 28. 28. 28. 28. 28. 28. 28. 28. 28. 28. 28. 28. 28.
 28. 28. 28. 28. 28. 28. 28. 28. 
  860.  860.  860.  860.  860.  860. 1392. 1392. 1392. 1392. 1392. 1392.
  860.  860.   28.   28.  860.  860. 1392. 1392. 1392. 1392. 1392. 1392.
  860.  860. 
  860.  860.  860. 1392. 1392. 1392.  860.  860.   28.   28.   28.   28.
   28.   28.   28.   28.   28.   28.   28.   28.   28.   28.   28.   28.
   28.   28. 
   28.   28.   28.   28.   28.   28.   28.   28.   28.   28.   28.   28.
   28.   28.   28.   28.  860.  860.  860.  860. 1392. 1392. 1392. 1392.
  860.  860. 
   28.   28.   28.  860.  860. 1392. 1392. 1392.  860. 1392.   28.   28.
   28.  860.  860. 1392. 1392. 1392. 1392.  860.  860.   28.   28.   28.
   28.   28. 
 28. 28. 28. 28. 28. 28. 28. 28. 28. 28. 28. 28. 28. 28. 28. 28. 28. 28.
 28. 28. 28. 28. 28. 28. 28. 28. 
   28.   28.   28.   28.  860.  860.  860. 1392. 1392. 1392. 1392.  860.
  860.   28.   28.  860.  860.  860.  860.  860.  860.  860.   28.   28.
   28.   28. 
  860.  860. 1392. 1392. 1392.  860.  860.  860.  860.   28.   28.   28.
   28.   28.   28.   28.   28.   28.   28.   28.   28.   28.   28.   28.
   28.   28. 
   28.   28.   28.   28.   28.   28.   28.   28.   28.   28.   28.   28.
   28.   28.   28.   28.   28.   28.  860.  860. 1392. 1392. 1392.  860.
  860.   28. 
   28.   28.   28.   28.  860.   28.   28.   28.   28.   28.   28.   28.
  860.  860. 1392. 1392. 1392. 1392. 1392.  860.  860.  860.  860.  860.
  860.  860. 
 860. 860. 860. 860. 860. 860. 860. 860. 860.  28.  28.  28.  28.  28.
  28.  28.  28.  28.  28.  28.  28.  28.  28.  28.  28.  28. 
   28.   28.   28.   28.  860.  860. 1392. 1392. 1392. 1392.  860.  860.
   28.   28.   28.   28.   28.   28.   28.   28.   28.   28.   28.   28.
   28.  860. 
  860.  860. 1392. 1392. 1392. 1392. 1392.  860.  860.  860. 1392. 1392.
 1392. 1392. 1392. 1392. 1392. 1392. 1392.  860.  860.  860.  860.  860.
  860.  860. 
  860.  860.  860.  860.  860.  860.   28.   28.   28.   28.   28.   28.
   28.   28.   28.   28.   28.  860.  860. 1392. 1392. 1392.  860.  860.
   28.   28. 
   28.   28.   28.   28.   28.   28.   28.   28.   28.   28.   28.   28.
  860.  860.  860. 1392. 1392. 1392. 1392. 1392. 1392. 1392. 1392. 1392.
 1392. 1392. 
 1392. 1392. 1392. 1392. 1392. 1392. 1392. 1392. 1392. 1392.  860. 1392.
  860. 1392. 1392. 1392. 1392.  860.  860.  860.   28.   28.   28.   28.
   28.   28. 
   28.   28.   28.  860.  860. 1392. 1392. 1392. 1392.  860.   28.   28.
   28.   28.   28.   28.   28.   28.   28.   28.   28.   28.   28.   28.
   28.   28. 
  860.  860.  860. 1392. 1392. 1392. 1392. 1392. 1392. 1392. 1392. 1392.
 1392. 1392. 1392. 1392. 1392. 1392. 1392. 1392. 1392. 1392. 1392. 1392.
 1392. 1392. 
 1392. 1392. 1392. 1392. 1392.  860.  860.   28.   28.   28.   28.   28.
   28.   28.   28.   28.  860. 1392. 1392. 1392. 1392.  860.  860.   28.
   28.   28. 
   28.   28.   28.   28.   28.   28.   28.   28.   28.   28.   28.   28.
   28.  860.  860.  860.  860. 1392. 1392. 1392.  860.  860.  860.  860.
  860.  860. 
  860.  860. 1392. 1392. 1392. 1392. 1392. 1392. 1392. 1392. 1392. 1392.
 1392. 1392. 1392. 1392. 1392. 1392.  860.  860.  860.   28.   28.   28.
   28.   28. 
   28.   28.  860.  860. 1392. 1392. 1392.  860.  860.   28.   28.   28.
   28.   28.   28.   28.   28.   28.   28.   28.   28.   28.   28.   28.
   28.   28. 
   28.  860.  860.  860.  860.  860.  860.  860.   28.   28.   28.   28.
   28.  860.  860.  860.  860.  860.  860. 1392. 1392. 1392.  860.  860.
  860.  860. 
  860. 1392. 1392. 1392. 1392.  860.  860.  860.   28.   28.   28.   28.
   28.   28.  860.  860. 1392. 1392. 1392. 1392.  860.  860.   28.   28.
   28.   28. 
 28. 28. 28. 28. 28. 28. 28. 28. 28. 28. 28. 28. 28. 28. 28. 28. 28. 28.
 28. 28. 28. 28. 28. 28. 28. 28. 
   28.   28.   28.  860.  860.  860.  860.  860.  860.  860.  860.  860.
  860.  860.  860. 1392. 1392. 1392.  860.  860.  860.   28.   28.   28.
   28.   28. 
   28.  860.  860. 1392. 1392. 1392. 1392.  860.  860.  860.  860.  860.
  860.  860.   28.   28.   28.   28.   28.   28.   28.   28.   28.   28.
   28.   28. 
  28.  28.  28.  28.  28.  28.  28.  28.  28.  28.  28.  28.  28.  28.
  28.  28.  28.  28.  28.  28.  28.  28.  28.  28.  28. 860. 
  860. 1392. 1392. 1392. 1392. 1392.  860.  860.   28.   28.   28.  860.
  860.  860.  860. 1392. 1392. 1392. 1392. 1392. 1392. 1392. 1392. 1392.
  860.  860. 
 28. 28. 28. 28. 28. 28. 28. 28. 28. 28. 28. 28. 28. 28. 28. 28. 28. 28.
 28. 28. 28. 28. 28. 28. 28. 28. 
   28.   28.   28.   28.   28.   28.   28.   28.   28.   28.   28.   28.
  860.  860.  860. 1392. 1392. 1392.  860.  860.  860.  860.  860.  860.
  860.  860. 
  860.  860.  860. 1392. 1392. 1392. 1392. 1392. 1392. 1392. 1392. 1392.
   28.   28.   28.   28.   28.   28.   28.   28.   28.   28.   28.   28.
   28.   28. 
  28.  28.  28.  28.  28.  28.  28.  28.  28.  28.  28.  28.  28.  28.
  28.  28.  28.  28.  28.  28.  28.  28.  28.  28.  28. 860. 
  860. 1392. 1392. 1392. 1392. 1392. 1392. 1392. 1392. 1392. 1392. 1392.
 1392.  860.  860.  860. 1392. 1392. 1392. 1392. 1392. 1392. 1392. 1392.
   28.   28. 
 28. 28. 28. 28. 28. 28. 28. 28. 28. 28. 28. 28. 28. 28. 28. 28. 28. 28.
 28. 28. 28. 28. 28. 28. 28. 28. 
   28.   28.   28.   28.   28.   28.   28.   28.   28.   28.   28.   28.
  860.  860.  860. 1392. 1392. 1392. 1392. 1392. 1392. 1392. 1392. 1392.
 1392. 1392. 
 1392.  860.  860.  860.  860.  860.  860.  860. 1392. 1392.   28.   28.
   28.   28.   28.   28.   28.   28.   28.   28.   28.   28.   28.   28.
   28.   28. 
  28.  28.  28.  28.  28.  28.  28.  28.  28.  28.  28.  28.  28.  28.
  28.  28.  28.  28.  28.  28.  28.  28.  28.  28.  28. 860. 
  860.  860. 1392. 1392. 1392. 1392. 1392. 1392. 1392. 1392. 1392. 1392.
 1392.  860.  860.   28.   28.  860.  860.  860.  860.  860.   28.   28.
   28.   28. 
 28. 28. 28. 28. 28. 28. 28. 28. 28. 28. 28. 28. 28. 28. 28. 28. 28. 28.
 28. 28. 28. 28. 28. 28. 28. 28. 
   28.   28.   28.   28.   28.   28.   28.   28.   28.   28.   28.   28.
   28.  860.  860.  860.  860.  860.  860.  860.  860.  860. 1392. 1392.
 1392. 1392. 
 860.  28.  28.  28.  28.  28.  28. 860.  28.  28.  28.  28.  28.  28.
  28.  28.  28.  28.  28.  28.  28.  28.  28.  28.  28.  28. 
 28. 28. 28. 28. 28. 28. 28. 28. 28. 28. 28. 28. 28. 28. 28. 28. 28. 28.
 28. 28. 28. 28. 28. 28. 28. 28. 
   28.  860.  860.  860.   28.   28.   28.  860. 1392. 1392. 1392. 1392.
  860.   28.   28.   28.   28.   28.   28.   28.   28.   28.   28.   28.
   28.   28. 
 28. 28. 28. 28. 28. 28. 28. 28. 28. 28. 28. 28. 28. 28. 28. 28. 28. 28.
 28. 28. 28. 28. 28. 28. 28. 28. 
   28.   28.   28.   28.   28.   28.   28.   28.   28.   28.   28.   28.
   28.   28.   28.   28.   28.   28.   28.  860.  860. 1392. 1392. 1392.
  860.  860. 
 28. 28. 28. 28. 28. 28. 28. 28. 28. 28. 28. 28. 28. 28. 28. 28. 28. 28.
 28. 28. 28. 28. 28. 28. 28. 28. 
 28. 28. 28. 28. 28. 28. 28. 28. 28. 28. 28. 28. 28. 28. 28. 28. 28. 28.
 28. 28. 28. 28. 28. 28. 28. 28. 
   28.   28.   28.   28.   28.  860.  860. 1392. 1392. 1392.  860.  860.
  860.   28.   28.   28.   28.  860.   28.   28.   28.   28.   28.   28.
   28.   28. 
 28. 28. 28. 28. 28. 28. 28. 28. 28. 28. 28. 28. 28. 28. 28. 28. 28. 28.
 28. 28. 28. 28. 28. 28. 28. 28. 
   28.   28.   28.   28.   28.   28.   28.   28.   28.   28.   28.   28.
   28.   28.   28.   28.   28.  860.  860. 1392. 1392. 1392. 1392.  860.
  860.  860. 
 860. 860. 860. 860.  28.  28.  28.  28.  28.  28.  28.  28.  28.  28.
  28.  28.  28.  28.  28.  28.  28.  28.  28.  28.  28.  28. 
 28. 28. 28. 28. 28. 28. 28. 28. 28. 28. 28. 28. 28. 28. 28. 28. 28. 28.
 28. 28. 28. 28. 28. 28. 28. 28. 
   28.   28.   28.   28.  860.  860. 1392. 1392. 1392. 1392.  860.  860.
  860.  860. 1392. 1392.   28.   28.   28.   28.   28.   28.   28.   28.
   28.   28. 
 28. 28. 28. 28. 28. 28. 28. 28. 28. 28. 28. 28. 28. 28. 28. 28. 28. 28.
 28. 28. 28. 28. 28. 28. 28. 28. 
   28.   28.   28.   28.   28.   28.   28.   28.   28.   28.   28.   28.
   28.   28.   28.   28.  860.  860. 1392. 1392. 1392. 1392. 1392. 1392.
 1392. 1392. 
 1392. 1392.  860.   28.   28.   28.   28.   28.  860.  860.  860.  860.
  860.  860.  860.  860.   28.   28.   28.   28.   28.   28.   28.   28.
   28.   28. 
 28. 28. 28. 28. 28. 28. 28. 28. 28. 28. 28. 28. 28. 28. 28. 28. 28. 28.
 28. 28. 28. 28. 28. 28. 28. 28. 
   28.   28.   28.  860.  860.  860. 1392. 1392. 1392. 1392. 1392. 1392.
 1392. 1392.  860.  860.   28.   28.   28.  860.  860.  860.  860.  860.
  860. 1392. 
 860. 860. 860. 860.  28.  28.  28.  28.  28.  28.  28.  28.  28.  28.
  28.  28.  28.  28.  28.  28.  28.  28.  28.  28.  28.  28. 
   28.   28.   28.   28.   28.   28.   28.   28.   28.   28.   28.   28.
   28.   28.   28.   28.  860.  860.  860. 1392. 1392. 1392. 1392. 1392.
 1392.  860. 
  860.  860.  860.  860.  860.  860.  860. 1392. 1392. 1392. 1392. 1392.
 1392. 1392.  860.  860.  860.   28.   28.   28.   28.   28.   28.   28.
   28.   28. 
 28. 28. 28. 28. 28. 28. 28. 28. 28. 28. 28. 28. 28. 28. 28. 28. 28. 28.
 28. 28. 28. 28. 28. 28. 28. 28. 
   28.   28.   28.  860.  860.  860.  860.  860.  860.  860.  860.  860.
 1392. 1392.  860.  860.  860. 1392. 1392. 1392. 1392. 1392. 1392. 1392.
 1392. 1392. 
 1392. 1392.  860.  860.   28.   28.   28.   28.   28.   28.   28.   28.
   28.   28.   28.   28.   28.   28.   28.   28.   28.   28.   28.   28.
   28.   28. 
   28.   28.   28.   28.   28.   28.   28.   28.   28.   28.   28.   28.
   28.   28.   28.   28.   28.   28.  860.  860.   28.   28.   28.   28.
 1392. 1392. 
 1392. 1392. 1392. 1392. 1392. 1392. 1392.  860.  860.  860.  860. 1392.
 1392. 1392. 1392.  860.  860.  860.  860.  860.  860.  860.  860.  860.
   28.   28. 
 28. 28. 28. 28. 28. 28. 28. 28. 28. 28. 28. 28. 28. 28. 28. 28. 28. 28.
 28. 28. 28. 28. 28. 28. 28. 28. 
   28.   28.   28.   28.   28.   28.   28.   28.   28.   28. 1392. 1392.
 1392. 1392. 1392. 1392. 1392. 1392.  860.  860.  860.  860.  860.  860.
 1392. 1392. 
 1392. 1392. 1392. 1392. 1392. 1392. 1392.  860.  860.  860.  860.  860.
  860.   28.   28.   28.   28.   28.   28.   28.   28.   28.   28.   28.
   28.   28. 
   28.   28.   28.   28.   28.   28.   28.   28.   28.   28.   28.   28.
   28.   28.   28.   28.   28.   28.   28.   28.   28.   28.  860.  860.
 1392. 1392. 
 1392. 1392.  860.  860.  860.   28.   28.   28.  860.  860.  860. 1392.
 1392. 1392. 1392. 1392. 1392. 1392. 1392. 1392. 1392. 1392. 1392.  860.
  860.  860. 
 28. 28. 28. 28. 28. 28. 28. 28. 28. 28. 28. 28. 28. 28. 28. 28. 28. 28.
 28. 28. 28. 28. 28. 28. 28. 28. 
  28.  28.  28.  28.  28.  28.  28.  28. 860. 860. 860. 860. 860. 860.
 860.  28.  28.  28.  28.  28.  28.  28. 860. 860. 860. 860. 
 1392. 1392. 1392. 1392. 1392. 1392. 1392. 1392. 1392. 1392.  860.  860.
  860.   28.   28.   28.   28.   28.   28.   28.   28.   28.   28.   28.
   28.   28. 
   28.   28.   28.   28.   28.   28.   28.   28.   28.   28.   28.   28.
   28.   28.   28.   28.   28.   28.   28.   28. 1392.  860.  860.  860.
  860.   28. 
   28.   28.   28.   28.   28.   28.   28.   28.   28.   28.  860.  860.
  860.  860.  860.  860.  860.  860. 1392. 1392. 1392. 1392. 1392.  860.
  860.   28. 
 28. 28. 28. 28. 28. 28. 28. 28. 28. 28. 28. 28. 28. 28. 28. 28. 28. 28.
 28. 28. 28. 28. 28. 28. 28. 28. 
   28.   28.   28.   28.   28.   28. 1392. 1392. 1392.  860.  860.  860.
  860.  860.   28.   28.   28.   28.   28.   28.   28.   28.   28.   28.
   28.   28. 
  860.  860.  860.  860.  860.  860. 1392. 1392. 1392. 1392.  860.  860.
  860.   28.   28.   28.   28.   28.   28.   28.   28.   28.   28.   28.
   28.   28. 
   28.   28.   28.   28.   28.   28.   28.   28.   28.   28.   28.   28.
   28.   28.   28.   28.   28.   28. 1392. 1392. 1392. 1392. 1392. 1392.
 1392.  860. 
  860.  860.   28.   28.   28.   28.   28.   28.   28.   28.   28.   28.
   28.   28.   28.   28.   28.  860.  860. 1392. 1392. 1392. 1392.  860.
  860.  860. 
 28. 28. 28. 28. 28. 28. 28. 28. 28. 28. 28. 28. 28. 28. 28. 28. 28. 28.
 28. 28. 28. 28. 28. 28. 28. 28. 
   28.   28.   28.   28. 1392. 1392. 1392. 1392. 1392. 1392. 1392. 1392.
 1392.  860.  860.  860.  860.  860.  860.   28.   28.  860.  860.  860.
  860.   28. 
   28.   28.   28.   28.  860.  860. 1392. 1392. 1392. 1392.  860.  860.
   28.   28.   28.   28.   28.   28.   28.   28.   28.   28.   28.   28.
   28.   28. 
   28.   28.   28.   28.   28.   28.   28.   28.   28.   28.   28.   28.
   28.   28.   28.   28.  860.  860.  860. 1392. 1392. 1392. 1392. 1392.
 1392. 1392. 
 1392.  860.  860.  860.  860.  860.  860.  860.  860.  860.  860.  860.
  860.  860.  860.  860.  860.  860.  860. 1392. 1392. 1392. 1392.  860.
  860.   28. 
 28. 28. 28. 28. 28. 28. 28. 28. 28. 28. 28. 28. 28. 28. 28. 28. 28. 28.
 28. 28. 28. 28. 28. 28. 28. 28. 
   28.   28.   28.  860.  860.  860.  860. 1392. 1392. 1392. 1392. 1392.
 1392. 1392. 1392. 1392. 1392. 1392. 1392. 1392. 1392. 1392. 1392. 1392.
 1392. 1392. 
 1392.  860.  860.  860.  860.  860. 1392. 1392. 1392. 1392.  860.   28.
   28.   28.   28.   28.   28.   28.   28.   28.   28.   28.   28.   28.
   28.   28. 
 28. 28. 28. 28. 28. 28. 28. 28. 28. 28. 28. 28. 28. 28. 
/