PERMI
   25.   25.   25.   25.   25.   25.   25.   25.   25.   25.   25.   25.
   25. 1676. 1676. 2711. 2711. 2711. 1676. 1676.   25.   25.   25.   25.
   25.   25. 
 25. 25. 25. 25. 25. 25. 25. 25. 25. 25. 25. 25. 25. 25. 25. 25. 25. 25.
 25. 25. 25. 25. 25. 25. 25. 25. 
   25. 1676. 1676. 2711. 2711. 2711. 2711. 1676. 1676.   25.   25. 1676.
   25.   25.   25.   25.   25.   25.   25.   25.   25.   25.   25.   25.
   25. 1676. 
 1676. 2711. 2711. 2711. 2711. 1676. 1676.   25.   25.   25.   25.   25.
   25.   25.   25.   25.   25.   25.   25.   25.   25.   25.   25.   25.
   25.   25. 
   25.   25.   25.   25.   25.   25.   25.   25.   25.   25.   25.   25.
   25.   25. 1676. 1676. 2711. 2711. 2711. 2711. 1676. 1676. 1676. 1676.
   25.   25. 
   25.   25.   25.   25.   25.   25.   25.   25.   25.   25.   25.   25.
 1676. 1676. 2711. 2711. 2711. 2711. 1676. 1676.   25.   25.   25.   25.
   25.   25. 
 25. 25. 25. 25. 25. 25. 25. 25. 25. 25. 25. 25. 25. 25. 25. 25. 25. 25.
 25. 25. 25. 25. 25. 25. 25. 25. 
   25. 1676. 1676. 2711. 2711. 2711. 2711. 1676. 1676. 2711.   25.   25.
   25.   25.   25.   25.   25.   25.   25.   25.   25.   25.   25. 1676.
 1676. 1676. 
 1676. 2711. 2711. 2711. 1676. 1676.   25.   25.   25.   25.   25.   25.
   25.   25.   25.   25.   25.   25.   25.   25.   25.   25.   25.   25.
   25.   25. 
   25.   25.   25.   25.   25.   25.   25.   25.   25.   25.   25.   25.
   25.   25. 1676. 1676. 2711. 2711. 1676. 1676. 2711. 2711.   25.   25.
   25.   25. 
   25.   25.   25.   25. 1676. 1676. 1676. 1676. 1676. 1676. 1676. 1676.
 1676. 1676. 2711. 2711. 2711. 1676.   25.   25.   25.   25.   25.   25.
   25.   25. 
 25. 25. 25. 25. 25. 25. 25. 25. 25. 25. 25. 25. 25. 25. 25. 25. 25. 25.
 25. 25. 25. 25. 25. 25. 25. 25. 
   25. 1676. 1676. 1676. 1676. 2711. 2711. 2711.   25.   25.   25.   25.
   25.   25.   25.   25. 1676. 1676. 2711. 2711. 2711. 2711. 2711. 2711.
 2711. 2711. 
 2711. 2711. 1676. 1676.   25.   25.   25.   25.   25.   25.   25.   25.
   25.   25.   25.   25.   25.   25.   25.   25.   25.   25.   25.   25.
   25.   25. 
   25.   25.   25.   25.   25.   25.   25.   25.   25.   25.   25.   25.
   25.   25. 1676. 1676. 2711. 2711. 2711. 2711.   25.   25.   25.   25.
   25.   25. 
   25. 1676. 1676. 2711. 2711. 2711. 2711. 2711. 2711. 2711. 2711. 2711.
 2711. 2711. 1676.   25.   25.   25.   25.   25.   25.   25.   25.   25.
   25.   25. 
   25.   25.   25.   25.   25.   25.   25.   25.   25.   25.   25.   25.
   25.   25.   25.   25.   25.   25.   25.   25.   25.   25.   25. 1676.
 1676. 1676. 
 1676. 2711. 2711. 2711. 2711. 1676.   25.   25.   25.   25.   25.   25.
   25. 1676. 2711. 2711. 2711. 2711. 2711. 2711. 2711. 2711. 2711. 2711.
 1676. 1676. 
 1676.   25.   25.   25.   25.   25.   25.   25.   25.   25.   25.   25.
   25.   25.   25.   25.   25.   25.   25.   25.   25.   25.   25.   25.
   25.   25. 
   25.   25.   25.   25.   25.   25.   25. 1676. 1676. 1676. 1676. 1676.
 1676. 2711. 2711. 2711. 1676. 1676.   25.   25.   25.   25.   25.   25.
   25. 1676. 
 2711. 2711. 2711. 1676. 1676. 1676. 1676. 1676. 1676. 1676. 1676. 1676.
   25.   25.   25.   25.   25.   25.   25.   25.   25.   25.   25.   25.
   25.   25. 
   25.   25.   25.   25.   25.   25.   25.   25.   25.   25.   25.   25.
   25.   25.   25.   25.   25.   25. 1676. 1676. 1676. 2711. 2711. 2711.
 1676. 2711. 
 2711. 2711. 1676.   25.   25.   25.   25.   25.   25.   25.   25. 1676.
 2711. 2711. 2711. 1676. 1676. 2711. 2711. 2711. 2711. 1676. 1676.   25.
   25.   25. 
 25. 25. 25. 25. 25. 25. 25. 25. 25. 25. 25. 25. 25. 25. 25. 25. 25. 25.
 25. 25. 25. 25. 25. 25. 25. 25. 
   25.   25.   25.   25. 1676. 1676. 2711. 2711. 2711. 2711. 1676. 2711.
 2711. 2711. 1676. 1676.   25.   25.   25.   25.   25.   25.   25. 1676.
 2711. 2711. 
 2711. 1676. 1676. 2711. 2711. 1676. 1676. 1676.   25.   25.   25.   25.
   25.   25.   25.   25.   25.   25.   25.   25.   25.   25.   25.   25.
   25.   25. 
   25.   25.   25.   25.   25.   25.   25.   25.   25.   25.   25.   25.
   25.   25.   25.   25. 1676. 1676. 2711. 2711. 2711. 1676. 1676. 1676.
 2711. 2711. 
 2711. 1676.   25.   25.   25.   25.   25.   25.   25. 1676. 2711. 2711.
 2711. 1676. 1676. 2711. 1676. 1676.   25.   25.   25.   25.   25.   25.
   25.   25. 
 25. 25. 25. 25. 25. 25. 25. 25. 25. 25. 25. 25. 25. 25. 25. 25. 25. 25.
 25. 25. 25. 25. 25. 25. 25. 25. 
   25.   25. 1676. 2711. 2711. 2711. 1676. 1676. 1676. 1676. 2711. 2711.
 2711. 1676.   25.   25.   25.   25.   25.   25.   25. 1676. 2711. 2711.
 2711. 1676. 
 1676. 1676. 1676.   25.   25.   25.   25.   25.   25.   25.   25.   25.
   25.   25.   25.   25.   25.   25.   25.   25.   25.   25.   25.   25.
   25.   25. 
   25.   25.   25.   25.   25.   25.   25.   25.   25.   25.   25.   25.
   25.   25. 1676. 2711. 2711. 2711. 1676.   25.   25.   25. 1676. 2711.
 2711. 2711. 
   25.   25.   25.   25.   25.   25.   25. 1676. 1676. 2711. 2711. 2711.
 1676.   25.   25.   25.   25.   25.   25.   25.   25.   25.   25.   25.
   25.   25. 
 25. 25. 25. 25. 25. 25. 25. 25. 25. 25. 25. 25. 25. 25. 25. 25. 25. 25.
 25. 25. 25. 25. 25. 25. 25. 25. 
 1676. 1676. 2711. 2711. 1676. 1676.   25.   25. 1676. 2711. 2711. 2711.
   25.   25.   25.   25.   25.   25. 1676. 1676. 2711. 2711. 2711. 1676.
 1676.   25. 
 25. 25. 25. 25. 25. 25. 25. 25. 25. 25. 25. 25. 25. 25. 25. 25. 25. 25.
 25. 25. 25. 25. 25. 25. 25. 25. 
   25.   25.   25.   25.   25.   25.   25.   25.   25.   25.   25.   25.
 1676. 1676. 2711. 2711. 2711. 1676. 1676.   25.   25. 1676. 2711. 2711.
   25.   25. 
   25.   25. 1676. 1676. 1676. 2711. 2711. 2711. 2711. 1676. 1676.   25.
   25.   25.   25.   25.   25.   25.   25.   25.   25.   25.   25.   25.
   25.   25. 
   25.   25.   25.   25.   25.   25.   25.   25.   25.   25.   25.   25.
   25.   25.   25.   25.   25.   25.   25.   25.   25.   25.   25.   25.
   25. 1676. 
 1676. 2711. 2711. 2711. 1676.   25.   25. 1676. 2711. 2711.   25.   25.
   25. 1676. 1676. 1676. 2711. 2711. 2711. 2711. 1676. 1676. 1676.   25.
   25.   25. 
 25. 25. 25. 25. 25. 25. 25. 25. 25. 25. 25. 25. 25. 25. 25. 25. 25. 25.
 25. 25. 25. 25. 25. 25. 25. 25. 
   25.   25.   25.   25.   25.   25.   25.   25.   25.   25.   25. 1676.
 1676. 2711. 2711. 2711. 1676. 1676.   25. 1676. 2711. 2711.   25.   25.
 1676. 1676. 
 2711. 2711. 2711. 2711. 1676. 1676. 1676. 2711. 1676. 1676.   25.   25.
   25.   25.   25.   25.   25.   25.   25.   25.   25.   25.   25.   25.
   25.   25. 
   25.   25.   25.   25.   25.   25.   25.   25.   25.   25.   25.   25.
   25.   25.   25.   25.   25.   25.   25.   25.   25.   25.   25.   25.
 1676. 2711. 
 2711. 2711. 1676. 1676. 1676. 2711. 2711. 2711.   25. 1676. 1676. 2711.
 2711. 2711. 2711. 1676. 1676. 1676. 2711. 2711. 2711. 1676.   25.   25.
   25.   25. 
 25. 25. 25. 25. 25. 25. 25. 25. 25. 25. 25. 25. 25. 25. 25. 25. 25. 25.
 25. 25. 25. 25. 25. 25. 25. 25. 
   25.   25.   25.   25.   25.   25.   25.   25.   25. 1676. 1676. 2711.
 2711. 2711. 1676. 1676. 2711. 2711. 2711. 2711. 1676. 1676. 2711. 2711.
 2711. 2711. 
 1676. 1676.   25. 1676. 1676. 2711. 2711. 1676. 1676.   25.   25.   25.
   25.   25.   25.   25.   25.   25.   25.   25.   25.   25.   25.   25.
   25.   25. 
   25.   25.   25.   25.   25.   25.   25.   25.   25.   25.   25.   25.
   25.   25.   25.   25.   25. 1676. 1676. 1676. 1676. 1676. 2711. 2711.
 2711. 1676. 
 1676. 2711. 2711. 2711. 2711. 1676. 1676. 2711. 2711. 2711. 1676. 1676.
 1676.   25.   25. 1676. 1676. 2711. 2711. 1676. 1676.   25.   25.   25.
   25.   25. 
 25. 25. 25. 25. 25. 25. 25. 25. 25. 25. 25. 25. 25. 25. 25. 25. 25. 25.
 25. 25. 25. 25. 25. 25. 25. 25. 
   25. 1676. 1676. 1676. 1676. 1676. 2711. 2711. 2711. 2711. 2711. 1676.
 2711. 2711. 2711. 2711. 1676. 1676. 1676. 2711. 2711. 2711. 1676.   25.
   25.   25. 
   25. 1676. 1676. 2711. 2711. 1676. 1676.   25.   25.   25.   25.   25.
   25.   25.   25.   25.   25.   25.   25.   25.   25.   25.   25.   25.
   25.   25. 
   25.   25.   25.   25.   25.   25.   25.   25.   25.   25.   25.   25.
   25. 1676. 1676. 2711. 2711. 2711. 2711. 2711. 2711. 2711. 1676. 2711.
 2711. 2711. 
 2711. 1676.   25.   25. 1676. 2711. 2711. 2711. 1676.   25.   25. 1676.
 1676. 1676. 2711. 2711. 2711. 1676. 1676.   25.   25.   25.   25.   25.
   25.   25. 
   25.   25.   25.   25.   25.   25.   25.   25.   25.   25.   25.   25.
   25.   25.   25.   25.   25.   25.   25.   25.   25.   25.   25.   25.
 1676. 1676. 
 2711. 2711. 2711. 2711. 2711. 2711. 1676. 1676. 1676. 2711. 2711. 2711.
 1676.   25.   25.   25. 1676. 2711. 2711. 2711. 1676. 1676. 1676. 1676.
 2711. 2711. 
 2711. 2711. 2711. 1676.   25.   25.   25.   25.   25.   25.   25.   25.
   25.   25.   25.   25.   25.   25.   25.   25.   25.   25.   25.   25.
   25.   25. 
   25.   25.   25.   25.   25.   25.   25.   25.   25.   25. 1676. 2711.
 2711. 2711. 2711. 2711. 1676. 1676. 1676. 1676. 1676. 2711. 2711. 1676.
 1676.   25. 
   25.   25. 1676. 2711. 2711. 2711. 1676. 2711. 2711. 2711. 2711. 2711.
 2711. 2711. 1676. 1676.   25.   25.   25.   25.   25.   25.   25.   25.
   25.   25. 
   25.   25.   25.   25.   25.   25.   25.   25.   25.   25.   25.   25.
   25.   25.   25.   25.   25.   25.   25.   25.   25. 1676. 1676. 2711.
 2711. 2711. 
 2711. 1676. 1676. 1676.   25.   25. 1676. 2711. 2711. 2711. 1676.   25.
   25.   25. 1676. 2711. 2711. 2711. 1676. 2711. 2711. 2711. 2711. 1676.
 1676. 1676. 
 1676.   25.   25.   25.   25.   25.   25.   25.   25.   25.   25.   25.
   25.   25.   25.   25.   25.   25.   25.   25.   25.   25.   25.   25.
   25.   25. 
   25.   25.   25.   25.   25.   25.   25. 1676. 1676. 2711. 2711. 2711.
 1676. 1676.   25.   25.   25.   25. 1676. 1676. 2711. 2711. 1676. 1676.
   25.   25. 
 1676. 2711. 2711. 2711. 1676. 1676. 1676. 1676. 1676. 1676. 1676.   25.
   25.   25.   25.   25.   25.   25.   25.   25.   25.   25.   25.   25.
   25.   25. 
   25.   25.   25.   25.   25.   25.   25.   25.   25.   25.   25.   25.
   25.   25.   25.   25.   25.   25.   25.   25. 1676. 2711. 2711. 2711.
 1676. 1676. 
   25.   25.   25.   25.   25. 1676. 2711. 2711. 2711. 1676. 1676. 1676.
 1676. 2711. 2711. 2711. 1676. 1676.   25.   25.   25.   25.   25.   25.
   25.   25. 
 25. 25. 25. 25. 25. 25. 25. 25. 25. 25. 25. 25. 25. 25. 25. 25. 25. 25.
 25. 25. 25. 25. 25. 25. 25. 25. 
   25.   25.   25.   25.   25.   25. 1676. 1676. 2711. 2711. 2711. 1676.
   25.   25.   25.   25.   25. 1676. 1676. 2711. 2711. 2711. 1676. 2711.
 1676. 1676. 
 2711. 2711. 2711. 1676.   25.   25.   25.   25.   25.   25.   25.   25.
   25.   25.   25.   25.   25.   25.   25.   25.   25.   25.   25.   25.
   25.   25. 
   25.   25.   25.   25.   25.   25.   25.   25.   25.   25.   25.   25.
   25.   25.   25.   25.   25.   25.   25. 1676. 2711. 2711. 2711. 1676.
 1676.   25. 
   25.   25.   25.   25. 1676. 2711. 2711. 2711. 1676. 2711. 1676. 1676.
 2711. 2711. 2711. 1676. 1676. 1676.   25.   25.   25.   25.   25.   25.
   25.   25. 
 25. 25. 25. 25. 25. 25. 25. 25. 25. 25. 25. 25. 25. 25. 25. 25. 25. 25.
 25. 25. 25. 25. 25. 25. 25. 25. 
   25.   25.   25.   25.   25. 1676. 1676. 2711. 2711. 2711. 1676.   25.
   25.   25.   25. 1676. 1676. 1676. 2711. 2711. 1676. 2711. 1676. 2711.
 2711. 2711. 
 2711. 1676. 1676. 1676. 1676.   25.   25.   25.   25.   25.   25.   25.
   25.   25.   25.   25.   25.   25.   25.   25.   25.   25.   25.   25.
   25.   25. 
   25.   25.   25.   25.   25.   25.   25.   25.   25.   25.   25.   25.
   25.   25.   25.   25.   25.   25. 1676. 2711. 2711. 1676. 1676. 1676.
 1676.   25. 
   25. 1676. 2711. 1676. 2711. 2711. 1676. 1676. 2711. 2711. 2711. 2711.
 2711. 1676. 2711. 2711. 1676. 1676.   25.   25.   25.   25.   25.   25.
   25.   25. 
 25. 25. 25. 25. 25. 25. 25. 25. 25. 25. 25. 25. 25. 25. 25. 25. 25. 25.
 25. 25. 25. 25. 25. 25. 25. 25. 
   25.   25.   25. 1676. 1676. 2711. 1676. 1676. 2711. 2711. 2711. 1676.
 1676. 1676. 1676. 1676. 2711. 2711. 1676. 1676. 2711. 2711. 2711. 2711.
 1676. 1676. 
 2711. 2711. 2711. 1676. 1676.   25.   25.   25.   25.   25.   25.   25.
   25.   25.   25.   25.   25.   25.   25.   25.   25.   25.   25.   25.
   25.   25. 
   25.   25.   25.   25.   25.   25.   25.   25.   25.   25.   25. 1676.
 1676. 1676. 1676. 1676. 2711. 2711. 1676. 2711. 2711. 2711. 2711. 2711.
 2711. 2711. 
 2711. 1676. 2711. 2711. 1676. 1676. 1676. 1676. 1676. 1676. 1676. 1676.
 2711. 2711. 2711. 2711. 1676.   25.   25.   25.   25.   25.   25.   25.
   25.   25. 
   25.   25.   25.   25.   25.   25.   25.   25.   25.   25.   25.   25.
   25.   25.   25.   25.   25.   25.   25.   25. 1676. 1676. 1676. 1676.
 1676. 1676. 
 2711. 2711. 2711. 1676. 2711. 2711. 2711. 2711. 2711. 2711. 2711. 2711.
 2711. 2711. 2711. 2711. 1676. 2711. 1676.   25.   25.   25.   25. 1676.
 1676. 2711. 
 2711. 2711. 1676. 1676.   25.   25.   25.   25.   25.   25.   25.   25.
   25.   25.   25.   25.   25.   25.   25.   25.   25.   25.   25.   25.
   25.   25. 
   25.   25.   25.   25. 1676. 1676. 1676. 1676. 2711. 2711. 2711. 2711.
 2711. 2711. 2711. 1676. 2711. 2711. 2711. 1676. 1676. 1676. 2711. 2711.
 2711. 2711. 
 2711. 1676. 1676. 2711.   25.   25.   25.   25.   25.   25. 1676. 2711.
 2711. 2711. 2711. 1676.   25.   25.   25.   25.   25.   25.   25.   25.
   25.   25. 
   25.   25.   25.   25.   25.   25.   25.   25.   25.   25.   25.   25.
   25.   25.   25. 1676. 1676. 2711. 2711. 2711. 2711. 2711. 2711. 2711.
 2711. 2711. 
 1676. 1676. 2711. 2711. 2711. 1676. 1676.   25. 1676. 1676. 1676. 1676.
 1676. 2711. 1676. 1676. 1676. 1676.   25.   25.   25. 1676. 1676. 1676.
 2711. 2711. 
 2711. 1676.   25.   25.   25.   25.   25.   25.   25.   25.   25.   25.
   25.   25.   25.   25.   25.   25.   25.   25.   25.   25.   25.   25.
   25.   25. 
   25. 1676. 1676. 2711. 2711. 2711. 2711. 2711. 2711. 2711. 1676. 1676.
 1676.   25. 1676. 2711. 2711. 2711. 1676.   25. 1676. 1676. 2711. 2711.
 2711. 1676. 
 1676. 1676. 1676. 1676. 1676. 1676. 1676. 1676. 2711. 2711. 2711. 2711.
 2711. 1676.   25.   25.   25.   25.   25.   25.   25.   25.   25.   25.
   25.   25. 
   25.   25.   25.   25.   25.   25.   25.   25.   25.   25.   25.   25.
 1676. 1676. 2711. 2711. 2711. 2711. 1676. 1676. 1676. 1676. 1676. 1676.
   25.   25. 
 1676. 2711. 2711. 2711. 1676.   25. 1676. 1676. 2711. 2711. 2711. 1676.
 1676. 1676. 2711. 2711. 1676. 1676. 2711. 2711. 2711. 2711. 2711. 2711.
 1676. 1676. 
   25.   25.   25.   25.   25.   25.   25.   25.   25.   25.   25.   25.
   25.   25.   25.   25.   25.   25.   25.   25.   25.   25.   25.   25.
 1676. 1676. 
 2711. 2711. 1676. 1676. 1676. 1676. 1676. 1676.   25.   25.   25.   25.
   25. 1676. 2711. 2711. 2711. 1676. 1676. 1676. 2711. 2711. 2711. 2711.
 1676. 1676. 
 2711. 2711. 2711. 1676. 2711. 2711. 2711. 2711. 2711. 1676. 1676.   25.
   25.   25.   25.   25.   25.   25.   25.   25.   25.   25.   25.   25.
   25.   25. 
   25.   25.   25.   25.   25.   25.   25.   25.   25.   25. 1676. 1676.
 2711. 2711. 1676. 1676.   25.   25.   25.   25.   25.   25.   25.   25.
   25. 1676. 
 2711. 2711. 2711. 1676. 1676. 1676. 2711. 2711. 2711. 2711. 1676. 1676.
 2711. 2711. 2711. 1676. 1676. 2711. 2711. 1676. 1676. 1676.   25.   25.
   25.   25. 
   25.   25.   25.   25.   25.   25.   25.   25.   25.   25.   25.   25.
   25.   25.   25.   25.   25.   25.   25.   25.   25.   25.   25. 1676.
 2711. 2711. 
 2711. 1676.   25.   25.   25.   25.   25.   25.   25.   25.   25. 1676.
 1676. 2711. 2711. 2711. 1676. 1676. 1676. 2711. 2711. 2711. 1676. 1676.
 2711. 2711. 
 2711. 1676. 1676. 1676. 1676. 1676.   25.   25.   25.   25.   25.   25.
   25.   25.   25.   25.   25.   25.   25.   25.   25.   25.   25.   25.
   25.   25. 
   25.   25.   25.   25.   25.   25.   25.   25. 1676. 1676. 2711. 2711.
 2711. 1676.   25.   25. 1676. 1676. 1676. 1676. 1676. 1676. 1676. 1676.
 2711. 2711. 
 2711. 2711. 1676. 2711. 2711. 2711. 2711. 2711. 1676. 2711. 2711. 2711.
 2711. 1676. 1676. 1676.   25.   25.   25.   25.   25.   25.   25.   25.
   25.   25. 
   25.   25.   25.   25.   25.   25.   25.   25.   25.   25.   25.   25.
   25.   25.   25.   25.   25.   25.   25.   25. 1676. 1676. 2711. 2711.
 2711. 1676. 
   25. 1676. 1676. 2711. 2711. 2711. 2711. 2711. 2711. 2711. 2711. 2711.
 2711. 2711. 1676. 2711. 2711. 2711. 2711. 1676. 1676. 2711. 2711. 2711.
 1676. 1676. 
 1676. 1676. 1676. 1676.   25.   25.   25.   25.   25.   25.   25.   25.
   25.   25.   25.   25.   25.   25.   25.   25.   25.   25.   25.   25.
   25.   25. 
   25.   25.   25.   25.   25.   25. 1676. 1676. 2711. 2711. 2711. 1676.
   25. 1676. 2711. 2711. 2711. 2711. 2711. 2711. 2711. 2711. 2711. 2711.
 2711. 1676. 
 1676. 2711. 2711. 2711. 1676. 1676. 1676. 2711. 1676. 1676. 1676. 2711.
 2711. 2711. 2711. 1676. 1676.   25.   25.   25.   25.   25.   25.   25.
   25.   25. 
   25.   25.   25.   25.   25.   25.   25.   25.   25.   25.   25.   25.
   25.   25.   25.   25.   25.   25. 1676. 1676. 2711. 2711. 1676. 1676.
   25. 1676. 
 2711. 2711. 2711. 2711. 2711. 2711. 2711. 2711. 2711. 1676. 1676. 1676.
 2711. 2711. 1676. 1676. 1676. 1676. 1676. 1676. 1676. 1676. 2711. 2711.
 2711. 2711. 
 2711. 2711. 1676.   25.   25.   25.   25.   25.   25.   25.   25.   25.
   25.   25.   25.   25.   25.   25.   25.   25.   25.   25.   25.   25.
   25.   25. 
   25.   25.   25.   25. 1676. 1676. 2711. 2711. 2711. 1676.   25. 1676.
 2711. 2711. 2711. 1676. 1676. 1676. 1676. 1676. 1676. 1676. 1676. 1676.
 1676. 1676. 
 1676. 1676. 1676. 1676.   25. 1676.   25. 1676. 1676. 1676. 1676. 2711.
 2711. 2711. 1676. 1676.   25.   25.   25.   25.   25.   25.   25.   25.
   25.   25. 
   25.   25.   25.   25.   25.   25.   25.   25.   25.   25.   25.   25.
   25.   25.   25. 1676. 1676. 2711. 2711. 2711. 1676. 1676.   25. 1676.
 2711. 2711. 
 2711. 1676. 1676. 2711. 2711. 2711. 2711. 2711. 1676. 1676. 1676. 1676.
 1676. 1676. 1676.   25.   25. 1676.   25.   25.   25. 1676. 1676. 1676.
 2711. 2711. 
 1676. 1676.   25.   25.   25.   25.   25.   25.   25.   25.   25.   25.
   25.   25.   25.   25.   25.   25.   25.   25.   25.   25.   25.   25.
   25.   25. 
 1676. 1676. 2711. 2711. 2711. 2711. 1676. 1676. 1676. 1676. 2711. 2711.
 1676. 1676. 1676. 2711. 2711. 2711. 1676. 1676. 1676. 1676. 2711. 1676.
 1676. 1676. 
   25.   25.   25.   25.   25.   25.   25. 1676. 1676. 2711. 2711. 2711.
 1676. 1676.   25.   25.   25.   25.   25.   25.   25.   25.   25.   25.
   25.   25. 
   25.   25.   25.   25.   25.   25.   25.   25.   25.   25.   25. 1676.
 1676. 2711. 2711. 2711. 2711. 1676. 1676.   25. 1676. 2711. 2711. 2711.
 1676. 1676. 
 1676. 2711. 2711. 2711. 1676. 1676. 2711. 2711. 1676. 1676.   25.   25.
   25.   25.   25.   25. 1676. 1676. 1676. 2711. 2711. 2711. 2711. 1676.
 1676.   25. 
   25.   25.   25.   25.   25.   25.   25.   25.   25.   25.   25.   25.
   25.   25.   25.   25.   25.   25.   25.   25.   25.   25. 1676. 1676.
 2711. 2711. 
 2711. 2711. 1676. 1676.   25.   25. 1676. 2711. 2711. 2711. 1676. 1676.
 1676. 2711. 2711. 2711. 1676. 1676. 1676. 2711. 2711. 1676. 1676.   25.
   25.   25. 
   25.   25. 1676. 2711. 2711. 2711. 2711. 2711. 1676. 1676.   25.   25.
   25.   25.   25.   25.   25.   25.   25.   25.   25.   25.   25.   25.
   25.   25. 
   25.   25.   25.   25.   25.   25.   25. 1676. 1676. 2711. 2711. 2711.
 2711. 1676. 1676. 1676. 1676. 1676. 1676. 2711. 2711. 2711. 1676.   25.
 1676. 1676. 
 2711. 2711. 2711. 1676. 1676. 1676. 1676. 1676. 1676. 1676. 1676. 1676.
 1676. 1676. 2711. 2711. 2711. 2711. 2711. 1676. 1676.   25.   25.   25.
   25.   25. 
   25.   25.   25.   25.   25.   25.   25.   25.   25.   25.   25.   25.
   25.   25.   25.   25.   25.   25. 1676. 1676. 2711. 2711. 2711. 1676.
 1676. 2711. 
 2711. 2711. 2711. 2711. 2711. 2711. 2711. 2711. 1676.   25. 1676. 1676.
 2711. 2711. 2711. 2711. 1676. 1676. 2711. 2711. 2711. 2711. 2711. 2711.
 2711. 2711. 
 2711. 2711. 2711. 1676. 1676.   25.   25.   25.   25.   25.   25.   25.
   25.   25.   25.   25.   25.   25.   25.   25.   25.   25.   25.   25.
   25.   25. 
   25.   25.   25. 1676. 1676. 2711. 2711. 1676. 1676. 2711. 2711. 2711.
 2711. 2711. 2711. 2711. 2711. 2711. 2711. 1676. 1676. 1676. 1676. 1676.
 1676. 2711. 
 2711. 2711. 1676. 1676. 2711. 2711. 2711. 2711. 2711. 2711. 2711. 2711.
 1676. 1676. 1676.   25.   25.   25.   25.   25.   25.   25.   25.   25.
   25.   25. 
   25.   25.   25.   25.   25.   25.   25.   25.   25.   25.   25.   25.
   25.   25.   25. 1676. 1676. 2711. 2711. 1676. 2711. 2711. 2711. 2711.
 2711. 2711. 
 2711. 2711. 2711. 2711. 1676. 1676. 1676. 1676. 1676. 1676. 1676. 1676.
 2711. 2711. 1676. 2711. 2711. 2711. 1676. 1676. 1676. 1676. 2711. 2711.
 2711. 1676. 
 1676.   25.   25.   25.   25.   25.   25.   25.   25.   25.   25.   25.
   25.   25.   25.   25.   25.   25.   25.   25.   25.   25.   25.   25.
   25.   25. 
   25. 1676. 2711. 2711. 2711. 1676. 2711. 2711. 2711. 1676. 1676. 1676.
 1676. 1676. 1676. 1676. 1676. 2711. 2711. 2711. 2711. 2711. 2711. 2711.
 2711. 2711. 
 1676. 2711. 2711. 2711. 1676. 1676. 1676. 1676. 1676. 1676. 2711. 2711.
 2711. 1676. 1676.   25.   25.   25.   25.   25.   25.   25.   25.   25.
   25.   25. 
   25.   25.   25.   25.   25.   25.   25.   25.   25.   25.   25.   25.
   25. 1676. 2711. 2711. 2711. 1676. 2711. 2711. 2711. 1676.   25.   25.
   25.   25. 
 1676. 1676. 2711. 2711. 2711. 2711. 2711. 2711. 2711. 2711. 2711. 2711.
 1676. 2711. 2711. 2711. 1676. 1676. 1676.   25.   25.   25. 2711. 2711.
 2711. 2711. 
 1676. 1676.   25.   25.   25.   25.   25.   25.   25.   25.   25.   25.
   25.   25.   25.   25.   25.   25.   25.   25.   25.   25.   25.   25.
   25. 1676. 
 2711. 2711. 2711. 1676. 2711. 2711. 2711. 2711. 1676.   25.   25.   25.
 1676. 1676. 2711. 2711. 2711. 2711. 2711. 2711. 2711. 2711. 2711. 2711.
 1676. 2711. 
 2711. 2711. 1676. 1676.   25.   25.   25.   25. 1676. 1676. 2711. 2711.
 2711. 1676.   25.   25.   25.   25.   25.   25.   25.   25.   25.   25.
   25.   25. 
   25.   25.   25.   25.   25.   25.   25.   25.   25.   25.   25. 1676.
 1676. 2711. 2711. 1676. 1676. 2711. 2711. 2711. 2711. 1676.   25.   25.
 1676. 1676. 
 2711. 2711. 2711. 1676. 1676. 1676. 1676. 1676. 1676. 1676. 1676. 2711.
 2711. 2711. 1676. 1676.   25.   25.   25.   25.   25. 1676. 2711. 2711.
 2711. 1676. 
 1676.   25.   25.   25.   25.   25.   25.   25.   25.   25.   25.   25.
   25.   25.   25.   25.   25.   25.   25.   25.   25.   25.   25.   25.
 1676. 2711. 
 2711. 2711. 1676. 1676. 2711. 2711. 2711. 1676. 1676.   25. 1676. 1676.
 2711. 2711. 2711. 2711. 2711. 1676. 1676. 1676. 1676. 2711. 1676. 2711.
 2711. 2711. 
 1676.   25.   25.   25.   25.   25.   25. 1676. 1676. 2711. 2711. 2711.
 1676.   25.   25.   25.   25.   25.   25.   25.   25.   25.   25.   25.
   25.   25. 
   25.   25.   25.   25.   25.   25.   25.   25.   25.   25. 1676. 1676.
 2711. 2711. 1676. 1676. 2711. 2711. 2711. 2711. 1676.   25. 1676. 1676.
 1676. 2711. 
 2711. 2711. 2711. 2711. 2711. 1676. 1676. 2711. 1676. 1676. 2711. 2711.
 1676. 1676.   25.   25.   25.   25. 1676.   25. 1676. 2711. 2711. 2711.
 1676.   25. 
   25.   25.   25.   25.   25.   25.   25.   25.   25.   25.   25.   25.
   25.   25.   25.   25.   25.   25.   25.   25.   25.   25. 1676. 1676.
 1676. 1676. 
 1676. 1676. 1676. 2711. 2711. 2711. 1676.   25.   25. 1676. 1676. 1676.
 2711. 2711. 2711. 2711. 2711. 1676. 1676. 1676. 1676. 1676. 2711. 2711.
 2711. 1676. 
   25.   25.   25.   25. 1676. 1676. 1676. 2711. 2711. 2711. 1676.   25.
   25.   25.   25.   25.   25.   25.   25.   25.   25.   25.   25.   25.
   25.   25. 
   25.   25.   25.   25.   25.   25.   25. 1676. 1676. 1676. 2711. 2711.
 2711. 2711. 2711. 2711. 2711. 2711. 2711. 1676.   25.   25. 1676. 1676.
 1676. 1676. 
 1676. 2711. 2711. 2711. 1676. 1676.   25. 1676. 2711. 2711. 2711. 1676.
   25.   25.   25.   25. 2711. 2711. 2711. 2711. 2711. 2711. 1676.   25.
   25.   25. 
   25.   25.   25.   25.   25.   25.   25.   25.   25.   25.   25.   25.
   25.   25.   25.   25.   25.   25. 1676. 1676. 2711. 2711. 2711. 2711.
 2711. 2711. 
 2711. 2711. 2711. 2711. 1676. 1676.   25.   25.   25.   25. 1676. 1676.
 1676. 1676. 1676. 1676. 1676. 1676. 1676. 1676. 2711. 2711. 2711. 1676.
   25.   25. 
   25.   25. 2711. 2711. 2711. 2711. 2711. 1676. 1676.   25.   25.   25.
   25.   25.   25.   25.   25.   25.   25.   25.   25.   25.   25.   25.
   25.   25. 
   25.   25.   25.   25. 1676. 2711. 2711. 2711. 2711. 2711. 2711. 2711.
 2711. 2711. 2711. 2711. 1676.   25.   25. 1676. 1676. 1676. 1676. 1676.
 1676. 1676. 
 1676. 2711. 2711. 2711. 2711. 2711. 2711. 2711. 1676. 1676.   25.   25.
   25.   25. 
/