PERMI
   26.   26. 1755. 1755. 1755. 2167. 2167. 2167. 2167. 1755. 1755.   26.
   26.   26.   26.   26.   26.   26. 1755. 1755. 1755. 2167. 2167. 2167.
 2167. 1755. 
 1755.   26.   26.   26.   26.   26.   26. 1755. 1755. 2167. 2167. 2167.
 2167. 1755. 1755.   26.   26.   26.   26.   26.   26.   26.   26.   26.
   26.   26. 
   26.   26.   26.   26.   26.   26.   26.   26.   26.   26.   26.   26.
   26.   26.   26. 1755. 1755. 1755. 2167. 2167. 2167. 2167. 1755. 1755.
   26.   26. 
   26.   26.   26. 1755. 1755. 1755. 2167. 2167. 2167. 2167. 1755. 1755.
 1755.   26.   26.   26.   26.   26.   26.   26. 1755. 1755. 2167. 2167.
 2167. 1755. 
 1755.   26.   26.   26.   26.   26.   26.   26.   26.   26.   26.   26.
   26.   26.   26.   26.   26.   26.   26.   26.   26.   26.   26.   26.
   26.   26. 
   26. 1755. 1755. 1755. 2167. 2167. 2167. 2167. 1755. 1755.   26.   26.
   26.   26. 1755. 1755. 1755. 2167. 2167. 2167. 2167. 2167. 1755. 1755.
   26.   26. 
   26.   26.   26.   26.   26.   26. 1755. 1755. 2167. 2167. 2167. 1755.
 1755.   26.   26.   26.   26.   26.   26.   26.   26.   26.   26.   26.
   26.   26. 
   26.   26.   26.   26.   26.   26.   26.   26.   26.   26.   26.   26.
   26.   26. 1755. 1755. 1755. 2167. 2167. 2167. 2167. 1755. 1755.   26.
   26.   26. 
 1755. 1755. 2167. 2167. 2167. 2167. 1755. 1755. 1755.   26.   26.   26.
   26.   26.   26.   26. 1755. 1755. 1755. 2167. 2167. 2167. 2167. 1755.
 1755.   26. 
   26.   26.   26.   26.   26.   26.   26.   26.   26.   26.   26.   26.
   26.   26.   26.   26.   26.   26.   26.   26.   26.   26.   26.   26.
   26. 1755. 
 1755. 1755. 1755. 1755. 2167. 2167. 2167. 1755. 1755.   26.   26. 1755.
 1755. 2167. 2167. 2167. 2167. 1755. 1755. 1755.   26.   26.   26.   26.
   26.   26. 
   26. 1755. 1755. 1755. 2167. 2167. 2167. 2167. 2167. 1755. 1755.   26.
   26.   26.   26.   26.   26.   26.   26.   26.   26.   26.   26.   26.
   26.   26. 
   26.   26.   26.   26.   26.   26.   26.   26. 1755. 1755. 1755. 1755.
 1755. 1755. 1755. 1755. 2167. 2167. 2167. 1755. 1755.   26.   26. 1755.
 1755. 2167. 
 2167. 2167. 1755. 1755. 1755.   26.   26.   26.   26.   26.   26.   26.
 1755. 1755. 2167. 2167. 2167. 2167. 2167. 2167. 1755. 1755. 1755.   26.
   26.   26. 
   26.   26.   26.   26.   26.   26.   26.   26.   26.   26.   26.   26.
   26.   26.   26.   26.   26.   26.   26.   26. 1755. 2167. 2167. 2167.
 2167. 2167. 
 2167. 1755. 1755. 2167. 2167. 2167. 1755.   26.   26. 1755. 1755. 2167.
 2167. 2167. 2167. 1755. 1755.   26.   26.   26.   26.   26.   26. 1755.
 1755. 2167. 
 2167. 2167. 2167. 2167. 2167. 1755. 1755. 1755.   26.   26.   26.   26.
   26.   26.   26.   26.   26.   26.   26.   26.   26.   26.   26.   26.
   26.   26. 
   26.   26.   26.   26.   26.   26. 2167. 2167. 2167. 2167. 2167. 2167.
 1755. 1755. 1755. 2167. 2167. 2167. 1755. 1755.   26.   26. 1755. 1755.
 2167. 2167. 
 2167. 1755. 1755. 1755.   26.   26.   26.   26. 1755. 1755. 2167. 2167.
 2167. 2167. 2167. 1755. 1755. 1755. 1755.   26.   26.   26.   26.   26.
   26.   26. 
   26.   26.   26.   26.   26.   26.   26.   26.   26.   26.   26.   26.
   26.   26.   26.   26.   26.   26. 2167. 2167. 2167. 2167. 2167. 1755.
 1755. 1755. 
 2167. 2167. 2167. 2167. 1755.   26.   26.   26. 1755. 1755. 2167. 2167.
 2167. 2167. 1755. 1755. 1755.   26.   26.   26. 1755. 2167. 2167. 2167.
 2167. 2167. 
 1755. 1755. 1755.   26.   26.   26.   26.   26.   26.   26.   26.   26.
   26.   26.   26.   26.   26.   26.   26.   26.   26.   26.   26.   26.
   26.   26. 
   26.   26.   26.   26. 2167. 2167. 1755. 1755. 1755. 1755. 2167. 2167.
 2167. 2167. 2167. 1755. 1755.   26.   26.   26.   26. 1755. 1755. 2167.
 2167. 2167. 
 2167. 1755. 1755. 1755.   26.   26. 1755. 2167. 2167. 2167. 1755. 1755.
 1755. 1755.   26.   26.   26.   26.   26.   26.   26.   26.   26.   26.
   26.   26. 
   26.   26.   26.   26.   26.   26.   26.   26.   26.   26.   26.   26.
   26.   26.   26.   26. 2167. 2167. 1755. 1755. 1755. 2167. 2167. 2167.
 2167. 2167. 
 1755. 1755.   26.   26.   26.   26.   26. 1755. 1755. 1755. 2167. 2167.
 2167. 2167. 1755. 1755.   26.   26. 1755. 1755. 2167. 2167. 2167. 2167.
 1755. 1755. 
 1755. 1755. 1755.   26.   26.   26.   26.   26.   26.   26.   26.   26.
   26.   26.   26.   26.   26.   26.   26.   26.   26.   26.   26.   26.
   26.   26. 
   26.   26. 2167. 2167. 1755. 1755. 2167. 2167. 2167. 2167. 2167. 1755.
 1755. 1755.   26.   26.   26.   26.   26.   26. 1755. 1755. 2167. 2167.
 2167. 2167. 
 1755. 1755. 1755.   26. 1755. 1755. 2167. 2167. 2167. 2167. 2167. 2167.
 1755. 1755. 1755. 1755.   26.   26.   26.   26.   26.   26.   26.   26.
   26.   26. 
   26.   26.   26.   26.   26.   26.   26.   26.   26.   26.   26.   26.
   26.   26. 1755. 1755. 1755. 2167. 2167. 2167. 2167. 1755. 1755. 1755.
   26.   26. 
   26.   26.   26.   26.   26. 1755. 1755. 1755. 1755. 2167. 2167. 2167.
 2167. 1755. 1755.   26.   26. 1755. 1755. 2167. 2167. 2167. 2167. 2167.
 2167. 2167. 
 2167. 1755. 1755.   26.   26.   26.   26.   26.   26.   26.   26.   26.
   26.   26.   26.   26.   26.   26.   26.   26.   26.   26.   26.   26.
   26.   26. 
 1755. 1755. 2167. 2167. 2167. 2167. 1755. 1755.   26.   26.   26.   26.
   26.   26.   26.   26. 1755. 1755. 1755. 1755. 2167. 2167. 2167. 2167.
 2167. 1755. 
 1755.   26.   26.   26. 1755. 1755. 1755. 1755. 2167. 2167. 2167. 2167.
 2167. 1755. 1755.   26.   26.   26.   26.   26.   26.   26.   26.   26.
   26.   26. 
   26.   26.   26.   26.   26.   26.   26.   26.   26.   26.   26.   26.
 1755. 2167. 2167. 2167. 1755. 1755. 1755.   26.   26.   26.   26.   26.
   26.   26. 
 1755. 1755. 1755. 1755. 2167. 2167. 2167. 2167. 2167. 2167. 2167. 1755.
 1755.   26.   26.   26.   26.   26. 1755. 1755. 1755. 1755. 1755. 2167.
 2167. 1755. 
 1755.   26.   26.   26.   26.   26.   26.   26.   26.   26.   26.   26.
   26.   26.   26.   26.   26.   26.   26.   26.   26.   26.   26.   26.
 1755. 2167. 
 2167. 2167. 1755. 1755.   26.   26.   26.   26.   26.   26.   26. 1755.
 1755. 1755. 2167. 2167. 2167. 2167. 2167. 2167. 2167. 2167. 1755. 1755.
 1755.   26. 
   26.   26.   26.   26.   26. 1755. 1755. 1755. 2167. 2167. 2167. 1755.
 1755.   26.   26.   26.   26.   26.   26.   26.   26.   26.   26.   26.
   26.   26. 
   26.   26.   26.   26.   26.   26.   26.   26.   26.   26. 1755. 2167.
 2167. 1755. 1755. 1755.   26.   26.   26.   26.   26.   26. 1755. 1755.
 2167. 2167. 
 2167. 2167. 2167. 2167. 2167. 2167. 1755. 1755. 1755. 1755.   26.   26.
   26.   26.   26.   26.   26. 1755. 1755. 2167. 2167. 2167. 2167. 1755.
 1755.   26. 
   26.   26.   26.   26.   26.   26.   26.   26.   26.   26.   26.   26.
   26.   26.   26.   26.   26.   26.   26.   26.   26.   26. 1755. 2167.
 2167. 2167. 
 1755. 1755. 1755. 1755. 1755. 1755.   26.   26. 1755. 1755. 2167. 2167.
 2167. 2167. 2167. 2167. 1755. 1755. 1755. 1755. 1755.   26.   26.   26.
   26.   26. 
   26.   26. 1755. 1755. 2167. 2167. 2167. 2167. 1755. 1755.   26.   26.
   26.   26.   26.   26.   26.   26.   26.   26.   26.   26.   26.   26.
   26.   26. 
   26.   26.   26.   26.   26.   26.   26.   26. 1755. 1755. 2167. 2167.
 2167. 2167. 2167. 2167. 2167. 1755. 1755.   26. 1755. 1755. 2167. 2167.
 2167. 2167. 
 1755. 1755. 1755. 1755. 1755.   26.   26.   26.   26.   26.   26.   26.
   26. 1755. 1755. 1755. 2167. 2167. 2167. 1755. 1755. 1755.   26.   26.
   26.   26. 
   26.   26.   26.   26.   26.   26.   26.   26.   26.   26.   26.   26.
   26.   26.   26.   26.   26.   26.   26.   26. 1755. 1755. 1755. 2167.
 2167. 2167. 
 2167. 2167. 2167. 2167. 1755. 1755. 1755. 1755. 2167. 2167. 2167. 1755.
 1755. 1755. 1755.   26.   26.   26.   26.   26.   26.   26.   26.   26.
   26. 1755. 
 1755. 2167. 2167. 2167. 1755. 1755. 1755.   26.   26.   26.   26.   26.
   26.   26.   26.   26.   26.   26.   26.   26.   26.   26.   26.   26.
   26.   26. 
   26.   26.   26.   26.   26.   26. 1755. 1755. 1755. 1755. 2167. 2167.
 2167. 2167. 2167. 2167. 2167. 1755. 1755. 1755. 2167. 2167. 2167. 1755.
 1755. 1755. 
   26.   26.   26.   26.   26.   26.   26.   26.   26.   26. 1755. 1755.
 2167. 2167. 2167. 1755. 1755. 1755.   26.   26.   26.   26.   26.   26.
   26.   26. 
   26.   26.   26.   26.   26.   26.   26.   26.   26.   26.   26.   26.
   26.   26.   26.   26.   26.   26.   26.   26.   26. 1755. 1755. 1755.
 1755. 1755. 
 2167. 2167. 2167. 1755. 1755. 1755. 1755. 2167. 2167. 2167. 2167. 1755.
 1755.   26.   26.   26.   26.   26.   26.   26.   26.   26. 1755. 1755.
 2167. 2167. 
 2167. 1755. 1755.   26.   26.   26.   26.   26.   26.   26.   26.   26.
   26.   26.   26.   26.   26.   26.   26.   26.   26.   26.   26.   26.
   26.   26. 
   26.   26.   26.   26. 1755.   26.   26.   26.   26.   26.   26. 1755.
 1755. 2167. 2167. 2167. 1755. 1755. 1755. 1755. 2167. 2167. 2167. 1755.
 1755. 1755. 
   26.   26.   26.   26.   26.   26.   26.   26. 1755. 1755. 2167. 2167.
 2167. 1755. 1755.   26.   26.   26.   26.   26.   26.   26.   26.   26.
   26.   26. 
   26.   26.   26.   26.   26.   26.   26.   26.   26.   26.   26.   26.
   26.   26.   26.   26. 1755. 1755.   26.   26.   26. 1755. 1755. 1755.
 2167. 2167. 
 2167. 2167. 1755.   26. 1755. 1755. 2167. 2167. 2167. 2167. 1755. 1755.
 1755.   26.   26.   26.   26.   26.   26.   26. 1755. 1755. 2167. 2167.
 2167. 2167. 
 1755. 1755.   26.   26.   26.   26.   26.   26.   26.   26.   26.   26.
   26.   26.   26.   26.   26.   26.   26.   26.   26.   26.   26.   26.
   26.   26. 
   26.   26. 1755. 1755. 1755.   26. 1755. 1755. 1755. 2167. 2167. 2167.
 2167. 1755. 1755.   26. 1755. 1755. 1755. 2167. 2167. 2167. 2167. 1755.
 1755.   26. 
   26.   26.   26.   26.   26.   26. 1755. 1755. 1755. 2167. 2167. 2167.
 1755. 1755. 1755. 1755.   26.   26.   26.   26.   26.   26.   26.   26.
   26.   26. 
   26.   26.   26.   26.   26.   26.   26.   26.   26.   26.   26.   26.
   26.   26. 2167. 1755. 1755.   26. 1755. 1755. 2167. 2167. 2167. 2167.
 1755. 1755. 
   26.   26.   26. 1755. 1755. 1755. 2167. 2167. 2167. 1755. 1755.   26.
   26.   26.   26.   26.   26.   26.   26. 1755. 1755. 2167. 2167. 2167.
 2167. 2167. 
 1755. 1755. 1755.   26.   26.   26.   26.   26.   26.   26.   26.   26.
   26.   26.   26.   26.   26.   26.   26.   26.   26.   26.   26.   26.
   26.   26. 
 2167. 1755. 1755. 1755. 1755. 2167. 2167. 2167. 2167. 1755. 1755. 1755.
   26. 1755. 1755. 1755. 1755. 1755. 2167. 2167. 2167. 1755. 1755.   26.
   26.   26. 
   26.   26.   26.   26.   26.   26. 1755. 1755. 1755. 2167. 2167. 2167.
 2167. 1755. 1755. 1755.   26.   26.   26.   26.   26.   26.   26.   26.
   26.   26. 
   26.   26.   26.   26.   26.   26.   26.   26.   26.   26.   26.   26.
 2167. 1755. 1755. 1755. 2167. 2167. 2167. 2167. 1755. 1755. 1755. 1755.
 1755. 1755. 
 1755. 1755. 2167. 2167. 2167. 2167. 2167. 1755. 1755.   26.   26.   26.
   26.   26.   26.   26.   26.   26.   26. 1755. 1755. 2167. 2167. 2167.
 2167. 2167. 
 1755. 1755.   26.   26.   26.   26.   26.   26.   26.   26.   26.   26.
   26.   26.   26.   26.   26.   26.   26.   26.   26.   26.   26.   26.
 2167. 1755. 
 1755. 2167. 2167. 2167. 2167. 1755. 1755.   26. 1755. 1755. 1755. 2167.
 2167. 2167. 2167. 2167. 2167. 2167. 1755. 1755. 1755.   26.   26.   26.
   26.   26. 
   26.   26.   26.   26.   26. 1755. 1755. 1755. 2167. 2167. 2167. 2167.
 1755. 1755.   26.   26.   26.   26.   26.   26.   26.   26.   26.   26.
   26.   26. 
   26.   26.   26.   26.   26.   26.   26.   26.   26.   26. 1755. 1755.
 1755. 2167. 2167. 2167. 2167. 1755.   26. 1755. 1755. 1755. 2167. 2167.
 2167. 2167. 
 2167. 2167. 2167. 1755. 1755. 1755.   26.   26.   26.   26.   26.   26.
   26.   26.   26.   26.   26.   26. 1755. 1755. 1755. 2167. 2167. 2167.
 1755. 1755. 
   26.   26.   26.   26.   26.   26.   26.   26.   26.   26.   26.   26.
   26.   26.   26.   26.   26.   26.   26.   26.   26.   26. 1755. 1755.
 1755. 2167. 
 2167. 2167. 1755. 1755.   26. 1755. 1755. 2167. 2167. 2167. 2167. 2167.
 2167. 1755. 1755. 1755. 1755.   26.   26.   26.   26.   26.   26.   26.
   26.   26. 
   26.   26.   26.   26.   26. 1755. 1755. 2167. 2167. 2167. 1755. 1755.
   26.   26.   26.   26.   26.   26.   26.   26.   26.   26.   26.   26.
   26.   26. 
   26.   26.   26.   26.   26.   26.   26.   26. 1755. 1755. 1755. 2167.
 2167. 2167. 1755. 1755. 1755. 1755. 2167. 2167. 2167. 2167. 2167. 1755.
 1755. 1755. 
 1755.   26.   26.   26.   26.   26.   26.   26.   26.   26.   26.   26.
   26.   26.   26.   26. 1755. 1755. 1755. 2167. 2167. 2167. 1755. 1755.
   26.   26. 
   26.   26.   26.   26.   26.   26.   26.   26.   26.   26.   26.   26.
   26.   26.   26.   26.   26.   26.   26.   26.   26.   26. 1755. 2167.
 2167. 2167. 
 2167. 1755. 1755. 1755. 2167. 2167. 2167. 1755. 1755. 1755. 1755.   26.
   26.   26.   26.   26.   26.   26.   26.   26.   26.   26.   26.   26.
   26.   26. 
   26.   26. 1755. 1755. 2167. 2167. 2167. 1755. 1755. 1755.   26.   26.
   26.   26.   26.   26.   26.   26.   26.   26.   26.   26.   26.   26.
   26.   26. 
   26.   26.   26.   26.   26.   26.   26.   26. 1755. 2167. 2167. 2167.
 2167. 2167. 1755. 1755. 2167. 2167. 2167. 1755. 1755.   26.   26.   26.
   26.   26. 
   26.   26.   26.   26.   26.   26.   26.   26.   26.   26.   26.   26.
   26. 1755. 1755. 2167. 2167. 2167. 2167. 1755. 1755.   26.   26.   26.
   26.   26. 
   26.   26.   26.   26.   26.   26.   26.   26.   26.   26.   26.   26.
   26.   26.   26.   26.   26.   26.   26.   26. 1755. 1755. 2167. 2167.
 2167. 2167. 
 1755. 1755. 2167. 2167. 2167. 2167. 1755. 1755. 1755.   26.   26.   26.
   26.   26.   26.   26.   26.   26.   26.   26.   26.   26.   26.   26.
 1755. 1755. 
 2167. 2167. 2167. 2167. 1755. 1755.   26.   26.   26.   26.   26.   26.
   26.   26.   26.   26.   26.   26.   26.   26.   26.   26.   26.   26.
   26.   26. 
   26.   26.   26.   26.   26.   26.   26. 1755. 1755. 2167. 2167. 2167.
 1755. 1755. 2167. 2167. 2167. 2167. 2167. 1755. 1755.   26.   26.   26.
   26.   26. 
   26.   26.   26.   26.   26.   26.   26.   26.   26.   26. 1755. 1755.
 2167. 2167. 2167. 1755. 1755.   26.   26.   26.   26.   26.   26.   26.
   26.   26. 
   26.   26.   26.   26.   26.   26.   26.   26.   26.   26.   26.   26.
   26.   26.   26.   26.   26.   26.   26.   26. 1755. 2167. 2167. 2167.
 1755. 1755. 
 1755. 2167. 2167. 2167. 2167. 2167. 1755. 1755.   26.   26.   26.   26.
   26.   26.   26.   26.   26.   26.   26.   26.   26. 1755. 1755. 1755.
 2167. 2167. 
 1755. 1755.   26.   26.   26.   26.   26.   26.   26.   26.   26.   26.
   26.   26.   26.   26.   26.   26.   26.   26.   26.   26.   26.   26.
   26.   26. 
   26.   26.   26.   26.   26.   26. 1755. 1755. 2167. 2167. 2167. 1755.
 1755. 2167. 2167. 2167. 2167. 2167. 1755. 1755.   26.   26.   26.   26.
   26.   26. 
   26.   26.   26.   26.   26.   26.   26. 1755. 1755. 2167. 2167. 2167.
 1755. 1755.   26.   26.   26.   26.   26.   26.   26.   26.   26.   26.
   26.   26. 
   26.   26.   26.   26.   26.   26.   26.   26.   26.   26.   26.   26.
   26.   26.   26.   26.   26.   26. 1755. 1755. 1755. 2167. 2167. 2167.
 1755. 1755. 
 2167. 2167. 2167. 2167. 2167. 1755. 1755.   26.   26.   26.   26.   26.
   26.   26.   26.   26.   26.   26.   26. 1755. 1755. 2167. 2167. 2167.
 1755. 1755. 
 26. 26. 26. 26. 26. 26. 26. 26. 26. 26. 26. 26. 26. 26. 26. 26. 26. 26.
 26. 26. 26. 26. 26. 26. 26. 26. 
   26. 1755. 1755. 1755. 1755. 1755. 1755. 2167. 2167. 2167. 2167. 1755.
 1755. 2167. 2167. 2167. 2167. 1755. 1755.   26.   26.   26.   26.   26.
   26.   26. 
   26.   26.   26.   26.   26. 1755. 1755. 2167. 2167. 2167. 1755. 1755.
 1755.   26.   26.   26.   26.   26.   26.   26.   26.   26.   26.   26.
   26.   26. 
   26.   26.   26.   26.   26.   26.   26.   26.   26.   26.   26.   26.
 1755. 1755. 1755. 2167. 2167. 2167. 2167. 2167. 2167. 2167. 2167. 1755.
 1755. 1755. 
 2167. 2167. 2167. 1755. 1755.   26.   26.   26.   26.   26.   26.   26.
   26.   26.   26.   26.   26. 1755. 1755. 1755. 2167. 2167. 2167. 1755.
 1755. 1755. 
   26.   26.   26.   26.   26.   26.   26.   26.   26.   26.   26.   26.
   26.   26.   26.   26.   26.   26.   26.   26.   26.   26.   26.   26.
 1755. 2167. 
 2167. 2167. 2167. 2167. 2167. 2167. 2167. 2167. 1755. 1755. 1755. 1755.
 2167. 2167. 2167. 1755. 1755.   26.   26.   26.   26.   26.   26.   26.
   26.   26. 
   26.   26.   26.   26. 1755. 1755. 1755. 2167. 2167. 2167. 1755. 1755.
 1755.   26.   26.   26.   26.   26.   26.   26.   26.   26.   26.   26.
   26.   26. 
   26.   26.   26.   26.   26.   26.   26.   26.   26.   26. 2167. 2167.
 2167. 2167. 2167. 2167. 2167. 2167. 1755. 1755. 1755. 1755. 1755. 1755.
 2167. 2167. 
 2167. 1755. 1755.   26.   26.   26.   26.   26.   26.   26.   26.   26.
   26.   26.   26.   26.   26. 1755. 1755. 2167. 2167. 2167. 2167. 1755.
 1755.   26. 
   26.   26.   26.   26.   26.   26.   26.   26.   26.   26.   26.   26.
   26.   26.   26.   26.   26.   26.   26.   26.   26.   26. 2167. 2167.
 2167. 2167. 
 2167. 1755. 1755. 1755. 1755.   26. 1755. 1755. 1755. 2167. 2167. 2167.
 2167. 1755. 1755.   26.   26.   26.   26.   26.   26.   26.   26.   26.
   26.   26. 
   26.   26.   26.   26. 1755. 1755. 1755. 2167. 2167. 1755. 1755.   26.
   26.   26.   26.   26.   26.   26.   26.   26.   26.   26.   26.   26.
   26.   26. 
   26.   26.   26.   26.   26.   26.   26.   26. 2167. 2167. 2167. 1755.
 1755. 1755.   26.   26.   26. 1755. 1755. 1755. 2167. 2167. 2167. 2167.
 2167. 1755. 
 1755.   26.   26.   26.   26.   26.   26.   26.   26.   26.   26.   26.
   26.   26.   26.   26.   26. 1755. 1755. 2167. 2167. 2167. 1755. 1755.
   26.   26. 
   26.   26.   26.   26.   26.   26.   26.   26.   26.   26.   26.   26.
   26.   26.   26.   26.   26.   26.   26.   26. 2167. 2167. 2167. 1755.
 1755.   26. 
   26.   26. 1755. 1755. 1755. 2167. 2167. 2167. 2167. 1755. 1755. 1755.
   26.   26.   26.   26.   26.   26.   26.   26.   26.   26.   26.   26.
   26.   26. 
   26. 1755. 1755. 1755. 2167. 2167. 2167. 2167. 1755. 1755.   26.   26.
   26.   26.   26.   26.   26.   26.   26.   26.   26.   26.   26.   26.
   26.   26. 
   26.   26.   26.   26.   26.   26. 2167. 2167. 2167. 1755. 1755.   26.
   26. 1755. 1755. 1755. 2167. 2167. 2167. 2167. 1755. 1755. 1755.   26.
   26.   26. 
   26.   26.   26.   26.   26.   26.   26.   26.   26.   26.   26.   26.
 1755. 1755. 2167. 2167. 2167. 2167. 2167. 1755. 1755.   26.   26.   26.
   26.   26. 
   26.   26.   26.   26.   26.   26.   26.   26.   26.   26.   26.   26.
   26.   26.   26.   26.   26.   26. 2167. 2167. 2167. 2167. 1755. 1755.
 1755. 1755. 
 1755. 2167. 2167. 2167. 2167. 1755. 1755. 1755.   26.   26.   26.   26.
   26.   26.   26.   26.   26.   26.   26.   26.   26.   26. 1755. 1755.
 1755. 2167. 
 2167. 2167. 2167. 2167. 1755. 1755. 1755.   26.   26.   26.   26.   26.
   26.   26.   26.   26.   26.   26.   26.   26.   26.   26.   26.   26.
   26.   26. 
   26.   26.   26.   26. 1755. 2167. 2167. 2167. 2167. 1755. 1755. 1755.
 2167. 2167. 2167. 2167. 1755. 1755. 1755.   26.   26.   26.   26.   26.
   26.   26. 
   26.   26.   26.   26.   26.   26.   26. 1755. 1755. 1755. 2167. 2167.
 2167. 2167. 2167. 1755. 1755. 1755.   26.   26.   26.   26.   26.   26.
   26.   26. 
   26.   26.   26.   26.   26.   26.   26.   26.   26.   26.   26.   26.
   26.   26.   26.   26. 1755. 1755. 2167. 2167. 2167. 2167. 1755. 1755.
 2167. 2167. 
 2167. 2167. 1755. 1755.   26.   26.   26.   26.   26.   26.   26.   26.
   26.   26.   26.   26.   26.   26.   26. 1755. 1755. 2167. 2167. 2167.
 2167. 2167. 
 1755. 1755.   26.   26.   26.   26.   26.   26.   26.   26.   26.   26.
   26.   26.   26.   26.   26.   26.   26.   26.   26.   26.   26.   26.
   26.   26. 
   26.   26. 1755. 1755. 1755. 2167. 2167. 2167. 1755. 1755. 2167. 2167.
 2167. 2167. 1755. 1755. 1755.   26.   26.   26.   26.   26.   26.   26.
   26.   26. 
   26.   26.   26.   26.   26. 1755. 2167. 2167. 2167. 2167. 1755. 1755.
 1755.   26.   26.   26.   26.   26.   26.   26.   26.   26.   26.   26.
   26.   26. 
   26.   26.   26.   26.   26.   26.   26.   26.   26.   26.   26.   26.
   26.   26.   26. 1755. 1755. 1755. 2167. 2167. 1755. 1755. 1755. 2167.
 2167. 2167. 
 2167. 1755. 1755. 1755.   26.   26.   26.   26.   26.   26.   26.   26.
   26.   26.   26.   26. 1755. 1755. 2167. 2167. 2167. 1755. 1755. 1755.
   26.   26. 
 26. 26. 26. 26. 26. 26. 26. 26. 26. 26. 26. 26. 26. 26. 26. 26. 26. 26.
 26. 26. 26. 26. 26. 26. 26. 26. 
   26.   26.   26. 1755. 1755. 2167. 2167. 1755. 1755. 1755. 2167. 2167.
 2167. 2167. 1755. 1755. 1755.   26.   26.   26.   26.   26.   26.   26.
   26.   26. 
   26.   26. 1755. 1755. 2167. 2167. 2167. 2167. 1755. 1755. 1755.   26.
   26.   26.   26.   26.   26.   26.   26.   26.   26.   26.   26.   26.
   26.   26. 
   26.   26.   26.   26.   26.   26.   26.   26.   26.   26.   26.   26.
   26.   26.   26. 1755. 1755. 1755. 2167. 2167. 1755. 1755. 2167. 2167.
 2167. 2167. 
 2167. 1755. 1755. 1755.   26.   26.   26.   26.   26.   26.   26.   26.
   26.   26.   26. 1755. 1755. 2167. 2167. 2167. 2167. 1755. 1755.   26.
   26.   26. 
 26. 26. 26. 26. 26. 26. 26. 26. 26. 26. 26. 26. 26. 26. 26. 26. 26. 26.
 26. 26. 26. 26. 26. 26. 26. 26. 
 1755. 1755. 1755. 1755. 2167. 2167. 2167. 1755. 1755. 2167. 2167. 2167.
 2167. 2167. 1755. 1755.   26.   26.   26.   26.   26.   26.   26.   26.
   26.   26. 
   26. 1755. 1755. 1755. 2167. 2167. 2167. 1755. 1755. 1755.   26.   26.
   26.   26.   26.   26.   26.   26.   26.   26.   26.   26.   26.   26.
   26.   26. 
   26.   26.   26.   26.   26.   26.   26.   26.   26.   26. 1755. 1755.
 1755. 1755. 2167. 2167. 2167. 2167. 2167. 1755. 1755. 1755. 2167. 2167.
 2167. 2167. 
 2167. 1755. 1755.   26.   26.   26.   26.   26.   26.   26.   26.   26.
   26.   26. 1755. 1755. 2167. 2167. 2167. 2167. 1755. 1755.   26.   26.
   26.   26. 
   26.   26.   26.   26.   26.   26.   26.   26.   26.   26.   26.   26.
   26.   26.   26.   26.   26.   26.   26.   26.   26.   26. 2167. 2167.
 2167. 2167. 
 2167. 2167. 2167. 2167. 1755. 1755. 1755. 1755. 1755. 2167. 2167. 2167.
 2167. 2167. 1755. 1755.   26.   26.   26.   26.   26.   26.   26.   26.
   26.   26. 
 1755. 1755. 1755. 2167. 2167. 2167. 2167. 1755. 1755.   26.   26.   26.
   26.   26.   26.   26.   26.   26.   26.   26.   26.   26.   26.   26.
   26.   26. 
   26.   26.   26.   26.   26.   26.   26.   26. 2167. 2167. 2167. 2167.
 2167. 2167. 2167. 1755. 1755. 1755.   26.   26. 1755. 1755. 2167. 2167.
 2167. 2167. 
 1755. 1755.   26.   26.   26.   26.   26.   26.   26.   26.   26.   26.
   26. 1755. 1755. 2167. 2167. 2167. 2167. 1755. 1755.   26.   26.   26.
   26.   26. 
   26.   26.   26.   26.   26.   26.   26.   26.   26.   26.   26.   26.
   26.   26.   26.   26.   26.   26.   26.   26. 2167. 2167. 2167. 2167.
 2167. 1755. 
 1755. 1755. 1755.   26.   26.   26. 1755. 1755. 1755. 2167. 2167. 2167.
 1755. 1755. 1755.   26.   26.   26.   26.   26.   26.   26.   26.   26.
 1755. 1755. 
 1755. 1755. 2167. 2167. 2167. 2167. 1755.   26.   26.   26.   26.   26.
   26.   26.   26.   26.   26.   26.   26.   26.   26.   26.   26.   26.
   26.   26. 
   26.   26.   26.   26.   26.   26. 2167. 1755. 1755. 1755. 1755. 1755.
 1755.   26.   26.   26.   26.   26.   26. 1755. 1755. 2167. 2167. 2167.
 2167. 1755. 
 1755.   26.   26.   26.   26.   26.   26.   26.   26. 1755. 1755. 1755.
 2167. 2167. 2167. 2167. 2167. 1755. 1755.   26.   26.   26.   26.   26.
   26.   26. 
   26.   26.   26.   26.   26.   26.   26.   26.   26.   26.   26.   26.
   26.   26.   26.   26.   26.   26. 1755. 1755.   26.   26.   26.   26.
   26.   26. 
   26.   26.   26.   26. 1755. 1755. 1755. 2167. 2167. 2167. 1755. 1755.
 1755.   26.   26.   26.   26.   26.   26.   26. 1755. 1755. 1755. 2167.
 2167. 2167. 
 2167. 2167. 2167. 1755. 1755.   26.   26.   26.   26.   26.   26.   26.
   26.   26.   26.   26.   26.   26.   26.   26.   26.   26.   26.   26.
   26.   26. 
   26.   26.   26.   26. 1755.   26.   26.   26.   26.   26.   26.   26.
   26.   26.   26. 1755. 1755. 1755. 2167. 2167. 2167. 2167. 1755. 1755.
   26.   26. 
   26.   26.   26.   26.   26. 1755. 1755. 1755. 2167. 2167. 2167. 2167.
 2167. 2167. 1755. 1755.   26.   26.   26.   26.   26.   26.   26.   26.
   26.   26. 
   26.   26.   26.   26.   26.   26.   26.   26.   26.   26.   26.   26.
   26.   26.   26.   26. 1755.   26.   26.   26.   26.   26.   26.   26.
   26.   26. 
   26. 1755. 1755. 2167. 2167. 2167. 2167. 2167. 1755. 1755.   26.   26.
   26.   26.   26.   26.   26. 1755. 1755. 2167. 2167. 2167. 2167. 2167.
 1755. 1755. 
 1755.   26.   26.   26.   26.   26.   26.   26.   26.   26.   26.   26.
   26.   26.   26.   26.   26.   26.   26.   26.   26.   26.   26.   26.
   26.   26. 
   26.   26. 1755. 1755.   26.   26.   26.   26.   26.   26.   26.   26.
 1755. 1755. 1755. 2167. 2167. 2167. 2167. 1755. 1755.   26.   26.   26.
   26.   26. 
   26.   26. 1755. 1755. 1755. 2167. 2167. 2167. 2167. 1755. 1755. 1755.
   26.   26.   26.   26.   26.   26.   26.   26.   26.   26.   26.   26.
   26.   26. 
 26. 26. 26. 26. 26. 26. 26. 26. 26. 26. 26. 26. 26. 26. 
/