PERMI
 3728. 3728. 3728. 3728. 2708. 2708.    6.    6.    6.    6.    6.    6.
    6.    6.    6. 2708. 2708. 3728. 3728. 3728. 3728. 3728. 3728. 3728.
 2708. 2708. 
 2708. 2708. 2708. 3728. 3728. 3728. 2708. 2708. 2708.    6.    6.    6.
    6.    6.    6.    6.    6.    6.    6.    6.    6.    6.    6.    6.
    6.    6. 
    6.    6. 2708. 3728. 3728. 3728. 3728. 2708.    6.    6.    6.    6.
 3728. 3728. 2708. 2708. 2708.    6.    6.    6.    6.    6.    6.    6.
    6.    6. 
    6. 2708. 3728. 3728. 3728. 3728. 3728. 3728. 2708. 2708. 2708.    6.
    6.    6. 2708. 3728. 3728. 3728. 3728. 2708. 2708. 2708.    6.    6.
    6.    6. 
    6.    6.    6.    6.    6.    6.    6.    6.    6.    6.    6.    6.
 2708. 2708. 2708. 3728. 3728. 3728. 2708. 2708.    6.    6.    6.    6.
 3728. 3728. 
 2708.    6.    6.    6.    6.    6.    6.    6.    6.    6.    6.    6.
    6. 2708. 3728. 3728. 3728. 2708. 2708. 2708. 2708.    6.    6.    6.
    6.    6. 
 2708. 2708. 3728. 3728. 3728. 3728. 2708. 2708. 2708.    6.    6.    6.
    6.    6.    6.    6.    6.    6.    6.    6.    6.    6.    6.    6.
 2708. 3728. 
 3728. 3728. 3728. 2708. 2708.    6.    6.    6.    6.    6. 3728. 3728.
 2708. 2708.    6.    6.    6.    6.    6.    6.    6.    6.    6.    6.
    6. 2708. 
 3728. 3728. 3728. 3728. 2708. 2708. 2708. 2708. 2708.    6.    6.    6.
    6. 2708. 2708. 3728. 3728. 3728. 3728. 2708. 2708.    6.    6.    6.
    6.    6. 
    6.    6.    6.    6.    6.    6.    6.    6.    6. 2708. 2708. 3728.
 3728. 3728. 2708. 2708.    6.    6.    6.    6.    6.    6. 3728. 3728.
 3728. 2708. 
 2708. 2708.    6.    6.    6.    6.    6.    6.    6.    6.    6. 2708.
 2708. 3728. 3728. 3728. 3728. 2708. 2708. 2708. 2708. 2708. 2708.    6.
    6.    6. 
 2708. 2708. 2708. 3728. 3728. 2708. 2708.    6.    6.    6.    6.    6.
    6.    6.    6.    6.    6.    6.    6.    6. 2708. 2708. 3728. 3728.
 3728. 2708. 
 2708.    6.    6.    6.    6.    6.    6.    6. 3728. 3728. 3728. 3728.
 2708. 2708. 2708.    6.    6.    6.    6.    6.    6.    6.    6.    6.
 2708. 2708. 
 3728. 3728. 3728. 3728. 3728. 3728. 3728. 3728. 2708. 2708.    6.    6.
 2708. 2708. 3728. 3728. 3728. 3728. 2708.    6.    6.    6.    6.    6.
    6.    6. 
    6.    6.    6.    6.    6. 2708. 2708. 3728. 3728. 3728. 2708. 2708.
    6.    6.    6.    6.    6.    6.    6.    6. 2708. 2708. 3728. 3728.
 3728. 3728. 
 2708. 2708. 2708.    6.    6.    6.    6.    6.    6.    6.    6. 2708.
 2708. 3728. 3728. 3728. 3728. 3728. 3728. 3728. 3728. 2708. 2708. 2708.
 2708. 2708. 
 3728. 3728. 3728. 2708. 2708.    6.    6.    6.    6.    6.    6.    6.
    6.    6.    6.    6. 2708. 2708. 3728. 3728. 3728. 2708. 2708.    6.
    6.    6. 
    6.    6.    6.    6.    6.    6.    6. 2708. 2708. 3728. 3728. 3728.
 3728. 3728. 2708. 2708. 2708.    6.    6.    6.    6.    6.    6.    6.
 2708. 2708. 
 2708. 2708. 2708. 2708. 3728. 3728. 3728. 2708. 2708. 2708. 2708. 3728.
 3728. 3728. 3728. 2708. 2708.    6.    6.    6.    6.    6.    6.    6.
    6.    6. 
    6.    6. 2708. 3728. 3728. 3728. 2708. 2708. 2708. 2708. 2708. 2708.
 2708.    6.    6.    6.    6.    6.    6.    6. 2708. 2708. 2708. 3728.
 3728. 3728. 
 3728. 3728. 2708. 2708.    6.    6.    6.    6.    6.    6.    6.    6.
 2708. 2708. 2708. 2708. 2708. 2708. 2708. 2708. 2708. 3728. 3728. 3728.
 3728. 3728. 
 2708. 2708.    6.    6.    6.    6.    6.    6.    6.    6.    6.    6.
    6.    6. 2708. 3728. 3728. 3728. 2708. 2708. 2708. 3728. 3728. 3728.
 2708. 2708. 
 2708. 2708. 2708.    6.    6.    6.    6.    6. 2708. 2708. 2708. 3728.
 3728. 3728. 3728. 2708. 2708.    6.    6.    6.    6.    6.    6.    6.
    6.    6. 
    6.    6. 2708. 2708. 2708. 2708. 3728. 3728. 3728. 3728. 3728. 2708.
 2708.    6.    6.    6.    6.    6.    6.    6.    6.    6.    6.    6.
    6.    6. 
 2708. 3728. 3728. 3728. 3728. 3728. 3728. 3728. 3728. 3728. 3728. 3728.
 3728. 3728. 2708. 2708.    6.    6.    6.    6.    6.    6. 2708. 2708.
 2708. 3728. 
 3728. 3728. 2708.    6.    6.    6.    6.    6.    6.    6.    6.    6.
    6. 2708. 2708. 2708. 2708. 3728. 3728. 3728. 3728. 2708. 2708. 2708.
    6.    6. 
    6.    6.    6.    6.    6.    6.    6.    6.    6.    6.    6.    6.
 2708. 2708. 3728. 3728. 3728. 3728. 3728. 3728. 3728. 3728. 3728. 3728.
 3728. 3728. 
 3728. 2708.    6.    6.    6.    6.    6.    6.    6.    6. 2708. 3728.
 3728. 3728. 2708.    6.    6.    6.    6.    6.    6.    6.    6.    6.
 2708. 2708. 
 2708. 2708. 3728. 3728. 3728. 3728. 2708. 2708. 2708.    6.    6.    6.
    6.    6.    6.    6.    6.    6.    6.    6.    6.    6.    6.    6.
    6. 2708. 
 2708. 3728. 3728. 3728. 2708. 2708. 2708. 2708. 2708. 2708. 3728. 3728.
 3728. 2708.    6.    6.    6.    6.    6.    6.    6.    6. 2708. 3728.
 3728. 3728. 
 2708.    6.    6.    6.    6.    6.    6.    6.    6.    6. 2708. 2708.
 2708. 3728. 3728. 3728. 3728. 2708. 2708. 2708.    6.    6.    6.    6.
    6.    6. 
    6.    6.    6.    6.    6.    6.    6.    6.    6.    6.    6.    6.
 2708. 2708. 2708. 2708. 2708. 2708.    6.    6.    6. 2708. 3728. 3728.
 3728. 2708. 
    6.    6.    6.    6.    6.    6.    6.    6. 2708. 3728. 3728. 3728.
 2708.    6.    6.    6.    6.    6.    6.    6.    6. 2708. 2708. 2708.
 2708. 3728. 
 3728. 3728. 2708. 2708. 2708. 2708. 2708. 2708. 2708. 2708. 2708.    6.
    6.    6.    6.    6.    6.    6.    6.    6.    6.    6.    6.    6.
    6.    6. 
    6.    6.    6.    6.    6.    6. 2708. 3728. 3728. 3728. 2708. 2708.
    6.    6.    6.    6.    6.    6.    6. 2708. 2708. 3728. 3728. 2708.
 2708.    6. 
    6.    6.    6.    6.    6.    6. 2708. 2708. 3728. 3728. 2708. 2708.
 3728. 3728. 3728. 2708. 2708. 2708. 2708. 2708. 2708. 2708. 2708. 2708.
 2708.    6. 
    6.    6.    6.    6.    6.    6.    6.    6.    6.    6.    6.    6.
    6.    6.    6.    6.    6. 2708. 2708. 3728. 3728. 3728. 2708.    6.
    6.    6. 
    6.    6.    6.    6.    6. 2708. 2708. 3728. 3728. 2708. 2708.    6.
    6.    6.    6.    6.    6. 2708. 2708. 3728. 3728. 3728. 2708. 2708.
 3728. 3728. 
 3728. 3728. 3728. 3728. 3728. 3728. 3728. 3728. 2708. 2708. 2708. 2708.
    6.    6.    6.    6.    6.    6.    6.    6.    6.    6.    6.    6.
    6.    6. 
    6.    6.    6. 2708. 3728. 3728. 3728. 2708.    6.    6.    6.    6.
    6.    6.    6.    6. 2708. 2708. 3728. 3728. 3728. 2708.    6.    6.
    6.    6. 
    6.    6. 2708. 2708. 3728. 3728. 3728. 3728. 2708. 2708. 2708. 3728.
 3728. 3728. 3728. 3728. 3728. 3728. 3728. 3728. 3728. 3728. 2708. 2708.
 2708.    6. 
    6.    6.    6.    6.    6.    6.    6.    6.    6.    6.    6.    6.
    6.    6. 2708. 2708. 3728. 3728. 2708. 2708.    6.    6.    6.    6.
    6.    6. 
    6.    6. 2708. 2708. 3728. 3728. 3728. 2708.    6.    6.    6.    6.
    6.    6. 2708. 2708. 3728. 3728. 2708. 2708. 2708. 2708. 2708. 2708.
 2708. 3728. 
 3728. 3728. 2708. 2708. 2708. 3728. 3728. 3728. 3728. 2708. 2708.    6.
    6.    6.    6.    6.    6.    6.    6.    6.    6.    6.    6.    6.
    6.    6. 
 2708. 3728. 3728. 3728. 2708.    6.    6.    6.    6.    6.    6.    6.
    6.    6. 2708. 3728. 3728. 3728. 2708. 2708.    6.    6.    6.    6.
    6. 2708. 
 2708. 3728. 3728. 2708. 2708. 2708.    6.    6. 2708. 2708. 2708. 2708.
 2708. 2708. 2708. 2708. 2708. 2708. 3728. 3728. 3728. 2708. 2708.    6.
    6.    6. 
    6.    6.    6.    6.    6.    6.    6.    6.    6.    6.    6. 2708.
 2708. 3728. 3728. 2708. 2708.    6.    6.    6.    6.    6.    6.    6.
    6. 2708. 
 2708. 3728. 3728. 3728. 2708. 2708.    6.    6.    6.    6.    6. 2708.
 2708. 3728. 3728. 2708. 2708.    6.    6.    6.    6. 2708. 2708. 2708.
 2708. 2708. 
 2708. 2708. 2708. 3728. 3728. 3728. 3728. 2708. 2708.    6.    6.    6.
    6.    6.    6.    6.    6.    6.    6.    6.    6.    6.    6. 2708.
 3728. 3728. 
 3728. 2708.    6.    6.    6.    6.    6.    6.    6.    6.    6. 2708.
 3728. 3728. 3728. 3728. 2708.    6.    6.    6.    6.    6.    6. 2708.
 2708. 3728. 
 3728. 3728. 2708. 2708. 2708.    6. 2708. 2708. 2708. 2708. 3728. 3728.
 3728. 3728. 3728. 3728. 3728. 3728. 2708. 2708. 2708.    6.    6.    6.
    6.    6. 
    6.    6.    6.    6.    6.    6.    6.    6.    6. 2708. 3728. 3728.
 3728. 2708. 2708. 2708.    6.    6.    6.    6.    6.    6.    6. 2708.
 3728. 3728. 
 3728. 2708. 2708.    6.    6.    6.    6.    6.    6.    6. 2708. 3728.
 3728. 3728. 3728. 3728. 2708. 2708. 2708. 2708. 3728. 3728. 3728. 3728.
 3728. 3728. 
 3728. 3728. 3728. 2708. 2708. 2708.    6.    6.    6.    6.    6.    6.
    6.    6.    6.    6.    6.    6.    6.    6.    6.    6. 2708. 3728.
 3728. 3728. 
 3728. 2708. 2708. 2708.    6.    6.    6.    6. 2708. 2708. 3728. 3728.
 3728. 2708.    6.    6.    6.    6.    6.    6.    6.    6. 2708. 2708.
 3728. 3728. 
 3728. 3728. 3728. 2708. 2708. 3728. 3728. 3728. 3728. 3728. 3728. 3728.
 3728. 2708. 2708. 2708. 2708.    6.    6.    6.    6.    6.    6.    6.
    6.    6. 
    6.    6.    6.    6.    6.    6.    6.    6. 2708. 2708. 3728. 3728.
 3728. 3728. 3728. 3728.    6.    6.    6.    6. 2708. 2708. 3728. 3728.
 3728. 2708. 
 2708. 2708.    6.    6.    6.    6.    6.    6.    6. 2708. 2708. 2708.
 3728. 3728. 3728. 2708. 2708. 3728. 3728. 3728. 2708. 2708. 2708. 2708.
 2708. 2708. 
 2708. 2708.    6.    6.    6.    6.    6.    6.    6.    6.    6.    6.
    6.    6.    6.    6.    6.    6.    6.    6.    6. 2708. 2708. 3728.
 3728. 3728. 
 3728. 3728.    6.    6.    6.    6.    6. 2708. 3728. 3728. 3728. 3728.
 3728. 2708. 2708. 2708.    6.    6.    6.    6.    6.    6.    6. 2708.
 2708. 3728. 
 3728. 2708. 2708. 3728. 3728. 3728. 2708. 2708. 2708. 2708. 2708. 2708.
    6.    6.    6.    6.    6.    6.    6.    6.    6.    6.    6.    6.
    6.    6. 
    6.    6.    6.    6.    6.    6.    6.    6. 2708. 2708. 2708. 3728.
 3728. 3728.    6.    6.    6.    6.    6. 2708. 2708. 3728. 3728. 3728.
 3728. 3728. 
 3728. 2708. 2708. 2708. 2708.    6.    6.    6.    6.    6. 2708. 2708.
 3728. 2708. 2708. 2708. 3728. 3728. 3728. 3728. 2708. 2708. 2708. 2708.
 2708.    6. 
    6.    6.    6.    6.    6.    6.    6.    6.    6.    6.    6.    6.
    6.    6.    6.    6.    6.    6.    6.    6.    6.    6.    6. 2708.
 2708. 3728. 
    6.    6.    6.    6.    6.    6. 2708. 2708. 2708. 3728. 3728. 3728.
 3728. 3728. 3728. 2708. 2708. 2708. 2708.    6.    6.    6.    6. 2708.
 2708. 2708. 
 2708. 2708. 3728. 3728. 3728. 3728. 3728. 3728. 3728. 2708. 2708. 2708.
    6.    6.    6.    6.    6.    6.    6.    6.    6.    6.    6.    6.
    6.    6. 
    6.    6.    6.    6.    6.    6.    6.    6.    6.    6. 2708. 2708.
    6.    6.    6.    6.    6.    6.    6.    6. 2708. 2708. 2708. 3728.
 3728. 3728. 
 3728. 3728. 3728. 3728. 2708. 2708.    6.    6.    6.    6. 2708. 2708.
 2708. 2708. 2708. 2708. 3728. 3728. 3728. 3728. 3728. 3728. 3728. 2708.
 2708.    6. 
    6.    6.    6.    6.    6.    6.    6.    6.    6.    6.    6.    6.
    6.    6.    6.    6.    6.    6.    6.    6.    6.    6.    6. 2708.
    6.    6. 
    6.    6.    6.    6.    6.    6.    6.    6. 2708. 2708. 2708. 3728.
 3728. 3728. 3728. 3728. 3728. 2708. 2708.    6.    6.    6.    6.    6.
    6. 2708. 
 2708. 2708. 2708. 2708. 3728. 3728. 3728. 3728. 3728. 3728. 2708. 2708.
    6.    6.    6.    6.    6.    6.    6.    6.    6.    6.    6.    6.
    6.    6. 
    6.    6.    6.    6.    6.    6.    6.    6.    6.    6.    6.    6.
    6.    6.    6.    6.    6.    6.    6.    6.    6.    6.    6. 2708.
 2708. 2708. 
 2708. 3728. 3728. 3728. 2708.    6.    6.    6.    6.    6.    6. 2708.
 3728. 2708. 2708. 2708. 2708. 2708. 3728. 3728. 3728. 3728. 2708. 2708.
    6.    6. 
 6. 6. 6. 6. 6. 6. 6. 6. 6. 6. 6. 6. 6. 6. 6. 6. 6. 6. 6. 6. 6. 6. 6. 6.
 6. 6. 
    6.    6.    6.    6.    6.    6.    6.    6.    6.    6.    6.    6.
 2708. 2708. 3728. 3728. 2708. 2708.    6.    6.    6.    6. 2708. 2708.
 3728. 3728. 
 3728. 2708. 2708. 2708. 2708. 2708. 3728. 3728. 3728. 2708. 2708.    6.
    6.    6.    6.    6.    6.    6.    6.    6.    6.    6.    6.    6.
    6.    6. 
    6.    6.    6.    6.    6.    6.    6.    6.    6.    6.    6.    6.
    6.    6.    6.    6.    6.    6.    6.    6.    6.    6. 2708. 2708.
 2708. 3728. 
 3728. 3728. 2708. 2708.    6.    6.    6. 2708. 2708. 3728. 3728. 3728.
 2708.    6.    6.    6. 2708. 2708. 3728. 3728. 3728. 2708. 2708.    6.
    6.    6. 
    6.    6.    6.    6.    6.    6.    6.    6.    6.    6.    6.    6.
    6.    6.    6.    6.    6.    6.    6. 2708.    6.    6.    6.    6.
    6.    6. 
    6.    6.    6.    6.    6.    6. 2708. 2708. 2708. 3728. 3728. 3728.
 3728. 3728. 2708.    6.    6.    6. 2708. 2708. 3728. 3728. 3728. 2708.
 2708.    6. 
    6. 2708. 2708. 2708. 3728. 3728. 3728. 2708.    6.    6.    6.    6.
    6.    6.    6.    6.    6.    6.    6.    6.    6.    6.    6.    6.
    6.    6. 
    6.    6.    6.    6.    6. 2708.    6.    6.    6.    6.    6.    6.
    6.    6.    6.    6. 2708. 2708. 2708. 3728. 3728. 3728. 3728. 3728.
 2708. 2708. 
 2708.    6.    6. 2708. 2708. 3728. 3728. 3728. 3728. 2708.    6.    6.
    6. 2708. 2708. 3728. 3728. 3728. 2708. 2708.    6.    6.    6.    6.
    6.    6. 
    6.    6.    6.    6.    6.    6.    6.    6.    6.    6.    6.    6.
    6.    6.    6.    6. 2708. 2708.    6.    6.    6.    6.    6.    6.
    6.    6. 
    6. 2708. 2708. 3728. 3728. 3728. 3728. 3728. 2708. 2708. 2708. 2708.
    6.    6.    6. 2708. 3728. 3728. 3728. 2708. 2708. 2708.    6.    6.
 2708. 2708. 
 3728. 3728. 3728. 3728. 2708. 2708.    6.    6.    6.    6.    6.    6.
    6.    6.    6.    6.    6.    6.    6.    6.    6.    6.    6.    6.
    6.    6. 
    6.    6. 2708. 3728.    6.    6.    6.    6.    6.    6.    6.    6.
 2708. 2708. 3728. 3728. 3728. 3728. 2708. 2708. 2708. 2708.    6.    6.
    6.    6. 
 2708. 2708. 3728. 3728. 2708. 2708.    6.    6.    6. 2708. 2708. 2708.
 3728. 3728. 3728. 2708. 2708.    6.    6.    6.    6.    6.    6.    6.
    6.    6. 
    6.    6.    6.    6.    6.    6.    6.    6.    6.    6.    6.    6.
    6. 2708. 2708. 3728.    6.    6.    6.    6.    6.    6.    6. 2708.
 2708. 3728. 
 3728. 3728. 2708. 2708. 2708.    6.    6.    6.    6.    6.    6.    6.
 2708. 3728. 3728. 3728. 2708.    6.    6.    6.    6. 2708. 2708. 3728.
 3728. 3728. 
 2708. 2708.    6.    6.    6.    6.    6.    6.    6.    6.    6.    6.
    6.    6.    6.    6.    6.    6.    6.    6.    6.    6.    6.    6.
 2708. 2708. 
 3728. 3728.    6.    6.    6.    6.    6.    6. 2708. 2708. 3728. 3728.
 3728. 2708. 2708.    6.    6.    6.    6.    6.    6.    6.    6.    6.
 2708. 3728. 
 3728. 2708. 2708. 2708.    6.    6. 2708. 2708. 3728. 3728. 3728. 3728.
 2708. 2708.    6.    6.    6.    6.    6.    6.    6.    6.    6.    6.
    6.    6. 
    6.    6.    6.    6.    6.    6.    6.    6.    6.    6. 2708. 2708.
 3728. 3728.    6.    6.    6.    6.    6.    6. 2708. 3728. 3728. 3728.
 2708.    6. 
    6.    6.    6.    6.    6.    6.    6.    6.    6.    6. 2708. 3728.
 3728. 3728. 3728. 2708. 2708.    6. 2708. 2708. 3728. 3728. 3728. 2708.
 2708. 2708. 
 2708. 2708. 2708.    6.    6.    6.    6.    6.    6.    6.    6.    6.
    6.    6.    6.    6.    6.    6.    6.    6.    6.    6. 2708. 3728.
 3728. 3728. 
    6.    6.    6.    6.    6. 2708. 3728. 3728. 3728. 2708.    6.    6.
    6.    6.    6.    6.    6.    6.    6.    6.    6.    6.    6. 2708.
 3728. 3728. 
 3728. 3728. 2708. 2708. 2708. 2708. 3728. 3728. 3728. 2708. 2708. 2708.
 2708. 2708. 2708. 2708. 2708. 2708. 2708.    6.    6.    6.    6.    6.
    6.    6. 
    6.    6.    6.    6.    6.    6.    6.    6. 2708. 2708. 3728. 3728.
    6.    6.    6.    6.    6. 2708. 3728. 3728. 2708. 2708.    6.    6.
    6.    6. 
    6.    6.    6.    6.    6.    6.    6.    6.    6. 2708. 2708. 3728.
 3728. 3728. 3728. 3728. 2708. 2708. 3728. 3728. 3728. 3728. 3728. 3728.
 3728. 3728. 
 3728. 3728. 3728. 2708. 2708. 2708.    6.    6.    6.    6.    6.    6.
    6.    6.    6.    6.    6.    6.    6.    6. 2708. 2708. 3728. 3728.
    6.    6. 
    6.    6.    6. 2708. 3728. 3728. 3728. 2708. 2708. 2708. 2708. 2708.
    6.    6.    6.    6.    6.    6.    6.    6.    6.    6.    6. 2708.
 2708. 3728. 
 3728. 3728. 3728. 2708. 2708. 3728. 3728. 3728. 3728. 3728. 3728. 3728.
 3728. 3728. 3728. 3728. 3728. 2708. 2708.    6.    6.    6.    6.    6.
    6.    6. 
    6.    6.    6.    6.    6.    6.    6. 2708. 2708. 3728.    6.    6.
    6.    6.    6. 2708. 3728. 3728. 3728. 3728. 3728. 3728. 3728. 2708.
 2708. 2708. 
    6.    6.    6.    6.    6.    6.    6.    6.    6.    6.    6. 2708.
 2708. 3728. 3728. 2708. 2708. 2708. 3728. 3728. 3728. 2708. 2708. 2708.
 2708. 3728. 
 3728. 3728. 3728. 2708. 2708.    6.    6.    6.    6.    6.    6.    6.
    6.    6.    6.    6.    6.    6.    6.    6. 2708. 2708.    6.    6.
    6.    6. 
    6.    6. 2708. 3728. 3728. 3728. 3728. 3728. 3728. 3728. 3728. 2708.
 2708.    6.    6.    6.    6.    6.    6.    6.    6.    6.    6.    6.
 2708. 3728. 
 3728. 3728. 2708. 2708. 2708. 2708. 2708. 2708. 2708. 2708. 2708. 2708.
 2708. 3728. 3728. 2708. 2708.    6.    6.    6.    6.    6.    6.    6.
    6.    6. 
    6.    6.    6.    6.    6.    6.    6.    6.    6.    6.    6.    6.
    6.    6.    6. 2708. 2708. 2708. 3728. 3728. 3728. 3728. 3728. 3728.
 2708. 2708. 
    6.    6.    6.    6.    6.    6.    6.    6.    6.    6. 2708. 2708.
 3728. 3728. 2708. 2708. 2708. 2708. 2708. 2708. 2708.    6. 2708. 2708.
 3728. 3728. 
 3728. 2708. 2708.    6.    6.    6.    6.    6.    6.    6.    6.    6.
    6.    6.    6.    6.    6.    6.    6.    6.    6.    6.    6.    6.
    6.    6. 
    6.    6.    6. 2708. 2708. 2708. 2708. 3728. 3728. 3728. 3728. 3728.
 2708.    6.    6.    6.    6.    6.    6.    6.    6. 2708. 2708. 3728.
 3728. 3728. 
 3728. 2708.    6.    6.    6.    6. 2708. 2708. 2708. 3728. 3728. 3728.
 3728. 2708. 2708.    6.    6.    6.    6.    6.    6.    6.    6.    6.
    6.    6. 
    6.    6.    6.    6.    6.    6.    6.    6.    6.    6.    6.    6.
    6.    6.    6.    6.    6.    6. 2708. 2708. 2708. 3728. 3728. 3728.
 2708. 2708. 
    6.    6.    6. 2708. 2708. 2708. 2708. 3728. 3728. 3728. 3728. 3728.
 2708. 2708.    6.    6.    6. 2708. 2708. 2708. 3728. 3728. 3728. 3728.
 2708. 2708. 
 2708.    6.    6.    6.    6.    6.    6.    6.    6.    6.    6.    6.
    6.    6.    6.    6.    6.    6.    6.    6.    6.    6.    6.    6.
    6.    6. 
    6.    6.    6.    6.    6.    6. 2708. 2708. 3728. 3728. 3728. 2708.
    6. 2708. 2708. 2708. 3728. 3728. 3728. 3728. 3728. 3728. 3728. 2708.
 2708.    6. 
    6.    6. 2708. 2708. 2708. 3728. 3728. 3728. 3728. 2708. 2708. 2708.
    6.    6.    6.    6.    6.    6.    6.    6.    6.    6.    6.    6.
    6.    6. 
    6.    6.    6.    6.    6.    6.    6.    6.    6.    6.    6.    6.
    6.    6.    6.    6.    6.    6.    6. 2708. 3728. 3728. 3728. 2708.
 2708. 2708. 
 3728. 3728. 3728. 3728. 3728. 3728. 2708. 2708. 2708. 2708.    6.    6.
    6.    6. 2708. 2708. 3728. 3728. 3728. 3728. 2708. 2708. 2708.    6.
    6.    6. 
 6. 6. 6. 6. 6. 6. 6. 6. 6. 6. 6. 6. 6. 6. 6. 6. 6. 6. 6. 6. 6. 6. 6. 6.
 6. 6. 
    6.    6.    6. 2708. 2708. 2708. 3728. 3728. 3728. 2708. 2708. 3728.
 3728. 3728. 3728. 3728. 3728. 2708. 2708.    6.    6.    6.    6.    6.
    6. 2708. 
 2708. 3728. 3728. 3728. 3728. 2708. 2708. 2708.    6.    6.    6.    6.
    6.    6.    6.    6.    6.    6.    6.    6.    6.    6.    6.    6.
    6.    6. 
    6.    6.    6.    6.    6.    6.    6.    6.    6.    6.    6.    6.
 2708. 2708. 2708. 2708. 2708. 3728. 3728. 3728. 3728. 2708. 3728. 3728.
 3728. 3728. 
 2708. 2708. 2708.    6.    6.    6.    6.    6.    6.    6. 2708. 2708.
 3728. 3728. 3728. 3728. 2708. 2708. 2708. 2708. 2708. 2708. 2708. 2708.
    6.    6. 
    6.    6.    6.    6.    6.    6.    6.    6.    6.    6.    6.    6.
    6.    6.    6.    6.    6.    6.    6.    6.    6.    6.    6. 2708.
 2708. 2708. 
 3728. 3728. 3728. 3728. 3728. 3728. 3728. 2708. 3728. 3728. 3728. 2708.
 2708.    6.    6.    6.    6.    6.    6.    6.    6.    6. 2708. 2708.
 3728. 3728. 
 3728. 2708. 2708. 2708. 2708. 2708. 2708. 2708. 2708. 2708. 2708.    6.
    6.    6.    6.    6.    6.    6.    6.    6.    6.    6.    6.    6.
    6.    6. 
    6.    6.    6.    6.    6.    6.    6.    6. 2708. 2708. 3728. 3728.
 3728. 3728. 3728. 3728. 3728. 2708. 2708. 2708. 3728. 3728. 3728. 3728.
 2708. 2708. 
 2708. 2708. 2708.    6.    6.    6.    6.    6. 2708. 2708. 3728. 3728.
 3728. 2708. 2708. 3728. 3728. 3728. 3728. 3728. 3728. 2708. 2708. 2708.
    6.    6. 
    6.    6.    6.    6.    6.    6.    6.    6.    6.    6.    6.    6.
    6.    6.    6.    6.    6.    6.    6. 2708. 2708. 3728. 3728. 3728.
 3728. 3728. 
 3728. 2708. 2708. 2708.    6. 2708. 2708. 3728. 3728. 3728. 3728. 3728.
 3728. 2708. 2708. 2708. 2708.    6.    6.    6. 2708. 2708. 3728. 3728.
 3728. 3728. 
 3728. 3728. 3728. 3728. 3728. 3728. 3728. 3728. 3728. 2708. 2708.    6.
    6.    6.    6.    6.    6.    6.    6.    6.    6.    6.    6.    6.
    6.    6. 
    6.    6.    6.    6. 2708. 2708. 3728. 3728. 3728. 3728. 2708. 2708.
 2708. 2708.    6.    6.    6.    6. 2708. 2708. 2708. 3728. 3728. 3728.
 3728. 3728. 
 3728. 2708. 2708. 2708. 2708.    6.    6. 2708. 2708. 3728. 3728. 3728.
 3728. 3728. 3728. 3728. 3728. 3728. 3728. 3728. 3728. 2708. 2708.    6.
    6.    6. 
    6.    6.    6.    6.    6.    6.    6.    6.    6. 2708.    6.    6.
    6.    6.    6.    6. 2708. 2708. 3728. 3728. 2708. 2708. 2708. 2708.
 2708.    6. 
    6.    6.    6.    6.    6. 2708. 2708. 2708. 2708. 3728. 3728. 3728.
 3728. 3728. 3728. 2708. 2708.    6.    6. 2708. 2708. 2708. 3728. 3728.
 3728. 3728. 
 3728. 2708. 2708. 2708. 3728. 3728. 3728. 3728. 2708. 2708.    6.    6.
    6.    6.    6.    6.    6.    6.    6.    6. 2708. 2708.    6.    6.
    6.    6. 
    6.    6. 2708. 2708. 3728. 3728. 3728. 3728. 3728. 2708. 2708. 2708.
 2708.    6.    6.    6.    6.    6.    6.    6. 2708. 2708. 2708. 3728.
 3728. 3728. 
 3728. 3728. 2708. 2708.    6.    6. 2708. 2708. 2708. 2708. 2708. 2708.
 2708. 2708. 2708. 2708. 2708. 3728. 3728. 3728. 2708. 2708.    6.    6.
    6.    6. 
    6.    6.    6.    6.    6.    6. 2708. 3728.    6.    6.    6.    6.
    6.    6. 2708. 2708. 3728. 3728. 3728. 3728. 3728. 3728. 3728. 2708.
 2708. 2708. 
    6.    6.    6.    6.    6.    6.    6.    6. 2708. 2708. 2708. 2708.
 3728. 3728. 3728. 2708.    6.    6.    6.    6. 2708. 2708. 2708.    6.
    6.    6. 
    6. 2708. 2708. 3728. 3728. 3728. 2708. 2708.    6.    6.    6.    6.
    6.    6.    6.    6.    6.    6. 2708. 3728.    6.    6.    6.    6.
    6.    6. 
    6. 2708. 2708. 2708. 2708. 2708. 3728. 3728. 3728. 3728. 3728. 2708.
 2708.    6.    6.    6.    6.    6.    6.    6.    6.    6. 2708. 2708.
 3728. 3728. 
 3728. 2708.    6.    6.    6.    6.    6.    6.    6.    6.    6.    6.
    6. 2708. 3728. 3728. 3728. 3728. 2708. 2708.    6.    6.    6.    6.
    6.    6. 
    6.    6.    6.    6. 2708. 3728.    6.    6.    6.    6.    6.    6.
    6.    6. 2708. 2708. 2708. 2708. 2708. 2708. 2708. 3728. 3728. 3728.
 2708. 2708. 
    6.    6.    6.    6.    6.    6. 2708. 2708. 2708. 2708. 3728. 3728.
 3728. 2708.    6.    6.    6.    6.    6.    6.    6.    6.    6.    6.
 2708. 2708. 
 3728. 3728. 3728. 2708. 2708.    6.    6.    6.    6.    6.    6.    6.
    6.    6.    6.    6. 2708. 3728.    6.    6.    6.    6.    6.    6.
    6.    6. 
    6.    6.    6.    6.    6. 2708. 2708. 2708. 3728. 3728. 3728. 2708.
    6.    6.    6.    6.    6. 2708. 2708. 2708. 3728. 3728. 3728. 3728.
 2708. 2708. 
    6.    6.    6.    6.    6.    6.    6.    6.    6.    6. 2708. 2708.
 3728. 3728. 3728. 2708. 2708.    6.    6.    6.    6.    6.    6.    6.
    6.    6. 
    6.    6. 2708. 2708.    6.    6.    6.    6.    6.    6.    6.    6.
    6.    6.    6.    6.    6.    6.    6. 2708. 2708. 3728. 3728. 2708.
 2708.    6. 
    6. 2708. 2708. 2708. 3728. 3728. 3728. 3728. 3728. 2708. 2708.    6.
    6.    6.    6.    6.    6.    6.    6.    6.    6.    6. 2708. 2708.
 3728. 3728. 
 3728. 2708. 2708.    6.    6.    6.    6.    6.    6.    6.    6.    6.
    6.    6.    6. 2708.    6.    6.    6.    6.    6.    6.    6.    6.
    6.    6. 
    6.    6.    6.    6.    6. 2708. 2708. 3728. 3728. 3728. 2708.    6.
 2708. 2708. 3728. 3728. 3728. 3728. 3728. 2708. 2708. 2708.    6.    6.
    6.    6. 
    6.    6.    6.    6.    6.    6.    6.    6. 2708. 3728. 3728. 3728.
 3728. 2708.    6.    6.    6.    6.    6.    6.    6.    6.    6.    6.
    6.    6. 
    6.    6.    6.    6.    6.    6.    6.    6.    6.    6.    6.    6.
    6.    6.    6.    6.    6. 2708. 2708. 3728. 3728. 3728. 2708. 2708.
 2708. 3728. 
 3728. 3728. 3728. 2708. 2708. 2708. 2708.    6.    6.    6.    6.    6.
    6.    6.    6.    6.    6.    6.    6. 2708. 2708. 3728. 3728. 3728.
 2708. 2708. 
 6. 6. 6. 6. 6. 6. 6. 6. 6. 6. 6. 6. 6. 6. 
/