PERMI
 14. 14. 14. 14. 14. 14. 14. 14. 14. 14. 14. 14. 14. 14. 14. 14. 14. 14.
 14. 14. 14. 14. 14. 14. 14. 14. 
 14. 14. 14. 14. 14. 14. 14. 14. 14. 14. 14. 14. 14. 14. 14. 14. 14. 14.
 14. 14. 14. 14. 14. 14. 14. 14. 
   14.   14.   14.   14.   14.   14. 1164. 1164. 1164. 1670. 1670. 1670.
   14.   14.   14.   14.   14.   14.   14.   14.   14.   14.   14.   14.
   14.   14. 
 14. 14. 14. 14. 14. 14. 14. 14. 14. 14. 14. 14. 14. 14. 14. 14. 14. 14.
 14. 14. 14. 14. 14. 14. 14. 14. 
   14.   14.   14.   14.   14.   14.   14.   14.   14.   14.   14.   14.
   14.   14.   14.   14.   14.   14.   14. 1164. 1164. 1164. 1164. 1670.
   14.   14. 
 14. 14. 14. 14. 14. 14. 14. 14. 14. 14. 14. 14. 14. 14. 14. 14. 14. 14.
 14. 14. 14. 14. 14. 14. 14. 14. 
 14. 14. 14. 14. 14. 14. 14. 14. 14. 14. 14. 14. 14. 14. 14. 14. 14. 14.
 14. 14. 14. 14. 14. 14. 14. 14. 
   14.   14.   14.   14.   14.   14. 1164. 1164. 1164. 1164.   14.   14.
   14.   14.   14.   14.   14.   14.   14.   14.   14.   14.   14.   14.
   14.   14. 
 14. 14. 14. 14. 14. 14. 14. 14. 14. 14. 14. 14. 14. 14. 14. 14. 14. 14.
 14. 14. 14. 14. 14. 14. 14. 14. 
   14.   14.   14.   14.   14.   14.   14.   14.   14.   14.   14.   14.
   14.   14.   14.   14.   14.   14.   14.   14. 1164. 1164.   14.   14.
   14.   14. 
 14. 14. 14. 14. 14. 14. 14. 14. 14. 14. 14. 14. 14. 14. 14. 14. 14. 14.
 14. 14. 14. 14. 14. 14. 14. 14. 
 14. 14. 14. 14. 14. 14. 14. 14. 14. 14. 14. 14. 14. 14. 14. 14. 14. 14.
 14. 14. 14. 14. 14. 14. 14. 14. 
 14. 14. 14. 14. 14. 14. 14. 14. 14. 14. 14. 14. 14. 14. 14. 14. 14. 14.
 14. 14. 14. 14. 14. 14. 14. 14. 
 14. 14. 14. 14. 14. 14. 14. 14. 14. 14. 14. 14. 14. 14. 14. 14. 14. 14.
 14. 14. 14. 14. 14. 14. 14. 14. 
 14. 14. 14. 14. 14. 14. 14. 14. 14. 14. 14. 14. 14. 14. 14. 14. 14. 14.
 14. 14. 14. 14. 14. 14. 14. 14. 
 14. 14. 14. 14. 14. 14. 14. 14. 14. 14. 14. 14. 14. 14. 14. 14. 14. 14.
 14. 14. 14. 14. 14. 14. 14. 14. 
 14. 14. 14. 14. 14. 14. 14. 14. 14. 14. 14. 14. 14. 14. 14. 14. 14. 14.
 14. 14. 14. 14. 14. 14. 14. 14. 
 14. 14. 14. 14. 14. 14. 14. 14. 14. 14. 14. 14. 14. 14. 14. 14. 14. 14.
 14. 14. 14. 14. 14. 14. 14. 14. 
 14. 14. 14. 14. 14. 14. 14. 14. 14. 14. 14. 14. 14. 14. 14. 14. 14. 14.
 14. 14. 14. 14. 14. 14. 14. 14. 
 14. 14. 14. 14. 14. 14. 14. 14. 14. 14. 14. 14. 14. 14. 14. 14. 14. 14.
 14. 14. 14. 14. 14. 14. 14. 14. 
 14. 14. 14. 14. 14. 14. 14. 14. 14. 14. 14. 14. 14. 14. 14. 14. 14. 14.
 14. 14. 14. 14. 14. 14. 14. 14. 
 14. 14. 14. 14. 14. 14. 14. 14. 14. 14. 14. 14. 14. 14. 14. 14. 14. 14.
 14. 14. 14. 14. 14. 14. 14. 14. 
 14. 14. 14. 14. 14. 14. 14. 14. 14. 14. 14. 14. 14. 14. 14. 14. 14. 14.
 14. 14. 14. 14. 14. 14. 14. 14. 
 14. 14. 14. 14. 14. 14. 14. 14. 14. 14. 14. 14. 14. 14. 14. 14. 14. 14.
 14. 14. 14. 14. 14. 14. 14. 14. 
 14. 14. 14. 14. 14. 14. 14. 14. 14. 14. 14. 14. 14. 14. 14. 14. 14. 14.
 14. 14. 14. 14. 14. 14. 14. 14. 
 14. 14. 14. 14. 14. 14. 14. 14. 14. 14. 14. 14. 14. 14. 14. 14. 14. 14.
 14. 14. 14. 14. 14. 14. 14. 14. 
 14. 14. 14. 14. 14. 14. 14. 14. 14. 14. 14. 14. 14. 14. 14. 14. 14. 14.
 14. 14. 14. 14. 14. 14. 14. 14. 
 14. 14. 14. 14. 14. 14. 14. 14. 14. 14. 14. 14. 14. 14. 14. 14. 14. 14.
 14. 14. 14. 14. 14. 14. 14. 14. 
 14. 14. 14. 14. 14. 14. 14. 14. 14. 14. 14. 14. 14. 14. 14. 14. 14. 14.
 14. 14. 14. 14. 14. 14. 14. 14. 
 14. 14. 14. 14. 14. 14. 14. 14. 14. 14. 14. 14. 14. 14. 14. 14. 14. 14.
 14. 14. 14. 14. 14. 14. 14. 14. 
 14. 14. 14. 14. 14. 14. 14. 14. 14. 14. 14. 14. 14. 14. 14. 14. 14. 14.
 14. 14. 14. 14. 14. 14. 14. 14. 
 14. 14. 14. 14. 14. 14. 14. 14. 14. 14. 14. 14. 14. 14. 14. 14. 14. 14.
 14. 14. 14. 14. 14. 14. 14. 14. 
 14. 14. 14. 14. 14. 14. 14. 14. 14. 14. 14. 14. 14. 14. 14. 14. 14. 14.
 14. 14. 14. 14. 14. 14. 14. 14. 
 14. 14. 14. 14. 14. 14. 14. 14. 14. 14. 14. 14. 14. 14. 14. 14. 14. 14.
 14. 14. 14. 14. 14. 14. 14. 14. 
 14. 14. 14. 14. 14. 14. 14. 14. 14. 14. 14. 14. 14. 14. 14. 14. 14. 14.
 14. 14. 14. 14. 14. 14. 14. 14. 
 14. 14. 14. 14. 14. 14. 14. 14. 14. 14. 14. 14. 14. 14. 14. 14. 14. 14.
 14. 14. 14. 14. 14. 14. 14. 14. 
 14. 14. 14. 14. 14. 14. 14. 14. 14. 14. 14. 14. 14. 14. 14. 14. 14. 14.
 14. 14. 14. 14. 14. 14. 14. 14. 
 14. 14. 14. 14. 14. 14. 14. 14. 14. 14. 14. 14. 14. 14. 14. 14. 14. 14.
 14. 14. 14. 14. 14. 14. 14. 14. 
 14. 14. 14. 14. 14. 14. 14. 14. 14. 14. 14. 14. 14. 14. 14. 14. 14. 14.
 14. 14. 14. 14. 14. 14. 14. 14. 
 14. 14. 14. 14. 14. 14. 14. 14. 14. 14. 14. 14. 14. 14. 14. 14. 14. 14.
 14. 14. 14. 14. 14. 14. 14. 14. 
 14. 14. 14. 14. 14. 14. 14. 14. 14. 14. 14. 14. 14. 14. 14. 14. 14. 14.
 14. 14. 14. 14. 14. 14. 14. 14. 
 14. 14. 14. 14. 14. 14. 14. 14. 14. 14. 14. 14. 14. 14. 14. 14. 14. 14.
 14. 14. 14. 14. 14. 14. 14. 14. 
 14. 14. 14. 14. 14. 14. 14. 14. 14. 14. 14. 14. 14. 14. 14. 14. 14. 14.
 14. 14. 14. 14. 14. 14. 14. 14. 
 14. 14. 14. 14. 14. 14. 14. 14. 14. 14. 14. 14. 14. 14. 14. 14. 14. 14.
 14. 14. 14. 14. 14. 14. 14. 14. 
 14. 14. 14. 14. 14. 14. 14. 14. 14. 14. 14. 14. 14. 14. 14. 14. 14. 14.
 14. 14. 14. 14. 14. 14. 14. 14. 
 14. 14. 14. 14. 14. 14. 14. 14. 14. 14. 14. 14. 14. 14. 14. 14. 14. 14.
 14. 14. 14. 14. 14. 14. 14. 14. 
 14. 14. 14. 14. 14. 14. 14. 14. 14. 14. 14. 14. 14. 14. 14. 14. 14. 14.
 14. 14. 14. 14. 14. 14. 14. 14. 
 14. 14. 14. 14. 14. 14. 14. 14. 14. 14. 14. 14. 14. 14. 14. 14. 14. 14.
 14. 14. 14. 14. 14. 14. 14. 14. 
 14. 14. 14. 14. 14. 14. 14. 14. 14. 14. 14. 14. 14. 14. 14. 14. 14. 14.
 14. 14. 14. 14. 14. 14. 14. 14. 
 14. 14. 14. 14. 14. 14. 14. 14. 14. 14. 14. 14. 14. 14. 14. 14. 14. 14.
 14. 14. 14. 14. 14. 14. 14. 14. 
 14. 14. 14. 14. 14. 14. 14. 14. 14. 14. 14. 14. 14. 14. 14. 14. 14. 14.
 14. 14. 14. 14. 14. 14. 14. 14. 
 14. 14. 14. 14. 14. 14. 14. 14. 14. 14. 14. 14. 14. 14. 14. 14. 14. 14.
 14. 14. 14. 14. 14. 14. 14. 14. 
 14. 14. 14. 14. 14. 14. 14. 14. 14. 14. 14. 14. 14. 14. 14. 14. 14. 14.
 14. 14. 14. 14. 14. 14. 14. 14. 
 14. 14. 14. 14. 14. 14. 14. 14. 14. 14. 14. 14. 14. 14. 14. 14. 14. 14.
 14. 14. 14. 14. 14. 14. 14. 14. 
 14. 14. 14. 14. 14. 14. 14. 14. 14. 14. 14. 14. 14. 14. 14. 14. 14. 14.
 14. 14. 14. 14. 14. 14. 14. 14. 
 14. 14. 14. 14. 14. 14. 14. 14. 14. 14. 14. 14. 14. 14. 14. 14. 14. 14.
 14. 14. 14. 14. 14. 14. 14. 14. 
 14. 14. 14. 14. 14. 14. 14. 14. 14. 14. 14. 14. 14. 14. 14. 14. 14. 14.
 14. 14. 14. 14. 14. 14. 14. 14. 
 14. 14. 14. 14. 14. 14. 14. 14. 14. 14. 14. 14. 14. 14. 14. 14. 14. 14.
 14. 14. 14. 14. 14. 14. 14. 14. 
 14. 14. 14. 14. 14. 14. 14. 14. 14. 14. 14. 14. 14. 14. 14. 14. 14. 14.
 14. 14. 14. 14. 14. 14. 14. 14. 
 14. 14. 14. 14. 14. 14. 14. 14. 14. 14. 14. 14. 14. 14. 14. 14. 14. 14.
 14. 14. 14. 14. 14. 14. 14. 14. 
 14. 14. 14. 14. 14. 14. 14. 14. 14. 14. 14. 14. 14. 14. 14. 14. 14. 14.
 14. 14. 14. 14. 14. 14. 14. 14. 
 14. 14. 14. 14. 14. 14. 14. 14. 14. 14. 14. 14. 14. 14. 14. 14. 14. 14.
 14. 14. 14. 14. 14. 14. 14. 14. 
 14. 14. 14. 14. 14. 14. 14. 14. 14. 14. 14. 14. 14. 14. 14. 14. 14. 14.
 14. 14. 14. 14. 14. 14. 14. 14. 
 14. 14. 14. 14. 14. 14. 14. 14. 14. 14. 14. 14. 14. 14. 14. 14. 14. 14.
 14. 14. 14. 14. 14. 14. 14. 14. 
 14. 14. 14. 14. 14. 14. 14. 14. 14. 14. 14. 14. 14. 14. 14. 14. 14. 14.
 14. 14. 14. 14. 14. 14. 14. 14. 
 14. 14. 14. 14. 14. 14. 14. 14. 14. 14. 14. 14. 14. 14. 14. 14. 14. 14.
 14. 14. 14. 14. 14. 14. 14. 14. 
 14. 14. 14. 14. 14. 14. 14. 14. 14. 14. 14. 14. 14. 14. 14. 14. 14. 14.
 14. 14. 14. 14. 14. 14. 14. 14. 
 14. 14. 14. 14. 14. 14. 14. 14. 14. 14. 14. 14. 14. 14. 14. 14. 14. 14.
 14. 14. 14. 14. 14. 14. 14. 14. 
 14. 14. 14. 14. 14. 14. 14. 14. 14. 14. 14. 14. 14. 14. 14. 14. 14. 14.
 14. 14. 14. 14. 14. 14. 14. 14. 
 14. 14. 14. 14. 14. 14. 14. 14. 14. 14. 14. 14. 14. 14. 14. 14. 14. 14.
 14. 14. 14. 14. 14. 14. 14. 14. 
 14. 14. 14. 14. 14. 14. 14. 14. 14. 14. 14. 14. 14. 14. 14. 14. 14. 14.
 14. 14. 14. 14. 14. 14. 14. 14. 
 14. 14. 14. 14. 14. 14. 14. 14. 14. 14. 14. 14. 14. 14. 14. 14. 14. 14.
 14. 14. 14. 14. 14. 14. 14. 14. 
 14. 14. 14. 14. 14. 14. 14. 14. 14. 14. 14. 14. 14. 14. 14. 14. 14. 14.
 14. 14. 14. 14. 14. 14. 14. 14. 
 14. 14. 14. 14. 14. 14. 14. 14. 14. 14. 14. 14. 14. 14. 14. 14. 14. 14.
 14. 14. 14. 14. 14. 14. 14. 14. 
 14. 14. 14. 14. 14. 14. 14. 14. 14. 14. 14. 14. 14. 14. 14. 14. 14. 14.
 14. 14. 14. 14. 14. 14. 14. 14. 
 14. 14. 14. 14. 14. 14. 14. 14. 14. 14. 14. 14. 14. 14. 14. 14. 14. 14.
 14. 14. 14. 14. 14. 14. 14. 14. 
 14. 14. 14. 14. 14. 14. 14. 14. 14. 14. 14. 14. 14. 14. 14. 14. 14. 14.
 14. 14. 14. 14. 14. 14. 14. 14. 
 14. 14. 14. 14. 14. 14. 14. 14. 14. 14. 14. 14. 14. 14. 14. 14. 14. 14.
 14. 14. 14. 14. 14. 14. 14. 14. 
 14. 14. 14. 14. 14. 14. 14. 14. 14. 14. 14. 14. 14. 14. 14. 14. 14. 14.
 14. 14. 14. 14. 14. 14. 14. 14. 
 14. 14. 14. 14. 14. 14. 14. 14. 14. 14. 14. 14. 14. 14. 14. 14. 14. 14.
 14. 14. 14. 14. 14. 14. 14. 14. 
 14. 14. 14. 14. 14. 14. 14. 14. 14. 14. 14. 14. 14. 14. 14. 14. 14. 14.
 14. 14. 14. 14. 14. 14. 14. 14. 
 14. 14. 14. 14. 14. 14. 14. 14. 14. 14. 14. 14. 14. 14. 14. 14. 14. 14.
 14. 14. 14. 14. 14. 14. 14. 14. 
 14. 14. 14. 14. 14. 14. 14. 14. 14. 14. 14. 14. 14. 14. 14. 14. 14. 14.
 14. 14. 14. 14. 14. 14. 14. 14. 
 14. 14. 14. 14. 14. 14. 14. 14. 14. 14. 14. 14. 14. 14. 14. 14. 14. 14.
 14. 14. 14. 14. 14. 14. 14. 14. 
 14. 14. 14. 14. 14. 14. 14. 14. 14. 14. 14. 14. 14. 14. 14. 14. 14. 14.
 14. 14. 14. 14. 14. 14. 14. 14. 
 14. 14. 14. 14. 14. 14. 14. 14. 14. 14. 14. 14. 14. 14. 14. 14. 14. 14.
 14. 14. 14. 14. 14. 14. 14. 14. 
 14. 14. 14. 14. 14. 14. 14. 14. 14. 14. 14. 14. 14. 14. 14. 14. 14. 14.
 14. 14. 14. 14. 14. 14. 14. 14. 
 14. 14. 14. 14. 14. 14. 14. 14. 14. 14. 14. 14. 14. 14. 14. 14. 14. 14.
 14. 14. 14. 14. 14. 14. 14. 14. 
 14. 14. 14. 14. 14. 14. 14. 14. 14. 14. 14. 14. 14. 14. 14. 14. 14. 14.
 14. 14. 14. 14. 14. 14. 14. 14. 
 14. 14. 14. 14. 14. 14. 14. 14. 14. 14. 14. 14. 14. 14. 14. 14. 14. 14.
 14. 14. 14. 14. 14. 14. 14. 14. 
 14. 14. 14. 14. 14. 14. 14. 14. 14. 14. 14. 14. 14. 14. 14. 14. 14. 14.
 14. 14. 14. 14. 14. 14. 14. 14. 
 14. 14. 14. 14. 14. 14. 14. 14. 14. 14. 14. 14. 14. 14. 14. 14. 14. 14.
 14. 14. 14. 14. 14. 14. 14. 14. 
 14. 14. 14. 14. 14. 14. 14. 14. 14. 14. 14. 14. 14. 14. 14. 14. 14. 14.
 14. 14. 14. 14. 14. 14. 14. 14. 
 14. 14. 14. 14. 14. 14. 14. 14. 14. 14. 14. 14. 14. 14. 14. 14. 14. 14.
 14. 14. 14. 14. 14. 14. 14. 14. 
 14. 14. 14. 14. 14. 14. 14. 14. 14. 14. 14. 14. 14. 14. 14. 14. 14. 14.
 14. 14. 14. 14. 14. 14. 14. 14. 
 14. 14. 14. 14. 14. 14. 14. 14. 14. 14. 14. 14. 14. 14. 14. 14. 14. 14.
 14. 14. 14. 14. 14. 14. 14. 14. 
 14. 14. 14. 14. 14. 14. 14. 14. 14. 14. 14. 14. 14. 14. 14. 14. 14. 14.
 14. 14. 14. 14. 14. 14. 14. 14. 
 14. 14. 14. 14. 14. 14. 14. 14. 14. 14. 14. 14. 14. 14. 14. 14. 14. 14.
 14. 14. 14. 14. 14. 14. 14. 14. 
 14. 14. 14. 14. 14. 14. 14. 14. 14. 14. 14. 14. 14. 14. 14. 14. 14. 14.
 14. 14. 14. 14. 14. 14. 14. 14. 
 14. 14. 14. 14. 14. 14. 14. 14. 14. 14. 14. 14. 14. 14. 14. 14. 14. 14.
 14. 14. 14. 14. 14. 14. 14. 14. 
 14. 14. 14. 14. 14. 14. 14. 14. 14. 14. 14. 14. 14. 14. 14. 14. 14. 14.
 14. 14. 14. 14. 14. 14. 14. 14. 
 14. 14. 14. 14. 14. 14. 14. 14. 14. 14. 14. 14. 14. 14. 14. 14. 14. 14.
 14. 14. 14. 14. 14. 14. 14. 14. 
 14. 14. 14. 14. 14. 14. 14. 14. 14. 14. 14. 14. 14. 14. 14. 14. 14. 14.
 14. 14. 14. 14. 14. 14. 14. 14. 
 14. 14. 14. 14. 14. 14. 14. 14. 14. 14. 14. 14. 14. 14. 14. 14. 14. 14.
 14. 14. 14. 14. 14. 14. 14. 14. 
 14. 14. 14. 14. 14. 14. 14. 14. 14. 14. 14. 14. 14. 14. 14. 14. 14. 14.
 14. 14. 14. 14. 14. 14. 14. 14. 
 14. 14. 14. 14. 14. 14. 14. 14. 14. 14. 14. 14. 14. 14. 14. 14. 14. 14.
 14. 14. 14. 14. 14. 14. 14. 14. 
 14. 14. 14. 14. 14. 14. 14. 14. 14. 14. 14. 14. 14. 14. 14. 14. 14. 14.
 14. 14. 14. 14. 14. 14. 14. 14. 
 14. 14. 14. 14. 14. 14. 14. 14. 14. 14. 14. 14. 14. 14. 14. 14. 14. 14.
 14. 14. 14. 14. 14. 14. 14. 14. 
 14. 14. 14. 14. 14. 14. 14. 14. 14. 14. 14. 14. 14. 14. 14. 14. 14. 14.
 14. 14. 14. 14. 14. 14. 14. 14. 
 14. 14. 14. 14. 14. 14. 14. 14. 14. 14. 14. 14. 14. 14. 14. 14. 14. 14.
 14. 14. 14. 14. 14. 14. 14. 14. 
 14. 14. 14. 14. 14. 14. 14. 14. 14. 14. 14. 14. 14. 14. 14. 14. 14. 14.
 14. 14. 14. 14. 14. 14. 14. 14. 
 14. 14. 14. 14. 14. 14. 14. 14. 14. 14. 14. 14. 14. 14. 14. 14. 14. 14.
 14. 14. 14. 14. 14. 14. 14. 14. 
 14. 14. 14. 14. 14. 14. 14. 14. 14. 14. 14. 14. 14. 14. 14. 14. 14. 14.
 14. 14. 14. 14. 14. 14. 14. 14. 
 14. 14. 14. 14. 14. 14. 14. 14. 14. 14. 14. 14. 14. 14. 14. 14. 14. 14.
 14. 14. 14. 14. 14. 14. 14. 14. 
   14.   14.   14.   14.   14.   14.   14.   14.   14.   14.   14.   14.
   14.   14.   14.   14.   14.   14.   14. 1164. 1164. 1164. 1164.   14.
   14.   14. 
 14. 14. 14. 14. 14. 14. 14. 14. 14. 14. 14. 14. 14. 14. 14. 14. 14. 14.
 14. 14. 14. 14. 14. 14. 14. 14. 
 14. 14. 14. 14. 14. 14. 14. 14. 14. 14. 14. 14. 14. 14. 14. 14. 14. 14.
 14. 14. 14. 14. 14. 14. 14. 14. 
   14.   14.   14. 1164. 1164. 1164. 1164. 1164. 1164. 1164. 1164.   14.
   14.   14.   14.   14.   14.   14. 1164. 1164. 1164. 1164. 1164. 1164.
 1164.   14. 
 14. 14. 14. 14. 14. 14. 14. 14. 14. 14. 14. 14. 14. 14. 14. 14. 14. 14.
 14. 14. 14. 14. 14. 14. 14. 14. 
   14.   14.   14.   14.   14.   14.   14.   14.   14.   14.   14.   14.
   14.   14.   14. 1164. 1164. 1670. 1670. 1670. 1670. 1164. 1164. 1164.
   14.   14. 
   14.   14. 1164. 1164. 1164. 1164. 1164. 1164. 1164. 1164. 1164. 1164.
 1164.   14.   14.   14.   14.   14.   14.   14.   14.   14.   14.   14.
   14.   14. 
 14. 14. 14. 14. 14. 14. 14. 14. 14. 14. 14. 14. 14. 14. 14. 14. 14. 14.
 14. 14. 14. 14. 14. 14. 14. 14. 
 1164. 1164. 1670. 1670. 1670. 1670. 1670. 1670. 1164. 1164. 1164.   14.
   14. 1164. 1164. 1164. 1670. 1670. 1670. 1670. 1670. 1670. 1164. 1164.
 1164. 1164. 
   14. 1164.   14.   14.   14.   14.   14.   14.   14.   14.   14.   14.
   14.   14.   14.   14.   14.   14.   14.   14.   14.   14.   14.   14.
   14.   14. 
   14.   14. 1164. 1164.   14.   14.   14.   14.   14.   14.   14. 1164.
 1164. 1670. 1670. 1670. 1670. 1670. 1670. 1670. 1670. 1164. 1164. 1164.
 1164. 1164. 
 1164. 1670. 1670. 1670. 1670. 1670. 1670. 1670. 1670. 1670. 1164. 1164.
 1164. 1164.   14.   14.   14.   14.   14.   14.   14.   14.   14.   14.
   14.   14. 
   14.   14.   14.   14.   14.   14.   14.   14.   14.   14.   14.   14.
 1164. 1164. 1164. 1164. 1164. 1164. 1164.   14.   14.   14.   14. 1164.
 1164. 1670. 
 1670. 1670. 1164. 1164. 1670. 1670. 1670. 1670. 1164. 1164. 1164. 1164.
 1670. 1670. 1670. 1670. 1670. 1670. 1670. 1670. 1670. 1670. 1670. 1164.
 1164. 1164. 
   14.   14.   14.   14.   14.   14.   14.   14.   14.   14.   14.   14.
   14.   14.   14.   14.   14.   14.   14.   14.   14.   14.   14. 1164.
 1164. 1164. 
 1670. 1670. 1670. 1164. 1164. 1164. 1164. 1164. 1164. 1164. 1164. 1670.
 1670. 1670. 1164. 1164. 1164. 1670. 1670. 1670. 1670. 1164. 1164. 1670.
 1670. 1670. 
 1670. 1164. 1164. 1164. 1164. 1670. 1670. 1670. 1670. 1670. 1670. 1670.
   14.   14.   14.   14.   14.   14.   14.   14.   14.   14.   14.   14.
   14.   14. 
   14.   14.   14.   14.   14.   14.   14.   14.   14. 1164. 1164. 1670.
 1670. 1670. 1670. 1670. 1670. 1164. 1164. 1164. 1164. 1164. 1670. 1670.
 1670. 1164. 
 1164. 1164. 1164. 1164. 1670. 1670. 1670. 1670. 1670. 1670. 1670. 1670.
 1164. 1164. 1164. 1164. 1164. 1164. 1670. 1670. 1670. 1670. 1670. 1670.
   14.   14. 
   14.   14.   14.   14.   14.   14.   14.   14.   14.   14.   14.   14.
   14.   14.   14.   14.   14.   14.   14.   14. 1164. 1164. 1670. 1670.
 1670. 1670. 
 1670. 1670. 1670. 1670. 1164. 1164. 1164. 1670. 1670. 1670. 1164. 1164.
 1164.   14. 1164. 1164. 1670. 1670. 1670. 1670. 1670. 1670. 1670. 1164.
 1164. 1164. 
   14.   14. 1164. 1164. 1164. 1670. 1670. 1670. 1670. 1670.   14.   14.
   14.   14.   14.   14.   14.   14.   14.   14.   14.   14.   14.   14.
   14.   14. 
   14.   14.   14.   14.   14. 1164. 1164. 1164. 1670. 1670. 1670. 1164.
 1164. 1670. 1164. 1164. 1164. 1164. 1164. 1164. 1670. 1670. 1164. 1164.
 1164.   14. 
   14. 1164. 1164. 1164. 1670. 1670. 1670. 1670. 1164. 1164. 1164.   14.
   14.   14.   14. 1164. 1164. 1164. 1164. 1670. 1670. 1670.   14.   14.
   14.   14. 
   14.   14.   14. 1164. 1164. 1164. 1164. 1164. 1164. 1164. 1164. 1164.
 1164. 1164. 1164.   14.   14. 1164. 1164. 1670. 1670. 1670. 1164. 1164.
 1164. 1164. 
 1164. 1670. 1670. 1670. 1670. 1164. 1164. 1164. 1164. 1164.   14.   14.
   14.   14. 1164. 1164. 1164. 1164. 1164. 1164. 1164.   14.   14.   14.
   14.   14. 
   14.   14. 1164. 1164. 1164. 1164. 1164. 1164.   14.   14.   14.   14.
   14.   14. 1164. 1164. 1164. 1164. 1164. 1164. 1164. 1164. 1164. 1164.
 1670. 1670. 
 1164. 1164.   14. 1164. 1164. 1670. 1670. 1670. 1164. 1164. 1164. 1164.
 1670. 1670. 1670. 1670. 1670. 1670. 1670. 1670. 1164. 1164.   14.   14.
   14.   14. 
   14. 1164. 1164. 1164. 1164. 1164. 1164.   14.   14.   14.   14.   14.
   14.   14.   14.   14. 1164. 1164. 1670. 1670.   14.   14.   14.   14.
   14. 1164. 
 1164. 1164. 1670. 1670. 1670. 1670. 1164. 1164. 1164. 1670. 1670. 1670.
 1670. 1164. 1164. 1164. 1670. 1670. 1670. 1670. 1164. 1164. 1164. 1670.
 1670. 1670. 
 1670. 1670. 1670. 1670. 1670. 1670. 1670. 1164. 1164. 1164.   14.   14.
   14. 1164. 1164. 1164. 1164. 1164. 1164. 1164. 1164.   14.   14.   14.
   14.   14. 
   14. 1164. 1164. 1670. 1670. 1670. 1164. 1164. 1164. 1164. 1164. 1164.
 1164. 1670. 1670. 1670. 1670. 1670. 1164. 1164. 1670. 1670. 1670. 1670.
 1670. 1670. 
 1164. 1164. 1164. 1670. 1670. 1164. 1164. 1164. 1670. 1670. 1670. 1670.
 1164. 1164. 1670. 1670. 1670. 1670. 1670. 1670. 1670. 1164. 1164. 1164.
 1164. 1164. 
 1164. 1670. 1670. 1670. 1670. 1670. 1164. 1164.   14.   14.   14.   14.
   14. 1164. 1670. 1670. 1670. 1670. 1164. 1164. 1670. 1670. 1164. 1164.
 1164. 1670. 
 1670. 1670. 1670. 1164. 1164. 1670. 1670. 1670. 1164. 1670. 1670. 1670.
 1670. 1164. 1164. 1164. 1164. 1164. 1164. 1164. 1670. 1670. 1670. 1670.
 1164. 1164. 
 1164. 1164. 1164. 1164. 1670. 1670. 1670. 1670. 1164. 1164. 1164. 1670.
 1670. 1670. 1670. 1670. 1670. 1670. 1670. 1164. 1164.   14.   14.   14.
   14. 1164. 
 1670. 1670. 1670. 1164. 1670. 1670. 1670. 1670. 1670. 1670. 1164. 1164.
 1670. 1670. 1164. 1164. 1670. 1670. 1670. 1670. 1164. 1164. 1670. 1670.
 1670. 1670. 
 1670. 1164. 1164. 1164. 1164. 1670. 1670. 1670. 1670. 1164. 1164.   14.
   14.   14. 1164. 1164. 1670. 1670. 1670. 1670. 1670. 1670. 1670. 1670.
 1670. 1670. 
 1670. 1670. 1670. 1670. 1670. 1670. 1164. 1164.   14.   14. 1164. 1670.
 1670. 1670. 1670. 1164. 1670. 1670. 1670. 1670. 1670. 1670. 1670. 1164.
 1164. 1164. 
 1164. 1164. 1670. 1670. 1670. 1164. 1164. 1164. 1164. 1670. 1670. 1670.
 1670. 1670. 1670. 1164. 1670. 1670. 1670. 1670. 1164. 1164.   14.   14.
   14.   14. 
   14. 1164. 1164. 1670. 1670. 1670. 1670. 1670. 1670. 1670. 1670. 1164.
 1164. 1164. 1164. 1670. 1670. 1670. 1670. 1164.   14.   14. 1164. 1670.
 1670. 1670. 
 1670. 1164. 1670. 1670. 1164. 1670. 1670. 1670. 1670. 1670. 1164. 1164.
 1164. 1164. 1670. 1670. 1670. 1164. 1164. 1164. 1164. 1164. 1164. 1670.
 1670. 1670. 
 1670. 1670. 1670. 1670. 1670. 1164. 1164.   14.   14.   14.   14.   14.
   14.   14. 1164. 1164. 1670. 1670. 1670. 1670. 1670. 1670. 1164. 1164.
 1164.   14. 
 1164. 1164. 1670. 1670. 1670. 1164. 1164. 1164. 1164. 1670. 1670. 1670.
 1164. 1164. 
/