PERMI
   16.   16.   16.   16.   16.   16.   16.   16.   16. 2041. 2041. 2776.
 2776. 2776. 2776. 2776. 2776. 2776. 2776. 2776. 2041. 2041. 2041. 2041.
 2776. 2041. 
 2776. 2776. 2776. 2041. 2776. 2776. 2776. 2041.   16.   16.   16.   16.
   16.   16.   16.   16.   16.   16.   16.   16.   16.   16.   16.   16.
   16.   16. 
   16.   16.   16.   16.   16.   16.   16.   16.   16.   16. 2041. 2041.
   16.   16.   16.   16.   16.   16.   16.   16. 2041. 2041. 2776. 2776.
 2776. 2041. 
 2041. 2041. 2776. 2776. 2776. 2041. 2041.   16. 2041. 2776. 2776. 2041.
 2776. 2776. 2776. 2041. 2776. 2776. 2041. 2041.   16.   16.   16.   16.
   16.   16. 
   16.   16.   16.   16.   16.   16.   16.   16.   16.   16.   16.   16.
   16.   16.   16.   16.   16.   16.   16.   16.   16.   16.   16. 2041.
   16.   16. 
   16.   16.   16.   16.   16. 2041. 2041. 2776. 2776. 2776. 2041. 2041.
 2776. 2041. 2041. 2041. 2041. 2041. 2041. 2041. 2041. 2041. 2041. 2041.
 2776. 2776. 
 2776. 2041. 2041. 2041. 2041.   16.   16.   16.   16.   16.   16.   16.
   16.   16.   16.   16.   16.   16.   16.   16.   16.   16.   16.   16.
   16.   16. 
   16.   16.   16.   16.   16.   16.   16.   16.   16. 2041.   16.   16.
   16.   16.   16.   16.   16. 2041. 2776. 2776. 2776. 2041. 2041. 2776.
 2776. 2776. 
 2041. 2041. 2041. 2776. 2776. 2776. 2776. 2776. 2776. 2776. 2776. 2776.
 2041. 2041.   16.   16.   16.   16.   16.   16.   16.   16.   16.   16.
   16.   16. 
   16.   16.   16.   16.   16.   16.   16.   16.   16.   16.   16.   16.
   16.   16.   16.   16.   16.   16.   16.   16.   16. 2041.   16.   16.
   16.   16. 
 2041. 2041. 2041. 2041. 2776. 2776. 2776. 2041. 2041. 2041. 2041. 2041.
 2776. 2041. 2776. 2776. 2776. 2776. 2776. 2776. 2776. 2776. 2776. 2776.
 2041.   16. 
 16. 16. 16. 16. 16. 16. 16. 16. 16. 16. 16. 16. 16. 16. 16. 16. 16. 16.
 16. 16. 16. 16. 16. 16. 16. 16. 
   16.   16.   16.   16.   16.   16.   16. 2041. 2041. 2041. 2041. 2041.
 2041. 2041. 2041. 2776. 2776. 2776. 2041. 2041. 2041. 2041. 2776. 2776.
 2041. 2041. 
 2776. 2776. 2776. 2776. 2776. 2776. 2776. 2776. 2776. 2041. 2041.   16.
   16.   16.   16.   16.   16.   16.   16.   16.   16.   16.   16.   16.
   16.   16. 
   16.   16.   16.   16.   16.   16.   16.   16.   16.   16.   16.   16.
   16.   16.   16.   16.   16.   16. 2041. 2041. 2776. 2776. 2776. 2776.
 2776. 2776. 
 2776. 2776. 2776. 2776. 2041. 2041. 2776. 2776. 2776. 2776. 2041. 2776.
 2776. 2776. 2041. 2041. 2041. 2041. 2041. 2041. 2041.   16.   16.   16.
   16.   16. 
 16. 16. 16. 16. 16. 16. 16. 16. 16. 16. 16. 16. 16. 16. 16. 16. 16. 16.
 16. 16. 16. 16. 16. 16. 16. 16. 
   16.   16.   16. 2041. 2041. 2776. 2776. 2776. 2776. 2776. 2776. 2776.
 2776. 2776. 2776. 2041. 2041. 2776. 2776. 2776. 2776. 2041. 2041. 2776.
 2776. 2776. 
 2041. 2041.   16.   16.   16.   16.   16.   16.   16.   16.   16.   16.
   16.   16.   16.   16.   16.   16.   16.   16.   16.   16.   16.   16.
   16.   16. 
   16.   16.   16.   16.   16.   16.   16.   16.   16.   16.   16.   16.
   16.   16.   16. 2041. 2776. 2776. 2776. 2776. 2776. 2776. 2776. 2041.
 2041. 2041. 
 2041. 2041. 2041. 2776. 2776. 2776. 2041. 2041. 2041. 2776. 2776. 2776.
 2041.   16.   16.   16.   16.   16.   16.   16.   16.   16.   16.   16.
   16.   16. 
 16. 16. 16. 16. 16. 16. 16. 16. 16. 16. 16. 16. 16. 16. 16. 16. 16. 16.
 16. 16. 16. 16. 16. 16. 16. 16. 
 2041. 2041. 2776. 2776. 2041. 2041. 2041. 2041. 2041. 2041. 2041. 2041.
 2776. 2776. 2041. 2776. 2776. 2776. 2041. 2041. 2041. 2776. 2776. 2776.
 2041.   16. 
 16. 16. 16. 16. 16. 16. 16. 16. 16. 16. 16. 16. 16. 16. 16. 16. 16. 16.
 16. 16. 16. 16. 16. 16. 16. 16. 
   16.   16.   16.   16.   16.   16.   16.   16.   16.   16.   16.   16.
 2041. 2776. 2776. 2776. 2041. 2041. 2041. 2041.   16. 2041. 2041. 2776.
 2776. 2776. 
 2041. 2776. 2776. 2041. 2041. 2041. 2776. 2776. 2776. 2041.   16.   16.
   16.   16.   16.   16.   16.   16.   16.   16.   16.   16.   16.   16.
   16.   16. 
   16.   16.   16.   16.   16.   16.   16.   16.   16.   16.   16.   16.
   16.   16.   16.   16.   16.   16.   16.   16.   16.   16.   16. 2041.
 2041. 2776. 
 2776. 2041. 2041.   16.   16.   16. 2041. 2041. 2776. 2776. 2776. 2041.
 2041. 2776. 2776. 2041. 2041. 2776. 2776. 2776. 2776. 2041.   16.   16.
   16.   16. 
 16. 16. 16. 16. 16. 16. 16. 16. 16. 16. 16. 16. 16. 16. 16. 16. 16. 16.
 16. 16. 16. 16. 16. 16. 16. 16. 
   16.   16.   16.   16.   16.   16.   16.   16.   16. 2041. 2776. 2776.
 2776. 2041. 2041.   16.   16. 2041. 2041. 2776. 2776. 2776. 2776. 2041.
 2776. 2776. 
 2041. 2041. 2776. 2776. 2776. 2776. 2041. 2041.   16.   16.   16.   16.
   16.   16.   16.   16.   16.   16.   16.   16.   16.   16.   16.   16.
   16.   16. 
   16.   16.   16.   16.   16.   16.   16.   16.   16.   16.   16.   16.
   16.   16.   16.   16.   16.   16.   16.   16.   16. 2041. 2776. 2776.
 2776. 2041. 
 2041.   16. 2041. 2041. 2776. 2776. 2776. 2776. 2041. 2041. 2776. 2041.
 2041. 2776. 2776. 2776. 2776. 2041. 2041.   16.   16.   16.   16.   16.
   16.   16. 
 16. 16. 16. 16. 16. 16. 16. 16. 16. 16. 16. 16. 16. 16. 16. 16. 16. 16.
 16. 16. 16. 16. 16. 16. 16. 16. 
   16.   16.   16.   16.   16.   16.   16. 2041. 2041. 2776. 2776. 2041.
   16. 2041. 2041. 2776. 2776. 2776. 2776. 2041. 2041. 2041. 2041. 2041.
 2776. 2776. 
 2776. 2041. 2041. 2041.   16.   16.   16.   16.   16.   16.   16.   16.
   16.   16.   16.   16.   16.   16.   16.   16.   16.   16.   16.   16.
   16.   16. 
   16.   16.   16.   16.   16.   16.   16.   16.   16.   16.   16.   16.
   16.   16.   16.   16.   16.   16.   16. 2041. 2041. 2776. 2776. 2041.
   16. 2041. 
 2776. 2776. 2776. 2041. 2041. 2041.   16. 2041. 2041. 2776. 2776. 2776.
 2041. 2041.   16.   16.   16.   16.   16.   16.   16.   16.   16.   16.
   16.   16. 
 16. 16. 16. 16. 16. 16. 16. 16. 16. 16. 16. 16. 16. 16. 16. 16. 16. 16.
 16. 16. 16. 16. 16. 16. 16. 16. 
   16.   16.   16.   16.   16. 2041. 2776. 2776. 2776. 2041.   16. 2041.
 2776. 2776. 2776. 2041. 2041.   16.   16. 2041. 2776. 2776. 2776. 2041.
 2041.   16. 
 16. 16. 16. 16. 16. 16. 16. 16. 16. 16. 16. 16. 16. 16. 16. 16. 16. 16.
 16. 16. 16. 16. 16. 16. 16. 16. 
   16.   16.   16.   16.   16.   16.   16.   16.   16.   16.   16.   16.
 2041. 2041. 2041. 2041. 2041. 2041. 2776. 2776. 2776. 2041. 2041. 2041.
 2776. 2776. 
 2041. 2041. 2041. 2041.   16. 2041. 2776. 2776. 2776. 2041.   16.   16.
   16.   16.   16.   16.   16.   16.   16.   16.   16.   16.   16.   16.
   16.   16. 
   16.   16.   16.   16.   16.   16.   16.   16.   16.   16.   16.   16.
   16.   16.   16.   16.   16.   16.   16.   16.   16.   16. 2041. 2041.
 2041. 2776. 
 2776. 2776. 2776. 2776. 2776. 2776. 2041. 2041. 2776. 2776. 2776. 2776.
 2041. 2041. 2041. 2041.   16. 2041. 2776. 2776. 2776. 2041.   16.   16.
   16.   16. 
 16. 16. 16. 16. 16. 16. 16. 16. 16. 16. 16. 16. 16. 16. 16. 16. 16. 16.
 16. 16. 16. 16. 16. 16. 16. 16. 
   16.   16.   16.   16.   16.   16.   16. 2041. 2041. 2776. 2776. 2776.
 2776. 2776. 2776. 2776. 2776. 2776. 2041.   16. 2776. 2776. 2776. 2776.
 2041. 2776. 
 2776. 2041.   16. 2041. 2776. 2776. 2776. 2041.   16.   16.   16.   16.
   16.   16.   16.   16.   16.   16.   16.   16.   16.   16.   16.   16.
   16.   16. 
   16.   16.   16.   16.   16.   16.   16.   16.   16.   16.   16.   16.
   16.   16.   16.   16.   16.   16.   16. 2041. 2776. 2776. 2776. 2776.
 2776. 2776. 
 2776. 2041. 2041. 2041.   16.   16. 2776. 2776. 2776. 2041. 2041. 2776.
 2776. 2041.   16. 2041. 2041. 2776. 2776. 2041. 2041.   16.   16.   16.
   16.   16. 
 16. 16. 16. 16. 16. 16. 16. 16. 16. 16. 16. 16. 16. 16. 16. 16. 16. 16.
 16. 16. 16. 16. 16. 16. 16. 16. 
   16.   16.   16.   16. 2041. 2041. 2776. 2776. 2776. 2041. 2041. 2041.
 2041. 2041. 2041.   16.   16.   16. 2041. 2041. 2041. 2041. 2776. 2776.
 2776. 2041. 
 2041. 2041. 2041. 2776. 2776. 2776. 2041.   16.   16.   16.   16.   16.
   16.   16.   16.   16.   16.   16.   16.   16.   16.   16.   16.   16.
   16.   16. 
   16.   16.   16.   16.   16.   16.   16.   16.   16.   16.   16.   16.
   16.   16.   16.   16. 2041. 2776. 2776. 2776. 2041. 2041.   16.   16.
   16.   16. 
   16.   16.   16.   16. 2041. 2041. 2041. 2776. 2776. 2041. 2041. 2041.
 2041. 2776. 2776. 2776. 2776. 2776. 2041.   16.   16.   16.   16.   16.
   16.   16. 
 16. 16. 16. 16. 16. 16. 16. 16. 16. 16. 16. 16. 16. 16. 16. 16. 16. 16.
 16. 16. 16. 16. 16. 16. 16. 16. 
   16.   16. 2041. 2776. 2776. 2776. 2041. 2041.   16.   16.   16.   16.
   16.   16.   16.   16. 2041. 2776. 2776. 2776. 2041. 2041. 2776. 2776.
 2776. 2776. 
 2776. 2776. 2776. 2041. 2041.   16.   16.   16.   16.   16.   16.   16.
   16.   16.   16.   16.   16.   16.   16.   16.   16.   16.   16.   16.
   16.   16. 
   16.   16.   16.   16.   16.   16.   16.   16.   16.   16.   16.   16.
   16.   16. 2041. 2776. 2776. 2776. 2041.   16.   16.   16.   16.   16.
   16.   16. 
   16.   16. 2776. 2776. 2776. 2776. 2041. 2776. 2776. 2776. 2776. 2776.
 2776. 2776. 2776. 2041.   16.   16.   16.   16.   16.   16.   16.   16.
   16.   16. 
 16. 16. 16. 16. 16. 16. 16. 16. 16. 16. 16. 16. 16. 16. 16. 16. 16. 16.
 16. 16. 16. 16. 16. 16. 16. 16. 
 2041. 2776. 2776. 2776. 2041.   16.   16.   16.   16.   16.   16.   16.
   16.   16. 2776. 2776. 2041. 2041. 2041. 2776. 2776. 2776. 2041. 2041.
 2041. 2041. 
 2041.   16.   16.   16.   16.   16.   16.   16.   16.   16.   16.   16.
   16.   16.   16.   16.   16.   16.   16.   16.   16.   16.   16.   16.
   16.   16. 
   16.   16.   16.   16.   16.   16.   16.   16.   16.   16.   16. 2041.
 2041. 2776. 2776. 2776. 2041.   16.   16.   16.   16.   16.   16.   16.
   16. 2041. 
 2776. 2041. 2041.   16. 2041. 2776. 2776. 2776. 2041.   16.   16.   16.
   16.   16.   16.   16.   16.   16.   16.   16.   16.   16.   16.   16.
   16.   16. 
   16.   16.   16.   16.   16.   16.   16.   16.   16.   16.   16.   16.
   16.   16.   16.   16.   16.   16.   16.   16.   16.   16. 2041. 2041.
 2776. 2776. 
 2776. 2041. 2041.   16.   16.   16.   16.   16.   16.   16.   16. 2041.
 2041. 2041. 2041. 2041. 2776. 2776. 2776. 2776. 2041.   16.   16.   16.
   16.   16. 
 16. 16. 16. 16. 16. 16. 16. 16. 16. 16. 16. 16. 16. 16. 16. 16. 16. 16.
 16. 16. 16. 16. 16. 16. 16. 16. 
   16.   16.   16.   16.   16.   16.   16. 2041. 2776. 2776. 2776. 2776.
 2776. 2041.   16.   16.   16.   16.   16.   16.   16.   16.   16. 2041.
 2776. 2776. 
 2776. 2041. 2776. 2776. 2776. 2776. 2041.   16.   16.   16.   16.   16.
   16.   16.   16.   16.   16.   16.   16.   16.   16.   16.   16.   16.
   16.   16. 
   16.   16.   16.   16.   16.   16.   16.   16.   16.   16.   16.   16.
   16.   16.   16.   16.   16. 2041. 2041. 2776. 2776. 2776. 2776. 2776.
 2041.   16. 
   16.   16.   16.   16.   16.   16.   16.   16.   16. 2041. 2776. 2776.
 2776. 2776. 2776. 2776. 2776. 2041.   16.   16.   16.   16.   16.   16.
   16.   16. 
 16. 16. 16. 16. 16. 16. 16. 16. 16. 16. 16. 16. 16. 16. 16. 16. 16. 16.
 16. 16. 16. 16. 16. 16. 16. 16. 
   16.   16. 2041. 2041. 2776. 2776. 2776. 2776. 2041. 2041.   16.   16.
   16.   16.   16.   16.   16.   16.   16.   16.   16. 2041. 2776. 2776.
 2776. 2776. 
 2776. 2776. 2041. 2041.   16.   16.   16.   16.   16.   16.   16.   16.
   16.   16.   16.   16.   16.   16.   16.   16.   16.   16.   16.   16.
   16.   16. 
   16.   16.   16.   16.   16.   16.   16.   16.   16.   16.   16.   16.
   16.   16. 2041. 2776. 2776. 2776. 2776. 2041. 2041.   16.   16.   16.
   16.   16. 
   16. 2041. 2041. 2041. 2041.   16.   16. 2041. 2041. 2041. 2776. 2776.
 2776. 2776. 2041.   16.   16.   16.   16.   16.   16.   16.   16.   16.
   16.   16. 
 16. 16. 16. 16. 16. 16. 16. 16. 16. 16. 16. 16. 16. 16. 16. 16. 16. 16.
 16. 16. 16. 16. 16. 16. 16. 16. 
 2041. 2776. 2776. 2041. 2041.   16.   16.   16.   16.   16.   16. 2041.
 2041. 2041. 2041. 2041. 2041. 2041. 2041. 2041.   16. 2041. 2041. 2041.
 2041. 2041. 
 16. 16. 16. 16. 16. 16. 16. 16. 16. 16. 16. 16. 16. 16. 16. 16. 16. 16.
 16. 16. 16. 16. 16. 16. 16. 16. 
   16.   16.   16.   16.   16.   16.   16.   16.   16.   16.   16. 2041.
 2041. 2776. 2776. 2041. 2041.   16.   16.   16.   16.   16. 2041. 2041.
 2776. 2776. 
 2776. 2776. 2776. 2041. 2041. 2776.   16.   16.   16.   16.   16.   16.
   16.   16.   16.   16.   16.   16.   16.   16.   16.   16.   16.   16.
   16.   16. 
   16.   16.   16.   16.   16.   16.   16.   16.   16.   16.   16.   16.
   16.   16.   16.   16.   16.   16.   16.   16.   16.   16.   16.   16.
 2041. 2776. 
 2776. 2041. 2041.   16.   16.   16.   16.   16. 2041. 2776. 2776. 2776.
 2776. 2776. 2776. 2776. 2776. 2776.   16.   16.   16.   16.   16.   16.
   16.   16. 
 16. 16. 16. 16. 16. 16. 16. 16. 16. 16. 16. 16. 16. 16. 16. 16. 16. 16.
 16. 16. 16. 16. 16. 16. 16. 16. 
   16.   16.   16.   16.   16.   16.   16.   16.   16.   16. 2041. 2776.
 2776. 2041. 2041.   16.   16.   16.   16. 2041. 2041. 2776. 2776. 2776.
 2776. 2776. 
 2776. 2776. 2776. 2776.   16.   16.   16.   16.   16.   16.   16.   16.
   16.   16.   16.   16.   16.   16.   16.   16.   16.   16.   16.   16.
   16.   16. 
   16.   16.   16.   16.   16.   16.   16.   16.   16.   16.   16.   16.
   16.   16.   16.   16.   16.   16.   16.   16.   16.   16. 2041. 2776.
 2776. 2776. 
 2041. 2041. 2041. 2041. 2041. 2041. 2776. 2776. 2776. 2041. 2041. 2041.
 2041. 2776. 2776. 2776.   16.   16.   16.   16.   16.   16.   16.   16.
   16.   16. 
 16. 16. 16. 16. 16. 16. 16. 16. 16. 16. 16. 16. 16. 16. 16. 16. 16. 16.
 16. 16. 16. 16. 16. 16. 16. 16. 
   16.   16.   16.   16.   16.   16.   16.   16. 2041. 2776. 2776. 2776.
 2041. 2041. 2776. 2776. 2041. 2041. 2776. 2776. 2776. 2041. 2041. 2776.
 2041. 2041. 
 2041. 2041.   16.   16.   16.   16.   16.   16.   16.   16.   16.   16.
   16.   16.   16.   16.   16.   16.   16.   16.   16.   16.   16.   16.
   16.   16. 
   16.   16.   16.   16.   16.   16.   16.   16.   16.   16.   16.   16.
   16.   16.   16.   16.   16.   16.   16.   16. 2041. 2041. 2776. 2041.
 2041. 2776. 
 2776. 2776. 2041. 2776. 2776. 2776. 2041. 2041. 2041. 2041.   16.   16.
 2041. 2041.   16.   16.   16.   16.   16.   16.   16.   16.   16.   16.
   16.   16. 
 16. 16. 16. 16. 16. 16. 16. 16. 16. 16. 16. 16. 16. 16. 16. 16. 16. 16.
 16. 16. 16. 16. 16. 16. 16. 16. 
   16.   16.   16.   16.   16.   16. 2041. 2776. 2041. 2041. 2041. 2041.
 2041. 2041. 2041. 2776. 2776. 2776. 2041. 2041. 2041.   16.   16.   16.
   16.   16. 
 16. 16. 16. 16. 16. 16. 16. 16. 16. 16. 16. 16. 16. 16. 16. 16. 16. 16.
 16. 16. 16. 16. 16. 16. 16. 16. 
   16.   16.   16.   16.   16.   16.   16.   16.   16.   16.   16.   16.
   16.   16.   16.   16.   16. 2041. 2041. 2041. 2041. 2041. 2041. 2041.
 2041. 2041. 
 2041. 2776. 2776. 2776. 2041. 2041.   16.   16.   16.   16.   16.   16.
   16.   16.   16.   16.   16.   16.   16.   16.   16.   16.   16.   16.
   16.   16. 
 16. 16. 16. 16. 16. 16. 16. 16. 16. 16. 16. 16. 16. 16. 16. 16. 16. 16.
 16. 16. 16. 16. 16. 16. 16. 16. 
   16.   16. 2041. 2041. 2041. 2041. 2776. 2776. 2776. 2776. 2776. 2776.
 2776. 2776. 2776. 2041. 2041.   16.   16.   16.   16.   16.   16.   16.
   16.   16. 
 16. 16. 16. 16. 16. 16. 16. 16. 16. 16. 16. 16. 16. 16. 16. 16. 16. 16.
 16. 16. 16. 16. 16. 16. 16. 16. 
   16.   16.   16.   16.   16.   16.   16.   16.   16.   16.   16.   16.
 2041. 2041. 2041. 2041. 2041. 2041. 2776. 2776. 2776. 2776. 2776. 2776.
 2776. 2776. 
 2776. 2041.   16.   16.   16.   16.   16.   16.   16.   16.   16.   16.
   16.   16.   16.   16.   16.   16.   16.   16.   16.   16.   16.   16.
   16.   16. 
   16.   16.   16.   16.   16.   16.   16.   16.   16.   16.   16.   16.
   16.   16.   16.   16.   16.   16.   16.   16.   16. 2041. 2041. 2041.
 2776. 2776. 
 2776. 2776. 2041. 2041. 2776. 2776. 2041. 2041. 2041. 2041. 2041. 2041.
 2041. 2041.   16.   16.   16.   16.   16.   16.   16.   16.   16.   16.
   16.   16. 
 16. 16. 16. 16. 16. 16. 16. 16. 16. 16. 16. 16. 16. 16. 16. 16. 16. 16.
 16. 16. 16. 16. 16. 16. 16. 16. 
   16.   16.   16.   16.   16.   16. 2041. 2041. 2776. 2776. 2776. 2776.
 2776. 2776. 2041. 2041. 2776. 2776. 2041. 2041. 2041. 2041. 2041. 2041.
   16.   16. 
 16. 16. 16. 16. 16. 16. 16. 16. 16. 16. 16. 16. 16. 16. 16. 16. 16. 16.
 16. 16. 16. 16. 16. 16. 16. 16. 
   16.   16.   16.   16.   16.   16.   16.   16.   16.   16.   16.   16.
   16.   16.   16.   16.   16.   16. 2041. 2776. 2776. 2776. 2776. 2776.
 2041. 2041. 
 2041. 2041. 2776. 2776. 2776. 2041.   16.   16.   16.   16.   16.   16.
   16.   16.   16.   16.   16.   16.   16.   16.   16.   16.   16.   16.
   16.   16. 
 16. 16. 16. 16. 16. 16. 16. 16. 16. 16. 16. 16. 16. 16. 16. 16. 16. 16.
 16. 16. 16. 16. 16. 16. 16. 16. 
   16.   16.   16.   16. 2041. 2776. 2776. 2776. 2041. 2041. 2041. 2041.
 2041. 2041. 2776. 2776. 2776. 2041. 2041.   16.   16.   16.   16.   16.
   16.   16. 
 16. 16. 16. 16. 16. 16. 16. 16. 16. 16. 16. 16. 16. 16. 16. 16. 16. 16.
 16. 16. 16. 16. 16. 16. 16. 16. 
   16.   16.   16.   16.   16.   16.   16.   16.   16.   16.   16.   16.
   16.   16.   16. 2041. 2041. 2776. 2776. 2041. 2041. 2041. 2776. 2776.
 2776. 2041. 
 2041. 2776. 2776. 2041. 2041.   16.   16.   16.   16.   16.   16.   16.
   16.   16.   16.   16.   16.   16.   16.   16.   16.   16.   16.   16.
   16.   16. 
   16.   16.   16.   16.   16.   16.   16.   16.   16.   16.   16.   16.
   16.   16.   16.   16.   16.   16.   16.   16.   16.   16.   16.   16.
 2041. 2041. 
 2041. 2041. 2776. 2776. 2041. 2041. 2776. 2776. 2776. 2776. 2776. 2776.
 2776. 2776. 2776. 2041. 2041.   16.   16.   16.   16.   16.   16.   16.
   16.   16. 
 16. 16. 16. 16. 16. 16. 16. 16. 16. 16. 16. 16. 16. 16. 16. 16. 16. 16.
 16. 16. 16. 16. 16. 16. 16. 16. 
   16.   16.   16.   16.   16.   16.   16.   16.   16. 2041. 2776. 2776.
 2776. 2041. 2776. 2776. 2041. 2041. 2776. 2776. 2041. 2041. 2776. 2776.
 2776. 2776. 
 2041. 2041.   16.   16.   16.   16.   16.   16.   16.   16.   16.   16.
   16.   16.   16. 2041.   16.   16.   16.   16.   16.   16.   16.   16.
   16.   16. 
   16.   16.   16.   16.   16.   16.   16.   16.   16.   16.   16.   16.
   16.   16.   16.   16.   16.   16.   16.   16. 2041. 2776. 2776. 2776.
 2776. 2776. 
 2776. 2776. 2041. 2041. 2776. 2776. 2041. 2041. 2041. 2041. 2041. 2041.
 2041.   16.   16.   16.   16.   16.   16.   16.   16.   16.   16.   16.
   16.   16. 
 2041. 2041.   16.   16.   16.   16.   16.   16.   16.   16.   16.   16.
   16.   16.   16.   16.   16.   16.   16.   16.   16.   16.   16.   16.
   16.   16. 
   16.   16.   16.   16.   16.   16. 2041. 2776. 2776. 2776. 2776. 2776.
 2776. 2776. 2041. 2041. 2776. 2776. 2041. 2041. 2041. 2041. 2041. 2041.
   16.   16. 
   16.   16.   16.   16.   16.   16.   16.   16.   16.   16.   16.   16.
 2041. 2041.   16.   16.   16.   16.   16.   16.   16.   16.   16.   16.
   16.   16. 
   16.   16.   16.   16.   16.   16.   16.   16.   16.   16.   16.   16.
   16.   16.   16.   16.   16. 2041. 2041. 2776. 2776. 2041. 2041. 2776.
 2776. 2776. 
 2041. 2776. 2776. 2776. 2041. 2041. 2041.   16.   16.   16.   16.   16.
   16.   16.   16.   16.   16.   16.   16.   16.   16.   16. 2041. 2041.
 2041. 2776. 
 16. 16. 16. 16. 16. 16. 16. 16. 16. 16. 16. 16. 16. 16. 16. 16. 16. 16.
 16. 16. 16. 16. 16. 16. 16. 16. 
   16.   16.   16. 2041. 2776. 2776. 2776. 2041. 2041. 2041. 2041. 2041.
 2041. 2041. 2776. 2776. 2041. 2041.   16.   16.   16.   16.   16.   16.
   16.   16. 
   16.   16.   16.   16.   16.   16. 2041. 2041. 2041. 2041. 2776. 2776.
   16.   16.   16.   16.   16.   16.   16.   16.   16.   16.   16.   16.
   16.   16. 
   16.   16.   16.   16.   16.   16.   16.   16.   16.   16.   16. 2041.
 2041. 2041. 2041. 2041. 2776. 2776. 2776. 2041. 2776. 2776. 2776. 2041.
 2041. 2776. 
 2776. 2776. 2041. 2041.   16.   16.   16.   16.   16.   16.   16.   16.
   16.   16.   16.   16.   16. 2041. 2041. 2776. 2776. 2776. 2776. 2776.
   16.   16. 
   16.   16.   16.   16.   16.   16.   16.   16.   16.   16.   16.   16.
   16.   16.   16.   16.   16.   16.   16.   16.   16. 2041. 2041. 2041.
 2041. 2776. 
 2776. 2776. 2776. 2776. 2041. 2041. 2776. 2776. 2041. 2041. 2041. 2776.
 2776. 2776. 2041.   16.   16.   16.   16.   16.   16.   16.   16.   16.
   16.   16. 
   16.   16. 2041. 2041. 2776. 2776. 2776. 2776. 2776. 2776.   16.   16.
   16.   16.   16.   16.   16.   16.   16.   16.   16.   16.   16.   16.
   16.   16. 
   16.   16.   16.   16.   16.   16. 2041. 2041. 2776. 2776. 2776. 2776.
 2776. 2776. 2776. 2776. 2041. 2776. 2776. 2776. 2041. 2041. 2041. 2776.
 2776. 2776. 
 2041.   16.   16.   16.   16.   16.   16.   16.   16.   16.   16.   16.
   16. 2041. 2041. 2776. 2776. 2776. 2776. 2776. 2041. 2041.   16.   16.
   16.   16. 
   16.   16.   16.   16.   16.   16.   16.   16.   16.   16.   16.   16.
   16.   16.   16.   16.   16. 2041. 2041. 2776. 2776. 2776. 2776. 2776.
 2776. 2776. 
 2041. 2041. 2776. 2776. 2041. 2041. 2041. 2041. 2041. 2776. 2776. 2041.
 2041.   16.   16.   16.   16.   16.   16.   16.   16.   16.   16.   16.
   16. 2041. 
 2041. 2776. 2776. 2041. 2041. 2041. 2041. 2041.   16.   16.   16.   16.
   16.   16.   16.   16.   16.   16.   16.   16.   16.   16.   16.   16.
   16.   16. 
   16.   16.   16. 2041. 2776. 2776. 2776. 2776. 2041. 2041. 2041. 2041.
 2041. 2776. 2041. 2041. 2041. 2041. 2041. 2776. 2776. 2776. 2776. 2041.
 2041.   16. 
   16.   16.   16.   16.   16.   16.   16.   16.   16.   16.   16. 2041.
 2776. 2776. 2776. 2041. 2041.   16.   16.   16.   16.   16.   16.   16.
   16.   16. 
   16.   16.   16.   16.   16.   16.   16.   16.   16.   16.   16.   16.
   16.   16.   16. 2041. 2776. 2776. 2776. 2041. 2041. 2041. 2041. 2041.
 2041. 2041. 
 2041. 2776. 2776. 2776. 2776. 2776. 2776. 2776. 2776. 2041. 2041.   16.
   16.   16.   16.   16.   16.   16.   16.   16.   16.   16.   16. 2041.
 2776. 2776. 
 2776. 2041. 2041.   16.   16.   16.   16.   16.   16.   16.   16.   16.
   16.   16.   16.   16.   16.   16.   16.   16.   16.   16.   16.   16.
   16.   16. 
 2041. 2041. 2776. 2776. 2776. 2041. 2041.   16.   16.   16.   16. 2041.
 2776. 2776. 2776. 2776. 2776. 2776. 2776. 2776. 2041. 2041.   16.   16.
   16.   16. 
   16.   16.   16.   16.   16.   16.   16.   16.   16. 2041. 2776. 2776.
 2776. 2041. 2041.   16.   16.   16.   16.   16.   16.   16.   16.   16.
   16.   16. 
   16.   16.   16.   16.   16.   16.   16.   16. 2041. 2041. 2041. 2041.
 2041. 2776. 2776. 2776. 2776. 2041.   16.   16.   16.   16.   16. 2041.
 2776. 2776. 
 2776. 2041. 2041. 2041. 2041. 2041. 2041.   16.   16.   16.   16.   16.
   16.   16.   16.   16.   16.   16.   16.   16.   16. 2041. 2041. 2776.
 2776. 2776. 
 2041. 2041.   16.   16.   16.   16.   16.   16.   16.   16.   16.   16.
   16.   16.   16.   16.   16.   16. 2041. 2041. 2041. 2776. 2776. 2776.
 2776. 2776. 
 2776. 2776. 2041. 2041.   16.   16.   16.   16.   16. 2041. 2776. 2776.
 2776. 2041. 2041. 2041. 2041.   16.   16.   16.   16.   16.   16.   16.
   16.   16. 
   16.   16.   16.   16.   16.   16.   16. 2041. 2041. 2776. 2776. 2776.
 2041. 2041.   16.   16.   16.   16.   16.   16.   16.   16.   16.   16.
   16.   16. 
   16.   16.   16. 2041. 2041. 2776. 2776. 2776. 2776. 2776. 2776. 2776.
 2776. 2776. 2041. 2041.   16.   16.   16.   16.   16. 2041. 2776. 2776.
 2776. 2041. 
 2041.   16.   16.   16.   16.   16.   16.   16.   16.   16.   16.   16.
   16.   16.   16.   16.   16.   16.   16. 2041. 2041. 2776. 2776. 2776.
 2041. 2041. 
   16.   16.   16.   16.   16.   16.   16.   16.   16.   16.   16.   16.
   16.   16.   16. 2041. 2776. 2776. 2776. 2776. 2776. 2776. 2776. 2776.
 2041. 2041. 
 2041.   16.   16.   16.   16.   16.   16. 2041. 2041. 2776. 2776. 2041.
 2041.   16.   16.   16.   16.   16.   16.   16.   16.   16.   16.   16.
   16.   16. 
   16.   16.   16.   16. 2041. 2041. 2041. 2776. 2776. 2776. 2041.   16.
   16.   16. 
/