PERMI
   13.   13.   13.   13.   13.   13.   13.   13. 1637. 1637. 2035. 2035.
 2035. 2035. 2035. 2035. 2035. 2035. 2035. 2035. 2035. 2035. 1637. 1637.
   13.   13. 
 1637. 1637. 1637. 1637. 2035. 2035. 2035. 1637. 1637. 2035. 1637. 1637.
   13.   13.   13.   13.   13.   13.   13.   13.   13.   13. 1637. 1637.
 2035. 2035. 
 2035. 2035. 1637.   13.   13.   13.   13.   13.   13.   13.   13.   13.
   13.   13.   13.   13.   13.   13.   13.   13. 1637. 1637. 2035. 2035.
 2035. 2035. 
 2035. 2035. 2035. 2035. 2035. 2035. 2035. 1637. 1637.   13. 1637. 1637.
 1637. 1637. 1637. 2035. 2035. 2035. 2035. 1637. 1637. 2035. 1637.   13.
   13.   13. 
   13.   13.   13.   13.   13.   13.   13.   13.   13. 1637. 1637. 2035.
 2035. 2035. 1637. 1637.   13.   13.   13.   13.   13.   13.   13.   13.
   13.   13. 
   13.   13.   13.   13.   13.   13. 1637. 2035. 2035. 2035. 1637. 1637.
 1637. 1637. 1637. 1637. 1637. 1637. 1637. 1637. 1637. 1637. 1637. 2035.
 2035. 2035. 
 2035. 2035. 2035. 2035. 1637. 1637. 2035. 1637.   13.   13.   13.   13.
   13.   13.   13.   13. 1637. 1637. 1637. 1637. 1637. 1637. 1637. 1637.
 2035. 2035. 
 2035. 1637. 1637.   13.   13.   13.   13.   13.   13.   13.   13.   13.
   13.   13.   13.   13.   13.   13. 1637. 1637. 2035. 2035. 1637. 1637.
 1637. 1637. 
 1637. 1637. 1637. 1637. 1637. 1637. 2035. 2035. 2035. 2035. 2035. 2035.
 2035. 2035. 2035. 1637. 1637. 1637. 1637.   13.   13.   13.   13.   13.
   13.   13. 
   13. 1637. 1637. 2035. 2035. 2035. 2035. 2035. 2035. 1637. 1637. 2035.
 2035. 1637. 1637.   13.   13.   13.   13.   13.   13.   13.   13.   13.
   13.   13. 
   13.   13.   13.   13. 1637. 1637. 2035. 2035. 1637. 1637.   13.   13.
   13.   13.   13. 1637. 1637. 2035. 2035. 2035. 2035. 2035. 2035. 2035.
 2035. 2035. 
 1637. 1637. 1637.   13.   13.   13.   13.   13.   13.   13.   13.   13.
 1637. 2035. 2035. 2035. 2035. 2035. 2035. 2035. 2035. 2035. 2035. 2035.
 2035. 1637. 
 1637.   13.   13.   13.   13.   13.   13.   13.   13.   13.   13.   13.
   13.   13.   13.   13. 1637. 1637. 2035. 2035. 2035. 1637.   13.   13.
   13.   13. 
 1637. 2035. 2035. 2035. 2035. 2035. 2035. 2035. 2035. 2035. 1637. 1637.
 1637. 1637.   13.   13.   13.   13.   13.   13.   13.   13.   13.   13.
 1637. 2035. 
 2035. 2035. 2035. 2035. 2035. 2035. 2035. 2035. 2035. 2035. 1637. 1637.
   13.   13.   13.   13.   13.   13.   13.   13.   13.   13.   13.   13.
   13.   13. 
   13.   13. 1637. 1637. 2035. 2035. 2035. 1637.   13.   13.   13.   13.
 1637. 2035. 2035. 2035. 2035. 1637. 1637. 1637. 1637. 1637. 1637. 1637.
   13.   13. 
   13.   13.   13.   13.   13.   13.   13.   13.   13.   13. 1637. 2035.
 2035. 2035. 1637. 1637. 1637. 1637. 1637. 1637. 1637. 1637. 1637.   13.
   13.   13. 
   13.   13.   13.   13.   13.   13.   13.   13.   13.   13.   13.   13.
   13.   13. 1637. 1637. 2035. 2035. 2035. 1637.   13.   13.   13. 1637.
 1637. 2035. 
 2035. 2035. 1637. 1637. 1637. 2035. 2035. 2035. 2035. 1637. 1637.   13.
   13.   13.   13.   13.   13.   13.   13.   13.   13.   13. 1637. 2035.
 2035. 2035. 
 1637. 1637.   13.   13. 1637. 1637. 1637. 1637.   13.   13.   13.   13.
   13.   13.   13.   13.   13.   13.   13.   13.   13.   13.   13.   13.
   13.   13. 
   13. 1637. 2035. 2035. 2035. 1637.   13.   13.   13. 1637. 1637. 2035.
 2035. 2035. 1637.   13. 1637. 2035. 2035. 2035. 2035. 2035. 1637. 1637.
   13.   13. 
   13.   13.   13.   13.   13.   13.   13.   13. 1637. 2035. 2035. 2035.
 2035. 1637. 1637.   13.   13.   13.   13.   13.   13.   13.   13.   13.
   13.   13. 
   13.   13.   13.   13. 1637. 1637. 1637. 1637. 1637. 1637. 1637. 1637.
 1637. 1637. 2035. 2035. 2035. 1637.   13.   13.   13.   13. 1637. 2035.
 2035. 2035. 
 1637. 1637.   13. 1637. 1637. 2035. 2035. 2035. 2035. 1637. 1637.   13.
   13.   13.   13.   13.   13.   13.   13.   13. 1637. 1637. 2035. 2035.
 2035. 1637. 
 1637. 1637.   13.   13.   13.   13.   13.   13.   13.   13.   13.   13.
   13.   13. 1637. 1637. 1637. 1637. 1637. 1637. 1637. 1637. 1637. 1637.
 1637. 1637. 
 2035. 2035. 1637. 1637.   13.   13.   13.   13. 1637. 2035. 2035. 2035.
 1637. 1637.   13.   13. 1637. 1637. 1637. 2035. 2035. 2035. 1637. 1637.
   13.   13. 
   13.   13.   13.   13.   13.   13.   13. 1637. 1637. 2035. 2035. 2035.
 2035. 1637. 1637.   13.   13.   13.   13.   13.   13.   13.   13.   13.
   13. 1637. 
 1637. 2035. 2035. 2035. 2035. 2035. 2035. 2035. 2035. 2035. 2035. 2035.
 2035. 2035. 1637. 1637.   13.   13.   13.   13. 1637. 1637. 2035. 2035.
 2035. 1637. 
   13.   13.   13. 1637. 1637. 1637. 2035. 2035. 2035. 1637.   13.   13.
   13.   13.   13.   13.   13.   13.   13.   13. 1637. 1637. 2035. 2035.
 2035. 2035. 
 1637.   13.   13.   13.   13.   13.   13.   13.   13.   13.   13. 1637.
 2035. 2035. 2035. 2035. 2035. 2035. 2035. 2035. 2035. 2035. 2035. 2035.
 2035. 1637. 
 1637. 1637.   13.   13.   13.   13.   13. 1637. 2035. 2035. 2035. 1637.
 1637. 1637. 1637. 1637. 1637. 1637. 2035. 2035. 2035. 1637.   13.   13.
   13.   13. 
   13.   13.   13.   13.   13.   13.   13. 1637. 1637. 2035. 2035. 2035.
 1637.   13.   13.   13.   13.   13.   13.   13.   13.   13. 1637. 1637.
 2035. 2035. 
 2035. 2035. 2035. 2035. 1637. 2035. 2035. 2035. 1637. 1637. 1637. 1637.
 1637.   13.   13.   13.   13.   13.   13. 1637. 2035. 2035. 2035. 1637.
 1637. 2035. 
 2035. 2035. 2035. 2035. 2035. 2035. 1637. 1637.   13.   13.   13.   13.
   13.   13.   13.   13.   13.   13.   13. 1637. 1637. 1637. 2035. 2035.
 1637. 1637. 
   13.   13.   13.   13.   13.   13.   13.   13. 1637. 1637. 2035. 2035.
 2035. 1637. 1637. 1637. 1637. 1637. 1637. 1637. 1637. 1637. 1637. 1637.
   13.   13. 
   13.   13.   13.   13. 1637. 1637. 1637. 2035. 2035. 2035. 1637. 2035.
 2035. 2035. 2035. 2035. 2035. 1637. 1637.   13.   13.   13.   13.   13.
   13.   13. 
   13.   13.   13. 1637. 1637. 1637. 1637. 2035. 2035. 2035. 1637.   13.
   13.   13.   13.   13.   13.   13.   13.   13. 1637. 1637. 2035. 2035.
 2035. 1637. 
 1637.   13.   13.   13.   13.   13.   13.   13.   13.   13.   13.   13.
 1637. 1637. 1637. 1637. 1637. 1637. 2035. 2035. 2035. 2035. 1637. 2035.
 2035. 2035. 
 1637. 1637. 1637. 1637.   13.   13.   13.   13.   13.   13.   13.   13.
   13.   13. 1637. 1637. 1637. 2035. 2035. 2035. 2035. 1637. 1637.   13.
   13.   13. 
   13.   13.   13.   13.   13.   13.   13. 1637. 2035. 2035. 2035. 2035.
 1637. 1637.   13.   13.   13.   13.   13.   13.   13.   13. 1637. 1637.
 1637. 1637. 
 2035. 2035. 2035. 2035. 2035. 2035. 2035. 2035. 1637. 1637. 1637. 1637.
 1637. 1637.   13.   13.   13.   13.   13.   13.   13.   13.   13.   13.
 1637. 1637. 
 1637. 2035. 2035. 2035. 2035. 2035. 1637. 1637.   13.   13.   13.   13.
   13.   13.   13.   13.   13.   13.   13. 1637. 1637. 2035. 2035. 2035.
 1637. 1637. 
   13.   13.   13.   13.   13.   13.   13. 1637. 1637. 2035. 2035. 2035.
 2035. 2035. 2035. 2035. 2035. 2035. 1637. 1637. 1637.   13.   13.   13.
   13.   13. 
   13.   13.   13.   13.   13.   13.   13.   13.   13.   13. 1637. 1637.
 2035. 2035. 2035. 2035. 2035. 1637. 1637.   13.   13.   13.   13.   13.
   13.   13. 
   13.   13.   13.   13. 1637. 1637. 2035. 2035. 2035. 2035. 2035. 1637.
   13.   13.   13.   13.   13.   13. 1637. 1637. 2035. 2035. 2035. 2035.
 2035. 2035. 
 2035. 2035. 1637. 1637. 1637. 1637.   13.   13.   13.   13.   13.   13.
   13.   13.   13.   13.   13.   13.   13.   13.   13.   13. 1637. 2035.
 2035. 2035. 
 2035. 1637. 1637. 1637.   13.   13.   13.   13.   13.   13.   13. 1637.
 1637. 1637. 1637. 1637. 1637. 1637. 2035. 2035. 2035. 2035. 2035. 1637.
 1637.   13. 
   13.   13.   13.   13. 1637. 1637. 2035. 2035. 2035. 2035. 1637. 1637.
 1637. 1637. 1637. 1637. 2035. 1637. 1637.   13.   13.   13.   13.   13.
   13.   13. 
   13.   13.   13.   13.   13.   13.   13. 1637. 1637. 2035. 2035. 2035.
 1637. 1637. 1637.   13.   13.   13.   13.   13. 1637. 1637. 1637. 1637.
 1637. 1637. 
 2035. 2035. 2035. 2035. 2035. 2035. 1637. 2035. 2035. 1637. 1637.   13.
   13.   13.   13.   13. 1637. 2035. 2035. 2035. 1637. 1637.   13.   13.
   13. 1637. 
 1637. 2035. 2035. 2035. 1637.   13.   13.   13.   13.   13.   13.   13.
   13.   13.   13.   13.   13.   13.   13. 1637. 1637. 2035. 2035. 2035.
 2035. 1637. 
 1637.   13.   13.   13.   13. 1637. 1637. 1637. 2035. 2035. 2035. 2035.
 2035. 2035. 2035. 2035. 2035. 2035. 1637. 2035. 2035. 2035. 1637.   13.
   13.   13. 
   13.   13. 1637. 2035. 2035. 2035. 1637.   13.   13.   13.   13.   13.
 1637. 1637. 2035. 2035. 1637. 1637.   13.   13.   13.   13.   13.   13.
   13.   13. 
   13.   13.   13.   13.   13.   13. 1637. 1637. 2035. 2035. 2035. 1637.
 1637. 1637.   13.   13.   13. 1637. 1637. 2035. 2035. 2035. 2035. 2035.
 2035. 2035. 
 2035. 2035. 1637. 1637. 1637. 2035. 2035. 2035. 1637.   13.   13.   13.
   13.   13. 1637. 2035. 2035. 2035. 1637. 1637.   13.   13.   13.   13.
   13. 1637. 
 2035. 2035. 2035. 1637. 1637.   13.   13.   13.   13.   13.   13.   13.
   13.   13.   13.   13.   13.   13.   13. 1637. 1637. 2035. 2035. 2035.
 1637. 1637. 
   13.   13. 1637. 1637. 2035. 2035. 2035. 2035. 2035. 1637. 1637. 1637.
 1637. 1637. 1637. 1637. 1637. 1637. 2035. 2035. 1637. 1637.   13.   13.
   13.   13. 
 1637. 2035. 2035. 2035. 1637. 1637.   13.   13.   13.   13.   13. 1637.
 1637. 2035. 2035. 2035. 1637.   13.   13.   13.   13.   13.   13.   13.
   13.   13. 
   13.   13.   13.   13.   13.   13. 1637. 1637. 2035. 2035. 2035. 1637.
 1637.   13. 1637. 1637. 2035. 2035. 2035. 1637. 1637. 1637. 1637. 1637.
 1637. 2035. 
 2035. 2035. 1637. 2035. 2035. 2035. 1637. 1637.   13.   13.   13.   13.
 1637. 2035. 2035. 2035. 1637. 1637.   13.   13.   13.   13.   13.   13.
 1637. 2035. 
 2035. 2035. 1637.   13.   13.   13.   13.   13.   13.   13.   13.   13.
   13.   13.   13.   13.   13.   13. 1637. 1637. 1637. 2035. 2035. 2035.
 1637.   13. 
 1637. 1637. 2035. 2035. 2035. 1637. 1637. 1637.   13.   13. 1637. 2035.
 2035. 2035. 2035. 2035. 2035. 2035. 1637.   13.   13.   13.   13. 1637.
 1637. 2035. 
 2035. 2035. 1637. 1637.   13.   13.   13.   13.   13.   13. 1637. 2035.
 2035. 2035. 1637.   13.   13.   13.   13.   13.   13.   13.   13.   13.
   13.   13. 
   13.   13.   13.   13.   13. 1637. 1637. 1637. 2035. 2035. 1637. 1637.
   13. 1637. 2035. 2035. 2035. 2035. 2035. 1637. 1637.   13. 1637. 1637.
 2035. 2035. 
 2035. 2035. 2035. 1637. 1637. 1637. 1637. 1637. 1637. 1637. 2035. 2035.
 2035. 2035. 1637. 1637.   13.   13.   13.   13.   13.   13.   13. 1637.
 2035. 2035. 
 2035. 1637.   13.   13.   13.   13.   13.   13.   13.   13.   13.   13.
   13.   13.   13.   13. 1637. 1637. 1637. 1637. 2035. 2035. 1637. 1637.
 1637. 1637. 
 1637. 2035. 2035. 2035. 2035. 2035. 1637. 1637.   13. 1637. 2035. 2035.
 1637. 1637. 1637. 1637. 2035. 2035. 2035. 2035. 2035. 2035. 2035. 2035.
 2035. 2035. 
 1637.   13.   13.   13.   13.   13.   13.   13. 1637. 1637. 2035. 2035.
 2035. 1637.   13.   13.   13.   13.   13.   13.   13.   13.   13. 1637.
 1637. 1637. 
 1637. 1637. 1637. 1637. 2035. 2035. 2035. 2035. 1637. 1637. 2035. 1637.
 1637. 1637. 1637. 2035. 2035. 2035. 1637. 1637.   13. 1637. 1637. 2035.
 1637. 2035. 
 2035. 2035. 2035. 2035. 2035. 2035. 2035. 2035. 2035. 2035. 2035. 1637.
 1637.   13.   13. 1637. 1637. 1637. 1637. 1637. 1637. 2035. 2035. 2035.
 2035. 1637. 
   13.   13.   13.   13.   13.   13.   13.   13. 1637. 1637. 1637. 1637.
 2035. 2035. 2035. 2035. 2035. 2035. 2035. 2035. 1637. 1637. 2035. 2035.
 2035. 1637. 
 1637. 1637. 2035. 2035. 2035. 1637. 1637.   13. 1637. 1637. 2035. 2035.
 2035. 2035. 2035. 2035. 2035. 2035. 2035. 2035. 2035. 1637. 1637. 1637.
   13. 1637. 
 1637. 1637. 2035. 2035. 2035. 2035. 2035. 2035. 2035. 2035. 1637. 1637.
   13.   13.   13.   13.   13.   13.   13. 1637. 1637. 2035. 2035. 2035.
 2035. 2035. 
 2035. 2035. 2035. 2035. 2035. 1637. 1637. 2035. 2035. 2035. 2035. 2035.
 2035. 2035. 2035. 2035. 2035. 1637. 1637.   13.   13. 1637. 2035. 2035.
 2035. 2035. 
 1637. 1637. 1637. 1637. 1637. 1637. 1637. 1637.   13.   13. 1637. 1637.
 2035. 2035. 2035. 2035. 2035. 2035. 2035. 2035. 2035. 1637. 1637.   13.
   13.   13. 
   13.   13.   13.   13. 1637. 1637. 2035. 2035. 2035. 2035. 2035. 2035.
 2035. 2035. 1637. 1637. 1637. 1637. 2035. 2035. 1637. 1637. 2035. 2035.
 2035. 2035. 
 2035. 2035. 1637. 1637. 1637. 1637. 1637. 1637. 2035. 2035. 1637. 1637.
 1637.   13.   13.   13. 1637.   13.   13.   13.   13.   13. 1637. 2035.
 2035. 2035. 
 2035. 2035. 2035. 2035. 2035. 1637. 1637. 1637.   13.   13.   13.   13.
   13.   13.   13.   13. 1637. 2035. 2035. 2035. 1637. 1637. 1637. 1637.
 1637. 1637. 
 1637. 1637. 1637. 1637. 2035. 2035. 1637. 1637. 1637. 1637. 1637. 2035.
 2035. 1637. 1637. 1637. 1637. 2035. 2035. 2035. 2035. 1637. 1637.   13.
   13.   13. 
   13.   13.   13.   13.   13.   13.   13.   13.   13. 1637. 2035. 2035.
 2035. 1637. 1637. 1637. 1637. 1637.   13.   13.   13.   13.   13.   13.
   13.   13. 
   13.   13. 1637. 1637. 2035. 2035. 2035. 1637. 1637.   13.   13.   13.
   13.   13. 1637. 1637. 2035. 2035. 2035. 1637. 1637. 1637. 1637. 1637.
 1637. 1637. 
 1637. 1637. 2035. 2035. 2035. 2035. 2035. 1637.   13.   13.   13.   13.
   13.   13.   13.   13.   13.   13.   13.   13.   13. 1637. 1637. 2035.
 2035. 2035. 
 1637.   13.   13.   13.   13.   13.   13.   13.   13.   13.   13.   13.
   13.   13.   13. 1637. 2035. 2035. 2035. 2035. 1637. 1637. 1637.   13.
   13.   13. 
   13. 1637. 1637. 2035. 2035. 2035. 1637. 1637.   13.   13.   13. 1637.
 1637. 2035. 2035. 2035. 2035. 2035. 1637. 1637.   13.   13.   13.   13.
   13.   13. 
   13.   13.   13.   13.   13.   13.   13.   13. 1637. 1637. 2035. 2035.
 1637.   13.   13.   13.   13.   13.   13.   13.   13.   13.   13.   13.
   13.   13. 
   13. 1637. 1637. 1637. 2035. 2035. 2035. 2035. 1637. 1637. 1637.   13.
   13. 1637. 1637. 2035. 2035. 2035. 2035. 1637.   13.   13.   13. 1637.
 2035. 2035. 
 2035. 1637. 1637. 1637. 1637. 1637.   13.   13.   13.   13.   13.   13.
   13.   13.   13.   13.   13.   13.   13.   13. 1637. 1637. 2035. 2035.
 1637. 1637. 
   13.   13.   13.   13.   13.   13.   13.   13.   13.   13.   13.   13.
   13.   13.   13. 1637. 1637. 2035. 2035. 2035. 2035. 2035. 1637.   13.
   13.   13. 
 1637. 1637. 2035. 2035. 2035. 1637. 1637.   13.   13. 1637. 2035. 2035.
 2035. 1637. 1637. 1637. 1637. 1637.   13.   13.   13.   13.   13.   13.
   13.   13. 
 1637. 1637. 1637. 1637. 1637.   13. 1637. 1637. 2035. 2035. 1637. 1637.
   13.   13.   13.   13.   13.   13.   13.   13.   13.   13.   13.   13.
   13. 1637. 
 1637. 1637. 1637. 1637. 2035. 2035. 2035. 2035. 2035. 1637. 1637. 1637.
 1637. 1637. 1637. 2035. 2035. 1637. 1637.   13.   13. 1637. 1637. 2035.
 2035. 2035. 
 1637. 1637. 1637. 1637.   13.   13.   13.   13.   13.   13.   13. 1637.
 1637. 2035. 2035. 2035. 2035. 1637. 1637. 1637. 2035. 2035. 1637. 1637.
   13.   13. 
   13.   13.   13.   13.   13.   13.   13.   13. 1637. 1637. 1637. 1637.
 2035. 2035. 2035. 1637. 1637. 1637. 2035. 2035. 2035. 1637. 1637. 1637.
 1637. 1637. 
 1637. 2035. 2035. 1637. 1637.   13.   13.   13. 1637. 2035. 2035. 2035.
 2035. 1637. 1637. 1637.   13.   13.   13.   13.   13.   13. 1637. 1637.
 2035. 2035. 
 2035. 2035. 2035. 2035. 2035. 1637. 2035. 2035. 1637. 1637.   13.   13.
   13.   13.   13.   13.   13.   13.   13.   13. 1637. 2035. 2035. 2035.
 2035. 2035. 
 2035. 2035. 2035. 2035. 2035. 2035. 1637. 1637. 2035. 2035. 2035. 2035.
 2035. 2035. 2035. 1637. 1637.   13.   13.   13. 1637. 1637. 2035. 2035.
 2035. 2035. 
 1637. 1637.   13.   13.   13.   13.   13.   13. 1637. 2035. 2035. 2035.
 2035. 2035. 2035. 2035. 2035. 2035. 2035. 2035. 2035. 1637.   13.   13.
   13.   13. 
   13.   13.   13.   13.   13.   13. 1637. 2035. 2035. 2035. 2035. 2035.
 2035. 2035. 2035. 2035. 2035. 1637. 1637. 1637. 2035. 2035. 2035. 2035.
 2035. 2035. 
 2035. 1637.   13.   13.   13.   13.   13. 1637. 1637. 2035. 2035. 2035.
 1637.   13.   13.   13.   13.   13.   13.   13. 1637. 2035. 2035. 2035.
 1637. 2035. 
 2035. 2035. 2035. 2035. 2035. 2035. 1637. 1637.   13.   13.   13.   13.
   13.   13.   13.   13.   13.   13. 1637. 2035. 2035. 2035. 1637. 1637.
 1637. 1637. 
 1637. 1637. 1637. 1637. 1637. 2035. 1637. 1637. 1637. 1637. 1637. 1637.
 1637. 1637.   13.   13.   13.   13.   13. 1637. 1637. 1637. 2035. 2035.
 1637.   13. 
   13.   13.   13.   13.   13.   13. 1637. 1637. 2035. 2035. 1637. 1637.
 1637. 2035. 2035. 2035. 2035. 1637. 1637.   13.   13.   13.   13.   13.
   13.   13. 
   13.   13.   13.   13. 1637. 2035. 2035. 2035. 1637. 1637.   13. 1637.
 1637. 1637. 2035. 2035. 2035. 1637. 1637. 1637.   13. 1637. 1637. 1637.
   13.   13. 
   13.   13. 1637. 1637. 1637. 1637. 2035. 1637. 1637. 2035.   13.   13.
   13.   13.   13.   13.   13.   13.   13. 1637. 2035. 2035. 2035. 1637.
 1637. 1637. 
 1637. 1637. 1637. 1637.   13.   13.   13.   13.   13.   13.   13.   13.
   13.   13.   13.   13. 1637. 1637. 2035. 2035. 2035. 1637.   13.   13.
 1637. 1637. 
 2035. 2035. 2035. 1637. 1637.   13.   13.   13.   13.   13.   13.   13.
   13. 1637. 1637. 2035. 2035. 2035. 2035. 2035. 1637. 1637.   13.   13.
   13.   13. 
   13.   13.   13.   13.   13. 1637. 2035. 2035. 2035. 2035. 1637.   13.
   13.   13.   13.   13.   13.   13.   13.   13.   13.   13.   13.   13.
   13.   13. 
   13.   13.   13. 1637. 2035. 2035. 2035. 1637. 1637.   13. 1637. 1637.
 2035. 2035. 2035. 1637. 1637. 1637.   13.   13.   13.   13.   13.   13.
   13. 1637. 
 2035. 2035. 2035. 2035. 2035. 2035. 1637. 2035.   13.   13.   13.   13.
   13.   13.   13.   13.   13. 1637. 1637. 2035. 2035. 2035. 1637. 1637.
   13.   13. 
   13.   13.   13.   13.   13.   13.   13.   13.   13.   13.   13.   13.
   13.   13.   13. 1637. 1637. 2035. 2035. 2035. 1637.   13.   13. 1637.
 1637. 2035. 
 2035. 2035. 1637. 1637.   13.   13.   13.   13.   13.   13. 1637. 1637.
 2035. 2035. 2035. 2035. 1637. 1637. 1637. 2035.   13.   13. 1637. 1637.
 1637.   13. 
   13.   13.   13.   13. 1637. 1637. 2035. 2035. 2035. 1637.   13.   13.
   13.   13.   13.   13.   13.   13.   13.   13.   13.   13.   13.   13.
   13.   13. 
   13. 1637. 1637. 2035. 2035. 2035. 1637. 1637.   13. 1637. 1637. 1637.
 2035. 2035. 2035. 1637. 1637.   13.   13.   13.   13.   13. 1637. 1637.
 2035. 2035. 
 1637. 1637. 1637. 1637. 2035. 2035.   13. 1637. 1637. 2035. 1637. 1637.
 1637.   13.   13.   13.   13. 1637. 2035. 2035. 2035. 1637.   13.   13.
   13.   13. 
   13.   13.   13.   13.   13. 1637. 1637. 1637. 1637. 1637.   13.   13.
   13.   13. 1637. 2035. 2035. 2035. 1637. 1637.   13.   13. 1637. 1637.
 2035. 2035. 
 2035. 2035. 1637. 1637.   13.   13.   13.   13.   13. 1637. 2035. 2035.
 1637. 1637. 1637. 2035. 2035. 2035. 1637. 1637. 2035. 2035. 2035. 2035.
 2035. 1637. 
 1637. 1637.   13. 1637. 2035. 2035. 2035. 1637.   13.   13.   13.   13.
   13.   13.   13.   13. 1637. 1637. 1637. 1637. 1637. 1637. 1637. 1637.
 1637. 1637. 
 1637. 2035. 2035. 2035. 1637. 1637.   13.   13.   13. 1637. 1637. 2035.
 2035. 2035. 1637. 1637.   13.   13.   13.   13.   13. 1637. 1637. 1637.
 1637. 2035. 
 2035. 2035. 2035. 1637. 1637. 2035. 2035. 2035. 2035. 2035. 2035. 2035.
 2035. 2035. 1637. 1637. 2035. 2035. 2035. 1637.   13.   13.   13.   13.
   13.   13. 
   13. 1637. 1637. 2035. 2035. 2035. 2035. 2035. 2035. 2035. 2035. 2035.
 2035. 2035. 2035. 2035. 1637. 1637.   13. 1637. 1637. 1637. 1637. 2035.
 2035. 2035. 
 2035. 1637.   13.   13.   13.   13.   13. 1637. 1637. 2035. 2035. 2035.
 2035. 2035. 1637. 1637. 1637. 2035. 2035. 2035. 1637. 2035. 2035. 2035.
 2035. 2035. 
 2035. 2035. 2035. 2035. 2035. 1637.   13.   13.   13.   13.   13.   13.
 1637. 1637. 2035. 2035. 2035. 2035. 2035. 2035. 2035. 2035. 2035. 2035.
 2035. 2035. 
 2035. 2035. 1637. 1637. 1637. 1637. 1637. 1637. 2035. 2035. 2035. 2035.
 1637. 1637.   13.   13.   13.   13.   13. 1637. 2035. 2035. 2035. 2035.
 2035. 1637. 
 1637. 1637.   13. 1637. 2035. 2035. 1637. 1637. 1637. 2035. 2035. 2035.
 2035. 2035. 2035. 2035. 1637. 1637.   13.   13.   13.   13.   13.   13.
 1637. 1637. 
 2035. 2035. 2035. 2035. 2035. 2035. 2035. 2035. 2035. 2035. 2035. 2035.
 2035. 1637. 1637. 1637. 1637. 2035. 2035. 2035. 2035. 2035. 2035. 1637.
 1637. 1637. 
   13.   13.   13.   13.   13. 1637. 2035. 2035. 2035. 1637. 1637. 1637.
 2035. 1637.   13. 1637. 2035. 2035. 2035. 1637.   13. 1637. 1637. 1637.
 2035. 2035. 
 2035. 1637. 1637.   13.   13.   13.   13.   13.   13.   13. 1637. 2035.
 2035. 2035. 2035. 1637. 1637. 1637. 1637. 1637. 1637. 2035. 2035. 1637.
 1637. 1637. 
 2035. 2035. 2035. 2035. 2035. 2035. 2035. 2035. 2035. 1637. 1637.   13.
   13.   13.   13.   13.   13. 1637. 2035. 2035. 2035. 1637. 1637. 2035.
 2035. 2035. 
   13. 1637. 2035. 2035. 2035. 1637.   13.   13.   13.   13. 1637. 1637.
 1637.   13.   13.   13.   13.   13.   13.   13.   13.   13. 1637. 2035.
 2035. 2035. 
 2035. 1637. 1637. 1637. 1637. 1637. 1637. 1637. 1637. 1637. 1637. 2035.
 2035. 2035. 2035. 2035. 2035. 1637. 1637. 1637. 1637. 1637.   13.   13.
   13.   13. 
   13.   13.   13. 1637. 2035. 2035. 2035. 1637. 1637. 2035. 2035. 2035.
   13. 1637. 2035. 2035. 2035. 1637.   13.   13.   13.   13.   13.   13.
   13.   13. 
   13.   13.   13.   13.   13.   13.   13.   13. 1637. 1637. 2035. 2035.
 2035. 2035. 1637. 1637.   13.   13.   13.   13.   13.   13. 1637. 2035.
 2035. 2035. 
 2035. 1637. 1637. 1637. 1637. 1637.   13.   13.   13.   13.   13.   13.
   13.   13. 1637. 1637. 1637. 2035. 2035. 1637. 1637. 2035. 2035. 1637.
   13. 1637. 
 2035. 2035. 2035. 1637.   13.   13.   13.   13.   13.   13.   13.   13.
   13.   13.   13.   13.   13.   13.   13.   13.   13. 1637. 1637. 2035.
 2035. 2035. 
 1637. 1637. 1637.   13.   13.   13.   13. 1637. 1637. 2035. 2035. 2035.
 1637. 1637.   13.   13.   13.   13.   13.   13.   13.   13.   13.   13.
   13. 1637. 
 1637. 2035. 1637. 2035. 2035. 2035. 1637. 1637. 1637. 1637.   13. 1637.
 1637. 2035. 2035. 1637.   13.   13.   13.   13.   13.   13.   13.   13.
   13.   13. 
   13.   13.   13.   13.   13.   13.   13.   13. 1637. 2035. 2035. 2035.
 2035. 1637. 1637.   13.   13.   13.   13.   13. 1637. 2035. 2035. 2035.
 1637.   13. 
   13.   13.   13.   13.   13.   13.   13.   13.   13.   13.   13. 1637.
 2035. 2035. 1637. 1637. 2035. 2035. 2035. 1637. 1637.   13. 1637. 1637.
 1637. 2035. 
 2035. 1637.   13.   13.   13.   13.   13.   13.   13.   13.   13.   13.
   13.   13.   13.   13.   13.   13.   13.   13. 1637. 1637. 2035. 2035.
 2035. 2035. 
 1637. 1637.   13.   13.   13.   13. 1637. 2035. 2035. 2035. 1637. 1637.
   13.   13.   13.   13.   13.   13.   13.   13.   13.   13.   13. 1637.
 2035. 2035. 
 2035. 1637. 2035. 2035. 2035. 1637.   13.   13. 2035. 2035. 2035. 2035.
 2035. 1637.   13.   13.   13.   13.   13.   13.   13.   13.   13.   13.
   13.   13. 
   13.   13.   13.   13.   13.   13.   13. 1637. 1637. 2035. 2035. 2035.
 2035. 1637. 1637.   13.   13.   13. 1637. 1637. 2035. 2035. 2035. 1637.
 1637.   13. 
   13.   13.   13.   13.   13.   13.   13.   13.   13. 1637. 2035. 2035.
 2035. 1637. 1637. 2035. 2035. 1637. 1637.   13. 2035. 2035. 2035. 2035.
 1637. 1637. 
   13.   13.   13.   13.   13.   13.   13.   13.   13.   13.   13.   13.
   13.   13.   13.   13.   13.   13.   13.   13. 1637. 1637. 2035. 2035.
 2035. 1637. 
 1637.   13.   13.   13. 1637. 1637. 2035. 2035. 2035. 1637. 1637.   13.
   13.   13.   13.   13.   13.   13.   13.   13.   13.   13. 1637. 2035.
 2035. 1637. 
 1637. 2035. 2035. 1637. 1637.   13. 2035. 1637. 1637. 1637. 1637.   13.
   13.   13.   13.   13.   13.   13.   13.   13.   13.   13.   13.   13.
   13.   13. 
   13.   13. 1637. 1637. 1637. 1637. 1637. 1637. 2035. 2035. 2035. 1637.
 1637.   13.   13.   13.   13. 1637. 2035. 2035. 2035. 2035. 1637.   13.
   13.   13. 
   13.   13.   13.   13.   13.   13.   13.   13.   13. 1637. 1637. 1637.
 1637. 2035. 2035. 1637. 1637. 1637. 1637. 1637.   13.   13.   13.   13.
   13.   13. 
   13.   13.   13.   13.   13.   13.   13.   13.   13.   13.   13.   13.
 1637. 1637. 1637. 2035. 2035. 2035. 2035. 2035. 2035. 2035. 2035. 1637.
 1637.   13. 
   13.   13.   13. 1637. 1637. 2035. 2035. 2035. 1637. 1637.   13.   13.
   13.   13.   13.   13.   13.   13.   13.   13. 1637. 1637. 1637. 1637.
 2035. 2035. 
 1637. 2035. 2035. 2035.   13.   13.   13.   13.   13.   13.   13.   13.
   13.   13.   13.   13.   13.   13.   13.   13.   13.   13.   13.   13.
 1637. 2035. 
 2035. 2035. 2035. 2035. 2035. 2035. 2035. 2035. 1637. 1637.   13.   13.
   13.   13. 1637. 1637. 1637. 2035. 2035. 2035. 1637. 1637.   13.   13.
   13.   13. 
   13.   13.   13.   13.   13. 1637. 1637. 2035. 2035. 2035. 2035. 1637.
 2035. 2035. 2035. 2035.   13.   13.   13.   13.   13.   13.   13.   13.
   13.   13. 
   13.   13.   13.   13.   13.   13.   13.   13.   13. 1637. 1637. 2035.
 2035. 2035. 2035. 2035. 2035. 2035. 2035. 2035. 1637.   13.   13.   13.
 1637. 1637. 
 1637. 1637. 2035. 2035. 2035. 2035. 1637. 1637.   13.   13.   13.   13.
   13.   13.   13. 1637. 1637. 1637. 2035. 2035. 2035. 2035. 2035. 1637.
 2035. 2035. 
 2035. 1637.   13.   13.   13.   13.   13.   13.   13.   13.   13.   13.
   13.   13.   13.   13.   13.   13.   13.   13.   13. 1637. 2035. 2035.
 2035. 1637. 
 1637. 1637. 1637. 1637. 1637. 1637. 1637.   13.   13. 1637. 1637. 1637.
 2035. 2035. 2035. 2035. 2035. 1637. 1637.   13.   13.   13.   13.   13.
   13.   13. 
 1637. 1637. 1637. 2035. 2035. 2035. 2035. 1637. 1637. 1637. 2035. 2035.
 1637. 1637. 
/