PERMI
   33.   33.   33.   33.   33.   33.   33.   33.   33.   33.   33.   33.
   33.   33.   33.   33.   33.   33.   33.  866.  866. 1209. 1209. 1209.
 1209.  866. 
  866.   33.   33.   33.   33.   33.   33.   33.   33.   33.   33.   33.
   33.   33.   33.   33.   33.   33.   33.   33.  866.  866. 1209. 1209.
 1209. 1209. 
  866. 1209. 1209. 1209.  866.  866.   33.   33.   33.   33.   33.   33.
   33.   33.   33.   33.   33.   33.   33.   33.   33.   33.   33.   33.
   33.   33. 
   33.   33.   33.  866.  866.  866. 1209. 1209. 1209.  866.  866.  866.
   33.   33.   33.   33.   33.   33.   33.   33.   33.   33.   33.   33.
   33.   33. 
   33.   33.   33.   33.   33.  866. 1209. 1209. 1209. 1209. 1209.  866.
 1209. 1209. 1209.  866.   33.   33.   33.   33.   33.   33.   33.   33.
   33.   33. 
   33.   33.   33.   33.   33.   33.   33.   33.   33.   33.   33.   33.
   33.  866.  866.  866. 1209. 1209. 1209. 1209.  866.  866.   33.   33.
   33.   33. 
   33.   33.   33.   33.   33.   33.   33.   33.   33.   33.   33.   33.
   33.   33.   33.   33.  866. 1209. 1209. 1209. 1209.  866.  866.  866.
 1209. 1209. 
 1209.  866.   33.   33.   33.   33.   33.   33.   33.   33.   33.   33.
   33.   33.   33.   33.   33.   33.   33.   33.   33.   33.   33.   33.
  866.  866. 
 1209. 1209. 1209. 1209. 1209. 1209.  866.   33.   33.   33.   33.   33.
   33.   33.   33.   33.   33.   33.   33.   33.   33.   33.   33.   33.
   33.   33. 
   33.  866. 1209. 1209. 1209. 1209.  866.  866.   33.   33. 1209. 1209.
 1209.  866.   33.   33.   33.   33.   33.   33.   33.   33.   33.   33.
   33.   33. 
   33.   33.   33.   33.   33.   33.   33.   33.   33.  866.  866. 1209.
 1209. 1209. 1209. 1209.  866.  866.   33.   33.   33.   33.   33.   33.
   33.   33. 
   33.   33.   33.   33.   33.   33.   33.   33.   33.   33.   33.   33.
   33.  866. 1209. 1209.  866.  866.   33.   33.   33.  866. 1209. 1209.
 1209.  866. 
   33.   33.   33.   33.   33.   33.   33.   33.   33.   33.   33.   33.
   33.   33.   33.   33.   33.   33.   33.   33.  866.  866. 1209. 1209.
 1209. 1209. 
  866.  866.  866.   33.   33.   33.   33.   33.   33.   33.   33.   33.
   33.   33.   33.   33.   33.   33.   33.   33.   33.   33.   33.  866.
  866. 1209. 
 1209. 1209.  866.   33.   33.   33.   33.  866. 1209. 1209. 1209.  866.
   33.   33.   33.   33.   33.   33.   33.   33.   33.   33.   33.   33.
   33.   33. 
   33.   33.   33.   33.   33.  866.  866. 1209. 1209. 1209.  866.  866.
  866.   33.   33.   33.   33.   33.   33.   33.   33.   33.   33.   33.
   33.   33. 
   33.   33.   33.   33.   33.  866.  866.  866.  866. 1209. 1209. 1209.
 1209.  866.   33.   33.   33.  866.  866.  866. 1209. 1209. 1209.  866.
   33.   33. 
   33.   33.   33.   33.   33.   33.   33.   33.   33.   33.   33.   33.
   33.   33.   33.   33.   33.  866. 1209. 1209. 1209.  866.  866.   33.
   33.   33. 
   33.   33.   33.   33.   33.   33.   33.   33.   33.   33.   33.   33.
   33.   33.   33.  866.  866. 1209. 1209. 1209. 1209. 1209. 1209. 1209.
  866.   33. 
   33.  866.  866.  866. 1209. 1209. 1209. 1209. 1209.  866.   33.   33.
   33.   33.   33.   33.   33.   33.   33.   33.   33.   33.   33.   33.
   33.   33. 
   33.   33.  866.  866. 1209. 1209. 1209.  866.   33.   33.   33.   33.
   33.   33.   33.   33.   33.   33.   33.   33.   33.   33.   33.   33.
   33.   33. 
  866.  866. 1209. 1209. 1209. 1209. 1209.  866.  866.  866.   33.   33.
  866.  866. 1209. 1209. 1209. 1209. 1209. 1209.  866.   33.   33.   33.
   33.   33. 
   33.   33.   33.   33.   33.   33.   33.   33.   33.   33.   33.   33.
   33.   33.  866. 1209. 1209. 1209.  866.  866.   33.   33.   33.   33.
   33.   33. 
   33.   33.   33.   33.   33.   33.   33.   33.   33.   33.   33.  866.
  866. 1209. 1209. 1209. 1209.  866.  866.  866.   33.   33.   33.  866.
 1209. 1209. 
 1209. 1209. 1209. 1209. 1209.  866.   33.   33.   33.   33.   33.   33.
   33.   33.   33.   33.   33.   33.   33.   33.   33.   33.   33.   33.
   33.  866. 
  866. 1209. 1209.  866.  866.   33.   33.   33.   33.   33.   33.   33.
   33.   33.   33.   33.   33.   33.   33.   33.   33.  866.  866.  866.
 1209. 1209. 
 1209.  866.  866.   33.   33.   33.   33.   33.  866. 1209. 1209. 1209.
 1209. 1209.  866.  866.  866.   33.   33.   33.   33.   33.   33.   33.
   33.   33. 
   33.   33.   33.   33.   33.   33.   33.   33.   33.   33.   33.  866.
 1209. 1209. 1209.  866.  866.   33.   33.   33.   33.   33.   33.   33.
   33.   33. 
   33.   33.   33.   33.  866.  866.  866.  866. 1209. 1209. 1209. 1209.
  866.  866.  866.  866.  866.  866.  866.  866.  866. 1209. 1209. 1209.
  866.  866. 
   33.   33.   33.   33.   33.   33.   33.   33.   33.   33.   33.   33.
   33.   33.   33.   33.   33.   33.   33.   33.   33.   33.  866.  866.
 1209. 1209. 
  866.  866.   33.   33.   33.   33.   33.   33.   33.   33.   33.   33.
   33.  866.  866.  866. 1209. 1209. 1209. 1209. 1209. 1209. 1209.  866.
  866. 1209. 
 1209. 1209. 1209. 1209. 1209. 1209. 1209. 1209. 1209.  866.   33.   33.
   33.   33.   33.   33.   33.   33.   33.   33.   33.   33.   33.   33.
   33.   33. 
   33.   33.   33.   33.   33.   33.  866.  866.  866. 1209. 1209. 1209.
  866.   33.   33.   33.   33.   33.   33.   33.   33.   33.   33.   33.
  866. 1209. 
 1209. 1209. 1209. 1209. 1209. 1209. 1209. 1209.  866.  866. 1209. 1209.
 1209. 1209. 1209. 1209. 1209. 1209. 1209. 1209. 1209.  866.   33.   33.
   33.   33. 
   33.   33.   33.   33.   33.   33.   33.   33.   33.   33.   33.   33.
   33.   33.   33.   33.  866.  866.  866. 1209. 1209. 1209. 1209.  866.
  866.   33. 
   33.   33.   33.   33.   33.   33.   33.   33.   33.  866. 1209.  866.
  866.  866.  866.  866.  866.  866.  866.  866. 1209. 1209. 1209. 1209.
 1209. 1209. 
 1209. 1209. 1209. 1209. 1209. 1209.  866.   33.   33.   33.   33.   33.
   33.   33.   33.   33.   33.   33.   33.   33.   33.   33.   33.   33.
   33.   33. 
   33.   33.  866. 1209. 1209. 1209. 1209. 1209.  866.  866.   33.   33.
   33.   33.   33.   33.   33.   33.   33.   33.  866.  866. 1209. 1209.
 1209. 1209. 
 1209. 1209. 1209. 1209. 1209. 1209. 1209. 1209. 1209. 1209.  866.  866.
  866.  866.  866. 1209.  866.  866.   33.   33.   33.   33.   33.   33.
   33.   33. 
   33.   33.   33.   33.   33.   33.   33.   33.   33.   33.   33.   33.
   33.  866.  866. 1209. 1209. 1209. 1209.  866.  866.   33.   33.   33.
   33.   33. 
   33.   33.   33.   33.   33.  866.  866. 1209. 1209. 1209. 1209. 1209.
 1209. 1209. 1209. 1209. 1209. 1209. 1209. 1209. 1209.  866.   33.   33.
   33.   33. 
  33.  33.  33.  33.  33.  33.  33.  33.  33.  33.  33.  33.  33.  33.
  33.  33.  33.  33.  33.  33.  33.  33.  33.  33.  33. 866. 
 1209. 1209. 1209.  866.  866.  866.   33.   33.   33.   33.   33.   33.
   33.   33.   33.  866.  866.  866.  866. 1209. 1209. 1209. 1209. 1209.
 1209. 1209. 
 1209. 1209. 1209. 1209. 1209.  866.   33.   33.   33.   33.   33.   33.
   33.   33.   33.   33.   33.   33.   33.   33.   33.   33.   33.   33.
   33.   33. 
   33.   33.   33.   33.   33.   33.   33.   33.   33.   33.  866.  866.
 1209. 1209. 1209.  866.   33.   33.   33.   33.   33.   33.   33.   33.
   33.  866. 
  866. 1209.  866.  866. 1209. 1209. 1209.  866.  866.  866.  866.  866.
  866.  866.  866.  866.  866.   33.   33.   33.   33.   33.   33.   33.
   33.   33. 
   33.   33.   33.   33.   33.   33.   33.   33.   33.   33.   33.   33.
   33.   33.   33.   33.   33.   33.   33.   33.   33.   33.  866. 1209.
 1209. 1209. 
  866.  866.   33.   33.   33.   33.   33.   33.   33.   33.  866.  866.
  866.  866.  866. 1209. 1209. 1209. 1209.  866.   33.   33.   33.   33.
   33.   33. 
 33. 33. 33. 33. 33. 33. 33. 33. 33. 33. 33. 33. 33. 33. 33. 33. 33. 33.
 33. 33. 33. 33. 33. 33. 33. 33. 
   33.   33.   33.   33.   33.   33.   33.  866.  866. 1209. 1209. 1209.
  866.   33.   33.   33.   33.   33.   33.   33.   33.  866.  866.  866.
 1209. 1209. 
 1209. 1209. 1209. 1209.  866.   33.   33.   33.   33.   33.   33.   33.
   33.   33.   33.   33.   33.   33.   33.   33.   33.   33.   33.   33.
   33.   33. 
   33.   33.   33.   33.   33.   33.   33.   33.   33.   33.   33.   33.
   33.   33.   33.   33.   33.   33.   33.  866. 1209. 1209. 1209. 1209.
  866.   33. 
   33.   33.   33.   33.   33.   33.  866.  866. 1209. 1209. 1209. 1209.
 1209. 1209.  866.  866.   33.   33.   33.   33.   33.   33.   33.   33.
   33.   33. 
 33. 33. 33. 33. 33. 33. 33. 33. 33. 33. 33. 33. 33. 33. 33. 33. 33. 33.
 33. 33. 33. 33. 33. 33. 33. 33. 
   33.   33.   33.   33.  866.  866. 1209. 1209. 1209.  866.  866.   33.
   33.   33.   33.   33.   33.  866. 1209. 1209. 1209. 1209. 1209. 1209.
 1209.  866. 
 866.  33.  33.  33.  33.  33.  33.  33.  33.  33.  33.  33.  33.  33.
  33.  33.  33.  33.  33.  33.  33.  33.  33.  33.  33.  33. 
   33.   33.   33.   33.   33.   33.   33.   33.   33.   33.   33.   33.
   33.   33.  866.  866.  866. 1209. 1209. 1209. 1209.  866.   33.   33.
   33.   33. 
   33.   33.   33.  866. 1209. 1209. 1209. 1209. 1209.  866.  866.   33.
   33.   33.   33.   33.   33.   33.   33.   33.   33.   33.   33.   33.
   33.   33. 
  33.  33.  33.  33.  33.  33.  33.  33.  33.  33.  33.  33.  33.  33.
  33.  33.  33.  33.  33.  33.  33.  33.  33.  33.  33. 866. 
  866. 1209. 1209. 1209. 1209. 1209.  866.  866.   33.   33.   33.   33.
   33.   33.  866. 1209. 1209. 1209. 1209.  866. 1209.  866.   33.   33.
   33.   33. 
 33. 33. 33. 33. 33. 33. 33. 33. 33. 33. 33. 33. 33. 33. 33. 33. 33. 33.
 33. 33. 33. 33. 33. 33. 33. 33. 
   33.   33.   33.   33.   33.   33.   33.   33.   33.   33.  866.  866.
 1209. 1209. 1209. 1209. 1209.  866.  866.   33.   33.   33.   33.   33.
   33.   33. 
  866. 1209. 1209. 1209.  866.  866.  866.   33.   33.   33.   33.   33.
   33.   33.   33.   33.   33.   33.   33.   33.   33.   33.   33.   33.
   33.   33. 
   33.   33.   33.   33.   33.   33.   33.   33.   33.   33.   33.   33.
   33.   33.   33.   33.   33.   33.   33.   33.   33.   33.  866. 1209.
 1209. 1209. 
 1209. 1209.  866.  866.   33.   33.   33.   33.   33.   33.   33.   33.
  866. 1209. 1209. 1209.  866.  866.   33.   33.   33.   33.   33.   33.
   33.   33. 
 33. 33. 33. 33. 33. 33. 33. 33. 33. 33. 33. 33. 33. 33. 33. 33. 33. 33.
 33. 33. 33. 33. 33. 33. 33. 33. 
   33.   33.   33.   33.   33.   33.   33.   33.  866. 1209. 1209. 1209.
  866.  866.  866.   33.   33.   33.   33.   33.   33.   33.   33.   33.
  866. 1209. 
 1209. 1209.  866.  866.   33.   33.   33.   33.   33.   33.   33.   33.
   33.   33.   33.   33.   33.   33.   33.   33.   33.   33.   33.   33.
   33.   33. 
   33.   33.   33.   33.   33.   33.   33.   33.   33.   33.   33.   33.
   33.   33.   33.   33.   33.   33.   33.   33.  866. 1209. 1209. 1209.
  866.   33. 
   33.   33.   33.   33.   33.   33.   33.   33.   33.  866. 1209. 1209.
 1209. 1209.  866.   33.   33.   33.   33.   33.   33.   33.   33.   33.
   33.   33. 
 33. 33. 33. 33. 33. 33. 33. 33. 33. 33. 33. 33. 33. 33. 33. 33. 33. 33.
 33. 33. 33. 33. 33. 33. 33. 33. 
   33.   33.   33.   33.   33.   33.  866. 1209. 1209. 1209.   33.   33.
   33.   33.   33.   33.   33.   33.   33.   33.  866. 1209. 1209. 1209.
 1209.  866. 
 866.  33.  33.  33.  33.  33.  33.  33.  33.  33.  33.  33.  33.  33.
  33.  33.  33.  33.  33.  33.  33.  33.  33.  33.  33.  33. 
   33.   33.   33.   33.   33.   33.   33.   33.   33.   33.   33.   33.
   33.   33.   33.   33.   33.  866.  866.  866. 1209. 1209.   33.   33.
   33.   33. 
   33.   33.   33.   33.   33.  866. 1209. 1209. 1209. 1209.  866.  866.
   33.   33.   33.   33.   33.   33.   33.   33.   33.   33.   33.   33.
   33.   33. 
 33. 33. 33. 33. 33. 33. 33. 33. 33. 33. 33. 33. 33. 33. 33. 33. 33. 33.
 33. 33. 33. 33. 33. 33. 33. 33. 
   33.   33.  866.  866. 1209. 1209. 1209. 1209.   33.   33.   33.   33.
   33.   33.   33.   33.  866. 1209. 1209. 1209. 1209. 1209.  866.  866.
   33.   33. 
 33. 33. 33. 33. 33. 33. 33. 33. 33. 33. 33. 33. 33. 33. 33. 33. 33. 33.
 33. 33. 33. 33. 33. 33. 33. 33. 
   33.   33.   33.   33.   33.   33.   33.   33.   33.   33.   33.   33.
   33.  866. 1209. 1209. 1209. 1209. 1209.  866.   33.   33.   33.   33.
   33.   33. 
   33.  866. 1209. 1209. 1209. 1209. 1209.  866.  866.   33.   33.   33.
   33.   33.   33.   33.   33.   33.   33.   33.   33.   33.   33.   33.
   33.   33. 
  33.  33.  33.  33.  33.  33.  33.  33.  33.  33.  33.  33.  33.  33.
  33.  33.  33.  33.  33.  33.  33.  33.  33.  33. 866. 866. 
 1209. 1209. 1209. 1209.  866.  866.   33.   33.   33.   33.   33.   33.
   33.  866. 1209. 1209. 1209. 1209.  866.  866.   33.   33.   33.   33.
   33.   33. 
 33. 33. 33. 33. 33. 33. 33. 33. 33. 33. 33. 33. 33. 33. 33. 33. 33. 33.
 33. 33. 33. 33. 33. 33. 33. 33. 
   33.   33.   33.   33.   33.   33.   33.   33.   33.   33.  866. 1209.
 1209. 1209.  866.  866.  866.   33.   33.   33.   33.   33.   33.   33.
  866.  866. 
 1209. 1209. 1209.  866.   33.   33.   33.   33.   33.   33.   33.   33.
   33.   33.   33.   33.   33.   33.   33.   33.   33.   33.   33.   33.
   33.   33. 
   33.   33.   33.   33.   33.   33.   33.   33.   33.   33.   33.   33.
   33.   33.   33.   33.   33.   33.   33.   33.   33.  866.  866. 1209.
 1209.  866. 
  866.   33.   33.   33.   33.   33.   33.   33.   33.   33.  866.  866.
 1209. 1209. 1209.  866.   33.   33.   33.   33.   33.   33.   33.   33.
   33.   33. 
 33. 33. 33. 33. 33. 33. 33. 33. 33. 33. 33. 33. 33. 33. 33. 33. 33. 33.
 33. 33. 33. 33. 33. 33. 33. 33. 
   33.   33.   33.   33.   33.   33.   33.  866.  866. 1209. 1209.  866.
  866.   33.   33.   33.   33.   33.   33.   33.   33.   33.  866.  866.
 1209. 1209. 
 1209.  866.  866.   33.   33.   33.   33.   33.   33.   33.   33.   33.
   33.   33.   33.   33.   33.   33.   33.   33.   33.   33.   33.   33.
   33.   33. 
   33.   33.   33.   33.   33.   33.   33.   33.   33.   33.   33.   33.
   33.   33.   33.   33.  866.  866.  866.  866. 1209. 1209. 1209.  866.
  866.   33. 
   33.   33.   33.   33.   33.   33.   33.   33.  866.  866. 1209. 1209.
 1209.  866.  866.   33.   33.   33.   33.   33.   33.   33.   33.   33.
   33.   33. 
 33. 33. 33. 33. 33. 33. 33. 33. 33. 33. 33. 33. 33. 33. 33. 33. 33. 33.
 33. 33. 33. 33. 33. 33. 33. 33. 
   33.  866.  866. 1209. 1209. 1209. 1209. 1209. 1209.  866.   33.   33.
   33.   33.   33.   33.   33.  866.  866. 1209. 1209. 1209. 1209. 1209.
 1209.  866. 
 33. 33. 33. 33. 33. 33. 33. 33. 33. 33. 33. 33. 33. 33. 33. 33. 33. 33.
 33. 33. 33. 33. 33. 33. 33. 33. 
   33.   33.   33.   33.   33.   33.   33.   33.   33.   33.   33.   33.
  866.  866. 1209. 1209. 1209. 1209. 1209. 1209.  866.  866.   33.   33.
   33.   33. 
   33.   33.  866.  866. 1209. 1209. 1209. 1209. 1209. 1209. 1209.  866.
   33.   33.   33.   33.   33.   33.   33.   33.   33.   33.   33.   33.
   33.   33. 
  33.  33.  33.  33.  33.  33.  33.  33.  33.  33.  33.  33.  33.  33.
  33.  33.  33.  33.  33.  33.  33.  33.  33.  33. 866. 866. 
 1209. 1209. 1209.  866.  866.  866.  866.   33.   33.   33.   33.   33.
   33.  866. 1209. 1209. 1209. 1209. 1209. 1209. 1209. 1209.  866.   33.
   33.   33. 
 33. 33. 33. 33. 33. 33. 33. 33. 33. 33. 33. 33. 33. 33. 33. 33. 33. 33.
 33. 33. 33. 33. 33. 33. 33. 33. 
   33.   33.   33.   33.   33.   33.   33.   33.   33.   33.  866. 1209.
 1209. 1209.  866.  866.   33.   33.   33.   33.   33.   33.  866.  866.
  866.  866. 
 1209. 1209. 1209.  866.  866.  866.  866.  866.   33.   33.   33.   33.
   33.   33.   33.   33.   33.   33.   33.   33.   33.   33.   33.   33.
   33.   33. 
   33.   33.   33.   33.   33.   33.   33.   33.   33.   33.   33.   33.
   33.   33.   33.   33.   33.   33.   33.   33.   33.   33.  866. 1209.
 1209. 1209. 
  866.   33.   33.   33.   33.   33.   33.  866.  866. 1209.  866.  866.
 1209. 1209. 1209.  866.   33.   33.   33.   33.   33.   33.   33.   33.
   33.   33. 
 33. 33. 33. 33. 33. 33. 33. 33. 33. 33. 33. 33. 33. 33. 33. 33. 33. 33.
 33. 33. 33. 33. 33. 33. 33. 33. 
   33.   33.   33.   33.   33.   33.   33.   33.  866. 1209. 1209. 1209.
  866.   33.   33.   33.   33.   33.  866.  866. 1209. 1209.  866. 1209.
 1209. 1209. 
 866.  33.  33.  33.  33.  33.  33.  33.  33.  33.  33.  33.  33.  33.
  33.  33.  33.  33.  33.  33.  33.  33.  33.  33.  33.  33. 
   33.   33.   33.   33.   33.   33.   33.   33.   33.   33.   33.   33.
   33.   33.   33.   33.   33.   33.   33.   33.  866. 1209. 1209. 1209.
  866.   33. 
   33.   33.  866.  866.  866. 1209. 1209. 1209.  866. 1209. 1209. 1209.
  866.   33.   33.   33.   33.   33.   33.   33.   33.   33.   33.   33.
   33.   33. 
 33. 33. 33. 33. 33. 33. 33. 33. 33. 33. 33. 33. 33. 33. 33. 33. 33. 33.
 33. 33. 33. 33. 33. 33. 33. 33. 
   33.   33.   33.   33.   33.   33.  866. 1209. 1209. 1209.  866.   33.
  866.  866. 1209. 1209. 1209. 1209. 1209.  866. 1209. 1209. 1209.  866.
   33.   33. 
 33. 33. 33. 33. 33. 33. 33. 33. 33. 33. 33. 33. 33. 33. 33. 33. 33. 33.
 33. 33. 33. 33. 33. 33. 33. 33. 
   33.   33.   33.   33.   33.   33.   33.   33.   33.   33.   33.   33.
   33.   33.   33.   33.   33.  866.  866. 1209. 1209.  866.  866.  866.
  866. 1209. 
 1209. 1209. 1209. 1209.  866.  866. 1209. 1209. 1209.  866.   33.   33.
   33.   33.   33.   33.   33.   33.   33.   33.   33.   33.   33.   33.
   33.   33. 
 33. 33. 33. 33. 33. 33. 33. 33. 33. 33. 33. 33. 33. 33. 33. 33. 33. 33.
 33. 33. 33. 33. 33. 33. 33. 33. 
   33.   33.  866.  866. 1209. 1209. 1209.  866.  866. 1209. 1209. 1209.
 1209. 1209.  866.  866.  866.   33. 1209. 1209.  866.   33.   33.   33.
   33.   33. 
 33. 33. 33. 33. 33. 33. 33. 33. 33. 33. 33. 33. 33. 33. 33. 33. 33. 33.
 33. 33. 33. 33. 33. 33. 33. 33. 
   33.   33.   33.   33.   33.   33.   33.   33.   33.   33.   33.   33.
   33.  866.  866. 1209. 1209. 1209.  866.  866. 1209. 1209. 1209. 1209.
 1209.  866. 
  866.   33.   33.   33. 1209.  866.  866.   33.   33.   33.   33.   33.
   33.   33.   33.   33.   33.   33.   33.   33.   33.   33.   33.   33.
   33.   33. 
  33.  33.  33.  33.  33.  33.  33.  33.  33.  33.  33.  33.  33.  33.
  33.  33.  33.  33.  33.  33.  33.  33.  33.  33. 866. 866. 
 1209. 1209. 1209.  866.  866.  866. 1209. 1209. 1209.  866.  866.   33.
   33.   33.   33.   33.  866.   33.   33.   33.   33.   33.   33.   33.
   33.   33. 
 33. 33. 33. 33. 33. 33. 33. 33. 33. 33. 33. 33. 33. 33. 33. 33. 33. 33.
 33. 33. 33. 33. 33. 33. 33. 33. 
   33.   33.   33.   33.   33.   33.   33.   33.   33.   33.  866. 1209.
 1209. 1209.  866.  866. 1209. 1209. 1209. 1209.  866.  866.   33.   33.
   33.   33. 
 33. 33. 33. 33. 33. 33. 33. 33. 33. 33. 33. 33. 33. 33. 33. 33. 33. 33.
 33. 33. 33. 33. 33. 33. 33. 33. 
   33.   33.   33.   33.   33.   33.   33.   33.   33.   33.   33.   33.
   33.   33.   33.   33.   33.   33.   33.   33.   33.  866.  866. 1209.
 1209.  866. 
  866. 1209. 1209. 1209. 1209.  866.  866.   33.   33.   33.   33.   33.
   33.   33.   33.   33.   33.   33.   33.   33.   33.   33.   33.   33.
   33.   33. 
 33. 33. 33. 33. 33. 33. 33. 33. 33. 33. 33. 33. 33. 33. 33. 33. 33. 33.
 33. 33. 33. 33. 33. 33. 33. 33. 
   33.   33.   33.   33.   33.   33.   33.  866.  866. 1209. 1209.  866.
 1209.  866. 1209. 1209.  866.  866.   33.   33.   33.   33.   33.   33.
   33.   33. 
 33. 33. 33. 33. 33. 33. 33. 33. 33. 33. 33. 33. 33. 33. 33. 33. 33. 33.
 33. 33. 33. 33. 33. 33. 33. 33. 
   33.   33.   33.   33.   33.   33.   33.   33.   33.   33.   33.   33.
   33.   33.   33.   33.   33.   33.   33.  866.  866. 1209. 1209.  866.
  866.  866. 
 866. 866. 866.  33.  33.  33.  33.  33.  33.  33.  33.  33.  33.  33.
  33.  33.  33.  33.  33.  33.  33.  33.  33.  33.  33.  33. 
 33. 33. 33. 33. 33. 33. 33. 33. 33. 33. 33. 33. 33. 33. 33. 33. 33. 33.
 33. 33. 33. 33. 33. 33. 33. 33. 
   33.   33.   33.   33.  866.  866.  866. 1209. 1209.  866.   33.   33.
   33.   33.   33.   33.   33.   33.   33.   33.   33.   33.   33.   33.
   33.   33. 
 33. 33. 33. 33. 33. 33. 33. 33. 33. 33. 33. 33. 33. 33. 33. 33. 33. 33.
 33. 33. 33. 33. 33. 33. 33. 33. 
   33.   33.   33.   33.   33.   33.   33.   33.   33.   33.   33.   33.
   33.   33.   33.   33.  866.  866.  866. 1209. 1209.  866.   33.   33.
   33.   33. 
 33. 33. 33. 33. 33. 33. 33. 33. 33. 33. 33. 33. 33. 33. 33. 33. 33. 33.
 33. 33. 33. 33. 33. 33. 33. 33. 
 33. 33. 33. 33. 33. 33. 33. 33. 33. 33. 33. 33. 33. 33. 33. 33. 33. 33.
 33. 33. 33. 33. 33. 33. 33. 33. 
   33.  866.  866.  866.  866. 1209. 1209.  866.   33.   33.   33.   33.
   33.   33.   33.   33.   33.   33.   33.   33.   33.   33.   33.   33.
   33.   33. 
 33. 33. 33. 33. 33. 33. 33. 33. 33. 33. 33. 33. 33. 33. 33. 33. 33. 33.
 33. 33. 33. 33. 33. 33. 33. 33. 
   33.   33.   33.   33.   33.   33.   33.   33.   33.   33.   33.   33.
   33.  866.  866.  866. 1209. 1209. 1209.  866.   33.   33.   33.   33.
   33.   33. 
 33. 33. 33. 33. 33. 33. 33. 33. 33. 33. 33. 33. 33. 33. 33. 33. 33. 33.
 33. 33. 33. 33. 33. 33. 33. 33. 
  33.  33.  33.  33.  33.  33.  33.  33.  33.  33.  33.  33.  33.  33.
  33.  33.  33.  33.  33.  33.  33.  33.  33.  33. 866. 866. 
 1209. 1209. 1209. 1209.  866.   33.   33.   33.   33.   33.   33.   33.
   33.   33.   33.   33.   33.   33.   33.   33.   33.   33.   33.   33.
   33.   33. 
 33. 33. 33. 33. 33. 33. 33. 33. 33. 33. 33. 33. 33. 33. 33. 33. 33. 33.
 33. 33. 33. 33. 33. 33. 33. 33. 
   33.   33.   33.   33.   33.   33.   33.   33.   33.  866.  866. 1209.
 1209. 1209. 1209.  866.  866.   33.   33.   33.   33.   33.   33.   33.
   33.   33. 
 33. 33. 33. 33. 33. 33. 33. 33. 33. 33. 33. 33. 33. 33. 33. 33. 33. 33.
 33. 33. 33. 33. 33. 33. 33. 33. 
   33.   33.   33.   33.   33.   33.   33.   33.   33.   33.   33.   33.
   33.   33.   33.   33.   33.   33.   33.   33.  866.  866. 1209. 1209.
 1209. 1209. 
 866. 866.  33.  33.  33.  33.  33.  33.  33.  33.  33.  33.  33.  33.
  33.  33.  33.  33.  33.  33.  33.  33.  33.  33.  33.  33. 
 33. 33. 33. 33. 33. 33. 33. 33. 33. 33. 33. 33. 33. 33. 33. 33. 33. 33.
 33. 33. 33. 33. 33. 33. 33. 33. 
   33.   33.   33.   33.   33.   33.  866. 1209. 1209. 1209.  866.  866.
  866.   33.   33.   33.   33.   33.   33.   33.   33.   33.   33.   33.
   33.   33. 
 33. 33. 33. 33. 33. 33. 33. 33. 33. 33. 33. 33. 33. 33. 33. 33. 33. 33.
 33. 33. 33. 33. 33. 33. 33. 33. 
   33.   33.   33.   33.   33.   33.   33.   33.   33.   33.   33.   33.
   33.   33.   33.   33.   33.  866.  866. 1209. 1209.  866.  866.  866.
   33.   33. 
 33. 33. 33. 33. 33. 33. 33. 33. 33. 33. 33. 33. 33. 33. 33. 33. 33. 33.
 33. 33. 33. 33. 33. 33. 33. 33. 
 33. 33. 33. 33. 33. 33. 33. 33. 33. 33. 33. 33. 33. 33. 33. 33. 33. 33.
 33. 33. 33. 33. 33. 33. 33. 33. 
   33.   33.  866.  866. 1209. 1209. 1209.  866.  866.   33.   33.   33.
   33.   33.   33.   33.   33.   33.   33.   33.   33.   33.   33.   33.
   33.   33. 
 33. 33. 33. 33. 33. 33. 33. 33. 33. 33. 33. 33. 33. 33. 33. 33. 33. 33.
 33. 33. 33. 33. 33. 33. 33. 33. 
   33.   33.   33.   33.   33.   33.   33.   33.   33.   33.  866.  866.
  866.  866.  866.  866. 1209. 1209. 1209.  866.   33.   33.   33.   33.
   33.   33. 
 33. 33. 33. 33. 33. 33. 33. 33. 33. 33. 33. 33. 33. 33. 
/