PERMI
   16.   16. 2064. 2064. 3264. 3264. 3264. 3264. 3264. 3264. 3264. 3264.
 2064. 2064. 2064. 2064. 2064. 2064.   16.   16.   16.   16.   16.   16.
   16.   16. 
   16.   16. 2064. 2064. 3264. 3264. 3264. 3264. 3264. 2064.   16.   16.
   16.   16.   16.   16. 2064. 2064. 3264. 3264. 3264. 3264. 3264. 2064.
 2064. 3264. 
 3264. 3264. 3264. 3264. 2064. 3264. 3264. 3264. 2064. 2064. 2064.   16.
   16.   16. 2064. 2064. 3264. 3264. 3264. 2064. 2064. 2064. 2064. 2064.
 2064. 2064. 
 2064. 2064.   16.   16.   16.   16.   16.   16.   16.   16.   16.   16.
   16.   16.   16. 2064. 2064. 3264. 3264. 3264. 3264. 2064. 2064.   16.
   16.   16. 
   16.   16.   16. 2064. 2064. 3264. 3264. 3264. 3264. 3264. 2064. 2064.
 3264. 3264. 3264. 3264. 2064. 2064. 3264. 3264. 3264. 2064. 2064.   16.
   16. 2064. 
 2064. 2064. 3264. 3264. 3264. 2064. 2064. 2064. 2064. 2064. 2064. 2064.
   16.   16.   16.   16.   16.   16.   16.   16.   16.   16.   16.   16.
   16.   16. 
   16.   16. 2064. 3264. 3264. 3264. 3264. 2064. 2064.   16.   16.   16.
   16.   16.   16.   16. 2064. 2064. 2064. 3264. 3264. 3264. 3264. 2064.
 2064. 3264. 
 3264. 3264. 3264. 2064. 3264. 3264. 3264. 3264. 2064. 2064. 2064. 2064.
 2064. 2064. 3264. 3264. 3264. 3264. 2064. 2064. 2064. 2064. 2064. 2064.
   16.   16. 
   16.   16.   16.   16.   16.   16.   16.   16.   16. 2064. 2064. 2064.
 2064. 2064. 2064. 3264. 3264. 3264. 3264. 2064.   16.   16.   16.   16.
   16.   16. 
   16.   16.   16. 2064. 2064. 3264. 3264. 3264. 3264. 3264. 2064. 3264.
 3264. 3264. 3264. 2064. 3264. 3264. 3264. 3264. 2064. 2064. 3264. 3264.
 2064. 2064. 
 2064. 3264. 3264. 3264. 3264. 2064. 2064. 2064. 2064.   16.   16.   16.
   16.   16.   16.   16.   16. 2064. 2064. 2064. 2064. 2064. 2064. 2064.
 2064. 2064. 
 3264. 3264. 3264. 3264. 2064. 2064.   16.   16.   16.   16.   16.   16.
   16.   16.   16.   16. 2064. 2064. 3264. 3264. 3264. 3264. 2064. 2064.
 3264. 3264. 
 3264. 2064. 2064. 3264. 3264. 3264. 2064. 2064. 3264. 3264. 3264. 2064.
 2064. 3264. 3264. 3264. 3264. 3264. 2064. 2064.   16.   16.   16.   16.
   16.   16. 
   16.   16. 2064. 2064. 2064. 2064. 3264. 3264. 3264. 3264. 3264. 3264.
 3264. 3264. 3264. 3264. 2064.   16.   16.   16.   16.   16.   16.   16.
   16.   16. 
   16.   16.   16. 2064. 2064. 3264. 3264. 3264. 3264. 2064. 2064. 3264.
 2064. 2064. 3264. 3264. 3264. 2064. 2064.   16. 3264. 3264. 3264. 2064.
 2064. 2064. 
 3264. 3264. 3264. 3264. 2064. 2064.   16.   16.   16.   16.   16.   16.
   16. 2064. 2064. 3264. 3264. 3264. 3264. 3264. 3264. 3264. 3264. 3264.
 3264. 3264. 
 3264. 2064. 2064.   16.   16.   16.   16.   16.   16.   16.   16.   16.
 2064. 2064. 2064. 2064. 2064. 2064. 3264. 3264. 3264. 2064. 2064. 3264.
 2064. 3264. 
 3264. 3264. 3264. 2064. 2064.   16. 3264. 2064. 2064. 2064. 2064. 2064.
 2064. 3264. 3264. 3264. 3264. 2064. 2064.   16.   16.   16.   16.   16.
   16. 2064. 
 2064. 3264. 3264. 3264. 3264. 3264. 3264. 3264. 3264. 3264. 3264. 2064.
 2064. 2064.   16.   16.   16.   16.   16.   16.   16. 2064. 2064. 2064.
 3264. 3264. 
 3264. 3264. 2064. 2064. 3264. 3264. 3264. 3264. 2064. 2064. 2064. 3264.
 3264. 3264. 2064. 2064. 2064.   16. 3264. 2064. 2064. 2064.   16. 2064.
 2064. 3264. 
 3264. 3264. 3264. 2064. 2064.   16.   16.   16.   16.   16.   16. 2064.
 3264. 3264. 3264. 3264. 3264. 3264. 2064. 2064. 2064. 2064. 2064. 2064.
   16.   16. 
   16.   16.   16.   16.   16.   16. 2064. 2064. 3264. 3264. 3264. 3264.
 3264. 3264. 3264. 2064. 2064. 3264. 3264. 3264. 2064. 2064. 3264. 3264.
 3264. 2064. 
 2064. 2064.   16.   16. 3264. 2064. 2064. 2064. 2064. 2064. 2064. 3264.
 3264. 3264. 3264. 2064. 2064.   16.   16.   16.   16.   16.   16. 2064.
 3264. 3264. 
 3264. 3264. 2064. 2064. 2064. 2064. 2064. 2064.   16.   16.   16.   16.
   16.   16.   16.   16.   16.   16. 2064. 3264. 3264. 3264. 3264. 3264.
 3264. 3264. 
 3264. 2064. 3264. 3264. 3264. 2064. 2064. 3264. 3264. 2064. 2064. 2064.
 2064.   16.   16.   16. 2064. 2064. 2064. 2064. 2064. 2064. 2064. 3264.
 3264. 3264. 
 3264. 2064. 2064.   16.   16.   16.   16.   16.   16. 2064. 2064. 3264.
 3264. 3264. 3264. 2064. 2064. 2064.   16.   16.   16.   16.   16.   16.
   16.   16. 
   16.   16.   16. 2064. 2064. 3264. 3264. 3264. 3264. 3264. 3264. 3264.
 2064. 2064. 3264. 3264. 3264. 2064. 2064. 2064. 2064. 2064. 2064. 2064.
   16.   16. 
   16.   16. 2064. 2064. 2064. 3264. 3264. 3264. 3264. 3264. 3264. 3264.
 3264. 2064. 2064.   16.   16.   16.   16.   16.   16. 2064. 2064. 3264.
 3264. 3264. 
 3264. 3264. 2064. 2064. 2064.   16.   16.   16.   16.   16.   16.   16.
   16.   16.   16. 2064. 2064. 3264. 3264. 3264. 2064. 2064. 2064. 2064.
 2064. 3264. 
 3264. 3264. 3264. 2064. 2064. 2064. 2064.   16.   16.   16.   16.   16.
   16.   16. 3264. 3264. 3264. 3264. 3264. 3264. 3264. 3264. 3264. 3264.
 2064. 2064. 
 2064.   16.   16.   16.   16.   16.   16.   16. 2064. 2064. 3264. 3264.
 3264. 3264. 3264. 2064. 2064. 2064.   16.   16.   16.   16.   16.   16.
   16.   16. 
   16. 2064. 3264. 3264. 3264. 3264. 2064. 2064. 2064. 2064. 3264. 3264.
 3264. 3264. 2064. 2064.   16.   16.   16.   16.   16.   16.   16.   16.
 2064. 2064. 
 3264. 3264. 3264. 3264. 3264. 3264. 3264. 3264. 3264. 3264. 2064. 2064.
   16.   16.   16.   16.   16.   16.   16.   16.   16. 2064. 2064. 3264.
 3264. 3264. 
 3264. 3264. 2064. 2064.   16.   16.   16.   16.   16.   16.   16.   16.
   16. 2064. 3264. 3264. 3264. 2064. 2064. 2064. 3264. 3264. 3264. 3264.
 3264. 3264. 
 2064. 2064.   16.   16.   16.   16.   16.   16. 2064. 2064. 3264. 3264.
 3264. 3264. 3264. 3264. 3264. 2064. 2064. 2064. 2064. 2064. 2064. 2064.
   16.   16. 
   16.   16.   16.   16.   16.   16.   16.   16. 2064. 2064. 3264. 3264.
 3264. 3264. 3264. 2064. 2064.   16.   16.   16.   16.   16.   16.   16.
   16. 2064. 
 3264. 2064. 2064. 2064. 3264. 3264. 3264. 3264. 3264. 3264. 2064. 2064.
 2064. 2064.   16.   16.   16.   16.   16. 2064. 3264. 3264. 3264. 3264.
 2064. 2064. 
 2064. 2064. 2064. 2064. 2064. 2064. 2064. 2064. 2064.   16.   16.   16.
   16.   16.   16.   16.   16.   16.   16.   16.   16. 2064. 2064. 3264.
 3264. 3264. 
 3264. 2064. 2064.   16.   16.   16.   16.   16.   16.   16.   16. 2064.
 2064. 2064. 3264. 3264. 3264. 3264. 3264. 3264. 3264. 2064. 2064. 3264.
 2064. 2064. 
   16.   16.   16.   16.   16. 2064. 3264. 3264. 3264. 3264. 2064. 2064.
 2064. 2064. 2064. 2064. 2064. 2064. 2064.   16.   16.   16.   16.   16.
   16.   16. 
   16.   16.   16.   16.   16.   16.   16.   16. 2064. 2064. 3264. 3264.
 3264. 2064. 2064.   16.   16.   16.   16.   16.   16.   16.   16. 2064.
 2064. 2064. 
 3264. 3264. 3264. 3264. 2064. 2064. 2064. 2064. 3264. 3264. 2064. 2064.
   16.   16.   16.   16.   16. 2064. 3264. 3264. 2064. 2064. 2064. 2064.
 2064. 3264. 
 3264. 3264. 3264. 2064. 2064.   16.   16.   16.   16.   16.   16.   16.
   16.   16.   16.   16.   16.   16.   16.   16. 2064. 2064. 2064. 3264.
 3264. 3264. 
 2064.   16.   16.   16.   16.   16.   16.   16.   16. 2064. 2064. 3264.
 3264. 3264. 2064. 2064. 2064. 2064. 2064. 3264. 3264. 3264. 2064. 2064.
   16.   16. 
   16.   16.   16. 2064. 3264. 3264. 3264. 2064. 2064. 2064. 2064. 2064.
 3264. 3264. 2064. 2064.   16.   16.   16.   16.   16.   16.   16.   16.
   16.   16. 
   16.   16.   16.   16.   16. 2064. 2064. 2064. 3264. 3264. 3264. 2064.
 2064.   16.   16.   16.   16.   16.   16.   16.   16. 2064. 2064. 3264.
 3264. 3264. 
 3264. 2064.   16. 2064. 2064. 3264. 3264. 3264. 2064. 2064.   16.   16.
   16.   16.   16. 2064. 3264. 3264. 3264. 2064. 3264. 2064. 2064. 2064.
 2064. 2064. 
 2064. 2064.   16.   16.   16.   16.   16.   16.   16.   16.   16.   16.
   16.   16.   16. 2064. 2064. 2064. 2064. 3264. 3264. 3264. 3264. 2064.
 2064.   16. 
   16.   16.   16.   16.   16.   16.   16.   16. 2064. 2064. 3264. 3264.
 3264. 2064. 2064. 2064. 2064. 3264. 3264. 3264. 2064. 2064.   16.   16.
   16.   16. 
   16. 2064. 2064. 3264. 3264. 3264. 3264. 3264. 3264. 2064. 2064. 2064.
 2064.   16.   16.   16.   16.   16.   16.   16.   16.   16.   16.   16.
   16.   16. 
 2064. 2064. 2064. 3264. 3264. 3264. 3264. 3264. 2064. 2064.   16.   16.
   16.   16.   16.   16.   16.   16.   16.   16.   16. 2064. 3264. 3264.
 3264. 3264. 
 2064. 2064. 2064. 3264. 3264. 3264. 2064.   16.   16.   16.   16.   16.
   16.   16. 2064. 3264. 3264. 3264. 3264. 3264. 3264. 3264. 3264. 2064.
 2064. 2064. 
   16.   16.   16.   16.   16.   16.   16.   16.   16.   16. 2064. 2064.
 2064. 3264. 3264. 3264. 3264. 3264. 2064. 2064. 2064.   16.   16.   16.
   16.   16. 
   16.   16.   16.   16.   16.   16.   16. 2064. 2064. 3264. 3264. 3264.
 3264. 2064. 2064. 3264. 3264. 3264. 2064. 2064.   16.   16.   16.   16.
   16.   16. 
   16. 2064. 3264. 3264. 3264. 3264. 3264. 3264. 3264. 3264. 2064. 2064.
 2064.   16.   16.   16.   16.   16.   16.   16. 2064. 2064. 2064. 2064.
 3264. 3264. 
 3264. 3264. 3264. 2064. 2064. 2064.   16.   16.   16.   16.   16.   16.
   16.   16.   16.   16.   16.   16. 2064. 2064. 2064. 2064. 3264. 3264.
 3264. 3264. 
 2064. 2064. 2064. 3264. 2064. 2064.   16.   16.   16.   16.   16.   16.
   16. 2064. 2064. 3264. 2064. 2064. 3264. 3264. 3264. 3264. 3264. 2064.
 2064. 2064. 
   16.   16.   16.   16.   16. 2064. 2064. 2064. 3264. 3264. 3264. 3264.
 3264. 3264. 2064. 2064. 2064.   16.   16.   16.   16.   16.   16.   16.
   16.   16. 
   16.   16. 2064. 2064. 2064. 3264. 3264. 2064. 2064. 3264. 3264. 3264.
 3264. 3264. 2064. 2064. 2064. 2064. 2064. 2064. 2064. 2064. 2064. 2064.
 2064. 2064. 
 2064. 3264. 2064. 2064. 2064. 3264. 3264. 3264. 3264. 3264. 2064. 2064.
   16.   16.   16.   16. 2064. 2064. 2064. 3264. 3264. 3264. 3264. 3264.
 3264. 2064. 
 2064.   16.   16.   16.   16.   16.   16.   16.   16.   16.   16.   16.
   16. 2064. 2064. 3264. 3264. 3264. 3264. 3264. 2064. 2064. 3264. 3264.
 3264. 3264. 
 3264. 2064. 2064. 2064. 2064. 3264. 3264. 3264. 3264. 3264. 3264. 3264.
 3264. 3264.   16. 2064. 2064. 2064. 3264. 3264. 3264. 3264. 2064. 2064.
   16.   16. 
   16.   16. 2064. 2064. 3264. 3264. 3264. 3264. 3264. 2064. 2064. 2064.
   16.   16.   16.   16.   16.   16.   16.   16.   16.   16.   16.   16.
 2064. 2064. 
 3264. 3264. 3264. 3264. 3264. 3264. 2064. 2064. 2064. 3264. 3264. 3264.
 3264. 3264. 2064. 3264. 3264. 3264. 3264. 3264. 3264. 3264. 3264. 3264.
 3264. 3264. 
   16. 2064. 2064. 3264. 3264. 3264. 3264. 2064. 2064. 2064.   16.   16.
   16.   16. 2064. 2064. 3264. 3264. 3264. 2064. 2064. 2064. 2064.   16.
   16.   16. 
   16.   16.   16.   16.   16.   16.   16.   16.   16.   16. 2064. 3264.
 3264. 3264. 3264. 3264. 3264. 2064. 2064. 3264. 2064. 2064. 3264. 3264.
 3264. 3264. 
 2064. 3264. 3264. 3264. 3264. 3264. 3264. 3264. 3264. 3264. 3264. 3264.
 2064. 2064. 2064. 3264. 3264. 3264. 3264. 2064. 2064. 2064.   16.   16.
   16. 2064. 
 2064. 3264. 3264. 3264. 3264. 2064. 2064.   16.   16.   16.   16.   16.
   16.   16.   16.   16.   16.   16.   16.   16.   16. 2064. 2064. 3264.
 3264. 3264. 
 3264. 2064. 2064. 2064. 3264. 2064. 2064. 2064. 2064. 3264. 3264. 3264.
 2064. 3264. 3264. 3264. 2064. 2064. 2064. 2064. 2064. 2064. 2064. 2064.
 2064. 2064. 
 3264. 3264. 3264. 3264. 2064. 2064. 2064.   16.   16.   16.   16. 2064.
 2064. 3264. 3264. 3264. 3264. 2064. 2064.   16.   16.   16.   16.   16.
   16.   16. 
   16.   16.   16.   16.   16.   16. 2064. 2064. 3264. 3264. 3264. 3264.
 2064. 2064. 3264. 2064. 2064. 2064. 2064. 3264. 3264. 3264. 3264. 2064.
 2064. 3264. 
 3264. 2064. 2064. 2064.   16.   16.   16.   16. 2064.   16. 2064. 3264.
 3264. 3264. 3264. 2064. 2064. 2064.   16.   16.   16.   16.   16.   16.
 2064. 3264. 
 3264. 3264. 3264. 2064. 2064.   16.   16.   16.   16.   16.   16.   16.
   16.   16.   16.   16.   16.   16. 2064. 3264. 3264. 3264. 3264. 3264.
 2064. 2064. 
 2064. 2064. 2064. 3264. 3264. 3264. 3264. 3264. 3264. 2064. 2064. 3264.
 3264. 3264. 2064.   16.   16.   16.   16.   16.   16.   16. 3264. 3264.
 3264. 3264. 
 3264. 2064. 2064.   16.   16.   16.   16.   16.   16.   16. 2064. 2064.
 3264. 3264. 3264. 2064. 2064.   16.   16.   16.   16.   16.   16.   16.
   16.   16. 
   16.   16.   16. 2064. 2064. 3264. 3264. 3264. 3264. 2064. 2064. 2064.
 2064. 2064. 3264. 3264. 3264. 3264. 3264. 3264. 2064. 2064. 2064. 3264.
 3264. 3264. 
 2064. 2064. 2064.   16.   16.   16.   16.   16. 3264. 3264. 3264. 3264.
 2064. 2064. 2064.   16.   16.   16.   16.   16.   16.   16. 2064. 2064.
 3264. 3264. 
 3264. 3264. 2064. 2064.   16.   16.   16.   16.   16.   16.   16.   16.
   16.   16. 2064. 2064. 3264. 3264. 3264. 3264. 2064. 3264. 2064. 2064.
 3264. 3264. 
 3264. 3264. 3264. 3264. 2064. 2064. 2064. 2064. 2064. 3264. 3264. 3264.
 3264. 3264. 2064. 2064.   16.   16.   16.   16. 3264. 3264. 3264. 2064.
 2064. 2064. 
   16.   16.   16.   16.   16.   16.   16.   16. 2064. 2064. 3264. 3264.
 3264. 3264. 3264. 2064. 2064.   16.   16.   16.   16.   16.   16.   16.
   16. 2064. 
 2064. 3264. 3264. 3264. 3264. 2064. 2064. 2064. 2064. 3264. 3264. 3264.
 3264. 3264. 2064. 2064. 2064. 2064. 2064.   16.   16. 2064. 3264. 3264.
 3264. 3264. 
 3264. 2064. 2064.   16.   16.   16. 3264. 3264. 2064. 2064. 2064.   16.
   16.   16.   16.   16.   16.   16.   16.   16.   16. 2064. 2064. 3264.
 3264. 3264. 
 3264. 2064. 2064.   16.   16.   16.   16.   16.   16.   16.   16. 2064.
 2064. 3264. 3264. 3264. 2064. 2064. 2064. 2064. 3264. 3264. 3264. 3264.
 3264. 2064. 
 2064. 2064.   16.   16.   16.   16.   16.   16. 2064. 3264. 3264. 3264.
 3264. 3264. 2064. 2064.   16.   16. 3264. 2064. 2064. 2064.   16.   16.
   16.   16. 
   16.   16.   16.   16.   16.   16.   16.   16. 2064. 2064. 3264. 3264.
 3264. 2064. 2064.   16.   16.   16.   16.   16.   16.   16.   16. 2064.
 3264. 3264. 
 3264. 2064. 2064. 2064. 2064. 3264. 3264. 3264. 3264. 3264. 2064. 2064.
 2064.   16.   16.   16.   16.   16.   16.   16.   16. 2064. 2064. 3264.
 3264. 3264. 
 3264. 2064. 2064.   16. 3264. 2064. 2064.   16.   16.   16.   16.   16.
   16.   16.   16.   16.   16.   16.   16.   16. 2064. 2064. 3264. 3264.
 3264. 3264. 
 2064.   16.   16.   16.   16.   16.   16.   16.   16. 2064. 3264. 3264.
 3264. 2064.   16. 2064. 2064. 3264. 3264. 3264. 3264. 2064. 2064. 2064.
 2064. 2064. 
   16.   16.   16.   16.   16.   16.   16.   16. 2064. 2064. 3264. 3264.
 3264. 3264. 2064.   16. 3264. 3264. 2064. 2064. 2064.   16.   16.   16.
   16.   16. 
   16.   16.   16.   16.   16.   16.   16. 2064. 2064. 3264. 3264. 3264.
 2064. 2064.   16.   16.   16.   16.   16.   16.   16. 2064. 3264. 3264.
 3264. 2064. 
   16. 2064. 2064. 3264. 3264. 3264. 2064. 2064. 2064. 2064. 2064. 2064.
 2064. 2064.   16.   16.   16.   16.   16.   16.   16.   16. 2064. 3264.
 3264. 3264. 
 2064.   16. 3264. 3264. 2064. 2064. 2064.   16.   16.   16.   16.   16.
   16.   16.   16.   16.   16.   16.   16. 2064. 2064. 3264. 3264. 3264.
 2064. 2064. 
   16.   16.   16.   16.   16.   16.   16. 2064. 2064. 3264. 3264. 3264.
 2064. 2064. 2064. 3264. 3264. 3264. 3264. 3264. 2064. 2064. 2064. 3264.
 3264. 2064. 
 2064.   16.   16.   16.   16.   16.   16. 2064. 3264. 3264. 3264. 2064.
 2064.   16. 3264. 3264. 3264. 3264. 2064. 2064.   16.   16.   16.   16.
   16.   16. 
   16.   16.   16.   16.   16. 2064. 2064. 3264. 3264. 3264. 2064. 2064.
   16.   16.   16.   16.   16.   16.   16.   16. 2064. 3264. 3264. 3264.
 2064. 2064. 
 2064. 2064. 3264. 3264. 3264. 3264. 3264. 2064. 2064. 2064. 3264. 2064.
 2064.   16.   16.   16.   16.   16. 2064. 2064. 3264. 3264. 3264. 2064.
   16.   16. 
 3264. 3264. 3264. 3264. 2064. 2064. 2064.   16.   16.   16.   16.   16.
   16.   16.   16.   16. 2064. 2064. 3264. 3264. 3264. 3264. 2064.   16.
   16.   16. 
   16.   16.   16.   16.   16.   16. 2064. 2064. 3264. 3264. 3264. 2064.
 2064. 2064. 2064. 3264. 3264. 3264. 3264. 3264. 2064. 2064. 3264. 3264.
 2064.   16. 
   16.   16.   16. 2064. 3264. 3264. 3264. 3264. 2064. 2064.   16.   16.
 2064. 3264. 3264. 3264. 3264. 2064. 2064.   16.   16.   16.   16.   16.
   16.   16. 
   16.   16. 2064. 2064. 3264. 3264. 3264. 2064. 2064.   16.   16.   16.
   16.   16.   16.   16.   16.   16.   16. 2064. 2064. 3264. 3264. 3264.
 2064. 2064. 
 2064. 2064. 3264. 3264. 3264. 3264. 3264. 2064. 2064. 3264. 2064.   16.
   16.   16. 2064. 2064. 3264. 3264. 3264. 2064. 2064.   16.   16.   16.
 2064. 2064. 
 3264. 3264. 3264. 3264. 2064. 2064.   16.   16.   16.   16.   16.   16.
   16.   16. 2064. 3264. 3264. 3264. 3264. 2064. 2064.   16.   16.   16.
   16.   16. 
   16.   16.   16.   16.   16.   16. 2064. 3264. 3264. 3264. 3264. 2064.
 2064. 2064. 2064. 3264. 3264. 3264. 3264. 2064. 2064. 2064. 2064.   16.
   16. 2064. 
 2064. 3264. 3264. 3264. 2064. 2064.   16.   16.   16.   16. 2064. 2064.
 2064. 3264. 3264. 3264. 3264. 2064. 2064.   16.   16.   16.   16.   16.
   16. 2064. 
 2064. 3264. 3264. 3264. 2064. 2064.   16.   16.   16.   16.   16.   16.
   16.   16.   16.   16.   16.   16. 2064. 2064. 3264. 3264. 3264. 2064.
 2064. 2064. 
 2064. 2064. 3264. 3264. 3264. 3264. 2064. 2064.   16.   16. 2064. 2064.
 3264. 3264. 3264. 2064. 2064.   16.   16.   16.   16.   16.   16. 2064.
 2064. 2064. 
 3264. 3264. 3264. 2064. 2064.   16.   16.   16. 2064. 2064. 2064. 2064.
 3264. 3264. 3264. 2064. 2064.   16.   16.   16.   16.   16.   16.   16.
   16.   16. 
   16.   16.   16.   16.   16. 2064. 3264. 3264. 3264. 2064. 2064. 3264.
 3264. 2064. 2064. 3264. 3264. 3264. 2064. 2064.   16.   16. 2064. 3264.
 3264. 3264. 
 2064. 2064.   16.   16.   16.   16.   16.   16. 2064. 2064. 2064. 2064.
 3264. 3264. 3264. 2064. 2064.   16.   16. 2064. 2064. 2064. 2064. 3264.
 3264. 3264. 
 3264. 2064. 2064.   16.   16.   16.   16.   16.   16.   16.   16.   16.
   16.   16.   16.   16.   16. 2064. 3264. 3264. 3264. 2064. 3264. 3264.
 3264. 2064. 
 2064. 3264. 3264. 3264. 2064. 2064.   16.   16. 2064. 3264. 3264. 3264.
 2064.   16.   16.   16.   16.   16.   16.   16. 2064. 2064. 2064. 3264.
 3264. 3264. 
 3264. 2064. 2064.   16. 2064. 2064. 3264. 3264. 3264. 3264. 3264. 3264.
 2064. 2064.   16.   16.   16.   16.   16.   16.   16.   16.   16.   16.
   16.   16. 
   16. 2064. 2064. 2064. 3264. 3264. 3264. 2064. 3264. 3264. 2064. 2064.
 2064. 2064. 3264. 3264. 3264. 2064. 2064. 2064. 2064. 3264. 3264. 3264.
 2064.   16. 
   16.   16.   16.   16.   16.   16. 3264. 3264. 3264. 3264. 3264. 3264.
 2064. 2064. 2064. 2064. 2064. 3264. 3264. 3264. 3264. 3264. 3264. 2064.
 2064.   16. 
   16.   16.   16.   16.   16.   16.   16.   16.   16.   16.   16. 2064.
 2064. 2064. 3264. 3264. 3264. 3264. 2064. 2064. 2064. 2064. 2064. 2064.
 2064. 3264. 
 3264. 3264. 3264. 2064. 2064.   16. 2064. 3264. 3264. 3264. 2064.   16.
   16.   16.   16.   16.   16.   16. 3264. 3264. 3264. 3264. 3264. 3264.
 2064. 2064. 
 2064. 2064. 2064. 3264. 3264. 3264. 3264. 3264. 2064. 2064.   16.   16.
   16.   16.   16.   16.   16.   16.   16.   16.   16.   16. 2064. 2064.
 3264. 3264. 
 3264. 3264. 3264. 2064. 2064. 2064. 2064. 3264. 3264. 3264. 3264. 3264.
 3264. 3264. 3264. 2064. 2064.   16. 2064. 3264. 3264. 3264. 3264. 2064.
   16.   16. 
   16.   16.   16.   16. 3264. 3264. 3264. 2064. 2064. 2064. 2064. 2064.
   16. 2064. 3264. 3264. 3264. 3264. 2064. 2064. 2064.   16.   16.   16.
   16.   16. 
   16.   16.   16.   16.   16.   16.   16. 2064. 2064. 3264. 3264. 3264.
 3264. 2064. 2064. 2064. 2064. 3264. 3264. 3264. 3264. 3264. 3264. 3264.
 3264. 3264. 
 2064. 2064.   16.   16.   16. 2064. 3264. 3264. 3264. 3264. 2064. 2064.
   16.   16.   16.   16. 2064. 2064. 2064. 2064. 2064. 2064. 2064.   16.
   16. 2064. 
 3264. 3264. 3264. 3264. 2064. 2064.   16.   16.   16.   16.   16.   16.
   16.   16.   16.   16.   16.   16. 2064. 2064. 3264. 3264. 3264. 3264.
 2064. 2064. 
 2064. 3264. 3264. 3264. 3264. 3264. 3264. 3264. 3264. 3264. 2064. 2064.
 2064.   16.   16.   16.   16. 2064. 2064. 3264. 3264. 3264. 3264. 2064.
 2064.   16. 
   16.   16. 2064. 2064. 2064. 2064.   16.   16.   16.   16.   16. 2064.
 2064. 3264. 3264. 3264. 3264. 2064. 2064.   16.   16.   16.   16.   16.
   16.   16. 
   16.   16.   16. 2064. 2064. 3264. 3264. 3264. 3264. 3264. 2064. 2064.
 3264. 3264. 3264. 3264. 3264. 3264. 2064. 2064. 2064. 2064. 2064. 2064.
 2064.   16. 
   16.   16.   16.   16. 2064. 3264. 3264. 3264. 3264. 3264. 2064. 2064.
   16.   16. 2064. 2064. 2064. 2064. 2064.   16.   16.   16.   16. 2064.
 2064. 3264. 
 3264. 3264. 3264. 2064. 2064.   16.   16.   16.   16.   16.   16.   16.
   16. 2064. 2064. 2064. 3264. 3264. 3264. 3264. 2064. 2064. 2064. 3264.
 3264. 3264. 
 3264. 3264. 2064. 2064. 2064. 2064. 2064. 2064. 3264. 2064. 2064. 2064.
   16.   16.   16.   16.   16. 2064. 2064. 3264. 3264. 3264. 3264. 2064.
   16.   16. 
 3264. 3264. 2064. 2064. 2064. 2064.   16.   16.   16.   16. 2064. 2064.
 3264. 3264. 3264. 3264. 2064.   16.   16.   16.   16.   16.   16.   16.
 2064. 3264. 
 3264. 3264. 3264. 3264. 3264. 2064. 2064. 2064. 2064. 3264. 3264. 3264.
 2064. 2064. 2064. 2064. 2064. 2064. 3264. 3264. 3264. 3264. 2064. 2064.
 2064.   16. 
   16.   16.   16.   16. 2064. 2064. 3264. 3264. 3264. 3264. 2064.   16.
 3264. 3264. 3264. 3264. 2064. 2064. 2064.   16.   16.   16.   16. 2064.
 2064. 3264. 
 3264. 3264. 2064. 2064.   16.   16.   16.   16.   16. 2064. 2064. 3264.
 3264. 3264. 3264. 3264. 2064. 2064.   16. 2064. 3264. 3264. 3264. 3264.
 2064. 2064. 
   16.   16. 2064. 2064. 2064. 3264. 3264. 3264. 3264. 3264. 2064. 2064.
 2064. 2064. 2064.   16.   16. 2064. 2064. 3264. 3264. 3264. 2064.   16.
 3264. 3264. 
 3264. 3264. 3264. 2064. 2064.   16.   16.   16.   16.   16. 2064. 2064.
 3264. 3264. 3264. 2064. 2064. 2064.   16.   16.   16. 2064. 3264. 3264.
 3264. 3264. 
 2064. 2064.   16.   16.   16. 2064. 3264. 3264. 3264. 3264. 2064. 2064.
   16.   16.   16. 2064. 2064. 2064. 2064. 3264. 3264. 3264. 2064. 2064.
 2064. 2064. 
 2064. 2064. 2064. 2064. 2064. 3264. 3264. 3264. 2064.   16. 2064. 3264.
 3264. 3264. 3264. 2064. 2064. 2064.   16.   16.   16.   16.   16. 2064.
 3264. 3264. 
 3264. 3264. 2064. 2064. 2064.   16.   16. 2064. 3264. 3264. 3264. 2064.
 2064.   16.   16.   16.   16. 2064. 2064. 3264. 3264. 3264. 3264. 2064.
 2064.   16. 
   16.   16. 2064. 2064. 2064. 2064. 3264. 3264. 3264. 2064. 2064. 3264.
 3264. 3264. 3264. 3264. 3264. 3264. 3264. 3264. 2064.   16. 2064. 2064.
 3264. 3264. 
 3264. 3264. 2064. 2064.   16.   16.   16.   16.   16. 2064. 2064. 3264.
 3264. 3264. 3264. 2064. 2064. 2064.   16. 2064. 3264. 3264. 3264. 2064.
 2064.   16. 
   16.   16.   16. 2064. 2064. 2064. 3264. 3264. 3264. 3264. 2064. 2064.
   16.   16.   16.   16. 2064. 2064. 3264. 3264. 3264. 3264. 2064. 2064.
 3264. 3264. 
 3264. 3264. 3264. 3264. 3264. 2064. 2064.   16. 2064. 2064. 2064. 3264.
 3264. 3264. 2064. 2064.   16.   16.   16.   16.   16.   16. 2064. 2064.
 3264. 3264. 
 3264. 3264. 2064. 2064.   16.   16. 2064. 3264. 3264. 3264. 2064.   16.
   16.   16.   16.   16. 2064. 2064. 3264. 3264. 3264. 3264. 3264. 2064.
 2064.   16. 
   16.   16. 2064. 2064. 2064. 3264. 3264. 3264. 2064. 2064. 3264. 3264.
 3264. 3264. 3264. 3264. 2064. 2064.   16.   16. 2064. 2064. 2064. 3264.
 3264. 3264. 
 2064. 2064.   16.   16.   16.   16.   16.   16.   16. 2064. 2064. 3264.
 3264. 3264. 3264. 2064. 2064.   16. 2064. 2064. 3264. 3264. 3264. 2064.
   16.   16. 
   16.   16.   16. 2064. 2064. 3264. 3264. 3264. 3264. 3264. 2064. 2064.
 2064. 2064. 2064. 2064. 3264. 3264. 3264. 3264. 2064. 2064. 2064. 2064.
 2064. 2064. 
 2064. 2064. 2064.   16.   16.   16. 3264. 3264. 3264. 3264. 3264. 3264.
 2064. 2064.   16.   16.   16.   16.   16.   16.   16. 2064. 2064. 2064.
 3264. 3264. 
 3264. 2064. 2064.   16.   16. 2064. 3264. 3264. 3264. 2064. 2064. 2064.
 2064. 2064. 2064. 2064. 2064. 2064. 3264. 3264. 3264. 3264. 2064. 2064.
 2064. 2064. 
 3264. 3264. 3264. 3264. 3264. 2064. 2064. 2064. 2064.   16.   16.   16.
   16.   16.   16.   16.   16.   16. 3264. 3264. 3264. 3264. 3264. 2064.
 2064. 2064. 
   16.   16.   16.   16.   16.   16.   16. 2064. 2064. 3264. 3264. 3264.
 3264. 2064. 2064.   16.   16.   16. 2064. 3264. 3264. 3264. 2064. 2064.
 2064. 2064. 
 2064. 2064. 2064. 2064. 2064. 3264. 3264. 3264. 3264. 2064. 2064. 2064.
 3264. 3264. 3264. 3264. 3264. 2064. 2064. 3264. 2064. 2064.   16.   16.
   16.   16. 
   16.   16.   16.   16. 3264. 3264. 3264. 2064. 2064. 2064. 2064.   16.
   16.   16.   16.   16.   16.   16. 2064. 2064. 3264. 3264. 3264. 3264.
 2064. 2064. 
   16.   16.   16.   16. 2064. 2064. 3264. 2064. 2064. 2064. 3264. 3264.
 3264. 3264. 3264. 2064. 2064. 3264. 3264. 3264. 3264. 3264. 2064. 2064.
 3264. 3264. 
 3264. 2064. 2064. 2064. 3264. 3264. 3264. 2064. 2064.   16.   16.   16.
   16.   16.   16.   16. 2064. 2064. 2064. 2064. 2064. 2064.   16.   16.
   16.   16. 
   16.   16.   16. 2064. 2064. 2064. 3264. 3264. 3264. 3264. 2064. 2064.
   16.   16.   16.   16.   16. 2064. 2064. 2064. 3264. 3264. 3264. 3264.
 3264. 3264. 
 3264. 3264. 3264. 3264. 3264. 3264. 3264. 3264. 2064. 2064. 2064. 2064.
 2064. 2064. 2064. 2064. 3264. 3264. 3264. 3264. 2064.   16.   16.   16.
   16.   16. 
   16.   16. 2064. 2064. 2064. 2064.   16.   16.   16.   16.   16.   16.
   16. 2064. 2064. 2064. 3264. 3264. 3264. 3264. 3264. 2064. 2064.   16.
   16.   16. 
   16.   16.   16. 2064. 2064. 2064. 3264. 3264. 3264. 3264. 3264. 3264.
 3264. 3264. 3264. 3264. 3264. 3264. 3264. 3264. 2064. 2064. 2064. 2064.
 2064. 2064. 
   16. 2064. 2064. 3264. 3264. 3264. 2064. 2064.   16.   16.   16.   16.
   16.   16. 
/