PERMI
   16.   16. 2045. 2045. 3106. 3106. 3106. 2045.   16.   16.   16.   16.
   16.   16.   16.   16.   16.   16.   16.   16.   16.   16.   16.   16.
   16.   16. 
 16. 16. 16. 16. 16. 16. 16. 16. 16. 16. 16. 16. 16. 16. 16. 16. 16. 16.
 16. 16. 16. 16. 16. 16. 16. 16. 
 2045. 2045. 2045. 2045. 2045. 2045. 3106. 3106. 3106. 2045.   16.   16.
   16.   16. 2045. 3106. 3106. 3106. 2045. 2045.   16.   16.   16.   16.
   16.   16. 
 16. 16. 16. 16. 16. 16. 16. 16. 16. 16. 16. 16. 16. 16. 16. 16. 16. 16.
 16. 16. 16. 16. 16. 16. 16. 16. 
   16.   16.   16.   16.   16.   16.   16.   16.   16.   16.   16. 2045.
 2045. 2045. 2045. 2045. 2045. 3106. 3106. 3106. 2045. 2045.   16.   16.
   16. 2045. 
 2045. 3106. 3106. 3106. 2045. 2045.   16.   16.   16.   16.   16.   16.
   16.   16.   16.   16.   16.   16.   16.   16.   16.   16.   16.   16.
   16.   16. 
   16.   16.   16.   16.   16.   16.   16.   16.   16.   16.   16.   16.
   16.   16.   16.   16.   16.   16.   16.   16.   16.   16. 2045. 2045.
 2045. 3106. 
 3106. 3106. 3106. 3106. 3106. 3106. 2045. 2045.   16.   16.   16. 2045.
 3106. 3106. 3106. 2045. 2045.   16.   16.   16.   16.   16.   16.   16.
   16.   16. 
 16. 16. 16. 16. 16. 16. 16. 16. 16. 16. 16. 16. 16. 16. 16. 16. 16. 16.
 16. 16. 16. 16. 16. 16. 16. 16. 
   16.   16.   16.   16.   16.   16.   16.   16. 2045. 2045. 3106. 3106.
 3106. 3106. 3106. 3106. 3106. 2045. 2045.   16.   16.   16. 2045. 2045.
 3106. 3106. 
 3106. 2045. 2045.   16.   16.   16.   16.   16.   16.   16.   16.   16.
   16.   16.   16.   16.   16.   16.   16.   16.   16.   16.   16.   16.
   16.   16. 
   16.   16.   16.   16.   16.   16.   16.   16.   16.   16.   16.   16.
   16.   16.   16.   16.   16.   16.   16. 2045. 2045. 3106. 3106. 3106.
 3106. 2045. 
 2045. 2045. 2045. 2045.   16.   16.   16.   16. 3106. 3106. 3106. 3106.
 2045. 2045.   16.   16.   16.   16.   16.   16.   16.   16.   16.   16.
   16.   16. 
 16. 16. 16. 16. 16. 16. 16. 16. 16. 16. 16. 16. 16. 16. 16. 16. 16. 16.
 16. 16. 16. 16. 16. 16. 16. 16. 
   16.   16.   16.   16. 2045. 2045. 3106. 3106. 3106. 3106. 2045. 2045.
 2045. 2045. 2045.   16.   16.   16.   16.   16. 3106. 3106. 3106. 2045.
 2045.   16. 
 16. 16. 16. 16. 16. 16. 16. 16. 16. 16. 16. 16. 16. 16. 16. 16. 16. 16.
 16. 16. 16. 16. 16. 16. 16. 16. 
   16.   16.   16.   16.   16.   16.   16.   16.   16.   16.   16.   16.
   16.   16.   16. 2045. 2045. 3106. 3106. 3106. 3106. 2045. 2045. 2045.
 2045.   16. 
   16.   16.   16.   16.   16.   16. 3106. 3106. 3106. 2045.   16.   16.
   16.   16.   16.   16.   16.   16.   16.   16.   16.   16.   16.   16.
   16.   16. 
 16. 16. 16. 16. 16. 16. 16. 16. 16. 16. 16. 16. 16. 16. 16. 16. 16. 16.
 16. 16. 16. 16. 16. 16. 16. 16. 
 2045. 2045. 3106. 3106. 3106. 3106. 2045. 2045. 2045.   16.   16.   16.
   16.   16.   16.   16.   16.   16. 2045. 2045. 2045. 2045.   16.   16.
   16.   16. 
 16. 16. 16. 16. 16. 16. 16. 16. 16. 16. 16. 16. 16. 16. 16. 16. 16. 16.
 16. 16. 16. 16. 16. 16. 16. 16. 
   16.   16.   16.   16.   16.   16.   16.   16.   16.   16.   16. 2045.
 2045. 3106. 3106. 3106. 3106. 2045. 2045. 2045.   16.   16.   16.   16.
   16.   16. 
   16.   16.   16.   16. 2045. 2045.   16.   16.   16.   16.   16.   16.
   16.   16.   16.   16.   16.   16.   16.   16.   16.   16.   16.   16.
   16.   16. 
   16.   16.   16.   16.   16.   16.   16.   16.   16.   16.   16.   16.
   16.   16.   16.   16.   16.   16.   16.   16.   16.   16.   16. 2045.
 2045. 3106. 
 3106. 3106. 2045. 2045. 3106. 2045.   16.   16.   16.   16.   16.   16.
   16.   16.   16.   16.   16.   16.   16.   16.   16.   16.   16.   16.
   16.   16. 
 16. 16. 16. 16. 16. 16. 16. 16. 16. 16. 16. 16. 16. 16. 16. 16. 16. 16.
 16. 16. 16. 16. 16. 16. 16. 16. 
   16.   16.   16.   16.   16.   16.   16.   16.   16. 2045. 2045. 3106.
 3106. 2045. 2045. 3106. 2045. 2045.   16.   16.   16.   16.   16.   16.
   16.   16. 
 16. 16. 16. 16. 16. 16. 16. 16. 16. 16. 16. 16. 16. 16. 16. 16. 16. 16.
 16. 16. 16. 16. 16. 16. 16. 16. 
   16.   16.   16.   16.   16.   16.   16.   16.   16.   16.   16.   16.
   16.   16.   16.   16.   16.   16.   16.   16.   16. 2045. 2045. 3106.
 3106. 2045. 
 2045. 3106. 3106. 2045.   16.   16.   16.   16.   16.   16.   16.   16.
   16.   16.   16.   16.   16.   16.   16.   16.   16.   16.   16.   16.
   16.   16. 
 16. 16. 16. 16. 16. 16. 16. 16. 16. 16. 16. 16. 16. 16. 16. 16. 16. 16.
 16. 16. 16. 16. 16. 16. 16. 16. 
   16.   16.   16.   16.   16.   16. 2045. 2045. 2045. 3106. 3106. 3106.
 2045. 3106. 3106. 2045.   16.   16.   16.   16.   16.   16.   16.   16.
   16.   16. 
 16. 16. 16. 16. 16. 16. 16. 16. 16. 16. 16. 16. 16. 16. 16. 16. 16. 16.
 16. 16. 16. 16. 16. 16. 16. 16. 
   16.   16.   16.   16.   16.   16.   16.   16.   16.   16.   16.   16.
   16.   16.   16. 2045. 2045. 2045. 2045. 2045. 2045. 3106. 3106. 2045.
 2045. 3106. 
 2045. 2045.   16.   16.   16.   16.   16.   16.   16.   16.   16.   16.
   16.   16.   16.   16.   16.   16.   16.   16.   16.   16.   16.   16.
   16.   16. 
 16. 16. 16. 16. 16. 16. 16. 16. 16. 16. 16. 16. 16. 16. 16. 16. 16. 16.
 16. 16. 16. 16. 16. 16. 16. 16. 
 2045. 2045. 2045. 3106. 3106. 3106. 3106. 3106. 3106. 2045. 2045. 3106.
 2045.   16.   16.   16.   16.   16.   16.   16.   16.   16.   16.   16.
   16.   16. 
 16. 16. 16. 16. 16. 16. 16. 16. 16. 16. 16. 16. 16. 16. 16. 16. 16. 16.
 16. 16. 16. 16. 16. 16. 16. 16. 
   16.   16.   16.   16.   16.   16.   16.   16.   16.   16. 2045. 2045.
 2045. 3106. 3106. 3106. 3106. 3106. 3106. 3106. 2045. 2045. 3106. 3106.
 2045.   16. 
 16. 16. 16. 16. 16. 16. 16. 16. 16. 16. 16. 16. 16. 16. 16. 16. 16. 16.
 16. 16. 16. 16. 16. 16. 16. 16. 
   16.   16.   16.   16.   16.   16.   16.   16.   16.   16.   16.   16.
   16.   16.   16.   16.   16.   16.   16.   16. 2045. 2045. 2045. 3106.
 3106. 3106. 
 3106. 3106. 3106. 2045. 2045. 2045. 2045. 2045. 2045. 2045.   16.   16.
   16.   16.   16.   16.   16.   16.   16.   16.   16.   16.   16.   16.
   16.   16. 
 16. 16. 16. 16. 16. 16. 16. 16. 16. 16. 16. 16. 16. 16. 16. 16. 16. 16.
 16. 16. 16. 16. 16. 16. 16. 16. 
   16.   16.   16.   16. 2045. 2045. 2045. 3106. 3106. 3106. 3106. 3106.
 3106. 2045. 2045. 2045. 2045. 2045. 2045. 2045. 2045.   16.   16.   16.
   16.   16. 
 16. 16. 16. 16. 16. 16. 16. 16. 16. 16. 16. 16. 16. 16. 16. 16. 16. 16.
 16. 16. 16. 16. 16. 16. 16. 16. 
   16.   16.   16.   16.   16.   16.   16.   16.   16.   16.   16.   16.
   16.   16.   16. 2045. 2045. 3106. 3106. 3106. 3106. 3106. 3106. 3106.
 2045. 2045. 
 3106. 3106. 2045. 2045. 2045.   16.   16.   16.   16.   16.   16.   16.
   16.   16.   16.   16.   16.   16.   16.   16.   16.   16.   16.   16.
   16.   16. 
 16. 16. 16. 16. 16. 16. 16. 16. 16. 16. 16. 16. 16. 16. 16. 16. 16. 16.
 16. 16. 16. 16. 16. 16. 16. 16. 
 2045. 2045. 3106. 3106. 3106. 3106. 3106. 3106. 2045. 2045. 2045. 3106.
 2045. 2045. 2045.   16.   16.   16.   16.   16.   16.   16.   16.   16.
   16.   16. 
 16. 16. 16. 16. 16. 16. 16. 16. 16. 16. 16. 16. 16. 16. 16. 16. 16. 16.
 16. 16. 16. 16. 16. 16. 16. 16. 
   16.   16.   16.   16.   16.   16.   16.   16.   16.   16.   16.   16.
 2045. 2045. 3106. 3106. 3106. 2045. 2045. 2045. 2045. 2045. 3106. 3106.
 2045. 2045. 
 16. 16. 16. 16. 16. 16. 16. 16. 16. 16. 16. 16. 16. 16. 16. 16. 16. 16.
 16. 16. 16. 16. 16. 16. 16. 16. 
   16.   16.   16.   16.   16.   16.   16.   16.   16.   16.   16.   16.
   16.   16.   16.   16.   16.   16.   16.   16.   16.   16.   16. 2045.
 2045. 3106. 
 3106. 3106. 2045. 2045. 2045. 3106. 3106. 3106. 3106. 3106. 2045.   16.
   16.   16.   16.   16.   16.   16.   16.   16.   16.   16.   16.   16.
   16.   16. 
 16. 16. 16. 16. 16. 16. 16. 16. 16. 16. 16. 16. 16. 16. 16. 16. 16. 16.
 16. 16. 16. 16. 16. 16. 16. 16. 
   16.   16.   16.   16.   16. 2045. 2045. 2045. 2045. 2045. 2045. 3106.
 3106. 2045. 2045. 2045. 3106. 3106. 3106. 3106. 3106. 2045. 2045.   16.
   16.   16. 
 16. 16. 16. 16. 16. 16. 16. 16. 16. 16. 16. 16. 16. 16. 16. 16. 16. 16.
 16. 16. 16. 16. 16. 16. 16. 16. 
   16.   16.   16.   16.   16.   16.   16.   16.   16.   16.   16.   16.
   16.   16.   16. 2045. 2045. 2045. 2045. 2045. 3106. 3106. 3106. 3106.
 3106. 2045. 
 2045. 3106. 3106. 3106. 3106. 2045. 2045. 2045.   16.   16.   16.   16.
   16.   16.   16.   16.   16.   16.   16.   16.   16.   16.   16.   16.
   16.   16. 
 16. 16. 16. 16. 16. 16. 16. 16. 16. 16. 16. 16. 16. 16. 16. 16. 16. 16.
 16. 16. 16. 16. 16. 16. 16. 16. 
 2045. 2045. 3106. 3106. 3106. 3106. 3106. 3106. 3106. 3106. 2045. 2045.
 2045. 2045. 2045. 2045. 2045. 2045. 2045.   16.   16.   16.   16.   16.
   16.   16. 
 16. 16. 16. 16. 16. 16. 16. 16. 16. 16. 16. 16. 16. 16. 16. 16. 16. 16.
 16. 16. 16. 16. 16. 16. 16. 16. 
   16.   16.   16.   16.   16.   16.   16.   16.   16.   16.   16. 2045.
 2045. 3106. 3106. 3106. 3106. 3106. 3106. 3106. 2045. 2045. 2045.   16.
   16.   16. 
 16. 16. 16. 16. 16. 16. 16. 16. 16. 16. 16. 16. 16. 16. 16. 16. 16. 16.
 16. 16. 16. 16. 16. 16. 16. 16. 
   16.   16.   16.   16.   16.   16.   16.   16.   16.   16.   16.   16.
   16.   16.   16.   16.   16.   16.   16.   16.   16.   16. 2045. 2045.
 2045. 3106. 
 3106. 2045. 2045. 2045. 2045. 2045. 2045. 2045.   16.   16.   16.   16.
   16.   16.   16.   16.   16.   16.   16.   16.   16.   16.   16.   16.
   16.   16. 
 16. 16. 16. 16. 16. 16. 16. 16. 16. 16. 16. 16. 16. 16. 16. 16. 16. 16.
 16. 16. 16. 16. 16. 16. 16. 16. 
   16.   16.   16.   16.   16.   16.   16. 2045. 2045. 2045. 2045. 3106.
 3106. 2045. 2045. 2045. 2045.   16.   16.   16.   16.   16.   16.   16.
   16.   16. 
   16.   16.   16.   16.   16.   16.   16.   16.   16.   16.   16.   16.
   16.   16.   16.   16.   16.   16.   16.   16.   16.   16. 2045. 2045.
   16.   16. 
   16.   16.   16.   16.   16.   16.   16.   16.   16.   16.   16.   16.
   16.   16.   16.   16.   16.   16.   16. 2045. 3106. 2045. 2045. 3106.
 3106. 2045. 
 2045.   16.   16.   16.   16.   16.   16.   16.   16.   16.   16.   16.
   16.   16.   16.   16.   16.   16.   16.   16.   16.   16.   16.   16.
   16.   16. 
   16.   16.   16.   16.   16. 2045. 2045. 2045. 2045. 3106.   16.   16.
   16.   16.   16.   16.   16.   16.   16.   16.   16.   16.   16.   16.
   16.   16. 
   16.   16.   16.   16.   16. 2045. 3106. 2045. 2045. 3106. 3106. 2045.
   16.   16.   16.   16.   16.   16.   16.   16.   16.   16.   16.   16.
   16.   16. 
   16.   16.   16.   16.   16.   16.   16.   16.   16.   16.   16.   16.
   16.   16.   16.   16.   16. 2045. 2045. 3106. 3106. 3106.   16.   16.
   16.   16. 
   16.   16.   16.   16.   16.   16.   16.   16.   16.   16.   16.   16.
   16.   16.   16.   16. 2045. 2045. 3106. 2045. 3106. 3106. 3106. 2045.
   16.   16. 
 16. 16. 16. 16. 16. 16. 16. 16. 16. 16. 16. 16. 16. 16. 16. 16. 16. 16.
 16. 16. 16. 16. 16. 16. 16. 16. 
   16.   16. 2045. 2045. 3106. 3106. 3106. 3106.   16.   16.   16.   16.
   16.   16.   16.   16.   16.   16.   16.   16.   16.   16.   16.   16.
 2045. 2045. 
 2045. 2045. 2045. 3106. 2045. 2045. 3106. 3106. 2045. 2045.   16.   16.
   16.   16.   16.   16.   16.   16.   16.   16.   16.   16.   16.   16.
   16.   16. 
   16.   16.   16.   16.   16.   16.   16.   16.   16.   16.   16.   16.
   16. 2045. 2045. 3106. 3106. 3106. 2045. 2045.   16.   16.   16.   16.
   16.   16. 
   16.   16.   16.   16.   16.   16.   16. 2045. 2045. 2045. 2045. 2045.
 2045. 2045. 3106. 3106. 2045. 3106. 3106. 3106. 2045. 2045.   16.   16.
   16.   16. 
   16.   16.   16.   16.   16.   16.   16.   16.   16.   16.   16.   16.
   16.   16.   16.   16.   16.   16.   16.   16.   16.   16.   16.   16.
 2045. 2045. 
 3106. 3106. 3106. 2045. 2045.   16.   16.   16.   16.   16.   16.   16.
   16.   16.   16.   16.   16.   16. 2045. 2045. 3106. 3106. 3106. 3106.
 3106. 3106. 
 2045. 2045. 2045. 3106. 3106. 2045. 2045.   16.   16.   16.   16.   16.
   16.   16.   16.   16.   16.   16.   16.   16.   16.   16.   16.   16.
   16.   16. 
   16.   16.   16.   16.   16.   16.   16.   16.   16. 2045. 2045. 3106.
 3106. 3106. 3106. 2045.   16.   16.   16.   16.   16.   16.   16.   16.
   16.   16. 
   16.   16. 2045. 2045. 3106. 3106. 3106. 3106. 3106. 3106. 3106. 2045.
 2045. 2045. 3106. 3106. 3106. 2045. 2045.   16.   16.   16.   16.   16.
   16.   16. 
   16.   16.   16.   16.   16.   16.   16.   16.   16.   16.   16.   16.
   16.   16.   16.   16.   16.   16.   16.   16. 2045. 2045. 2045. 3106.
 3106. 3106. 
 2045. 2045.   16.   16.   16.   16.   16.   16.   16.   16. 2045. 2045.
 2045. 2045. 3106. 3106. 3106. 3106. 3106. 3106. 3106. 3106. 2045. 2045.
 2045. 3106. 
 3106. 3106. 2045. 2045.   16.   16.   16.   16.   16.   16.   16.   16.
   16.   16.   16.   16.   16.   16.   16.   16.   16.   16.   16.   16.
   16.   16. 
   16.   16.   16.   16.   16. 2045. 2045. 3106. 3106. 3106. 3106. 2045.
 2045.   16.   16.   16.   16.   16.   16. 2045. 2045. 2045. 2045. 3106.
 3106. 3106. 
 3106. 3106. 3106. 3106. 2045. 2045. 2045. 2045. 2045. 2045. 3106. 3106.
 3106. 2045. 2045.   16.   16.   16.   16.   16.   16.   16.   16.   16.
   16.   16. 
   16.   16.   16.   16.   16.   16.   16.   16.   16.   16.   16.   16.
   16.   16.   16.   16. 2045. 2045. 3106. 3106. 3106. 3106. 2045. 2045.
   16.   16. 
   16.   16.   16.   16. 2045. 2045. 3106. 3106. 3106. 3106. 3106. 3106.
 3106. 3106. 3106. 2045. 2045.   16.   16. 2045. 2045. 3106. 3106. 3106.
 2045. 2045. 
 16. 16. 16. 16. 16. 16. 16. 16. 16. 16. 16. 16. 16. 16. 16. 16. 16. 16.
 16. 16. 16. 16. 16. 16. 16. 16. 
   16. 2045. 2045. 3106. 3106. 3106. 3106. 2045. 2045.   16.   16.   16.
   16.   16.   16. 2045. 3106. 3106. 3106. 3106. 3106. 3106. 3106. 3106.
 3106. 2045. 
 2045.   16.   16.   16. 2045. 2045. 2045. 3106. 3106. 2045. 2045.   16.
   16.   16.   16.   16.   16.   16.   16.   16.   16.   16.   16.   16.
   16.   16. 
   16.   16.   16.   16.   16.   16.   16.   16.   16.   16.   16.   16.
   16. 2045. 3106. 3106. 3106. 3106. 2045. 2045.   16.   16.   16.   16.
   16.   16. 
 2045. 3106. 3106. 3106. 3106. 3106. 3106. 2045. 2045. 2045. 2045.   16.
   16.   16.   16. 2045. 2045. 2045. 3106. 3106. 3106. 2045. 2045.   16.
   16.   16. 
   16.   16.   16.   16.   16.   16.   16.   16.   16.   16.   16.   16.
   16.   16.   16.   16.   16.   16.   16.   16.   16.   16.   16.   16.
 2045. 2045. 
 3106. 3106. 3106. 2045. 2045.   16.   16.   16.   16.   16.   16.   16.
 2045. 3106. 3106. 3106. 3106. 2045. 2045. 2045.   16.   16.   16.   16.
   16.   16. 
 2045. 2045. 3106. 3106. 3106. 3106. 2045. 2045.   16.   16.   16.   16.
   16.   16.   16.   16.   16.   16.   16.   16.   16.   16.   16.   16.
   16.   16. 
   16.   16.   16.   16.   16.   16.   16.   16.   16.   16. 2045. 3106.
 3106. 3106. 2045. 2045.   16.   16.   16.   16.   16.   16.   16.   16.
 3106. 3106. 
 3106. 3106. 2045. 2045.   16.   16.   16.   16.   16.   16.   16. 2045.
 2045. 3106. 3106. 3106. 3106. 2045. 2045.   16.   16.   16.   16.   16.
   16.   16. 
   16.   16.   16.   16.   16.   16.   16.   16.   16.   16.   16.   16.
   16.   16.   16.   16.   16.   16.   16.   16.   16.   16. 2045. 3106.
 3106. 3106. 
 2045. 2045.   16.   16.   16.   16.   16.   16.   16.   16. 3106. 3106.
 3106. 2045. 2045.   16.   16.   16.   16.   16.   16. 2045. 2045. 2045.
 3106. 3106. 
 3106. 3106. 2045. 2045. 2045.   16.   16.   16.   16.   16.   16.   16.
   16.   16.   16.   16.   16.   16.   16.   16.   16.   16.   16.   16.
   16.   16. 
   16.   16.   16.   16.   16.   16. 2045. 2045. 2045. 3106. 3106. 3106.
 2045.   16.   16.   16.   16.   16.   16.   16.   16.   16. 3106. 2045.
 2045. 2045. 
   16.   16.   16.   16.   16.   16.   16. 2045. 3106. 3106. 3106. 3106.
 3106. 2045. 2045.   16.   16.   16.   16.   16.   16.   16.   16.   16.
   16.   16. 
   16.   16.   16.   16.   16.   16.   16.   16.   16.   16.   16.   16.
   16.   16.   16.   16.   16.   16. 2045. 3106. 3106. 3106. 3106. 2045.
 2045.   16. 
   16.   16.   16.   16.   16.   16.   16.   16. 2045. 2045.   16.   16.
   16.   16.   16.   16.   16.   16. 2045. 2045. 3106. 3106. 3106. 2045.
 2045. 2045. 
 16. 16. 16. 16. 16. 16. 16. 16. 16. 16. 16. 16. 16. 16. 16. 16. 16. 16.
 16. 16. 16. 16. 16. 16. 16. 16. 
   16.   16.   16. 2045. 3106. 3106. 3106. 3106. 2045. 2045.   16.   16.
   16.   16.   16.   16.   16.   16.   16.   16.   16.   16.   16.   16.
   16.   16. 
   16.   16.   16. 2045. 2045. 3106. 3106. 3106. 3106. 2045.   16.   16.
   16.   16.   16.   16.   16.   16.   16.   16.   16.   16.   16.   16.
   16.   16. 
   16.   16.   16.   16.   16.   16.   16.   16.   16.   16.   16.   16.
   16.   16. 2045. 2045. 3106. 3106. 3106. 2045. 2045.   16.   16.   16.
   16.   16. 
   16.   16.   16.   16.   16.   16.   16.   16.   16.   16.   16.   16.
   16.   16. 2045. 2045. 3106. 3106. 3106. 3106. 2045. 2045.   16.   16.
   16.   16. 
 16. 16. 16. 16. 16. 16. 16. 16. 16. 16. 16. 16. 16. 16. 16. 16. 16. 16.
 16. 16. 16. 16. 16. 16. 16. 16. 
 2045. 3106. 3106. 3106. 3106. 2045.   16.   16.   16.   16.   16.   16.
   16.   16.   16.   16.   16.   16.   16.   16.   16.   16.   16.   16.
 2045. 2045. 
 2045. 3106. 3106. 3106. 3106. 2045. 2045.   16.   16.   16.   16.   16.
   16.   16.   16.   16.   16.   16.   16.   16.   16.   16.   16.   16.
   16.   16. 
   16.   16.   16.   16.   16.   16.   16.   16.   16.   16.   16. 2045.
 2045. 3106. 3106. 3106. 2045.   16.   16.   16.   16.   16.   16.   16.
   16.   16. 
   16.   16.   16.   16.   16.   16.   16.   16.   16. 2045. 2045. 3106.
 3106. 3106. 3106. 3106. 2045. 2045.   16.   16.   16.   16.   16.   16.
   16.   16. 
   16.   16.   16.   16.   16.   16.   16.   16.   16.   16.   16.   16.
   16.   16.   16.   16.   16.   16.   16.   16.   16.   16.   16. 2045.
 3106. 3106. 
 3106. 3106. 2045.   16.   16.   16.   16.   16.   16.   16.   16.   16.
   16.   16.   16.   16.   16.   16.   16.   16.   16. 2045. 3106. 3106.
 3106. 3106. 
 3106. 2045. 2045.   16.   16.   16.   16.   16.   16.   16.   16.   16.
   16.   16.   16.   16.   16.   16.   16.   16.   16.   16.   16.   16.
   16.   16. 
   16.   16.   16.   16.   16.   16.   16.   16.   16. 2045. 3106. 3106.
 3106. 2045.   16.   16.   16.   16.   16.   16.   16.   16.   16.   16.
   16.   16. 
   16.   16.   16.   16.   16.   16. 2045. 2045. 3106. 3106. 3106. 3106.
 2045. 2045.   16.   16.   16.   16.   16.   16.   16.   16.   16.   16.
   16.   16. 
   16.   16.   16.   16.   16.   16.   16.   16.   16.   16.   16.   16.
   16.   16.   16.   16.   16.   16.   16. 2045. 2045. 2045. 3106. 3106.
 2045. 2045. 
   16.   16.   16.   16.   16.   16.   16.   16.   16.   16.   16.   16.
   16.   16.   16.   16.   16. 2045. 2045. 3106. 3106. 3106. 2045. 2045.
 2045.   16. 
 16. 16. 16. 16. 16. 16. 16. 16. 16. 16. 16. 16. 16. 16. 16. 16. 16. 16.
 16. 16. 16. 16. 16. 16. 16. 16. 
   16.   16. 2045. 2045. 2045. 2045. 3106. 3106. 3106. 3106. 2045.   16.
   16.   16.   16.   16.   16.   16.   16.   16.   16.   16.   16.   16.
   16.   16. 
 2045. 2045. 2045. 2045. 3106. 3106. 3106. 3106. 2045. 2045.   16.   16.
   16.   16.   16.   16.   16.   16.   16.   16.   16.   16.   16.   16.
   16.   16. 
   16.   16.   16.   16.   16.   16.   16.   16.   16.   16.   16. 2045.
 2045. 2045. 2045. 3106. 3106. 3106. 3106. 3106. 3106. 2045. 2045.   16.
   16.   16. 
   16.   16.   16.   16.   16.   16.   16.   16.   16.   16.   16.   16.
 2045. 2045. 3106. 3106. 3106. 3106. 3106. 3106. 2045.   16.   16.   16.
   16.   16. 
   16.   16.   16.   16.   16.   16.   16.   16.   16.   16.   16.   16.
   16.   16.   16.   16.   16.   16.   16.   16. 2045. 2045. 2045. 2045.
 3106. 3106. 
 3106. 3106. 3106. 3106. 3106. 2045. 2045.   16.   16.   16.   16.   16.
   16.   16.   16.   16.   16.   16.   16.   16.   16.   16.   16.   16.
 3106. 3106. 
 3106. 3106. 3106. 3106. 3106. 2045. 2045.   16.   16.   16.   16.   16.
   16.   16.   16.   16.   16.   16.   16.   16.   16.   16.   16.   16.
   16.   16. 
   16.   16.   16.   16. 2045. 2045. 2045. 3106. 3106. 3106. 3106. 3106.
 3106. 3106. 3106. 2045. 2045. 2045.   16.   16.   16.   16.   16.   16.
   16.   16. 
   16.   16.   16.   16.   16.   16.   16.   16.   16.   16. 3106. 3106.
 3106. 3106. 3106. 2045. 2045. 2045.   16.   16.   16.   16.   16.   16.
   16.   16. 
   16.   16.   16.   16.   16.   16.   16.   16.   16.   16.   16.   16.
   16.   16.   16. 2045. 2045. 3106. 3106. 3106. 3106. 3106. 3106. 3106.
 2045. 2045. 
 2045.   16.   16.   16.   16.   16.   16.   16.   16.   16.   16.   16.
   16.   16.   16.   16.   16.   16.   16.   16.   16.   16. 3106. 3106.
 2045. 2045. 
 2045. 2045. 2045.   16.   16.   16.   16.   16.   16.   16.   16.   16.
   16.   16.   16.   16.   16.   16.   16.   16.   16.   16.   16.   16.
   16.   16. 
 2045. 2045. 3106. 3106. 3106. 3106. 3106. 2045. 2045. 2045. 2045. 2045.
   16.   16.   16.   16.   16.   16.   16.   16.   16.   16.   16.   16.
   16.   16. 
   16.   16.   16.   16.   16.   16.   16.   16. 3106. 3106. 2045. 2045.
 2045.   16.   16.   16.   16.   16.   16.   16.   16.   16.   16.   16.
   16.   16. 
   16.   16.   16.   16.   16.   16.   16.   16.   16.   16.   16.   16.
 2045. 3106. 3106. 3106. 3106. 2045. 2045. 2045.   16.   16.   16.   16.
   16.   16. 
   16.   16.   16.   16.   16.   16.   16.   16.   16.   16.   16.   16.
   16.   16.   16.   16.   16.   16.   16.   16. 3106. 3106. 2045. 2045.
   16.   16. 
   16.   16.   16.   16.   16.   16.   16.   16.   16.   16.   16.   16.
   16.   16.   16.   16.   16.   16.   16.   16.   16.   16.   16. 2045.
 2045. 3106. 
 3106. 3106. 2045. 2045.   16.   16.   16.   16.   16.   16.   16.   16.
   16.   16.   16.   16.   16.   16.   16.   16.   16.   16.   16.   16.
   16.   16. 
   16.   16.   16.   16.   16.   16. 3106. 3106. 3106. 2045.   16.   16.
   16.   16.   16.   16.   16.   16.   16.   16.   16.   16.   16.   16.
   16.   16. 
   16.   16.   16.   16.   16.   16.   16.   16. 2045. 2045. 3106. 3106.
 3106. 2045. 2045.   16.   16.   16.   16.   16.   16.   16.   16.   16.
   16.   16. 
   16.   16.   16.   16.   16.   16.   16.   16.   16.   16.   16.   16.
   16.   16.   16.   16.   16.   16. 3106. 3106. 3106. 2045.   16.   16.
   16.   16. 
   16.   16.   16.   16.   16.   16.   16.   16.   16.   16.   16.   16.
   16.   16.   16.   16.   16. 2045. 2045. 2045. 2045. 3106. 3106. 3106.
 3106. 2045. 
 16. 16. 16. 16. 16. 16. 16. 16. 16. 16. 16. 16. 16. 16. 16. 16. 16. 16.
 16. 16. 16. 16. 16. 16. 16. 16. 
   16.   16.   16.   16. 3106. 3106. 3106. 2045.   16.   16.   16.   16.
   16.   16.   16.   16.   16.   16.   16.   16.   16.   16.   16.   16.
   16.   16. 
   16.   16. 2045. 2045. 2045. 3106. 3106. 3106. 3106. 3106. 2045. 2045.
   16.   16.   16.   16.   16.   16.   16.   16.   16.   16.   16.   16.
   16.   16. 
   16.   16.   16.   16.   16.   16.   16.   16.   16.   16.   16.   16.
   16.   16.   16.   16. 3106. 3106. 2045. 2045.   16.   16.   16.   16.
   16.   16. 
   16.   16.   16.   16.   16.   16.   16.   16.   16.   16.   16.   16.
   16. 2045. 2045. 3106. 3106. 3106. 3106. 3106. 3106. 2045. 2045.   16.
   16.   16. 
 16. 16. 16. 16. 16. 16. 16. 16. 16. 16. 16. 16. 16. 16. 16. 16. 16. 16.
 16. 16. 16. 16. 16. 16. 16. 16. 
   16.   16. 3106. 3106. 2045. 2045.   16.   16.   16.   16.   16.   16.
   16.   16.   16.   16.   16.   16.   16.   16.   16.   16.   16.   16.
 2045. 2045. 
 3106. 3106. 3106. 3106. 3106. 3106. 2045. 2045. 2045.   16.   16.   16.
   16.   16.   16.   16.   16.   16.   16.   16.   16.   16.   16.   16.
   16.   16. 
 16. 16. 16. 16. 16. 16. 16. 16. 16. 16. 16. 16. 16. 16. 
/