PERMI
   32.   32.   32.   32.   32.   32.   32.   32.  998. 1208. 1208. 1208.
  998.   32.   32.   32.   32.   32.   32.  998.  998.  998.  998.  998.
  998.  998. 
  998.  998.  998.  998. 1208. 1208. 1208.  998.   32.   32.   32.   32.
   32.   32.   32.   32.   32.   32.   32.   32.   32.   32.   32.   32.
   32.   32. 
   32.   32.   32.   32.   32.   32.   32.  998. 1208. 1208. 1208.  998.
  998.  998.  998.  998.  998.  998.  998.  998.  998.  998. 1208. 1208.
  998.   32. 
   32.   32.   32.  998.  998.  998.  998. 1208. 1208. 1208. 1208. 1208.
 1208. 1208. 1208. 1208. 1208. 1208.  998.  998.   32.   32.   32.   32.
   32.   32. 
   32.   32.   32.   32.   32.   32.   32.   32.   32.   32.   32.   32.
   32.   32.   32.   32.   32.   32.   32.  998.  998. 1208. 1208. 1208.
 1208. 1208. 
 1208. 1208. 1208. 1208. 1208. 1208. 1208. 1208. 1208. 1208.  998.   32.
   32.   32.   32.  998. 1208. 1208. 1208. 1208. 1208. 1208. 1208. 1208.
 1208. 1208. 
 1208. 1208. 1208. 1208.  998.   32.   32.   32.   32.   32.   32.   32.
   32.   32.   32.   32.   32.   32.   32.   32.   32.   32.   32.   32.
   32.   32. 
   32.   32.   32.   32.   32.   32.  998.  998. 1208. 1208. 1208. 1208.
 1208. 1208. 1208. 1208. 1208. 1208. 1208. 1208. 1208.  998.  998.   32.
   32.   32. 
  998.  998. 1208. 1208. 1208. 1208. 1208.  998.  998.  998.  998. 1208.
 1208. 1208. 1208.  998.  998.   32.   32.   32.   32.   32.   32.   32.
   32.   32. 
   32.   32.   32.   32.   32.   32.   32.   32.   32.   32.   32.   32.
   32.   32.   32.   32.   32.   32.   32.  998.  998. 1208.  998.  998.
  998.  998. 
  998.  998.  998. 1208. 1208.  998.  998.  998.   32.   32.   32.   32.
  998.  998. 1208. 1208.  998.  998.  998.  998.  998.  998.  998.  998.
  998.  998. 
 998. 998.  32.  32.  32.  32.  32.  32.  32.  32.  32.  32.  32.  32.
  32.  32.  32.  32.  32.  32.  32.  32.  32.  32.  32. 998. 
 998. 998. 998. 998. 998. 998. 998. 998.  32.  32.  32.  32.  32.  32.
  32. 998.  32.  32.  32.  32.  32.  32.  32.  32. 998. 998. 
 1208. 1208.  998.  998.   32.   32.  998. 1208. 1208. 1208.  998.   32.
   32.   32.   32.   32.   32.   32.   32.   32.   32.   32.   32.   32.
   32.   32. 
   32.   32.   32.   32.   32.   32.   32.   32.   32.  998.  998. 1208.
 1208.  998.  998.  998.  998. 1208. 1208.  998.   32.   32.   32.   32.
   32.   32. 
   32.   32.   32.   32.   32.   32.   32.   32.   32.   32.  998.  998.
 1208. 1208.  998.  998.   32.   32.  998. 1208. 1208. 1208.  998.   32.
   32.   32. 
   32.   32.   32.   32.   32.   32.   32.   32.   32.   32.   32.   32.
   32.   32.   32.   32.   32.   32.   32.   32.   32.  998. 1208.  998.
  998.  998. 
  998.  998.  998.  998.  998.  998.  998.   32.   32.   32.   32.   32.
   32.   32.   32.   32.   32.   32.   32.   32.   32.   32.  998.  998.
 1208. 1208. 
  998.  998.   32.   32.   32. 1208. 1208. 1208.  998.   32.   32.   32.
   32.   32.   32.   32.   32.   32.   32.   32.   32.   32.   32.   32.
   32.   32. 
   32.   32.   32.   32.   32.   32.  998. 1208.  998.  998. 1208. 1208.
 1208. 1208. 1208. 1208. 1208. 1208. 1208.   32.   32.   32.   32.   32.
   32.   32. 
   32.   32.   32.   32.   32.   32.   32.   32.  998.  998. 1208. 1208.
  998.  998.   32.   32.  998. 1208. 1208. 1208.  998.   32.   32.   32.
   32.   32. 
   32.   32.   32.   32.   32.   32.   32.   32.   32.   32.   32.   32.
   32.   32.   32.   32.   32.   32.  998. 1208.  998. 1208. 1208. 1208.
 1208. 1208. 
 1208. 1208. 1208. 1208. 1208.  998.   32.   32.   32.   32.   32.   32.
   32.   32.   32.   32.   32.   32.   32.   32.  998.  998. 1208. 1208.
  998.  998. 
   32.  998.  998. 1208. 1208. 1208.  998.   32.   32.   32.   32.   32.
   32.   32.   32.   32.   32.   32.   32.   32.   32.   32.   32.   32.
   32.   32. 
   32.   32.   32.   32.  998. 1208.  998. 1208. 1208. 1208.  998.  998.
  998.  998.  998. 1208. 1208. 1208.  998.   32.   32.   32.   32.   32.
   32.   32. 
   32.   32.   32.   32.   32.   32.  998. 1208. 1208. 1208.  998.  998.
  998. 1208. 1208. 1208. 1208.  998.   32.   32.   32.   32.   32.   32.
   32.   32. 
   32.   32.   32.   32.   32.   32.   32.   32.   32.   32.   32.   32.
   32.   32.   32.   32.  998.  998.  998. 1208. 1208. 1208.  998.  998.
   32.   32. 
  998.  998. 1208. 1208.  998.   32.   32.   32.   32.   32.   32.   32.
   32.   32.   32.   32.   32.   32.  998. 1208. 1208. 1208.  998.  998.
 1208. 1208. 
 1208. 1208.  998.   32.   32.   32.   32.   32.   32.   32.   32.   32.
   32.   32.   32.   32.   32.   32.   32.   32.   32.   32.   32.   32.
   32.   32. 
   32.   32.   32.  998. 1208.  998. 1208. 1208. 1208.  998.  998.   32.
   32.   32. 1208. 1208. 1208.  998.   32.   32.   32.   32.   32.   32.
   32.   32. 
   32.   32.   32.   32.  998. 1208. 1208. 1208.  998. 1208. 1208. 1208.
  998.  998.   32.   32.   32.   32.   32.   32.   32.   32.   32.   32.
   32.   32. 
   32.   32.   32.   32.   32.   32.   32.   32.   32.   32.   32.   32.
   32.   32.   32.  998.  998.  998.  998. 1208. 1208. 1208.  998.   32.
   32.   32. 
  998. 1208. 1208.  998.   32.   32.   32.  998.  998.   32.   32.  998.
  998.  998.  998.  998.  998. 1208. 1208. 1208.  998. 1208. 1208.  998.
  998.   32. 
 32. 32. 32. 32. 32. 32. 32. 32. 32. 32. 32. 32. 32. 32. 32. 32. 32. 32.
 32. 32. 32. 32. 32. 32. 32. 32. 
   32.   32.  998.  998.  998.  998. 1208. 1208. 1208.  998.  998.   32.
  998. 1208. 1208.  998.  998.  998.  998.  998.  998.  998.  998.  998.
 1208. 1208. 
 1208. 1208. 1208. 1208. 1208.  998.  998. 1208.  998.  998.   32.   32.
   32.   32.   32.   32.   32.   32.   32.   32.   32.   32.   32.   32.
   32.   32. 
   32.   32.   32.   32.   32.   32.   32.   32.   32.   32.   32.   32.
   32.   32.   32.  998.  998.  998. 1208. 1208. 1208. 1208.  998.  998.
 1208. 1208. 
 1208.  998.  998.  998. 1208. 1208. 1208. 1208. 1208. 1208. 1208. 1208.
 1208. 1208. 1208. 1208. 1208.  998.  998.  998.   32.   32.   32.   32.
   32.   32. 
 32. 32. 32. 32. 32. 32. 32. 32. 32. 32. 32. 32. 32. 32. 32. 32. 32. 32.
 32. 32. 32. 32. 32. 32. 32. 32. 
   32.   32.  998. 1208.  998. 1208. 1208. 1208. 1208.  998. 1208. 1208.
 1208.  998. 1208. 1208. 1208. 1208. 1208. 1208. 1208. 1208. 1208. 1208.
 1208. 1208. 
 1208. 1208.  998.  998.   32.   32.   32.   32.   32.   32.   32.   32.
   32.   32.   32.   32.   32.   32.   32.   32.   32.   32.   32.   32.
   32.   32. 
   32.   32.   32.   32.   32.   32.   32.   32.   32.   32.   32.   32.
   32.   32.  998.  998. 1208.  998. 1208. 1208. 1208. 1208. 1208.  998.
  998.  998. 
 1208. 1208. 1208.  998.  998.  998.  998.  998.  998.  998.  998.  998.
  998.  998.  998.   32.   32.   32.   32.   32.   32.   32.   32.   32.
   32.   32. 
 32. 32. 32. 32. 32. 32. 32. 32. 32. 32. 32. 32. 32. 32. 32. 32. 32. 32.
 32. 32. 32. 32. 32. 32. 32. 32. 
   32.  998.  998. 1208.  998. 1208. 1208. 1208.  998.   32.  998. 1208.
 1208. 1208.  998.  998.   32.  998.  998.  998.  998.  998.  998. 1208.
 1208.  998. 
 998.  32.  32.  32.  32.  32.  32.  32.  32.  32.  32.  32.  32.  32.
  32.  32.  32.  32.  32.  32.  32.  32.  32.  32.  32.  32. 
   32.   32.   32.   32.  998.  998.  998.  998.  998.  998.  998.  998.
  998.  998.  998.  998.  998. 1208. 1208. 1208.   32.   32.  998. 1208.
 1208. 1208. 
  998.   32.   32.   32.   32.   32.   32.   32.  998. 1208. 1208. 1208.
  998.   32.   32.   32.   32.   32.   32.   32.   32.   32.   32.   32.
   32.   32. 
   32.   32.   32.   32.   32.   32.   32.   32.   32.   32.   32.   32.
   32.   32.  998.  998. 1208. 1208. 1208. 1208.  998.  998.  998.  998.
  998.  998. 
  998.  998. 1208. 1208. 1208. 1208.   32.   32.  998. 1208. 1208. 1208.
  998.  998.   32.   32.   32.   32.   32.   32.  998.  998. 1208. 1208.
  998.  998. 
  32.  32.  32.  32.  32.  32.  32.  32.  32.  32.  32.  32.  32.  32.
  32.  32.  32.  32.  32.  32.  32.  32.  32.  32.  32. 998. 
  998. 1208. 1208. 1208. 1208.  998.  998. 1208. 1208. 1208. 1208. 1208.
 1208. 1208. 1208. 1208. 1208. 1208.   32.   32.  998.  998. 1208. 1208.
  998.  998. 
   32.   32.   32.   32.   32.   32.   32.  998. 1208. 1208. 1208.  998.
   32.   32.   32.   32.   32.   32.   32.   32.   32.   32.   32.   32.
   32.   32. 
   32.   32.   32.   32.   32.   32.   32.   32.   32.   32.  998.  998.
 1208. 1208. 1208.  998.  998.  998. 1208. 1208. 1208. 1208. 1208. 1208.
 1208. 1208. 
 1208. 1208. 1208.  998.   32.   32.   32.  998. 1208. 1208. 1208.  998.
  998.   32.   32.   32.   32.   32.   32.  998. 1208. 1208. 1208.  998.
   32.   32. 
   32.   32.   32.   32.   32.   32.   32.   32.   32.   32.   32.   32.
   32.   32.   32.   32.   32.   32.   32.   32.   32.  998. 1208. 1208.
 1208.  998. 
  998.   32.   32.  998. 1208. 1208.  998.  998. 1208. 1208.  998.  998.
  998.  998.  998.   32.   32.   32.   32.  998. 1208. 1208. 1208. 1208.
  998.  998. 
   32.   32.   32.   32.   32.  998.  998. 1208. 1208.  998.   32.   32.
   32.   32.   32.   32.   32.   32.   32.   32.   32.   32.   32.   32.
   32.   32. 
   32.   32.   32.   32.   32.   32.   32.  998. 1208. 1208.  998.  998.
   32.   32.   32.  998. 1208. 1208. 1208.  998.  998.  998.  998.  998.
  998.   32. 
   32.   32.   32.   32.   32.  998.  998. 1208. 1208. 1208.  998.  998.
  998.   32.   32.   32.   32.   32.  998. 1208. 1208. 1208.  998.   32.
   32.   32. 
   32.   32.   32.   32.   32.   32.   32.   32.   32.   32.   32.   32.
   32.   32.   32.   32.   32.   32.   32.  998. 1208. 1208.  998.   32.
   32.   32. 
   32.  998.  998. 1208. 1208.  998.   32.   32.   32.   32.   32.   32.
   32.   32.   32.   32.   32.   32.  998.  998. 1208. 1208. 1208.  998.
  998.   32. 
   32.   32.   32.   32.  998. 1208. 1208. 1208.  998.   32.   32.   32.
   32.   32.   32.   32.   32.   32.   32.   32.   32.   32.   32.   32.
   32.   32. 
   32.   32.   32.   32.   32.  998. 1208. 1208.  998.  998.   32.   32.
   32.  998.  998. 1208. 1208.  998.   32.   32.   32.   32.   32.   32.
   32.   32. 
   32.   32.   32.   32.   32.  998.  998. 1208. 1208. 1208.  998.  998.
   32.   32.   32.   32.  998. 1208. 1208. 1208.  998.   32.   32.   32.
   32.   32. 
   32.   32.   32.   32.   32.   32.   32.   32.   32.   32.   32.   32.
   32.   32.   32.   32.   32.  998. 1208. 1208. 1208.  998.   32.   32.
   32.   32. 
  998. 1208. 1208.  998.  998.   32.   32.   32.   32.   32.   32.   32.
   32.   32.   32.   32.   32.   32.  998.  998. 1208. 1208. 1208.  998.
  998.   32. 
   32.   32.  998. 1208. 1208. 1208.  998.   32.   32.   32.   32.   32.
   32.   32.   32.   32.   32.   32.   32.   32.   32.   32.   32.   32.
   32.   32. 
   32.   32.   32.   32.  998. 1208. 1208.  998.   32.   32.   32.   32.
  998. 1208. 1208. 1208.  998.   32.   32.   32.   32.   32.   32.   32.
   32.   32. 
   32.   32.   32.   32.   32.  998.  998. 1208. 1208. 1208.  998.  998.
  998.  998.  998. 1208. 1208. 1208.  998.   32.   32.   32.   32.   32.
   32.   32. 
   32.   32.   32.   32.   32.   32.   32.   32.   32.   32.   32.   32.
   32.   32.   32.   32.  998. 1208. 1208. 1208.  998.   32.   32.   32.
  998.  998. 
 1208. 1208.  998.  998.   32.   32.   32.   32.   32.   32.   32.   32.
   32.   32.   32.   32.  998.  998.  998.  998. 1208. 1208.  998. 1208.
 1208. 1208. 
 1208. 1208. 1208. 1208.  998.   32.   32.   32.   32.   32.   32.   32.
   32.   32.   32.   32.   32.   32.   32.   32.   32.   32.   32.   32.
   32.   32. 
   32.   32.   32.  998.  998. 1208. 1208.  998.   32.   32.   32.  998.
 1208. 1208.  998.  998.   32.   32.   32.   32.   32.   32.   32.   32.
   32.  998. 
  998.  998.  998.  998.  998. 1208. 1208. 1208.  998. 1208. 1208. 1208.
 1208. 1208. 1208.  998.   32.   32.   32.   32.   32.   32.   32.   32.
   32.   32. 
   32.   32.   32.   32.   32.   32.   32.   32.   32.   32.   32.   32.
   32.   32.   32.   32.  998. 1208. 1208. 1208.  998.   32.  998.  998.
 1208. 1208. 
  998.  998.   32.   32.   32.   32.   32.   32.  998.  998.  998.  998.
  998. 1208. 1208. 1208. 1208. 1208. 1208.  998.  998. 1208. 1208. 1208.
 1208.  998. 
 998.  32.  32.  32.  32.  32.  32.  32.  32.  32.  32.  32.  32.  32.
  32.  32.  32.  32.  32.  32.  32.  32.  32.  32.  32.  32. 
   32.   32.   32.  998.  998.  998.  998.  998.  998.  998. 1208. 1208.
  998.  998.   32.   32.   32.   32.   32.   32. 1208. 1208. 1208. 1208.
 1208. 1208. 
 1208. 1208. 1208. 1208.  998.  998.  998.  998.  998.  998.  998.   32.
   32.   32.   32.   32.   32.   32.   32.   32.   32.   32.   32.   32.
   32.   32. 
   32.   32.   32.   32.   32.   32.   32.   32.   32.   32.   32.   32.
   32.   32.  998.  998.  998.  998.  998.  998. 1208. 1208. 1208. 1208.
  998.   32. 
   32.   32.   32.   32.   32.   32. 1208. 1208. 1208. 1208. 1208. 1208.
 1208. 1208. 1208.  998.  998.   32.   32.   32.   32.   32.   32.   32.
   32.   32. 
  32.  32.  32.  32.  32.  32.  32.  32.  32.  32.  32.  32.  32.  32.
  32.  32.  32.  32.  32. 998. 998.  32.  32.  32.  32. 998. 
 1208. 1208. 1208. 1208. 1208. 1208. 1208. 1208. 1208.  998.  998.   32.
   32.   32.   32.   32.   32.   32. 1208.  998.  998.  998.  998.  998.
  998.  998. 
 998.  32.  32.  32.  32.  32.  32.  32.  32.  32.  32.  32.  32.  32.
  32.  32.  32.  32.  32.  32.  32.  32.  32.  32.  32.  32. 
   32.   32.   32.  998.  998.  998.  998.  998.  998.  998.  998. 1208.
 1208. 1208. 1208. 1208. 1208. 1208. 1208.  998.  998.  998.   32.   32.
   32.   32. 
  32.  32.  32.  32. 998. 998. 998. 998. 998. 998. 998.  32.  32.  32.
  32.  32.  32.  32.  32.  32.  32.  32.  32.  32.  32.  32. 
   32.   32.   32.   32.   32.   32.   32.   32.   32.   32.   32.   32.
   32.   32.   32.  998. 1208. 1208. 1208. 1208.  998. 1208. 1208. 1208.
 1208. 1208. 
  998.  998.  998.  998.  998.  998.   32.   32.   32.   32.   32.   32.
   32.   32.   32.   32. 1208.  998.  998. 1208. 1208. 1208.  998.   32.
   32.   32. 
 32. 32. 32. 32. 32. 32. 32. 32. 32. 32. 32. 32. 32. 32. 32. 32. 32. 32.
 32. 32. 32. 32. 32. 32. 32. 32. 
  998.  998. 1208. 1208. 1208.  998.  998. 1208. 1208. 1208.  998.  998.
  998.  998.  998.  998.   32.   32.   32.   32.   32.   32.   32.   32.
   32.   32. 
   32.   32. 1208.  998.  998.  998. 1208. 1208.  998.   32.   32.   32.
   32.   32.   32.   32.   32.   32.   32.   32.   32.   32.   32.   32.
   32.   32. 
   32.   32.   32.   32.   32.   32.   32.   32.   32.   32.   32.   32.
  998. 1208. 1208.  998.  998.  998. 1208. 1208. 1208.  998.  998. 1208.
 1208. 1208. 
  998.   32.   32.   32.   32.   32.   32.   32.   32.   32.   32.   32.
   32.   32. 1208. 1208.  998.  998.  998. 1208.  998.   32.   32.   32.
   32.   32. 
  32.  32.  32.  32.  32.  32.  32.  32.  32.  32.  32.  32.  32.  32.
  32.  32.  32.  32.  32.  32.  32.  32.  32.  32. 998. 998. 
 1208. 1208.  998.  998. 1208. 1208. 1208.  998.  998.  998.  998.  998.
   32.   32.   32.   32.   32.   32.   32.   32.   32.   32.   32.   32.
   32.   32. 
 1208. 1208. 1208.  998.  998. 1208.  998.   32.   32.   32.   32.   32.
   32.   32.   32.   32.   32.   32.   32.   32.   32.   32.   32.   32.
   32.   32. 
   32.   32.   32.   32.   32.   32.   32.   32.   32.   32.  998.  998.
 1208. 1208.  998.  998.  998. 1208. 1208.  998.  998.   32.   32.   32.
   32.   32. 
   32.   32.   32.   32.   32.   32.   32.   32.   32.   32.   32.   32.
  998. 1208. 1208. 1208.  998.  998.  998.   32.   32.   32.   32.   32.
   32.   32. 
   32.   32.   32.   32.   32.   32.   32.   32.   32.   32.   32.   32.
   32.   32.   32.   32.   32.   32.   32.   32.   32.   32.   32.  998.
 1208. 1208. 
 1208.  998.  998. 1208. 1208. 1208.  998.  998.   32.   32.   32.   32.
   32.   32.   32.   32.   32.   32.   32.   32.   32.   32.   32.   32.
  998.  998. 
 1208. 1208.  998.  998.  998.   32.   32.   32.   32.   32.   32.   32.
   32.   32.   32.   32.   32.   32.   32.   32.   32.   32.   32.   32.
   32.   32. 
   32.   32.   32.   32.   32.   32.   32.   32.   32.   32.  998.  998.
 1208. 1208.  998.  998. 1208. 1208. 1208.  998.   32.   32.   32.   32.
   32.   32. 
   32.   32.   32.   32.   32.   32.   32.   32.   32.   32.   32.  998.
 1208. 1208. 1208.  998.  998.   32.   32.   32.   32.   32.   32.   32.
   32.   32. 
   32.   32.   32.   32.   32.   32.   32.   32.   32.   32.   32.   32.
   32.   32.   32.   32.   32.   32.   32.   32.   32.   32.   32.  998.
 1208. 1208. 
 1208.  998.  998. 1208. 1208.  998.  998.   32.   32.   32.   32.   32.
   32.   32.   32.   32.   32.   32.   32.   32.   32.   32.   32.  998.
  998. 1208. 
 1208.  998.  998.   32.   32.   32.   32.   32.   32.   32.   32.   32.
   32.   32.   32.   32.   32.   32.   32.   32.   32.   32.   32.   32.
   32.   32. 
   32.   32.   32.   32.   32.   32.   32.   32.   32.   32.  998. 1208.
 1208.  998.  998. 1208. 1208. 1208.  998.  998.   32.   32.   32.   32.
   32.   32. 
   32.   32.   32.   32.   32.   32.   32.   32.   32.   32.  998. 1208.
 1208. 1208.  998.   32.   32.   32.   32.   32.   32.   32.   32.   32.
   32.   32. 
   32.   32.   32.   32.   32.   32.   32.   32.   32.   32.   32.   32.
   32.   32.   32.   32.   32.   32.   32.  998.   32.   32.  998.  998.
 1208. 1208. 
  998.  998. 1208. 1208. 1208.  998.  998.   32.   32.   32.   32.   32.
   32.   32.   32.   32.   32.   32.   32.   32.  998.  998.  998. 1208.
 1208. 1208. 
 998.  32.  32.  32.  32.  32.  32.  32.  32.  32.  32.  32.  32.  32.
  32.  32.  32.  32.  32.  32.  32.  32.  32.  32. 998. 998. 
  998.  998.  998.  998.  998.  998.  998.  998.  998.  998. 1208. 1208.
 1208.  998.  998. 1208. 1208. 1208.  998.  998.   32.   32.   32.   32.
   32.   32. 
   32.   32.   32.   32.   32.   32.  998. 1208. 1208. 1208. 1208.  998.
  998.   32.   32.   32.   32.   32.   32.   32.   32.   32.   32.   32.
   32.   32. 
   32.   32.   32.   32.   32.   32.   32.   32.   32.  998.  998. 1208.
 1208. 1208. 1208. 1208. 1208. 1208. 1208. 1208.  998.  998.  998.  998.
  998.  998. 
  998.  998.  998. 1208. 1208.  998.   32.   32.   32.   32.   32.   32.
   32.   32.   32.   32.   32.   32. 1208. 1208. 1208. 1208. 1208.  998.
  998.   32. 
   32.   32.   32.   32.   32.   32.   32.   32.   32.   32.   32.   32.
   32.   32.   32.   32.   32.   32.   32.   32.   32.  998. 1208. 1208.
 1208. 1208. 
 1208. 1208. 1208. 1208.  998.  998.  998.  998.  998. 1208. 1208. 1208.
 1208. 1208. 1208. 1208. 1208.  998.  998.   32.   32.   32.   32.   32.
   32.   32. 
   32.   32.   32.   32. 1208. 1208. 1208.  998.  998.  998.   32.   32.
   32.   32.   32.   32.   32.   32.   32.   32.   32.   32.   32.   32.
   32.   32. 
   32.   32.   32.   32.   32.   32.   32.  998. 1208. 1208.  998.  998.
  998.  998.  998.  998.  998. 1208. 1208. 1208. 1208. 1208. 1208. 1208.
 1208. 1208. 
 1208. 1208. 1208.  998.  998.   32.   32.   32.   32.   32.   32.   32.
   32.   32.   32.   32.  998.  998.  998.  998.   32.   32.   32.   32.
   32.   32. 
   32.   32.   32.   32.   32.   32.   32.   32.   32.   32.   32.   32.
   32.   32.   32.   32.   32.   32.   32.  998. 1208. 1208.  998.   32.
   32.   32. 
  998.  998. 1208. 1208. 1208. 1208. 1208. 1208. 1208. 1208. 1208. 1208.
 1208. 1208.  998.  998.   32.   32.   32.   32.   32.   32.   32.   32.
   32.   32. 
 32. 32. 32. 32. 32. 32. 32. 32. 32. 32. 32. 32. 32. 32. 32. 32. 32. 32.
 32. 32. 32. 32. 32. 32. 32. 32. 
   32.   32.   32.   32.   32.  998. 1208. 1208.  998.   32.   32.   32.
  998.  998. 1208. 1208.  998.  998.  998.  998.  998.  998.  998.  998.
  998.  998. 
 998.  32.  32.  32.  32.  32.  32.  32.  32.  32.  32.  32.  32.  32.
  32.  32.  32.  32.  32.  32.  32.  32.  32.  32.  32.  32. 
   32.   32.   32.   32.   32.   32.   32.   32.   32.   32.   32.   32.
   32.   32.   32.   32.   32.  998. 1208. 1208.  998.  998.   32.   32.
  998.  998. 
 1208. 1208.  998.  998.   32.   32.   32.   32.   32.   32.   32.   32.
   32.   32.   32.   32.   32.   32.   32.   32.   32.   32.   32.   32.
   32.   32. 
 32. 32. 32. 32. 32. 32. 32. 32. 32. 32. 32. 32. 32. 32. 32. 32. 32. 32.
 32. 32. 32. 32. 32. 32. 32. 32. 
   32.   32.   32.  998. 1208. 1208. 1208.  998.   32.   32.  998.  998.
 1208. 1208. 1208.  998.   32.   32.   32.   32.   32.   32.   32.   32.
   32.   32. 
 32. 32. 32. 32. 32. 32. 32. 32. 32. 32. 32. 32. 32. 32. 32. 32. 32. 32.
 32. 32. 32. 32. 32. 32. 32. 32. 
   32.   32.   32.   32.   32.   32.   32.   32.   32.   32.   32.   32.
   32.   32.   32.  998. 1208. 1208. 1208.  998.   32.   32.   32.  998.
 1208. 1208. 
 1208.  998.   32.   32.   32.   32.   32.   32.   32.   32.   32.   32.
   32.   32.   32.   32.   32.   32.   32.   32.   32.   32.   32.   32.
   32.   32. 
  32.  32.  32.  32.  32.  32.  32.  32.  32.  32.  32.  32.  32.  32.
  32.  32.  32.  32.  32.  32.  32.  32.  32.  32.  32. 998. 
  998.  998.  998.  998.  998.  998.   32.   32.   32.  998.  998. 1208.
 1208.  998.  998.   32.   32.   32.   32.   32.   32.   32.   32.   32.
   32.   32. 
  32.  32.  32.  32.  32.  32.  32.  32.  32.  32. 998.  32.  32.  32.
  32.  32.  32.  32.  32.  32.  32.  32.  32.  32.  32.  32. 
  998.  998.  998.  998.  998.  998.  998.   32.   32.   32.  998.  998.
 1208. 1208. 1208. 1208.  998.  998.  998.   32.   32.   32.  998. 1208.
 1208.  998. 
 998.  32.  32.  32.  32.  32.  32.  32.  32.  32.  32.  32.  32.  32.
  32.  32.  32.  32.  32.  32.  32.  32. 998.  32.  32.  32. 
   32.   32.   32.   32.   32.   32.   32.   32.   32.   32.   32.  998.
 1208. 1208. 1208. 1208. 1208. 1208. 1208.  998.  998.   32.  998. 1208.
 1208. 1208. 
 1208. 1208. 1208. 1208.  998.  998.   32.   32.  998.  998. 1208.  998.
  998.   32.   32.   32.   32.   32.   32.   32.   32.   32.   32.   32.
   32.   32. 
   32.   32.   32.   32.   32.   32.   32.   32.  998.   32.   32.   32.
   32.   32.   32.   32.   32.   32.   32.   32.   32.   32.  998. 1208.
 1208. 1208. 
 1208. 1208. 1208. 1208. 1208. 1208. 1208.  998.  998. 1208. 1208. 1208.
 1208. 1208. 1208. 1208. 1208.  998.  998.  998.  998.  998. 1208.  998.
  998.   32. 
  32.  32.  32.  32.  32.  32.  32.  32.  32.  32.  32.  32.  32.  32.
  32.  32.  32.  32.  32.  32. 998.  32.  32.  32.  32.  32. 
   32.   32.   32.   32.   32.   32.   32.   32.  998. 1208. 1208.  998.
  998.  998.  998.  998. 1208. 1208. 1208.  998.  998. 1208. 1208.  998.
  998.  998. 
  998. 1208. 1208. 1208. 1208.  998.  998. 1208. 1208.  998.  998.   32.
   32.   32.   32.   32.   32.   32.   32.  998.  998.   32.   32.   32.
   32.   32. 
   32.   32.   32.   32.   32.   32.  998.   32.   32.   32.   32.   32.
   32.   32.   32.   32.   32.   32.   32.   32.  998. 1208. 1208.  998.
   32.   32. 
   32.   32.  998.  998. 1208.  998. 1208. 1208. 1208.  998. 1208.  998.
  998.  998. 1208. 1208. 1208. 1208. 1208. 1208. 1208.  998.  998.   32.
   32.   32. 
  32.  32.  32. 998. 998. 998. 998. 998. 998. 998.  32.  32.  32.  32.
  32.  32.  32.  32. 998.  32.  32.  32.  32.  32.  32.  32. 
   32.   32.   32.   32.   32.   32.  998. 1208. 1208.  998.  998.   32.
   32.   32.   32.  998.  998.  998. 1208. 1208. 1208.  998. 1208.  998.
  998.  998. 
  998.  998. 1208. 1208. 1208. 1208. 1208.  998.   32.   32.   32.   32.
   32.   32.   32.  998. 1208. 1208. 1208. 1208. 1208.  998.  998.  998.
   32.   32. 
   32.   32.   32.   32.  998.   32.   32.   32.   32.   32.   32.   32.
   32.   32.   32.   32.   32.   32.  998. 1208. 1208. 1208.  998.   32.
   32.   32. 
   32.   32.   32.  998. 1208. 1208. 1208.  998.  998.  998.   32.   32.
  998.  998.  998.  998.  998.  998.  998.  998.   32.   32.   32.   32.
   32.   32. 
  998.  998. 1208. 1208. 1208. 1208. 1208. 1208. 1208.  998.  998.  998.
  998.   32.   32.   32.   32.   32.   32.   32.   32.   32.   32.   32.
   32.   32. 
   32.   32.   32.   32.  998.  998. 1208. 1208.  998.   32.   32.   32.
   32.   32.   32.  998. 1208. 1208. 1208.  998.   32.   32.   32.   32.
   32.   32. 
   32.  998.  998.  998.  998.   32.   32.   32.   32.   32.   32.   32.
  998. 1208. 1208. 1208. 1208. 1208. 1208. 1208. 1208. 1208. 1208. 1208.
  998.  998. 
  998.  998.   32.   32.   32.   32.   32.   32.   32.   32.   32.   32.
   32.   32.   32.   32.   32.  998. 1208. 1208.  998.  998.   32.   32.
   32.   32. 
   32.  998.  998. 1208. 1208.  998.  998.   32.   32.   32.   32.   32.
   32.   32.   32.   32.   32.   32.   32.   32.   32.   32.   32.   32.
  998. 1208. 
 1208. 1208.  998.  998.  998. 1208. 1208. 1208. 1208. 1208. 1208. 1208.
 1208. 1208. 
/