PERMI
   20.   20.   20.   20. 2391. 2391. 3238. 3238. 3238. 2391. 2391. 3238.
 3238. 3238. 3238. 2391. 2391. 2391. 3238. 3238. 3238. 2391. 2391.   20.
   20.   20. 
 20. 20. 20. 20. 20. 20. 20. 20. 20. 20. 20. 20. 20. 20. 20. 20. 20. 20.
 20. 20. 20. 20. 20. 20. 20. 20. 
   20.   20.   20.   20.   20.   20.   20.   20.   20.   20.   20.   20.
   20.   20.   20.   20.   20. 2391. 2391. 3238. 3238. 3238. 2391. 2391.
 3238. 3238. 
 3238. 3238. 3238. 2391. 2391. 3238. 3238. 2391. 2391. 2391.   20.   20.
   20.   20.   20.   20.   20.   20.   20.   20.   20.   20.   20.   20.
   20.   20. 
 20. 20. 20. 20. 20. 20. 20. 20. 20. 20. 20. 20. 20. 20. 20. 20. 20. 20.
 20. 20. 20. 20. 20. 20. 20. 20. 
   20.   20.   20.   20. 2391. 3238. 3238. 3238. 3238. 2391. 2391. 3238.
 3238. 3238. 3238. 3238. 2391. 2391. 3238. 3238. 2391. 2391.   20.   20.
   20.   20. 
 20. 20. 20. 20. 20. 20. 20. 20. 20. 20. 20. 20. 20. 20. 20. 20. 20. 20.
 20. 20. 20. 20. 20. 20. 20. 20. 
   20.   20.   20.   20.   20.   20.   20.   20.   20.   20.   20.   20.
   20.   20.   20.   20. 2391. 2391. 3238. 3238. 3238. 2391. 2391. 2391.
 2391. 3238. 
 3238. 3238. 3238. 2391. 2391. 3238. 3238. 2391. 2391. 2391. 2391. 2391.
   20.   20.   20.   20.   20.   20.   20.   20.   20.   20.   20.   20.
   20.   20. 
 20. 20. 20. 20. 20. 20. 20. 20. 20. 20. 20. 20. 20. 20. 20. 20. 20. 20.
 20. 20. 20. 20. 20. 20. 20. 20. 
   20.   20.   20. 2391. 2391. 3238. 3238. 3238. 2391. 2391. 2391. 2391.
 2391. 3238. 3238. 3238. 2391. 2391. 3238. 3238. 2391. 2391. 2391. 2391.
 2391. 2391. 
 2391.   20.   20.   20.   20.   20.   20.   20.   20.   20.   20.   20.
   20.   20.   20.   20.   20.   20.   20.   20.   20.   20.   20.   20.
   20.   20. 
   20.   20.   20.   20.   20.   20.   20.   20.   20.   20.   20.   20.
   20.   20.   20.   20. 2391. 2391. 3238. 3238. 3238. 2391. 2391. 3238.
 2391. 3238. 
 3238. 3238. 2391. 2391. 3238. 3238. 3238. 3238. 3238. 3238. 2391. 2391.
 2391. 2391. 2391.   20.   20.   20.   20.   20.   20.   20.   20.   20.
   20.   20. 
   20.   20.   20.   20.   20.   20.   20.   20.   20.   20.   20.   20.
   20.   20.   20.   20.   20.   20.   20.   20. 2391.   20.   20.   20.
   20.   20. 
   20.   20. 2391. 2391. 3238. 3238. 3238. 3238. 2391. 2391. 2391. 2391.
 3238. 3238. 3238. 2391. 2391. 3238. 3238. 3238. 3238. 3238. 3238. 3238.
 3238. 2391. 
 2391. 2391.   20.   20.   20.   20.   20.   20.   20.   20.   20.   20.
   20.   20.   20.   20.   20.   20.   20.   20.   20.   20.   20.   20.
   20.   20. 
   20.   20.   20.   20.   20.   20. 2391. 2391.   20.   20.   20.   20.
   20.   20.   20. 2391. 2391. 3238. 3238. 3238. 3238. 2391. 2391. 2391.
 3238. 3238. 
 3238. 2391. 2391. 2391. 2391. 2391. 3238. 3238. 3238. 3238. 3238. 3238.
 3238. 2391. 2391.   20.   20.   20.   20.   20.   20.   20.   20.   20.
   20.   20. 
   20.   20.   20.   20.   20.   20.   20.   20.   20.   20.   20.   20.
   20.   20.   20.   20.   20.   20. 3238. 2391.   20.   20.   20.   20.
   20.   20. 
   20.   20. 2391. 2391. 3238. 3238. 3238. 2391. 2391. 2391. 2391. 3238.
 3238. 3238. 2391. 2391. 2391. 2391. 2391. 2391. 2391. 3238. 3238. 3238.
 3238. 3238. 
 2391. 2391.   20.   20.   20.   20.   20.   20.   20.   20.   20.   20.
   20.   20.   20.   20.   20.   20.   20.   20.   20.   20.   20.   20.
   20.   20. 
   20.   20.   20.   20. 3238. 2391. 2391.   20.   20.   20.   20.   20.
   20.   20.   20. 2391. 3238. 3238. 3238. 3238. 2391. 2391. 2391. 3238.
 3238. 3238. 
 2391. 2391. 3238. 2391. 2391. 2391. 2391. 2391. 2391. 3238. 3238. 3238.
 2391. 2391.   20.   20.   20.   20.   20.   20.   20.   20.   20.   20.
   20.   20. 
   20.   20.   20.   20.   20.   20.   20.   20.   20.   20.   20.   20.
   20.   20.   20.   20. 3238. 3238. 2391. 2391.   20.   20.   20.   20.
   20.   20. 
   20. 2391. 2391. 3238. 3238. 3238. 2391.   20. 2391. 2391. 3238. 3238.
 3238. 2391. 2391. 3238. 3238. 3238. 3238. 2391. 2391. 2391. 3238. 3238.
 3238. 2391. 
 2391.   20.   20.   20.   20.   20.   20.   20.   20.   20.   20.   20.
   20.   20.   20.   20.   20.   20.   20.   20.   20.   20.   20.   20.
   20.   20. 
   20.   20. 3238. 3238. 3238. 2391.   20.   20.   20.   20.   20.   20.
   20.   20. 2391. 3238. 3238. 3238. 2391. 2391. 2391. 2391. 2391. 3238.
 3238. 2391. 
 2391. 3238. 3238. 3238. 3238. 3238. 2391. 2391. 3238. 3238. 3238. 2391.
 2391. 2391.   20.   20.   20.   20.   20.   20.   20.   20.   20.   20.
   20.   20. 
   20.   20.   20.   20.   20.   20.   20.   20.   20.   20.   20.   20.
   20.   20. 3238. 3238. 3238. 2391.   20.   20.   20.   20.   20.   20.
   20.   20. 
 2391. 2391. 3238. 3238. 3238. 2391. 2391. 2391. 2391. 3238. 3238. 3238.
 2391. 2391. 3238. 3238. 3238. 3238. 3238. 2391. 2391. 3238. 3238. 3238.
 2391. 2391. 
 20. 20. 20. 20. 20. 20. 20. 20. 20. 20. 20. 20. 20. 20. 20. 20. 20. 20.
 20. 20. 20. 20. 20. 20. 20. 20. 
 3238. 3238. 3238. 2391. 2391.   20.   20.   20.   20.   20.   20.   20.
 2391. 2391. 3238. 3238. 3238. 3238. 3238. 3238. 2391. 2391. 3238. 3238.
 3238. 2391. 
 2391. 2391. 2391. 2391. 2391. 2391. 2391. 3238. 3238. 3238. 2391. 2391.
 2391. 2391.   20.   20.   20.   20.   20.   20.   20.   20.   20.   20.
   20.   20. 
   20.   20.   20.   20.   20.   20.   20.   20.   20.   20.   20.   20.
 2391. 3238. 3238. 3238. 2391. 2391.   20.   20.   20.   20.   20.   20.
   20. 2391. 
 2391. 3238. 3238. 3238. 3238. 3238. 3238. 2391. 2391. 3238. 3238. 2391.
 2391.   20.   20.   20.   20. 2391. 2391. 2391. 3238. 3238. 3238. 3238.
 2391. 2391. 
 2391. 2391. 2391.   20.   20.   20.   20.   20.   20.   20.   20.   20.
   20.   20.   20.   20.   20.   20.   20.   20.   20.   20.   20.   20.
 2391. 3238. 
 3238. 3238. 3238. 2391. 2391.   20.   20.   20.   20.   20.   20.   20.
 2391. 2391. 2391. 3238. 3238. 3238. 3238. 3238. 2391. 3238. 3238. 3238.
 2391. 2391. 
   20.   20.   20.   20. 2391. 2391. 3238. 3238. 3238. 3238. 3238. 3238.
 2391. 2391. 2391. 2391. 2391. 2391.   20.   20.   20.   20.   20.   20.
   20.   20. 
   20.   20.   20.   20.   20.   20.   20.   20.   20.   20. 2391. 2391.
 3238. 3238. 3238. 3238. 2391. 2391. 2391. 2391.   20.   20.   20.   20.
   20.   20. 
 2391. 2391. 2391. 3238. 3238. 3238. 2391. 2391. 3238. 3238. 2391. 2391.
   20.   20.   20.   20. 2391. 2391. 2391. 2391. 3238. 3238. 3238. 3238.
 3238. 3238. 
 3238. 2391. 2391. 2391. 2391.   20.   20.   20.   20.   20.   20.   20.
   20.   20.   20.   20.   20.   20.   20.   20.   20.   20.   20. 2391.
 2391. 3238. 
 3238. 3238. 3238. 3238. 2391. 2391. 2391.   20.   20.   20.   20.   20.
   20. 2391. 2391. 2391. 2391. 2391. 2391. 2391. 3238. 3238. 3238. 2391.
   20.   20. 
   20.   20. 2391. 2391. 2391. 2391. 2391. 3238. 3238. 3238. 3238. 3238.
 3238. 3238. 2391. 2391. 2391.   20.   20.   20.   20.   20.   20.   20.
   20.   20. 
   20.   20.   20.   20.   20.   20.   20.   20.   20.   20. 2391. 2391.
 3238. 3238. 3238. 3238. 3238. 3238. 2391. 2391.   20.   20.   20.   20.
   20.   20. 
   20.   20. 2391. 2391. 2391. 2391. 3238. 3238. 3238. 2391. 2391.   20.
   20.   20.   20. 2391. 2391. 2391. 2391. 2391. 2391. 3238. 3238. 3238.
 3238. 3238. 
 3238. 2391. 2391. 2391.   20.   20.   20.   20.   20.   20.   20.   20.
   20.   20.   20.   20.   20.   20.   20.   20.   20.   20.   20. 2391.
 2391. 3238. 
 3238. 3238. 3238. 3238. 2391. 2391.   20.   20.   20.   20.   20.   20.
   20.   20.   20.   20. 2391. 2391. 2391. 3238. 3238. 3238. 2391. 2391.
   20.   20. 
   20. 2391. 2391. 3238. 3238. 2391. 2391. 2391. 2391. 3238. 3238. 3238.
 3238. 2391. 2391. 2391.   20.   20.   20.   20.   20.   20.   20.   20.
   20.   20. 
   20.   20.   20.   20.   20.   20.   20.   20.   20.   20. 2391. 2391.
 2391. 3238. 3238. 3238. 3238. 2391. 2391.   20.   20.   20.   20.   20.
   20.   20. 
   20.   20.   20. 2391. 2391. 3238. 3238. 3238. 2391. 2391.   20.   20.
   20.   20. 2391. 2391. 3238. 3238. 3238. 3238. 2391. 2391. 2391. 3238.
 3238. 3238. 
 2391. 2391.   20.   20.   20.   20.   20.   20.   20.   20.   20.   20.
   20.   20.   20.   20.   20.   20.   20.   20.   20.   20.   20. 2391.
 2391. 2391. 
 3238. 3238. 3238. 2391. 2391.   20.   20.   20.   20.   20.   20.   20.
   20.   20.   20.   20. 2391. 3238. 3238. 3238. 2391. 2391.   20.   20.
   20.   20. 
   20. 2391. 3238. 3238. 3238. 3238. 3238. 3238. 2391. 3238. 3238. 3238.
 2391. 2391. 2391.   20.   20.   20.   20.   20.   20.   20.   20.   20.
   20.   20. 
   20.   20.   20.   20.   20.   20.   20.   20.   20.   20.   20. 2391.
 3238. 3238. 3238. 3238. 2391.   20.   20.   20.   20.   20.   20.   20.
   20.   20. 
   20.   20. 2391. 3238. 3238. 3238. 2391. 2391.   20.   20.   20.   20.
   20. 2391. 2391. 2391. 2391. 3238. 3238. 3238. 2391. 2391. 3238. 3238.
 3238. 2391. 
 2391. 2391. 2391. 2391. 2391. 2391.   20.   20.   20.   20.   20.   20.
   20.   20.   20.   20.   20.   20.   20.   20.   20.   20.   20. 2391.
 2391. 3238. 
 3238. 3238. 2391.   20.   20.   20.   20.   20.   20.   20.   20.   20.
   20. 2391. 2391. 3238. 3238. 3238. 2391. 2391. 2391.   20.   20.   20.
   20.   20. 
 2391. 2391. 2391. 2391. 2391. 2391. 2391. 2391. 3238. 3238. 3238. 2391.
 2391. 2391. 2391. 2391. 2391. 2391. 2391.   20.   20.   20.   20.   20.
   20.   20. 
   20.   20.   20.   20.   20.   20.   20.   20.   20. 2391. 2391. 3238.
 3238. 3238. 2391. 2391.   20.   20.   20.   20.   20.   20.   20.   20.
   20.   20. 
 2391. 2391. 3238. 3238. 3238. 2391. 2391. 2391. 2391.   20.   20.   20.
   20.   20.   20.   20.   20.   20. 2391. 2391. 2391. 3238. 3238. 3238.
 3238. 3238. 
 3238. 3238. 3238. 2391. 2391. 2391. 2391.   20.   20.   20.   20.   20.
   20.   20.   20.   20.   20.   20.   20.   20.   20.   20. 2391. 3238.
 3238. 3238. 
 3238. 2391.   20.   20.   20.   20.   20.   20.   20.   20.   20.   20.
 2391. 2391. 2391. 3238. 3238. 3238. 2391. 2391. 2391. 2391. 2391.   20.
   20.   20. 
   20.   20.   20.   20. 2391. 2391. 2391. 3238. 3238. 3238. 3238. 3238.
 3238. 3238. 3238. 3238. 3238. 2391. 2391. 2391. 2391.   20.   20.   20.
   20.   20. 
   20.   20.   20.   20.   20.   20.   20.   20. 2391. 2391. 3238. 3238.
 3238. 2391.   20.   20.   20.   20.   20.   20.   20.   20.   20.   20.
   20. 2391. 
 2391. 3238. 3238. 3238. 3238. 2391. 2391. 2391. 2391.   20.   20.   20.
   20.   20.   20.   20. 2391. 2391. 2391. 2391. 2391. 3238. 3238. 3238.
 3238. 3238. 
 3238. 3238. 3238. 3238. 2391. 2391. 2391. 2391. 2391.   20.   20.   20.
   20.   20.   20.   20.   20.   20.   20.   20. 2391. 2391. 3238. 3238.
 3238. 2391. 
 2391.   20.   20.   20.   20.   20.   20.   20.   20.   20.   20.   20.
 2391. 2391. 3238. 3238. 3238. 3238. 2391. 2391. 2391. 2391.   20.   20.
   20.   20. 
   20.   20.   20. 2391. 2391. 2391. 2391. 2391. 2391. 2391. 2391. 2391.
 2391. 3238. 3238. 3238. 3238. 2391. 2391. 3238. 2391. 2391.   20.   20.
   20.   20. 
   20.   20.   20.   20.   20.   20.   20. 2391. 3238. 3238. 3238. 3238.
 2391. 2391.   20.   20.   20.   20.   20.   20.   20.   20.   20.   20.
   20. 2391. 
 2391. 3238. 3238. 3238. 3238. 3238. 2391. 2391. 2391.   20.   20.   20.
   20.   20.   20. 2391. 2391. 2391. 2391. 2391. 2391. 2391. 2391. 2391.
 2391. 2391. 
 3238. 3238. 3238. 2391. 2391. 3238. 3238. 2391. 2391.   20.   20.   20.
   20.   20.   20.   20.   20.   20.   20. 2391. 2391. 3238. 3238. 3238.
 2391. 2391. 
   20.   20.   20.   20.   20.   20.   20.   20.   20.   20.   20.   20.
 2391. 2391. 3238. 3238. 3238. 3238. 3238. 2391. 2391. 2391.   20.   20.
   20.   20. 
   20.   20.   20. 2391. 2391. 2391. 2391. 2391. 2391. 2391. 2391. 2391.
 2391. 3238. 3238. 2391. 2391. 3238. 3238. 3238. 2391. 2391.   20.   20.
   20.   20. 
   20.   20.   20.   20.   20.   20. 2391. 3238. 3238. 3238. 3238. 2391.
 2391.   20.   20.   20.   20.   20.   20.   20.   20.   20.   20.   20.
   20. 2391. 
 2391. 2391. 3238. 3238. 3238. 3238. 2391. 2391. 2391.   20.   20.   20.
   20.   20.   20.   20.   20. 2391. 2391. 2391. 2391. 2391. 2391. 2391.
 2391. 3238. 
 3238. 3238. 2391. 3238. 3238. 3238. 2391. 2391.   20.   20.   20.   20.
   20.   20.   20.   20.   20.   20. 2391. 2391. 3238. 3238. 3238. 3238.
 2391.   20. 
   20.   20.   20.   20.   20.   20.   20.   20.   20.   20.   20.   20.
   20. 2391. 2391. 3238. 3238. 3238. 3238. 3238. 2391. 2391.   20.   20.
   20.   20. 
   20.   20.   20.   20.   20. 2391. 2391. 2391. 3238. 3238. 2391. 3238.
 3238. 3238. 2391. 2391. 2391. 3238. 3238. 2391.   20.   20.   20.   20.
   20.   20. 
   20.   20.   20.   20.   20. 2391. 2391. 3238. 3238. 3238. 2391.   20.
   20.   20.   20.   20.   20.   20.   20.   20.   20.   20.   20.   20.
   20.   20. 
 2391. 2391. 2391. 3238. 3238. 3238. 3238. 2391.   20.   20.   20.   20.
   20.   20.   20.   20.   20.   20. 2391. 2391. 3238. 3238. 2391. 2391.
 3238. 3238. 
 3238. 2391. 2391. 2391. 2391. 3238.   20.   20.   20.   20.   20.   20.
   20.   20.   20.   20.   20.   20. 2391. 3238. 3238. 3238. 2391. 2391.
   20.   20. 
   20.   20.   20.   20.   20.   20.   20.   20.   20.   20.   20.   20.
 2391. 2391. 2391. 2391. 3238. 3238. 3238. 3238. 2391.   20.   20.   20.
   20.   20. 
   20.   20.   20.   20.   20. 2391. 2391. 3238. 3238. 2391. 3238. 3238.
 3238. 3238. 3238. 3238. 2391. 2391.   20.   20.   20.   20.   20.   20.
   20.   20. 
   20.   20.   20.   20. 2391. 3238. 3238. 3238. 2391. 2391.   20.   20.
   20.   20.   20.   20.   20.   20.   20.   20.   20.   20.   20.   20.
 2391. 2391. 
 3238. 3238. 2391. 3238. 3238. 3238. 2391. 2391.   20.   20.   20.   20.
   20.   20.   20.   20.   20. 2391. 2391. 3238. 3238. 2391. 2391. 3238.
 3238. 3238. 
 3238. 3238. 3238. 2391.   20.   20.   20.   20.   20.   20.   20.   20.
   20.   20.   20.   20. 2391. 3238. 3238. 3238. 2391. 2391.   20.   20.
   20.   20. 
   20.   20.   20.   20.   20.   20.   20.   20.   20.   20.   20. 2391.
 3238. 3238. 3238. 2391. 3238. 3238. 3238. 2391. 2391.   20.   20.   20.
   20.   20. 
   20.   20.   20.   20. 2391. 2391. 3238. 2391. 2391. 2391. 3238. 3238.
 3238. 3238. 3238. 3238. 2391.   20.   20.   20.   20.   20.   20.   20.
   20.   20. 
   20.   20. 2391. 2391. 3238. 3238. 3238. 2391.   20.   20.   20.   20.
   20.   20.   20.   20.   20.   20.   20.   20.   20.   20.   20. 2391.
 2391. 3238. 
 3238. 2391. 2391. 3238. 3238. 3238. 2391.   20.   20.   20.   20.   20.
   20.   20.   20.   20. 2391. 2391. 3238. 3238. 2391. 2391. 2391. 2391.
 2391. 3238. 
 3238. 3238. 2391. 2391.   20.   20.   20.   20.   20.   20.   20.   20.
   20.   20.   20. 2391. 3238. 3238. 3238. 2391. 2391.   20.   20.   20.
   20.   20. 
   20.   20.   20.   20.   20.   20.   20.   20.   20. 2391. 2391. 3238.
 3238. 3238. 2391. 2391. 3238. 3238. 3238. 2391.   20.   20.   20.   20.
   20.   20. 
   20.   20.   20. 2391. 2391. 3238. 3238. 3238. 2391. 2391. 2391. 2391.
 3238. 3238. 3238. 2391. 2391.   20.   20.   20.   20.   20.   20.   20.
   20.   20. 
   20. 2391. 2391. 3238. 3238. 3238. 2391.   20.   20.   20.   20.   20.
   20.   20.   20.   20.   20.   20.   20.   20.   20. 2391. 2391. 3238.
 3238. 3238. 
 2391. 2391. 3238. 3238. 3238. 2391.   20.   20.   20.   20.   20.   20.
   20.   20.   20. 2391. 2391. 3238. 3238. 3238. 3238. 3238. 3238. 2391.
 2391. 3238. 
 3238. 3238. 2391. 2391.   20.   20.   20.   20.   20.   20.   20.   20.
   20.   20. 2391. 3238. 3238. 3238. 2391. 2391. 2391.   20.   20.   20.
   20.   20. 
   20.   20.   20.   20.   20.   20.   20.   20. 2391. 2391. 3238. 3238.
 3238. 2391. 2391. 3238. 3238. 3238. 2391.   20.   20.   20.   20.   20.
   20.   20. 
   20.   20. 2391. 2391. 2391. 3238. 3238. 3238. 3238. 3238. 2391. 2391.
 3238. 3238. 2391. 2391.   20.   20.   20.   20.   20.   20.   20.   20.
   20.   20. 
 2391. 2391. 3238. 3238. 3238. 2391. 2391.   20.   20.   20.   20.   20.
   20.   20.   20.   20.   20.   20.   20.   20. 2391. 2391. 3238. 3238.
 3238. 2391. 
 2391. 3238. 3238. 3238. 2391.   20.   20.   20.   20.   20.   20.   20.
   20.   20.   20. 2391. 2391. 2391. 3238. 3238. 3238. 3238. 3238. 2391.
 3238. 3238. 
 3238. 2391. 2391.   20.   20.   20.   20.   20.   20.   20.   20.   20.
   20. 2391. 3238. 3238. 3238. 3238. 2391. 2391.   20.   20.   20.   20.
   20.   20. 
   20.   20.   20.   20.   20.   20.   20. 2391. 2391. 3238. 3238. 3238.
 2391. 3238. 3238. 3238. 3238. 2391. 2391.   20.   20.   20.   20.   20.
   20.   20. 
   20.   20. 2391. 2391. 2391. 2391. 2391. 2391. 3238. 3238. 2391. 3238.
 3238. 3238. 2391.   20.   20.   20.   20.   20.   20.   20.   20.   20.
   20. 2391. 
 2391. 3238. 3238. 3238. 3238. 2391. 2391.   20.   20.   20.   20.   20.
   20.   20.   20.   20.   20.   20.   20. 2391. 2391. 3238. 3238. 3238.
 3238. 2391. 
 3238. 3238. 3238. 2391. 2391. 2391.   20.   20.   20.   20.   20.   20.
   20.   20.   20.   20.   20.   20. 2391. 2391. 2391. 3238. 2391. 3238.
 3238. 3238. 
 2391.   20.   20.   20.   20.   20.   20.   20.   20.   20.   20.   20.
 2391. 2391. 3238. 3238. 3238. 3238. 2391. 2391.   20.   20.   20.   20.
   20.   20. 
   20.   20.   20.   20.   20.   20. 2391. 2391. 2391. 3238. 3238. 2391.
 3238. 3238. 3238. 2391. 2391. 2391. 2391.   20.   20.   20.   20.   20.
   20.   20. 
   20.   20.   20.   20.   20.   20. 2391. 2391. 2391. 3238. 3238. 3238.
 2391.   20.   20.   20.   20.   20.   20.   20.   20.   20.   20.   20.
   20. 2391. 
 2391. 3238. 3238. 3238. 3238. 2391. 2391.   20.   20.   20.   20.   20.
   20.   20.   20.   20.   20.   20.   20.   20. 2391. 2391. 2391. 2391.
 2391. 3238. 
 3238. 3238. 2391. 3238. 2391.   20.   20.   20.   20.   20.   20.   20.
   20.   20.   20.   20.   20.   20.   20. 2391. 3238. 3238. 3238. 2391.
 2391.   20. 
   20.   20.   20.   20.   20.   20.   20.   20.   20.   20.   20.   20.
 2391. 2391. 3238. 3238. 3238. 3238. 2391. 2391.   20.   20.   20.   20.
   20.   20. 
   20.   20.   20.   20.   20.   20.   20.   20. 2391. 2391. 2391. 3238.
 3238. 3238. 2391. 3238. 2391.   20.   20.   20.   20.   20.   20.   20.
   20.   20. 
   20.   20.   20.   20.   20.   20. 3238. 3238. 3238. 3238. 2391. 2391.
   20.   20.   20.   20.   20.   20.   20.   20.   20.   20.   20.   20.
   20. 2391. 
 2391. 3238. 3238. 3238. 3238. 2391. 2391.   20.   20.   20.   20.   20.
   20.   20.   20.   20.   20.   20.   20.   20.   20.   20. 2391. 3238.
 3238. 3238. 
 2391. 3238. 2391. 2391.   20.   20.   20.   20.   20.   20.   20.   20.
   20.   20.   20.   20.   20.   20. 2391. 3238. 3238. 3238. 2391. 2391.
   20.   20. 
   20.   20.   20.   20.   20.   20.   20.   20.   20.   20.   20.   20.
 2391. 2391. 3238. 3238. 3238. 3238. 2391. 2391.   20.   20.   20.   20.
   20.   20. 
   20.   20.   20.   20.   20.   20.   20.   20. 2391. 2391. 3238. 3238.
 2391. 2391. 2391. 2391.   20.   20.   20.   20.   20.   20.   20.   20.
   20.   20. 
   20.   20.   20.   20. 2391. 2391. 3238. 3238. 3238. 2391. 2391.   20.
   20.   20.   20.   20.   20.   20.   20.   20.   20.   20.   20.   20.
   20. 2391. 
 2391. 3238. 3238. 3238. 3238. 2391. 2391.   20.   20.   20.   20.   20.
   20.   20.   20.   20.   20.   20.   20.   20.   20. 2391. 3238. 3238.
 3238. 2391. 
 3238. 2391.   20.   20.   20.   20.   20.   20.   20.   20.   20.   20.
   20.   20.   20.   20. 2391. 2391. 2391. 3238. 3238. 3238. 2391. 2391.
   20.   20. 
   20.   20.   20.   20.   20.   20.   20.   20.   20.   20.   20.   20.
   20. 2391. 3238. 3238. 3238. 3238. 2391. 2391.   20.   20.   20.   20.
   20.   20. 
   20.   20.   20.   20.   20.   20.   20. 2391. 3238. 3238. 3238. 2391.
 3238. 2391.   20.   20.   20.   20.   20.   20.   20.   20.   20.   20.
   20.   20. 
   20.   20.   20. 2391. 2391. 3238. 3238. 3238. 3238. 2391.   20.   20.
   20.   20.   20.   20.   20.   20.   20.   20.   20.   20.   20.   20.
   20.   20. 
 2391. 2391. 3238. 3238. 2391. 2391.   20.   20.   20.   20.   20.   20.
   20.   20.   20.   20.   20.   20.   20. 2391. 3238. 3238. 3238. 2391.
 2391. 2391. 
 2391.   20.   20.   20.   20.   20.   20.   20.   20.   20.   20.   20.
   20.   20.   20.   20. 2391. 2391. 3238. 3238. 3238. 2391. 2391.   20.
   20.   20. 
   20.   20.   20.   20.   20.   20.   20.   20.   20.   20.   20.   20.
   20. 2391. 3238. 3238. 3238. 2391.   20.   20.   20.   20.   20.   20.
   20.   20. 
   20.   20.   20.   20.   20. 2391. 2391. 3238. 3238. 3238. 2391. 2391.
 2391.   20.   20.   20.   20.   20.   20.   20.   20.   20.   20.   20.
   20.   20. 
   20.   20.   20. 2391. 3238. 3238. 3238. 3238. 2391.   20.   20.   20.
   20.   20.   20.   20.   20.   20.   20.   20.   20.   20.   20.   20.
   20. 2391. 
 2391. 3238. 3238. 2391. 2391.   20.   20.   20.   20.   20.   20.   20.
   20.   20.   20.   20.   20.   20. 2391. 3238. 3238. 3238. 2391. 2391.
 2391.   20. 
   20.   20.   20.   20.   20.   20.   20.   20.   20.   20.   20.   20.
   20.   20.   20. 2391. 2391. 3238. 3238. 3238. 2391.   20.   20.   20.
   20.   20. 
   20.   20.   20.   20.   20.   20.   20.   20.   20.   20.   20.   20.
 2391. 3238. 3238. 3238. 2391.   20.   20.   20.   20.   20.   20.   20.
   20.   20. 
   20.   20.   20.   20. 2391. 2391. 3238. 3238. 3238. 3238. 2391. 2391.
 2391.   20.   20.   20.   20.   20.   20.   20.   20.   20.   20.   20.
   20.   20. 
   20.   20. 2391. 3238. 3238. 3238. 2391.   20.   20.   20.   20.   20.
   20.   20.   20.   20.   20.   20.   20.   20.   20.   20.   20.   20.
 2391. 2391. 
 3238. 3238. 2391. 2391.   20.   20.   20.   20.   20.   20.   20.   20.
   20.   20.   20.   20.   20. 2391. 3238. 3238. 3238. 3238. 3238. 3238.
 2391. 2391. 
   20.   20.   20.   20.   20.   20.   20.   20.   20.   20.   20.   20.
   20.   20. 2391. 2391. 3238. 3238. 2391. 2391.   20.   20.   20.   20.
   20.   20. 
   20.   20.   20.   20.   20.   20.   20.   20.   20.   20.   20. 2391.
 3238. 3238. 2391. 2391.   20.   20.   20.   20.   20.   20.   20.   20.
   20.   20. 
   20.   20.   20. 2391. 2391. 2391. 3238. 3238. 3238. 3238. 3238. 2391.
 2391.   20.   20.   20.   20.   20.   20.   20.   20.   20.   20.   20.
   20.   20. 
 2391. 3238. 3238. 3238. 2391. 2391.   20.   20.   20.   20.   20.   20.
   20.   20.   20.   20.   20.   20.   20.   20.   20.   20.   20. 2391.
 3238. 3238. 
 3238. 2391. 2391.   20.   20.   20.   20.   20.   20.   20.   20.   20.
   20.   20.   20.   20. 2391. 2391. 2391. 2391. 3238. 3238. 3238. 3238.
 2391. 2391. 
   20.   20.   20.   20.   20.   20.   20.   20.   20.   20.   20.   20.
 2391. 2391. 3238. 3238. 3238. 2391.   20.   20.   20.   20.   20.   20.
   20.   20. 
   20.   20.   20.   20.   20.   20.   20.   20.   20. 2391. 2391. 3238.
 3238. 3238. 2391.   20.   20.   20.   20.   20.   20.   20.   20.   20.
   20.   20. 
   20.   20.   20. 2391. 2391. 2391. 2391. 2391. 3238. 3238. 2391. 2391.
 2391.   20.   20.   20.   20.   20.   20.   20. 2391.   20.   20.   20.
 2391. 2391. 
 3238. 3238. 3238. 2391. 2391. 2391.   20.   20.   20.   20.   20.   20.
   20.   20.   20.   20.   20.   20.   20.   20.   20. 2391. 2391. 3238.
 3238. 3238. 
 2391. 2391.   20.   20.   20.   20.   20.   20.   20.   20.   20.   20.
   20.   20.   20.   20. 2391. 2391. 2391. 2391. 3238. 3238. 3238. 2391.
 2391. 2391. 
   20.   20.   20.   20.   20.   20. 2391. 2391.   20.   20.   20. 2391.
 2391. 3238. 3238. 3238. 2391. 2391. 2391. 2391. 2391. 2391. 2391.   20.
   20.   20. 
   20.   20.   20.   20.   20.   20.   20.   20. 2391. 2391. 3238. 3238.
 3238. 2391. 2391.   20.   20.   20.   20.   20.   20.   20.   20.   20.
   20.   20. 
   20.   20.   20. 2391. 2391. 2391. 2391. 3238. 3238. 3238. 2391. 2391.
 2391.   20.   20.   20.   20.   20. 3238. 3238. 2391.   20.   20. 2391.
 2391. 2391. 
 3238. 3238. 3238. 3238. 3238. 3238. 2391. 2391. 2391. 2391.   20.   20.
   20.   20.   20.   20.   20.   20.   20.   20.   20. 2391. 2391. 3238.
 3238. 3238. 
 2391.   20.   20.   20.   20.   20.   20.   20.   20.   20.   20.   20.
   20.   20.   20.   20.   20. 2391. 2391. 3238. 3238. 3238. 3238. 2391.
 2391. 2391. 
   20.   20.   20.   20. 3238. 3238. 2391. 2391.   20.   20.   20. 2391.
 2391. 3238. 3238. 3238. 3238. 3238. 3238. 3238. 3238. 2391. 2391.   20.
   20.   20. 
   20.   20.   20.   20.   20.   20.   20.   20. 2391. 3238. 3238. 3238.
 2391. 2391.   20.   20.   20.   20.   20.   20.   20.   20.   20.   20.
   20.   20. 
   20.   20.   20.   20. 2391. 2391. 3238. 3238. 3238. 3238. 3238. 2391.
   20.   20.   20.   20. 3238. 3238. 3238. 2391. 2391.   20.   20.   20.
 2391. 2391. 
 3238. 3238. 3238. 3238. 3238. 3238. 3238. 3238. 2391.   20.   20.   20.
   20.   20.   20.   20.   20.   20.   20.   20. 2391. 2391. 3238. 3238.
 3238. 2391. 
 2391.   20.   20.   20.   20.   20.   20.   20.   20.   20.   20.   20.
   20.   20.   20.   20.   20. 2391. 2391. 2391. 3238. 3238. 3238. 3238.
 2391.   20. 
   20.   20. 3238. 3238. 3238. 2391. 2391.   20.   20.   20. 2391. 2391.
 2391. 2391. 2391. 2391. 2391. 3238. 3238. 3238. 2391. 2391.   20.   20.
   20.   20. 
   20.   20.   20.   20.   20.   20. 2391. 2391. 3238. 3238. 3238. 2391.
 2391.   20.   20.   20.   20.   20.   20.   20.   20.   20.   20.   20.
   20.   20. 
   20.   20.   20.   20. 2391. 2391. 3238. 3238. 3238. 3238. 2391.   20.
   20.   20. 
/