PERMI
   20.   20.   20.   20.   20.   20.   20.   20.   20.   20.   20.   20.
   20.  842.  842. 1332. 1332. 1332. 1332. 1332. 1332. 1332. 1332. 1332.
 1332. 1332. 
 1332. 1332. 1332. 1332. 1332.  842.  842.   20.   20.  842.  842. 1332.
 1332. 1332. 1332.  842.  842. 1332. 1332. 1332. 1332. 1332. 1332. 1332.
 1332. 1332. 
 1332. 1332. 1332. 1332. 1332. 1332. 1332. 1332.  842.  842.  842.  842.
   20.   20.   20.   20.   20.   20.   20.   20.   20.   20.   20.   20.
   20.   20. 
  842.  842. 1332. 1332. 1332. 1332. 1332. 1332. 1332. 1332. 1332. 1332.
 1332. 1332. 1332. 1332. 1332. 1332.  842.  842.   20.   20.  842.  842.
 1332. 1332. 
 1332.  842.  842.  842.  842. 1332. 1332. 1332. 1332. 1332. 1332. 1332.
 1332. 1332. 1332. 1332. 1332.  842.  842.  842.  842.   20.   20.   20.
   20.   20. 
  20.  20.  20.  20.  20.  20.  20.  20.  20.  20.  20.  20.  20. 842.
 842. 842. 842. 842. 842. 842. 842. 842. 842. 842. 842. 842. 
  842. 1332. 1332. 1332. 1332.  842.  842.   20.  842.  842. 1332. 1332.
 1332. 1332.  842.  842.  842.  842.  842.  842. 1332.  842.  842.  842.
  842.  842. 
 842. 842. 842. 842. 842.  20.  20.  20.  20.  20.  20.  20.  20.  20.
  20.  20.  20.  20.  20.  20.  20.  20.  20.  20.  20.  20. 
   20.   20.  842.  842.  842.  842.  842.   20.   20.   20.   20.   20.
  842.  842. 1332. 1332. 1332. 1332.  842.  842.  842.  842.  842. 1332.
 1332. 1332. 
 1332.  842.  842.  842.  842.  842.  842.  842.  842.  842.  842.  842.
  842.  842.  842.   20.   20.   20.   20.   20.   20.   20.   20.   20.
   20.   20. 
 20. 20. 20. 20. 20. 20. 20. 20. 20. 20. 20. 20. 20. 20. 20. 20. 20. 20.
 20. 20. 20. 20. 20. 20. 20. 20. 
  842. 1332. 1332. 1332. 1332. 1332. 1332. 1332.  842.  842. 1332. 1332.
 1332. 1332.  842.  842.  842.  842.  842. 1332. 1332. 1332. 1332. 1332.
 1332.  842. 
 842. 842. 842. 842. 842. 842. 842. 842.  20.  20.  20.  20.  20.  20.
  20.  20.  20.  20.  20.  20.  20.  20.  20.  20.  20.  20. 
   20.   20.   20.   20.   20.   20.   20.   20.   20.   20.   20.   20.
   20.  842.  842. 1332. 1332. 1332. 1332. 1332. 1332.  842.  842. 1332.
 1332. 1332. 
 1332. 1332. 1332. 1332. 1332. 1332. 1332. 1332. 1332. 1332. 1332. 1332.
  842.  842.  842.  842.  842.  842.  842.  842.   20.   20.   20.   20.
   20.   20. 
 20. 20. 20. 20. 20. 20. 20. 20. 20. 20. 20. 20. 20. 20. 20. 20. 20. 20.
 20. 20. 20. 20. 20. 20. 20. 20. 
  842.  842. 1332. 1332. 1332. 1332.  842.  842.  842.  842. 1332. 1332.
 1332. 1332. 1332. 1332. 1332. 1332. 1332. 1332. 1332. 1332. 1332. 1332.
 1332. 1332. 
 1332. 1332. 1332. 1332. 1332. 1332.   20.   20.   20.   20.   20.   20.
   20.   20.   20.   20.   20.   20.   20.   20.   20.   20.   20.   20.
   20.   20. 
   20.   20.   20.   20.   20.   20.   20.   20.   20.   20.   20.   20.
   20.  842.  842.  842.  842.  842.  842.   20.   20.  842.  842.  842.
 1332. 1332. 
 1332. 1332. 1332.  842.  842.  842.  842. 1332. 1332. 1332. 1332. 1332.
 1332. 1332. 1332. 1332. 1332. 1332.   20.   20.   20.   20.   20.   20.
   20.   20. 
 20. 20. 20. 20. 20. 20. 20. 20. 20. 20. 20. 20. 20. 20. 20. 20. 20. 20.
 20. 20. 20. 20. 20. 20. 20. 20. 
   20.   20.   20.   20.   20.   20.   20.   20.  842.  842.  842.  842.
  842.  842.  842.  842.  842.  842.  842.  842.  842. 1332. 1332. 1332.
 1332. 1332. 
 1332. 1332. 1332. 1332.   20.   20.   20.   20.   20.   20.   20.   20.
   20.   20.   20.   20.   20.   20.   20.   20.   20.   20.   20.   20.
   20.   20. 
  20.  20.  20.  20.  20.  20.  20.  20.  20.  20.  20.  20.  20.  20.
  20.  20.  20.  20.  20.  20.  20.  20. 842. 842. 842. 842. 
 842.  20.  20.  20.  20. 842. 842. 842. 842. 842. 842. 842. 842. 842.
 842. 842.  20.  20.  20.  20.  20.  20.  20.  20.  20.  20. 
 20. 20. 20. 20. 20. 20. 20. 20. 20. 20. 20. 20. 20. 20. 20. 20. 20. 20.
 20. 20. 20. 20. 20. 20. 20. 20. 
  20.  20.  20.  20.  20.  20.  20.  20.  20.  20.  20.  20.  20.  20.
  20.  20.  20.  20.  20. 842. 842. 842. 842. 842. 842. 842. 
 842. 842.  20.  20.  20.  20.  20.  20.  20.  20.  20.  20.  20.  20.
  20.  20.  20.  20.  20.  20.  20.  20.  20.  20.  20.  20. 
 20. 20. 20. 20. 20. 20. 20. 20. 20. 20. 20. 20. 20. 20. 20. 20. 20. 20.
 20. 20. 20. 20. 20. 20. 20. 20. 
  20.  20.  20.  20.  20.  20.  20.  20.  20.  20.  20.  20.  20.  20.
 842. 842.  20.  20.  20.  20.  20.  20.  20.  20.  20.  20. 
 20. 20. 20. 20. 20. 20. 20. 20. 20. 20. 20. 20. 20. 20. 20. 20. 20. 20.
 20. 20. 20. 20. 20. 20. 20. 20. 
 20. 20. 20. 20. 20. 20. 20. 20. 20. 20. 20. 20. 20. 20. 20. 20. 20. 20.
 20. 20. 20. 20. 20. 20. 20. 20. 
 1332.  842.  842.  842.   20.   20.   20.   20.   20.   20.   20.   20.
   20.   20.   20.   20.   20.   20.   20.   20.   20.   20.   20.   20.
   20.   20. 
 20. 20. 20. 20. 20. 20. 20. 20. 20. 20. 20. 20. 20. 20. 20. 20. 20. 20.
 20. 20. 20. 20. 20. 20. 20. 20. 
  20.  20.  20.  20.  20.  20.  20.  20.  20.  20.  20.  20. 842. 842.
 842. 842. 842.  20.  20.  20.  20.  20.  20.  20.  20.  20. 
  20.  20.  20.  20.  20.  20.  20.  20.  20.  20.  20.  20.  20.  20.
  20.  20.  20.  20. 842. 842. 842. 842. 842. 842. 842. 842. 
   20.   20.   20.   20.   20.   20.   20.   20.   20.   20.   20.   20.
   20.   20.   20.   20.   20.   20.   20.   20.   20.   20.   20.   20.
 1332.  842. 
 842. 842. 842. 842.  20.  20.  20.  20.  20.  20. 842.  20.  20.  20.
  20.  20.  20.  20.  20.  20.  20.  20.  20.  20.  20.  20. 
  20. 842. 842. 842. 842. 842. 842. 842. 842. 842. 842. 842. 842.  20.
  20.  20.  20.  20.  20.  20.  20.  20.  20.  20.  20.  20. 
   20.   20.   20.   20.   20.   20.   20.   20.   20.   20. 1332. 1332.
 1332.  842.  842.  842.  842.   20.   20.  842.  842.  842.  842.  842.
  842.  842. 
  842.   20.   20.   20.   20.   20.   20.   20.   20.   20.   20.  842.
  842.  842.  842.  842.  842. 1332. 1332. 1332. 1332. 1332. 1332.  842.
  842.  842. 
   20.   20.   20.   20.   20.   20.   20.   20.   20.   20.   20.   20.
   20.   20.   20.   20.   20.   20.   20.   20.   20.   20. 1332. 1332.
 1332. 1332. 
  842.  842.  842.  842.  842.  842.  842.  842. 1332. 1332.  842.  842.
  842.  842.  842.  842.  842.  842.  842.  842.  842.  842.  842.  842.
  842.  842. 
 1332. 1332. 1332. 1332. 1332. 1332. 1332. 1332. 1332. 1332.  842.  842.
  842.   20.   20.   20.   20.   20.   20.   20.   20.   20.   20.   20.
   20.   20. 
   20.   20.   20.   20.   20.   20.   20.   20.  842. 1332. 1332. 1332.
 1332. 1332.  842.  842. 1332. 1332. 1332. 1332. 1332. 1332. 1332. 1332.
 1332.  842. 
  842.  842.  842.  842.  842.  842.  842.  842.  842.  842. 1332. 1332.
 1332. 1332. 1332. 1332. 1332. 1332. 1332. 1332. 1332. 1332. 1332. 1332.
  842.  842. 
  842.  842.  842.  842.  842.  842.  842.  842.   20.   20.   20.   20.
   20.   20.   20.   20.   20.   20.   20.   20.  842.  842. 1332. 1332.
 1332. 1332. 
 1332. 1332. 1332. 1332. 1332. 1332. 1332. 1332. 1332. 1332. 1332. 1332.
 1332. 1332. 1332. 1332.  842.  842.  842.  842.  842.  842.  842.  842.
  842.  842. 
  842.  842.  842.  842.  842.  842. 1332. 1332. 1332. 1332. 1332.  842.
  842.  842.  842.  842.  842.  842.  842.  842.  842.  842.  842.  842.
   20.   20. 
   20.   20.   20.   20.   20.   20. 1332.  842.  842. 1332. 1332. 1332.
 1332. 1332. 1332. 1332. 1332. 1332. 1332.  842. 1332. 1332. 1332. 1332.
 1332. 1332. 
 1332. 1332. 1332. 1332. 1332. 1332. 1332. 1332. 1332. 1332. 1332. 1332.
  842.  842.  842.  842.  842.  842.  842. 1332. 1332. 1332. 1332. 1332.
 1332. 1332. 
 1332. 1332. 1332. 1332. 1332. 1332. 1332.  842.  842.  842.  842.   20.
   20.   20.   20.   20.   20.   20. 1332. 1332.  842.  842. 1332. 1332.
 1332. 1332. 
 1332. 1332.  842.  842.  842.  842.  842.  842. 1332. 1332. 1332. 1332.
 1332. 1332. 1332. 1332. 1332. 1332. 1332. 1332. 1332. 1332. 1332. 1332.
 1332. 1332. 
  842.  842.  842.  842.  842.  842. 1332. 1332. 1332. 1332. 1332. 1332.
 1332. 1332. 1332. 1332. 1332. 1332. 1332. 1332. 1332.  842.  842.  842.
   20.   20. 
   20.   20.   20.   20.  842.  842.  842.  842.  842.  842.  842.  842.
  842.  842.  842.  842.  842. 1332. 1332.  842.  842.  842.  842.  842.
  842. 1332. 
 1332. 1332. 1332. 1332. 1332. 1332. 1332. 1332. 1332. 1332. 1332. 1332.
 1332. 1332. 1332.  842.  842.  842.  842.  842. 1332. 1332. 1332. 1332.
 1332. 1332. 
 1332. 1332. 1332. 1332. 1332. 1332. 1332. 1332. 1332.  842.  842.   20.
   20.   20.   20.   20.   20.  842.  842.  842. 1332.  842.  842.  842.
  842. 1332. 
 1332. 1332. 1332.  842.  842.  842.  842.  842.  842.  842.  842.  842.
  842.  842.  842.  842.  842.  842.  842.  842. 1332. 1332. 1332. 1332.
 1332. 1332. 
 1332. 1332. 1332.  842.  842.  842.  842.  842.  842.  842. 1332. 1332.
 1332.  842.  842.  842. 1332. 1332. 1332. 1332. 1332. 1332.  842.  842.
   20.   20. 
   20.   20.   20.   20.  842.  842. 1332. 1332. 1332.  842.  842.  842.
 1332.  842.  842.  842.  842. 1332. 1332. 1332.  842.  842.  842.   20.
  842.  842. 
  842.  842.  842.  842.  842.  842.  842.  842. 1332. 1332. 1332. 1332.
 1332. 1332. 1332. 1332. 1332. 1332. 1332.  842.  842.  842.  842.  842.
  842.  842. 
  842.  842.  842.  842.  842. 1332. 1332. 1332.  842.  842.  842.   20.
   20.   20.   20.   20.   20.  842.  842. 1332. 1332. 1332.  842.  842.
  842.  842. 
 1332. 1332. 1332. 1332. 1332. 1332. 1332. 1332.  842.  842.   20.   20.
   20.   20.   20.   20.   20.   20.  842.  842.  842.  842.  842. 1332.
 1332. 1332. 
 1332. 1332. 1332. 1332. 1332. 1332. 1332. 1332. 1332.  842.  842.  842.
   20.   20.  842.  842.  842.  842. 1332. 1332. 1332.  842.  842.   20.
   20.   20. 
   20.   20.   20.  842.  842. 1332. 1332. 1332. 1332. 1332. 1332. 1332.
 1332. 1332. 1332. 1332. 1332. 1332. 1332. 1332. 1332.  842.  842.   20.
   20.   20. 
   20.   20.   20.   20.   20.   20.   20.  842.  842.  842.  842.  842.
 1332. 1332. 1332. 1332. 1332. 1332. 1332. 1332. 1332. 1332. 1332.  842.
  842.  842. 
  842.   20.  842.  842. 1332. 1332. 1332. 1332.  842.  842.   20.   20.
   20.   20.   20.   20.  842.  842. 1332. 1332. 1332. 1332. 1332. 1332.
 1332. 1332. 
 1332. 1332.  842. 1332. 1332. 1332. 1332. 1332.  842.  842.   20.   20.
   20.   20.   20.   20.   20.   20.   20.   20.   20.   20.  842.  842.
  842.  842. 
  842. 1332. 1332. 1332. 1332. 1332. 1332. 1332. 1332. 1332. 1332. 1332.
  842.  842.  842.  842.  842. 1332. 1332. 1332.  842.  842.  842.  842.
   20.   20. 
   20.   20.  842.  842.  842. 1332. 1332. 1332. 1332. 1332.  842.  842.
  842.  842.  842.  842.  842. 1332. 1332. 1332. 1332.  842.  842.  842.
  842.  842. 
   20.   20.   20.   20.   20.   20.   20.   20.   20.   20.   20.  842.
  842.  842.  842.  842.  842. 1332. 1332. 1332. 1332. 1332. 1332. 1332.
 1332. 1332. 
  842.  842.  842.  842.  842.  842.  842.  842. 1332. 1332.   20.   20.
   20.   20.   20.  842.  842.  842.  842.  842.  842.  842.  842.  842.
   20.   20. 
   20.  842.  842. 1332. 1332. 1332. 1332. 1332. 1332.  842.  842.  842.
  842.  842.  842.  842.  842.  842.  842.  842.  842.   20.   20.   20.
   20.   20. 
  842.  842.  842.  842.  842.  842.  842. 1332. 1332. 1332. 1332. 1332.
 1332.  842.  842.  842.  842.  842. 1332. 1332. 1332. 1332.   20.   20.
   20.   20. 
   20.   20.   20.  842.  842.  842.  842.  842.   20.   20.   20.   20.
   20.   20.  842.  842.  842. 1332. 1332. 1332. 1332. 1332. 1332. 1332.
 1332. 1332. 
 1332. 1332. 1332. 1332.  842.  842.  842.  842.   20.   20.   20.   20.
   20.   20.   20.   20.   20.   20.  842.  842.  842. 1332. 1332. 1332.
 1332. 1332. 
 1332. 1332. 1332. 1332. 1332. 1332. 1332. 1332.   20.   20.   20.   20.
   20.   20.   20.   20.   20.   20.   20.   20.   20.   20.   20.   20.
   20.   20. 
   20.  842.  842.  842. 1332. 1332. 1332. 1332. 1332. 1332. 1332. 1332.
 1332. 1332. 1332. 1332. 1332. 1332. 1332.  842.  842.   20.   20.   20.
   20.   20. 
   20.   20.   20.   20.   20.   20.  842.  842.  842. 1332. 1332. 1332.
 1332. 1332. 1332. 1332. 1332. 1332. 1332.  842.   20.   20.   20.   20.
   20.   20. 
   20.   20.   20.   20.   20.   20.   20.   20.   20.   20.   20.   20.
   20.   20.   20.  842.  842.  842. 1332. 1332. 1332. 1332. 1332. 1332.
 1332. 1332. 
 1332. 1332. 1332. 1332. 1332. 1332.  842.  842.   20.   20.   20.   20.
   20.   20.   20.   20.   20.   20.   20.   20.  842.  842.  842. 1332.
 1332. 1332. 
 1332. 1332. 1332.  842.  842.  842.   20.   20.   20.   20.   20.   20.
   20.   20.   20.   20.   20.   20.   20.   20.   20.   20.   20.   20.
   20.   20. 
   20.   20.  842.  842.  842.  842.  842.  842. 1332. 1332. 1332. 1332.
 1332. 1332. 1332. 1332. 1332. 1332.  842.  842.   20.   20.   20.   20.
   20.   20. 
  20.  20.  20.  20.  20.  20.  20. 842. 842. 842. 842. 842. 842. 842.
 842. 842. 842. 842.  20.  20.  20.  20.  20.  20.  20.  20. 
  20.  20.  20.  20.  20.  20.  20.  20.  20.  20.  20.  20.  20.  20.
  20.  20.  20. 842. 842. 842. 842. 842. 842. 842. 842. 842. 
  842. 1332. 1332. 1332. 1332.  842.  842.   20.   20.   20.   20.   20.
   20.   20.   20.   20.   20.   20.   20.   20.   20.  842.  842.  842.
  842.  842. 
 20. 20. 20. 20. 20. 20. 20. 20. 20. 20. 20. 20. 20. 20. 20. 20. 20. 20.
 20. 20. 20. 20. 20. 20. 20. 20. 
   20.   20.   20.   20.   20.   20.   20.   20.   20.   20.   20.  842.
  842.  842. 1332. 1332. 1332. 1332.  842.   20.   20.   20.   20.   20.
   20.   20. 
 20. 20. 20. 20. 20. 20. 20. 20. 20. 20. 20. 20. 20. 20. 20. 20. 20. 20.
 20. 20. 20. 20. 20. 20. 20. 20. 
  20.  20.  20.  20.  20.  20.  20.  20.  20.  20.  20.  20.  20.  20.
  20.  20.  20.  20.  20.  20.  20.  20.  20.  20.  20. 842. 
 1332. 1332. 1332. 1332.  842.  842.   20.   20.   20.   20.   20.   20.
   20.   20.   20.   20.   20.   20.   20.   20.   20.   20.   20.   20.
   20.   20. 
 20. 20. 20. 20. 20. 20. 20. 20. 20. 20. 20. 20. 20. 20. 20. 20. 20. 20.
 20. 20. 20. 20. 20. 20. 20. 20. 
   20.   20.   20.   20.   20.   20.   20.   20.   20.   20.   20.  842.
  842. 1332. 1332. 1332.  842.  842.   20.   20.   20.   20.   20.   20.
   20.   20. 
 20. 20. 20. 20. 20. 20. 20. 20. 20. 20. 20. 20. 20. 20. 20. 20. 20. 20.
 20. 20. 20. 20. 20. 20. 20. 20. 
  20.  20.  20.  20.  20.  20.  20.  20.  20.  20.  20.  20.  20.  20.
  20.  20.  20.  20.  20.  20.  20.  20.  20.  20. 842. 842. 
 1332. 1332. 1332.  842.  842.  842.   20.   20.   20.   20.   20.   20.
   20.   20.   20.   20.   20.   20.   20.   20.   20.   20.   20.   20.
   20.   20. 
 20. 20. 20. 20. 20. 20. 20. 20. 20. 20. 20. 20. 20. 20. 20. 20. 20. 20.
 20. 20. 20. 20. 20. 20. 20. 20. 
   20.   20.   20.   20.   20.   20.   20.   20.   20.   20.  842.  842.
 1332. 1332. 1332. 1332. 1332.  842.  842.  842.  842.   20.  842.  842.
  842.  842. 
 842. 842.  20.  20.  20.  20.  20.  20.  20.  20.  20.  20.  20.  20.
  20.  20.  20.  20.  20.  20.  20.  20.  20.  20.  20.  20. 
   20.   20.   20.   20.   20.   20.   20.   20.   20.   20.   20.   20.
   20.   20.   20.   20.   20.   20.   20.   20.   20.   20.   20.  842.
  842. 1332. 
 1332. 1332. 1332. 1332. 1332. 1332.  842.  842.  842. 1332. 1332. 1332.
  842.  842.  842.  842.  842.   20.   20.   20.   20.   20.   20.   20.
   20.   20. 
 20. 20. 20. 20. 20. 20. 20. 20. 20. 20. 20. 20. 20. 20. 20. 20. 20. 20.
 20. 20. 20. 20. 20. 20. 20. 20. 
   20.   20.   20.   20.   20.   20.   20.   20.   20.   20.  842.  842.
  842. 1332. 1332. 1332. 1332. 1332. 1332. 1332. 1332. 1332. 1332. 1332.
 1332. 1332. 
 1332.  842.  842.  842.   20.   20.   20.   20.   20.   20.   20.   20.
   20.   20.   20.   20.   20.   20.   20.   20.   20.   20.   20.   20.
   20.   20. 
  20.  20.  20.  20.  20.  20.  20.  20.  20.  20.  20.  20.  20.  20.
  20.  20.  20.  20.  20.  20.  20.  20.  20.  20. 842. 842. 
 1332. 1332. 1332. 1332. 1332. 1332. 1332. 1332. 1332. 1332. 1332. 1332.
 1332. 1332. 1332.  842.  842.   20.   20.   20.   20.   20.   20.   20.
   20.   20. 
 20. 20. 20. 20. 20. 20. 20. 20. 20. 20. 20. 20. 20. 20. 20. 20. 20. 20.
 20. 20. 20. 20. 20. 20. 20. 20. 
   20.   20.   20.   20.   20.   20.   20.   20.   20.   20.   20.  842.
  842.  842.  842.  842.  842. 1332.  842.  842.  842.  842.  842. 1332.
 1332. 1332. 
 1332. 1332.  842.  842.   20.   20.   20.   20.   20.   20.   20.   20.
   20.   20.   20.   20.   20.   20.   20.   20.   20.   20.   20.   20.
   20.   20. 
 20. 20. 20. 20. 20. 20. 20. 20. 20. 20. 20. 20. 20. 20. 20. 20. 20. 20.
 20. 20. 20. 20. 20. 20. 20. 20. 
   20.  842.  842.  842.  842.  842.  842.  842.  842.  842.  842. 1332.
 1332. 1332. 1332.  842.  842.   20.   20.   20.   20.   20.   20.   20.
   20.   20. 
 20. 20. 20. 20. 20. 20. 20. 20. 20. 20. 20. 20. 20. 20. 20. 20. 20. 20.
 20. 20. 20. 20. 20. 20. 20. 20. 
   20.   20.   20.   20.   20.   20.   20.   20.   20.   20.   20.   20.
   20.   20.   20.   20.   20.   20.   20.   20.   20.   20.  842.  842.
 1332. 1332. 
 1332.  842.  842.   20.   20.   20.   20.   20.   20.   20.   20.   20.
   20.   20.   20.   20.   20.   20.   20.   20.   20.   20.   20.   20.
   20.   20. 
 20. 20. 20. 20. 20. 20. 20. 20. 20. 20. 20. 20. 20. 20. 20. 20. 20. 20.
 20. 20. 20. 20. 20. 20. 20. 20. 
   20.   20.   20.   20.   20.   20.   20.   20.   20.  842.  842. 1332.
 1332. 1332.  842.   20.   20.   20.   20.   20.   20.   20.   20.   20.
   20.   20. 
 20. 20. 20. 20. 20. 20. 20. 20. 20. 20. 20. 20. 20. 20. 20. 20. 20. 20.
 20. 20. 20. 20. 20. 20. 20. 20. 
   20.   20.   20.   20.   20.   20.   20.   20.   20.   20.   20.   20.
   20.   20.   20.   20.   20.   20.   20.   20.   20.  842.  842. 1332.
 1332. 1332. 
 842. 842.  20.  20.  20.  20.  20.  20.  20.  20.  20.  20.  20.  20.
  20.  20.  20.  20.  20.  20.  20.  20.  20.  20.  20.  20. 
 20. 20. 20. 20. 20. 20. 20. 20. 20. 20. 20. 20. 20. 20. 20. 20. 20. 20.
 20. 20. 20. 20. 20. 20. 20. 20. 
   20.   20.   20.   20.   20.   20.   20.  842.  842. 1332. 1332. 1332.
  842.  842.   20.  842.   20.   20.   20.   20.   20.   20.   20.   20.
   20.   20. 
 20. 20. 20. 20. 20. 20. 20. 20. 20. 20. 20. 20. 20. 20. 20. 20. 20. 20.
 20. 20. 20. 20. 20. 20. 20. 20. 
   20.   20.   20.   20.   20.   20.   20.   20.   20.   20.   20.   20.
   20.   20.   20.   20.   20.   20.   20.   20.  842.  842. 1332. 1332.
 1332.  842. 
  842. 1332.   20.   20.   20.   20.   20.   20.   20.   20.   20.   20.
   20.   20.   20.   20.   20.   20.   20.   20.   20.   20.   20.   20.
   20.   20. 
 20. 20. 20. 20. 20. 20. 20. 20. 20. 20. 20. 20. 20. 20. 20. 20. 20. 20.
 20. 20. 20. 20. 20. 20. 20. 20. 
   20.   20.   20.   20.   20.   20.  842.  842. 1332. 1332. 1332. 1332.
 1332. 1332.   20.   20.   20.   20.   20.   20.   20.   20.   20.   20.
   20.   20. 
 20. 20. 20. 20. 20. 20. 20. 20. 20. 20. 20. 20. 20. 20. 20. 20. 20. 20.
 20. 20. 20. 20. 20. 20. 20. 20. 
   20.   20.   20.   20.   20.   20.   20.   20.   20.   20.   20.   20.
   20.   20.   20.   20.   20.   20.   20.  842.  842. 1332. 1332. 1332.
 1332. 1332. 
 20. 20. 20. 20. 20. 20. 20. 20. 20. 20. 20. 20. 20. 20. 20. 20. 20. 20.
 20. 20. 20. 20. 20. 20. 20. 20. 
 20. 20. 20. 20. 20. 20. 20. 20. 20. 20. 20. 20. 20. 20. 20. 20. 20. 20.
 20. 20. 20. 20. 20. 20. 20. 20. 
  20.  20.  20.  20.  20.  20. 842. 842. 842. 842. 842. 842.  20.  20.
  20.  20.  20.  20.  20.  20.  20.  20.  20.  20.  20.  20. 
 20. 20. 20. 20. 20. 20. 20. 20. 20. 20. 20. 20. 20. 20. 20. 20. 20. 20.
 20. 20. 20. 20. 20. 20. 20. 20. 
  20.  20.  20.  20.  20.  20.  20.  20.  20.  20.  20.  20.  20.  20.
  20.  20.  20.  20.  20.  20.  20. 842. 842.  20.  20.  20. 
 20. 20. 20. 20. 20. 20. 20. 20. 20. 20. 20. 20. 20. 20. 20. 20. 20. 20.
 20. 20. 20. 20. 20. 20. 20. 20. 
 20. 20. 20. 20. 20. 20. 20. 20. 20. 20. 20. 20. 20. 20. 20. 20. 20. 20.
 20. 20. 20. 20. 20. 20. 20. 20. 
 20. 20. 20. 20. 20. 20. 20. 20. 20. 20. 20. 20. 20. 20. 20. 20. 20. 20.
 20. 20. 20. 20. 20. 20. 20. 20. 
 20. 20. 20. 20. 20. 20. 20. 20. 20. 20. 20. 20. 20. 20. 20. 20. 20. 20.
 20. 20. 20. 20. 20. 20. 20. 20. 
 20. 20. 20. 20. 20. 20. 20. 20. 20. 20. 20. 20. 20. 20. 20. 20. 20. 20.
 20. 20. 20. 20. 20. 20. 20. 20. 
  20.  20.  20.  20.  20.  20.  20.  20.  20.  20.  20.  20.  20.  20.
  20.  20. 842. 842.  20.  20.  20.  20.  20.  20.  20.  20. 
 20. 20. 20. 20. 20. 20. 20. 20. 20. 20. 20. 20. 20. 20. 20. 20. 20. 20.
 20. 20. 20. 20. 20. 20. 20. 20. 
  20.  20.  20.  20.  20.  20.  20.  20.  20.  20.  20.  20.  20.  20.
  20.  20.  20.  20.  20.  20.  20.  20.  20.  20.  20. 842. 
 842. 842. 842. 842. 842. 842.  20.  20.  20.  20.  20.  20.  20.  20.
 842. 842. 842. 842. 842. 842. 842. 842.  20.  20.  20.  20. 
 20. 20. 20. 20. 20. 20. 20. 20. 20. 20. 20. 20. 20. 20. 20. 20. 20. 20.
 20. 20. 20. 20. 20. 20. 20. 20. 
   20.   20.   20.   20.   20.   20.   20.   20.   20.   20.  842.  842.
 1332. 1332. 1332. 1332. 1332.  842.  842.  842.   20.   20.   20.  842.
  842.  842. 
  842.  842. 1332. 1332. 1332. 1332. 1332.  842.  842.   20.   20.   20.
   20.   20.   20.   20.   20.   20.   20.   20.   20.   20.   20.   20.
   20.   20. 
   20.   20.   20.   20.   20.   20.   20.   20.   20.   20.   20.   20.
   20.   20.   20.   20.   20.   20.   20.   20.   20.  842.  842.  842.
 1332. 1332. 
 1332. 1332. 1332. 1332. 1332.  842.  842.  842.  842.  842.  842. 1332.
 1332. 1332. 1332. 1332. 1332. 1332. 1332. 1332.  842.  842.   20.   20.
   20.   20. 
 842. 842. 842. 842. 842.  20.  20.  20.  20.  20.  20.  20.  20.  20.
  20.  20.  20.  20. 842. 842. 842. 842. 842. 842. 842. 842. 
  842.   20.   20.   20.   20.   20.   20.  842. 1332. 1332. 1332. 1332.
 1332. 1332. 1332. 1332. 1332. 1332.  842.  842. 1332. 1332. 1332. 1332.
 1332. 1332. 
 1332. 1332. 1332. 1332. 1332. 1332. 1332.  842.  842.  842.  842.  842.
 1332. 1332. 1332. 1332. 1332.  842.   20.   20.   20.   20.   20.   20.
   20.   20. 
   20.   20.   20.   20. 1332. 1332. 1332.  842. 1332. 1332.  842.  842.
  842.  842.  842.  842.   20.   20.  842.  842. 1332. 1332. 1332. 1332.
  842. 1332. 
 1332. 1332. 1332. 1332. 1332. 1332. 1332. 1332. 1332. 1332. 1332. 1332.
 1332.  842.  842. 1332. 1332. 1332. 1332. 1332. 1332.  842. 1332. 1332.
 1332. 1332. 
 1332. 1332. 1332. 1332.  842.   20.   20.   20.   20.   20.   20.   20.
   20.   20.   20.   20. 1332. 1332. 1332. 1332. 1332. 1332. 1332. 1332.
 1332. 1332. 
 1332.  842.  842.  842.  842. 1332. 1332. 1332. 1332.  842.  842.  842.
  842. 1332. 1332. 1332. 1332. 1332. 1332. 1332. 1332. 1332.  842.  842.
  842.  842. 
  842.  842. 1332. 1332. 1332. 1332. 1332. 1332. 1332. 1332. 1332. 1332.
 1332. 1332. 1332. 1332.  842.  842.   20.   20.   20.   20.   20.   20.
   20.   20. 
   20.   20. 1332. 1332. 1332. 1332. 1332. 1332. 1332. 1332. 1332. 1332.
 1332. 1332. 1332.  842. 1332. 1332. 1332. 1332.  842.  842.   20.  842.
  842.  842. 
  842. 1332. 1332. 1332. 1332.  842.  842.  842.  842.   20.   20.   20.
   20.  842.  842.  842. 1332. 1332. 1332. 1332. 1332. 1332. 1332. 1332.
 1332. 1332. 
 1332. 1332. 1332.  842.  842.   20.   20.   20.   20.   20.   20.   20.
   20.   20. 
/