PERMI
   39.   39.   39.   39.   39. 2641. 2641. 3417. 3417. 3417. 3417. 3417.
 2641. 2641.   39.   39.   39.   39.   39.   39.   39.   39.   39.   39.
   39.   39. 
   39.   39.   39.   39.   39.   39.   39.   39.   39.   39.   39. 2641.
 2641. 3417. 3417. 2641. 2641. 3417. 3417. 3417. 3417. 2641. 3417. 3417.
 2641. 2641. 
 2641. 3417. 3417. 3417. 3417. 3417. 2641. 2641. 3417. 3417. 3417. 3417.
   39.   39.   39.   39.   39. 2641. 2641. 3417. 3417. 3417. 2641. 2641.
   39.   39. 
   39.   39.   39.   39.   39.   39.   39.   39.   39.   39.   39.   39.
   39.   39.   39.   39.   39.   39.   39.   39.   39.   39.   39. 2641.
 2641. 3417. 
 3417. 2641. 3417. 3417. 3417. 3417. 2641. 2641. 3417. 2641. 2641. 2641.
 2641. 2641. 3417. 3417. 3417. 3417. 2641. 2641. 3417. 3417. 3417. 2641.
   39.   39. 
   39.   39.   39. 2641. 3417. 3417. 3417. 2641. 2641.   39.   39.   39.
   39.   39.   39.   39.   39.   39.   39.   39.   39.   39.   39.   39.
   39.   39. 
   39.   39.   39.   39.   39.   39.   39.   39.   39.   39. 2641. 3417.
 3417. 2641. 3417. 3417. 3417. 2641. 2641. 2641. 2641. 2641. 2641. 2641.
 2641. 2641. 
 3417. 3417. 3417. 3417. 2641. 2641. 3417. 3417. 2641. 2641.   39.   39.
   39.   39. 2641. 2641. 3417. 3417. 3417. 2641.   39.   39.   39.   39.
   39.   39. 
   39.   39.   39.   39.   39.   39.   39.   39.   39.   39.   39.   39.
   39.   39.   39.   39.   39.   39.   39.   39.   39.   39. 2641. 2641.
 2641. 2641. 
 3417. 3417. 3417. 2641. 2641. 2641. 2641. 2641. 2641. 2641. 2641. 3417.
 3417. 3417. 3417. 3417. 2641. 2641. 2641. 2641. 2641. 2641.   39.   39.
   39.   39. 
 2641. 2641. 3417. 3417. 3417. 2641.   39.   39.   39.   39.   39.   39.
   39.   39.   39.   39.   39.   39.   39.   39.   39.   39.   39.   39.
   39.   39. 
   39.   39.   39.   39.   39.   39.   39.   39.   39. 2641. 2641. 2641.
 2641. 3417. 3417. 3417. 3417. 2641. 2641. 2641. 2641. 2641. 2641. 3417.
 3417. 3417. 
 3417. 3417. 2641. 2641. 2641. 2641. 2641. 2641.   39.   39.   39.   39.
 2641. 2641. 3417. 3417. 3417. 2641. 2641.   39.   39.   39.   39.   39.
   39.   39. 
   39.   39.   39.   39.   39.   39.   39.   39.   39.   39.   39.   39.
   39.   39.   39.   39.   39.   39.   39.   39.   39.   39.   39. 2641.
 2641. 2641. 
 3417. 3417. 3417. 3417. 3417. 2641. 2641. 2641. 2641. 2641. 3417. 3417.
 2641. 2641. 2641. 3417. 3417. 3417. 2641. 2641.   39.   39.   39.   39.
 2641. 2641. 
 3417. 3417. 3417. 3417. 2641. 2641.   39.   39.   39.   39.   39.   39.
   39.   39.   39.   39.   39.   39.   39.   39.   39.   39.   39.   39.
   39.   39. 
   39.   39.   39.   39.   39.   39.   39.   39.   39.   39.   39. 2641.
 2641. 3417. 3417. 3417. 3417. 3417. 3417. 2641. 2641. 2641. 3417. 2641.
 2641. 2641. 
 3417. 3417. 3417. 3417. 3417. 3417.   39.   39.   39.   39.   39. 2641.
 3417. 3417. 3417. 3417. 3417. 2641. 2641.   39.   39.   39.   39.   39.
   39.   39. 
   39.   39.   39.   39.   39.   39.   39.   39.   39.   39.   39.   39.
   39.   39.   39.   39.   39.   39.   39.   39.   39.   39.   39.   39.
 2641. 2641. 
 2641. 3417. 3417. 3417. 3417. 3417. 3417. 2641. 2641. 2641. 2641. 2641.
 2641. 2641. 3417. 3417. 3417. 3417.   39.   39.   39.   39.   39. 2641.
 2641. 3417. 
 3417. 3417. 3417. 3417. 2641. 2641.   39.   39.   39.   39.   39.   39.
   39.   39.   39.   39.   39.   39.   39.   39.   39.   39.   39.   39.
   39.   39. 
   39.   39.   39.   39.   39.   39.   39.   39.   39.   39.   39.   39.
 2641. 2641. 2641. 3417. 3417. 3417. 3417. 3417. 3417. 2641. 2641. 2641.
 2641. 2641. 
 2641. 2641. 3417. 3417.   39.   39.   39.   39.   39.   39. 2641. 2641.
 2641. 3417. 3417. 3417. 3417. 2641.   39.   39.   39.   39.   39.   39.
   39.   39. 
   39.   39.   39.   39.   39.   39.   39.   39.   39.   39.   39.   39.
   39.   39.   39.   39.   39.   39.   39.   39. 2641. 2641. 2641. 2641.
 2641. 2641. 
 2641. 2641. 2641. 3417. 3417. 3417. 3417. 2641. 2641. 2641.   39.   39.
 2641. 2641. 2641. 3417.   39.   39.   39.   39.   39.   39.   39. 2641.
 2641. 2641. 
 3417. 3417. 3417. 2641. 2641.   39.   39.   39.   39.   39.   39.   39.
   39.   39.   39.   39.   39.   39.   39.   39.   39.   39.   39.   39.
   39.   39. 
   39.   39.   39.   39. 2641. 2641. 2641. 2641. 2641. 3417. 3417. 3417.
 3417. 3417. 2641. 2641. 3417. 3417. 3417. 2641. 2641. 2641.   39.   39.
   39. 2641. 
 2641. 2641.   39.   39.   39.   39.   39.   39.   39. 2641. 2641. 2641.
 2641. 3417. 3417. 2641. 2641.   39.   39.   39.   39.   39.   39.   39.
   39.   39. 
   39.   39.   39.   39.   39.   39.   39.   39.   39.   39.   39.   39.
   39.   39.   39. 2641. 2641. 3417. 3417. 3417. 3417. 3417. 3417. 3417.
 3417. 3417. 
 3417. 2641. 3417. 3417. 3417. 2641. 2641. 2641.   39.   39.   39.   39.
   39. 2641.   39.   39.   39.   39.   39. 2641. 2641. 2641. 2641. 3417.
 3417. 3417. 
 3417. 2641.   39.   39.   39.   39.   39.   39.   39.   39.   39.   39.
   39.   39.   39.   39.   39.   39.   39.   39.   39.   39.   39.   39.
   39.   39. 
   39. 2641. 3417. 3417. 3417. 3417. 3417. 3417. 3417. 3417. 3417. 2641.
 2641. 2641. 3417. 3417. 3417. 2641. 2641.   39.   39.   39.   39.   39.
   39.   39. 
   39.   39.   39. 2641. 2641. 2641. 3417. 3417. 3417. 3417. 3417. 3417.
 2641. 2641.   39.   39.   39.   39.   39.   39.   39.   39.   39.   39.
   39.   39. 
   39.   39.   39.   39.   39.   39.   39.   39.   39.   39.   39.   39.
 2641. 2641. 3417. 3417. 3417. 2641. 2641. 2641. 2641. 2641. 2641. 2641.
 2641. 3417. 
 3417. 3417. 3417. 2641. 2641. 2641.   39.   39.   39.   39.   39. 2641.
   39.   39. 2641. 2641. 3417. 3417. 3417. 3417. 3417. 3417. 3417. 2641.
 2641.   39. 
   39.   39.   39.   39.   39.   39.   39.   39.   39.   39.   39.   39.
   39.   39.   39.   39.   39.   39.   39.   39.   39.   39.   39.   39.
 2641. 2641. 
 3417. 3417. 3417. 3417. 2641. 2641. 2641. 2641. 2641. 2641. 3417. 3417.
 3417. 3417. 2641. 2641. 3417. 2641. 2641.   39.   39.   39. 2641. 2641.
   39. 2641. 
 2641. 3417. 3417. 3417. 3417. 3417. 3417. 2641. 2641. 2641.   39.   39.
   39.   39.   39.   39.   39.   39.   39.   39.   39.   39.   39.   39.
   39.   39. 
   39.   39.   39.   39.   39.   39.   39.   39.   39.   39.   39. 2641.
 2641. 3417. 3417. 3417. 3417. 2641. 2641. 2641. 2641. 2641. 3417. 3417.
 3417. 3417. 
 2641. 3417. 3417. 3417. 2641. 2641.   39. 2641. 2641. 3417. 2641. 2641.
 3417. 3417. 3417. 3417. 3417. 2641. 2641. 2641.   39.   39.   39.   39.
   39.   39. 
   39.   39.   39.   39.   39.   39.   39.   39.   39.   39.   39.   39.
   39.   39.   39.   39.   39.   39.   39.   39.   39.   39.   39. 2641.
 2641. 2641. 
 3417. 3417. 3417. 3417. 2641. 2641. 2641. 2641. 3417. 3417. 3417. 2641.
 2641. 3417. 3417. 3417. 2641. 2641.   39. 2641. 3417. 3417. 2641. 2641.
 3417. 3417. 
 3417. 2641. 2641. 2641.   39.   39.   39.   39.   39.   39.   39.   39.
   39.   39.   39.   39.   39.   39.   39.   39.   39.   39.   39.   39.
   39.   39. 
   39.   39.   39.   39.   39.   39.   39.   39.   39.   39. 2641. 2641.
 2641. 3417. 3417. 3417. 3417. 2641. 2641. 3417. 3417. 3417. 3417. 2641.
 2641. 2641. 
 3417. 3417. 2641. 2641. 2641. 2641. 3417. 3417. 2641. 2641. 3417. 3417.
 3417. 2641. 2641.   39.   39.   39.   39.   39.   39.   39.   39.   39.
   39.   39. 
   39.   39.   39.   39.   39.   39.   39.   39.   39.   39.   39.   39.
   39.   39.   39.   39.   39.   39.   39.   39.   39.   39.   39. 2641.
 2641. 2641. 
 3417. 3417. 3417. 3417. 2641. 3417. 3417. 3417. 3417. 2641. 2641. 3417.
 3417. 3417. 3417. 2641. 2641. 2641. 3417. 3417.   39. 2641. 3417. 3417.
 3417. 2641. 
 2641.   39.   39.   39.   39.   39.   39.   39.   39.   39.   39.   39.
   39.   39.   39.   39.   39.   39.   39.   39.   39.   39.   39.   39.
   39.   39. 
   39.   39.   39.   39.   39.   39.   39.   39.   39.   39.   39. 2641.
 2641. 3417. 3417. 3417. 2641. 3417. 3417. 3417. 3417. 2641. 2641. 3417.
 3417. 3417. 
 3417. 2641. 2641. 2641. 3417. 3417.   39. 2641. 3417. 3417. 3417. 3417.
 2641.   39.   39.   39.   39.   39.   39.   39.   39.   39.   39.   39.
   39.   39. 
   39.   39.   39.   39.   39.   39.   39.   39.   39.   39.   39.   39.
   39.   39.   39.   39.   39.   39.   39.   39.   39.   39.   39.   39.
 2641. 2641. 
 3417. 3417. 2641. 3417. 3417. 3417. 3417. 2641. 2641. 2641. 2641. 2641.
 2641. 2641. 2641. 2641. 3417. 3417.   39. 2641. 2641. 3417. 3417. 3417.
 3417. 2641. 
 39. 39. 39. 39. 39. 39. 39. 39. 39. 39. 39. 39. 39. 39. 39. 39. 39. 39.
 39. 39. 39. 39. 39. 39. 39. 39. 
   39.   39.   39.   39.   39.   39.   39.   39.   39.   39. 2641. 2641.
 3417. 3417. 2641. 3417. 3417. 3417. 3417. 3417. 2641. 3417. 3417. 3417.
 3417. 2641. 
 2641. 2641. 2641. 3417.   39.   39. 2641. 2641. 3417. 3417. 3417. 2641.
 2641. 2641.   39.   39.   39.   39.   39.   39.   39.   39.   39.   39.
   39.   39. 
   39.   39.   39.   39.   39.   39.   39.   39.   39.   39.   39.   39.
   39.   39.   39.   39.   39.   39.   39.   39.   39.   39. 2641. 2641.
 3417. 3417. 
 2641. 2641. 3417. 3417. 3417. 3417. 3417. 3417. 3417. 3417. 3417. 3417.
 3417. 2641. 2641. 2641.   39.   39.   39. 2641. 3417. 3417. 3417. 3417.
 2641. 2641. 
 2641.   39.   39.   39.   39.   39.   39.   39.   39.   39.   39.   39.
   39.   39.   39.   39.   39.   39.   39.   39.   39.   39.   39.   39.
   39.   39. 
   39.   39.   39.   39.   39.   39. 2641. 2641. 2641. 3417. 3417. 3417.
 3417. 2641. 2641. 3417. 3417. 3417. 3417. 3417. 3417. 3417. 3417. 3417.
 3417. 3417. 
 3417. 2641.   39.   39.   39.   39. 2641. 3417. 3417. 3417. 3417. 3417.
 2641. 2641.   39.   39.   39.   39.   39.   39.   39.   39.   39.   39.
   39.   39. 
   39.   39.   39.   39.   39.   39.   39.   39.   39.   39.   39.   39.
   39.   39.   39.   39.   39. 2641. 2641. 2641. 3417. 3417. 3417. 3417.
 2641. 2641. 
 2641. 2641. 3417. 3417. 3417. 3417. 3417. 3417. 3417. 3417. 3417. 3417.
 3417. 3417.   39.   39.   39.   39.   39. 2641. 3417. 3417. 3417. 3417.
 3417. 2641. 
 39. 39. 39. 39. 39. 39. 39. 39. 39. 39. 39. 39. 39. 39. 39. 39. 39. 39.
 39. 39. 39. 39. 39. 39. 39. 39. 
   39.   39. 2641. 2641. 2641. 3417. 3417. 3417. 3417. 2641. 2641. 3417.
 3417. 3417. 2641. 2641. 2641. 2641. 2641. 2641. 2641. 2641. 3417. 3417.
 3417. 3417. 
   39.   39.   39.   39.   39. 2641. 2641. 3417. 3417. 3417. 3417. 2641.
 2641.   39.   39.   39.   39.   39.   39.   39.   39.   39.   39.   39.
   39.   39. 
   39.   39.   39.   39.   39.   39.   39.   39.   39.   39.   39.   39.
   39.   39. 2641. 2641. 3417. 3417. 3417. 3417. 2641. 2641. 3417. 3417.
 3417. 3417. 
 2641. 2641. 2641. 2641. 2641. 3417. 3417. 2641. 2641. 2641. 3417. 3417.
   39.   39.   39.   39.   39.   39. 2641. 2641. 3417. 3417. 3417. 2641.
 2641.   39. 
   39.   39.   39.   39.   39.   39.   39.   39.   39.   39.   39.   39.
   39.   39.   39.   39.   39.   39.   39.   39.   39.   39.   39.   39.
   39. 2641. 
 2641. 3417. 3417. 3417. 3417. 2641. 2641. 2641. 3417. 3417. 3417. 3417.
 2641.   39. 2641. 2641. 3417. 3417. 3417. 2641. 2641. 3417. 3417. 3417.
   39.   39. 
   39.   39.   39.   39. 2641. 2641. 3417. 3417. 3417. 2641. 2641.   39.
   39.   39.   39.   39.   39.   39.   39.   39.   39.   39.   39.   39.
   39.   39. 
   39.   39.   39.   39.   39.   39.   39.   39.   39.   39. 2641. 2641.
 3417. 3417. 3417. 3417. 2641. 2641. 2641. 2641. 3417. 3417. 3417. 3417.
 2641. 2641. 
 2641. 2641. 3417. 3417. 3417. 2641. 2641. 3417. 3417. 3417.   39.   39.
   39.   39.   39.   39. 2641. 2641. 3417. 3417. 3417. 2641. 2641.   39.
   39.   39. 
   39.   39.   39.   39.   39.   39.   39.   39.   39.   39.   39.   39.
   39.   39.   39.   39.   39.   39.   39.   39.   39. 2641. 2641. 3417.
 3417. 3417. 
 3417. 2641. 2641. 2641.   39. 2641. 3417. 3417. 3417. 3417. 3417. 2641.
 2641. 3417. 3417. 3417. 2641. 2641. 3417. 3417. 3417. 3417.   39.   39.
   39.   39. 
   39. 2641. 2641. 3417. 3417. 3417. 3417. 2641.   39.   39.   39.   39.
   39.   39.   39.   39.   39.   39.   39.   39.   39.   39.   39.   39.
   39.   39. 
   39.   39.   39.   39.   39.   39.   39. 2641. 2641. 3417. 3417. 3417.
 2641. 2641.   39.   39.   39.   39. 2641. 3417. 3417. 3417. 3417. 2641.
 2641. 3417. 
 2641. 2641. 2641. 3417. 3417. 3417. 3417. 2641.   39.   39.   39.   39.
 2641. 2641. 3417. 3417. 3417. 3417. 2641. 2641.   39.   39.   39.   39.
   39.   39. 
   39.   39.   39.   39.   39.   39.   39.   39.   39.   39.   39.   39.
   39.   39.   39.   39.   39.   39.   39. 2641. 2641. 3417. 3417. 3417.
 2641.   39. 
   39.   39.   39.   39. 2641. 2641. 3417. 3417. 3417. 3417. 2641. 2641.
 2641. 2641. 3417. 3417. 3417. 3417. 2641. 2641.   39.   39.   39. 2641.
 2641. 3417. 
 3417. 3417. 3417. 2641. 2641.   39.   39.   39.   39.   39.   39.   39.
   39.   39.   39.   39.   39.   39.   39.   39.   39.   39.   39.   39.
   39.   39. 
   39.   39.   39.   39.   39.   39. 2641. 3417. 3417. 3417. 2641. 2641.
   39.   39.   39.   39.   39. 2641. 3417. 3417. 3417. 3417. 3417. 2641.
 2641. 3417. 
 3417. 3417. 3417. 2641. 2641.   39.   39.   39.   39. 2641. 3417. 3417.
 3417. 3417. 2641. 2641.   39.   39.   39.   39.   39.   39.   39.   39.
   39.   39. 
   39.   39.   39.   39.   39.   39.   39.   39.   39.   39.   39.   39.
   39.   39.   39.   39.   39.   39. 2641. 3417. 3417. 3417. 3417. 2641.
 2641.   39. 
   39.   39.   39.   39. 2641. 3417. 3417. 3417. 3417. 2641. 3417. 3417.
 3417. 3417. 2641. 2641.   39.   39.   39.   39. 2641. 3417. 3417. 3417.
 3417. 2641. 
 2641.   39.   39.   39.   39.   39.   39.   39.   39.   39.   39.   39.
   39.   39.   39.   39.   39.   39.   39.   39.   39.   39.   39.   39.
   39.   39. 
   39.   39.   39.   39. 2641. 2641. 3417. 3417. 3417. 3417. 2641. 2641.
   39.   39.   39.   39. 2641. 2641. 3417. 3417. 2641. 2641. 3417. 3417.
 3417. 3417. 
 2641.   39.   39.   39.   39.   39. 2641. 3417. 3417. 3417. 2641. 2641.
   39.   39.   39.   39.   39.   39.   39.   39.   39.   39.   39.   39.
   39.   39. 
   39.   39.   39.   39.   39.   39.   39.   39.   39.   39.   39.   39.
   39.   39.   39.   39.   39. 2641. 2641. 3417. 3417. 3417. 3417. 2641.
 2641.   39. 
   39.   39.   39. 2641. 3417. 3417. 2641. 2641. 3417. 3417. 3417. 2641.
 2641. 2641.   39.   39.   39.   39. 2641. 3417. 3417. 3417. 2641. 2641.
 2641. 2641. 
 2641.   39.   39.   39.   39.   39.   39.   39.   39.   39.   39.   39.
   39.   39.   39.   39.   39.   39.   39.   39.   39.   39.   39.   39.
   39.   39. 
   39.   39.   39. 2641. 2641. 2641. 3417. 3417. 3417. 3417. 2641. 2641.
   39.   39.   39. 2641. 2641. 3417. 2641. 2641. 3417. 3417. 3417. 2641.
 2641. 2641. 
 2641.   39.   39.   39. 2641. 3417. 3417. 3417. 3417. 3417. 3417. 2641.
 2641. 2641. 2641.   39.   39.   39.   39.   39.   39.   39.   39.   39.
   39.   39. 
   39.   39.   39.   39.   39.   39.   39.   39.   39.   39.   39.   39.
   39.   39.   39.   39.   39. 2641. 2641. 3417. 3417. 3417. 3417. 2641.
 2641.   39. 
 2641. 2641. 3417. 3417. 2641. 2641. 3417. 3417. 3417. 2641. 2641. 2641.
 2641. 2641.   39.   39. 2641. 2641. 3417. 3417. 3417. 3417. 3417. 3417.
 3417. 3417. 
 2641. 2641. 2641.   39.   39.   39.   39.   39.   39.   39.   39.   39.
   39.   39.   39.   39.   39.   39.   39.   39.   39.   39.   39.   39.
   39.   39. 
   39.   39.   39.   39. 2641. 2641. 3417. 3417. 3417. 2641. 2641. 2641.
 2641. 2641. 3417. 3417. 3417. 2641. 3417. 3417. 3417. 3417. 2641. 2641.
 2641. 2641. 
   39.   39.   39. 2641. 2641. 2641. 3417. 3417. 3417. 3417. 3417. 3417.
 3417. 3417. 2641.   39.   39.   39.   39.   39.   39.   39.   39.   39.
   39.   39. 
   39.   39.   39.   39.   39.   39.   39.   39.   39.   39.   39.   39.
   39.   39.   39.   39.   39. 2641. 3417. 3417. 3417. 3417. 2641. 3417.
 3417. 3417. 
 3417. 3417. 3417. 2641. 2641. 3417. 3417. 3417. 3417. 2641. 2641. 2641.
   39.   39.   39.   39.   39. 2641. 2641. 2641. 2641. 3417. 3417. 3417.
 3417. 3417. 
 2641. 2641.   39.   39.   39.   39.   39.   39.   39.   39.   39.   39.
   39.   39.   39.   39.   39.   39.   39.   39.   39.   39.   39.   39.
   39.   39. 
   39.   39.   39. 2641. 2641. 3417. 3417. 3417. 2641. 3417. 3417. 3417.
 3417. 3417. 3417. 2641. 2641. 2641. 3417. 3417. 3417. 3417. 2641. 2641.
   39.   39. 
   39.   39.   39.   39.   39.   39. 2641. 2641. 2641. 2641. 3417. 3417.
 2641. 2641.   39.   39.   39.   39.   39.   39.   39.   39.   39.   39.
   39.   39. 
   39.   39.   39.   39.   39.   39.   39.   39.   39.   39.   39. 2641.
 2641. 2641. 2641. 2641. 3417. 3417. 3417. 3417. 2641. 3417. 3417. 3417.
 3417. 2641. 
 2641.   39.   39. 2641. 3417. 3417. 3417. 3417. 2641. 2641.   39.   39.
   39.   39.   39.   39.   39.   39.   39.   39. 2641. 2641. 3417. 3417.
 2641. 2641. 
   39.   39.   39.   39.   39.   39.   39.   39.   39.   39.   39.   39.
   39.   39.   39.   39.   39.   39.   39.   39.   39. 2641. 2641. 2641.
 2641. 2641. 
 3417. 3417. 3417. 3417. 3417. 2641. 2641. 3417. 3417. 2641. 2641. 2641.
   39.   39. 2641. 2641. 2641. 3417. 3417. 3417. 3417. 2641.   39.   39.
   39.   39. 
   39.   39.   39.   39.   39.   39. 2641. 3417. 3417. 3417. 2641. 2641.
   39.   39.   39.   39.   39.   39.   39.   39.   39.   39.   39.   39.
   39.   39. 
   39.   39.   39.   39.   39.   39. 2641. 2641. 2641. 3417. 3417. 3417.
 3417. 3417. 3417. 3417. 2641. 2641. 3417. 2641. 2641. 2641. 2641.   39.
   39. 2641. 
 2641. 3417. 2641. 2641. 3417. 3417. 3417. 2641.   39.   39.   39.   39.
   39.   39.   39.   39.   39. 2641. 2641. 3417. 3417. 3417. 2641. 2641.
   39.   39. 
   39.   39.   39.   39.   39.   39.   39.   39.   39.   39.   39.   39.
   39.   39.   39.   39.   39.   39. 2641. 3417. 3417. 3417. 3417. 3417.
 3417. 3417. 
 2641. 2641. 2641. 2641. 2641. 2641.   39.   39.   39.   39. 2641. 2641.
 3417. 3417. 3417. 2641. 3417. 3417. 3417. 2641.   39.   39.   39.   39.
   39.   39. 
   39.   39. 2641. 2641. 3417. 3417. 3417. 3417. 2641.   39.   39.   39.
   39.   39.   39.   39.   39.   39.   39.   39.   39.   39.   39.   39.
   39.   39. 
   39.   39.   39. 2641. 2641. 3417. 3417. 3417. 3417. 2641. 2641. 2641.
 2641. 2641. 3417. 3417. 2641. 2641.   39.   39.   39.   39. 2641. 2641.
 3417. 3417. 
 3417. 2641. 3417. 3417. 3417. 3417.   39.   39.   39.   39.   39.   39.
   39. 2641. 2641. 3417. 3417. 3417. 3417. 2641. 2641.   39.   39.   39.
   39.   39. 
   39.   39.   39.   39.   39.   39.   39.   39.   39.   39.   39.   39.
   39.   39. 2641. 2641. 3417. 3417. 3417. 2641. 2641. 2641. 2641.   39.
 2641. 2641. 
 3417. 3417. 3417. 2641. 2641. 2641.   39.   39. 2641. 3417. 3417. 3417.
 2641. 2641. 3417. 3417. 3417. 2641.   39.   39.   39.   39.   39.   39.
 2641. 2641. 
 3417. 3417. 3417. 3417. 2641. 2641.   39.   39.   39.   39.   39.   39.
   39.   39.   39.   39.   39.   39.   39.   39.   39.   39.   39.   39.
   39.   39. 
 2641. 2641. 3417. 3417. 3417. 2641. 2641.   39.   39.   39. 2641. 2641.
 3417. 3417. 3417. 3417. 3417. 2641. 2641.   39. 2641. 3417. 2641. 2641.
 2641. 3417. 
 3417. 3417. 3417. 2641.   39.   39.   39.   39.   39.   39. 2641. 2641.
 3417. 3417. 3417. 2641. 2641.   39.   39.   39.   39.   39.   39.   39.
   39.   39. 
   39.   39.   39.   39.   39.   39.   39.   39.   39.   39.   39.   39.
 2641. 2641. 3417. 3417. 3417. 2641. 2641. 2641. 2641.   39.   39. 2641.
 2641. 3417. 
 3417. 3417. 3417. 3417. 2641. 2641. 2641. 2641. 2641. 2641. 3417. 3417.
 3417. 3417. 2641. 2641.   39.   39.   39.   39.   39.   39. 2641. 3417.
 3417. 3417. 
 2641. 2641. 2641. 2641.   39.   39.   39.   39.   39.   39.   39.   39.
   39.   39.   39.   39.   39.   39.   39.   39.   39.   39.   39.   39.
 2641. 2641. 
 3417. 3417. 3417. 3417. 3417. 2641. 2641. 2641.   39.   39. 2641. 2641.
 3417. 3417. 3417. 3417. 3417. 2641. 2641. 3417. 3417. 3417. 3417. 3417.
 3417. 3417. 
 2641. 2641.   39.   39.   39.   39.   39.   39. 2641. 3417. 3417. 3417.
 3417. 3417. 3417. 2641. 2641. 2641.   39.   39.   39.   39.   39.   39.
   39.   39. 
   39.   39.   39.   39.   39.   39.   39.   39.   39.   39.   39. 2641.
 2641. 3417. 3417. 3417. 3417. 3417. 2641. 2641. 2641.   39.   39. 2641.
 2641. 2641. 
 3417. 3417. 2641. 2641. 3417. 3417. 3417. 3417. 3417. 3417. 2641. 2641.
 2641.   39.   39.   39.   39.   39.   39.   39. 2641. 3417. 3417. 3417.
 3417. 3417. 
 3417. 3417. 3417. 2641. 2641.   39.   39.   39.   39.   39.   39.   39.
   39.   39.   39.   39.   39.   39.   39.   39.   39.   39.   39. 2641.
 2641. 2641. 
 2641. 3417. 3417. 3417. 3417. 2641. 2641.   39.   39.   39. 2641. 2641.
 2641. 2641. 2641. 3417. 3417. 3417. 3417. 3417. 2641. 2641. 2641.   39.
   39.   39. 
   39.   39.   39.   39.   39.   39. 2641. 2641. 2641. 3417. 3417. 3417.
 3417. 3417. 3417. 3417. 2641. 2641.   39.   39.   39.   39.   39.   39.
   39.   39. 
   39.   39.   39.   39.   39.   39.   39.   39.   39.   39.   39. 2641.
 2641. 2641. 2641. 3417. 3417. 3417. 2641. 2641.   39.   39.   39.   39.
 2641. 2641. 
 3417. 3417. 3417. 3417. 2641. 2641. 2641. 2641. 2641. 2641.   39.   39.
   39.   39.   39.   39.   39.   39.   39. 2641. 2641. 2641. 2641. 2641.
 3417. 3417. 
 3417. 3417. 3417. 2641. 2641.   39.   39.   39.   39.   39.   39.   39.
   39.   39.   39.   39.   39.   39.   39.   39.   39.   39.   39.   39.
   39. 2641. 
 2641. 3417. 3417. 3417. 2641. 2641.   39.   39.   39.   39. 2641. 2641.
 3417. 3417. 3417. 2641. 2641. 2641. 3417. 3417. 2641. 2641. 2641. 2641.
   39.   39. 
   39.   39.   39.   39.   39.   39.   39.   39. 2641. 2641. 2641. 3417.
 3417. 3417. 3417. 3417. 2641. 2641.   39.   39.   39.   39.   39.   39.
   39.   39. 
   39.   39.   39.   39.   39.   39.   39.   39.   39.   39.   39.   39.
 2641. 2641. 3417. 3417. 3417. 2641. 2641.   39.   39.   39. 2641. 2641.
 3417. 3417. 
 3417. 2641. 2641. 2641. 3417. 3417. 3417. 3417. 2641. 2641.   39.   39.
   39.   39.   39.   39.   39.   39.   39.   39.   39.   39. 2641. 2641.
 3417. 3417. 
 3417. 3417. 3417. 2641. 2641.   39.   39.   39.   39.   39.   39.   39.
   39.   39.   39.   39.   39.   39.   39.   39.   39.   39.   39.   39.
 2641. 2641. 
 2641. 3417. 3417. 2641. 2641.   39.   39.   39. 2641. 2641. 3417. 3417.
 3417. 3417. 2641. 2641. 2641. 3417. 3417. 3417. 3417. 3417.   39.   39.
   39.   39. 
   39.   39.   39.   39.   39.   39.   39.   39.   39. 2641. 2641. 3417.
 3417. 3417. 3417. 2641. 2641.   39.   39.   39.   39.   39.   39.   39.
   39.   39. 
   39.   39.   39.   39.   39.   39.   39.   39.   39.   39.   39. 2641.
 2641. 3417. 3417. 3417. 2641.   39.   39.   39. 2641. 2641. 3417. 3417.
 3417. 3417. 
 3417. 3417. 2641. 2641. 3417. 3417. 3417. 3417.   39.   39.   39.   39.
   39.   39.   39.   39.   39.   39.   39.   39.   39.   39. 2641. 2641.
 3417. 3417. 
 3417. 3417. 2641.   39.   39.   39.   39.   39.   39.   39.   39.   39.
   39.   39.   39.   39.   39.   39.   39.   39.   39.   39. 2641. 2641.
 2641. 3417. 
 3417. 3417. 2641.   39.   39.   39.   39. 2641. 2641. 2641. 3417. 3417.
 3417. 3417. 3417. 2641. 2641. 2641. 3417. 3417.   39.   39.   39.   39.
   39.   39. 
   39.   39.   39.   39.   39.   39.   39.   39. 2641. 2641. 3417. 3417.
 3417. 3417. 2641.   39.   39.   39.   39.   39.   39.   39.   39.   39.
   39.   39. 
   39.   39.   39.   39.   39.   39.   39. 2641. 2641. 2641. 3417. 3417.
 3417. 2641. 2641.   39.   39.   39.   39.   39. 2641. 2641. 2641. 2641.
 3417. 3417. 
 3417. 3417. 3417. 2641. 2641. 2641.   39.   39.   39.   39.   39.   39.
   39.   39.   39.   39.   39.   39.   39. 2641. 2641. 3417. 3417. 3417.
 3417. 3417. 
 2641.   39.   39.   39.   39.   39.   39.   39.   39.   39.   39.   39.
   39.   39.   39.   39.   39. 2641. 2641. 2641. 2641. 3417. 3417. 3417.
 3417. 2641. 
 2641.   39.   39.   39.   39.   39. 2641. 2641. 3417. 2641. 2641. 3417.
 3417. 3417. 3417. 3417. 3417. 2641.   39.   39.   39.   39.   39.   39.
   39.   39. 
   39.   39.   39.   39. 2641. 2641. 3417. 3417. 3417. 3417. 3417. 2641.
 2641.   39.   39.   39.   39.   39.   39.   39.   39.   39.   39.   39.
   39.   39. 
   39.   39. 2641. 2641. 2641. 3417. 3417. 3417. 3417. 3417. 2641. 2641.
   39.   39.   39.   39.   39.   39. 2641. 2641. 3417. 3417. 2641. 2641.
 2641. 3417. 
 3417. 3417. 3417. 3417.   39.   39.   39.   39.   39.   39.   39.   39.
   39.   39.   39. 2641. 2641. 3417. 3417. 3417. 3417. 3417. 3417. 2641.
   39.   39. 
   39.   39.   39.   39.   39.   39.   39.   39.   39.   39.   39.   39.
   39. 2641. 2641. 2641. 3417. 3417. 3417. 3417. 3417. 2641. 2641. 2641.
   39.   39. 
   39.   39.   39.   39. 2641. 2641. 3417. 3417. 3417. 2641. 2641. 2641.
 2641. 3417. 3417. 3417.   39.   39.   39.   39.   39.   39.   39.   39.
   39. 2641. 
 2641. 2641. 3417. 3417. 3417. 3417. 3417. 3417. 2641. 2641.   39.   39.
   39.   39.   39.   39.   39.   39.   39.   39.   39.   39.   39.   39.
 2641. 2641. 
 3417. 3417. 3417. 3417. 3417. 3417. 2641. 2641.   39.   39.   39.   39.
   39.   39.   39.   39. 2641. 3417. 3417. 3417. 3417. 2641. 3417. 2641.
 2641. 2641. 
 3417. 3417.   39.   39.   39.   39.   39.   39.   39.   39.   39. 2641.
 2641. 3417. 3417. 3417. 3417. 3417. 2641. 2641. 2641.   39.   39.   39.
   39.   39. 
   39.   39.   39.   39.   39.   39.   39.   39.   39. 2641. 2641. 3417.
 3417. 3417. 3417. 3417. 2641. 2641. 2641.   39.   39.   39.   39.   39.
   39.   39. 
   39. 2641. 2641. 3417. 3417. 3417. 3417. 2641. 3417. 3417. 2641. 3417.
 3417. 3417. 
/