PERMI
 33. 33. 33. 33. 33. 33. 33. 33. 33. 33. 33. 33. 33. 33. 33. 33. 33. 33.
 33. 33. 33. 33. 33. 33. 33. 33. 
   33.   33.   33.   33.   33.   33.   33.   33.   33.   33.   33.   33.
   33.   33.   33.   33.   33.   33.   33.   33.   33.   33.   33. 2021.
 2021. 2021. 
 2021.   33.   33.   33.   33.   33.   33.   33.   33.   33.   33.   33.
   33.   33.   33.   33.   33.   33.   33.   33.   33.   33.   33.   33.
   33.   33. 
 33. 33. 33. 33. 33. 33. 33. 33. 33. 33. 33. 33. 33. 33. 33. 33. 33. 33.
 33. 33. 33. 33. 33. 33. 33. 33. 
   33.   33.   33.   33.   33.   33.   33. 2021. 2021. 2021. 2021. 2021.
 2021. 2021. 2021.   33.   33.   33.   33.   33.   33.   33.   33.   33.
   33.   33. 
 33. 33. 33. 33. 33. 33. 33. 33. 33. 33. 33. 33. 33. 33. 33. 33. 33. 33.
 33. 33. 33. 33. 33. 33. 33. 33. 
   33.   33.   33.   33.   33.   33.   33.   33.   33.   33.   33.   33.
   33.   33.   33.   33.   33. 2021. 2021. 2021. 2021. 3031. 3031. 3031.
 3031. 2021. 
 2021. 2021. 2021.   33.   33.   33.   33.   33.   33.   33.   33.   33.
   33.   33.   33.   33.   33.   33.   33.   33.   33.   33.   33.   33.
   33.   33. 
   33.   33.   33.   33.   33.   33.   33.   33.   33.   33.   33.   33.
   33.   33.   33.   33.   33.   33.   33.   33.   33.   33.   33.   33.
   33. 2021. 
 2021. 2021. 2021. 2021. 2021. 3031. 3031. 3031. 3031. 3031. 3031. 3031.
 3031. 2021. 2021. 2021. 2021.   33.   33. 2021. 2021. 2021.   33.   33.
   33.   33. 
   33.   33.   33.   33.   33.   33.   33.   33.   33.   33.   33.   33.
   33.   33.   33.   33.   33.   33.   33.   33.   33.   33.   33.   33.
   33. 2021. 
 2021. 2021. 2021. 2021. 2021. 2021. 2021. 2021. 2021. 2021. 2021. 2021.
 2021. 3031. 3031. 3031. 3031. 3031. 3031. 3031. 3031. 3031. 3031. 3031.
 3031. 3031. 
 3031. 2021. 2021. 2021. 2021. 2021. 2021. 3031.   33.   33.   33.   33.
   33.   33.   33.   33.   33.   33.   33.   33.   33.   33.   33.   33.
   33.   33. 
   33.   33.   33.   33.   33.   33.   33.   33.   33. 2021. 2021. 2021.
 2021. 2021. 2021. 2021. 2021. 2021. 2021. 2021. 2021. 2021. 2021. 3031.
 3031. 3031. 
 3031. 3031. 3031. 3031. 3031. 2021. 2021. 2021. 3031. 3031. 3031. 3031.
 3031. 3031. 3031. 3031. 3031. 3031. 3031. 3031.   33.   33.   33.   33.
   33.   33. 
   33.   33.   33.   33.   33.   33.   33.   33.   33.   33.   33.   33.
   33.   33.   33.   33.   33.   33.   33.   33. 2021. 2021. 2021. 3031.
 3031. 3031. 
 3031. 3031. 3031. 3031. 3031. 3031. 3031. 3031. 3031. 3031. 3031. 3031.
 3031. 3031. 3031. 3031. 2021. 2021. 2021. 2021. 2021. 3031. 3031. 3031.
 3031. 3031. 
 3031. 3031. 3031. 3031. 3031. 3031.   33.   33.   33.   33.   33.   33.
   33.   33.   33.   33.   33.   33.   33.   33.   33.   33.   33.   33.
   33.   33. 
   33.   33. 2021. 2021. 2021. 2021. 2021. 3031. 3031. 3031. 3031. 3031.
 3031. 3031. 3031. 3031. 3031. 3031. 3031. 3031. 3031. 3031. 3031. 2021.
 2021. 2021. 
 2021. 2021. 2021.   33.   33.   33. 2021. 2021. 2021. 2021. 3031. 3031.
 3031. 3031. 3031. 3031. 3031. 2021.   33.   33.   33.   33.   33.   33.
   33.   33. 
   33.   33.   33.   33.   33.   33.   33.   33.   33.   33.   33. 2021.
 2021. 2021. 2021. 3031. 3031. 3031. 3031. 3031. 3031. 3031. 2021. 2021.
 2021. 2021. 
 2021. 3031. 3031. 3031. 3031. 3031. 3031. 2021. 2021. 2021. 2021. 2021.
 2021.   33.   33.   33.   33.   33.   33. 2021. 2021. 2021. 2021. 2021.
 2021. 2021. 
 2021. 2021. 2021. 2021.   33.   33.   33.   33.   33.   33.   33.   33.
   33.   33.   33.   33.   33.   33.   33.   33.   33. 2021. 2021. 2021.
 3031. 3031. 
 3031. 3031. 3031. 3031. 3031. 3031. 2021. 2021. 2021. 2021. 2021. 2021.
 2021. 2021. 2021. 2021. 2021. 2021. 2021. 2021. 2021.   33.   33.   33.
   33.   33. 
   33.   33.   33.   33.   33.   33.   33.   33.   33. 2021.   33. 2021.
 2021.   33. 2021. 2021.   33.   33.   33.   33.   33.   33.   33.   33.
   33.   33. 
   33.   33.   33.   33.   33.   33. 2021. 2021. 3031. 3031. 3031. 3031.
 3031. 3031. 3031. 2021. 2021. 2021. 2021.   33.   33.   33.   33.   33.
   33.   33. 
   33.   33.   33.   33.   33.   33.   33.   33.   33.   33.   33.   33.
   33.   33.   33.   33.   33.   33.   33.   33.   33.   33.   33.   33.
 2021. 2021. 
 2021. 3031.   33.   33.   33.   33.   33.   33.   33.   33.   33.   33.
   33.   33.   33.   33. 2021. 2021. 2021. 3031. 3031. 3031. 3031. 3031.
 3031. 2021. 
 2021. 2021. 2021.   33.   33.   33.   33.   33.   33.   33.   33.   33.
   33.   33.   33.   33.   33.   33.   33.   33.   33.   33.   33.   33.
   33.   33. 
   33.   33.   33.   33. 2021. 2021. 2021.   33.   33. 2021. 2021. 3031.
 3031. 3031.   33.   33.   33.   33.   33. 2021. 2021. 2021.   33.   33.
   33.   33. 
   33. 2021. 2021. 2021. 3031. 3031. 3031. 3031. 2021. 2021. 2021. 2021.
 2021.   33.   33.   33.   33.   33.   33.   33.   33.   33.   33.   33.
   33.   33. 
   33.   33.   33.   33.   33.   33.   33.   33.   33.   33.   33.   33.
   33.   33. 2021. 2021. 3031. 3031. 3031. 2021. 2021. 2021. 3031. 3031.
 3031. 3031. 
   33.   33.   33. 2021. 2021. 3031. 3031. 2021. 2021. 2021. 2021. 2021.
 2021. 2021. 3031. 3031. 3031. 3031. 3031. 2021. 2021.   33.   33.   33.
   33.   33. 
   33.   33.   33.   33.   33.   33.   33.   33.   33.   33.   33.   33.
   33.   33.   33.   33.   33. 2021. 2021. 2021. 2021.   33.   33.   33.
   33. 2021. 
 2021. 3031. 3031. 3031. 3031. 3031. 3031. 3031. 3031. 3031. 3031. 2021.
   33.   33. 2021. 2021. 3031. 3031. 3031. 3031. 2021. 2021. 2021. 2021.
 2021. 2021. 
 3031. 3031. 3031. 3031. 2021. 2021. 2021. 2021.   33.   33.   33.   33.
   33.   33.   33.   33.   33.   33.   33.   33.   33.   33.   33.   33.
   33.   33. 
   33. 2021. 2021. 3031. 3031. 3031. 3031. 2021. 2021. 2021. 2021. 2021.
 3031. 3031. 3031. 3031. 3031. 3031. 3031. 3031. 3031. 3031. 2021.   33.
 2021. 2021. 
 2021. 3031. 3031. 3031. 2021. 2021. 2021. 2021. 3031. 3031. 3031. 3031.
 3031. 3031. 3031. 2021. 2021. 3031. 3031. 2021. 2021.   33.   33.   33.
   33.   33. 
   33.   33.   33.   33.   33.   33.   33.   33.   33.   33.   33. 2021.
 2021. 3031. 3031. 3031. 3031. 3031. 3031. 3031. 3031. 2021. 2021. 3031.
 3031. 3031. 
 2021. 2021. 2021. 2021. 2021. 3031. 2021. 2021.   33.   33. 3031. 3031.
 3031. 3031. 3031. 2021. 2021. 3031. 3031. 3031. 3031. 3031. 3031. 3031.
 3031. 2021. 
 2021. 2021. 3031. 3031. 3031. 3031. 2021. 2021.   33.   33.   33.   33.
   33.   33.   33.   33.   33. 2021. 2021. 2021. 2021. 2021. 2021. 2021.
 3031. 3031. 
 3031. 3031. 3031. 3031. 3031. 3031. 3031. 3031. 3031. 3031. 3031. 2021.
 2021.   33.   33.   33.   33. 2021.   33.   33.   33.   33. 2021. 2021.
 2021. 2021. 
 2021. 2021. 3031. 3031. 3031. 3031. 3031. 3031. 3031. 3031. 2021. 2021.
 2021. 3031. 3031. 3031. 3031. 3031. 3031. 2021. 2021.   33.   33.   33.
   33.   33. 
 2021. 2021. 2021. 2021. 2021. 2021. 3031. 3031. 3031. 3031. 3031. 3031.
 2021. 2021. 2021. 2021. 2021. 2021. 3031. 3031. 3031. 3031. 2021. 2021.
   33.   33. 
   33.   33.   33.   33.   33.   33.   33.   33. 2021. 2021. 2021. 2021.
 2021. 3031. 3031. 3031. 3031. 3031. 3031. 3031. 2021. 2021. 2021. 2021.
 2021. 2021. 
 2021. 2021. 2021. 3031. 3031. 3031. 2021. 2021.   33.   33. 2021. 2021.
 3031. 3031. 3031. 3031. 3031. 3031. 3031. 3031. 3031. 3031. 3031. 2021.
 2021.   33. 
   33.   33.   33. 2021. 2021. 2021. 2021. 2021.   33.   33.   33.   33.
   33.   33.   33.   33.   33.   33.   33.   33. 3031. 3031. 3031. 3031.
 3031. 3031. 
 3031. 3031. 3031. 2021. 2021. 2021. 2021. 2021. 2021. 2021.   33.   33.
   33.   33. 2021. 2021. 3031. 3031. 3031. 2021. 2021. 2021. 3031. 3031.
 3031. 3031. 
 3031. 3031. 3031. 3031. 3031. 3031. 3031. 2021. 2021.   33.   33.   33.
   33.   33.   33.   33.   33.   33.   33.   33.   33.   33.   33.   33.
   33.   33. 
   33.   33.   33.   33.   33.   33. 3031. 3031. 3031. 3031. 3031. 3031.
 3031. 3031. 2021. 2021. 2021.   33.   33.   33.   33.   33.   33.   33.
   33.   33. 
   33. 2021. 2021. 3031. 3031. 3031. 3031. 3031. 3031. 3031. 3031. 2021.
 2021. 2021. 2021. 2021. 2021. 2021. 2021.   33.   33.   33.   33.   33.
   33.   33. 
   33.   33.   33.   33.   33.   33.   33.   33.   33.   33.   33.   33.
   33.   33.   33.   33.   33.   33. 2021. 3031. 3031. 3031. 3031. 2021.
 2021. 2021. 
 2021.   33.   33.   33.   33.   33.   33.   33.   33.   33.   33.   33.
   33.   33. 2021. 2021. 3031. 3031. 3031. 3031. 3031. 2021. 2021. 2021.
 2021.   33. 
 33. 33. 33. 33. 33. 33. 33. 33. 33. 33. 33. 33. 33. 33. 33. 33. 33. 33.
 33. 33. 33. 33. 33. 33. 33. 33. 
   33.   33.   33.   33. 2021. 2021. 2021. 2021. 2021. 2021. 2021.   33.
   33.   33.   33.   33.   33.   33.   33.   33.   33.   33.   33.   33.
   33.   33. 
   33. 2021. 2021. 2021. 2021. 2021. 2021. 2021.   33.   33.   33.   33.
   33.   33.   33.   33.   33.   33.   33.   33.   33.   33.   33.   33.
   33.   33. 
 33. 33. 33. 33. 33. 33. 33. 33. 33. 33. 33. 33. 33. 33. 33. 33. 33. 33.
 33. 33. 33. 33. 33. 33. 33. 33. 
 33. 33. 33. 33. 33. 33. 33. 33. 33. 33. 33. 33. 33. 33. 33. 33. 33. 33.
 33. 33. 33. 33. 33. 33. 33. 33. 
 33. 33. 33. 33. 33. 33. 33. 33. 33. 33. 33. 33. 33. 33. 33. 33. 33. 33.
 33. 33. 33. 33. 33. 33. 33. 33. 
 33. 33. 33. 33. 33. 33. 33. 33. 33. 33. 33. 33. 33. 33. 33. 33. 33. 33.
 33. 33. 33. 33. 33. 33. 33. 33. 
 33. 33. 33. 33. 33. 33. 33. 33. 33. 33. 33. 33. 33. 33. 33. 33. 33. 33.
 33. 33. 33. 33. 33. 33. 33. 33. 
 33. 33. 33. 33. 33. 33. 33. 33. 33. 33. 33. 33. 33. 33. 33. 33. 33. 33.
 33. 33. 33. 33. 33. 33. 33. 33. 
 33. 33. 33. 33. 33. 33. 33. 33. 33. 33. 33. 33. 33. 33. 33. 33. 33. 33.
 33. 33. 33. 33. 33. 33. 33. 33. 
 33. 33. 33. 33. 33. 33. 33. 33. 33. 33. 33. 33. 33. 33. 33. 33. 33. 33.
 33. 33. 33. 33. 33. 33. 33. 33. 
 33. 33. 33. 33. 33. 33. 33. 33. 33. 33. 33. 33. 33. 33. 33. 33. 33. 33.
 33. 33. 33. 33. 33. 33. 33. 33. 
 33. 33. 33. 33. 33. 33. 33. 33. 33. 33. 33. 33. 33. 33. 33. 33. 33. 33.
 33. 33. 33. 33. 33. 33. 33. 33. 
 33. 33. 33. 33. 33. 33. 33. 33. 33. 33. 33. 33. 33. 33. 33. 33. 33. 33.
 33. 33. 33. 33. 33. 33. 33. 33. 
 33. 33. 33. 33. 33. 33. 33. 33. 33. 33. 33. 33. 33. 33. 33. 33. 33. 33.
 33. 33. 33. 33. 33. 33. 33. 33. 
 33. 33. 33. 33. 33. 33. 33. 33. 33. 33. 33. 33. 33. 33. 33. 33. 33. 33.
 33. 33. 33. 33. 33. 33. 33. 33. 
 33. 33. 33. 33. 33. 33. 33. 33. 33. 33. 33. 33. 33. 33. 33. 33. 33. 33.
 33. 33. 33. 33. 33. 33. 33. 33. 
 33. 33. 33. 33. 33. 33. 33. 33. 33. 33. 33. 33. 33. 33. 33. 33. 33. 33.
 33. 33. 33. 33. 33. 33. 33. 33. 
 33. 33. 33. 33. 33. 33. 33. 33. 33. 33. 33. 33. 33. 33. 33. 33. 33. 33.
 33. 33. 33. 33. 33. 33. 33. 33. 
 33. 33. 33. 33. 33. 33. 33. 33. 33. 33. 33. 33. 33. 33. 33. 33. 33. 33.
 33. 33. 33. 33. 33. 33. 33. 33. 
 33. 33. 33. 33. 33. 33. 33. 33. 33. 33. 33. 33. 33. 33. 33. 33. 33. 33.
 33. 33. 33. 33. 33. 33. 33. 33. 
 33. 33. 33. 33. 33. 33. 33. 33. 33. 33. 33. 33. 33. 33. 33. 33. 33. 33.
 33. 33. 33. 33. 33. 33. 33. 33. 
 33. 33. 33. 33. 33. 33. 33. 33. 33. 33. 33. 33. 33. 33. 33. 33. 33. 33.
 33. 33. 33. 33. 33. 33. 33. 33. 
 33. 33. 33. 33. 33. 33. 33. 33. 33. 33. 33. 33. 33. 33. 33. 33. 33. 33.
 33. 33. 33. 33. 33. 33. 33. 33. 
 33. 33. 33. 33. 33. 33. 33. 33. 33. 33. 33. 33. 33. 33. 33. 33. 33. 33.
 33. 33. 33. 33. 33. 33. 33. 33. 
 33. 33. 33. 33. 33. 33. 33. 33. 33. 33. 33. 33. 33. 33. 33. 33. 33. 33.
 33. 33. 33. 33. 33. 33. 33. 33. 
 33. 33. 33. 33. 33. 33. 33. 33. 33. 33. 33. 33. 33. 33. 33. 33. 33. 33.
 33. 33. 33. 33. 33. 33. 33. 33. 
 33. 33. 33. 33. 33. 33. 33. 33. 33. 33. 33. 33. 33. 33. 33. 33. 33. 33.
 33. 33. 33. 33. 33. 33. 33. 33. 
 33. 33. 33. 33. 33. 33. 33. 33. 33. 33. 33. 33. 33. 33. 33. 33. 33. 33.
 33. 33. 33. 33. 33. 33. 33. 33. 
 33. 33. 33. 33. 33. 33. 33. 33. 33. 33. 33. 33. 33. 33. 33. 33. 33. 33.
 33. 33. 33. 33. 33. 33. 33. 33. 
 33. 33. 33. 33. 33. 33. 33. 33. 33. 33. 33. 33. 33. 33. 33. 33. 33. 33.
 33. 33. 33. 33. 33. 33. 33. 33. 
 33. 33. 33. 33. 33. 33. 33. 33. 33. 33. 33. 33. 33. 33. 33. 33. 33. 33.
 33. 33. 33. 33. 33. 33. 33. 33. 
 33. 33. 33. 33. 33. 33. 33. 33. 33. 33. 33. 33. 33. 33. 33. 33. 33. 33.
 33. 33. 33. 33. 33. 33. 33. 33. 
 33. 33. 33. 33. 33. 33. 33. 33. 33. 33. 33. 33. 33. 33. 33. 33. 33. 33.
 33. 33. 33. 33. 33. 33. 33. 33. 
 33. 33. 33. 33. 33. 33. 33. 33. 33. 33. 33. 33. 33. 33. 33. 33. 33. 33.
 33. 33. 33. 33. 33. 33. 33. 33. 
 33. 33. 33. 33. 33. 33. 33. 33. 33. 33. 33. 33. 33. 33. 33. 33. 33. 33.
 33. 33. 33. 33. 33. 33. 33. 33. 
 33. 33. 33. 33. 33. 33. 33. 33. 33. 33. 33. 33. 33. 33. 33. 33. 33. 33.
 33. 33. 33. 33. 33. 33. 33. 33. 
 33. 33. 33. 33. 33. 33. 33. 33. 33. 33. 33. 33. 33. 33. 33. 33. 33. 33.
 33. 33. 33. 33. 33. 33. 33. 33. 
 33. 33. 33. 33. 33. 33. 33. 33. 33. 33. 33. 33. 33. 33. 33. 33. 33. 33.
 33. 33. 33. 33. 33. 33. 33. 33. 
 33. 33. 33. 33. 33. 33. 33. 33. 33. 33. 33. 33. 33. 33. 33. 33. 33. 33.
 33. 33. 33. 33. 33. 33. 33. 33. 
 33. 33. 33. 33. 33. 33. 33. 33. 33. 33. 33. 33. 33. 33. 33. 33. 33. 33.
 33. 33. 33. 33. 33. 33. 33. 33. 
 33. 33. 33. 33. 33. 33. 33. 33. 33. 33. 33. 33. 33. 33. 33. 33. 33. 33.
 33. 33. 33. 33. 33. 33. 33. 33. 
 33. 33. 33. 33. 33. 33. 33. 33. 33. 33. 33. 33. 33. 33. 33. 33. 33. 33.
 33. 33. 33. 33. 33. 33. 33. 33. 
 33. 33. 33. 33. 33. 33. 33. 33. 33. 33. 33. 33. 33. 33. 33. 33. 33. 33.
 33. 33. 33. 33. 33. 33. 33. 33. 
 33. 33. 33. 33. 33. 33. 33. 33. 33. 33. 33. 33. 33. 33. 33. 33. 33. 33.
 33. 33. 33. 33. 33. 33. 33. 33. 
 33. 33. 33. 33. 33. 33. 33. 33. 33. 33. 33. 33. 33. 33. 33. 33. 33. 33.
 33. 33. 33. 33. 33. 33. 33. 33. 
 33. 33. 33. 33. 33. 33. 33. 33. 33. 33. 33. 33. 33. 33. 33. 33. 33. 33.
 33. 33. 33. 33. 33. 33. 33. 33. 
 33. 33. 33. 33. 33. 33. 33. 33. 33. 33. 33. 33. 33. 33. 33. 33. 33. 33.
 33. 33. 33. 33. 33. 33. 33. 33. 
 33. 33. 33. 33. 33. 33. 33. 33. 33. 33. 33. 33. 33. 33. 33. 33. 33. 33.
 33. 33. 33. 33. 33. 33. 33. 33. 
 33. 33. 33. 33. 33. 33. 33. 33. 33. 33. 33. 33. 33. 33. 33. 33. 33. 33.
 33. 33. 33. 33. 33. 33. 33. 33. 
 33. 33. 33. 33. 33. 33. 33. 33. 33. 33. 33. 33. 33. 33. 33. 33. 33. 33.
 33. 33. 33. 33. 33. 33. 33. 33. 
 33. 33. 33. 33. 33. 33. 33. 33. 33. 33. 33. 33. 33. 33. 33. 33. 33. 33.
 33. 33. 33. 33. 33. 33. 33. 33. 
 33. 33. 33. 33. 33. 33. 33. 33. 33. 33. 33. 33. 33. 33. 33. 33. 33. 33.
 33. 33. 33. 33. 33. 33. 33. 33. 
 33. 33. 33. 33. 33. 33. 33. 33. 33. 33. 33. 33. 33. 33. 33. 33. 33. 33.
 33. 33. 33. 33. 33. 33. 33. 33. 
 33. 33. 33. 33. 33. 33. 33. 33. 33. 33. 33. 33. 33. 33. 33. 33. 33. 33.
 33. 33. 33. 33. 33. 33. 33. 33. 
 33. 33. 33. 33. 33. 33. 33. 33. 33. 33. 33. 33. 33. 33. 33. 33. 33. 33.
 33. 33. 33. 33. 33. 33. 33. 33. 
 33. 33. 33. 33. 33. 33. 33. 33. 33. 33. 33. 33. 33. 33. 33. 33. 33. 33.
 33. 33. 33. 33. 33. 33. 33. 33. 
 33. 33. 33. 33. 33. 33. 33. 33. 33. 33. 33. 33. 33. 33. 33. 33. 33. 33.
 33. 33. 33. 33. 33. 33. 33. 33. 
 33. 33. 33. 33. 33. 33. 33. 33. 33. 33. 33. 33. 33. 33. 33. 33. 33. 33.
 33. 33. 33. 33. 33. 33. 33. 33. 
 33. 33. 33. 33. 33. 33. 33. 33. 33. 33. 33. 33. 33. 33. 33. 33. 33. 33.
 33. 33. 33. 33. 33. 33. 33. 33. 
 33. 33. 33. 33. 33. 33. 33. 33. 33. 33. 33. 33. 33. 33. 33. 33. 33. 33.
 33. 33. 33. 33. 33. 33. 33. 33. 
 33. 33. 33. 33. 33. 33. 33. 33. 33. 33. 33. 33. 33. 33. 33. 33. 33. 33.
 33. 33. 33. 33. 33. 33. 33. 33. 
 33. 33. 33. 33. 33. 33. 33. 33. 33. 33. 33. 33. 33. 33. 33. 33. 33. 33.
 33. 33. 33. 33. 33. 33. 33. 33. 
 33. 33. 33. 33. 33. 33. 33. 33. 33. 33. 33. 33. 33. 33. 33. 33. 33. 33.
 33. 33. 33. 33. 33. 33. 33. 33. 
 33. 33. 33. 33. 33. 33. 33. 33. 33. 33. 33. 33. 33. 33. 33. 33. 33. 33.
 33. 33. 33. 33. 33. 33. 33. 33. 
 33. 33. 33. 33. 33. 33. 33. 33. 33. 33. 33. 33. 33. 33. 33. 33. 33. 33.
 33. 33. 33. 33. 33. 33. 33. 33. 
 33. 33. 33. 33. 33. 33. 33. 33. 33. 33. 33. 33. 33. 33. 33. 33. 33. 33.
 33. 33. 33. 33. 33. 33. 33. 33. 
   33.   33.   33.   33.   33.   33.   33.   33.   33.   33.   33.   33.
   33.   33.   33.   33.   33.   33.   33.   33. 2021. 2021. 2021. 2021.
 2021.   33. 
 33. 33. 33. 33. 33. 33. 33. 33. 33. 33. 33. 33. 33. 33. 33. 33. 33. 33.
 33. 33. 33. 33. 33. 33. 33. 33. 
 33. 33. 33. 33. 33. 33. 33. 33. 33. 33. 33. 33. 33. 33. 33. 33. 33. 33.
 33. 33. 33. 33. 33. 33. 33. 33. 
   33.   33.   33.   33.   33. 2021. 2021. 2021. 2021. 2021. 2021. 2021.
 2021.   33.   33.   33.   33.   33.   33.   33.   33.   33.   33.   33.
   33.   33. 
 33. 33. 33. 33. 33. 33. 33. 33. 33. 33. 33. 33. 33. 33. 33. 33. 33. 33.
 33. 33. 33. 33. 33. 33. 33. 33. 
   33.   33.   33.   33.   33.   33.   33.   33. 2021. 2021. 2021. 2021.
 2021. 2021.   33.   33. 2021. 2021. 3031. 3031. 3031. 3031. 3031. 3031.
 2021. 2021. 
 2021. 2021. 2021.   33.   33.   33.   33.   33.   33.   33.   33.   33.
   33.   33.   33.   33.   33.   33.   33.   33.   33.   33.   33.   33.
   33.   33. 
   33.   33.   33.   33.   33.   33.   33.   33.   33.   33.   33.   33.
   33.   33.   33.   33.   33.   33. 2021. 2021. 2021. 3031. 2021. 2021.
 3031. 2021. 
 2021. 2021. 2021. 3031. 3031. 3031. 3031. 3031. 3031. 3031. 3031. 3031.
 2021. 2021. 2021. 2021. 2021. 2021. 2021. 2021.   33.   33.   33.   33.
   33.   33. 
 33. 33. 33. 33. 33. 33. 33. 33. 33. 33. 33. 33. 33. 33. 33. 33. 33. 33.
 33. 33. 33. 33. 33. 33. 33. 33. 
   33.   33. 2021. 2021. 3031. 3031. 3031. 3031. 3031. 3031. 3031. 3031.
 3031. 2021. 3031. 3031. 3031. 3031. 2021. 2021. 3031. 3031. 3031. 3031.
 3031. 3031. 
 3031. 3031. 3031. 3031. 2021. 2021. 2021.   33.   33.   33.   33.   33.
   33.   33.   33.   33.   33.   33.   33.   33.   33.   33.   33.   33.
   33.   33. 
   33.   33.   33.   33.   33.   33.   33.   33.   33.   33.   33.   33.
   33. 2021. 2021. 3031. 3031. 3031. 3031. 3031. 3031. 3031. 3031. 3031.
 3031. 3031. 
 3031. 3031. 3031. 2021. 2021. 2021. 2021. 2021. 3031. 3031. 3031. 3031.
 3031. 3031. 3031. 3031. 3031. 3031. 2021. 2021. 2021. 2021. 2021. 2021.
 2021. 2021. 
 2021.   33.   33.   33.   33.   33.   33.   33.   33.   33.   33.   33.
   33.   33.   33.   33.   33.   33.   33.   33.   33. 2021. 2021. 2021.
 2021. 3031. 
 3031. 3031. 3031. 3031. 2021. 2021. 2021. 2021. 2021. 3031. 3031. 3031.
 3031. 3031. 2021. 2021.   33.   33.   33. 2021. 2021. 2021. 2021. 3031.
 2021. 3031. 
 3031. 3031. 3031. 3031. 3031. 2021. 2021. 3031. 3031. 3031. 3031. 2021.
 2021. 2021.   33.   33.   33.   33.   33.   33.   33.   33.   33.   33.
   33.   33. 
   33.   33.   33.   33. 2021. 2021. 2021. 2021. 3031. 3031. 3031. 3031.
 3031. 3031. 3031. 2021. 2021.   33.   33. 2021. 2021. 2021. 2021. 2021.
 2021. 2021. 
   33.   33.   33.   33.   33.   33. 2021. 2021. 2021. 2021. 2021. 2021.
 2021. 3031. 3031. 3031. 3031. 3031. 3031. 3031. 3031. 3031. 3031. 3031.
 3031. 2021. 
 2021.   33.   33. 2021. 2021. 2021. 2021. 2021. 2021. 2021.   33.   33.
   33.   33. 2021. 2021. 2021. 3031. 3031. 3031. 3031. 3031. 3031. 3031.
 3031. 3031. 
 2021. 2021.   33.   33.   33.   33.   33.   33. 2021. 2021.   33.   33.
   33.   33.   33.   33.   33.   33.   33.   33.   33.   33.   33.   33.
 2021. 2021. 
 2021. 3031. 3031. 3031. 3031. 3031. 3031. 3031. 3031. 3031. 3031. 3031.
 2021. 2021. 2021. 2021. 3031. 3031. 3031. 3031. 3031. 2021. 2021. 2021.
 2021. 2021. 
 2021. 3031. 3031. 3031. 3031. 3031. 3031. 3031. 3031. 3031. 2021. 2021.
   33.   33.   33.   33.   33.   33.   33.   33.   33.   33.   33.   33.
   33.   33. 
   33.   33.   33.   33.   33.   33.   33.   33.   33.   33.   33. 2021.
 2021. 3031. 3031. 3031. 3031. 3031. 2021. 3031. 3031. 3031. 3031. 3031.
 3031. 3031. 
 3031. 3031. 3031. 3031. 3031. 3031. 3031. 3031. 3031. 2021. 3031. 3031.
 3031. 3031. 3031. 3031. 2021. 2021. 2021. 2021. 2021. 2021.   33.   33.
   33.   33. 
   33.   33.   33.   33.   33.   33.   33.   33.   33.   33.   33.   33.
   33.   33.   33.   33.   33.   33.   33.   33.   33.   33.   33.   33.
 2021. 2021. 
 2021. 2021. 2021. 2021. 2021. 2021. 2021. 2021. 3031. 3031. 3031. 3031.
 3031. 3031. 3031. 3031. 3031. 3031. 3031. 3031. 3031. 3031. 3031. 3031.
 3031. 3031. 
 2021. 2021. 2021. 2021. 2021.   33.   33.   33.   33.   33.   33.   33.
   33.   33.   33.   33.   33.   33.   33.   33.   33.   33.   33.   33.
   33.   33. 
   33.   33.   33.   33.   33.   33.   33.   33.   33.   33.   33.   33.
   33. 2021.   33.   33.   33.   33.   33. 2021. 2021. 2021. 3031. 3031.
 3031. 3031. 
 3031. 2021. 2021. 2021. 3031. 3031. 3031. 3031. 3031. 3031. 3031. 2021.
 2021.   33.   33.   33.   33.   33.   33.   33.   33.   33.   33.   33.
   33.   33. 
 33. 33. 33. 33. 33. 33. 33. 33. 33. 33. 33. 33. 33. 33. 33. 33. 33. 33.
 33. 33. 33. 33. 33. 33. 33. 33. 
   33.   33.   33.   33.   33.   33. 2021. 2021. 2021. 2021. 2021. 2021.
 2021. 2021.   33. 2021. 2021. 2021. 2021. 2021. 2021. 2021. 2021. 2021.
   33.   33. 
 33. 33. 33. 33. 33. 33. 33. 33. 33. 33. 33. 33. 33. 33. 33. 33. 33. 33.
 33. 33. 33. 33. 33. 33. 33. 33. 
   33.   33.   33.   33.   33.   33.   33.   33.   33.   33.   33.   33.
   33.   33.   33.   33.   33.   33.   33.   33.   33. 2021. 2021.   33.
   33.   33. 
   33.   33.   33.   33. 2021. 2021. 2021. 2021.   33.   33.   33.   33.
   33.   33.   33.   33.   33.   33.   33.   33.   33.   33.   33.   33.
   33.   33. 
 33. 33. 33. 33. 33. 33. 33. 33. 33. 33. 33. 33. 33. 33. 33. 33. 33. 33.
 33. 33. 33. 33. 33. 33. 33. 33. 
 33. 33. 33. 33. 33. 33. 33. 33. 33. 33. 33. 33. 33. 33. 33. 33. 33. 33.
 33. 33. 33. 33. 33. 33. 33. 33. 
 33. 33. 33. 33. 33. 33. 33. 33. 33. 33. 33. 33. 33. 33. 
/