PERMI
   15.   15.   15.   15.   15.   15. 2488. 3062. 3062. 2488. 2488. 2488.
 2488. 2488. 3062. 3062. 2488.   15.   15.   15. 2488. 2488. 2488. 3062.
 3062. 3062. 
 2488. 2488.   15.   15.   15. 2488. 2488. 3062. 3062. 3062. 3062. 2488.
 2488.   15.   15.   15.   15.   15.   15.   15.   15.   15.   15.   15.
   15.   15. 
   15.   15.   15.   15.   15.   15.   15.   15. 2488. 2488. 3062. 3062.
   15.   15.   15.   15.   15. 2488. 2488. 2488. 2488. 2488. 3062. 3062.
 3062. 3062. 
 3062. 2488. 2488.   15.   15. 2488. 2488. 3062. 3062. 3062. 3062. 3062.
 2488. 2488.   15.   15. 2488. 2488. 3062. 3062. 3062. 2488. 2488. 2488.
   15.   15. 
   15.   15.   15.   15.   15.   15.   15.   15.   15.   15.   15.   15.
   15.   15.   15.   15.   15.   15.   15.   15.   15. 2488. 2488. 2488.
   15.   15. 
   15.   15. 2488. 2488. 2488. 3062. 3062. 3062. 3062. 3062. 3062. 3062.
 3062. 2488. 2488.   15. 2488. 3062. 3062. 3062. 3062. 3062. 3062. 3062.
 2488. 2488. 
   15. 2488. 2488. 3062. 3062. 2488. 2488. 2488.   15.   15.   15.   15.
   15.   15.   15.   15.   15.   15.   15.   15.   15.   15.   15.   15.
   15.   15. 
   15.   15.   15.   15.   15.   15.   15.   15. 2488. 2488.   15.   15.
   15. 2488. 2488. 3062. 3062. 3062. 3062. 3062. 3062. 3062. 3062. 3062.
 3062. 2488. 
   15. 2488. 3062. 3062. 3062. 3062. 3062. 3062. 3062. 2488. 2488.   15.
   15. 2488. 2488. 3062. 3062. 2488.   15.   15.   15.   15.   15.   15.
   15.   15. 
   15.   15.   15.   15.   15.   15.   15.   15.   15.   15.   15.   15.
   15.   15.   15.   15.   15.   15. 2488. 2488. 2488. 2488.   15. 2488.
 2488. 2488. 
 2488. 3062. 3062. 3062. 2488. 2488. 2488. 2488. 2488. 2488. 2488. 2488.
   15. 2488. 3062. 3062. 3062. 2488. 2488. 2488. 2488.   15.   15.   15.
   15. 2488. 
 2488. 3062. 3062. 2488. 2488.   15.   15.   15.   15.   15.   15.   15.
   15.   15.   15.   15.   15.   15.   15.   15.   15.   15.   15.   15.
   15.   15. 
   15.   15.   15. 2488. 2488. 2488. 2488. 2488. 2488. 3062. 3062. 2488.
 3062. 3062. 2488. 2488. 2488.   15.   15.   15.   15.   15.   15.   15.
   15. 2488. 
 3062. 3062. 3062. 2488. 2488.   15.   15.   15.   15.   15.   15.   15.
 2488. 3062. 3062. 3062. 2488. 2488.   15.   15.   15.   15.   15.   15.
   15.   15. 
   15.   15.   15.   15.   15.   15.   15.   15.   15.   15.   15.   15.
   15.   15.   15. 2488. 2488. 3062. 3062. 3062. 3062. 3062. 3062. 2488.
 3062. 3062. 
 3062. 2488. 2488.   15.   15.   15.   15.   15.   15.   15.   15. 2488.
 3062. 3062. 3062. 3062. 2488. 2488. 2488.   15.   15.   15.   15.   15.
 2488. 2488. 
 3062. 3062. 3062. 3062. 2488.   15.   15.   15.   15.   15.   15.   15.
   15.   15.   15.   15.   15.   15.   15.   15.   15.   15.   15.   15.
   15.   15. 
 2488. 2488. 3062. 3062. 3062. 3062. 3062. 3062. 2488. 2488. 2488. 3062.
 3062. 3062. 2488. 2488.   15.   15.   15.   15.   15.   15.   15.   15.
 2488. 3062. 
 3062. 3062. 3062. 3062. 2488. 2488.   15.   15.   15.   15.   15. 2488.
 2488. 3062. 3062. 3062. 3062. 2488.   15.   15.   15.   15.   15.   15.
   15.   15. 
   15.   15.   15.   15.   15.   15.   15.   15.   15.   15.   15.   15.
 2488. 2488. 3062. 3062. 3062. 2488. 3062. 3062. 3062. 3062. 2488. 2488.
 3062. 3062. 
 3062. 2488. 2488.   15.   15.   15.   15.   15.   15.   15. 2488. 2488.
 3062. 3062. 3062. 3062. 3062. 2488.   15.   15.   15.   15.   15.   15.
 2488. 2488. 
 3062. 3062. 3062. 2488. 2488.   15.   15.   15.   15.   15.   15.   15.
   15.   15.   15.   15.   15.   15.   15.   15.   15.   15.   15.   15.
 2488. 2488. 
 3062. 3062. 3062. 2488. 2488. 2488. 2488. 2488. 3062. 2488. 3062. 3062.
 3062. 3062. 2488.   15.   15.   15.   15.   15.   15.   15.   15.   15.
 2488. 2488. 
 3062. 3062. 3062. 2488. 2488.   15.   15.   15.   15.   15.   15. 2488.
 2488. 3062. 3062. 3062. 2488.   15.   15.   15.   15.   15.   15.   15.
   15.   15. 
   15.   15.   15.   15.   15.   15.   15.   15.   15.   15.   15. 2488.
 2488. 3062. 3062. 2488. 2488. 2488. 2488. 2488. 2488. 2488. 2488. 3062.
 3062. 3062. 
 2488. 2488.   15.   15.   15.   15.   15.   15.   15.   15. 2488. 2488.
 3062. 3062. 3062. 2488. 2488.   15.   15. 2488. 2488. 2488. 2488. 2488.
 2488. 3062. 
 3062. 3062. 2488.   15.   15.   15.   15.   15.   15.   15.   15.   15.
   15.   15.   15.   15.   15.   15.   15.   15.   15.   15.   15.   15.
 2488. 2488. 
 2488. 2488. 3062. 3062. 3062. 3062. 3062. 3062. 2488. 2488. 3062. 3062.
 2488. 2488.   15.   15.   15.   15.   15.   15.   15. 2488. 2488. 3062.
 3062. 3062. 
 3062. 2488. 2488.   15. 2488. 2488. 2488. 3062. 3062. 3062. 3062. 3062.
 3062. 3062. 2488.   15.   15.   15.   15.   15.   15.   15.   15.   15.
   15.   15. 
   15.   15.   15.   15.   15.   15.   15.   15.   15. 2488. 2488. 2488.
 3062. 3062. 3062. 3062. 3062. 3062. 3062. 3062. 3062. 3062. 3062. 3062.
 2488. 2488. 
   15.   15.   15.   15.   15. 2488. 2488. 3062. 3062. 3062. 3062. 3062.
 2488. 2488.   15. 2488. 2488. 3062. 3062. 3062. 3062. 3062. 3062. 3062.
 3062. 2488. 
 2488.   15.   15.   15.   15.   15.   15.   15.   15.   15.   15.   15.
   15.   15.   15.   15.   15.   15. 2488. 2488. 2488. 2488. 2488. 2488.
 3062. 3062. 
 3062. 2488. 2488. 2488. 2488. 3062. 3062. 3062. 3062. 2488. 2488.   15.
   15.   15.   15.   15. 2488. 2488. 3062. 3062. 3062. 3062. 3062. 2488.
 2488.   15. 
   15. 2488. 2488. 3062. 3062. 3062. 3062. 3062. 2488. 2488. 2488. 2488.
   15.   15.   15.   15.   15.   15.   15.   15.   15.   15.   15.   15.
   15.   15. 
   15.   15.   15. 2488. 2488. 2488. 3062. 3062. 3062. 2488. 3062. 3062.
 3062. 3062. 2488. 2488. 2488. 2488. 2488. 2488. 2488. 2488.   15.   15.
   15.   15. 
   15. 2488. 2488. 3062. 3062. 3062. 3062. 2488. 2488. 2488.   15.   15.
   15. 2488. 2488. 3062. 3062. 3062. 2488. 2488. 2488. 2488.   15.   15.
   15.   15. 
   15.   15.   15.   15.   15.   15.   15.   15.   15.   15.   15.   15.
   15.   15. 2488. 2488. 3062. 3062. 3062. 3062. 3062. 2488. 3062. 3062.
 3062. 3062. 
 2488. 2488. 3062. 3062. 3062. 2488. 2488.   15.   15.   15.   15.   15.
   15. 2488. 3062. 3062. 3062. 3062. 2488. 2488.   15.   15.   15.   15.
   15.   15. 
 2488. 3062. 3062. 3062. 3062. 2488.   15.   15.   15.   15.   15.   15.
   15.   15.   15.   15.   15.   15.   15.   15.   15.   15.   15.   15.
   15. 2488. 
 2488. 3062. 3062. 3062. 3062. 3062. 2488. 2488. 2488. 3062. 3062. 3062.
 3062. 2488. 3062. 3062. 2488. 2488.   15.   15.   15.   15.   15.   15.
   15. 2488. 
 3062. 3062. 3062. 2488.   15.   15.   15.   15. 2488. 2488. 2488. 2488.
 2488. 2488. 3062. 3062. 3062. 2488. 2488.   15.   15.   15.   15.   15.
   15.   15. 
   15.   15.   15.   15.   15.   15.   15.   15.   15.   15.   15. 2488.
 2488. 3062. 3062. 3062. 2488. 2488. 2488. 2488. 2488. 3062. 3062. 3062.
 3062. 2488. 
 2488. 2488. 2488.   15.   15.   15.   15.   15.   15.   15.   15. 2488.
 3062. 3062. 3062. 2488.   15.   15.   15. 2488. 2488. 3062. 3062. 3062.
 3062. 2488. 
 2488. 3062. 3062. 3062. 2488.   15.   15.   15.   15.   15.   15.   15.
   15.   15.   15.   15.   15.   15.   15.   15.   15.   15.   15. 2488.
 2488. 3062. 
 3062. 3062. 2488. 2488. 2488. 2488. 2488. 3062. 2488. 3062. 3062. 2488.
 2488.   15.   15.   15.   15.   15.   15.   15.   15.   15.   15. 2488.
 3062. 3062. 
 3062. 2488.   15.   15.   15. 2488. 2488. 3062. 3062. 3062. 3062. 3062.
 3062. 3062. 3062. 3062. 2488.   15.   15.   15.   15.   15.   15.   15.
   15.   15. 
   15.   15.   15.   15.   15.   15.   15.   15.   15.   15. 2488. 2488.
 3062. 2488. 2488. 2488. 3062. 3062. 3062. 3062. 3062. 3062. 3062. 2488.
 2488.   15. 
   15.   15.   15.   15.   15.   15.   15.   15.   15. 2488. 2488. 3062.
 3062. 3062. 2488.   15.   15.   15. 2488. 3062. 3062. 3062. 3062. 3062.
 3062. 3062. 
 3062. 2488. 2488.   15.   15.   15.   15.   15.   15.   15.   15.   15.
   15.   15.   15.   15.   15.   15.   15.   15.   15.   15. 2488. 2488.
 2488. 2488. 
 3062. 3062. 3062. 3062. 3062. 3062. 3062. 3062. 3062. 2488. 2488.   15.
   15.   15.   15.   15.   15.   15.   15.   15.   15.   15. 2488. 3062.
 3062. 3062. 
 2488. 2488.   15.   15. 2488. 2488. 3062. 3062. 3062. 2488. 2488. 2488.
 2488. 2488.   15.   15.   15.   15.   15.   15.   15.   15.   15.   15.
   15.   15. 
   15.   15.   15.   15.   15.   15.   15.   15.   15. 2488. 2488. 3062.
 3062. 3062. 3062. 3062. 2488. 2488. 3062. 3062. 2488. 2488.   15.   15.
   15.   15. 
   15.   15.   15.   15.   15.   15.   15.   15. 2488. 2488. 3062. 3062.
 3062. 2488.   15.   15.   15. 2488. 2488. 3062. 3062. 3062. 2488. 2488.
 2488.   15. 
   15.   15.   15.   15.   15.   15.   15.   15.   15.   15.   15.   15.
   15.   15.   15.   15.   15.   15.   15. 2488. 2488. 2488. 3062. 3062.
 2488. 2488. 
 2488. 2488. 2488.   15. 2488. 2488. 2488. 2488. 2488.   15.   15.   15.
   15.   15.   15.   15. 2488. 2488. 2488. 2488. 2488. 2488. 3062. 3062.
 3062. 2488. 
   15.   15.   15.   15. 2488. 2488. 3062. 3062. 3062. 2488.   15.   15.
   15.   15.   15.   15.   15.   15.   15.   15.   15.   15.   15.   15.
   15.   15. 
   15.   15.   15.   15. 2488. 2488. 2488. 2488. 2488. 3062. 2488. 2488.
 2488. 2488.   15.   15. 2488. 3062. 3062. 3062. 2488.   15.   15.   15.
   15.   15. 
   15. 2488. 2488. 3062. 3062. 3062. 3062. 3062. 3062. 3062. 3062. 2488.
   15.   15.   15. 2488. 2488. 2488. 3062. 3062. 3062. 2488.   15.   15.
   15.   15. 
   15.   15.   15.   15.   15.   15.   15.   15.   15.   15.   15.   15.
   15.   15.   15. 2488. 2488. 2488. 3062. 3062. 2488. 3062. 3062. 3062.
 2488. 2488. 
   15.   15. 2488. 3062. 3062. 3062. 2488. 2488.   15.   15.   15.   15.
   15. 2488. 3062. 3062. 3062. 3062. 3062. 3062. 3062. 3062. 2488. 2488.
   15. 2488. 
 2488. 2488. 2488. 3062. 3062. 3062. 2488. 2488.   15.   15.   15.   15.
   15.   15.   15.   15.   15.   15.   15.   15.   15.   15.   15.   15.
   15.   15. 
   15. 2488. 2488. 3062. 3062. 3062. 3062. 2488. 3062. 3062. 3062. 2488.
   15.   15. 3062. 3062. 3062. 3062. 2488. 2488.   15.   15.   15.   15.
 2488. 3062. 
 3062. 3062. 3062. 3062. 3062. 3062. 2488. 2488. 2488.   15. 2488. 2488.
 3062. 3062. 3062. 3062. 3062. 2488. 2488.   15.   15.   15.   15.   15.
   15.   15. 
   15.   15.   15.   15.   15.   15.   15.   15.   15.   15.   15.   15.
   15. 2488. 3062. 3062. 3062. 2488. 2488. 2488. 2488. 3062. 3062. 3062.
 2488.   15. 
 2488. 2488. 3062. 3062. 2488.   15.   15.   15.   15.   15.   15. 2488.
 3062. 3062. 3062. 2488. 2488. 2488. 2488. 2488.   15.   15. 2488. 3062.
 3062. 3062. 
 3062. 3062. 2488. 2488.   15.   15.   15.   15.   15.   15.   15.   15.
   15.   15.   15.   15.   15.   15.   15.   15.   15.   15.   15.   15.
   15. 2488. 
 2488. 3062. 3062. 2488. 2488. 2488. 2488. 2488. 3062. 3062. 2488.   15.
 3062. 2488. 2488. 2488. 2488.   15.   15.   15.   15.   15.   15. 2488.
 3062. 3062. 
 3062. 3062. 2488. 2488. 2488.   15.   15.   15. 2488. 3062. 3062. 2488.
 2488. 2488. 2488.   15.   15.   15.   15.   15.   15.   15.   15.   15.
   15.   15. 
   15.   15.   15.   15.   15.   15.   15.   15.   15.   15.   15.   15.
 2488. 2488. 2488. 2488. 3062. 3062. 3062. 2488. 3062. 3062. 2488.   15.
 3062. 3062. 
 2488.   15.   15.   15.   15.   15.   15.   15.   15. 2488. 2488. 3062.
 3062. 3062. 3062. 3062. 2488.   15.   15.   15. 2488. 3062. 3062. 2488.
 2488.   15. 
   15.   15.   15.   15.   15.   15.   15.   15.   15.   15.   15.   15.
   15.   15.   15.   15.   15.   15.   15.   15.   15.   15.   15.   15.
   15. 2488. 
 2488. 3062. 3062. 2488. 2488. 3062. 2488. 2488. 2488. 2488. 3062. 3062.
 2488.   15.   15.   15.   15.   15.   15.   15. 2488. 2488. 2488. 2488.
 3062. 3062. 
 3062. 3062. 3062. 2488.   15.   15. 2488. 3062. 3062. 3062. 2488.   15.
   15.   15.   15.   15.   15.   15.   15.   15.   15.   15.   15.   15.
   15.   15. 
   15.   15.   15.   15.   15.   15.   15.   15.   15.   15.   15. 2488.
 3062. 3062. 3062. 2488. 3062. 3062. 3062. 3062. 3062. 3062. 3062. 3062.
 2488.   15. 
   15.   15.   15.   15.   15. 2488. 3062. 3062. 3062. 3062. 3062. 3062.
 3062. 3062. 3062. 2488.   15.   15.   15. 2488. 3062. 3062. 3062. 2488.
   15.   15. 
   15.   15.   15.   15.   15.   15.   15.   15.   15.   15.   15.   15.
   15.   15.   15.   15.   15.   15.   15.   15.   15.   15.   15. 2488.
 3062. 3062. 
 2488. 2488. 3062. 3062. 3062. 3062. 3062. 3062. 2488. 2488.   15.   15.
   15.   15.   15.   15. 2488. 2488. 3062. 3062. 3062. 3062. 3062. 3062.
 3062. 3062. 
 2488. 2488.   15.   15.   15. 2488. 2488. 3062. 3062. 2488. 2488.   15.
   15.   15.   15.   15.   15.   15.   15.   15.   15.   15.   15.   15.
   15.   15. 
   15.   15.   15.   15.   15.   15.   15.   15.   15. 2488. 3062. 3062.
 2488. 3062. 3062. 2488. 2488. 2488. 2488. 2488. 2488.   15.   15.   15.
   15.   15. 
   15.   15. 2488. 2488. 3062. 3062. 3062. 2488. 2488. 3062. 3062. 2488.
 2488.   15.   15.   15.   15.   15. 2488. 3062. 3062. 3062. 2488.   15.
   15.   15. 
   15.   15.   15.   15.   15.   15.   15.   15.   15.   15.   15.   15.
   15.   15.   15.   15.   15.   15.   15.   15.   15. 2488. 2488. 2488.
 2488. 3062. 
 3062. 3062. 2488. 2488.   15.   15.   15.   15.   15.   15.   15.   15.
   15.   15. 2488. 2488. 3062. 3062. 3062. 3062. 2488. 2488. 2488. 2488.
 2488. 2488. 
 2488. 2488. 2488. 2488. 2488. 3062. 3062. 3062. 2488.   15.   15.   15.
   15.   15.   15.   15.   15.   15.   15.   15.   15.   15.   15.   15.
   15.   15. 
   15.   15.   15.   15.   15.   15. 2488. 2488. 2488. 2488. 2488. 2488.
 3062. 3062. 2488. 2488.   15.   15.   15.   15.   15.   15.   15.   15.
   15.   15. 
   15. 2488. 2488. 3062. 3062. 3062. 2488. 2488.   15. 2488. 2488. 3062.
 3062. 3062. 3062. 3062. 3062. 3062. 3062. 3062. 2488.   15.   15.   15.
   15.   15. 
   15.   15.   15.   15.   15.   15.   15.   15.   15.   15.   15.   15.
   15.   15.   15.   15.   15.   15. 2488. 2488. 2488. 3062. 3062. 2488.
 3062. 3062. 
 2488. 2488.   15.   15. 2488.   15.   15.   15.   15.   15.   15.   15.
   15.   15. 2488. 2488. 3062. 3062. 3062. 2488. 2488. 2488. 3062. 3062.
 3062. 3062. 
 3062. 3062. 3062. 3062. 3062. 2488. 2488.   15.   15.   15.   15.   15.
   15.   15.   15.   15.   15.   15.   15.   15.   15.   15.   15.   15.
   15.   15. 
   15.   15.   15. 2488. 2488. 3062. 3062. 3062. 3062. 2488. 3062. 3062.
 2488. 2488.   15.   15. 2488. 2488.   15.   15.   15.   15.   15.   15.
   15.   15. 
   15. 2488. 3062. 3062. 3062. 3062. 2488. 2488. 3062. 3062. 2488. 2488.
 2488. 2488. 2488. 2488. 2488. 2488.   15.   15.   15.   15.   15.   15.
   15.   15. 
   15.   15.   15.   15.   15.   15.   15.   15.   15.   15.   15.   15.
   15.   15.   15. 2488. 2488. 3062. 3062. 3062. 3062. 2488. 3062. 3062.
 2488. 2488. 
   15.   15. 3062. 2488. 2488.   15.   15.   15.   15.   15.   15.   15.
   15.   15. 2488. 3062. 3062. 3062. 2488. 3062. 3062. 3062. 2488. 2488.
 2488. 2488. 
 2488.   15.   15.   15.   15.   15.   15.   15.   15.   15.   15.   15.
   15.   15.   15.   15.   15.   15.   15.   15.   15.   15.   15.   15.
   15.   15. 
   15. 2488. 2488. 3062. 3062. 2488. 2488. 2488. 2488. 3062. 3062. 2488.
   15.   15. 3062. 2488. 2488.   15.   15.   15.   15.   15. 2488. 2488.
 2488. 2488. 
 2488. 3062. 3062. 3062. 2488. 2488. 3062. 2488. 2488.   15.   15.   15.
   15.   15.   15.   15.   15.   15.   15.   15.   15.   15.   15.   15.
   15.   15. 
   15.   15.   15.   15.   15.   15.   15.   15.   15.   15.   15.   15.
   15. 2488. 2488. 2488. 2488. 2488. 2488. 2488. 2488. 3062. 3062. 2488.
   15.   15. 
 3062. 3062. 2488.   15.   15.   15. 2488. 2488. 2488. 3062. 3062. 3062.
 3062. 3062. 3062. 3062. 2488. 2488. 3062. 2488. 2488.   15.   15.   15.
   15.   15. 
   15.   15.   15.   15.   15.   15.   15.   15.   15.   15.   15.   15.
   15.   15.   15.   15.   15.   15.   15.   15.   15.   15.   15.   15.
 2488. 3062. 
 3062. 3062. 3062. 3062. 3062. 3062. 3062. 2488. 2488. 2488.   15.   15.
 3062. 3062. 2488.   15.   15. 2488. 2488. 3062. 3062. 3062. 3062. 3062.
 3062. 3062. 
 3062. 2488. 2488. 3062. 3062. 2488. 2488.   15.   15.   15.   15.   15.
   15.   15.   15.   15.   15.   15.   15.   15.   15.   15.   15.   15.
   15.   15. 
   15.   15.   15.   15.   15.   15.   15.   15.   15. 2488. 2488. 3062.
 3062. 3062. 3062. 3062. 3062. 3062. 3062. 2488. 2488.   15.   15.   15.
 3062. 2488. 
 2488.   15.   15. 2488. 2488. 3062. 3062. 3062. 2488. 2488. 2488. 2488.
 2488. 2488. 2488. 3062. 3062. 2488. 2488.   15.   15.   15.   15.   15.
   15.   15. 
   15.   15.   15.   15.   15.   15.   15.   15.   15.   15.   15.   15.
   15.   15.   15.   15.   15.   15.   15.   15. 2488. 2488. 2488. 3062.
 3062. 3062. 
 3062. 3062. 2488. 2488. 2488. 2488. 2488.   15.   15.   15. 2488. 2488.
   15.   15.   15. 2488. 2488. 3062. 3062. 2488. 2488. 2488. 3062. 3062.
 3062. 3062. 
 3062. 3062. 3062. 2488.   15.   15.   15.   15.   15.   15.   15.   15.
   15.   15.   15.   15.   15.   15.   15.   15.   15.   15.   15.   15.
   15.   15. 
   15.   15.   15.   15.   15. 2488. 2488. 2488. 2488. 3062. 3062. 2488.
 2488. 2488. 3062. 3062. 2488. 2488. 2488.   15.   15.   15.   15.   15.
   15.   15. 
   15.   15. 2488. 3062. 3062. 2488. 3062. 3062. 3062. 3062. 3062. 3062.
 3062. 3062. 3062. 2488.   15.   15.   15.   15.   15.   15.   15.   15.
   15.   15. 
   15.   15.   15.   15.   15.   15.   15.   15.   15.   15.   15.   15.
   15.   15.   15.   15.   15. 2488. 2488. 3062. 2488. 3062. 3062. 2488.
 2488. 2488. 
 3062. 3062. 3062. 2488.   15.   15.   15.   15.   15.   15.   15.   15.
   15.   15. 2488. 2488. 2488. 2488. 3062. 3062. 3062. 3062. 3062. 2488.
 2488. 2488. 
 2488.   15.   15.   15.   15.   15.   15.   15.   15.   15.   15.   15.
   15.   15.   15.   15.   15.   15.   15.   15.   15.   15.   15.   15.
   15.   15. 
   15.   15. 2488. 2488. 3062. 2488. 2488. 3062. 3062. 2488. 3062. 3062.
 3062. 3062. 2488. 2488.   15.   15.   15.   15.   15.   15.   15.   15.
   15.   15. 
   15. 2488. 2488. 2488. 3062. 3062. 2488. 2488. 2488. 2488.   15. 2488.
   15.   15.   15.   15.   15.   15.   15.   15.   15.   15.   15.   15.
   15.   15. 
   15.   15.   15.   15.   15.   15.   15.   15.   15.   15.   15.   15.
   15.   15. 2488. 2488. 3062. 2488. 2488. 3062. 3062. 2488. 3062. 3062.
 3062. 2488. 
 2488.   15.   15.   15.   15.   15.   15.   15.   15.   15.   15.   15.
   15. 2488. 2488. 2488. 3062. 3062. 3062. 2488.   15.   15.   15.   15.
   15.   15. 
 15. 15. 15. 15. 15. 15. 15. 15. 15. 15. 15. 15. 15. 15. 15. 15. 15. 15.
 15. 15. 15. 15. 15. 15. 15. 15. 
 2488. 2488. 2488. 2488. 2488. 3062. 3062. 2488. 3062. 2488. 2488. 2488.
   15.   15.   15.   15.   15.   15.   15.   15.   15.   15.   15.   15.
   15. 2488. 
 2488. 2488. 3062. 3062. 3062. 2488. 2488.   15.   15.   15.   15.   15.
   15.   15.   15.   15.   15.   15.   15.   15.   15.   15.   15.   15.
   15.   15. 
   15.   15.   15.   15.   15.   15.   15.   15. 2488. 2488. 2488. 2488.
 2488. 2488. 2488. 2488. 2488. 3062. 3062. 2488. 2488. 2488.   15.   15.
   15.   15. 
   15.   15.   15.   15.   15.   15.   15.   15.   15.   15. 2488. 2488.
 3062. 2488. 2488. 3062. 3062. 3062. 2488. 2488.   15.   15.   15.   15.
   15.   15. 
   15.   15.   15.   15.   15.   15.   15.   15.   15.   15.   15.   15.
   15.   15.   15.   15.   15.   15.   15. 2488. 3062. 3062. 3062. 3062.
 3062. 3062. 
 2488. 3062. 2488. 3062. 3062. 2488.   15.   15.   15.   15.   15.   15.
   15.   15.   15.   15. 2488.   15.   15.   15. 2488. 2488. 2488. 3062.
 3062. 3062. 
 2488. 2488. 3062. 3062. 3062. 2488. 2488.   15.   15.   15.   15.   15.
   15.   15.   15.   15.   15.   15.   15.   15.   15.   15.   15.   15.
   15.   15. 
   15.   15.   15.   15. 2488. 2488. 3062. 3062. 3062. 3062. 3062. 3062.
 3062. 3062. 3062. 3062. 3062. 2488. 2488.   15.   15.   15.   15.   15.
   15.   15. 
   15.   15. 2488.   15. 2488. 2488. 2488. 3062. 3062. 3062. 3062. 3062.
 2488. 2488. 2488. 3062. 3062. 3062. 2488.   15.   15.   15.   15.   15.
   15.   15. 
   15.   15.   15.   15.   15.   15.   15.   15.   15.   15.   15.   15.
   15.   15.   15. 2488. 2488. 3062. 3062. 3062. 2488. 2488. 2488. 2488.
 2488. 3062. 
 3062. 3062. 2488. 2488. 2488.   15.   15.   15.   15.   15.   15.   15.
   15.   15.   15.   15. 2488. 2488. 3062. 3062. 3062. 3062. 2488. 2488.
 2488. 2488. 
 2488. 3062. 3062. 3062. 2488.   15.   15.   15.   15.   15.   15.   15.
   15.   15.   15.   15.   15.   15.   15.   15.   15.   15.   15.   15.
   15.   15. 
   15. 2488. 2488. 3062. 3062. 3062. 2488. 2488. 2488. 2488. 2488. 2488.
 2488. 2488. 2488. 3062. 2488.   15.   15.   15.   15.   15.   15.   15.
   15.   15. 
   15. 2488. 2488. 3062. 3062. 3062. 3062. 2488. 2488. 2488. 2488. 2488.
 3062. 3062. 3062. 2488. 2488.   15.   15.   15.   15.   15.   15.   15.
   15.   15. 
   15.   15.   15.   15.   15.   15.   15.   15.   15.   15.   15.   15.
 2488. 2488. 2488. 2488. 3062. 3062. 2488. 3062. 3062. 3062. 3062. 3062.
 2488. 2488. 
 3062. 2488. 2488.   15.   15.   15.   15.   15.   15.   15.   15.   15.
   15.   15. 2488. 3062. 3062. 3062. 2488. 2488.   15. 2488. 2488. 3062.
 3062. 3062. 
 2488. 2488.   15.   15.   15.   15.   15.   15.   15.   15.   15.   15.
   15.   15.   15.   15.   15.   15.   15.   15.   15.   15.   15.   15.
 2488. 2488. 
 3062. 2488. 3062. 3062. 3062. 2488. 3062. 3062. 3062. 3062. 3062. 3062.
 3062. 3062. 2488.   15.   15.   15.   15.   15.   15.   15.   15.   15.
   15.   15. 
 2488. 3062. 3062. 3062. 3062. 2488. 2488. 2488. 3062. 3062. 3062. 2488.
 2488.   15.   15.   15.   15.   15.   15.   15.   15.   15.   15.   15.
   15.   15. 
   15.   15.   15.   15.   15.   15.   15.   15.   15.   15. 2488. 2488.
 3062. 3062. 2488. 3062. 3062. 3062. 2488. 2488. 2488. 2488. 3062. 3062.
 2488. 2488. 
 2488.   15.   15.   15.   15.   15.   15.   15.   15.   15.   15.   15.
 2488. 2488. 3062. 3062. 3062. 3062. 2488. 3062. 3062. 3062. 2488. 2488.
   15.   15. 
   15.   15.   15.   15.   15.   15.   15.   15.   15.   15.   15.   15.
   15.   15.   15.   15.   15.   15.   15.   15.   15.   15.   15. 2488.
 2488. 3062. 
 2488. 3062. 3062. 3062. 2488. 2488. 2488. 2488. 2488. 2488. 2488. 2488.
   15.   15.   15.   15.   15.   15.   15.   15.   15.   15.   15.   15.
   15. 2488. 
 2488. 2488. 3062. 3062. 2488. 2488. 3062. 3062. 2488. 2488.   15.   15.
   15.   15.   15.   15.   15.   15.   15.   15.   15.   15.   15.   15.
   15.   15. 
   15.   15.   15.   15.   15. 2488. 2488. 2488. 2488. 2488. 2488. 2488.
 2488. 2488. 3062. 3062. 3062. 2488.   15.   15.   15.   15.   15.   15.
   15.   15. 
   15.   15.   15.   15.   15.   15.   15.   15.   15.   15.   15.   15.
   15. 2488. 2488. 3062. 2488. 2488. 3062. 3062. 3062. 2488. 2488. 2488.
   15.   15. 
   15.   15.   15.   15.   15.   15.   15.   15.   15.   15.   15.   15.
   15.   15.   15.   15. 2488. 2488. 2488. 2488. 2488. 2488. 2488. 2488.
 2488. 2488. 
 3062. 3062. 3062. 2488. 2488.   15.   15.   15.   15.   15.   15.   15.
   15.   15.   15.   15.   15.   15.   15.   15.   15.   15. 2488. 2488.
 2488. 2488. 
 3062. 3062. 3062. 2488. 2488. 3062. 3062. 3062. 3062. 2488. 2488.   15.
   15.   15.   15.   15.   15.   15.   15.   15.   15.   15.   15.   15.
   15.   15. 
   15. 2488. 2488. 2488. 2488. 2488. 2488. 2488. 2488. 3062. 3062. 3062.
 3062. 3062. 2488. 3062. 2488.   15.   15.   15.   15.   15.   15.   15.
   15.   15. 
   15.   15.   15.   15.   15.   15.   15. 2488. 2488. 3062. 3062. 3062.
 3062. 3062. 3062. 3062. 2488. 2488. 3062. 3062. 3062. 3062. 2488.   15.
   15.   15. 
   15.   15.   15.   15.   15.   15.   15.   15.   15.   15.   15.   15.
   15. 2488. 2488. 2488. 3062. 3062. 3062. 3062. 3062. 3062. 3062. 3062.
 3062. 3062. 
 2488. 3062. 2488.   15.   15.   15.   15.   15.   15.   15.   15.   15.
   15.   15.   15.   15.   15.   15.   15. 2488. 3062. 3062. 3062. 3062.
 3062. 3062. 
 2488. 2488. 2488. 2488. 2488. 3062. 3062. 3062. 2488. 2488.   15.   15.
   15.   15.   15.   15.   15.   15.   15.   15.   15.   15.   15.   15.
   15. 2488. 
 2488. 3062. 3062. 3062. 3062. 3062. 3062. 3062. 3062. 3062. 2488. 2488.
 3062. 3062. 2488.   15.   15.   15.   15.   15.   15.   15.   15.   15.
   15.   15. 
   15.   15.   15.   15. 2488. 2488. 3062. 3062. 3062. 2488. 2488. 2488.
 2488. 2488. 3062. 3062. 3062. 3062. 3062. 3062. 2488.   15.   15.   15.
   15.   15. 
   15.   15.   15.   15.   15.   15.   15.   15.   15.   15.   15. 2488.
 2488. 3062. 3062. 3062. 2488. 2488. 2488. 2488. 2488. 2488. 2488. 3062.
 3062. 3062. 
 2488.   15.   15.   15.   15.   15.   15.   15.   15.   15.   15.   15.
   15.   15.   15.   15. 2488. 2488. 3062. 3062. 3062. 3062. 3062. 2488.
 2488. 3062. 
 3062. 3062. 3062. 3062. 3062. 2488. 2488.   15.   15.   15.   15.   15.
   15.   15.   15.   15.   15.   15.   15.   15.   15.   15.   15. 2488.
 3062. 3062. 
 3062. 2488. 2488. 3062. 2488. 2488. 2488. 3062. 3062. 3062. 3062. 2488.
 2488.   15.   15.   15.   15.   15.   15.   15.   15.   15.   15.   15.
   15.   15. 
   15.   15.   15. 2488. 2488. 3062. 3062. 3062. 3062. 2488. 3062. 3062.
 3062. 3062. 2488. 2488. 2488. 2488.   15.   15.   15.   15.   15.   15.
   15.   15. 
   15.   15.   15.   15.   15.   15.   15.   15.   15. 2488. 3062. 3062.
 3062. 2488. 3062. 3062. 2488. 2488. 3062. 3062. 3062. 2488. 2488. 2488.
   15.   15. 
 15. 15. 15. 15. 15. 15. 15. 15. 15. 15. 15. 15. 15. 15. 
/