PERMI
 31. 31. 31. 31. 31. 31. 31. 31. 31. 31. 31. 31. 31. 31. 31. 31. 31. 31.
 31. 31. 31. 31. 31. 31. 31. 31. 
   31.   31.   31.   31. 2855. 2855. 3949. 3949. 3949. 2855.   31.   31.
 2855. 2855. 3949. 3949. 3949. 3949. 3949. 2855. 2855. 2855. 3949. 3949.
 3949. 2855. 
 31. 31. 31. 31. 31. 31. 31. 31. 31. 31. 31. 31. 31. 31. 31. 31. 31. 31.
 31. 31. 31. 31. 31. 31. 31. 31. 
   31.   31.   31.   31.   31.   31.   31.   31.   31.   31.   31.   31.
   31.   31.   31.   31.   31. 2855. 3949. 3949. 2855.   31.   31.   31.
   31. 2855. 
 2855. 3949. 3949. 3949. 2855. 2855.   31. 2855. 3949. 3949. 3949. 2855.
   31.   31.   31.   31.   31.   31.   31.   31.   31.   31.   31.   31.
   31.   31. 
 31. 31. 31. 31. 31. 31. 31. 31. 31. 31. 31. 31. 31. 31. 31. 31. 31. 31.
 31. 31. 31. 31. 31. 31. 31. 31. 
   31.   31.   31. 2855. 3949. 3949. 2855.   31.   31.   31.   31. 2855.
 2855. 2855. 2855. 2855. 2855.   31.   31. 2855. 3949. 3949. 3949. 2855.
   31.   31. 
   31.   31. 2855.   31.   31.   31.   31.   31.   31.   31.   31.   31.
   31.   31.   31.   31.   31.   31.   31.   31.   31.   31.   31.   31.
   31.   31. 
   31.   31.   31.   31.   31.   31.   31.   31.   31.   31.   31.   31.
   31.   31. 2855. 3949. 3949. 3949. 2855.   31.   31.   31.   31.   31.
   31.   31. 
   31.   31.   31.   31.   31. 2855. 3949. 3949. 3949. 2855. 2855. 2855.
 2855. 2855. 2855. 2855.   31.   31.   31.   31.   31.   31.   31.   31.
   31.   31. 
 31. 31. 31. 31. 31. 31. 31. 31. 31. 31. 31. 31. 31. 31. 31. 31. 31. 31.
 31. 31. 31. 31. 31. 31. 31. 31. 
 2855. 3949. 3949. 3949. 2855.   31.   31.   31.   31.   31.   31.   31.
   31.   31.   31.   31.   31. 2855. 3949. 3949. 3949. 3949. 3949. 3949.
 3949. 3949. 
 3949. 3949. 2855. 2855.   31.   31.   31.   31.   31.   31.   31.   31.
   31.   31.   31.   31.   31.   31.   31.   31.   31.   31.   31.   31.
   31.   31. 
   31.   31.   31.   31.   31.   31.   31.   31.   31.   31.   31.   31.
 2855. 3949. 3949. 2855.   31.   31.   31.   31.   31.   31.   31.   31.
   31.   31. 
   31.   31.   31. 2855. 2855. 3949. 3949. 3949. 3949. 3949. 3949. 3949.
 3949. 3949. 3949. 2855.   31.   31.   31.   31.   31.   31.   31.   31.
   31.   31. 
   31.   31.   31.   31.   31.   31.   31.   31.   31.   31.   31.   31.
   31.   31.   31.   31.   31.   31.   31.   31.   31.   31.   31.   31.
 2855. 3949. 
 3949. 3949. 2855. 2855. 2855.   31.   31.   31.   31.   31.   31.   31.
   31.   31.   31.   31. 2855. 2855. 3949. 3949. 3949. 2855. 2855. 2855.
 2855. 3949. 
 3949. 2855. 2855.   31.   31.   31. 2855.   31.   31.   31.   31.   31.
   31.   31.   31.   31.   31.   31.   31.   31.   31.   31.   31.   31.
   31.   31. 
   31.   31.   31.   31.   31.   31.   31.   31.   31.   31. 2855. 3949.
 3949. 3949. 3949. 3949. 3949. 2855. 2855.   31.   31.   31.   31.   31.
   31.   31. 
   31.   31.   31. 2855. 2855. 2855. 2855. 2855.   31.   31. 2855. 3949.
 3949. 2855. 2855.   31.   31.   31. 3949. 2855.   31.   31.   31.   31.
   31.   31. 
   31.   31.   31.   31.   31.   31.   31.   31.   31.   31.   31.   31.
   31.   31.   31.   31.   31.   31.   31.   31.   31.   31. 2855. 2855.
 3949. 3949. 
 3949. 3949. 3949. 3949. 3949. 2855.   31.   31.   31.   31.   31.   31.
   31.   31.   31.   31.   31.   31.   31.   31.   31. 2855. 2855. 3949.
 3949. 2855. 
   31.   31.   31.   31. 3949. 2855.   31.   31.   31.   31.   31.   31.
   31.   31.   31.   31.   31.   31.   31.   31.   31.   31.   31.   31.
   31.   31. 
   31.   31.   31.   31.   31.   31.   31.   31.   31.   31. 2855. 2855.
 2855. 3949. 3949. 3949. 3949. 3949. 2855.   31.   31.   31.   31.   31.
   31.   31. 
   31.   31.   31.   31.   31.   31.   31. 2855. 3949. 3949. 3949. 2855.
   31.   31.   31.   31. 3949. 2855.   31.   31.   31.   31.   31.   31.
   31.   31. 
   31.   31.   31.   31.   31.   31.   31.   31.   31.   31.   31.   31.
   31.   31.   31.   31.   31.   31.   31.   31.   31.   31.   31.   31.
   31. 2855. 
 2855. 3949. 3949. 3949. 2855.   31.   31.   31.   31.   31.   31.   31.
   31.   31.   31.   31.   31.   31. 2855. 2855. 3949. 3949. 3949. 2855.
   31.   31. 
   31.   31. 2855.   31.   31.   31.   31.   31.   31.   31.   31.   31.
   31.   31.   31.   31.   31.   31.   31.   31.   31.   31.   31.   31.
   31.   31. 
   31.   31.   31.   31.   31.   31.   31.   31.   31.   31.   31. 2855.
 2855. 3949. 3949. 3949. 2855.   31.   31.   31.   31.   31.   31.   31.
   31.   31. 
   31.   31.   31.   31. 2855. 3949. 3949. 3949. 2855. 2855.   31.   31.
 2855.   31. 2855. 2855. 2855.   31.   31.   31.   31.   31.   31.   31.
   31.   31. 
   31.   31.   31.   31.   31.   31.   31.   31.   31.   31.   31.   31.
   31.   31.   31.   31.   31.   31.   31.   31.   31.   31. 2855. 2855.
 3949. 3949. 
 3949. 2855.   31.   31.   31.   31.   31.   31.   31.   31.   31.   31.
   31.   31.   31. 2855. 2855. 3949. 3949. 2855. 2855. 2855. 2855. 2855.
 2855. 2855. 
 3949. 3949. 3949. 3949. 2855.   31.   31.   31.   31.   31.   31.   31.
   31.   31.   31.   31.   31.   31.   31.   31.   31.   31.   31.   31.
   31.   31. 
   31.   31.   31.   31.   31.   31.   31. 2855. 2855. 3949. 3949. 3949.
 2855. 2855.   31.   31.   31.   31.   31.   31.   31.   31.   31.   31.
   31.   31. 
   31. 2855. 2855. 3949. 3949. 2855. 2855. 3949. 3949. 3949. 3949. 3949.
 3949. 3949. 3949. 3949. 3949.   31.   31.   31.   31.   31.   31.   31.
   31.   31. 
   31.   31.   31.   31.   31.   31.   31.   31.   31.   31.   31.   31.
   31.   31.   31.   31.   31.   31.   31. 2855. 3949. 3949. 3949. 3949.
 2855.   31. 
   31.   31.   31.   31.   31.   31.   31.   31.   31.   31.   31.   31.
   31. 2855. 3949. 3949. 3949. 3949. 3949. 3949. 3949. 3949. 3949. 3949.
 2855. 3949. 
 2855. 3949. 3949. 2855.   31.   31.   31.   31.   31.   31.   31.   31.
   31.   31.   31.   31.   31.   31.   31.   31.   31.   31.   31.   31.
   31.   31. 
   31.   31.   31.   31. 2855. 3949. 3949. 3949. 3949. 2855. 2855. 2855.
 2855. 2855.   31.   31.   31.   31.   31.   31.   31.   31.   31.   31.
   31. 2855. 
 2855. 3949. 3949. 3949. 3949. 3949. 3949. 3949. 3949. 3949. 2855. 2855.
 2855. 3949. 3949. 2855.   31.   31.   31.   31.   31.   31.   31.   31.
   31.   31. 
   31.   31.   31.   31.   31.   31.   31.   31.   31.   31.   31.   31.
   31.   31.   31.   31. 2855. 3949. 3949. 3949. 3949. 3949. 3949. 3949.
 3949. 2855. 
 2855.   31.   31.   31.   31.   31.   31.   31.   31.   31.   31.   31.
 2855. 3949. 3949. 3949. 3949. 3949. 2855. 2855. 2855. 3949. 2855. 2855.
 2855. 3949. 
 3949. 3949.   31.   31.   31.   31.   31.   31.   31.   31.   31.   31.
   31.   31.   31.   31.   31.   31.   31.   31.   31.   31.   31.   31.
   31.   31. 
   31.   31. 2855. 2855. 3949. 3949. 3949. 3949. 3949. 3949. 3949. 3949.
 2855.   31.   31.   31.   31.   31.   31.   31.   31.   31.   31.   31.
   31. 2855. 
 2855. 2855. 2855. 2855. 2855.   31. 2855. 3949. 3949. 2855. 2855. 3949.
 3949. 2855.   31.   31.   31.   31.   31.   31.   31.   31.   31.   31.
   31.   31. 
   31.   31.   31.   31.   31.   31.   31.   31.   31.   31.   31.   31.
   31.   31.   31. 2855. 2855. 2855. 3949. 3949. 3949. 3949. 3949. 3949.
 2855. 2855. 
   31.   31.   31.   31.   31.   31.   31.   31.   31.   31.   31.   31.
   31.   31.   31.   31.   31.   31. 2855. 2855. 2855. 2855. 2855. 3949.
 3949. 2855. 
   31. 2855. 3949. 2855. 2855.   31.   31.   31.   31.   31.   31.   31.
   31.   31.   31.   31.   31.   31.   31.   31.   31.   31.   31.   31.
   31.   31. 
   31.   31.   31. 2855. 2855. 2855. 2855. 2855. 3949. 3949. 2855. 2855.
   31.   31.   31.   31.   31.   31.   31.   31.   31.   31.   31.   31.
   31.   31. 
   31.   31.   31.   31. 2855. 2855. 2855. 2855. 3949. 3949. 3949. 2855.
 3949. 3949. 3949. 3949. 3949. 2855.   31.   31.   31.   31.   31.   31.
   31.   31. 
   31.   31.   31.   31.   31.   31.   31.   31.   31.   31.   31.   31.
   31.   31.   31.   31.   31.   31. 2855. 3949. 3949. 3949. 2855.   31.
   31.   31. 
   31.   31.   31.   31.   31.   31.   31.   31.   31.   31.   31.   31.
   31.   31.   31.   31. 2855. 2855. 2855. 2855. 3949. 3949. 3949. 3949.
 3949. 3949. 
 3949. 3949. 3949. 2855.   31.   31.   31.   31.   31.   31.   31.   31.
   31.   31.   31.   31.   31.   31.   31.   31.   31.   31.   31.   31.
   31.   31. 
   31.   31.   31.   31. 2855. 3949. 3949. 3949. 2855.   31.   31.   31.
 2855. 2855. 2855. 2855. 2855.   31.   31.   31.   31.   31.   31.   31.
   31.   31. 
   31.   31.   31. 2855. 2855.   31. 3949. 3949. 3949. 3949. 3949. 2855.
 2855. 3949. 3949. 2855.   31.   31.   31. 2855. 2855. 2855.   31.   31.
   31.   31. 
   31.   31.   31.   31.   31.   31.   31.   31.   31.   31.   31.   31.
   31.   31.   31.   31. 2855. 3949. 3949. 3949. 2855. 2855. 2855. 2855.
 3949. 3949. 
 3949. 3949. 3949. 2855.   31.   31.   31.   31.   31.   31.   31.   31.
   31.   31.   31. 2855.   31.   31. 2855. 3949. 3949. 2855.   31.   31.
 2855. 3949. 
 3949. 2855.   31. 2855. 2855. 3949. 3949. 3949. 2855.   31.   31.   31.
   31.   31.   31.   31.   31.   31.   31.   31.   31.   31.   31.   31.
   31.   31. 
   31.   31. 2855. 3949. 3949. 3949. 3949. 3949. 3949. 3949. 3949. 3949.
 3949. 3949. 3949. 2855.   31.   31.   31.   31.   31.   31.   31.   31.
   31.   31. 
   31.   31. 2855.   31.   31. 2855.   31.   31.   31.   31. 2855. 3949.
 3949. 2855. 2855. 3949. 3949. 3949. 3949. 3949. 2855.   31.   31.   31.
   31.   31. 
   31.   31.   31.   31.   31.   31.   31.   31.   31.   31.   31.   31.
   31.   31. 2855. 2855. 3949. 3949. 3949. 3949. 3949. 3949. 3949. 3949.
 3949. 3949. 
 3949. 2855.   31.   31.   31.   31.   31.   31.   31.   31.   31.   31.
   31.   31. 2855. 2855.   31.   31.   31.   31.   31.   31.   31. 3949.
 3949. 2855. 
 3949. 3949. 3949. 2855. 2855. 3949. 3949. 2855.   31.   31.   31.   31.
   31.   31.   31.   31.   31.   31.   31.   31.   31.   31.   31.   31.
   31.   31. 
   31. 2855. 2855. 3949. 3949. 2855. 2855. 2855. 2855. 2855. 3949. 3949.
 3949. 2855.   31.   31.   31.   31.   31.   31.   31.   31.   31.   31.
   31.   31. 
 3949. 2855. 2855.   31.   31.   31.   31.   31.   31. 2855. 3949. 3949.
 3949. 3949. 2855.   31. 2855. 3949. 3949. 2855.   31.   31.   31.   31.
   31.   31. 
   31.   31.   31.   31.   31.   31.   31.   31.   31.   31.   31.   31.
   31.   31. 2855. 2855. 2855.   31.   31.   31.   31. 2855. 3949. 3949.
 3949. 2855. 
   31.   31.   31.   31.   31.   31.   31.   31.   31.   31.   31.   31.
 3949. 3949. 2855. 2855.   31.   31.   31.   31.   31. 2855. 2855. 3949.
 3949. 2855. 
   31.   31. 2855. 3949. 3949. 2855.   31.   31.   31.   31.   31.   31.
   31.   31.   31.   31.   31.   31.   31.   31.   31.   31.   31.   31.
   31.   31. 
   31.   31.   31.   31.   31.   31. 2855. 2855. 3949. 3949. 2855. 2855.
   31.   31.   31.   31.   31.   31.   31.   31.   31.   31.   31.   31.
 3949. 3949. 
 3949. 2855.   31.   31.   31.   31.   31.   31.   31. 2855.   31.   31.
   31.   31.   31. 3949. 3949. 3949. 2855. 2855. 2855. 2855. 2855. 2855.
 2855.   31. 
   31.   31.   31.   31.   31.   31.   31.   31.   31.   31.   31.   31.
   31.   31.   31.   31.   31.   31. 2855. 3949. 3949. 3949. 2855. 2855.
 2855. 2855. 
 2855. 2855.   31.   31.   31.   31.   31.   31.   31.   31. 2855. 3949.
 3949. 2855. 2855.   31.   31.   31.   31.   31.   31.   31.   31.   31.
   31.   31. 
   31. 2855. 3949. 3949. 3949. 3949. 3949. 3949. 3949. 3949. 3949. 2855.
   31.   31.   31.   31.   31.   31.   31.   31.   31.   31.   31.   31.
   31.   31. 
   31.   31.   31.   31. 2855. 3949. 3949. 3949. 3949. 3949. 3949. 3949.
 3949. 3949. 2855. 2855.   31.   31.   31.   31.   31.   31. 2855. 3949.
 3949. 2855. 
 2855.   31.   31.   31.   31.   31.   31.   31.   31.   31.   31.   31.
   31.   31. 3949. 3949. 3949. 3949. 3949. 3949. 3949. 3949. 3949. 2855.
   31.   31. 
   31.   31.   31.   31.   31.   31.   31.   31.   31.   31.   31.   31.
   31.   31.   31.   31. 2855. 2855. 3949. 3949. 3949. 3949. 3949. 3949.
 3949. 3949. 
 3949. 2855.   31.   31.   31.   31.   31.   31. 2855. 3949. 3949. 2855.
 2855.   31.   31.   31.   31.   31.   31.   31.   31.   31.   31.   31.
   31.   31. 
 2855. 2855. 2855. 2855. 2855. 2855. 2855. 3949. 3949. 2855.   31.   31.
   31.   31.   31.   31.   31.   31.   31.   31.   31.   31.   31.   31.
   31.   31. 
   31.   31.   31. 2855. 2855. 2855. 2855. 2855. 2855. 2855. 3949. 3949.
 3949. 2855.   31.   31.   31.   31.   31.   31. 3949. 3949. 3949. 2855.
   31.   31. 
   31.   31.   31.   31.   31.   31.   31.   31.   31.   31.   31.   31.
   31.   31.   31.   31.   31.   31. 2855. 3949. 3949. 2855.   31.   31.
 2855. 2855. 
 2855. 2855.   31.   31.   31.   31.   31.   31.   31.   31.   31.   31.
   31.   31.   31.   31. 2855. 2855. 2855.   31. 2855. 2855. 3949. 3949.
 3949. 2855. 
   31.   31.   31.   31.   31.   31. 3949. 3949. 2855. 2855.   31.   31.
   31.   31.   31.   31.   31.   31.   31.   31.   31.   31.   31.   31.
   31.   31. 
   31.   31.   31.   31. 2855. 3949. 3949. 2855.   31. 2855. 3949. 3949.
 3949. 3949. 2855.   31.   31.   31.   31.   31.   31.   31.   31.   31.
   31.   31. 
   31.   31.   31.   31.   31. 2855. 3949. 3949. 3949. 3949. 3949. 2855.
   31.   31.   31.   31.   31.   31. 3949. 3949. 2855. 2855. 2855. 2855.
 2855. 2855. 
 2855.   31.   31.   31.   31.   31.   31.   31.   31.   31.   31.   31.
   31.   31.   31. 2855. 3949. 3949. 2855. 2855. 2855. 3949. 3949. 3949.
 3949. 3949. 
 2855.   31.   31.   31.   31.   31.   31.   31.   31.   31.   31.   31.
   31.   31.   31.   31. 2855. 3949. 3949. 3949. 3949. 3949. 2855.   31.
   31.   31. 
   31.   31.   31.   31. 3949. 3949. 3949. 3949. 2855. 2855. 2855. 2855.
 2855. 2855. 2855.   31.   31.   31.   31.   31.   31.   31.   31.   31.
   31.   31. 
   31.   31. 3949. 3949. 3949. 3949. 3949. 3949. 3949. 3949. 3949. 3949.
 3949.   31.   31.   31.   31.   31.   31.   31.   31.   31.   31.   31.
   31.   31. 
   31. 2855. 3949. 3949. 3949. 3949. 2855. 2855.   31.   31.   31.   31.
   31.   31.   31.   31. 3949. 3949. 3949. 3949. 3949. 3949. 3949. 3949.
 3949. 2855. 
 2855.   31.   31.   31.   31.   31.   31.   31.   31.   31.   31.   31.
   31.   31. 2855. 3949. 3949. 3949. 3949. 3949. 2855. 2855. 3949. 3949.
 3949.   31. 
   31.   31.   31.   31.   31.   31.   31.   31.   31.   31.   31.   31.
   31. 2855. 3949. 3949. 3949. 2855. 2855. 2855. 2855. 2855. 2855.   31.
   31.   31. 
   31.   31. 2855. 3949. 3949. 3949. 3949. 3949. 3949. 3949. 3949. 2855.
 2855. 2855.   31.   31.   31.   31.   31.   31.   31.   31.   31.   31.
   31.   31. 
   31. 2855. 3949. 2855. 2855. 2855.   31. 2855. 3949. 3949. 2855.   31.
   31.   31.   31.   31.   31.   31.   31.   31.   31.   31.   31.   31.
   31. 2855. 
 3949. 3949. 3949. 3949. 3949. 3949. 3949. 3949. 3949. 2855.   31.   31.
   31.   31. 2855. 2855. 2855. 2855. 2855. 2855. 2855. 3949. 3949. 3949.
 2855. 2855. 
   31.   31.   31.   31.   31.   31.   31.   31.   31.   31.   31.   31.
   31.   31.   31.   31.   31.   31.   31. 2855. 3949. 3949. 2855.   31.
   31.   31. 
   31.   31.   31.   31.   31.   31.   31.   31.   31.   31.   31. 2855.
 2855. 3949. 3949. 3949. 3949. 3949. 3949. 3949. 3949. 3949. 2855.   31.
   31.   31. 
 3949. 3949. 2855. 2855. 2855. 2855. 2855. 2855. 3949. 3949. 2855. 2855.
   31.   31.   31.   31.   31.   31.   31.   31.   31.   31.   31.   31.
   31.   31. 
   31.   31.   31.   31.   31.   31. 3949. 3949. 3949.   31.   31.   31.
   31.   31.   31.   31.   31.   31.   31.   31.   31.   31.   31.   31.
 2855. 2855. 
 2855. 2855. 2855. 2855. 2855. 2855. 3949. 3949. 2855.   31.   31.   31.
 2855. 2855. 2855. 3949. 3949. 2855. 2855. 2855. 3949. 3949. 2855. 2855.
   31.   31. 
   31.   31.   31.   31.   31.   31.   31.   31.   31.   31.   31.   31.
   31.   31.   31.   31.   31.   31. 3949. 3949. 3949. 2855. 2855. 2855.
   31.   31. 
   31.   31.   31.   31.   31.   31.   31.   31.   31.   31.   31.   31.
   31.   31.   31.   31.   31. 2855. 3949. 3949. 2855.   31.   31.   31.
 2855. 2855. 
 2855. 3949. 3949. 2855. 2855. 3949. 3949. 2855. 2855.   31.   31.   31.
   31.   31.   31.   31.   31.   31.   31.   31.   31.   31.   31.   31.
   31.   31. 
   31.   31.   31.   31. 2855. 3949. 3949. 3949. 3949. 3949. 3949. 2855.
 2855.   31.   31.   31.   31.   31.   31.   31.   31.   31.   31.   31.
   31.   31. 
   31.   31.   31. 2855. 3949. 3949. 2855.   31.   31.   31. 2855. 2855.
 3949. 3949. 2855. 2855. 2855. 3949. 3949. 2855. 2855.   31.   31.   31.
   31.   31. 
   31.   31.   31.   31.   31.   31.   31.   31.   31.   31.   31.   31.
   31.   31.   31.   31.   31. 2855. 3949. 3949. 3949. 3949. 3949. 3949.
 3949.   31. 
   31.   31.   31.   31.   31.   31.   31.   31.   31.   31.   31.   31.
   31.   31.   31. 2855. 3949. 3949. 2855.   31.   31.   31. 2855. 2855.
 3949. 3949. 
 2855. 2855. 3949. 3949. 3949. 2855. 2855.   31.   31.   31.   31.   31.
   31.   31.   31.   31.   31.   31.   31.   31.   31.   31.   31.   31.
   31.   31. 
   31.   31.   31.   31.   31. 2855. 2855. 3949. 3949. 3949. 3949. 2855.
   31.   31.   31.   31.   31.   31.   31.   31.   31.   31.   31.   31.
   31.   31. 
   31. 2855. 3949. 3949. 2855.   31.   31.   31. 2855. 2855. 3949. 3949.
 2855. 2855. 3949. 3949. 2855. 2855. 2855.   31.   31.   31.   31.   31.
   31.   31. 
   31.   31.   31.   31.   31.   31.   31.   31.   31.   31.   31.   31.
   31.   31.   31.   31.   31.   31.   31.   31. 2855. 3949. 3949. 2855.
   31.   31. 
   31.   31.   31.   31.   31.   31.   31.   31.   31.   31.   31.   31.
   31. 2855. 3949. 3949. 2855.   31.   31.   31.   31. 2855. 3949. 3949.
 2855. 2855. 
 3949. 3949. 2855. 2855. 2855. 2855. 2855.   31.   31.   31.   31.   31.
   31.   31.   31.   31.   31.   31.   31.   31.   31.   31.   31.   31.
   31.   31. 
   31.   31.   31.   31.   31. 2855. 3949. 3949. 3949. 2855.   31.   31.
   31.   31.   31.   31.   31.   31.   31.   31.   31.   31.   31.   31.
   31.   31. 
 2855. 3949. 3949. 2855. 2855. 2855.   31. 2855. 3949. 3949. 2855. 2855.
 3949. 3949. 3949. 2855. 2855. 2855. 2855. 2855.   31.   31.   31.   31.
   31.   31. 
   31.   31.   31.   31.   31.   31.   31.   31.   31.   31.   31.   31.
   31.   31.   31.   31.   31. 2855. 3949. 3949. 2855.   31.   31.   31.
   31.   31. 
   31.   31.   31.   31.   31.   31.   31.   31.   31.   31.   31.   31.
 2855. 3949. 3949. 3949. 3949. 3949. 2855. 2855. 2855. 3949. 3949. 2855.
 2855. 3949. 
 3949. 3949. 3949. 2855. 2855. 2855. 2855.   31.   31.   31.   31.   31.
   31.   31.   31.   31.   31.   31.   31.   31.   31.   31.   31.   31.
   31.   31. 
   31.   31.   31. 2855. 3949. 3949. 2855.   31.   31.   31.   31.   31.
   31.   31.   31.   31.   31.   31.   31.   31.   31.   31.   31.   31.
   31. 2855. 
 3949. 3949. 3949. 3949. 3949. 2855. 2855. 2855. 2855. 2855. 2855. 2855.
 3949. 3949. 3949. 3949. 3949. 2855. 2855. 2855.   31.   31.   31.   31.
   31.   31. 
   31.   31.   31.   31.   31.   31.   31.   31.   31.   31.   31.   31.
   31.   31.   31. 2855. 3949. 3949. 2855.   31. 2855. 2855.   31.   31.
   31.   31. 
   31.   31.   31.   31.   31.   31.   31.   31.   31.   31.   31.   31.
 2855. 2855. 2855. 2855. 3949. 3949. 2855.   31. 2855.   31. 2855. 2855.
 2855. 2855. 
 3949. 3949. 3949. 3949. 2855. 2855.   31.   31.   31.   31.   31.   31.
   31.   31.   31.   31.   31.   31.   31.   31.   31.   31.   31.   31.
   31.   31. 
   31. 3949. 3949. 3949. 3949. 3949. 3949. 3949. 3949. 2855.   31.   31.
   31.   31.   31.   31.   31.   31.   31.   31.   31.   31.   31.   31.
   31.   31. 
   31.   31. 3949. 3949. 2855.   31.   31.   31.   31.   31. 2855. 2855.
 2855. 2855. 3949. 3949. 2855. 2855.   31.   31.   31.   31.   31.   31.
   31.   31. 
   31.   31.   31.   31.   31.   31.   31.   31.   31.   31.   31.   31.
   31. 2855. 3949. 3949. 3949. 3949. 3949. 3949. 3949. 3949.   31.   31.
   31.   31. 
   31.   31.   31.   31.   31.   31.   31.   31.   31.   31.   31.   31.
   31.   31. 3949. 3949. 2855. 2855.   31.   31.   31. 2855. 3949. 2855.
 2855. 2855. 
 3949. 3949. 2855. 2855.   31.   31.   31.   31.   31.   31.   31.   31.
   31.   31.   31.   31.   31.   31.   31.   31.   31.   31.   31.   31.
   31.   31. 
 2855. 2855. 3949. 3949. 3949. 2855. 3949. 3949. 2855.   31.   31.   31.
   31.   31.   31.   31.   31.   31.   31.   31.   31.   31.   31.   31.
   31.   31. 
 3949. 3949. 2855.   31.   31.   31. 2855. 2855. 3949. 2855. 2855. 3949.
 3949. 3949. 2855. 2855.   31.   31.   31.   31.   31.   31.   31.   31.
   31.   31. 
   31.   31.   31.   31.   31.   31.   31.   31.   31.   31.   31.   31.
   31.   31.   31.   31.   31. 2855. 3949. 3949. 2855.   31.   31.   31.
 2855. 2855. 
 2855.   31.   31.   31.   31.   31.   31.   31.   31.   31.   31.   31.
 3949. 3949. 2855.   31.   31.   31. 2855. 3949. 3949. 2855. 2855. 3949.
 3949. 3949. 
 2855. 2855.   31.   31.   31.   31.   31.   31.   31.   31.   31.   31.
   31.   31.   31.   31.   31.   31.   31.   31.   31.   31.   31.   31.
   31.   31. 
   31.   31.   31. 2855. 3949. 3949. 2855.   31.   31. 2855. 3949. 3949.
 3949. 2855.   31.   31.   31.   31.   31.   31.   31.   31.   31.   31.
 3949. 3949. 
 2855.   31.   31.   31. 2855. 3949. 3949. 2855. 3949. 3949. 3949. 2855.
 2855.   31.   31.   31.   31.   31.   31.   31.   31.   31.   31.   31.
   31.   31. 
   31.   31.   31.   31.   31.   31.   31.   31.   31.   31.   31.   31.
   31.   31.   31. 2855. 3949. 3949. 2855. 2855. 3949. 3949. 3949. 3949.
 3949. 2855. 
   31.   31.   31.   31.   31.   31.   31.   31.   31.   31. 3949. 3949.
 2855.   31.   31.   31. 2855. 3949. 2855. 2855. 3949. 3949. 3949. 2855.
 2855. 2855. 
 2855. 2855. 2855. 2855. 2855.   31.   31.   31.   31.   31.   31.   31.
   31.   31.   31.   31.   31.   31.   31.   31.   31.   31.   31.   31.
   31.   31. 
   31. 2855. 3949. 3949. 2855. 3949. 3949. 3949. 2855. 3949. 3949. 2855.
   31.   31.   31.   31.   31.   31.   31.   31.   31.   31. 3949. 3949.
 2855. 2855. 
 2855. 2855. 2855. 2855. 2855. 2855. 3949. 3949. 2855. 2855. 2855. 2855.
 2855. 3949. 2855. 2855. 2855. 2855.   31.   31.   31.   31.   31.   31.
   31.   31. 
   31.   31.   31.   31.   31.   31.   31.   31.   31.   31.   31.   31.
   31.   31. 3949. 3949. 3949. 3949. 3949. 2855. 2855. 3949. 3949. 2855.
   31.   31. 
   31.   31.   31.   31.   31.   31.   31.   31. 3949. 3949. 3949. 3949.
 3949. 3949. 3949. 2855. 2855. 2855. 3949. 3949. 3949. 3949. 3949. 3949.
 3949. 3949. 
 3949. 3949. 2855. 2855.   31.   31.   31.   31.   31.   31.   31.   31.
   31.   31.   31.   31.   31.   31.   31.   31.   31.   31.   31.   31.
   31.   31. 
 2855. 2855. 3949. 2855. 2855.   31. 2855. 3949. 2855.   31.   31.   31.
   31.   31.   31.   31.   31.   31.   31.   31. 3949. 3949. 3949. 3949.
 3949. 3949. 
 3949. 2855. 2855. 2855. 3949. 3949. 3949. 3949. 3949. 3949. 3949. 3949.
 3949. 3949. 3949. 2855.   31.   31.   31.   31.   31.   31.   31.   31.
   31.   31. 
   31.   31.   31.   31.   31.   31.   31.   31.   31.   31.   31.   31.
   31.   31. 2855.   31.   31.   31. 2855. 3949. 3949.   31.   31.   31.
 2855. 2855. 
 2855. 2855. 2855.   31.   31.   31. 2855. 2855. 2855. 2855. 2855. 2855.
 2855.   31.   31. 2855. 2855. 2855. 3949. 3949. 2855. 2855. 2855. 2855.
 3949. 3949. 
 3949. 2855. 2855.   31.   31.   31.   31.   31.   31.   31.   31.   31.
   31.   31.   31.   31.   31.   31.   31.   31.   31.   31.   31.   31.
   31.   31. 
   31.   31.   31.   31. 2855. 3949. 3949. 2855. 2855. 2855. 3949. 3949.
 3949. 3949. 3949.   31.   31.   31.   31.   31. 2855. 2855.   31.   31.
   31.   31. 
   31.   31. 2855. 2855. 2855. 2855. 2855. 2855. 2855. 2855. 2855. 3949.
 3949. 2855. 2855.   31. 2855. 2855. 2855. 2855.   31.   31.   31.   31.
   31.   31. 
   31.   31.   31.   31.   31.   31.   31.   31.   31.   31.   31.   31.
   31.   31.   31.   31. 2855. 3949. 3949. 3949. 3949. 3949. 3949. 3949.
 3949. 3949. 
 3949. 2855.   31.   31.   31.   31.   31.   31.   31.   31.   31.   31.
   31.   31. 2855. 2855. 3949. 3949. 3949. 2855. 2855. 2855. 2855. 3949.
 3949. 2855. 
 2855. 2855. 2855. 2855. 2855. 2855. 2855. 2855.   31.   31.   31.   31.
   31.   31.   31.   31.   31.   31.   31.   31.   31.   31.   31.   31.
   31.   31. 
   31.   31. 2855. 3949. 3949. 3949. 3949. 3949. 3949. 3949. 2855. 3949.
 3949. 2855.   31.   31.   31.   31.   31.   31.   31.   31.   31.   31.
   31.   31. 
 2855. 2855. 3949. 3949. 2855. 2855. 2855. 2855. 2855. 3949. 3949. 2855.
 2855. 2855. 2855. 3949. 3949. 3949. 2855. 2855. 2855.   31.   31.   31.
   31.   31. 
   31.   31.   31.   31.   31.   31.   31.   31.   31.   31.   31.   31.
   31.   31.   31. 2855. 2855. 2855. 2855. 2855. 2855.   31. 2855. 3949.
 3949. 2855. 
   31.   31.   31.   31.   31.   31.   31.   31.   31.   31.   31.   31.
 2855. 3949. 3949. 3949. 2855. 2855. 2855. 2855. 3949. 3949. 3949. 3949.
 3949. 3949. 
 3949. 3949. 3949. 3949. 3949. 2855. 2855.   31.   31.   31.   31.   31.
   31.   31.   31.   31.   31.   31.   31.   31.   31.   31.   31.   31.
   31.   31. 
   31.   31.   31.   31.   31.   31.   31.   31. 2855. 3949. 3949. 2855.
   31.   31. 
/