PERMI
 8. 8. 8. 8. 8. 8. 8. 8. 8. 8. 8. 8. 8. 8. 8. 8. 8. 8. 8. 8. 8. 8. 8. 8.
 8. 8. 
 1853. 1853. 2424. 2424. 2424. 1853. 2424. 2424. 1853. 2424. 2424. 2424.
 2424. 2424. 2424. 2424. 2424. 2424. 2424. 2424. 1853. 1853.    8.    8.
    8.    8. 
    8.    8.    8.    8.    8.    8.    8. 1853. 1853. 2424. 2424. 2424.
    8.    8.    8.    8.    8.    8.    8.    8.    8.    8.    8.    8.
    8.    8. 
    8.    8.    8.    8.    8.    8.    8.    8.    8.    8.    8.    8.
    8. 1853. 1853. 2424. 2424. 1853. 1853. 1853. 1853. 2424. 2424. 2424.
 2424. 2424. 
 1853. 1853. 1853. 1853. 1853. 1853. 1853.    8.    8.    8.    8.    8.
    8.    8.    8.    8.    8.    8.    8. 1853. 2424. 2424. 2424. 1853.
    8.    8. 
 8. 8. 8. 8. 8. 8. 8. 8. 8. 8. 8. 8. 8. 8. 8. 8. 8. 8. 8. 8. 8. 8. 8. 8.
 8. 8. 
 1853. 2424. 2424. 1853. 1853. 1853. 2424. 2424. 2424. 1853. 1853. 1853.
 1853. 1853. 1853. 2424. 2424. 2424. 1853.    8.    8.    8.    8.    8.
    8.    8. 
    8.    8.    8.    8.    8. 1853. 1853. 2424. 2424. 2424.    8.    8.
    8.    8.    8.    8.    8.    8.    8.    8.    8.    8.    8.    8.
    8.    8. 
    8.    8.    8.    8.    8.    8.    8.    8.    8.    8.    8. 1853.
 1853. 2424. 2424. 1853. 1853. 1853. 2424. 2424. 1853. 1853. 1853. 1853.
 2424. 2424. 
 2424. 2424. 2424. 1853. 1853.    8.    8.    8.    8.    8.    8.    8.
    8.    8.    8.    8.    8. 1853. 1853. 2424. 2424. 2424.    8.    8.
    8.    8. 
    8.    8.    8.    8.    8.    8.    8.    8.    8.    8.    8.    8.
    8.    8.    8.    8.    8.    8. 1853. 1853. 1853. 1853. 1853. 1853.
 2424. 2424. 
 2424. 1853. 1853. 1853. 2424. 2424. 1853. 1853. 1853. 2424. 2424. 2424.
 2424. 2424. 1853. 1853.    8.    8.    8.    8.    8.    8.    8.    8.
    8.    8. 
    8.    8.    8.    8. 1853. 1853. 2424. 2424.    8.    8.    8.    8.
    8.    8.    8.    8.    8.    8.    8.    8.    8.    8.    8.    8.
    8.    8. 
    8. 1853. 1853. 1853. 1853. 1853. 1853. 1853. 2424. 2424. 2424. 2424.
 1853. 1853. 1853. 1853. 2424. 2424. 1853. 1853. 2424. 2424. 2424. 2424.
 1853. 1853. 
 1853.    8.    8.    8.    8.    8.    8.    8.    8.    8.    8.    8.
    8.    8.    8.    8. 1853. 1853. 1853. 1853.    8.    8.    8.    8.
    8.    8. 
    8.    8.    8.    8.    8.    8.    8.    8.    8.    8.    8.    8.
 1853. 1853. 2424. 2424. 2424. 2424. 2424. 2424. 2424. 2424. 2424. 1853.
 1853. 1853. 
 1853. 1853. 2424. 2424. 1853. 1853. 2424. 1853. 1853. 1853. 1853.    8.
    8.    8.    8.    8.    8.    8.    8.    8.    8.    8.    8.    8.
    8.    8. 
    8. 1853. 1853. 2424. 2424. 2424.    8.    8.    8.    8.    8.    8.
    8.    8.    8.    8.    8.    8.    8.    8.    8.    8.    8. 1853.
 1853. 2424. 
 2424. 2424. 2424. 2424. 2424. 2424. 2424. 2424. 1853. 1853. 1853. 1853.
 1853. 1853. 2424. 2424. 1853. 1853. 1853. 1853.    8.    8.    8.    8.
    8.    8. 
    8.    8.    8.    8.    8.    8.    8.    8.    8.    8.    8.    8.
 1853. 1853. 2424. 2424. 2424. 2424.    8.    8.    8.    8.    8.    8.
    8.    8. 
    8.    8.    8.    8.    8.    8.    8.    8.    8. 1853. 2424. 2424.
 2424. 2424. 1853. 1853. 1853. 1853. 1853. 1853. 1853. 1853. 1853. 1853.
 1853. 1853. 
 2424. 2424. 1853. 1853.    8.    8.    8.    8.    8.    8.    8.    8.
    8.    8.    8.    8.    8.    8.    8.    8.    8. 1853. 1853. 1853.
 1853. 2424. 
 2424. 2424. 2424. 2424.    8.    8.    8.    8.    8.    8.    8.    8.
    8.    8.    8.    8.    8.    8.    8.    8.    8. 1853. 2424. 2424.
 2424. 1853. 
 1853. 1853. 1853. 1853. 2424. 2424. 2424. 2424. 2424. 2424. 1853. 1853.
 2424. 2424. 1853. 1853.    8.    8.    8.    8.    8.    8.    8.    8.
    8.    8. 
    8.    8.    8.    8.    8. 1853. 1853. 1853. 1853. 1853. 1853. 2424.
 2424. 2424. 1853. 1853.    8.    8.    8.    8.    8.    8.    8.    8.
    8.    8. 
    8.    8.    8.    8.    8.    8.    8. 1853. 2424. 2424. 2424. 1853.
 1853. 2424. 1853. 2424. 2424. 2424. 2424. 2424. 2424. 2424. 2424. 2424.
 2424. 2424. 
 1853. 1853.    8.    8.    8.    8.    8.    8.    8.    8.    8.    8.
    8.    8.    8.    8. 1853. 1853. 1853. 2424. 2424. 2424. 1853. 2424.
 2424. 2424. 
 1853. 1853.    8.    8.    8.    8.    8.    8.    8.    8.    8.    8.
    8.    8.    8.    8.    8.    8.    8. 1853. 1853. 2424. 2424. 2424.
 1853. 2424. 
 1853. 2424. 2424. 2424. 1853. 2424. 2424. 2424. 2424. 2424. 2424. 2424.
 1853.    8.    8.    8.    8.    8.    8.    8.    8.    8.    8.    8.
    8.    8. 
    8.    8. 1853. 2424. 2424. 2424. 2424. 2424. 1853. 1853. 2424. 2424.
 2424. 1853.    8.    8.    8.    8.    8.    8.    8.    8.    8.    8.
    8.    8. 
    8.    8.    8.    8.    8.    8. 1853. 2424. 2424. 2424. 1853. 1853.
 1853. 2424. 2424. 2424. 1853. 1853. 1853. 1853. 2424. 2424. 2424. 1853.
 1853.    8. 
    8.    8.    8.    8.    8.    8.    8.    8.    8.    8.    8.    8.
    8. 1853. 1853. 2424. 2424. 2424. 1853. 1853. 1853. 1853. 2424. 2424.
 2424. 1853. 
    8.    8.    8.    8.    8.    8.    8.    8.    8.    8.    8.    8.
    8.    8.    8.    8.    8.    8. 1853. 1853. 2424. 2424. 2424. 1853.
 1853. 1853. 
 2424. 2424. 2424. 1853. 1853. 1853. 1853. 1853. 1853. 1853. 1853. 1853.
    8.    8.    8.    8.    8.    8.    8.    8.    8.    8.    8.    8.
    8. 1853. 
 2424. 2424. 2424. 1853. 1853. 1853. 1853. 1853. 2424. 2424. 2424. 1853.
    8.    8.    8.    8.    8.    8.    8.    8.    8.    8.    8.    8.
    8.    8. 
    8.    8.    8.    8. 1853. 1853. 2424. 2424. 2424. 1853. 1853. 1853.
 2424. 2424. 2424. 2424. 1853. 1853.    8. 1853. 2424. 2424. 2424. 1853.
    8.    8. 
    8.    8.    8.    8.    8.    8.    8.    8.    8.    8.    8. 1853.
 2424. 2424. 2424. 1853.    8.    8.    8. 1853. 1853. 2424. 2424. 1853.
    8.    8. 
    8.    8.    8.    8.    8.    8.    8.    8.    8.    8.    8.    8.
    8.    8.    8.    8.    8. 1853. 1853. 2424. 2424. 2424. 1853. 1853.
 1853. 2424. 
 2424. 2424. 2424. 1853.    8. 1853. 1853. 2424. 2424. 1853. 1853.    8.
    8.    8.    8.    8.    8.    8.    8.    8.    8.    8.    8. 1853.
 2424. 2424. 
 1853. 1853. 1853. 1853. 1853. 1853. 1853. 2424. 2424. 2424.    8.    8.
    8.    8.    8.    8.    8.    8.    8.    8.    8.    8.    8.    8.
    8.    8. 
    8. 1853. 1853. 1853. 1853. 2424. 2424. 2424. 1853. 2424. 1853. 1853.
 2424. 2424. 2424. 1853. 1853. 1853. 1853. 2424. 2424. 1853. 1853.    8.
    8.    8. 
    8.    8.    8.    8.    8.    8.    8.    8.    8. 1853. 1853. 1853.
 1853. 1853. 1853. 2424. 2424. 2424. 1853. 2424. 2424. 2424.    8.    8.
    8.    8. 
    8.    8.    8.    8.    8.    8.    8.    8.    8.    8.    8.    8.
 1853. 1853. 1853. 2424. 2424. 2424. 2424. 1853. 1853. 1853. 1853. 2424.
 2424. 2424. 
 2424. 1853. 1853. 1853. 1853. 2424. 2424. 2424. 1853.    8.    8.    8.
    8.    8.    8.    8.    8.    8.    8.    8. 1853. 1853. 2424. 2424.
 2424. 2424. 
 2424. 2424. 2424. 2424. 2424. 2424. 2424. 2424.    8.    8.    8.    8.
    8.    8.    8.    8.    8.    8.    8.    8.    8.    8.    8. 1853.
 1853. 1853. 
 2424. 2424. 2424. 2424. 2424. 1853. 1853. 2424. 2424. 2424. 2424. 2424.
 2424. 1853. 1853. 1853. 2424. 2424. 2424. 1853. 1853.    8.    8.    8.
    8.    8. 
    8.    8.    8.    8.    8.    8. 1853. 1853. 2424. 2424. 2424. 2424.
 2424. 2424. 2424. 2424. 2424. 2424. 2424. 1853.    8.    8.    8.    8.
    8.    8. 
    8.    8.    8.    8.    8.    8.    8.    8. 1853. 1853. 2424. 2424.
 2424. 2424. 2424. 1853. 1853. 1853. 2424. 2424. 2424. 2424. 2424. 1853.
 1853. 1853. 
 2424. 2424. 2424. 2424. 2424. 1853. 1853.    8.    8.    8. 1853. 1853.
 1853. 1853. 1853.    8.    8.    8. 1853. 2424. 2424. 2424. 2424. 1853.
 1853. 1853. 
 1853. 1853. 1853. 1853. 1853. 1853.    8.    8.    8.    8.    8.    8.
    8.    8.    8.    8.    8.    8.    8.    8. 1853. 2424. 2424. 2424.
 2424. 1853. 
 1853. 1853. 1853. 1853. 1853. 1853. 1853. 1853. 1853. 1853. 1853. 2424.
 2424. 2424. 2424. 2424. 1853. 1853.    8.    8.    8. 1853. 1853. 2424.
 2424. 2424. 
 1853. 1853.    8.    8. 1853. 1853. 2424. 2424. 2424. 1853. 1853. 1853.
 1853.    8. 1853. 1853. 2424. 2424.    8.    8.    8.    8.    8.    8.
    8.    8. 
    8.    8.    8.    8.    8. 1853. 1853. 2424. 2424. 2424. 1853. 1853.
 1853. 1853. 2424. 2424. 1853. 1853. 2424. 1853. 1853.    8. 1853. 1853.
 1853. 1853. 
 1853. 1853. 1853.    8.    8.    8.    8. 1853. 2424. 2424. 2424. 2424.
 2424. 1853. 1853. 1853.    8. 1853. 2424. 2424. 2424. 2424. 1853. 1853.
 2424. 1853. 
 1853. 1853. 2424. 2424.    8.    8.    8.    8.    8.    8.    8.    8.
    8.    8.    8.    8.    8. 1853. 2424. 2424. 2424. 1853. 1853. 1853.
 1853. 1853. 
 2424. 2424. 1853. 1853. 1853. 1853.    8.    8.    8.    8.    8. 1853.
 1853.    8.    8.    8.    8.    8.    8. 1853. 2424. 2424. 2424. 2424.
 2424. 2424. 
 2424. 1853. 1853. 1853. 1853. 2424. 2424. 2424. 1853. 1853. 2424. 2424.
 1853. 1853. 1853. 2424.    8.    8.    8.    8.    8.    8.    8.    8.
    8.    8. 
    8.    8.    8. 1853. 2424. 2424. 2424. 1853. 2424. 1853. 1853. 1853.
 2424. 2424. 1853. 1853.    8.    8.    8.    8.    8.    8.    8.    8.
    8.    8. 
    8.    8.    8.    8. 1853. 1853. 2424. 2424. 1853. 1853. 1853. 1853.
 2424. 2424. 2424. 2424. 2424. 1853. 2424. 2424. 2424. 1853. 1853. 2424.
 2424. 1853. 
 1853. 2424.    8.    8.    8.    8.    8.    8.    8.    8.    8.    8.
    8.    8.    8. 1853. 2424. 2424. 2424. 1853. 2424. 1853. 1853. 1853.
 2424. 2424. 
 1853. 1853.    8.    8.    8.    8.    8.    8.    8.    8.    8.    8.
    8.    8.    8.    8.    8. 1853. 2424. 2424. 2424. 1853. 1853. 1853.
 1853. 1853. 
 1853. 1853. 2424. 1853. 1853. 2424. 2424. 2424. 1853. 1853. 2424. 2424.
 2424. 2424.    8.    8.    8.    8.    8.    8.    8.    8.    8.    8.
    8.    8. 
    8. 1853. 2424. 2424. 2424. 1853. 1853. 2424. 1853. 1853. 2424. 2424.
 1853. 1853.    8.    8.    8.    8.    8.    8.    8.    8.    8.    8.
    8.    8. 
    8.    8.    8. 1853. 2424. 2424. 1853. 1853. 2424. 2424. 2424. 2424.
 2424. 1853. 1853. 1853. 1853. 1853. 2424. 2424. 1853. 1853. 1853. 2424.
 2424. 2424. 
    8.    8.    8.    8.    8.    8.    8.    8.    8.    8.    8.    8.
    8. 1853. 1853. 2424. 2424. 2424. 1853. 2424. 1853. 1853. 2424. 2424.
 1853. 1853. 
    8.    8.    8.    8.    8.    8.    8.    8.    8. 1853. 1853. 1853.
    8.    8.    8. 1853. 1853. 2424. 1853. 2424. 2424. 1853. 2424. 2424.
 2424. 2424. 
 2424. 2424. 2424. 2424. 2424. 2424. 1853.    8.    8. 1853. 1853. 1853.
    8.    8.    8.    8.    8.    8.    8.    8.    8.    8.    8.    8.
    8.    8. 
 1853. 1853. 2424. 2424. 1853. 1853. 1853. 2424. 2424. 2424. 1853. 1853.
    8.    8.    8.    8.    8.    8.    8. 1853. 1853. 1853. 1853. 1853.
 1853. 1853. 
 1853. 1853. 1853. 2424. 1853. 2424. 2424. 1853. 1853. 1853. 2424. 2424.
 2424. 2424. 2424. 2424. 2424. 2424. 1853.    8.    8.    8.    8.    8.
    8.    8. 
    8.    8.    8.    8.    8.    8.    8.    8.    8.    8.    8. 1853.
 1853. 1853. 2424. 2424. 2424. 1853. 1853. 2424. 2424. 2424. 1853.    8.
    8.    8. 
    8.    8.    8.    8.    8. 1853. 1853. 2424. 2424. 2424. 2424. 1853.
 1853. 1853. 1853. 1853. 1853. 2424. 2424. 1853. 1853. 1853. 1853. 1853.
 1853. 2424. 
 2424. 1853. 1853. 1853. 1853.    8.    8.    8.    8.    8.    8.    8.
    8.    8.    8.    8. 1853. 1853. 1853. 1853. 1853. 1853. 1853. 1853.
 1853. 1853. 
 2424. 2424. 2424. 1853. 2424. 2424. 2424. 1853. 1853.    8.    8.    8.
    8.    8.    8.    8. 1853. 1853. 2424. 2424. 2424. 2424. 2424. 2424.
 2424. 1853. 
 1853. 1853. 1853. 2424. 2424. 1853. 1853. 1853. 1853. 1853. 1853. 1853.
 1853. 1853. 2424. 2424. 1853.    8.    8.    8.    8.    8.    8.    8.
    8.    8. 
 1853. 1853. 1853. 1853. 1853. 1853. 1853. 1853. 1853. 1853. 1853. 1853.
 2424. 2424. 2424. 1853. 1853. 1853. 1853. 1853.    8.    8.    8.    8.
    8.    8. 
    8.    8. 1853. 1853. 2424. 2424. 1853. 2424. 2424. 2424. 2424. 2424.
 2424. 1853. 1853. 2424. 2424. 1853. 1853. 2424. 2424. 1853. 1853. 1853.
 1853. 1853. 
 2424. 2424. 1853.    8.    8.    8.    8.    8.    8.    8.    8. 1853.
 1853. 2424. 2424. 2424. 2424. 2424. 2424. 2424. 2424. 1853. 1853. 1853.
 2424. 2424. 
 1853. 1853. 1853. 1853.    8.    8.    8.    8.    8.    8.    8.    8.
    8.    8. 1853. 2424. 2424. 2424. 1853. 1853. 1853. 1853. 1853. 1853.
 2424. 2424. 
 1853. 2424. 2424. 1853. 1853. 1853. 1853. 2424. 2424. 2424. 2424. 2424.
 2424. 1853. 1853.    8.    8.    8.    8.    8.    8.    8. 1853. 1853.
 2424. 2424. 
 2424. 2424. 2424. 2424. 2424. 2424. 2424. 2424. 2424. 2424. 2424. 2424.
 1853. 1853. 1853.    8.    8.    8.    8.    8.    8.    8.    8.    8.
    8.    8. 
 1853. 2424. 2424. 1853. 1853. 1853. 1853. 2424. 2424. 1853. 1853. 1853.
 1853. 2424. 2424. 1853. 1853. 2424. 2424. 2424. 2424. 2424. 2424. 2424.
 1853. 1853. 
    8.    8.    8.    8.    8.    8.    8.    8. 1853. 1853. 2424. 2424.
 2424. 1853. 1853. 1853. 2424. 2424. 2424. 2424. 2424. 2424. 2424. 1853.
 1853. 1853. 
 1853.    8.    8.    8.    8.    8.    8.    8.    8.    8.    8. 1853.
 1853. 2424. 1853. 1853. 2424. 2424. 2424. 2424. 2424. 2424. 2424. 2424.
 1853. 2424. 
 2424. 1853. 1853. 2424. 2424. 2424. 2424. 1853. 1853. 1853. 1853.    8.
    8.    8.    8.    8.    8.    8.    8. 1853. 1853. 2424. 2424. 2424.
 1853. 1853. 
 1853. 1853. 1853. 1853. 1853. 2424. 2424. 2424. 1853. 1853. 1853. 1853.
    8.    8.    8.    8.    8.    8.    8.    8.    8.    8.    8. 1853.
 1853. 2424. 
 1853. 2424. 2424. 2424. 2424. 2424. 2424. 2424. 2424. 2424. 2424. 2424.
 2424. 1853. 1853. 1853. 1853. 1853. 1853. 1853.    8.    8.    8.    8.
    8.    8. 
    8.    8.    8.    8.    8. 1853. 1853. 2424. 2424. 2424. 1853. 2424.
 2424. 1853. 2424. 1853. 1853. 1853. 1853. 1853. 1853. 1853. 1853.    8.
    8.    8. 
    8.    8.    8.    8.    8.    8.    8.    8.    8. 1853. 2424. 2424.
 1853. 2424. 2424. 2424. 1853. 1853. 1853. 1853. 1853. 2424. 2424. 2424.
 1853. 2424. 
 2424. 1853.    8.    8.    8.    8.    8.    8.    8.    8.    8.    8.
    8.    8.    8.    8.    8. 1853. 1853. 2424. 2424. 1853. 1853. 1853.
 1853. 1853. 
 2424. 2424. 2424. 1853. 2424. 2424. 1853. 1853.    8.    8.    8.    8.
    8.    8.    8.    8.    8.    8.    8.    8.    8. 1853. 1853. 2424.
 1853. 2424. 
 2424. 2424. 1853.    8.    8.    8. 1853. 1853. 1853. 1853. 1853. 2424.
 2424. 2424. 1853. 1853.    8.    8.    8.    8.    8.    8.    8.    8.
    8.    8. 
    8.    8. 1853. 1853. 2424. 2424. 2424. 1853. 1853. 1853.    8. 1853.
 1853. 2424. 2424. 1853. 1853. 2424. 1853. 1853.    8.    8.    8.    8.
 1853. 1853. 
 1853. 1853. 1853. 1853. 1853. 1853.    8. 1853. 1853. 2424. 1853. 1853.
 2424. 2424. 1853.    8.    8.    8.    8.    8.    8.    8. 1853. 1853.
 2424. 2424. 
 2424. 1853. 1853.    8.    8.    8.    8.    8.    8.    8.    8.    8.
    8.    8. 1853. 1853. 2424. 2424. 2424. 1853. 1853. 1853.    8.    8.
 1853. 2424. 
 2424. 2424. 1853. 2424. 2424. 1853. 1853.    8.    8. 1853. 1853. 1853.
 2424. 2424. 2424. 1853. 1853. 1853. 1853. 1853. 1853. 2424. 2424. 1853.
 2424. 2424. 
 1853. 1853.    8.    8.    8.    8.    8.    8. 1853. 1853. 1853. 2424.
 2424. 2424. 2424. 1853.    8.    8.    8.    8.    8.    8.    8.    8.
    8.    8. 
 1853. 2424. 2424. 2424. 1853. 1853. 1853.    8.    8.    8. 1853. 2424.
 2424. 2424. 1853. 2424. 2424. 1853. 1853.    8. 1853. 1853. 2424. 2424.
 2424. 2424. 
 1853. 1853. 1853. 1853. 2424. 2424. 2424. 2424. 2424. 1853. 2424. 2424.
 2424. 1853.    8.    8.    8.    8.    8.    8.    8.    8. 1853. 1853.
 2424. 2424. 
 2424. 2424. 1853.    8.    8.    8.    8.    8.    8.    8.    8.    8.
 2424. 2424. 2424. 2424. 1853. 1853. 1853. 1853. 1853.    8. 1853. 1853.
 2424. 2424. 
 1853. 2424. 2424. 2424. 1853. 1853. 1853. 2424. 2424. 2424. 2424. 1853.
 1853. 2424. 2424. 1853. 1853. 1853. 1853. 2424. 1853. 1853. 2424. 2424.
 2424. 1853. 
    8.    8.    8.    8.    8. 1853. 1853. 1853. 1853. 1853. 1853. 2424.
 2424. 2424. 1853.    8.    8.    8.    8.    8.    8.    8.    8.    8.
 2424. 2424. 
 2424. 1853. 1853. 2424. 2424. 2424. 1853. 1853. 1853. 1853. 2424. 2424.
 1853. 2424. 2424. 2424. 1853. 1853. 1853. 2424. 2424. 2424. 1853. 1853.
 2424. 2424. 
 2424. 2424. 2424. 2424. 1853. 1853. 1853. 1853. 2424. 2424. 1853. 1853.
    8.    8.    8. 1853. 1853. 2424. 2424. 2424. 2424. 2424. 2424. 2424.
 2424. 2424. 
 1853.    8.    8.    8.    8.    8.    8.    8.    8.    8. 2424. 2424.
 1853. 1853. 1853. 2424. 2424. 2424. 2424. 1853. 1853. 2424. 2424. 2424.
 1853. 2424. 
 2424. 2424. 1853. 1853. 2424. 2424. 2424. 1853. 1853. 2424. 2424. 1853.
 1853. 2424. 2424. 2424. 2424. 1853. 1853. 1853. 2424. 2424. 1853. 1853.
    8.    8. 
 1853. 1853. 2424. 2424. 2424. 2424. 2424. 2424. 2424. 2424. 2424. 2424.
 1853.    8.    8.    8.    8.    8.    8.    8.    8.    8. 1853. 1853.
 1853. 1853. 
 1853. 1853. 1853. 2424. 2424. 2424. 2424. 2424. 2424. 1853. 1853. 2424.
 2424. 2424. 1853. 1853. 2424. 2424. 2424. 1853. 1853. 2424. 2424. 1853.
 1853. 1853. 
 1853. 2424. 2424. 2424. 2424. 2424. 2424. 2424. 1853.    8.    8.    8.
 1853. 2424. 2424. 2424. 2424. 1853. 2424. 2424. 2424. 2424. 1853. 1853.
    8.    8. 
    8.    8.    8.    8.    8.    8.    8.    8. 2424. 2424. 1853. 1853.
 1853. 1853. 1853. 1853. 2424. 2424. 2424. 1853. 1853. 1853. 2424. 2424.
 2424. 2424. 
 1853. 1853. 2424. 2424. 1853. 1853. 2424. 2424. 1853. 1853.    8.    8.
 1853. 1853. 1853. 2424. 2424. 2424. 2424. 1853. 1853.    8.    8. 1853.
 1853. 2424. 
 2424. 1853. 1853. 2424. 1853. 1853. 1853. 1853. 1853.    8.    8.    8.
    8.    8.    8.    8.    8.    8.    8.    8. 2424. 2424. 1853. 1853.
 1853.    8. 
    8. 1853. 1853. 1853. 1853. 1853. 1853. 2424. 2424. 2424. 2424. 1853.
 1853. 2424. 2424. 2424. 1853. 1853. 2424. 2424. 1853. 1853.    8.    8.
    8.    8. 
 1853. 1853. 1853. 1853. 1853. 1853.    8.    8.    8. 1853. 1853. 2424.
 2424. 1853. 1853. 1853. 1853. 1853.    8.    8.    8.    8.    8.    8.
    8.    8. 
    8.    8.    8.    8.    8.    8. 2424. 2424. 2424. 1853.    8.    8.
 1853. 1853. 1853. 1853. 2424. 2424. 2424. 2424. 2424. 2424. 1853. 1853.
 1853. 2424. 
 2424. 2424. 1853. 1853. 2424. 2424. 2424. 1853.    8.    8.    8.    8.
    8.    8. 1853. 1853.    8.    8.    8.    8.    8. 1853. 1853. 2424.
 2424. 1853. 
 1853.    8.    8.    8.    8.    8.    8.    8.    8.    8.    8.    8.
    8.    8.    8.    8.    8.    8. 1853. 2424. 2424. 1853.    8. 1853.
 1853. 2424. 
 2424. 2424. 2424. 2424. 2424. 2424. 1853. 1853. 2424. 2424. 2424. 2424.
 2424. 1853. 1853. 1853. 2424. 2424. 2424. 1853.    8.    8.    8.    8.
    8.    8. 
    8.    8.    8.    8.    8.    8.    8. 1853. 1853. 1853. 2424. 2424.
 1853.    8.    8.    8.    8.    8.    8.    8.    8.    8.    8.    8.
    8.    8. 
    8.    8.    8.    8. 1853. 2424. 2424. 1853.    8. 1853. 2424. 2424.
 2424. 2424. 2424. 1853. 1853. 1853. 1853. 2424. 2424. 2424. 2424. 2424.
 2424. 1853. 
 1853. 1853. 2424. 2424. 2424. 1853.    8.    8.    8.    8.    8.    8.
    8.    8.    8.    8.    8.    8.    8.    8. 1853. 1853. 2424. 2424.
 1853.    8. 
    8.    8.    8.    8.    8.    8.    8.    8.    8.    8.    8.    8.
    8.    8.    8.    8. 1853. 2424. 2424. 1853. 1853. 1853. 2424. 2424.
 2424. 1853. 
 1853. 1853. 1853. 1853. 1853. 2424. 2424. 2424. 2424. 2424. 1853. 1853.
    8. 1853. 1853. 2424. 2424. 1853.    8.    8.    8.    8.    8.    8.
    8.    8. 
    8.    8.    8.    8.    8.    8. 1853. 1853. 2424. 2424. 1853.    8.
    8.    8.    8.    8.    8.    8.    8.    8.    8.    8.    8.    8.
    8.    8. 
    8.    8. 1853. 2424. 2424. 1853. 1853. 1853. 1853. 2424. 2424. 1853.
 2424. 2424. 1853. 1853. 1853. 1853. 1853. 1853. 1853. 1853. 1853. 1853.
    8. 1853. 
 2424. 2424. 2424. 1853.    8.    8.    8.    8.    8.    8.    8.    8.
    8.    8.    8.    8.    8.    8. 1853. 1853. 2424. 2424. 1853.    8.
    8.    8. 
    8.    8.    8.    8.    8.    8.    8.    8.    8.    8.    8.    8.
    8.    8. 2424. 2424. 2424. 1853.    8. 1853. 1853. 2424. 2424. 1853.
 1853. 2424. 
 2424. 1853.    8.    8. 1853. 1853. 1853. 1853. 1853. 1853. 1853. 1853.
 2424. 2424. 1853. 1853.    8.    8.    8.    8.    8.    8. 1853. 1853.
    8.    8. 
    8.    8.    8.    8.    8. 1853. 2424. 2424. 1853. 1853.    8.    8.
    8.    8.    8.    8.    8.    8.    8.    8.    8.    8.    8.    8.
    8.    8. 
 2424. 2424. 1853. 1853.    8. 1853. 1853. 2424. 2424. 2424. 1853. 2424.
 2424. 1853.    8. 1853. 1853. 1853. 1853. 1853. 1853. 1853. 2424. 2424.
 2424. 2424. 
 1853.    8.    8.    8.    8. 1853. 1853. 2424. 2424. 2424. 1853. 1853.
 1853. 1853. 1853. 1853. 1853. 1853. 2424. 2424. 1853. 1853. 1853.    8.
    8.    8. 
    8.    8.    8.    8.    8.    8.    8.    8.    8.    8.    8.    8.
 1853. 1853. 1853.    8.    8.    8. 1853. 2424. 2424. 2424. 1853. 2424.
 2424. 1853. 
 1853. 1853. 2424. 2424. 2424. 2424. 2424. 2424. 2424. 2424. 2424. 1853.
    8.    8.    8.    8.    8. 1853. 2424. 2424. 2424. 2424. 2424. 2424.
 2424. 2424. 
 2424. 2424. 2424. 2424. 2424. 1853. 1853. 2424. 1853.    8.    8.    8.
    8.    8.    8.    8.    8.    8.    8.    8.    8.    8.    8.    8.
    8.    8. 
    8.    8.    8.    8. 1853. 1853. 2424. 2424. 1853. 1853. 2424. 1853.
 1853. 2424. 2424. 2424. 2424. 2424. 2424. 2424. 2424. 2424. 1853. 1853.
    8.    8. 
    8.    8. 1853. 2424. 2424. 2424. 2424. 2424. 2424. 2424. 2424. 2424.
 2424. 2424. 2424. 2424. 2424. 1853. 2424. 2424. 1853.    8.    8.    8.
    8.    8. 
    8.    8.    8.    8.    8.    8.    8.    8.    8.    8.    8.    8.
    8. 1853. 1853. 1853. 1853. 1853. 2424. 2424. 1853. 1853. 2424. 1853.
 1853. 2424. 
 2424. 2424. 1853. 1853. 1853. 1853. 1853. 1853.    8.    8.    8.    8.
    8.    8. 1853. 2424. 2424. 1853. 1853. 1853. 1853. 1853. 2424. 2424.
 2424. 2424. 
 2424. 1853. 1853. 2424. 2424. 2424. 1853.    8.    8.    8.    8.    8.
    8.    8.    8.    8.    8.    8.    8.    8.    8.    8. 1853. 1853.
 1853. 1853. 
 2424. 2424. 1853. 1853. 2424. 2424. 1853. 2424. 2424. 1853. 1853. 2424.
 2424. 2424. 1853.    8.    8.    8.    8.    8.    8.    8.    8.    8.
    8. 1853. 
 2424. 2424. 2424. 1853.    8.    8.    8.    8. 1853. 1853. 1853. 1853.
 1853. 1853. 2424. 2424. 2424. 1853. 1853.    8.    8.    8.    8.    8.
    8.    8. 
    8.    8.    8.    8.    8.    8.    8.    8. 1853. 1853. 1853. 1853.
 1853. 1853. 1853. 2424. 2424. 1853. 1853. 2424. 2424. 1853. 1853. 2424.
 2424. 2424. 
 1853.    8.    8.    8.    8.    8.    8.    8.    8.    8.    8. 1853.
 2424. 2424. 2424. 1853.    8.    8.    8.    8. 1853. 1853. 2424. 2424.
 2424. 2424. 
 2424. 2424. 1853.    8.    8.    8.    8.    8.    8.    8.    8.    8.
    8.    8.    8.    8.    8.    8.    8.    8. 2424. 2424. 2424. 2424.
 2424. 1853. 
 2424. 2424. 2424. 1853. 2424. 2424. 1853. 1853. 1853. 2424. 2424. 2424.
 1853.    8.    8.    8.    8.    8.    8.    8.    8.    8.    8.    8.
 1853. 2424. 
 2424. 1853.    8.    8.    8. 1853. 1853. 2424. 2424. 2424. 2424. 1853.
 1853. 1853.    8.    8.    8.    8.    8.    8.    8.    8.    8.    8.
    8.    8. 
    8.    8.    8.    8.    8.    8. 2424. 2424. 2424. 2424. 2424. 2424.
 2424. 2424. 2424. 1853. 2424. 1853. 1853.    8. 1853. 1853. 2424. 2424.
 2424. 1853. 
    8.    8.    8.    8.    8.    8.    8.    8.    8.    8. 1853. 2424.
 2424. 2424. 1853.    8.    8. 1853. 2424. 2424. 2424. 1853. 1853.    8.
    8.    8. 
    8.    8.    8.    8.    8.    8.    8.    8.    8.    8.    8.    8.
    8.    8.    8.    8.    8.    8. 1853. 1853. 1853. 2424. 2424. 2424.
 2424. 1853. 
 1853. 1853. 1853. 1853.    8.    8.    8. 1853. 2424. 2424. 2424. 1853.
    8.    8.    8.    8.    8.    8.    8.    8.    8.    8. 1853. 2424.
 2424. 1853. 
    8.    8.    8. 1853. 2424. 2424. 2424. 1853.    8.    8.    8.    8.
    8.    8.    8.    8.    8.    8.    8.    8.    8.    8.    8.    8.
    8.    8. 
    8.    8.    8.    8. 2424. 2424. 1853. 1853. 1853. 1853. 1853. 1853.
    8.    8.    8.    8.    8.    8. 1853. 1853. 2424. 2424. 2424. 1853.
    8.    8. 
    8.    8.    8.    8.    8.    8.    8.    8. 1853. 2424. 2424. 1853.
    8.    8.    8.    8. 1853. 2424. 2424. 2424. 1853.    8.    8.    8.
    8.    8. 
    8.    8.    8.    8.    8.    8.    8.    8.    8.    8.    8.    8.
    8.    8.    8.    8. 2424. 2424. 2424. 1853.    8.    8.    8.    8.
    8. 1853. 
 1853. 1853. 1853. 1853. 1853. 1853. 2424. 2424. 1853. 1853.    8.    8.
    8.    8.    8.    8.    8.    8. 1853. 1853. 2424. 2424. 2424. 1853.
    8.    8. 
    8.    8. 1853. 1853. 2424. 2424. 2424. 1853. 1853.    8.    8.    8.
    8.    8.    8.    8.    8.    8.    8.    8.    8.    8.    8.    8.
    8.    8. 
    8.    8. 2424. 2424. 2424. 1853.    8.    8.    8.    8. 1853. 1853.
 2424. 2424. 2424. 2424. 2424. 2424. 2424. 2424. 1853. 1853.    8. 1853.
 1853. 1853. 
 1853. 1853. 1853. 1853. 2424. 2424. 2424. 2424. 1853. 1853.    8.    8.
    8.    8.    8. 1853. 2424. 2424. 2424. 2424. 1853.    8.    8.    8.
    8.    8. 
 8. 8. 8. 8. 8. 8. 8. 8. 8. 8. 8. 8. 8. 8. 
/