PERMI
   25.   25.   25.   25.   25.   25.   25.   25.   25.   25.   25.   25.
   25.   25.   25. 2904.   25.   25.   25.   25.   25. 2904. 3635. 3635.
 3635. 2904. 
 2904. 3635. 3635. 3635. 3635. 3635. 3635. 3635. 2904.   25.   25.   25.
   25. 2904. 2904.   25.   25.   25.   25.   25.   25.   25.   25.   25.
   25.   25. 
   25.   25.   25.   25.   25.   25.   25.   25.   25.   25.   25.   25.
   25.   25.   25.   25.   25.   25.   25.   25.   25.   25.   25.   25.
   25. 2904. 
 2904. 3635. 2904. 2904.   25.   25.   25. 2904. 2904. 3635. 3635. 3635.
 3635. 3635. 3635. 3635. 2904. 2904. 3635. 3635. 3635. 3635. 3635. 2904.
 2904. 3635. 
 3635. 2904. 2904.   25.   25.   25.   25.   25.   25.   25.   25.   25.
   25.   25.   25.   25.   25.   25.   25.   25. 2904. 2904. 2904.   25.
   25.   25. 
 2904. 2904. 2904. 2904. 2904.   25.   25.   25.   25. 2904. 2904. 3635.
 3635. 3635. 3635. 2904. 2904.   25.   25.   25. 2904. 2904. 3635. 3635.
 3635. 3635. 
 3635. 2904.   25. 2904. 2904. 3635. 3635. 3635. 3635. 3635. 3635. 3635.
 3635. 3635. 3635. 2904.   25.   25.   25.   25. 2904. 2904. 2904. 2904.
 2904. 2904. 
   25.   25.   25.   25. 2904. 2904. 3635. 3635. 2904. 2904. 2904. 2904.
 3635. 3635. 3635. 3635. 2904. 2904. 2904. 2904. 2904. 3635. 3635. 3635.
 3635. 3635. 
 3635. 3635. 2904. 2904.   25.   25. 2904. 2904. 2904. 3635. 3635. 3635.
 2904. 2904.   25.   25. 2904. 2904. 3635. 3635. 3635. 3635. 3635. 3635.
 3635. 3635. 
 3635. 2904. 2904. 2904. 2904. 2904. 3635. 3635. 3635. 3635. 3635. 3635.
 2904. 2904. 2904. 2904. 2904. 3635. 3635. 3635. 3635. 2904. 2904. 3635.
 3635. 3635. 
 3635. 3635. 3635. 2904. 3635. 3635. 3635. 3635. 3635. 3635. 2904. 2904.
 3635. 3635. 3635. 3635. 2904. 2904. 3635. 3635. 3635. 2904. 2904. 2904.
 2904. 2904. 
   25.   25.   25. 2904. 2904. 2904. 2904. 2904. 2904. 2904. 2904. 3635.
 3635. 3635. 2904. 2904. 2904. 3635. 3635. 3635. 3635. 3635. 3635. 3635.
 3635. 2904. 
 3635. 2904. 3635. 3635. 3635. 2904. 3635. 3635. 3635. 3635. 3635. 3635.
 3635. 3635. 3635. 3635. 3635. 3635. 3635. 3635. 3635. 2904. 2904. 2904.
 2904. 3635. 
 3635. 3635. 3635. 3635. 3635. 3635. 3635. 3635. 3635. 3635. 3635. 3635.
 2904.   25. 2904. 2904. 3635. 3635. 3635. 3635. 3635. 2904.   25. 2904.
 3635. 3635. 
 3635. 3635. 3635. 3635. 3635. 3635. 2904. 2904. 2904. 3635. 3635. 3635.
 2904. 3635. 3635. 3635. 2904. 2904. 3635. 3635. 3635. 3635. 2904. 2904.
 2904. 2904. 
 3635. 3635. 3635. 3635. 2904. 2904. 2904.   25.   25.   25. 2904. 2904.
 3635. 3635. 3635. 3635. 3635. 2904. 2904. 2904. 2904. 3635. 3635. 3635.
 2904. 2904. 
 3635. 3635. 3635. 3635. 3635. 3635. 3635. 3635. 2904. 2904. 2904. 3635.
 3635. 3635. 3635. 3635. 3635. 2904. 3635. 3635. 3635. 2904. 3635. 3635.
 3635. 3635. 
 3635. 3635. 2904. 2904. 3635. 3635. 3635. 2904. 2904.   25.   25. 2904.
 2904. 2904. 2904. 2904.   25.   25.   25.   25.   25.   25.   25.   25.
 2904. 2904. 
 2904. 2904. 2904.   25.   25.   25.   25. 2904. 3635. 3635. 3635. 3635.
 3635. 3635. 2904. 2904. 2904. 2904. 3635. 3635. 3635. 2904. 2904. 2904.
 3635. 3635. 
 3635. 3635. 2904. 2904. 2904. 3635. 3635. 2904. 2904. 3635. 3635. 3635.
 3635. 2904. 3635. 3635. 2904. 2904. 2904.   25.   25.   25.   25.   25.
   25.   25. 
   25.   25.   25.   25.   25.   25.   25.   25.   25.   25.   25.   25.
   25.   25.   25.   25.   25.   25.   25. 2904. 2904. 3635. 3635. 3635.
 2904. 2904. 
   25. 2904. 2904. 2904. 2904. 3635. 3635. 3635. 3635. 3635. 2904. 2904.
 2904. 2904. 2904. 2904. 2904. 2904. 2904. 2904. 2904. 2904. 2904. 2904.
 2904. 2904. 
 2904. 2904. 2904. 2904.   25.   25. 2904. 2904.   25.   25.   25.   25.
   25.   25.   25.   25.   25.   25.   25.   25.   25.   25.   25.   25.
   25.   25. 
   25.   25. 2904. 2904. 2904. 2904. 2904. 2904. 2904. 2904. 2904.   25.
 2904. 2904. 2904. 2904. 2904. 2904. 3635. 3635. 3635. 3635. 2904. 2904.
 2904. 2904. 
 3635. 3635. 3635. 3635. 3635. 3635. 2904. 2904. 2904. 2904. 2904. 3635.
 3635. 3635. 3635. 3635. 2904. 2904. 2904. 2904. 2904. 2904.   25.   25.
   25.   25. 
   25.   25.   25.   25.   25.   25.   25.   25.   25.   25.   25.   25.
 2904. 2904. 3635. 3635. 2904. 3635. 2904. 2904.   25.   25. 2904. 2904.
 2904. 3635. 
 3635. 3635. 3635. 2904. 2904. 2904. 2904. 2904. 2904. 2904. 2904. 3635.
 3635. 3635. 3635. 3635. 3635. 3635. 3635. 3635. 3635. 3635. 3635. 3635.
 3635. 3635. 
 3635. 3635. 3635. 3635. 3635. 3635. 3635. 2904. 2904.   25.   25.   25.
   25.   25.   25. 2904. 2904. 2904. 2904. 2904. 2904.   25.   25. 2904.
 2904. 3635. 
 3635. 3635. 2904. 2904. 2904. 2904. 2904. 2904. 2904. 2904. 3635. 3635.
 3635. 3635. 3635. 3635. 3635. 2904. 2904. 3635. 2904. 2904. 3635. 3635.
 3635. 3635. 
 3635. 3635. 3635. 3635. 3635. 3635. 3635. 3635. 3635. 3635. 3635. 2904.
 2904. 3635. 3635. 3635. 3635. 3635. 3635. 3635. 2904. 2904.   25.   25.
   25. 2904. 
 2904. 2904. 3635. 3635. 3635. 3635. 2904. 2904. 2904. 2904. 3635. 3635.
 2904. 2904. 2904. 2904. 3635. 3635. 3635. 3635. 3635. 3635. 3635. 3635.
 3635. 2904. 
 3635. 3635. 3635. 3635. 2904. 2904. 2904. 3635. 3635. 3635. 2904. 2904.
 2904. 2904. 2904. 3635. 3635. 3635. 3635. 3635. 3635. 2904. 2904. 2904.
 2904. 2904. 
 3635. 2904. 2904. 2904. 2904. 2904. 2904. 2904. 2904. 2904. 2904. 2904.
 3635. 3635. 3635. 3635. 3635. 3635. 3635. 3635. 3635. 3635. 3635. 3635.
 2904. 3635. 
 3635. 3635. 3635. 3635. 3635. 3635. 3635. 3635. 3635. 3635. 2904. 2904.
 2904. 3635. 3635. 3635. 3635. 3635. 3635. 3635. 3635. 2904. 2904. 3635.
 3635. 2904. 
 2904. 2904. 2904. 2904. 2904. 2904. 2904. 3635. 3635. 2904. 2904. 2904.
 2904. 2904. 2904. 3635. 3635. 3635. 2904. 2904. 2904. 3635. 3635. 3635.
 3635. 3635. 
 2904. 2904. 2904. 2904. 3635. 3635. 3635. 3635. 3635. 2904. 3635. 3635.
 3635. 3635. 3635. 3635. 3635. 3635. 3635. 3635. 2904. 2904. 2904.   25.
 2904. 2904. 
 2904. 3635. 3635. 3635. 3635. 3635. 3635. 2904. 2904. 3635. 3635. 3635.
 2904. 2904. 3635. 3635. 3635. 3635. 3635. 3635. 3635. 3635. 2904. 2904.
 3635. 3635. 
 3635. 3635. 3635. 3635. 3635. 3635. 2904. 2904. 3635. 3635. 2904. 2904.
 3635. 3635. 3635. 3635. 2904. 2904. 3635. 2904. 2904. 3635. 3635. 3635.
 2904. 2904. 
 2904. 2904. 2904. 2904. 2904. 2904. 2904. 2904.   25.   25.   25.   25.
 2904. 2904. 3635. 3635. 3635. 2904. 2904.   25. 2904. 2904. 3635. 3635.
 3635. 3635. 
 3635. 3635. 3635. 2904. 2904. 3635. 3635. 3635. 3635. 2904. 3635. 3635.
 3635. 3635. 2904. 3635. 3635. 3635. 3635. 2904. 2904. 2904. 2904. 3635.
 3635. 3635. 
 3635. 3635. 3635. 2904. 2904. 2904. 3635. 3635. 3635. 3635. 2904.   25.
 2904. 2904. 2904. 2904. 2904. 2904.   25.   25.   25.   25.   25.   25.
   25. 2904. 
 2904. 2904. 2904.   25.   25.   25.   25. 2904. 3635. 3635. 3635. 3635.
 3635. 3635. 2904. 2904.   25. 2904. 2904. 3635. 3635. 3635. 3635. 2904.
 2904. 2904. 
 2904. 2904. 2904. 3635. 3635. 3635. 2904. 2904. 3635. 3635. 3635. 3635.
 3635. 3635. 3635. 3635. 3635. 3635. 3635. 3635. 2904. 2904.   25.   25.
   25. 2904. 
 2904. 2904. 2904.   25.   25.   25.   25.   25.   25.   25.   25.   25.
   25.   25.   25.   25.   25.   25.   25.   25. 2904. 2904. 3635. 3635.
 3635. 2904. 
 2904.   25.   25.   25. 2904. 3635. 3635. 3635. 2904. 2904. 2904.   25.
   25.   25. 2904. 2904. 3635. 3635. 3635. 3635. 3635. 3635. 3635. 2904.
 2904. 2904. 
 2904. 3635. 3635. 3635. 3635. 2904. 2904.   25.   25.   25.   25.   25.
   25.   25.   25.   25.   25.   25.   25.   25.   25.   25.   25.   25.
   25.   25. 
   25.   25.   25.   25.   25.   25.   25. 2904. 2904. 2904. 2904.   25.
   25.   25.   25.   25. 2904. 2904. 3635. 3635.   25.   25.   25.   25.
   25.   25. 
   25. 2904. 3635. 3635. 3635. 3635. 3635. 3635. 2904. 2904.   25.   25.
   25. 2904. 2904. 2904. 2904. 2904.   25.   25.   25.   25.   25.   25.
   25.   25. 
 25. 25. 25. 25. 25. 25. 25. 25. 25. 25. 25. 25. 25. 25. 25. 25. 25. 25.
 25. 25. 25. 25. 25. 25. 25. 25. 
   25.   25.   25. 2904. 2904. 2904.   25.   25.   25.   25.   25.   25.
   25. 2904. 2904. 2904. 2904. 2904. 2904. 2904. 2904.   25.   25.   25.
   25.   25. 
 25. 25. 25. 25. 25. 25. 25. 25. 25. 25. 25. 25. 25. 25. 25. 25. 25. 25.
 25. 25. 25. 25. 25. 25. 25. 25. 
 25. 25. 25. 25. 25. 25. 25. 25. 25. 25. 25. 25. 25. 25. 25. 25. 25. 25.
 25. 25. 25. 25. 25. 25. 25. 25. 
   25.   25.   25. 2904. 2904.   25.   25.   25.   25.   25.   25.   25.
   25.   25.   25.   25.   25.   25.   25.   25.   25.   25.   25.   25.
   25.   25. 
 25. 25. 25. 25. 25. 25. 25. 25. 25. 25. 25. 25. 25. 25. 25. 25. 25. 25.
 25. 25. 25. 25. 25. 25. 25. 25. 
 25. 25. 25. 25. 25. 25. 25. 25. 25. 25. 25. 25. 25. 25. 25. 25. 25. 25.
 25. 25. 25. 25. 25. 25. 25. 25. 
 25. 25. 25. 25. 25. 25. 25. 25. 25. 25. 25. 25. 25. 25. 25. 25. 25. 25.
 25. 25. 25. 25. 25. 25. 25. 25. 
 25. 25. 25. 25. 25. 25. 25. 25. 25. 25. 25. 25. 25. 25. 25. 25. 25. 25.
 25. 25. 25. 25. 25. 25. 25. 25. 
 25. 25. 25. 25. 25. 25. 25. 25. 25. 25. 25. 25. 25. 25. 25. 25. 25. 25.
 25. 25. 25. 25. 25. 25. 25. 25. 
 25. 25. 25. 25. 25. 25. 25. 25. 25. 25. 25. 25. 25. 25. 25. 25. 25. 25.
 25. 25. 25. 25. 25. 25. 25. 25. 
 25. 25. 25. 25. 25. 25. 25. 25. 25. 25. 25. 25. 25. 25. 25. 25. 25. 25.
 25. 25. 25. 25. 25. 25. 25. 25. 
 25. 25. 25. 25. 25. 25. 25. 25. 25. 25. 25. 25. 25. 25. 25. 25. 25. 25.
 25. 25. 25. 25. 25. 25. 25. 25. 
 25. 25. 25. 25. 25. 25. 25. 25. 25. 25. 25. 25. 25. 25. 25. 25. 25. 25.
 25. 25. 25. 25. 25. 25. 25. 25. 
 25. 25. 25. 25. 25. 25. 25. 25. 25. 25. 25. 25. 25. 25. 25. 25. 25. 25.
 25. 25. 25. 25. 25. 25. 25. 25. 
 25. 25. 25. 25. 25. 25. 25. 25. 25. 25. 25. 25. 25. 25. 25. 25. 25. 25.
 25. 25. 25. 25. 25. 25. 25. 25. 
 25. 25. 25. 25. 25. 25. 25. 25. 25. 25. 25. 25. 25. 25. 25. 25. 25. 25.
 25. 25. 25. 25. 25. 25. 25. 25. 
 25. 25. 25. 25. 25. 25. 25. 25. 25. 25. 25. 25. 25. 25. 25. 25. 25. 25.
 25. 25. 25. 25. 25. 25. 25. 25. 
   25.   25.   25.   25.   25.   25.   25.   25.   25.   25.   25.   25.
 2904. 2904.   25.   25.   25.   25. 2904. 2904. 2904. 2904.   25.   25.
   25.   25. 
 25. 25. 25. 25. 25. 25. 25. 25. 25. 25. 25. 25. 25. 25. 25. 25. 25. 25.
 25. 25. 25. 25. 25. 25. 25. 25. 
   25.   25.   25.   25.   25.   25.   25.   25.   25.   25.   25.   25.
   25.   25.   25.   25.   25.   25.   25.   25.   25.   25.   25.   25.
 3635. 2904. 
 2904.   25.   25. 2904. 2904. 3635. 3635. 2904. 2904.   25.   25.   25.
   25.   25.   25.   25.   25.   25.   25.   25.   25.   25.   25.   25.
   25.   25. 
 25. 25. 25. 25. 25. 25. 25. 25. 25. 25. 25. 25. 25. 25. 25. 25. 25. 25.
 25. 25. 25. 25. 25. 25. 25. 25. 
   25.   25.   25.   25.   25.   25.   25.   25.   25.   25. 3635. 3635.
 2904. 2904. 2904. 2904. 3635. 3635. 3635. 3635. 2904. 2904.   25.   25.
   25.   25. 
 25. 25. 25. 25. 25. 25. 25. 25. 25. 25. 25. 25. 25. 25. 25. 25. 25. 25.
 25. 25. 25. 25. 25. 25. 25. 25. 
   25.   25.   25.   25.   25.   25.   25.   25.   25.   25.   25.   25.
   25.   25.   25.   25.   25.   25.   25.   25.   25.   25. 3635. 3635.
 3635. 3635. 
 2904. 3635. 3635. 3635. 3635. 3635. 3635. 2904.   25.   25.   25.   25.
   25.   25.   25. 2904. 2904.   25.   25.   25.   25.   25.   25.   25.
   25.   25. 
   25. 2904.   25.   25.   25.   25.   25.   25.   25.   25.   25.   25.
   25.   25.   25.   25.   25.   25.   25.   25.   25.   25.   25.   25.
   25.   25. 
   25.   25.   25.   25.   25.   25.   25.   25. 2904. 3635. 3635. 3635.
 3635. 3635. 3635. 2904. 3635. 3635. 3635. 2904. 2904. 2904. 2904.   25.
   25. 2904. 
 2904. 3635. 3635. 2904. 2904.   25.   25.   25.   25.   25. 2904. 3635.
 2904. 3635. 2904. 2904.   25.   25.   25.   25.   25.   25.   25.   25.
   25.   25. 
   25.   25.   25.   25.   25.   25.   25.   25.   25.   25.   25.   25.
   25.   25.   25.   25.   25.   25.   25.   25. 2904. 2904. 3635. 3635.
 3635. 3635. 
 2904. 2904. 2904. 3635. 3635. 3635. 3635. 2904. 2904. 2904. 2904. 2904.
 2904. 3635. 3635. 3635. 3635. 2904. 2904.   25.   25. 2904. 3635. 3635.
 3635. 3635. 
 3635. 2904.   25.   25.   25.   25. 2904. 2904. 2904. 2904. 2904.   25.
   25.   25.   25.   25.   25.   25.   25.   25.   25.   25.   25.   25.
   25.   25. 
   25.   25.   25.   25.   25.   25.   25. 2904. 2904. 2904. 2904. 2904.
 3635. 3635. 2904. 3635. 3635. 3635. 3635. 3635. 3635. 3635. 3635. 3635.
 2904. 2904. 
 3635. 3635. 3635. 3635. 2904. 2904. 2904. 3635. 3635. 3635. 2904. 3635.
 3635. 3635. 2904. 2904. 2904. 2904. 3635. 3635. 3635. 3635. 3635. 2904.
 2904.   25. 
   25.   25.   25.   25.   25.   25.   25.   25.   25.   25.   25.   25.
   25.   25.   25.   25.   25.   25. 2904. 2904. 2904. 2904. 3635. 3635.
 3635. 3635. 
 2904. 2904. 3635. 3635. 3635. 3635. 3635. 3635. 3635. 3635. 3635. 2904.
 2904. 2904. 3635. 3635. 2904. 2904. 2904. 2904. 2904. 2904.   25. 2904.
 3635. 3635. 
 3635. 3635. 3635. 3635. 3635. 3635. 3635. 3635. 3635. 3635. 3635. 2904.
   25.   25.   25.   25. 2904. 2904. 2904. 2904.   25.   25.   25.   25.
   25.   25. 
   25.   25.   25.   25. 3635. 3635. 3635. 3635. 3635. 3635. 3635. 2904.
 2904. 2904. 2904. 2904. 2904. 3635. 3635. 3635. 3635. 3635. 3635. 2904.
 2904. 2904. 
 2904. 2904. 2904. 2904. 3635. 3635. 2904. 2904.   25.   25. 2904. 3635.
 3635. 2904. 2904. 2904. 2904. 3635. 2904. 3635. 3635. 3635. 3635. 2904.
   25.   25. 
   25. 2904. 3635. 3635. 3635. 3635. 2904. 2904.   25.   25.   25.   25.
   25.   25.   25.   25. 3635. 3635. 3635. 3635. 3635. 3635. 2904.   25.
   25.   25. 
   25. 2904. 2904. 2904. 2904. 2904. 2904. 3635. 3635. 3635. 2904. 2904.
 2904. 3635. 3635. 3635. 3635. 3635. 3635. 2904. 2904.   25.   25. 2904.
 2904. 2904. 
 3635. 3635. 2904. 2904. 2904. 2904. 2904. 2904. 2904. 2904. 2904. 2904.
 2904. 3635. 3635. 3635. 3635. 3635. 3635. 3635. 2904.   25.   25.   25.
   25.   25. 
 2904. 2904. 2904. 3635. 2904. 2904. 2904. 2904.   25.   25.   25.   25.
   25.   25.   25. 2904. 2904. 2904. 2904. 2904. 3635. 3635. 3635. 3635.
 3635. 3635. 
 3635. 3635. 3635. 3635. 3635. 3635. 2904. 2904. 2904. 2904. 3635. 3635.
 3635. 3635. 3635. 3635. 2904. 2904. 3635. 3635. 3635. 3635. 3635. 2904.
 3635. 3635. 
 3635. 3635. 2904. 3635. 3635. 3635. 3635. 2904. 2904. 2904. 2904. 2904.
 3635. 3635.   25.   25.   25.   25.   25.   25.   25.   25.   25.   25.
   25.   25. 
   25.   25.   25.   25. 2904. 2904. 3635. 3635. 3635. 3635. 3635. 3635.
 3635. 2904. 2904. 2904. 3635. 3635. 3635. 2904. 2904. 3635. 3635. 3635.
 2904. 2904. 
 3635. 3635. 3635. 3635. 3635. 3635. 3635. 3635. 3635. 3635. 2904. 3635.
 2904. 2904.   25. 2904. 3635. 3635. 3635. 3635. 3635. 3635. 3635. 3635.
 3635. 3635. 
   25.   25.   25.   25.   25.   25.   25.   25.   25.   25.   25.   25.
   25.   25.   25.   25.   25. 2904. 2904. 3635. 3635. 3635. 3635. 3635.
 2904. 2904. 
   25. 2904. 2904. 3635. 3635. 3635. 3635. 3635. 3635. 2904.   25. 2904.
 3635. 3635. 3635. 3635. 3635. 3635. 2904. 3635. 3635. 3635. 2904. 2904.
   25.   25. 
   25. 2904. 3635. 3635. 3635. 3635. 3635. 3635. 3635. 3635. 3635. 3635.
   25.   25.   25.   25.   25.   25.   25.   25.   25.   25.   25.   25.
   25.   25. 
   25.   25.   25.   25. 2904. 2904. 2904. 2904. 2904. 2904. 2904.   25.
   25.   25. 2904. 2904. 3635. 3635. 3635. 3635. 2904. 2904.   25.   25.
 2904. 3635. 
 3635. 3635. 2904. 2904.   25. 2904. 3635. 3635. 3635. 2904.   25.   25.
 2904. 2904. 2904. 2904. 3635. 3635. 3635. 3635. 3635. 2904. 2904. 2904.
   25.   25. 
 25. 25. 25. 25. 25. 25. 25. 25. 25. 25. 25. 25. 25. 25. 25. 25. 25. 25.
 25. 25. 25. 25. 25. 25. 25. 25. 
   25. 2904. 2904. 2904. 2904. 2904. 2904.   25.   25.   25.   25. 2904.
 2904. 2904.   25.   25.   25. 2904. 2904. 3635. 3635. 3635. 2904. 2904.
 2904. 2904. 
 2904. 2904. 2904. 2904. 2904. 2904. 2904.   25.   25.   25.   25.   25.
   25.   25.   25.   25.   25.   25.   25.   25.   25.   25.   25.   25.
   25.   25. 
   25.   25.   25.   25.   25.   25.   25.   25.   25.   25.   25.   25.
   25.   25.   25.   25. 2904.   25.   25.   25.   25.   25.   25.   25.
   25.   25. 
   25.   25.   25.   25. 2904. 3635. 3635. 3635. 3635. 3635. 3635. 3635.
 3635. 3635. 2904. 2904.   25.   25.   25.   25.   25.   25.   25.   25.
   25.   25. 
 25. 25. 25. 25. 25. 25. 25. 25. 25. 25. 25. 25. 25. 25. 25. 25. 25. 25.
 25. 25. 25. 25. 25. 25. 25. 25. 
   25.   25.   25.   25.   25.   25.   25.   25.   25.   25.   25.   25.
   25.   25.   25.   25.   25. 2904. 3635. 3635. 3635. 3635. 3635. 3635.
 3635. 3635. 
 3635. 2904. 2904.   25.   25.   25. 2904. 2904.   25.   25.   25.   25.
   25.   25.   25.   25.   25.   25.   25.   25.   25.   25.   25.   25.
   25.   25. 
 25. 25. 25. 25. 25. 25. 25. 25. 25. 25. 25. 25. 25. 25. 25. 25. 25. 25.
 25. 25. 25. 25. 25. 25. 25. 25. 
   25.   25.   25.   25. 2904. 2904. 2904. 2904. 2904. 2904. 2904. 3635.
 3635. 3635. 2904. 2904. 2904. 2904. 3635. 2904.   25.   25.   25.   25.
   25.   25. 
 25. 25. 25. 25. 25. 25. 25. 25. 25. 25. 25. 25. 25. 25. 25. 25. 25. 25.
 25. 25. 25. 25. 25. 25. 25. 25. 
   25.   25.   25.   25.   25.   25.   25.   25.   25.   25.   25.   25.
   25.   25.   25.   25.   25.   25. 2904.   25.   25.   25. 2904. 2904.
 3635. 3635. 
 3635. 3635. 3635. 3635. 3635. 3635. 2904. 2904. 2904.   25.   25.   25.
   25.   25.   25.   25.   25.   25.   25.   25.   25.   25.   25.   25.
   25.   25. 
 25. 25. 25. 25. 25. 25. 25. 25. 25. 25. 25. 25. 25. 25. 25. 25. 25. 25.
 25. 25. 25. 25. 25. 25. 25. 25. 
   25.   25.   25.   25.   25.   25.   25.   25.   25. 2904. 2904. 3635.
 3635. 3635. 3635. 3635. 3635. 3635. 3635. 3635. 2904. 2904.   25.   25.
   25.   25. 
 25. 25. 25. 25. 25. 25. 25. 25. 25. 25. 25. 25. 25. 25. 25. 25. 25. 25.
 25. 25. 25. 25. 25. 25. 25. 25. 
   25.   25.   25.   25.   25.   25.   25.   25.   25.   25.   25.   25.
   25.   25.   25.   25.   25.   25.   25.   25.   25.   25. 2904. 2904.
 2904. 2904. 
 2904. 2904. 2904. 2904. 3635. 3635. 3635. 2904.   25.   25.   25.   25.
   25.   25.   25.   25.   25.   25.   25.   25.   25.   25.   25.   25.
   25.   25. 
 25. 25. 25. 25. 25. 25. 25. 25. 25. 25. 25. 25. 25. 25. 25. 25. 25. 25.
 25. 25. 25. 25. 25. 25. 25. 25. 
   25.   25.   25.   25.   25.   25.   25.   25.   25.   25.   25.   25.
   25.   25.   25.   25. 2904. 3635. 3635. 2904. 2904.   25.   25.   25.
   25. 2904. 
 2904. 2904. 2904.   25.   25.   25.   25.   25.   25.   25.   25.   25.
   25.   25.   25.   25.   25.   25.   25.   25.   25.   25.   25.   25.
   25.   25. 
 25. 25. 25. 25. 25. 25. 25. 25. 25. 25. 25. 25. 25. 25. 25. 25. 25. 25.
 25. 25. 25. 25. 25. 25. 25. 25. 
   25.   25. 2904. 2904. 3635. 3635. 2904.   25.   25. 2904. 2904. 2904.
 3635. 3635. 3635. 2904.   25.   25.   25.   25.   25.   25.   25.   25.
   25.   25. 
 25. 25. 25. 25. 25. 25. 25. 25. 25. 25. 25. 25. 25. 25. 25. 25. 25. 25.
 25. 25. 25. 25. 25. 25. 25. 25. 
   25.   25.   25.   25.   25.   25.   25.   25.   25.   25.   25.   25.
   25.   25.   25. 2904. 3635. 3635. 2904. 2904. 2904. 3635. 3635. 3635.
 3635. 3635. 
 3635. 2904. 2904.   25.   25.   25.   25.   25.   25.   25.   25.   25.
   25.   25.   25.   25.   25.   25.   25.   25.   25.   25.   25.   25.
   25.   25. 
 25. 25. 25. 25. 25. 25. 25. 25. 25. 25. 25. 25. 25. 25. 25. 25. 25. 25.
 25. 25. 25. 25. 25. 25. 25. 25. 
   25. 2904. 2904. 3635. 3635. 3635. 3635. 3635. 3635. 3635. 2904. 3635.
 3635. 3635. 2904. 2904.   25.   25.   25.   25.   25.   25.   25.   25.
   25.   25. 
 25. 25. 25. 25. 25. 25. 25. 25. 25. 25. 25. 25. 25. 25. 25. 25. 25. 25.
 25. 25. 25. 25. 25. 25. 25. 25. 
   25.   25.   25.   25.   25.   25.   25.   25.   25.   25.   25.   25.
   25.   25. 2904. 2904. 3635. 3635. 3635. 3635. 3635. 2904. 2904. 2904.
 2904. 3635. 
 3635. 2904.   25.   25. 2904. 2904. 2904. 2904.   25.   25.   25.   25.
   25.   25.   25.   25.   25.   25.   25.   25.   25.   25.   25.   25.
   25.   25. 
 25. 25. 25. 25. 25. 25. 25. 25. 25. 25. 25. 25. 25. 25. 25. 25. 25. 25.
 25. 25. 25. 25. 25. 25. 25. 25. 
   25. 2904. 2904. 2904. 2904. 2904. 2904.   25.   25.   25. 2904. 3635.
 3635. 3635. 2904. 2904. 2904. 3635. 3635. 3635. 2904. 2904.   25.   25.
   25.   25. 
 25. 25. 25. 25. 25. 25. 25. 25. 25. 25. 25. 25. 25. 25. 25. 25. 25. 25.
 25. 25. 25. 25. 25. 25. 25. 25. 
   25.   25.   25.   25.   25.   25.   25.   25.   25.   25.   25.   25.
   25.   25.   25.   25.   25.   25.   25.   25.   25.   25.   25. 2904.
 3635. 3635. 
 3635. 3635. 3635. 3635. 3635. 3635. 3635. 2904. 2904.   25.   25.   25.
   25.   25.   25.   25.   25.   25.   25.   25.   25.   25.   25.   25.
   25.   25. 
 25. 25. 25. 25. 25. 25. 25. 25. 25. 25. 25. 25. 25. 25. 25. 25. 25. 25.
 25. 25. 25. 25. 25. 25. 25. 25. 
   25.   25.   25.   25.   25.   25.   25.   25.   25. 2904. 3635. 3635.
 3635. 3635. 3635. 2904. 2904. 3635. 3635. 3635. 2904. 2904.   25.   25.
   25.   25. 
 25. 25. 25. 25. 25. 25. 25. 25. 25. 25. 25. 25. 25. 25. 25. 25. 25. 25.
 25. 25. 25. 25. 25. 25. 25. 25. 
   25.   25.   25.   25.   25.   25.   25.   25.   25.   25.   25.   25.
   25.   25.   25.   25.   25.   25.   25.   25.   25.   25. 2904. 2904.
 3635. 2904. 
 2904. 2904. 2904. 2904. 3635. 3635. 3635. 2904. 2904.   25.   25. 2904.
 2904. 2904. 2904. 2904.   25.   25.   25.   25.   25.   25.   25.   25.
   25.   25. 
 25. 25. 25. 25. 25. 25. 25. 25. 25. 25. 25. 25. 25. 25. 25. 25. 25. 25.
 25. 25. 25. 25. 25. 25. 25. 25. 
   25.   25.   25.   25.   25.   25.   25.   25.   25.   25. 2904.   25.
   25.   25.   25.   25. 2904. 3635. 3635. 3635. 2904. 2904. 2904. 2904.
 3635. 3635. 
 3635. 2904. 2904.   25.   25.   25.   25.   25.   25.   25.   25.   25.
   25.   25.   25.   25.   25.   25.   25.   25.   25.   25.   25.   25.
   25.   25. 
 25. 25. 25. 25. 25. 25. 25. 25. 25. 25. 25. 25. 25. 25. 25. 25. 25. 25.
 25. 25. 25. 25. 25. 25. 25. 25. 
   25.   25. 2904. 3635. 3635. 3635. 3635. 3635. 3635. 3635. 3635. 3635.
 3635. 3635. 2904.   25.   25.   25.   25.   25.   25.   25.   25.   25.
   25.   25. 
 25. 25. 25. 25. 25. 25. 25. 25. 25. 25. 25. 25. 25. 25. 25. 25. 25. 25.
 25. 25. 25. 25. 25. 25. 25. 25. 
   25.   25.   25.   25.   25.   25.   25.   25.   25.   25.   25.   25.
   25.   25.   25. 2904. 3635. 3635. 3635. 3635. 3635. 3635. 2904. 2904.
 3635. 3635. 
 2904.   25.   25.   25.   25.   25.   25.   25.   25.   25.   25.   25.
   25.   25.   25.   25.   25.   25.   25.   25.   25.   25.   25.   25.
   25.   25. 
 25. 25. 25. 25. 25. 25. 25. 25. 25. 25. 25. 25. 25. 25. 25. 25. 25. 25.
 25. 25. 25. 25. 25. 25. 25. 25. 
   25.   25. 2904. 2904. 2904. 2904. 2904. 2904. 2904. 2904. 3635. 3635.
 2904. 2904.   25.   25.   25.   25.   25.   25.   25.   25.   25.   25.
   25.   25. 
 25. 25. 25. 25. 25. 25. 25. 25. 25. 25. 25. 25. 25. 25. 25. 25. 25. 25.
 25. 25. 25. 25. 25. 25. 25. 25. 
   25.   25.   25.   25.   25.   25.   25.   25.   25.   25.   25.   25.
   25.   25.   25.   25.   25.   25.   25.   25.   25. 2904. 3635. 3635.
 3635. 2904. 
 25. 25. 25. 25. 25. 25. 25. 25. 25. 25. 25. 25. 25. 25. 25. 25. 25. 25.
 25. 25. 25. 25. 25. 25. 25. 25. 
 25. 25. 25. 25. 25. 25. 25. 25. 25. 25. 25. 25. 25. 25. 25. 25. 25. 25.
 25. 25. 25. 25. 25. 25. 25. 25. 
   25.   25.   25.   25.   25.   25.   25. 2904. 3635. 3635. 3635. 2904.
   25.   25.   25.   25.   25.   25.   25.   25.   25.   25.   25.   25.
   25.   25. 
 25. 25. 25. 25. 25. 25. 25. 25. 25. 25. 25. 25. 25. 25. 
/