PERMI
 1338. 1338. 1338. 1108. 1108.   17.   17.   17.   17.   17.   17.   17.
   17.   17.   17.   17.   17.   17.   17.   17.   17.   17.   17.   17.
   17.   17. 
   17.   17.   17.   17.   17.   17.   17.   17.   17.   17.   17. 1108.
 1108. 1338. 1338. 1338. 1108. 1108.   17.   17.   17.   17. 1108. 1108.
 1338. 1338. 
 1338. 1338. 1338. 1338. 1338. 1338. 1338. 1338. 1338. 1338. 1338. 1108.
 1338. 1338. 1338. 1108.   17.   17.   17.   17.   17.   17.   17.   17.
   17.   17. 
   17.   17.   17.   17.   17.   17.   17.   17.   17.   17.   17.   17.
   17.   17.   17.   17.   17.   17.   17.   17.   17.   17.   17. 1108.
 1108. 1338. 
 1338. 1338. 1108. 1108.   17.   17.   17.   17.   17. 1108. 1108. 1108.
 1338. 1338. 1338. 1338. 1108. 1108. 1338. 1338. 1338. 1338. 1338. 1338.
 1338. 1338. 
 1338. 1108.   17.   17.   17.   17.   17.   17.   17.   17.   17.   17.
   17.   17.   17.   17.   17.   17.   17.   17.   17.   17.   17.   17.
   17.   17. 
   17.   17.   17.   17.   17.   17.   17.   17.   17. 1108. 1108. 1338.
 1338. 1338. 1338. 1108. 1108. 1108. 1108. 1108. 1108. 1108. 1108. 1108.
 1108. 1108. 
 1108. 1108. 1108. 1108. 1108. 1108. 1108. 1338. 1338. 1338. 1108. 1108.
 1108. 1108. 1108.   17.   17.   17.   17.   17.   17.   17.   17.   17.
   17.   17. 
   17.   17.   17.   17.   17.   17.   17.   17.   17.   17.   17.   17.
   17.   17.   17.   17.   17.   17.   17.   17.   17.   17. 1108. 1338.
 1338. 1338. 
 1338. 1338. 1338. 1108. 1338. 1338. 1338. 1108. 1108. 1108.   17.   17.
   17.   17.   17.   17.   17. 1108. 1108. 1338. 1338. 1338. 1108. 1108.
 1108. 1108. 
 1108. 1108. 1108.   17.   17.   17.   17.   17.   17.   17.   17.   17.
   17.   17.   17.   17.   17.   17.   17.   17.   17.   17.   17.   17.
   17.   17. 
   17.   17.   17.   17.   17.   17.   17.   17. 1108. 1108. 1338. 1338.
 1338. 1338. 1338. 1338. 1338. 1338. 1338. 1338. 1338. 1108. 1108.   17.
   17.   17. 
   17.   17.   17. 1108. 1338. 1338. 1338. 1108. 1338. 1338. 1338. 1338.
 1338. 1108. 1108. 1108. 1108. 1108.   17.   17.   17.   17.   17.   17.
   17.   17. 
   17.   17.   17.   17.   17.   17.   17.   17.   17.   17.   17.   17.
   17.   17.   17.   17.   17.   17.   17.   17.   17. 1108. 1108. 1338.
 1338. 1338. 
 1338. 1338. 1338. 1338. 1338. 1338. 1338. 1108. 1108.   17.   17.   17.
   17.   17.   17. 1108. 1338. 1338. 1338. 1108. 1338. 1338. 1338. 1338.
 1338. 1338. 
 1338. 1338. 1108. 1108. 1108.   17.   17.   17.   17.   17.   17.   17.
   17.   17.   17.   17.   17.   17.   17.   17.   17.   17.   17.   17.
   17.   17. 
   17.   17.   17.   17.   17.   17.   17.   17. 1108. 1108. 1338. 1338.
 1338. 1338. 1338. 1338. 1338. 1338. 1338. 1108. 1108.   17.   17.   17.
   17.   17. 
 1108. 1108. 1338. 1338. 1338. 1108. 1338. 1338. 1338. 1338. 1338. 1338.
 1338. 1338. 1338. 1338. 1108. 1108.   17.   17.   17.   17.   17.   17.
   17.   17. 
   17.   17.   17.   17.   17.   17.   17.   17.   17.   17.   17.   17.
   17.   17.   17.   17.   17.   17.   17.   17.   17.   17. 1108. 1108.
 1108. 1108. 
 1108. 1108. 1108. 1338. 1338. 1338. 1108.   17.   17.   17.   17.   17.
 1108. 1108. 1338. 1338. 1338. 1108. 1108. 1108. 1108. 1338. 1338. 1338.
 1338. 1338. 
 1338. 1338. 1108. 1108. 1108.   17.   17.   17.   17.   17.   17.   17.
   17.   17.   17.   17.   17.   17.   17.   17.   17.   17.   17.   17.
   17.   17. 
   17.   17.   17.   17.   17.   17.   17.   17.   17.   17. 1108. 1108.
 1108. 1108. 1338. 1338. 1338. 1338. 1108.   17.   17.   17.   17.   17.
 1108. 1108. 
 1338. 1338. 1108. 1108. 1108. 1108. 1108. 1108. 1108. 1338. 1338. 1338.
 1338. 1338. 1338. 1108. 1108. 1108.   17.   17.   17.   17.   17.   17.
   17.   17. 
   17.   17.   17.   17.   17.   17.   17.   17.   17.   17.   17.   17.
   17.   17.   17.   17.   17.   17.   17.   17.   17.   17.   17. 1108.
 1108. 1338. 
 1338. 1338. 1338. 1108. 1108.   17.   17.   17.   17.   17. 1108. 1108.
 1338. 1338. 1108. 1108.   17.   17.   17. 1108. 1108. 1108. 1108. 1108.
 1338. 1338. 
 1338. 1108. 1108. 1108.   17.   17.   17.   17.   17.   17.   17.   17.
   17.   17.   17.   17.   17.   17.   17.   17.   17.   17.   17.   17.
   17.   17. 
   17.   17.   17.   17.   17.   17.   17.   17. 1108. 1108. 1338. 1338.
 1338. 1338. 1108. 1108.   17.   17.   17.   17.   17.   17. 1108. 1108.
 1338. 1338. 
 1108. 1108.   17.   17.   17.   17.   17. 1108.   17. 1108. 1108. 1338.
 1338. 1108. 1108. 1108.   17.   17.   17.   17.   17.   17.   17.   17.
   17.   17. 
   17.   17.   17.   17.   17.   17.   17.   17.   17.   17.   17.   17.
   17.   17.   17.   17.   17.   17.   17. 1108. 1108. 1338. 1338. 1338.
 1338. 1338. 
 1108. 1108.   17.   17.   17.   17.   17.   17. 1108. 1108. 1338. 1338.
 1108. 1108.   17.   17.   17.   17.   17.   17.   17. 1108. 1108. 1338.
 1338. 1108. 
 1108. 1108.   17.   17.   17.   17.   17.   17.   17.   17.   17.   17.
   17.   17.   17.   17.   17.   17.   17.   17.   17.   17.   17.   17.
   17.   17. 
   17.   17.   17.   17.   17. 1108. 1108. 1338. 1338. 1338. 1338. 1108.
 1108.   17.   17.   17.   17.   17.   17.   17. 1108. 1108. 1338. 1338.
 1108. 1108. 
   17.   17.   17.   17.   17.   17.   17. 1108. 1108. 1338. 1338. 1338.
 1108. 1108.   17.   17.   17.   17.   17.   17.   17.   17.   17.   17.
   17.   17. 
   17.   17.   17.   17.   17.   17.   17.   17.   17.   17.   17.   17.
   17.   17.   17.   17.   17. 1108. 1338. 1338. 1338. 1338. 1108. 1108.
 1108.   17. 
   17.   17.   17.   17.   17.   17.   17. 1108. 1338. 1338. 1338. 1338.
   17.   17.   17.   17.   17.   17.   17. 1108. 1108. 1338. 1338. 1338.
 1108. 1108. 
 17. 17. 17. 17. 17. 17. 17. 17. 17. 17. 17. 17. 17. 17. 17. 17. 17. 17.
 17. 17. 17. 17. 17. 17. 17. 17. 
   17.   17. 1108. 1108. 1338. 1338. 1338. 1108. 1108. 1108. 1108.   17.
   17.   17.   17.   17.   17.   17.   17. 1108. 1108. 1338. 1338. 1338.
   17.   17. 
   17.   17.   17.   17.   17. 1108. 1108. 1338. 1338. 1338. 1108. 1108.
   17.   17.   17.   17.   17.   17.   17.   17.   17.   17.   17.   17.
   17.   17. 
   17.   17.   17.   17.   17.   17.   17.   17.   17.   17.   17.   17.
   17.   17.   17. 1108. 1338. 1338. 1338. 1338. 1108. 1108. 1108. 1108.
 1108. 1108. 
 1108. 1108.   17.   17.   17.   17. 1108. 1108. 1108. 1338.   17.   17.
   17.   17.   17.   17. 1108. 1108. 1338. 1338. 1338. 1338. 1108. 1108.
   17.   17. 
 17. 17. 17. 17. 17. 17. 17. 17. 17. 17. 17. 17. 17. 17. 17. 17. 17. 17.
 17. 17. 17. 17. 17. 17. 17. 17. 
   17. 1108. 1108. 1338. 1338. 1338. 1338. 1338. 1338. 1338. 1338. 1108.
 1108. 1108. 1108.   17.   17.   17.   17.   17. 1108. 1108.   17.   17.
   17.   17. 
   17.   17. 1108. 1108. 1338. 1338. 1338. 1108. 1108.   17.   17.   17.
   17.   17.   17.   17.   17.   17.   17.   17.   17.   17.   17.   17.
   17.   17. 
   17.   17.   17.   17.   17.   17.   17.   17.   17.   17.   17.   17.
   17. 1108. 1108. 1108. 1338. 1338. 1338. 1338. 1338. 1338. 1338. 1338.
 1338. 1338. 
 1108. 1108.   17.   17.   17.   17.   17.   17.   17.   17.   17.   17.
   17. 1108. 1108. 1108. 1338. 1338. 1338. 1108. 1108.   17.   17.   17.
   17.   17. 
 17. 17. 17. 17. 17. 17. 17. 17. 17. 17. 17. 17. 17. 17. 17. 17. 17. 17.
 17. 17. 17. 17. 17. 17. 17. 17. 
   17. 1108. 1108. 1108. 1338. 1338. 1338. 1338. 1338. 1338. 1338. 1338.
 1338. 1108.   17.   17.   17.   17.   17.   17.   17.   17.   17.   17.
   17. 1108. 
 1108. 1108. 1338. 1338. 1338. 1108. 1108.   17.   17.   17.   17.   17.
   17.   17.   17.   17.   17.   17.   17.   17.   17.   17.   17.   17.
   17.   17. 
   17.   17.   17.   17.   17.   17.   17.   17.   17.   17.   17.   17.
   17.   17. 1108. 1108. 1108. 1108. 1108. 1108. 1108. 1108. 1338. 1338.
 1338. 1108. 
 1108.   17.   17.   17.   17.   17.   17.   17.   17.   17.   17. 1108.
 1108. 1338. 1338. 1338. 1108. 1108. 1108.   17.   17.   17.   17.   17.
   17.   17. 
 17. 17. 17. 17. 17. 17. 17. 17. 17. 17. 17. 17. 17. 17. 17. 17. 17. 17.
 17. 17. 17. 17. 17. 17. 17. 17. 
   17.   17.   17. 1108.   17.   17. 1108. 1108. 1338. 1338. 1338. 1108.
 1108.   17.   17.   17.   17.   17.   17.   17.   17.   17.   17. 1108.
 1108. 1338. 
 1338. 1338. 1108. 1108. 1108. 1108.   17.   17.   17.   17.   17.   17.
   17.   17.   17.   17.   17.   17.   17.   17.   17.   17.   17.   17.
   17.   17. 
   17.   17.   17.   17.   17.   17.   17.   17.   17.   17.   17.   17.
   17.   17.   17.   17.   17.   17. 1108. 1338. 1338. 1338. 1108. 1108.
   17.   17. 
   17.   17.   17.   17.   17.   17.   17.   17.   17.   17. 1108. 1108.
 1338. 1338. 1338. 1108. 1108. 1108. 1108. 1108.   17.   17.   17.   17.
   17.   17. 
 17. 17. 17. 17. 17. 17. 17. 17. 17. 17. 17. 17. 17. 17. 17. 17. 17. 17.
 17. 17. 17. 17. 17. 17. 17. 17. 
   17.   17.   17.   17. 1108. 1338. 1338. 1338. 1108. 1108.   17.   17.
   17.   17.   17.   17.   17.   17.   17.   17.   17.   17. 1108. 1108.
 1338. 1338. 
 1338. 1338. 1108. 1108. 1108. 1108. 1108. 1108. 1108.   17.   17.   17.
   17.   17.   17.   17.   17.   17.   17.   17.   17.   17.   17.   17.
   17.   17. 
   17.   17.   17.   17.   17.   17.   17.   17.   17.   17.   17.   17.
   17.   17.   17.   17. 1108. 1338. 1338. 1338. 1108.   17.   17.   17.
   17.   17. 
   17.   17.   17.   17.   17.   17.   17.   17.   17. 1108. 1108. 1338.
 1338. 1338. 1338. 1338. 1338. 1338. 1108. 1108. 1108. 1108. 1108.   17.
   17.   17. 
 17. 17. 17. 17. 17. 17. 17. 17. 17. 17. 17. 17. 17. 17. 17. 17. 17. 17.
 17. 17. 17. 17. 17. 17. 17. 17. 
   17. 1108. 1108. 1338. 1338. 1338. 1108.   17.   17.   17.   17.   17.
   17.   17.   17.   17.   17.   17.   17.   17.   17. 1108. 1108. 1338.
 1338. 1338. 
 1338. 1338. 1338. 1338. 1338. 1108. 1108. 1108. 1108. 1108.   17.   17.
   17.   17.   17.   17.   17.   17.   17.   17.   17.   17.   17.   17.
   17.   17. 
   17.   17.   17.   17.   17.   17.   17.   17.   17.   17.   17.   17.
   17. 1108. 1338. 1338. 1338. 1338. 1108.   17.   17.   17.   17.   17.
   17.   17. 
   17.   17.   17.   17.   17.   17.   17.   17. 1108. 1108. 1108. 1338.
 1338. 1338. 1338. 1338. 1338. 1338. 1338. 1108. 1108. 1108.   17.   17.
   17.   17. 
   17.   17.   17.   17.   17.   17.   17.   17.   17.   17.   17.   17.
   17.   17.   17.   17.   17.   17.   17.   17.   17.   17.   17.   17.
 1108. 1108. 
 1338. 1338. 1338. 1338. 1108.   17.   17.   17.   17.   17.   17.   17.
   17.   17.   17.   17.   17.   17.   17.   17.   17. 1108. 1108. 1108.
 1108. 1338. 
 1338. 1338. 1338. 1338. 1338. 1338. 1108. 1108. 1108.   17.   17.   17.
   17.   17.   17.   17.   17.   17.   17.   17.   17.   17.   17.   17.
   17.   17. 
   17.   17.   17.   17.   17.   17.   17.   17.   17.   17. 1108. 1108.
 1338. 1338. 1338. 1108. 1108.   17.   17.   17.   17.   17.   17.   17.
   17.   17. 
   17.   17.   17.   17.   17.   17.   17.   17. 1108. 1108. 1108. 1108.
 1108. 1338. 1338. 1338. 1338. 1338. 1338. 1108. 1108. 1108.   17.   17.
   17.   17. 
   17.   17.   17.   17.   17.   17.   17.   17.   17.   17.   17.   17.
   17.   17.   17.   17.   17.   17.   17.   17.   17.   17. 1108. 1108.
 1338. 1338. 
 1338. 1108. 1108. 1108.   17.   17.   17.   17.   17.   17.   17.   17.
   17.   17.   17.   17.   17.   17.   17.   17.   17.   17.   17. 1108.
 1108. 1108. 
 1108. 1338. 1338. 1338. 1338. 1338. 1108. 1108.   17.   17.   17.   17.
   17.   17.   17.   17.   17.   17.   17.   17.   17.   17.   17.   17.
   17.   17. 
   17.   17.   17.   17.   17.   17.   17.   17. 1108. 1108. 1338. 1338.
 1338. 1338. 1108. 1108. 1108. 1108. 1108.   17.   17.   17.   17.   17.
   17.   17. 
   17.   17.   17.   17.   17.   17.   17.   17.   17.   17.   17. 1108.
 1108. 1108. 1338. 1338. 1338. 1338. 1108. 1108.   17.   17.   17.   17.
   17.   17. 
   17.   17.   17.   17.   17.   17.   17.   17.   17.   17.   17.   17.
   17.   17.   17.   17.   17.   17.   17.   17. 1108. 1108. 1338. 1338.
 1338. 1338. 
 1338. 1338. 1338. 1108. 1108. 1108. 1108.   17.   17.   17.   17.   17.
   17.   17.   17.   17.   17.   17.   17.   17.   17.   17.   17.   17.
 1108. 1108. 
 1338. 1338. 1338. 1108. 1108. 1108.   17.   17.   17.   17.   17.   17.
   17.   17.   17.   17.   17.   17.   17.   17.   17.   17.   17.   17.
   17.   17. 
   17.   17.   17.   17.   17.   17.   17. 1108. 1108. 1338. 1338. 1338.
 1338. 1338. 1338. 1338. 1338. 1108. 1108. 1108.   17.   17.   17.   17.
   17.   17. 
   17.   17.   17.   17.   17.   17.   17.   17.   17.   17. 1108. 1338.
 1338. 1338. 1338. 1108. 1108.   17.   17.   17.   17.   17.   17.   17.
   17.   17. 
   17.   17.   17.   17.   17.   17.   17.   17.   17.   17.   17.   17.
   17.   17.   17.   17.   17.   17.   17.   17. 1108. 1108. 1108. 1338.
 1338. 1338. 
 1338. 1338. 1338. 1338. 1108. 1108.   17.   17.   17.   17.   17.   17.
   17.   17.   17.   17.   17.   17.   17.   17.   17. 1108. 1108. 1338.
 1338. 1338. 
 1338. 1108. 1108.   17.   17.   17.   17.   17.   17.   17.   17.   17.
   17.   17.   17.   17.   17.   17.   17.   17.   17.   17.   17.   17.
   17.   17. 
   17.   17.   17.   17.   17.   17.   17. 1108. 1108. 1108. 1108. 1108.
 1108. 1338. 1338. 1338. 1338. 1108.   17.   17.   17.   17.   17.   17.
   17.   17. 
   17.   17.   17.   17.   17.   17. 1108. 1108. 1338. 1338. 1338. 1338.
 1108. 1108. 1108.   17.   17.   17.   17.   17.   17.   17.   17.   17.
   17.   17. 
   17.   17.   17.   17.   17.   17.   17.   17.   17.   17.   17.   17.
   17.   17.   17.   17.   17.   17.   17.   17.   17.   17. 1108. 1108.
 1108. 1108. 
 1338. 1338. 1338. 1338.   17.   17.   17.   17.   17.   17.   17.   17.
   17.   17.   17.   17.   17.   17. 1108. 1108. 1338. 1338. 1338. 1338.
 1108. 1108. 
 1108.   17.   17.   17.   17.   17.   17.   17.   17.   17.   17.   17.
   17.   17.   17.   17.   17.   17.   17.   17.   17.   17.   17.   17.
   17.   17. 
   17.   17.   17.   17.   17.   17.   17.   17.   17.   17. 1108. 1108.
 1108. 1338. 1338. 1338.   17.   17.   17.   17.   17.   17.   17.   17.
   17.   17. 
   17.   17.   17.   17. 1108. 1108. 1338. 1338. 1338. 1108. 1108. 1108.
   17.   17.   17.   17.   17.   17.   17.   17.   17.   17.   17.   17.
   17.   17. 
   17.   17.   17.   17.   17.   17.   17.   17.   17.   17.   17.   17.
   17.   17.   17.   17.   17.   17.   17.   17.   17.   17.   17.   17.
 1108. 1338. 
 1338. 1338.   17.   17.   17.   17.   17.   17.   17.   17.   17.   17.
   17.   17.   17.   17. 1108. 1108. 1338. 1338. 1338. 1108. 1108. 1108.
   17.   17. 
   17.   17. 1108. 1108.   17.   17.   17.   17.   17.   17.   17.   17.
   17.   17.   17.   17.   17.   17.   17.   17.   17.   17.   17.   17.
   17.   17. 
   17.   17.   17.   17.   17.   17.   17.   17.   17.   17. 1108. 1338.
 1338. 1338.   17.   17.   17.   17.   17.   17.   17.   17.   17.   17.
   17.   17. 
   17.   17. 1108. 1108. 1338. 1338. 1338. 1108. 1108.   17.   17. 1108.
 1108. 1108. 1108. 1108. 1108. 1108.   17.   17.   17.   17.   17.   17.
   17.   17. 
   17.   17.   17.   17.   17.   17.   17.   17.   17.   17.   17.   17.
   17.   17.   17.   17.   17.   17.   17.   17.   17. 1108. 1108. 1338.
 1338. 1338. 
   17.   17.   17.   17.   17.   17.   17.   17.   17.   17.   17.   17.
   17. 1108. 1108. 1338. 1338. 1338. 1338. 1108. 1108. 1108. 1108. 1108.
 1108. 1108. 
 1108. 1108. 1108. 1108. 1108.   17.   17.   17.   17.   17.   17.   17.
   17.   17.   17.   17.   17.   17.   17.   17.   17.   17.   17.   17.
   17.   17. 
   17.   17.   17.   17.   17.   17. 1108. 1108. 1108. 1338. 1338. 1338.
   17.   17.   17.   17.   17.   17.   17.   17.   17.   17.   17.   17.
   17. 1108. 
 1108. 1338. 1338. 1338. 1108. 1108. 1108. 1108. 1108. 1108. 1338. 1338.
 1338. 1338. 1338. 1108. 1108. 1108.   17.   17.   17.   17.   17.   17.
   17.   17. 
   17.   17.   17.   17.   17.   17.   17.   17.   17.   17.   17.   17.
   17.   17.   17.   17.   17. 1108. 1108. 1338. 1338. 1338. 1338. 1108.
   17.   17. 
   17.   17.   17.   17.   17.   17.   17.   17.   17.   17.   17. 1108.
 1108. 1338. 1338. 1338. 1338. 1338. 1338. 1108. 1338. 1338. 1338. 1338.
 1338. 1338. 
 1338. 1338. 1108. 1108. 1108.   17.   17.   17.   17.   17.   17.   17.
   17.   17.   17.   17.   17.   17.   17.   17.   17.   17.   17.   17.
   17.   17. 
   17.   17. 1108. 1108. 1338. 1338. 1338. 1338. 1108. 1108.   17.   17.
   17.   17.   17.   17.   17.   17.   17.   17.   17.   17.   17.   17.
 1108. 1108. 
 1338. 1338. 1338. 1338. 1338. 1338. 1338. 1338. 1338. 1338. 1338. 1338.
 1338. 1338. 1338. 1108. 1108. 1108.   17.   17.   17.   17.   17.   17.
   17.   17. 
   17.   17.   17.   17.   17.   17.   17.   17.   17.   17.   17.   17.
   17. 1108. 1108. 1338. 1338. 1338. 1338. 1108. 1108. 1108.   17.   17.
   17.   17. 
   17.   17.   17.   17.   17.   17.   17.   17.   17.   17. 1108. 1108.
 1108. 1108. 1338. 1338. 1338. 1338. 1338. 1338. 1338. 1108. 1108. 1108.
 1338. 1338. 
 1338. 1338. 1108. 1108.   17.   17.   17.   17.   17.   17.   17.   17.
   17.   17.   17.   17.   17.   17.   17.   17.   17.   17.   17.   17.
 1108. 1108. 
 1338. 1338. 1338. 1338. 1108. 1108. 1108. 1108.   17.   17.   17.   17.
   17.   17.   17.   17.   17.   17.   17.   17.   17.   17. 1108. 1108.
 1108. 1108. 
 1108. 1108. 1338. 1338. 1338. 1108. 1108. 1108. 1108. 1108. 1108. 1338.
 1338. 1338. 1108. 1108.   17.   17.   17.   17.   17.   17.   17.   17.
   17.   17. 
   17.   17.   17.   17.   17.   17.   17.   17.   17.   17. 1108. 1108.
 1338. 1338. 1338. 1108. 1338. 1338. 1338. 1338.   17.   17.   17.   17.
   17.   17. 
   17.   17.   17.   17.   17.   17.   17.   17.   17. 1108. 1108. 1108.
 1108. 1108. 1108. 1108. 1108. 1108. 1108. 1108. 1338. 1108. 1108. 1338.
 1338. 1338. 
 1108. 1108.   17.   17.   17.   17.   17.   17.   17.   17.   17.   17.
   17.   17.   17.   17.   17.   17.   17.   17.   17.   17. 1108. 1108.
 1338. 1338. 
 1338. 1338. 1338. 1338. 1338. 1338.   17.   17.   17.   17.   17.   17.
   17.   17.   17.   17.   17.   17.   17.   17.   17.   17. 1108. 1108.
 1338. 1108. 
 1108. 1108. 1108. 1338. 1338. 1338. 1338. 1108. 1108. 1338. 1338. 1338.
 1338. 1108. 1108.   17.   17.   17.   17.   17.   17.   17.   17.   17.
   17.   17. 
   17.   17.   17.   17.   17.   17.   17.   17. 1108. 1108. 1338. 1338.
 1338. 1338. 1338. 1338. 1338. 1338.   17.   17.   17.   17.   17.   17.
   17.   17. 
   17.   17.   17.   17.   17.   17.   17.   17.   17.   17. 1108. 1108.
 1338. 1338. 1338. 1338. 1338. 1338. 1338. 1108. 1108. 1108. 1338. 1338.
 1338. 1108. 
 1108.   17.   17.   17.   17.   17.   17.   17.   17.   17.   17.   17.
   17.   17.   17.   17.   17.   17.   17.   17. 1108. 1108. 1108. 1338.
 1338. 1338. 
 1338. 1338. 1108. 1108.   17.   17.   17.   17.   17.   17.   17.   17.
   17.   17.   17.   17.   17.   17.   17.   17.   17.   17.   17.   17.
 1108. 1108. 
 1108. 1108. 1338. 1338. 1108. 1108. 1108. 1108. 1338. 1338. 1338. 1108.
 1108.   17.   17.   17.   17.   17.   17.   17.   17.   17.   17.   17.
   17.   17. 
   17.   17.   17.   17.   17.   17.   17. 1108. 1108. 1108. 1108. 1108.
 1108. 1108. 1108. 1108.   17.   17.   17.   17.   17.   17.   17.   17.
   17.   17. 
   17.   17.   17.   17.   17.   17.   17.   17.   17.   17.   17.   17.
 1108. 1108. 1108. 1108.   17. 1108. 1108. 1108. 1338. 1338. 1338. 1108.
 1108.   17. 
   17.   17.   17.   17.   17.   17.   17.   17.   17.   17.   17.   17.
   17.   17.   17.   17.   17.   17.   17.   17.   17. 1108. 1108. 1108.
 1108.   17. 
 1108. 1108.   17.   17.   17.   17.   17.   17.   17.   17.   17.   17.
   17.   17.   17.   17.   17.   17.   17.   17.   17.   17.   17.   17.
   17.   17. 
   17.   17.   17. 1108. 1108. 1108. 1338. 1338. 1338. 1108. 1108.   17.
   17.   17.   17.   17.   17.   17.   17.   17.   17.   17.   17.   17.
   17.   17. 
   17.   17.   17.   17.   17.   17.   17.   17.   17.   17.   17.   17.
 1108. 1108.   17.   17.   17.   17.   17.   17.   17.   17.   17.   17.
   17.   17. 
   17.   17.   17.   17.   17.   17.   17.   17.   17.   17.   17.   17.
   17.   17.   17. 1108. 1108. 1108. 1338. 1338. 1338. 1108. 1108.   17.
   17.   17. 
   17.   17.   17.   17.   17.   17.   17.   17.   17.   17.   17.   17.
   17.   17.   17.   17.   17.   17.   17.   17.   17.   17.   17.   17.
 1108. 1338. 
 17. 17. 17. 17. 17. 17. 17. 17. 17. 17. 17. 17. 17. 17. 17. 17. 17. 17.
 17. 17. 17. 17. 17. 17. 17. 17. 
   17.   17. 1108. 1108. 1338. 1338. 1338. 1108. 1108.   17.   17.   17.
   17.   17.   17.   17.   17.   17.   17.   17.   17.   17.   17.   17.
   17.   17. 
   17.   17.   17.   17.   17.   17.   17.   17.   17. 1108. 1108. 1338.
   17.   17.   17.   17.   17.   17.   17.   17.   17.   17.   17.   17.
   17.   17. 
   17.   17.   17.   17.   17.   17.   17.   17.   17.   17.   17.   17.
   17. 1108. 1108. 1108. 1338. 1338. 1338. 1108. 1108.   17.   17.   17.
   17.   17. 
   17.   17.   17.   17.   17.   17.   17.   17.   17.   17.   17.   17.
   17.   17.   17.   17.   17.   17.   17.   17.   17. 1108. 1108. 1338.
   17.   17. 
 17. 17. 17. 17. 17. 17. 17. 17. 17. 17. 17. 17. 17. 17. 17. 17. 17. 17.
 17. 17. 17. 17. 17. 17. 17. 17. 
 1108. 1108. 1338. 1338. 1338. 1108. 1108. 1108.   17.   17.   17.   17.
   17.   17.   17.   17.   17.   17.   17.   17.   17.   17.   17.   17.
   17.   17. 
   17.   17.   17.   17.   17.   17.   17. 1108. 1338. 1338.   17.   17.
   17.   17.   17.   17.   17.   17.   17.   17.   17.   17.   17.   17.
   17.   17. 
   17.   17.   17.   17.   17.   17.   17.   17.   17.   17.   17. 1108.
 1108. 1108. 1338. 1338. 1338. 1338. 1108. 1108. 1108. 1108.   17.   17.
   17.   17. 
   17.   17.   17.   17.   17.   17.   17.   17.   17.   17.   17.   17.
   17.   17.   17.   17.   17.   17.   17. 1108. 1108. 1338.   17.   17.
   17.   17. 
   17.   17.   17.   17.   17.   17.   17.   17.   17.   17.   17.   17.
   17.   17.   17.   17.   17.   17.   17.   17.   17.   17.   17. 1108.
 1108. 1108. 
 1338. 1338. 1338. 1338. 1338. 1108. 1108. 1108. 1108. 1108.   17.   17.
   17.   17.   17.   17.   17.   17.   17.   17.   17.   17.   17.   17.
   17.   17. 
   17.   17.   17.   17.   17. 1108. 1108. 1338.   17.   17.   17.   17.
   17.   17.   17.   17.   17.   17.   17.   17.   17.   17.   17.   17.
   17.   17. 
   17.   17.   17.   17.   17.   17.   17.   17.   17.   17. 1108. 1108.
 1108. 1108. 1338. 1338. 1338. 1338. 1338. 1108. 1108. 1108. 1108. 1108.
   17.   17. 
   17.   17.   17.   17.   17.   17.   17.   17.   17.   17.   17.   17.
   17.   17.   17.   17.   17.   17. 1108. 1108.   17.   17.   17.   17.
   17.   17. 
   17.   17.   17.   17.   17.   17.   17.   17.   17.   17.   17.   17.
   17.   17.   17.   17.   17.   17.   17.   17.   17.   17. 1108. 1338.
 1108. 1108. 
 1108. 1108. 1338. 1338. 1338. 1338. 1338. 1108. 1108. 1108. 1108.   17.
   17.   17.   17.   17.   17.   17.   17.   17.   17.   17.   17.   17.
   17.   17. 
   17.   17.   17.   17.   17. 1108.   17.   17.   17.   17.   17.   17.
   17.   17.   17.   17.   17.   17.   17.   17.   17.   17.   17.   17.
   17.   17. 
   17.   17.   17.   17.   17.   17.   17.   17. 1108. 1338. 1338. 1108.
 1108. 1108. 1108. 1338. 1338. 1338. 1338. 1338. 1338. 1108. 1108. 1108.
   17.   17. 
 17. 17. 17. 17. 17. 17. 17. 17. 17. 17. 17. 17. 17. 17. 17. 17. 17. 17.
 17. 17. 17. 17. 17. 17. 17. 17. 
   17.   17.   17.   17.   17.   17.   17.   17.   17.   17.   17.   17.
   17.   17.   17.   17.   17.   17.   17.   17. 1108. 1338. 1338. 1338.
 1108. 1108. 
 1108. 1108. 1108. 1338. 1338. 1338. 1338. 1338. 1108. 1108. 1108.   17.
   17.   17.   17.   17.   17.   17.   17.   17.   17.   17.   17.   17.
   17.   17. 
 17. 17. 17. 17. 17. 17. 17. 17. 17. 17. 17. 17. 17. 17. 17. 17. 17. 17.
 17. 17. 17. 17. 17. 17. 17. 17. 
   17.   17.   17.   17.   17.   17. 1108. 1108. 1338. 1338. 1338. 1338.
 1338. 1108. 1108. 1108. 1108. 1338. 1338. 1338. 1338. 1108. 1108. 1108.
   17.   17. 
 17. 17. 17. 17. 17. 17. 17. 17. 17. 17. 17. 17. 17. 17. 17. 17. 17. 17.
 17. 17. 17. 17. 17. 17. 17. 17. 
   17.   17.   17.   17.   17.   17.   17.   17.   17.   17.   17.   17.
   17.   17.   17.   17.   17.   17.   17. 1108. 1108. 1338. 1338. 1338.
 1338. 1338. 
 1108. 1108. 1108. 1108. 1338. 1338. 1338. 1108. 1108. 1108.   17.   17.
   17.   17.   17.   17.   17.   17.   17.   17.   17.   17.   17.   17.
   17.   17. 
 17. 17. 17. 17. 17. 17. 17. 17. 17. 17. 17. 17. 17. 17. 17. 17. 17. 17.
 17. 17. 17. 17. 17. 17. 17. 17. 
   17.   17.   17.   17.   17.   17. 1108. 1108. 1108. 1108. 1338. 1338.
 1338. 1338. 1108. 1108. 1338. 1338. 1338. 1108. 1108. 1108.   17.   17.
   17.   17. 
 17. 17. 17. 17. 17. 17. 17. 17. 17. 17. 17. 17. 17. 17. 
/