PERMI
 12. 12. 12. 12. 12. 12. 12. 12. 12. 12. 12. 12. 12. 12. 12. 12. 12. 12.
 12. 12. 12. 12. 12. 12. 12. 12. 
   12.   12.   12.   12.   12.   12.   12.   12.   12.   12.   12.   12.
   12.   12.   12.   12.   12. 2702. 2702.   12.   12.   12.   12. 2702.
 2702. 2702. 
 3267. 3267. 3267. 3267. 3267. 2702. 2702. 2702. 2702. 2702. 2702. 2702.
   12.   12.   12.   12.   12.   12.   12.   12.   12.   12.   12.   12.
   12.   12. 
 12. 12. 12. 12. 12. 12. 12. 12. 12. 12. 12. 12. 12. 12. 12. 12. 12. 12.
 12. 12. 12. 12. 12. 12. 12. 12. 
   12. 2702. 2702. 2702. 2702. 2702. 2702. 2702. 2702. 2702. 2702. 3267.
 3267. 3267. 3267. 2702. 2702. 2702. 2702.   12.   12.   12.   12.   12.
   12.   12. 
 12. 12. 12. 12. 12. 12. 12. 12. 12. 12. 12. 12. 12. 12. 12. 12. 12. 12.
 12. 12. 12. 12. 12. 12. 12. 12. 
   12.   12.   12.   12.   12.   12.   12.   12.   12.   12.   12.   12.
 2702. 2702. 3267. 3267. 3267. 3267. 3267. 2702. 2702. 2702. 3267. 3267.
 3267. 3267. 
 2702. 2702. 2702.   12.   12.   12.   12.   12.   12.   12.   12.   12.
   12.   12.   12.   12.   12.   12.   12.   12.   12.   12.   12.   12.
   12.   12. 
   12.   12.   12.   12.   12.   12.   12.   12.   12.   12.   12.   12.
   12.   12.   12.   12.   12.   12.   12.   12.   12.   12.   12. 2702.
 2702. 3267. 
 3267. 3267. 3267. 3267. 2702. 2702. 2702. 3267. 3267. 3267. 3267. 2702.
 2702. 2702.   12.   12.   12.   12.   12.   12.   12.   12.   12.   12.
   12.   12. 
   12.   12.   12.   12.   12.   12.   12.   12.   12.   12.   12.   12.
   12.   12.   12.   12.   12.   12.   12.   12.   12.   12. 2702. 2702.
 2702.   12. 
   12.   12.   12.   12.   12.   12.   12.   12.   12. 2702. 3267. 3267.
 3267. 3267. 3267. 2702. 2702. 3267. 3267. 3267. 3267. 2702. 2702. 2702.
 2702. 2702. 
 12. 12. 12. 12. 12. 12. 12. 12. 12. 12. 12. 12. 12. 12. 12. 12. 12. 12.
 12. 12. 12. 12. 12. 12. 12. 12. 
   12.   12.   12.   12.   12.   12. 2702. 2702. 2702. 2702. 2702. 2702.
 2702. 2702. 2702. 2702. 2702. 2702. 2702. 2702. 2702. 2702. 2702. 2702.
 2702. 2702. 
 2702. 2702. 3267. 3267. 3267. 3267. 2702. 2702. 2702. 2702. 2702.   12.
   12.   12.   12.   12.   12.   12.   12.   12.   12.   12.   12.   12.
   12.   12. 
   12.   12.   12.   12.   12.   12.   12.   12.   12.   12.   12.   12.
   12.   12.   12.   12.   12. 2702. 2702. 3267. 3267. 3267. 3267. 3267.
 3267. 2702. 
 2702. 2702. 3267. 3267. 3267. 3267. 3267. 3267. 2702. 2702. 2702. 2702.
 3267. 3267. 3267. 3267. 3267. 3267. 2702. 2702. 2702.   12.   12.   12.
   12.   12. 
 12. 12. 12. 12. 12. 12. 12. 12. 12. 12. 12. 12. 12. 12. 12. 12. 12. 12.
 12. 12. 12. 12. 12. 12. 12. 12. 
   12.   12.   12. 2702. 3267. 3267. 3267. 3267. 3267. 3267. 2702. 2702.
 3267. 3267. 3267. 3267. 3267. 3267. 3267. 3267. 3267. 3267. 3267. 3267.
 3267. 3267. 
 3267. 3267. 2702. 2702. 2702.   12.   12.   12.   12.   12.   12.   12.
   12.   12.   12.   12.   12.   12.   12.   12.   12.   12.   12.   12.
   12.   12. 
   12.   12.   12.   12.   12.   12.   12.   12.   12.   12.   12.   12.
   12.   12. 2702. 3267. 3267. 3267. 3267. 3267. 2702. 2702. 3267. 3267.
 3267. 3267. 
 3267. 3267. 3267. 3267. 3267. 3267. 3267. 3267. 3267. 3267. 3267. 3267.
 3267. 2702. 2702.   12.   12.   12.   12.   12.   12.   12.   12.   12.
   12.   12. 
 12. 12. 12. 12. 12. 12. 12. 12. 12. 12. 12. 12. 12. 12. 12. 12. 12. 12.
 12. 12. 12. 12. 12. 12. 12. 12. 
 2702. 3267. 3267. 3267. 2702. 2702. 2702. 2702. 3267. 3267. 3267. 3267.
 2702. 2702. 2702. 2702. 2702. 2702. 2702. 2702. 3267. 3267. 3267. 2702.
 2702. 2702. 
 12. 12. 12. 12. 12. 12. 12. 12. 12. 12. 12. 12. 12. 12. 12. 12. 12. 12.
 12. 12. 12. 12. 12. 12. 12. 12. 
   12.   12.   12.   12.   12.   12.   12.   12.   12.   12.   12. 2702.
 2702. 3267. 3267. 3267. 2702.   12. 2702. 3267. 3267. 3267. 3267. 2702.
 2702. 3267. 
 3267. 3267. 3267. 2702. 2702. 2702. 2702. 2702. 2702. 2702.   12.   12.
   12.   12.   12.   12.   12.   12.   12.   12.   12.   12.   12.   12.
   12.   12. 
   12.   12.   12.   12.   12.   12.   12.   12.   12.   12.   12.   12.
 2702. 2702. 2702. 2702. 2702. 2702. 2702.   12.   12.   12.   12. 2702.
 2702. 3267. 
 3267. 3267. 2702.   12. 2702. 3267. 3267. 3267. 2702. 2702. 2702. 3267.
 3267. 3267. 3267. 2702. 2702.   12.   12.   12.   12.   12.   12.   12.
   12.   12. 
   12.   12.   12.   12.   12.   12.   12.   12.   12.   12.   12.   12.
   12.   12.   12.   12.   12.   12.   12.   12.   12.   12.   12. 2702.
 2702. 3267. 
 3267. 3267. 3267. 3267. 2702. 2702. 2702.   12.   12. 2702. 2702. 3267.
 3267. 3267. 2702.   12. 2702. 3267. 3267. 3267. 2702. 2702. 2702. 2702.
 2702. 2702. 
 2702. 2702.   12.   12.   12.   12.   12.   12.   12.   12.   12.   12.
   12.   12.   12.   12.   12.   12.   12.   12.   12.   12.   12.   12.
   12.   12. 
   12.   12.   12.   12.   12.   12.   12.   12. 2702. 3267. 3267. 3267.
 3267. 3267. 3267. 3267. 3267. 3267. 2702. 2702. 2702. 2702. 3267. 3267.
 3267. 3267. 
 2702.   12. 2702. 3267. 3267. 3267. 2702.   12.   12.   12.   12.   12.
   12.   12.   12.   12.   12.   12.   12.   12.   12.   12.   12.   12.
   12.   12. 
   12.   12.   12.   12.   12.   12.   12.   12.   12.   12.   12.   12.
   12.   12.   12.   12.   12.   12.   12. 2702. 2702. 3267. 3267. 3267.
 3267. 3267. 
 3267. 2702. 2702. 2702. 2702. 2702. 2702. 2702. 2702. 2702. 3267. 3267.
 2702.   12. 2702. 3267. 3267. 3267. 2702.   12.   12.   12.   12.   12.
   12.   12. 
 12. 12. 12. 12. 12. 12. 12. 12. 12. 12. 12. 12. 12. 12. 12. 12. 12. 12.
 12. 12. 12. 12. 12. 12. 12. 12. 
   12.   12.   12.   12.   12. 2702. 3267. 3267. 3267. 3267. 2702. 2702.
 2702. 2702. 3267. 3267. 3267. 3267. 3267. 3267. 3267. 2702. 2702. 2702.
 2702. 2702. 
 3267. 3267. 3267. 3267. 2702.   12.   12.   12.   12.   12.   12.   12.
   12.   12.   12.   12.   12.   12.   12.   12.   12.   12.   12.   12.
   12.   12. 
   12.   12.   12.   12.   12.   12.   12.   12.   12.   12.   12.   12.
   12.   12.   12.   12.   12. 2702. 3267. 3267. 3267. 2702. 2702.   12.
 2702. 3267. 
 3267. 3267. 3267. 3267. 3267. 3267. 3267. 3267. 3267. 3267. 2702. 2702.
 3267. 3267. 3267. 3267. 2702.   12.   12.   12.   12.   12.   12.   12.
   12.   12. 
 12. 12. 12. 12. 12. 12. 12. 12. 12. 12. 12. 12. 12. 12. 12. 12. 12. 12.
 12. 12. 12. 12. 12. 12. 12. 12. 
   12.   12. 2702. 2702. 3267. 3267. 3267. 2702.   12. 2702. 2702. 3267.
 3267. 3267. 2702. 2702. 2702. 3267. 3267. 3267. 3267. 3267. 3267. 3267.
 3267. 3267. 
 3267. 2702. 2702.   12.   12.   12.   12.   12.   12.   12.   12.   12.
   12.   12.   12.   12.   12.   12.   12.   12.   12.   12.   12.   12.
   12.   12. 
   12.   12.   12.   12.   12.   12.   12.   12.   12.   12.   12.   12.
   12.   12. 2702. 2702. 3267. 3267. 2702. 2702. 2702. 2702. 3267. 3267.
 3267. 2702. 
 2702. 2702. 2702. 2702. 2702. 3267. 3267. 3267. 3267. 3267. 3267. 3267.
 2702. 2702.   12.   12.   12.   12.   12.   12.   12.   12.   12.   12.
   12.   12. 
 12. 12. 12. 12. 12. 12. 12. 12. 12. 12. 12. 12. 12. 12. 12. 12. 12. 12.
 12. 12. 12. 12. 12. 12. 12. 12. 
 2702. 3267. 3267. 3267. 2702.   12. 2702. 2702. 3267. 3267. 3267. 2702.
   12.   12.   12.   12. 2702. 2702. 2702. 3267. 3267. 3267. 3267. 2702.
 2702.   12. 
 12. 12. 12. 12. 12. 12. 12. 12. 12. 12. 12. 12. 12. 12. 12. 12. 12. 12.
 12. 12. 12. 12. 12. 12. 12. 12. 
   12.   12.   12.   12.   12.   12. 2702. 2702. 2702. 2702.   12.   12.
 2702. 3267. 3267. 3267. 2702. 2702. 2702. 3267. 3267. 3267. 2702. 2702.
   12.   12. 
   12.   12.   12.   12. 2702. 2702. 2702. 2702. 2702. 2702.   12.   12.
   12.   12.   12.   12.   12.   12.   12.   12.   12.   12.   12.   12.
   12.   12. 
   12.   12.   12.   12.   12.   12.   12.   12.   12.   12.   12.   12.
   12.   12.   12.   12.   12.   12. 3267. 3267. 3267. 3267. 2702. 2702.
 2702. 3267. 
 3267. 3267. 2702. 2702. 2702. 3267. 3267. 3267. 2702.   12.   12.   12.
   12.   12.   12.   12.   12.   12.   12.   12.   12.   12.   12.   12.
   12.   12. 
 12. 12. 12. 12. 12. 12. 12. 12. 12. 12. 12. 12. 12. 12. 12. 12. 12. 12.
 12. 12. 12. 12. 12. 12. 12. 12. 
   12.   12.   12.   12. 3267. 3267. 3267. 3267. 3267. 3267. 3267. 3267.
 3267. 2702. 2702. 2702. 3267. 3267. 3267. 2702. 2702.   12.   12.   12.
   12.   12. 
 12. 12. 12. 12. 12. 12. 12. 12. 12. 12. 12. 12. 12. 12. 12. 12. 12. 12.
 12. 12. 12. 12. 12. 12. 12. 12. 
   12.   12.   12.   12.   12.   12.   12.   12.   12.   12.   12.   12.
   12.   12.   12.   12. 3267. 3267. 3267. 3267. 3267. 3267. 3267. 3267.
 3267. 2702. 
 2702. 2702. 3267. 3267. 2702. 2702.   12.   12.   12.   12.   12.   12.
   12.   12.   12.   12.   12.   12.   12.   12.   12.   12.   12.   12.
   12.   12. 
 12. 12. 12. 12. 12. 12. 12. 12. 12. 12. 12. 12. 12. 12. 12. 12. 12. 12.
 12. 12. 12. 12. 12. 12. 12. 12. 
   12.   12. 2702. 2702. 2702. 2702. 3267. 3267. 2702. 2702. 2702. 2702.
 2702. 3267. 3267. 3267. 2702. 2702.   12.   12.   12.   12.   12.   12.
   12.   12. 
 12. 12. 12. 12. 12. 12. 12. 12. 12. 12. 12. 12. 12. 12. 12. 12. 12. 12.
 12. 12. 12. 12. 12. 12. 12. 12. 
   12.   12.   12.   12.   12.   12.   12.   12.   12.   12.   12.   12.
   12.   12.   12.   12.   12.   12. 2702. 2702. 2702. 2702. 2702. 3267.
 3267. 3267. 
 3267. 2702. 2702.   12.   12.   12.   12.   12.   12.   12.   12.   12.
   12.   12.   12.   12.   12.   12.   12.   12.   12.   12.   12.   12.
   12.   12. 
 12. 12. 12. 12. 12. 12. 12. 12. 12. 12. 12. 12. 12. 12. 12. 12. 12. 12.
 12. 12. 12. 12. 12. 12. 12. 12. 
   12.   12.   12. 2702. 2702. 2702. 3267. 3267. 3267. 3267. 3267. 3267.
 2702. 2702.   12.   12.   12.   12.   12.   12.   12.   12.   12.   12.
   12.   12. 
 12. 12. 12. 12. 12. 12. 12. 12. 12. 12. 12. 12. 12. 12. 12. 12. 12. 12.
 12. 12. 12. 12. 12. 12. 12. 12. 
   12.   12.   12.   12.   12.   12.   12.   12.   12.   12.   12.   12.
   12. 2702. 2702. 2702. 3267. 3267. 3267. 3267. 3267. 3267. 3267. 2702.
 2702.   12. 
 12. 12. 12. 12. 12. 12. 12. 12. 12. 12. 12. 12. 12. 12. 12. 12. 12. 12.
 12. 12. 12. 12. 12. 12. 12. 12. 
   12.   12.   12.   12.   12.   12.   12.   12.   12.   12.   12.   12.
   12.   12.   12.   12.   12.   12.   12.   12.   12.   12.   12.   12.
 2702. 2702. 
 3267. 3267. 3267. 3267. 3267. 2702. 2702. 2702. 2702. 2702.   12.   12.
   12.   12.   12.   12.   12.   12.   12.   12.   12.   12.   12.   12.
   12.   12. 
 12. 12. 12. 12. 12. 12. 12. 12. 12. 12. 12. 12. 12. 12. 12. 12. 12. 12.
 12. 12. 12. 12. 12. 12. 12. 12. 
   12.   12.   12.   12.   12.   12.   12.   12.   12.   12. 2702. 3267.
 3267. 3267. 2702. 2702. 2702. 2702. 2702.   12.   12.   12.   12.   12.
   12.   12. 
 12. 12. 12. 12. 12. 12. 12. 12. 12. 12. 12. 12. 12. 12. 12. 12. 12. 12.
 12. 12. 12. 12. 12. 12. 12. 12. 
   12.   12.   12.   12.   12.   12.   12.   12.   12.   12.   12.   12.
   12.   12.   12.   12.   12.   12.   12.   12.   12.   12. 3267. 3267.
 3267. 2702. 
 2702.   12.   12.   12.   12.   12.   12.   12.   12.   12.   12.   12.
   12.   12.   12.   12.   12.   12.   12.   12.   12.   12.   12.   12.
   12.   12. 
 12. 12. 12. 12. 12. 12. 12. 12. 12. 12. 12. 12. 12. 12. 12. 12. 12. 12.
 12. 12. 12. 12. 12. 12. 12. 12. 
   12.   12.   12.   12.   12.   12.   12.   12. 3267. 3267. 2702. 2702.
   12.   12.   12.   12.   12.   12.   12.   12.   12.   12.   12.   12.
   12.   12. 
 12. 12. 12. 12. 12. 12. 12. 12. 12. 12. 12. 12. 12. 12. 12. 12. 12. 12.
 12. 12. 12. 12. 12. 12. 12. 12. 
   12.   12.   12.   12.   12.   12.   12.   12.   12.   12.   12.   12.
   12.   12.   12.   12.   12.   12.   12.   12. 3267. 3267. 2702.   12.
   12.   12. 
 12. 12. 12. 12. 12. 12. 12. 12. 12. 12. 12. 12. 12. 12. 12. 12. 12. 12.
 12. 12. 12. 12. 12. 12. 12. 12. 
 12. 12. 12. 12. 12. 12. 12. 12. 12. 12. 12. 12. 12. 12. 12. 12. 12. 12.
 12. 12. 12. 12. 12. 12. 12. 12. 
   12.   12.   12.   12.   12.   12. 3267. 3267. 2702.   12.   12.   12.
   12.   12.   12.   12.   12.   12.   12.   12.   12.   12.   12.   12.
   12.   12. 
 12. 12. 12. 12. 12. 12. 12. 12. 12. 12. 12. 12. 12. 12. 12. 12. 12. 12.
 12. 12. 12. 12. 12. 12. 12. 12. 
   12.   12.   12.   12.   12.   12.   12.   12.   12.   12.   12.   12.
   12.   12.   12.   12.   12.   12. 3267. 2702. 2702.   12.   12.   12.
   12.   12. 
 12. 12. 12. 12. 12. 12. 12. 12. 12. 12. 12. 12. 12. 12. 12. 12. 12. 12.
 12. 12. 12. 12. 12. 12. 12. 12. 
 12. 12. 12. 12. 12. 12. 12. 12. 12. 12. 12. 12. 12. 12. 12. 12. 12. 12.
 12. 12. 12. 12. 12. 12. 12. 12. 
   12.   12.   12.   12. 3267. 2702.   12.   12.   12.   12.   12.   12.
   12.   12.   12.   12.   12.   12.   12.   12.   12.   12.   12.   12.
   12.   12. 
 12. 12. 12. 12. 12. 12. 12. 12. 12. 12. 12. 12. 12. 12. 12. 12. 12. 12.
 12. 12. 12. 12. 12. 12. 12. 12. 
   12.   12.   12.   12.   12.   12.   12.   12.   12.   12.   12.   12.
   12.   12.   12.   12. 2702. 2702.   12.   12.   12.   12.   12.   12.
   12.   12. 
 12. 12. 12. 12. 12. 12. 12. 12. 12. 12. 12. 12. 12. 12. 12. 12. 12. 12.
 12. 12. 12. 12. 12. 12. 12. 12. 
 12. 12. 12. 12. 12. 12. 12. 12. 12. 12. 12. 12. 12. 12. 12. 12. 12. 12.
 12. 12. 12. 12. 12. 12. 12. 12. 
   12.   12. 2702.   12.   12.   12.   12.   12.   12.   12.   12.   12.
   12.   12.   12.   12.   12.   12.   12.   12.   12.   12.   12.   12.
   12.   12. 
 12. 12. 12. 12. 12. 12. 12. 12. 12. 12. 12. 12. 12. 12. 12. 12. 12. 12.
 12. 12. 12. 12. 12. 12. 12. 12. 
 12. 12. 12. 12. 12. 12. 12. 12. 12. 12. 12. 12. 12. 12. 12. 12. 12. 12.
 12. 12. 12. 12. 12. 12. 12. 12. 
 12. 12. 12. 12. 12. 12. 12. 12. 12. 12. 12. 12. 12. 12. 12. 12. 12. 12.
 12. 12. 12. 12. 12. 12. 12. 12. 
 12. 12. 12. 12. 12. 12. 12. 12. 12. 12. 12. 12. 12. 12. 12. 12. 12. 12.
 12. 12. 12. 12. 12. 12. 12. 12. 
 12. 12. 12. 12. 12. 12. 12. 12. 12. 12. 12. 12. 12. 12. 12. 12. 12. 12.
 12. 12. 12. 12. 12. 12. 12. 12. 
 12. 12. 12. 12. 12. 12. 12. 12. 12. 12. 12. 12. 12. 12. 12. 12. 12. 12.
 12. 12. 12. 12. 12. 12. 12. 12. 
 12. 12. 12. 12. 12. 12. 12. 12. 12. 12. 12. 12. 12. 12. 12. 12. 12. 12.
 12. 12. 12. 12. 12. 12. 12. 12. 
 12. 12. 12. 12. 12. 12. 12. 12. 12. 12. 12. 12. 12. 12. 12. 12. 12. 12.
 12. 12. 12. 12. 12. 12. 12. 12. 
   12.   12.   12.   12.   12.   12.   12.   12.   12.   12.   12.   12.
   12.   12.   12.   12.   12.   12.   12.   12.   12.   12. 2702. 2702.
   12.   12. 
 12. 12. 12. 12. 12. 12. 12. 12. 12. 12. 12. 12. 12. 12. 12. 12. 12. 12.
 12. 12. 12. 12. 12. 12. 12. 12. 
 12. 12. 12. 12. 12. 12. 12. 12. 12. 12. 12. 12. 12. 12. 12. 12. 12. 12.
 12. 12. 12. 12. 12. 12. 12. 12. 
   12.   12.   12.   12.   12.   12.   12. 2702. 2702. 3267.   12.   12.
   12.   12.   12.   12.   12.   12.   12.   12.   12.   12.   12.   12.
   12.   12. 
 12. 12. 12. 12. 12. 12. 12. 12. 12. 12. 12. 12. 12. 12. 12. 12. 12. 12.
 12. 12. 12. 12. 12. 12. 12. 12. 
   12.   12.   12.   12.   12.   12.   12.   12.   12.   12.   12.   12.
   12.   12.   12.   12.   12.   12. 2702. 3267. 3267. 3267.   12.   12.
   12.   12. 
 12. 12. 12. 12. 12. 12. 12. 12. 12. 12. 12. 12. 12. 12. 12. 12. 12. 12.
 12. 12. 12. 12. 12. 12. 12. 12. 
 12. 12. 12. 12. 12. 12. 12. 12. 12. 12. 12. 12. 12. 12. 12. 12. 12. 12.
 12. 12. 12. 12. 12. 12. 12. 12. 
   12.   12.   12. 2702. 3267. 3267. 3267. 3267.   12.   12.   12.   12.
   12.   12.   12.   12.   12.   12.   12.   12.   12.   12.   12.   12.
   12.   12. 
 12. 12. 12. 12. 12. 12. 12. 12. 12. 12. 12. 12. 12. 12. 12. 12. 12. 12.
 12. 12. 12. 12. 12. 12. 12. 12. 
   12.   12.   12.   12.   12.   12.   12.   12.   12.   12.   12.   12.
   12.   12. 2702. 2702. 3267. 3267. 3267. 2702.   12.   12.   12.   12.
   12.   12. 
 12. 12. 12. 12. 12. 12. 12. 12. 12. 12. 12. 12. 12. 12. 12. 12. 12. 12.
 12. 12. 12. 12. 12. 12. 12. 12. 
 12. 12. 12. 12. 12. 12. 12. 12. 12. 12. 12. 12. 12. 12. 12. 12. 12. 12.
 12. 12. 12. 12. 12. 12. 12. 12. 
 2702. 3267. 3267. 3267. 2702. 2702.   12.   12.   12.   12.   12.   12.
   12.   12.   12.   12.   12.   12.   12.   12.   12.   12.   12.   12.
   12.   12. 
 12. 12. 12. 12. 12. 12. 12. 12. 12. 12. 12. 12. 12. 12. 12. 12. 12. 12.
 12. 12. 12. 12. 12. 12. 12. 12. 
   12.   12.   12.   12.   12.   12.   12.   12.   12.   12.   12.   12.
 2702. 3267. 3267. 3267. 2702.   12.   12.   12.   12.   12.   12.   12.
   12.   12. 
 12. 12. 12. 12. 12. 12. 12. 12. 12. 12. 12. 12. 12. 12. 12. 12. 12. 12.
 12. 12. 12. 12. 12. 12. 12. 12. 
   12.   12.   12.   12.   12.   12.   12.   12.   12.   12.   12.   12.
   12.   12.   12.   12.   12.   12.   12.   12.   12.   12.   12. 2702.
 3267. 3267. 
 3267. 2702.   12.   12.   12.   12.   12.   12.   12.   12.   12.   12.
   12.   12.   12.   12.   12.   12.   12.   12.   12.   12.   12.   12.
   12.   12. 
 12. 12. 12. 12. 12. 12. 12. 12. 12. 12. 12. 12. 12. 12. 12. 12. 12. 12.
 12. 12. 12. 12. 12. 12. 12. 12. 
   12.   12.   12.   12.   12.   12.   12.   12. 2702. 3267. 3267. 3267.
 2702. 2702.   12.   12.   12.   12.   12.   12.   12.   12.   12.   12.
   12.   12. 
 12. 12. 12. 12. 12. 12. 12. 12. 12. 12. 12. 12. 12. 12. 12. 12. 12. 12.
 12. 12. 12. 12. 12. 12. 12. 12. 
   12.   12.   12.   12.   12.   12.   12.   12.   12.   12.   12. 2702.
 2702. 2702. 2702. 2702.   12.   12.   12.   12. 2702. 3267. 3267. 3267.
 2702.   12. 
 12. 12. 12. 12. 12. 12. 12. 12. 12. 12. 12. 12. 12. 12. 12. 12. 12. 12.
 12. 12. 12. 12. 12. 12. 12. 12. 
   12.   12.   12.   12.   12.   12.   12.   12.   12.   12.   12.   12.
   12.   12.   12.   12.   12.   12.   12.   12.   12.   12. 2702. 2702.
 3267. 3267. 
 3267. 2702. 2702.   12.   12. 2702. 2702. 3267. 3267. 3267. 2702.   12.
   12.   12.   12.   12.   12.   12.   12.   12.   12.   12.   12.   12.
   12.   12. 
 12. 12. 12. 12. 12. 12. 12. 12. 12. 12. 12. 12. 12. 12. 12. 12. 12. 12.
 12. 12. 12. 12. 12. 12. 12. 12. 
   12.   12.   12.   12.   12.   12.   12. 2702. 2702. 3267. 3267. 3267.
 3267. 3267. 2702. 2702.   12. 2702. 3267. 3267. 3267. 2702. 2702.   12.
   12.   12. 
 12. 12. 12. 12. 12. 12. 12. 12. 12. 12. 12. 12. 12. 12. 12. 12. 12. 12.
 12. 12. 12. 12. 12. 12. 12. 12. 
   12.   12.   12.   12.   12.   12.   12.   12.   12.   12.   12.   12.
   12.   12.   12.   12.   12.   12. 2702. 2702. 3267. 3267. 3267. 3267.
 3267. 3267. 
 3267. 2702. 2702. 2702. 3267. 3267. 3267. 2702.   12.   12.   12.   12.
   12.   12.   12.   12.   12.   12.   12.   12.   12.   12.   12.   12.
   12.   12. 
 12. 12. 12. 12. 12. 12. 12. 12. 12. 12. 12. 12. 12. 12. 12. 12. 12. 12.
 12. 12. 12. 12. 12. 12. 12. 12. 
   12.   12.   12.   12. 2702. 3267. 3267. 3267. 2702. 2702. 3267. 3267.
 3267. 3267. 3267. 3267. 3267. 3267. 2702. 2702.   12.   12.   12.   12.
   12.   12. 
 12. 12. 12. 12. 12. 12. 12. 12. 12. 12. 12. 12. 12. 12. 12. 12. 12. 12.
 12. 12. 12. 12. 12. 12. 12. 12. 
   12.   12.   12.   12.   12.   12.   12.   12.   12.   12.   12.   12.
   12.   12.   12. 2702. 2702. 3267. 3267. 3267. 2702. 2702. 2702. 2702.
 3267. 3267. 
 3267. 3267. 3267. 3267. 2702.   12.   12.   12.   12.   12.   12.   12.
   12.   12.   12.   12.   12.   12.   12.   12.   12.   12.   12.   12.
   12.   12. 
 12. 12. 12. 12. 12. 12. 12. 12. 12. 12. 12. 12. 12. 12. 12. 12. 12. 12.
 12. 12. 12. 12. 12. 12. 12. 12. 
   12. 2702. 3267. 3267. 3267. 2702. 2702.   12.   12. 2702. 2702. 3267.
 3267. 3267. 3267. 2702. 2702.   12.   12.   12.   12.   12.   12.   12.
   12.   12. 
 12. 12. 12. 12. 12. 12. 12. 12. 12. 12. 12. 12. 12. 12. 12. 12. 12. 12.
 12. 12. 12. 12. 12. 12. 12. 12. 
   12.   12.   12.   12.   12.   12. 2702. 2702. 2702. 2702. 2702. 2702.
 2702. 2702. 3267. 3267. 3267. 2702.   12.   12.   12.   12.   12. 2702.
 2702. 2702. 
 2702. 2702.   12.   12.   12.   12.   12.   12.   12.   12.   12.   12.
   12.   12.   12.   12.   12.   12.   12.   12.   12.   12.   12.   12.
   12.   12. 
   12.   12.   12.   12.   12.   12.   12.   12.   12.   12.   12.   12.
   12.   12.   12. 2702. 2702. 2702. 2702. 2702. 2702. 2702. 2702. 2702.
 3267. 3267. 
 3267. 3267. 2702. 2702.   12.   12.   12.   12.   12.   12.   12.   12.
   12.   12.   12.   12.   12.   12.   12.   12.   12.   12.   12.   12.
   12.   12. 
   12.   12.   12.   12.   12.   12.   12.   12.   12.   12.   12.   12.
   12.   12.   12.   12.   12.   12.   12.   12.   12.   12.   12.   12.
   12. 2702. 
 2702. 3267. 3267. 3267. 3267. 3267. 3267. 3267. 3267. 3267. 3267. 3267.
 3267. 2702. 2702.   12.   12.   12.   12.   12.   12.   12.   12.   12.
   12.   12. 
 12. 12. 12. 12. 12. 12. 12. 12. 12. 12. 12. 12. 12. 12. 12. 12. 12. 12.
 12. 12. 12. 12. 12. 12. 12. 12. 
   12.   12.   12.   12.   12.   12.   12.   12.   12.   12. 2702. 2702.
 3267. 3267. 3267. 3267. 3267. 3267. 3267. 3267. 3267. 3267. 3267. 3267.
 3267. 2702. 
 2702.   12.   12.   12.   12.   12.   12.   12.   12.   12.   12.   12.
   12.   12.   12.   12.   12.   12.   12.   12.   12.   12.   12.   12.
   12.   12. 
   12.   12.   12.   12.   12.   12.   12.   12.   12.   12.   12.   12.
   12.   12.   12.   12.   12.   12.   12.   12.   12.   12. 2702. 3267.
 3267. 3267. 
 3267. 3267. 3267. 3267. 3267. 3267. 3267. 3267. 3267. 2702. 2702. 2702.
   12.   12.   12.   12.   12.   12.   12.   12.   12.   12.   12.   12.
   12.   12. 
 12. 12. 12. 12. 12. 12. 12. 12. 12. 12. 12. 12. 12. 12. 12. 12. 12. 12.
 12. 12. 12. 12. 12. 12. 12. 12. 
   12.   12.   12.   12.   12.   12.   12. 2702. 2702. 3267. 3267. 3267.
 2702. 2702. 2702. 2702. 2702. 2702. 2702. 2702. 2702. 2702.   12.   12.
   12.   12. 
 12. 12. 12. 12. 12. 12. 12. 12. 12. 12. 12. 12. 12. 12. 12. 12. 12. 12.
 12. 12. 12. 12. 12. 12. 12. 12. 
   12.   12.   12.   12.   12.   12.   12.   12.   12.   12.   12.   12.
   12.   12.   12.   12.   12.   12.   12. 2702. 2702. 3267. 3267. 2702.
 2702.   12. 
 12. 12. 12. 12. 12. 12. 12. 12. 12. 12. 12. 12. 12. 12. 12. 12. 12. 12.
 12. 12. 12. 12. 12. 12. 12. 12. 
 12. 12. 12. 12. 12. 12. 12. 12. 12. 12. 12. 12. 12. 12. 12. 12. 12. 12.
 12. 12. 12. 12. 12. 12. 12. 12. 
   12.   12.   12.   12.   12. 2702. 2702. 3267. 3267. 2702.   12.   12.
   12.   12.   12.   12.   12.   12.   12.   12.   12.   12.   12.   12.
   12.   12. 
 12. 12. 12. 12. 12. 12. 12. 12. 12. 12. 12. 12. 12. 12. 
/