PERMI
 10. 10. 10. 10. 10. 10. 10. 10. 10. 10. 10. 10. 10. 10. 10. 10. 10. 10.
 10. 10. 10. 10. 10. 10. 10. 10. 
   10.   10.   10.   10.   10.   10.   10.   10.   10.   10.   10.   10.
   10.   10.   10.   10.   10.   10.   10.  743. 1055. 1055. 1055.  743.
   10.   10. 
  743.  743.  743. 1055. 1055. 1055. 1055.  743.  743.  743.  743.  743.
   10.   10.   10.   10.   10.   10.   10.   10.   10.   10.   10.   10.
   10.   10. 
 10. 10. 10. 10. 10. 10. 10. 10. 10. 10. 10. 10. 10. 10. 10. 10. 10. 10.
 10. 10. 10. 10. 10. 10. 10. 10. 
   10.   10.   10.   10.  743.  743. 1055. 1055. 1055.  743.   10.  743.
  743.  743. 1055. 1055. 1055. 1055. 1055. 1055.  743.  743.  743. 1055.
   10.   10. 
 10. 10. 10. 10. 10. 10. 10. 10. 10. 10. 10. 10. 10. 10. 10. 10. 10. 10.
 10. 10. 10. 10. 10. 10. 10. 10. 
   10.   10.   10.   10.   10.   10.   10.   10.   10.   10.   10.   10.
   10.   10.   10.  743.  743. 1055. 1055. 1055. 1055.  743.   10.  743.
  743. 1055. 
 1055. 1055. 1055. 1055. 1055. 1055. 1055.  743.  743.  743.   10.   10.
   10.   10.   10.   10.   10.   10.   10.   10.   10.   10.   10.   10.
   10.   10. 
  10.  10.  10.  10.  10.  10.  10.  10.  10.  10.  10.  10.  10.  10.
  10.  10.  10.  10. 743. 743. 743. 743. 743. 743. 743. 743. 
  743.  743. 1055. 1055. 1055. 1055.  743.  743.  743.  743. 1055. 1055.
 1055. 1055.  743.  743. 1055. 1055. 1055. 1055.  743.  743.   10.   10.
   10.   10. 
 10. 10. 10. 10. 10. 10. 10. 10. 10. 10. 10. 10. 10. 10. 10. 10. 10. 10.
 10. 10. 10. 10. 10. 10. 10. 10. 
   10.   10.  743.  743. 1055. 1055. 1055. 1055. 1055.  743.  743.  743.
  743. 1055. 1055. 1055. 1055. 1055.  743.   10.  743.  743. 1055. 1055.
 1055.  743. 
  743.  743.  743. 1055. 1055. 1055.  743.  743.   10.   10.   10.   10.
   10.   10.   10.   10.   10.   10.   10.   10.   10.   10.   10.   10.
   10.   10. 
   10.   10.   10.   10.   10.   10.   10.   10.   10.   10.   10.   10.
   10.  743. 1055. 1055. 1055. 1055.  743.  743.  743.  743.  743.  743.
  743.  743. 
 1055. 1055. 1055.  743.  743.  743.  743. 1055. 1055. 1055.  743.  743.
 1055.  743.  743.  743. 1055. 1055. 1055.  743.   10.   10.   10.   10.
   10.   10. 
  10.  10.  10.  10.  10.  10.  10.  10.  10.  10.  10.  10.  10.  10.
  10.  10.  10.  10.  10.  10.  10.  10.  10.  10. 743. 743. 
 1055. 1055. 1055. 1055.  743.  743.  743. 1055. 1055. 1055.  743.  743.
  743.  743.  743.  743.  743.  743.  743. 1055. 1055. 1055.  743.  743.
 1055.  743. 
  743.  743. 1055. 1055. 1055. 1055.   10.   10.   10.   10.   10.   10.
   10.   10.   10.   10.   10.   10.   10.   10.   10.   10.   10.   10.
   10.   10. 
   10.   10.   10.   10.   10.   10.   10.   10.   10.   10.  743.  743.
 1055. 1055.  743.  743.  743. 1055. 1055. 1055. 1055. 1055. 1055. 1055.
  743.  743. 
  743.  743.  743.  743.  743. 1055. 1055.  743.  743. 1055. 1055. 1055.
  743.  743.  743. 1055. 1055. 1055.   10.   10.   10.   10.   10.   10.
   10.   10. 
   10.   10.   10.   10.   10.   10.   10.   10.   10.   10.   10.   10.
   10.   10.   10.   10.   10.   10.   10.   10.   10.   10.  743. 1055.
 1055. 1055. 
  743.  743.  743. 1055. 1055. 1055. 1055. 1055. 1055. 1055. 1055. 1055.
  743.  743.  743.  743.  743. 1055. 1055.  743.  743. 1055. 1055.  743.
  743.  743. 
  743.  743. 1055. 1055.   10.   10.   10.   10.   10.   10.   10.   10.
   10.   10.   10.   10.   10.   10.   10.   10.   10.   10.   10.   10.
   10.   10. 
   10.   10.   10.   10.   10.   10.   10.   10.  743. 1055. 1055. 1055.
  743.  743. 1055. 1055. 1055. 1055.  743. 1055. 1055. 1055. 1055. 1055.
 1055.  743. 
  743.  743. 1055. 1055. 1055.  743.  743. 1055. 1055.  743.  743.  743.
  743.  743.  743. 1055.   10.   10.   10.   10.   10.   10.   10.   10.
   10.   10. 
   10.   10.   10.   10.   10.   10.   10.   10.   10.   10.   10.   10.
   10.   10.   10.   10.   10.   10.   10.  743.  743. 1055. 1055. 1055.
  743.  743. 
 1055. 1055. 1055.  743.  743.  743.  743. 1055. 1055. 1055. 1055. 1055.
 1055. 1055. 1055. 1055. 1055.  743.  743. 1055.  743.  743.   10.   10.
   10.  743. 
 743. 743.  10.  10.  10.  10.  10.  10.  10.  10.  10.  10.  10.  10.
  10.  10.  10.  10.  10.  10.  10.  10.  10.  10.  10.  10. 
   10.   10.  743.  743.  743.  743. 1055. 1055. 1055. 1055.  743.  743.
 1055. 1055. 1055.  743.  743.  743.  743.  743.  743. 1055. 1055. 1055.
 1055. 1055. 
 1055. 1055. 1055.  743.  743.  743.  743.  743.   10.   10.   10.   10.
  743.  743.   10.   10.   10.   10.   10.   10.   10.   10.   10.   10.
   10.   10. 
   10.   10.   10.   10.   10.   10.   10.   10.   10.   10.   10.   10.
   10.  743.  743.  743.  743.  743.  743. 1055. 1055. 1055.  743.  743.
 1055. 1055. 
 1055.  743.  743.  743.  743.  743.  743.  743.  743. 1055. 1055. 1055.
 1055. 1055.  743.  743.  743.  743.   10.   10.   10.   10.   10.   10.
   10.   10. 
  10.  10.  10.  10.  10.  10.  10.  10.  10.  10.  10.  10.  10.  10.
  10.  10.  10.  10.  10. 743. 743. 743. 743. 743. 743. 743. 
  743. 1055. 1055.  743.  743.  743.  743. 1055.  743.  743. 1055. 1055.
 1055.  743.  743.  743.  743. 1055. 1055.  743.  743.  743.  743.  743.
  743.  743. 
 743. 743.  10.  10.  10.  10.  10.  10.  10.  10.  10.  10.  10.  10.
  10.  10.  10.  10.  10.  10.  10.  10.  10.  10.  10.  10. 
   10.   10.   10.   10.  743.  743. 1055. 1055. 1055.  743.  743.  743.
 1055. 1055. 1055. 1055. 1055.  743.  743.  743.  743.  743. 1055. 1055.
 1055.  743. 
  743.  743.  743. 1055. 1055. 1055.  743.  743.  743.  743.  743.  743.
  743.   10.   10.   10.   10.   10.   10.   10.   10.   10.   10.   10.
   10.   10. 
   10.   10.   10.   10.   10.   10.   10.   10.   10.   10.   10.   10.
   10.   10.   10.  743. 1055. 1055. 1055. 1055. 1055.  743.  743. 1055.
 1055. 1055. 
 1055. 1055. 1055. 1055. 1055.  743.  743.  743. 1055. 1055. 1055.  743.
  743.  743.  743. 1055. 1055. 1055.  743.  743.   10.   10.   10.   10.
   10.   10. 
  10.  10.  10.  10.  10.  10.  10.  10.  10.  10.  10.  10.  10.  10.
  10.  10.  10.  10.  10.  10.  10. 743. 743.  10.  10.  10. 
   10.  743. 1055. 1055. 1055. 1055. 1055.  743.  743. 1055. 1055. 1055.
  743. 1055. 1055. 1055. 1055. 1055.  743.  743. 1055. 1055. 1055. 1055.
  743.  743. 
  743. 1055. 1055. 1055.  743.  743.   10.   10.   10.   10.   10.   10.
   10.   10.   10.   10.   10.   10.   10.   10.   10.   10.   10.   10.
   10.   10. 
   10.   10.   10.   10.  743.  743.  743.  743.  743.  743.  743.  743.
  743.  743. 1055. 1055. 1055.  743.  743.  743.  743. 1055. 1055. 1055.
  743.  743. 
 1055. 1055. 1055. 1055. 1055.  743.  743. 1055. 1055. 1055.  743.  743.
  743. 1055. 1055. 1055.  743.  743.   10.   10.   10.   10.   10.   10.
   10.   10. 
   10.   10.   10.   10.   10.   10.   10.   10.   10.   10.   10.   10.
   10.   10.  743.  743.  743.  743. 1055. 1055. 1055. 1055.  743.  743.
  743. 1055. 
 1055. 1055. 1055.  743.  743.  743. 1055. 1055. 1055.  743.  743.  743.
  743. 1055. 1055. 1055. 1055. 1055. 1055. 1055. 1055. 1055.  743.  743.
  743. 1055. 
 1055. 1055.  743.  743.   10.   10.   10.   10.   10.   10.   10.   10.
   10.   10.   10.   10.   10.   10.   10.   10.   10.   10.   10.   10.
   10.   10. 
  743.  743.  743. 1055. 1055. 1055. 1055. 1055. 1055. 1055.  743.  743.
 1055. 1055. 1055.  743.  743.  743. 1055. 1055. 1055.  743.  743.  743.
  743.  743. 
 1055. 1055. 1055. 1055. 1055. 1055. 1055. 1055.  743.  743. 1055. 1055.
 1055. 1055.  743.  743.   10.   10.   10.   10.   10.   10.   10.   10.
   10.   10. 
   10.   10.   10.   10.   10.   10.  743.   10.   10.   10.   10.  743.
  743.  743. 1055. 1055. 1055. 1055. 1055. 1055. 1055. 1055. 1055.  743.
  743. 1055. 
 1055.  743.  743.  743. 1055. 1055. 1055.  743.  743.   10.  743.  743.
  743. 1055. 1055. 1055. 1055. 1055. 1055.  743.  743. 1055. 1055. 1055.
 1055.  743. 
  743.  743.   10.   10.   10.   10.   10.   10.   10.   10.   10.   10.
   10.   10.   10.   10.   10.   10.  743.  743.   10.   10.  743.  743.
  743. 1055. 
 1055. 1055. 1055.  743.  743.  743. 1055. 1055. 1055. 1055.  743.  743.
 1055.  743.  743. 1055. 1055. 1055.  743.  743.   10.   10.  743.  743.
  743.  743. 
  743.  743.  743.  743.  743.  743. 1055. 1055. 1055. 1055. 1055.  743.
  743.   10.   10.   10.   10.   10.   10.   10.   10.   10.   10.   10.
   10.   10. 
   10.   10.   10.   10.  743.  743.  743.   10.  743.  743. 1055. 1055.
 1055. 1055.  743.  743.  743.  743.  743. 1055. 1055. 1055.  743.  743.
  743.  743. 
  743. 1055. 1055. 1055.  743.  743.   10.   10.   10.  743.  743.  743.
  743.  743.  743.  743.  743.  743.  743. 1055. 1055. 1055.  743.  743.
   10.   10. 
   10.   10.   10.   10.   10.   10.   10.   10.   10.   10.   10.   10.
   10.   10.   10.   10. 1055.  743.  743.  743.  743. 1055. 1055. 1055.
 1055.  743. 
  743.  743.   10.  743.  743. 1055. 1055. 1055. 1055. 1055.  743.  743.
  743. 1055. 1055.  743.  743.   10.   10.   10.   10.  743.  743. 1055.
 1055. 1055. 
 1055.  743.  743.  743.  743.  743.  743.  743.  743.   10.   10.   10.
   10.   10.   10.   10.   10.   10.   10.   10.   10.   10.   10.   10.
   10.   10. 
   10.   10. 1055.  743.  743.  743.  743. 1055. 1055. 1055.  743.  743.
  743.  743.  743.  743.  743.  743. 1055. 1055. 1055. 1055. 1055. 1055.
 1055. 1055. 
 1055.  743.  743.  743.   10.   10.   10.  743.  743. 1055. 1055. 1055.
 1055.  743.   10.   10.   10.   10.   10.   10.   10.   10.   10.   10.
   10.   10. 
   10.   10.   10.   10.   10.   10.   10.   10.   10.   10.   10.   10.
   10.   10. 1055. 1055.  743.  743.  743. 1055. 1055. 1055.  743.  743.
 1055. 1055. 
 1055. 1055.  743.  743.  743. 1055. 1055. 1055. 1055. 1055. 1055. 1055.
 1055.  743.  743.  743.  743.  743.   10.  743.  743. 1055. 1055. 1055.
 1055.  743. 
 10. 10. 10. 10. 10. 10. 10. 10. 10. 10. 10. 10. 10. 10. 10. 10. 10. 10.
 10. 10. 10. 10. 10. 10. 10. 10. 
 1055. 1055. 1055.  743.  743. 1055. 1055. 1055.  743.  743. 1055. 1055.
 1055. 1055. 1055.  743.  743.  743.  743. 1055. 1055. 1055. 1055. 1055.
  743.  743. 
 1055. 1055.  743.  743.  743.  743.  743. 1055. 1055. 1055.  743.  743.
   10.   10.   10.   10.   10.   10.   10.   10.   10.   10.   10.   10.
   10.   10. 
   10.   10.   10.   10.   10.   10.   10.   10.   10.   10.   10.   10.
 1055. 1055. 1055. 1055. 1055. 1055. 1055.  743.  743. 1055. 1055. 1055.
 1055. 1055. 
 1055. 1055. 1055.  743.  743.  743.  743.  743.  743.  743.  743. 1055.
 1055. 1055. 1055. 1055. 1055. 1055. 1055. 1055. 1055. 1055.  743.  743.
   10.   10. 
   10.   10.   10.   10.   10.   10.   10.   10.   10.   10.   10.   10.
   10.   10.   10.   10.   10.   10.   10.   10.   10.   10.   10.   10.
  743. 1055. 
 1055. 1055. 1055. 1055. 1055.  743.  743. 1055.  743.  743.  743.  743.
  743.  743.  743. 1055. 1055.  743.  743.  743.  743.  743. 1055. 1055.
 1055. 1055. 
 1055. 1055. 1055. 1055. 1055. 1055. 1055.  743.  743.  743.   10.   10.
   10.   10.   10.   10.   10.   10.   10.   10.   10.   10.   10.   10.
   10.   10. 
  743.  743.  743.  743.  743.  743.  743.  743.  743.  743.  743.  743.
 1055. 1055. 1055. 1055. 1055.  743.  743. 1055. 1055.  743.  743. 1055.
 1055. 1055. 
  743.  743. 1055. 1055.  743. 1055. 1055. 1055. 1055.  743.  743.  743.
 1055. 1055. 1055. 1055. 1055. 1055.  743.  743.  743.   10.   10.   10.
   10.   10. 
   10.   10.   10.   10.   10.   10.   10.   10.   10.   10.   10.  743.
  743.  743.  743.  743.  743.  743.  743.  743.  743.  743.  743.  743.
  743. 1055. 
 1055. 1055.  743.  743. 1055. 1055.  743.  743. 1055. 1055. 1055. 1055.
 1055.  743.  743. 1055.  743. 1055. 1055. 1055. 1055.  743.  743.  743.
  743.  743. 
  743.  743.  743.  743.  743.  743.   10.   10.   10.   10.   10.   10.
   10.   10.   10.   10.   10.   10.   10.   10.   10.  743.  743.  743.
  743. 1055. 
 1055. 1055. 1055. 1055. 1055. 1055. 1055. 1055.   10.  743.  743.  743.
  743.  743.  743.  743. 1055. 1055.  743.  743. 1055. 1055. 1055. 1055.
 1055. 1055. 
  743.  743.  743. 1055. 1055. 1055.  743.  743.   10.   10.   10.   10.
  743.  743.  743.   10.   10.   10.   10.   10.   10.   10.   10.   10.
   10.   10. 
   10.   10.   10.   10.   10.   10.   10.  743.  743.  743. 1055. 1055.
 1055. 1055. 1055. 1055. 1055. 1055. 1055. 1055.  743.  743.  743.  743.
  743.  743. 
   10.  743. 1055.  743.  743. 1055. 1055. 1055. 1055. 1055. 1055. 1055.
  743.  743.  743. 1055. 1055. 1055.  743.  743.   10.   10.   10.   10.
   10.   10. 
   10.   10.   10.   10.   10.   10.   10.   10.   10.   10.   10.   10.
   10.   10.   10.   10.   10.   10.  743.  743.  743. 1055. 1055. 1055.
 1055. 1055. 
 1055. 1055. 1055. 1055. 1055. 1055. 1055. 1055.  743.  743.  743.  743.
   10.  743. 1055.  743.  743. 1055. 1055. 1055.  743. 1055. 1055. 1055.
 1055.  743. 
  743. 1055. 1055. 1055.  743.  743.   10.   10.   10.   10.   10.   10.
   10.   10.   10.   10.   10.   10.   10.   10.   10.   10.   10.   10.
   10.   10. 
   10.   10.   10.   10.  743.  743.  743. 1055. 1055. 1055. 1055. 1055.
 1055. 1055. 1055. 1055.  743.  743. 1055. 1055. 1055. 1055.  743.  743.
  743.  743. 
  743.  743. 1055. 1055. 1055. 1055.  743.  743. 1055. 1055. 1055. 1055.
  743. 1055. 1055. 1055.  743.   10.   10.   10.   10.   10.   10.   10.
   10.   10. 
   10.   10.   10.   10.   10.   10.   10.   10.   10.   10.   10.   10.
   10.   10.   10.   10.   10.  743.  743. 1055. 1055. 1055.  743.  743.
  743.  743. 
  743.  743.  743.  743. 1055. 1055. 1055. 1055. 1055. 1055.  743.  743.
  743. 1055. 1055. 1055. 1055.  743.  743.  743. 1055. 1055. 1055. 1055.
 1055. 1055. 
 1055.  743.  743.   10.   10.   10.   10.   10.   10.   10.   10.   10.
   10.   10.   10.   10.   10.   10.   10.   10.   10.   10.   10.   10.
   10.   10. 
   10.   10.   10.  743. 1055. 1055. 1055. 1055.  743.  743.  743.  743.
  743.  743.  743.  743.  743. 1055. 1055. 1055. 1055. 1055. 1055. 1055.
  743. 1055. 
 1055. 1055. 1055.  743.  743.  743.  743. 1055. 1055. 1055. 1055. 1055.
 1055.  743.  743.   10.   10.   10.   10.   10.   10.   10.   10.   10.
   10.   10. 
   10.   10.   10.   10.   10.   10.   10.   10.   10.   10.   10.   10.
   10.   10.   10.  743.  743. 1055. 1055. 1055.  743.  743.   10.   10.
   10.   10. 
   10.   10.  743.  743.  743. 1055. 1055. 1055. 1055. 1055. 1055. 1055.
 1055. 1055.  743.  743.   10.   10.  743.  743.  743. 1055. 1055. 1055.
  743.  743. 
 10. 10. 10. 10. 10. 10. 10. 10. 10. 10. 10. 10. 10. 10. 10. 10. 10. 10.
 10. 10. 10. 10. 10. 10. 10. 10. 
   10.  743.  743. 1055. 1055. 1055.  743.  743.  743.   10.   10.   10.
   10.   10.  743.  743.  743.  743.  743. 1055. 1055. 1055. 1055. 1055.
 1055. 1055. 
 743. 743.  10.  10.  10. 743. 743. 743. 743. 743. 743. 743.  10.  10.
  10.  10.  10.  10.  10.  10.  10.  10.  10.  10.  10.  10. 
   10.   10.   10.   10.   10.  743.  743.  743.   10.   10.   10.   10.
   10.  743.  743. 1055. 1055. 1055. 1055.  743.  743.   10.   10.   10.
   10.   10. 
  743.   10.   10.  743.  743.  743. 1055. 1055. 1055. 1055. 1055.  743.
  743.   10.   10.   10.   10.   10.   10.  743.  743.  743.   10.   10.
   10.   10. 
  10.  10.  10.  10.  10.  10.  10.  10.  10.  10.  10.  10.  10.  10.
  10. 743. 743. 743. 743. 743. 743. 743. 743.  10.  10. 743. 
  743. 1055. 1055. 1055. 1055.  743.  743.   10.   10.   10.   10.   10.
  743.   10.   10.   10.   10.  743.  743.  743.  743.  743.  743.  743.
   10.   10. 
 10. 10. 10. 10. 10. 10. 10. 10. 10. 10. 10. 10. 10. 10. 10. 10. 10. 10.
 10. 10. 10. 10. 10. 10. 10. 10. 
  743.  743.  743.  743.  743.  743.  743.  743.  743.  743.   10.  743.
  743.  743. 1055. 1055. 1055.  743.  743.  743.   10.   10.   10.   10.
  743.   10. 
  10.  10.  10.  10. 743. 743. 743. 743. 743.  10.  10.  10.  10.  10.
  10.  10.  10.  10.  10.  10.  10.  10.  10.  10.  10.  10. 
   10.   10.   10.   10.   10.   10.   10.   10.   10.   10.   10.   10.
  743.  743. 1055. 1055. 1055. 1055. 1055. 1055.  743.  743.  743.  743.
  743.  743. 
 1055. 1055. 1055.  743.  743.  743.   10.   10.   10.   10.  743.   10.
   10.   10.   10.   10.   10.   10.   10.   10.   10.   10.   10.   10.
   10.   10. 
  10.  10.  10.  10.  10.  10.  10.  10.  10.  10.  10.  10. 743. 743.
 743. 743. 743. 743.  10.  10.  10.  10.  10. 743. 743. 743. 
 1055. 1055. 1055. 1055. 1055. 1055. 1055.  743.  743.  743.  743.  743.
 1055. 1055. 1055.  743.  743.  743.   10.   10.   10.   10.  743.   10.
   10.   10. 
  10.  10.  10.  10.  10.  10.  10.  10.  10.  10.  10.  10.  10.  10.
  10.  10.  10.  10.  10.  10.  10.  10. 743. 743. 743. 743. 
  743.  743.  743.  743.  743.   10.   10.   10.   10.  743.  743.  743.
 1055. 1055. 1055. 1055. 1055. 1055. 1055. 1055. 1055.  743.  743.  743.
 1055. 1055. 
 1055.  743.  743.  743.   10.   10.   10.   10.  743.   10.   10.   10.
   10.   10.   10.   10.   10.   10.   10.   10.   10.   10.   10.   10.
   10.   10. 
   10.   10.   10.   10.   10.   10.   10.  743.  743.  743.  743.  743.
 1055. 1055.  743.  743.  743.  743.   10.   10.   10.  743.  743. 1055.
 1055. 1055. 
  743.  743.  743. 1055. 1055. 1055. 1055. 1055. 1055. 1055. 1055. 1055.
 1055.  743.  743.  743.   10.   10.   10.  743.  743.   10.   10.   10.
   10.   10. 
   10.   10.   10.   10.   10.   10.   10.   10.   10.   10.   10.   10.
   10.   10.   10.   10.   10.   10.   10.  743.  743. 1055. 1055. 1055.
 1055. 1055. 
 1055. 1055.  743.  743.  743.  743.   10.  743.  743. 1055. 1055. 1055.
  743.  743.  743.  743. 1055. 1055. 1055. 1055. 1055. 1055. 1055. 1055.
 1055.  743. 
 743.  10.  10.  10. 743. 743.  10.  10.  10.  10.  10.  10.  10.  10.
  10.  10.  10.  10.  10.  10.  10.  10.  10.  10.  10.  10. 
   10.   10.   10.   10.  743.  743. 1055. 1055. 1055. 1055. 1055. 1055.
 1055. 1055. 1055.  743.  743.  743.  743.  743.  743. 1055. 1055. 1055.
  743.  743. 
  743.  743.  743.  743.  743. 1055. 1055. 1055. 1055. 1055.  743.  743.
  743.   10.   10.   10.  743. 1055.   10.   10.   10.   10.   10.   10.
   10.   10. 
   10.   10.   10.   10.   10.   10.   10.   10.   10.   10.   10.   10.
   10.   10.   10.   10.  743.  743. 1055. 1055. 1055.  743. 1055. 1055.
 1055. 1055. 
 1055. 1055.  743.  743.  743.  743.  743. 1055. 1055. 1055.  743.  743.
   10.   10.  743.  743.  743.  743.  743.  743.  743.  743.  743.  743.
   10.   10. 
   10.  743.  743. 1055.   10.   10.   10.   10.   10.   10.   10.   10.
   10.   10.   10.   10.  743.  743.  743.  743.  743.  743.  743.   10.
   10.   10. 
   10.   10.  743.  743. 1055. 1055. 1055.  743.  743.  743. 1055. 1055.
 1055. 1055. 1055. 1055.  743.  743.  743. 1055. 1055. 1055.  743.  743.
   10.   10. 
   10.   10.  743.  743.  743.  743.  743.  743.  743.  743.  743.  743.
  743.  743.  743. 1055.   10.   10.   10.   10.   10.   10.   10.   10.
   10.   10. 
  743.  743.  743.  743.  743.  743.  743.  743.  743.  743.  743.   10.
   10.  743.  743.  743. 1055. 1055. 1055.  743.  743.  743.  743. 1055.
 1055. 1055. 
 1055. 1055. 1055.  743. 1055. 1055. 1055.  743.  743.  743.   10.   10.
   10.   10.   10.  743.  743.  743.  743.  743.  743.  743. 1055.  743.
  743.  743. 
  743. 1055.   10.   10.   10.   10.   10.   10.   10.   10.   10.  743.
  743.  743.  743. 1055. 1055. 1055. 1055. 1055.  743.  743.  743.  743.
  743.  743. 
  743. 1055. 1055. 1055. 1055.  743.  743.  743.  743.  743.  743. 1055.
 1055. 1055. 1055. 1055. 1055. 1055. 1055.  743.  743.   10.   10.   10.
   10.  743. 
  743.  743.  743.  743. 1055.  743.  743.  743.  743.  743. 1055.  743.
  743. 1055.   10.   10.   10.   10.   10.   10.   10.   10.   10.  743.
  743. 1055. 
 1055. 1055. 1055. 1055. 1055. 1055. 1055. 1055.  743.  743.  743.  743.
  743. 1055. 1055. 1055.  743.  743.   10.   10.  743.  743.  743.  743.
  743. 1055. 
 1055. 1055. 1055. 1055.  743.  743.   10.   10.   10.   10.  743.  743.
  743. 1055. 1055. 1055. 1055. 1055. 1055. 1055.  743.  743.  743.  743.
  743. 1055. 
   10.   10.   10.   10.   10.   10.   10.   10.  743.  743.  743. 1055.
 1055. 1055. 1055. 1055. 1055. 1055. 1055. 1055. 1055. 1055.  743.  743.
  743. 1055. 
 1055. 1055.  743.  743.   10.   10.   10.   10.  743.  743.  743.  743.
  743.  743.  743.  743.  743.   10.   10.   10.   10.   10.  743.  743.
 1055. 1055. 
 1055. 1055. 1055. 1055. 1055. 1055. 1055.  743.  743.  743.  743. 1055.
   10.   10.   10.   10.   10.   10.   10.   10.  743.  743. 1055. 1055.
 1055. 1055. 
 1055. 1055. 1055. 1055. 1055. 1055. 1055. 1055. 1055.  743. 1055. 1055.
 1055.  743.  743.  743.   10.   10.   10.   10.   10.   10.  743.  743.
  743.  743. 
  743.  743.   10.   10.   10.   10.   10.  743.  743. 1055. 1055. 1055.
 1055. 1055. 1055. 1055. 1055. 1055. 1055. 1055.  743.  743. 1055. 1055.
  743.  743. 
  743.  743.  743.   10.   10.   10.  743.  743. 1055. 1055. 1055. 1055.
  743.  743.  743.  743. 1055. 1055. 1055. 1055. 1055. 1055. 1055. 1055.
 1055.  743. 
  743.   10.   10.   10.   10.   10.   10.   10.   10.   10.   10.   10.
   10.   10.   10.   10.   10.   10.   10.  743.  743. 1055. 1055. 1055.
 1055.  743. 
  743.  743. 1055. 1055. 1055. 1055. 1055.  743. 1055. 1055.  743.  743.
  743.  743.  743.  743.  743.   10.  743.  743. 1055. 1055. 1055. 1055.
  743.  743. 
  743.  743.  743.  743. 1055. 1055. 1055. 1055. 1055. 1055. 1055.  743.
  743.   10.   10.   10.   10.   10.   10.   10.   10.   10.   10.   10.
   10.   10. 
   10.   10.   10.   10.   10.  743.  743. 1055. 1055. 1055.  743.  743.
  743.  743.  743. 1055. 1055. 1055. 1055. 1055. 1055. 1055.  743. 1055.
 1055. 1055. 
  743.  743.  743.  743.  743.  743. 1055. 1055. 1055. 1055.  743.  743.
   10.  743.  743.  743.  743.  743. 1055. 1055. 1055. 1055.  743.  743.
  743.   10. 
   10.   10.   10.   10.   10.   10.   10.   10.   10.   10.  743.  743.
  743.  743.  743.   10.   10.  743.  743. 1055. 1055. 1055.  743.  743.
 1055.  743. 
  743.  743. 1055. 1055. 1055. 1055. 1055. 1055. 1055. 1055. 1055. 1055.
 1055.  743.  743.  743.  743.  743.  743. 1055. 1055. 1055.  743.  743.
  743.   10. 
  10. 743. 743. 743. 743. 743. 743. 743. 743. 743.  10.  10.  10.  10.
  10.  10.  10.  10.  10.  10. 743. 743. 743. 743. 743. 743. 
  743.  743.  743.  743.  743. 1055. 1055. 1055. 1055.  743. 1055. 1055.
  743.  743.  743.  743. 1055. 1055. 1055.  743. 1055. 1055. 1055. 1055.
 1055. 1055. 
 1055.  743.  743.  743.  743. 1055. 1055. 1055.  743.  743.  743.   10.
   10.   10.   10.  743.  743.  743.  743.  743.  743.   10.   10.   10.
   10.   10. 
   10.   10.   10.   10.   10.  743.  743.  743. 1055. 1055. 1055. 1055.
 1055.  743.  743.  743.  743. 1055. 1055. 1055. 1055.  743. 1055. 1055.
  743.  743. 
  743.  743.  743.  743.  743.  743. 1055. 1055. 1055. 1055. 1055. 1055.
 1055. 1055.  743.  743.  743. 1055. 1055. 1055.  743.  743.  743.   10.
   10.   10. 
   10.   10.   10.   10.   10.   10.   10.   10.   10.   10.   10.   10.
   10.   10.   10.   10.   10.  743.  743.  743.  743.  743.  743. 1055.
 1055. 1055. 
 1055. 1055.  743.  743. 1055. 1055. 1055.  743. 1055. 1055.  743.  743.
   10.   10.   10.   10.   10.   10. 1055. 1055.  743.  743. 1055. 1055.
 1055. 1055. 
 1055. 1055.  743. 1055. 1055. 1055.  743.  743.  743.   10.   10.   10.
   10.   10.   10.   10.   10.   10.   10.   10.   10.   10.   10.   10.
   10.   10. 
   10.   10.   10.  743.  743.  743.  743.  743.  743.  743.  743.  743.
 1055. 1055.  743.  743. 1055. 1055. 1055.  743.  743. 1055.  743.  743.
   10.   10. 
   10.   10.   10.   10. 1055.  743.  743.  743.  743.  743. 1055. 1055.
 1055. 1055. 1055. 1055. 1055. 1055.  743.  743.  743.   10.   10.   10.
   10.   10. 
   10.   10.   10.   10.   10.   10.   10.   10.   10.   10.   10.   10.
   10.   10.  743.  743.  743. 1055. 1055. 1055. 1055. 1055.  743.  743.
  743.  743. 
  743.  743. 1055. 1055. 1055.  743.  743.  743.  743.   10.   10.   10.
   10.   10.   10.   10.  743.  743.  743.  743.  743.  743.  743. 1055.
 1055. 1055. 
 1055. 1055. 1055. 1055.  743.  743.   10.   10.   10.   10.   10.   10.
   10.   10.   10.   10.   10.   10.   10.   10.   10.   10.   10.   10.
   10.  743. 
  743.  743. 1055. 1055. 1055. 1055. 1055. 1055. 1055. 1055.  743.  743.
  743.  743. 1055. 1055. 1055.  743.  743.  743.  743.   10.   10.   10.
   10.   10. 
   10.   10.  743.  743.   10.   10.  743.  743.  743.  743.  743. 1055.
 1055. 1055. 1055.  743.  743.  743.   10.   10.   10.   10.   10.   10.
   10.   10. 
   10.   10.   10.   10.   10.   10.   10.   10.   10.   10.   10.  743.
  743. 1055. 1055. 1055. 1055. 1055. 1055. 1055. 1055. 1055. 1055. 1055.
 1055. 1055. 
 1055. 1055. 1055.  743.  743.   10.   10.   10.   10.   10.   10.   10.
   10.   10. 
/