PERMI
 28. 28. 28. 28. 28. 28. 28. 28. 28. 28. 28. 28. 28. 28. 28. 28. 28. 28.
 28. 28. 28. 28. 28. 28. 28. 28. 
   28.   28.   28.   28.   28.   28.   28.   28.   28.   28. 1157. 1157.
 1707. 1707. 1707. 1157.   28.   28.   28.   28.   28. 1157. 1157. 1157.
 1707. 1707. 
 1707. 1707. 1707. 1157. 1157.   28.   28.   28.   28.   28.   28.   28.
 1157.   28.   28.   28.   28.   28.   28.   28.   28.   28.   28.   28.
   28.   28. 
   28.   28.   28.   28.   28.   28.   28.   28.   28.   28.   28.   28.
   28.   28.   28.   28.   28.   28.   28.   28.   28.   28. 1157. 1707.
 1707. 1707. 
 1707. 1157.   28.   28.   28.   28.   28.   28.   28. 1157. 1157. 1157.
 1707. 1707. 1707. 1707. 1157.   28.   28.   28.   28.   28.   28.   28.
 1157.   28. 
 28. 28. 28. 28. 28. 28. 28. 28. 28. 28. 28. 28. 28. 28. 28. 28. 28. 28.
 28. 28. 28. 28. 28. 28. 28. 28. 
   28.   28.   28.   28.   28.   28.   28. 1157. 1707. 1707. 1707. 1707.
 1707. 1157.   28.   28.   28.   28.   28.   28.   28.   28. 1157. 1157.
 1707. 1707. 
 1707. 1707. 1157. 1157.   28.   28.   28.   28.   28.   28. 1157. 1157.
   28.   28.   28.   28.   28.   28.   28.   28.   28.   28.   28.   28.
   28.   28. 
   28.   28.   28.   28.   28.   28.   28.   28.   28.   28.   28.   28.
   28.   28.   28.   28.   28.   28.   28. 1157. 1707. 1707. 1707. 1707.
 1157.   28. 
   28.   28.   28.   28.   28.   28.   28. 1157. 1157. 1157. 1707. 1707.
 1707. 1707. 1157.   28.   28.   28.   28.   28.   28.   28. 1157. 1157.
   28.   28. 
 28. 28. 28. 28. 28. 28. 28. 28. 28. 28. 28. 28. 28. 28. 28. 28. 28. 28.
 28. 28. 28. 28. 28. 28. 28. 28. 
   28.   28.   28.   28. 1157. 1157. 1707. 1707. 1707. 1157. 1157.   28.
   28.   28.   28.   28.   28.   28. 1157. 1157. 1707. 1707. 1707. 1707.
 1707. 1157. 
 1157.   28.   28.   28.   28.   28.   28.   28. 1157. 1157.   28.   28.
   28.   28.   28.   28.   28.   28.   28.   28.   28.   28.   28.   28.
   28.   28. 
   28.   28.   28.   28.   28.   28.   28.   28.   28.   28.   28.   28.
   28.   28.   28.   28. 1157. 1707. 1707. 1707. 1157. 1157.   28.   28.
   28.   28. 
   28.   28. 1157. 1157. 1157. 1707. 1707. 1707. 1707. 1707. 1157. 1157.
   28.   28.   28.   28.   28.   28.   28.   28. 1157.   28.   28.   28.
   28.   28. 
 28. 28. 28. 28. 28. 28. 28. 28. 28. 28. 28. 28. 28. 28. 28. 28. 28. 28.
 28. 28. 28. 28. 28. 28. 28. 28. 
   28.   28. 1157. 1707. 1707. 1707. 1157.   28.   28.   28.   28.   28.
   28. 1157. 1157. 1707. 1707. 1707. 1707. 1707. 1707. 1157. 1157.   28.
   28.   28. 
   28.   28.   28.   28.   28.   28. 1157.   28.   28.   28.   28.   28.
   28.   28.   28.   28.   28.   28.   28.   28.   28.   28.   28.   28.
   28.   28. 
   28.   28.   28.   28.   28.   28.   28.   28.   28.   28.   28.   28.
   28.   28. 1157. 1707. 1707. 1707. 1157. 1157. 1157.   28.   28.   28.
 1157. 1157. 
 1707. 1707. 1707. 1707. 1707. 1157. 1157. 1157.   28.   28.   28.   28.
   28.   28.   28.   28.   28.   28. 1157.   28.   28.   28.   28.   28.
   28.   28. 
 28. 28. 28. 28. 28. 28. 28. 28. 28. 28. 28. 28. 28. 28. 28. 28. 28. 28.
 28. 28. 28. 28. 28. 28. 28. 28. 
 1157. 1707. 1707. 1707. 1707. 1707. 1157. 1157. 1157. 1157. 1157. 1707.
 1707. 1707. 1707. 1157. 1157. 1157. 1157.   28.   28.   28.   28.   28.
   28.   28. 
 28. 28. 28. 28. 28. 28. 28. 28. 28. 28. 28. 28. 28. 28. 28. 28. 28. 28.
 28. 28. 28. 28. 28. 28. 28. 28. 
   28.   28.   28.   28.   28.   28.   28.   28.   28.   28.   28.   28.
 1157. 1157. 1707. 1707. 1707. 1707. 1707. 1707. 1707. 1157. 1157. 1707.
 1707. 1157. 
 1157. 1157. 1157.   28.   28.   28.   28.   28.   28.   28.   28.   28.
   28.   28.   28.   28.   28.   28.   28.   28.   28.   28.   28.   28.
   28.   28. 
   28.   28.   28.   28.   28.   28.   28.   28.   28.   28.   28.   28.
   28.   28.   28.   28.   28.   28.   28.   28.   28.   28.   28.   28.
   28. 1157. 
 1157. 1707. 1707. 1707. 1707. 1707. 1707. 1157. 1157. 1707. 1707. 1157.
 1157.   28.   28.   28.   28.   28.   28.   28.   28.   28.   28.   28.
   28.   28. 
   28.   28.   28.   28.   28. 1157. 1157. 1157.   28.   28.   28.   28.
   28.   28.   28.   28.   28.   28.   28.   28.   28.   28.   28.   28.
   28.   28. 
   28.   28.   28.   28.   28.   28.   28.   28.   28.   28.   28.   28.
 1157. 1157. 1157. 1707. 1707. 1157. 1157. 1157. 1157. 1707. 1707. 1707.
 1157. 1157. 
 1157.   28.   28.   28.   28.   28.   28.   28.   28.   28.   28.   28.
   28.   28. 1157. 1157. 1157. 1157. 1157. 1157. 1157. 1157.   28.   28.
   28.   28. 
 28. 28. 28. 28. 28. 28. 28. 28. 28. 28. 28. 28. 28. 28. 28. 28. 28. 28.
 28. 28. 28. 28. 28. 28. 28. 28. 
 1157. 1157. 1157. 1157. 1157. 1157. 1157. 1707. 1707. 1707. 1707. 1157.
 1157. 1157.   28.   28.   28.   28.   28.   28.   28.   28.   28.   28.
   28.   28. 
 1707. 1707. 1707. 1707. 1707. 1707. 1707. 1157. 1157.   28.   28.   28.
   28.   28.   28.   28.   28.   28.   28.   28.   28.   28.   28.   28.
   28.   28. 
   28.   28.   28.   28.   28.   28.   28.   28.   28.   28.   28.   28.
   28.   28.   28.   28.   28.   28. 1157. 1157. 1707. 1707. 1707. 1707.
 1157. 1157. 
 1157. 1157.   28.   28.   28.   28.   28.   28.   28.   28.   28.   28.
 1707. 1707. 1707. 1707. 1707. 1707. 1707. 1707. 1707. 1157.   28.   28.
   28.   28. 
 28. 28. 28. 28. 28. 28. 28. 28. 28. 28. 28. 28. 28. 28. 28. 28. 28. 28.
 28. 28. 28. 28. 28. 28. 28. 28. 
   28.   28.   28.   28.   28. 1157. 1157. 1707. 1707. 1707. 1707. 1707.
 1157. 1157. 1157.   28.   28.   28.   28.   28.   28.   28.   28.   28.
 1707. 1707. 
 1707. 1707. 1707. 1707. 1707. 1707. 1707. 1157. 1157.   28.   28.   28.
   28.   28.   28.   28.   28.   28.   28.   28.   28.   28.   28.   28.
   28.   28. 
   28.   28.   28.   28.   28.   28.   28.   28.   28.   28.   28.   28.
   28.   28.   28.   28. 1157. 1707. 1157. 1157. 1157. 1707. 1707. 1707.
 1707. 1707. 
 1157. 1157.   28.   28.   28.   28.   28.   28.   28.   28. 1707. 1157.
 1157. 1157. 1157. 1157. 1707. 1707. 1707. 1157. 1157.   28.   28.   28.
   28.   28. 
 28. 28. 28. 28. 28. 28. 28. 28. 28. 28. 28. 28. 28. 28. 28. 28. 28. 28.
 28. 28. 28. 28. 28. 28. 28. 28. 
   28. 1157. 1157. 1707. 1707. 1157. 1157. 1157. 1707. 1707. 1707. 1707.
 1707. 1157. 1157.   28.   28.   28.   28.   28.   28.   28. 1157. 1157.
 1157. 1157. 
   28. 1157. 1707. 1707. 1707. 1157. 1157.   28.   28.   28.   28.   28.
   28.   28.   28.   28.   28.   28.   28.   28.   28.   28.   28.   28.
   28.   28. 
   28.   28.   28.   28.   28.   28.   28.   28.   28.   28.   28.   28.
   28. 1157. 1707. 1707. 1707. 1157.   28. 1157. 1157. 1157. 1707. 1707.
 1707. 1707. 
 1157.   28.   28.   28.   28.   28.   28.   28. 1707. 1707. 1707. 1707.
 1157. 1157. 1707. 1707. 1707. 1157.   28.   28.   28.   28.   28.   28.
   28.   28. 
   28.   28.   28.   28.   28.   28.   28.   28.   28.   28.   28.   28.
   28.   28.   28.   28.   28.   28.   28.   28.   28.   28.   28.   28.
 1157. 1707. 
 1707. 1707. 1157. 1157.   28.   28. 1157. 1157. 1157. 1707. 1707. 1707.
 1157.   28.   28.   28.   28.   28.   28.   28. 1707. 1707. 1707. 1157.
 1157. 1707. 
 1707. 1707. 1157. 1157.   28.   28.   28.   28.   28.   28.   28.   28.
   28.   28.   28.   28.   28.   28.   28.   28.   28.   28.   28.   28.
   28.   28. 
   28.   28.   28.   28.   28.   28.   28.   28.   28. 1157. 1157. 1707.
 1707. 1707. 1157.   28.   28.   28.   28. 1157. 1157. 1707. 1707. 1707.
 1157. 1157. 
   28.   28.   28.   28.   28.   28. 1157. 1707. 1157. 1157. 1707. 1707.
 1707. 1707. 1157. 1157.   28.   28.   28.   28.   28.   28.   28.   28.
   28.   28. 
   28.   28.   28.   28.   28.   28.   28.   28.   28.   28.   28.   28.
   28.   28.   28.   28.   28.   28.   28.   28.   28. 1157. 1707. 1707.
 1707. 1157. 
   28.   28.   28.   28.   28. 1157. 1157. 1707. 1707. 1707. 1157. 1157.
   28.   28.   28.   28.   28.   28. 1157. 1707. 1157. 1707. 1707. 1707.
 1707. 1157. 
 1157.   28.   28.   28.   28.   28.   28.   28.   28.   28.   28.   28.
   28.   28.   28.   28.   28.   28.   28.   28.   28.   28.   28.   28.
   28.   28. 
   28.   28.   28.   28.   28.   28.   28. 1157. 1707. 1707. 1157. 1157.
   28.   28.   28.   28.   28. 1157. 1707. 1707. 1707. 1707. 1157.   28.
   28.   28. 
   28.   28.   28.   28. 1157. 1157. 1707. 1707. 1707. 1707. 1157. 1157.
   28.   28.   28.   28.   28.   28.   28.   28.   28.   28.   28.   28.
   28.   28. 
   28.   28.   28.   28.   28.   28.   28.   28.   28.   28.   28.   28.
   28.   28.   28.   28.   28.   28. 1157. 1707. 1707. 1707. 1157. 1157.
   28.   28. 
   28.   28. 1157. 1157. 1707. 1707. 1707. 1157. 1157.   28.   28.   28.
   28.   28.   28.   28. 1707. 1157. 1707. 1707. 1707. 1707. 1157.   28.
   28.   28. 
 28. 28. 28. 28. 28. 28. 28. 28. 28. 28. 28. 28. 28. 28. 28. 28. 28. 28.
 28. 28. 28. 28. 28. 28. 28. 28. 
   28.   28.   28.   28. 1157. 1157. 1707. 1707. 1707. 1157.   28.   28.
   28.   28. 1157. 1157. 1707. 1707. 1707. 1157.   28.   28.   28.   28.
   28.   28. 
   28.   28. 1707. 1157. 1707. 1707. 1707. 1157. 1157.   28.   28.   28.
   28.   28.   28.   28.   28.   28.   28.   28.   28.   28.   28.   28.
   28.   28. 
   28.   28.   28.   28.   28.   28.   28.   28.   28.   28.   28.   28.
   28.   28.   28.   28.   28. 1157. 1707. 1707. 1707. 1707. 1157.   28.
   28. 1157. 
 1157. 1707. 1707. 1707. 1157. 1157.   28.   28.   28.   28.   28.   28.
   28.   28. 1707. 1157. 1707. 1707. 1707. 1157. 1157.   28.   28.   28.
   28.   28. 
 28. 28. 28. 28. 28. 28. 28. 28. 28. 28. 28. 28. 28. 28. 28. 28. 28. 28.
 28. 28. 28. 28. 28. 28. 28. 28. 
   28.   28.   28.   28. 1157. 1707. 1707. 1707. 1157. 1157.   28. 1157.
 1157. 1707. 1707. 1707. 1157.   28.   28.   28.   28.   28.   28.   28.
   28.   28. 
 1707. 1157. 1707. 1707. 1707. 1157. 1157.   28.   28.   28.   28.   28.
   28.   28.   28.   28.   28.   28.   28.   28.   28.   28.   28.   28.
   28.   28. 
   28.   28.   28.   28.   28.   28.   28.   28.   28.   28.   28.   28.
   28.   28.   28.   28. 1157. 1157. 1707. 1707. 1707. 1157. 1157. 1157.
 1157. 1707. 
 1707. 1157. 1157.   28. 1157.   28.   28.   28.   28.   28.   28.   28.
 1157. 1157. 1707. 1707. 1707. 1707. 1157. 1157.   28.   28.   28.   28.
   28.   28. 
 28. 28. 28. 28. 28. 28. 28. 28. 28. 28. 28. 28. 28. 28. 28. 28. 28. 28.
 28. 28. 28. 28. 28. 28. 28. 28. 
   28.   28.   28. 1157. 1707. 1707. 1707. 1707. 1707. 1157. 1157. 1707.
 1707. 1157. 1157. 1157. 1157. 1157. 1157. 1157. 1157. 1157. 1157. 1157.
   28. 1157. 
 1157. 1707. 1707. 1707. 1707. 1157. 1157.   28.   28.   28.   28.   28.
   28.   28.   28.   28.   28.   28.   28.   28.   28.   28.   28.   28.
   28.   28. 
   28.   28.   28.   28.   28.   28.   28.   28.   28.   28.   28.   28.
   28.   28.   28.   28. 1157. 1157. 1707. 1707. 1707. 1157. 1157. 1707.
 1707. 1707. 
 1707. 1157. 1707. 1707. 1157. 1157. 1157. 1157. 1157. 1157. 1157.   28.
 1157. 1157. 1707. 1707. 1707. 1707. 1157. 1157. 1157.   28.   28.   28.
   28.   28. 
 28. 28. 28. 28. 28. 28. 28. 28. 28. 28. 28. 28. 28. 28. 28. 28. 28. 28.
 28. 28. 28. 28. 28. 28. 28. 28. 
   28.   28.   28. 1157. 1157. 1707. 1707. 1707. 1157. 1157. 1707. 1707.
 1707. 1707. 1707. 1707. 1707. 1707. 1707. 1707. 1707. 1707. 1157. 1157.
   28. 1157. 
 1157. 1707. 1707. 1707. 1707. 1707. 1157. 1157.   28.   28.   28.   28.
   28.   28.   28.   28.   28.   28.   28.   28.   28.   28.   28.   28.
   28.   28. 
   28.   28.   28.   28.   28.   28.   28.   28.   28.   28.   28.   28.
   28.   28.   28.   28. 1157. 1157. 1157. 1707. 1157. 1157. 1707. 1707.
 1707. 1707. 
 1707. 1707. 1707. 1707. 1707. 1707. 1707. 1707. 1157. 1157.   28.   28.
 1157. 1157. 1707. 1707. 1707. 1707. 1707. 1157. 1157.   28.   28.   28.
   28.   28. 
 28. 28. 28. 28. 28. 28. 28. 28. 28. 28. 28. 28. 28. 28. 28. 28. 28. 28.
 28. 28. 28. 28. 28. 28. 28. 28. 
   28.   28.   28.   28. 1157. 1157. 1707. 1157. 1157. 1157. 1157. 1157.
 1157. 1157. 1157. 1707. 1707. 1707. 1707. 1707. 1157. 1157. 1157. 1157.
   28. 1157. 
 1157. 1707. 1707. 1707. 1707. 1707. 1707. 1157.   28.   28.   28.   28.
   28.   28.   28.   28.   28.   28.   28.   28.   28.   28.   28.   28.
   28.   28. 
   28.   28.   28.   28.   28.   28.   28.   28.   28.   28.   28.   28.
   28.   28.   28.   28. 1157. 1157. 1707. 1707. 1157. 1157. 1157. 1157.
 1157. 1157. 
 1157. 1157. 1157. 1157. 1157. 1707. 1707. 1157. 1157. 1157.   28.   28.
 1157. 1157. 1707. 1707. 1707. 1707. 1707. 1157. 1157.   28.   28.   28.
   28.   28. 
 28. 28. 28. 28. 28. 28. 28. 28. 28. 28. 28. 28. 28. 28. 28. 28. 28. 28.
 28. 28. 28. 28. 28. 28. 28. 28. 
   28.   28. 1157. 1707. 1707. 1707. 1707. 1157.   28.   28.   28.   28.
   28. 1157. 1157. 1157. 1157. 1707. 1707. 1157. 1157. 1707. 1157.   28.
   28. 1157. 
 1157. 1707. 1707. 1707. 1707. 1707. 1157.   28.   28.   28.   28.   28.
   28.   28.   28.   28.   28.   28.   28.   28.   28.   28.   28.   28.
   28.   28. 
   28.   28.   28.   28.   28.   28.   28.   28.   28.   28.   28.   28.
   28.   28. 1157. 1707. 1707. 1707. 1157. 1157.   28.   28.   28.   28.
   28. 1157. 
 1157. 1157. 1707. 1707. 1707. 1157. 1157. 1707. 1157.   28.   28.   28.
 1157. 1157. 1707. 1707. 1707. 1707. 1157.   28.   28.   28.   28.   28.
   28.   28. 
 28. 28. 28. 28. 28. 28. 28. 28. 28. 28. 28. 28. 28. 28. 28. 28. 28. 28.
 28. 28. 28. 28. 28. 28. 28. 28. 
 1157. 1707. 1707. 1707. 1157. 1157.   28.   28.   28.   28.   28. 1157.
 1157. 1707. 1707. 1707. 1707. 1157. 1157. 1707. 1157.   28.   28.   28.
   28. 1157. 
 1707. 1707. 1707. 1707. 1157.   28.   28.   28.   28.   28.   28.   28.
   28.   28.   28.   28.   28.   28.   28.   28.   28.   28.   28.   28.
   28.   28. 
   28.   28.   28.   28.   28.   28.   28.   28.   28.   28.   28.   28.
 1157. 1707. 1707. 1707. 1157.   28.   28.   28.   28.   28. 1157. 1157.
 1707. 1707. 
 1707. 1707. 1157. 1157. 1707. 1707. 1157.   28.   28.   28. 1157. 1157.
 1707. 1707. 1707. 1157. 1157.   28.   28.   28.   28.   28.   28.   28.
   28.   28. 
   28.   28.   28.   28.   28.   28.   28.   28.   28.   28.   28.   28.
   28.   28.   28.   28.   28.   28.   28.   28.   28.   28.   28.   28.
 1157. 1707. 
 1707. 1707. 1157.   28.   28.   28.   28. 1157. 1157. 1157. 1707. 1707.
 1707. 1157. 1157. 1707. 1707. 1157.   28.   28.   28. 1157. 1157. 1707.
 1707. 1707. 
 1707. 1157. 1157.   28.   28.   28.   28.   28.   28.   28.   28.   28.
   28.   28.   28.   28.   28.   28.   28.   28.   28.   28.   28.   28.
   28.   28. 
   28.   28.   28.   28.   28.   28.   28.   28.   28. 1157. 1157. 1707.
 1707. 1707. 1157.   28.   28.   28.   28. 1157. 1157. 1707. 1707. 1707.
 1157. 1157. 
 1157. 1707. 1157. 1157.   28. 1157. 1157. 1707. 1707. 1707. 1707. 1707.
 1707. 1157.   28.   28.   28.   28.   28.   28.   28.   28.   28.   28.
   28.   28. 
   28.   28.   28.   28.   28.   28.   28.   28.   28.   28.   28.   28.
   28.   28.   28.   28.   28.   28.   28.   28.   28. 1157. 1707. 1707.
 1707. 1157. 
 1157.   28.   28.   28.   28. 1157. 1157. 1707. 1707. 1707. 1157. 1157.
 1707. 1707. 1157.   28. 1157. 1157. 1707. 1707. 1707. 1707. 1707. 1707.
 1157. 1157. 
 28. 28. 28. 28. 28. 28. 28. 28. 28. 28. 28. 28. 28. 28. 28. 28. 28. 28.
 28. 28. 28. 28. 28. 28. 28. 28. 
   28.   28.   28.   28.   28.   28.   28. 1157. 1157. 1707. 1707. 1157.
 1157. 1157. 1157.   28.   28. 1157. 1707. 1707. 1707. 1707. 1157. 1157.
 1707. 1157. 
 1157.   28. 1157. 1707. 1707. 1707. 1707. 1707. 1157. 1157. 1157.   28.
   28.   28.   28.   28.   28.   28.   28.   28.   28.   28.   28.   28.
   28.   28. 
   28.   28.   28.   28.   28.   28.   28.   28.   28.   28.   28.   28.
   28.   28.   28.   28.   28.   28.   28.   28. 1157. 1707. 1707. 1707.
 1707. 1707. 
 1157. 1157. 1157. 1157. 1157. 1707. 1707. 1707. 1707. 1707. 1157. 1157.
   28. 1157. 1157. 1707. 1707. 1707. 1707. 1157. 1157.   28.   28.   28.
   28.   28. 
 28. 28. 28. 28. 28. 28. 28. 28. 28. 28. 28. 28. 28. 28. 28. 28. 28. 28.
 28. 28. 28. 28. 28. 28. 28. 28. 
   28.   28.   28.   28.   28.   28. 1157. 1707. 1707. 1707. 1707. 1707.
 1707. 1707. 1707. 1157. 1157. 1707. 1707. 1707. 1707. 1707. 1157. 1157.
 1157. 1157. 
 1707. 1707. 1707. 1707. 1157. 1157.   28.   28.   28.   28.   28.   28.
   28.   28.   28.   28.   28.   28.   28.   28.   28.   28.   28.   28.
   28.   28. 
   28.   28.   28.   28.   28.   28.   28.   28.   28.   28.   28.   28.
   28.   28.   28.   28.   28.   28.   28. 1157. 1157. 1707. 1707. 1707.
 1707. 1707. 
 1707. 1707. 1157. 1157. 1707. 1707. 1707. 1707. 1707. 1707. 1707. 1157.
 1157. 1707. 1157. 1157. 1157.   28.   28.   28.   28.   28.   28.   28.
   28.   28. 
 28. 28. 28. 28. 28. 28. 28. 28. 28. 28. 28. 28. 28. 28. 28. 28. 28. 28.
 28. 28. 28. 28. 28. 28. 28. 28. 
   28.   28.   28.   28.   28.   28. 1157. 1157. 1157. 1707. 1707. 1707.
 1707. 1707. 1707. 1157. 1157. 1157. 1707. 1707. 1707. 1707. 1707. 1707.
 1157. 1157. 
 1157. 1157.   28.   28.   28.   28.   28.   28.   28.   28.   28.   28.
   28.   28.   28.   28.   28.   28.   28.   28.   28.   28.   28.   28.
   28.   28. 
   28.   28.   28.   28.   28.   28.   28.   28.   28.   28.   28.   28.
   28.   28.   28.   28.   28.   28.   28.   28. 1157. 1157. 1157. 1157.
 1157. 1707. 
 1707. 1707. 1157. 1157. 1157. 1157. 1707. 1707. 1707. 1707. 1707. 1157.
 1157. 1157. 1157.   28.   28.   28.   28.   28.   28.   28.   28.   28.
   28.   28. 
 28. 28. 28. 28. 28. 28. 28. 28. 28. 28. 28. 28. 28. 28. 28. 28. 28. 28.
 28. 28. 28. 28. 28. 28. 28. 28. 
   28.   28.   28.   28.   28.   28.   28.   28.   28.   28. 1157. 1707.
 1707. 1707. 1707. 1157.   28. 1157. 1707. 1707. 1707. 1707. 1707. 1157.
 1707. 1707. 
 1157. 1157.   28.   28.   28.   28.   28.   28.   28.   28.   28.   28.
   28.   28.   28.   28.   28.   28.   28.   28.   28.   28.   28.   28.
   28.   28. 
   28.   28.   28.   28.   28.   28.   28.   28.   28.   28.   28.   28.
   28.   28.   28.   28.   28.   28.   28.   28.   28. 1157. 1707. 1707.
 1707. 1707. 
 1157. 1157. 1157. 1157. 1157. 1157. 1707. 1707. 1707. 1157. 1707. 1707.
 1707. 1157. 1157. 1157. 1157. 1157. 1157.   28.   28.   28.   28.   28.
   28.   28. 
 28. 28. 28. 28. 28. 28. 28. 28. 28. 28. 28. 28. 28. 28. 28. 28. 28. 28.
 28. 28. 28. 28. 28. 28. 28. 28. 
   28.   28.   28.   28.   28.   28. 1157. 1707. 1707. 1707. 1157. 1157.
 1157. 1157. 1707. 1707. 1157. 1707. 1707. 1707. 1707. 1157. 1707. 1707.
 1707. 1707. 
 1707. 1707. 1707. 1707. 1157. 1157.   28.   28.   28.   28.   28.   28.
   28.   28.   28.   28.   28.   28.   28.   28.   28.   28.   28.   28.
   28.   28. 
   28.   28.   28.   28.   28.   28.   28.   28.   28.   28.   28.   28.
   28.   28.   28.   28.   28. 1157. 1157. 1707. 1707. 1157. 1157. 1157.
 1707. 1707. 
 1707. 1707. 1707. 1707. 1707. 1707. 1157. 1157. 1707. 1707. 1707. 1707.
 1707. 1707. 1707. 1707. 1707. 1157. 1157.   28.   28.   28.   28.   28.
   28.   28. 
 28. 28. 28. 28. 28. 28. 28. 28. 28. 28. 28. 28. 28. 28. 28. 28. 28. 28.
 28. 28. 28. 28. 28. 28. 28. 28. 
   28.   28. 1157. 1157. 1707. 1707. 1157. 1157. 1707. 1707. 1707. 1707.
 1707. 1707. 1707. 1707. 1707. 1707. 1157. 1157. 1157. 1157. 1707. 1707.
 1707. 1707. 
 1707. 1707. 1707. 1707. 1157.   28.   28.   28.   28.   28.   28.   28.
   28.   28.   28.   28.   28.   28.   28.   28.   28.   28.   28.   28.
   28.   28. 
   28.   28.   28.   28.   28.   28.   28.   28.   28.   28.   28.   28.
   28.   28. 1157. 1707. 1707. 1707. 1157. 1157. 1707. 1707. 1707. 1707.
 1707. 1157. 
 1707. 1707. 1707. 1157. 1157. 1707. 1157. 1157. 1157. 1157. 1157. 1157.
 1157. 1707. 1707. 1707. 1157.   28.   28.   28.   28.   28.   28.   28.
   28.   28. 
   28.   28.   28.   28.   28.   28.   28.   28.   28.   28.   28.   28.
   28.   28.   28.   28.   28.   28.   28.   28.   28.   28.   28.   28.
   28. 1157. 
 1157. 1707. 1707. 1707. 1157. 1707. 1707. 1707. 1707. 1157. 1157. 1157.
 1707. 1707. 1707. 1157. 1707. 1707. 1157. 1157. 1157. 1157. 1157. 1707.
 1707. 1707. 
 1707. 1707. 1157.   28.   28.   28.   28.   28.   28.   28.   28.   28.
   28.   28.   28.   28.   28.   28.   28.   28.   28.   28.   28.   28.
   28.   28. 
   28.   28.   28.   28.   28.   28.   28.   28.   28.   28.   28. 1157.
 1707. 1707. 1707. 1157. 1157. 1157. 1707. 1707. 1707. 1707. 1157. 1157.
 1707. 1707. 
 1157. 1157. 1707. 1707. 1157. 1157. 1157. 1707. 1707. 1707. 1707. 1707.
 1707. 1157. 1157.   28.   28.   28.   28.   28.   28.   28.   28.   28.
   28.   28. 
   28.   28.   28.   28.   28.   28.   28.   28.   28.   28.   28.   28.
   28.   28.   28.   28.   28.   28.   28.   28.   28.   28.   28. 1157.
 1707. 1707. 
 1707. 1157. 1157. 1157. 1707. 1707. 1707. 1707. 1707. 1157. 1707. 1707.
 1157. 1707. 1707. 1157. 1157. 1707. 1707. 1707. 1707. 1707. 1707. 1707.
 1157. 1157. 
 28. 28. 28. 28. 28. 28. 28. 28. 28. 28. 28. 28. 28. 28. 28. 28. 28. 28.
 28. 28. 28. 28. 28. 28. 28. 28. 
   28.   28.   28.   28.   28.   28.   28.   28.   28. 1157. 1707. 1707.
 1707. 1157.   28. 1157. 1157. 1707. 1707. 1707. 1707. 1707. 1707. 1707.
 1157. 1157. 
 1157. 1157. 1707. 1707. 1707. 1707. 1707. 1157. 1157. 1157. 1157.   28.
   28.   28.   28.   28.   28.   28.   28.   28.   28.   28.   28.   28.
   28.   28. 
   28.   28.   28.   28.   28.   28.   28.   28.   28.   28.   28.   28.
   28.   28.   28.   28.   28.   28.   28.   28.   28. 1157. 1707. 1707.
 1707. 1707. 
 1157. 1157. 1157. 1157. 1707. 1707. 1707. 1707. 1707. 1707. 1707. 1157.
 1157. 1157. 1707. 1707. 1707. 1157. 1157. 1157.   28.   28.   28.   28.
   28.   28. 
 28. 28. 28. 28. 28. 28. 28. 28. 28. 28. 28. 28. 28. 28. 28. 28. 28. 28.
 28. 28. 28. 28. 28. 28. 28. 28. 
   28.   28.   28.   28.   28.   28.   28. 1157. 1157. 1707. 1707. 1707.
 1707. 1707. 1157. 1157. 1157. 1707. 1707. 1707. 1707. 1707. 1707. 1707.
 1157. 1157. 
 1157. 1707. 1707. 1157.   28. 1157. 1157.   28.   28.   28.   28.   28.
   28.   28.   28.   28.   28.   28.   28.   28.   28.   28.   28.   28.
   28.   28. 
   28.   28.   28.   28.   28.   28.   28.   28.   28.   28.   28.   28.
   28.   28.   28.   28.   28.   28.   28.   28. 1157. 1157. 1707. 1707.
 1707. 1707. 
 1707. 1157. 1157. 1157. 1157. 1707. 1707. 1707. 1707. 1707. 1707. 1707.
 1157. 1157. 1157. 1157. 1157. 1157. 1157. 1157. 1157. 1157. 1157.   28.
   28.   28. 
 28. 28. 28. 28. 28. 28. 28. 28. 28. 28. 28. 28. 28. 28. 28. 28. 28. 28.
 28. 28. 28. 28. 28. 28. 28. 28. 
   28.   28.   28.   28.   28.   28.   28. 1157. 1157. 1157. 1707. 1707.
 1707. 1707. 1707. 1157. 1157. 1157. 1157. 1157. 1707. 1707. 1707. 1707.
 1707. 1157. 
 1157. 1707. 1707. 1707. 1707. 1707. 1707. 1707. 1157. 1157.   28.   28.
   28.   28.   28.   28.   28.   28.   28.   28.   28.   28.   28.   28.
   28.   28. 
   28.   28.   28.   28.   28.   28.   28.   28.   28.   28.   28.   28.
   28.   28.   28.   28.   28.   28.   28.   28.   28. 1157. 1157. 1707.
 1707. 1707. 
 1707. 1707. 1157. 1157. 1157. 1157. 1157. 1707. 1707. 1707. 1707. 1707.
 1157. 1707. 1707. 1707. 1707. 1707. 1707. 1707. 1707. 1707. 1157.   28.
   28.   28. 
 28. 28. 28. 28. 28. 28. 28. 28. 28. 28. 28. 28. 28. 28. 28. 28. 28. 28.
 28. 28. 28. 28. 28. 28. 28. 28. 
   28.   28.   28.   28.   28.   28.   28.   28. 1157. 1157. 1707. 1707.
 1707. 1707. 1157. 1157. 1157.   28. 1157. 1157. 1157. 1707. 1707. 1707.
 1157. 1157. 
 1707. 1707. 1707. 1707. 1707. 1707. 1707. 1707. 1707. 1157.   28.   28.
   28.   28.   28.   28.   28.   28.   28.   28.   28.   28.   28.   28.
   28.   28. 
   28.   28.   28.   28.   28.   28.   28.   28.   28.   28.   28.   28.
   28.   28.   28.   28.   28.   28.   28.   28.   28.   28. 1157. 1157.
 1157. 1707. 
 1157. 1157. 1157.   28.   28.   28. 1157. 1707. 1707. 1707. 1157. 1157.
 1157. 1157. 1157. 1157. 1157. 1707. 1707. 1707. 1707. 1157. 1157.   28.
   28.   28. 
 28. 28. 28. 28. 28. 28. 28. 28. 28. 28. 28. 28. 28. 28. 28. 28. 28. 28.
 28. 28. 28. 28. 28. 28. 28. 28. 
   28.   28.   28.   28.   28.   28.   28.   28.   28.   28. 1157. 1707.
 1157. 1157. 
/