PERMI
 1175. 1175. 1175. 1175. 1175. 1175. 1175.  775.  775.   39.  775. 1175.
 1175.  775.  775.   39.   39.   39.   39.   39.   39.   39.   39.   39.
   39.   39. 
 39. 39. 39. 39. 39. 39. 39. 39. 39. 39. 39. 39. 39. 39. 39. 39. 39. 39.
 39. 39. 39. 39. 39. 39. 39. 39. 
   39.   39.   39.   39.   39.   39.   39.   39.   39.   39.   39.   39.
 1175. 1175. 1175. 1175. 1175. 1175. 1175. 1175.  775.  775.  775. 1175.
 1175.  775. 
 775.  39.  39.  39.  39.  39.  39.  39.  39.  39.  39.  39.  39.  39.
  39.  39.  39.  39.  39.  39.  39.  39.  39.  39.  39.  39. 
   39.   39.   39.   39.   39.   39.   39.   39.   39.   39.   39.   39.
   39.   39.   39.   39.   39.   39.   39.   39.   39.   39.   39.   39.
 1175. 1175. 
  775.  775. 1175. 1175. 1175. 1175. 1175.  775.  775. 1175. 1175.  775.
  775.   39.   39.   39.   39.   39.   39.   39.   39.   39.   39.   39.
   39.   39. 
 39. 39. 39. 39. 39. 39. 39. 39. 39. 39. 39. 39. 39. 39. 39. 39. 39. 39.
 39. 39. 39. 39. 39. 39. 39. 39. 
   39.   39.   39.   39.   39.   39.   39.   39.   39.   39. 1175. 1175.
  775.  775.  775.  775. 1175. 1175. 1175. 1175. 1175. 1175. 1175.  775.
   39.   39. 
 39. 39. 39. 39. 39. 39. 39. 39. 39. 39. 39. 39. 39. 39. 39. 39. 39. 39.
 39. 39. 39. 39. 39. 39. 39. 39. 
   39.   39.   39.   39.   39.   39.   39.   39.   39.   39.   39.   39.
   39.   39.   39.   39.   39.   39.   39.   39.   39.   39. 1175. 1175.
  775.  775. 
   39.  775.  775. 1175. 1175. 1175. 1175. 1175. 1175.  775.   39.   39.
   39.   39.   39.   39.   39.   39.   39.   39.   39.   39.   39.   39.
   39.   39. 
 39. 39. 39. 39. 39. 39. 39. 39. 39. 39. 39. 39. 39. 39. 39. 39. 39. 39.
 39. 39. 39. 39. 39. 39. 39. 39. 
  775.  775.  775.  775.   39.   39.   39.   39. 1175. 1175.  775.  775.
   39.   39.  775.  775. 1175. 1175. 1175.  775.  775.   39.   39.   39.
   39.   39. 
 39. 39. 39. 39. 39. 39. 39. 39. 39. 39. 39. 39. 39. 39. 39. 39. 39. 39.
 39. 39. 39. 39. 39. 39. 39. 39. 
   39.   39.   39.   39.   39.   39.   39.   39.   39.   39.   39.  775.
  775.  775.  775.  775.  775.  775.  775.   39. 1175. 1175.  775.  775.
   39.   39. 
  39. 775. 775. 775. 775. 775.  39.  39.  39.  39.  39.  39.  39.  39.
  39.  39.  39.  39.  39.  39.  39.  39.  39.  39.  39.  39. 
   39.   39.   39.   39.   39.   39.   39.   39.   39.   39.   39.   39.
   39.   39.   39.   39.   39.   39.   39.   39.   39.   39.  775. 1175.
 1175. 1175. 
 1175. 1175. 1175.  775.  775.  775. 1175. 1175. 1175.  775.   39.   39.
   39.   39.   39.   39.   39.   39.   39.   39.   39.   39.   39.   39.
   39.   39. 
 39. 39. 39. 39. 39. 39. 39. 39. 39. 39. 39. 39. 39. 39. 39. 39. 39. 39.
 39. 39. 39. 39. 39. 39. 39. 39. 
   39.   39.   39.   39.   39.   39.   39.  775.  775. 1175. 1175. 1175.
 1175. 1175. 1175. 1175. 1175.  775. 1175. 1175. 1175.  775.   39.   39.
   39.   39. 
 39. 39. 39. 39. 39. 39. 39. 39. 39. 39. 39. 39. 39. 39. 39. 39. 39. 39.
 39. 39. 39. 39. 39. 39. 39. 39. 
   39.   39.   39.   39.   39.   39.   39.   39.   39.   39.   39.   39.
   39.   39.   39.   39.   39.   39.   39.  775. 1175. 1175. 1175. 1175.
 1175. 1175. 
 1175. 1175. 1175. 1175. 1175. 1175.  775.  775.   39.   39.   39.   39.
   39.   39.   39.   39.   39.   39.   39.   39.   39.   39.   39.   39.
   39.   39. 
 39. 39. 39. 39. 39. 39. 39. 39. 39. 39. 39. 39. 39. 39. 39. 39. 39. 39.
 39. 39. 39. 39. 39. 39. 39. 39. 
   39.   39.   39.   39.  775.  775. 1175. 1175. 1175.  775.  775.  775.
  775. 1175. 1175. 1175. 1175. 1175.  775.  775.   39.   39.   39.   39.
   39.   39. 
 39. 39. 39. 39. 39. 39. 39. 39. 39. 39. 39. 39. 39. 39. 39. 39. 39. 39.
 39. 39. 39. 39. 39. 39. 39. 39. 
   39.   39.   39.   39.   39.   39.   39.   39.   39.   39.   39.   39.
   39.   39.   39.   39.  775. 1175. 1175. 1175. 1175.  775.  775.  775.
  775.  775. 
 1175. 1175. 1175. 1175.  775.  775.   39.   39.   39.   39.   39.   39.
   39.   39.   39.   39.   39.   39.   39.   39.   39.   39.   39.   39.
   39.   39. 
  39.  39.  39.  39.  39.  39.  39.  39.  39.  39.  39.  39.  39.  39.
  39.  39. 775. 775. 775.  39.  39.  39.  39.  39.  39.  39. 
   39.   39.  775. 1175. 1175. 1175.  775.  775.   39.   39.   39.  775.
  775. 1175.  775.  775.  775.   39.   39.   39.   39.   39.   39.   39.
   39.   39. 
 39. 39. 39. 39. 39. 39. 39. 39. 39. 39. 39. 39. 39. 39. 39. 39. 39. 39.
 39. 39. 39. 39. 39. 39. 39. 39. 
  775.  775.  775.  775.  775.  775.  775.   39.   39.   39.   39.   39.
   39.   39.  775.  775. 1175. 1175.  775.  775.   39.   39.   39.   39.
  775.  775. 
 775. 775.  39.  39.  39.  39.  39.  39.  39.  39.  39.  39.  39.  39.
  39.  39.  39.  39.  39.  39.  39.  39.  39.  39.  39.  39. 
   39.   39.   39.   39.   39.   39.   39.   39.   39.   39.   39.   39.
  775. 1175. 1175. 1175. 1175. 1175.  775.  775.  775.  775.   39.   39.
   39.   39. 
  775. 1175. 1175. 1175.  775.   39.   39.   39.   39.   39.   39.  775.
   39.   39.   39.   39.   39.   39.   39.   39.   39.   39.   39.   39.
   39.   39. 
   39.   39.   39.   39.   39.   39.   39.   39.   39.   39.   39.   39.
   39.   39.   39.   39.   39.   39.   39.   39.   39.   39.   39.  775.
  775. 1175. 
 1175. 1175. 1175. 1175. 1175. 1175. 1175.  775.  775.   39.   39.  775.
  775. 1175. 1175. 1175.  775.   39.   39.   39.   39.   39.   39.  775.
   39.   39. 
 39. 39. 39. 39. 39. 39. 39. 39. 39. 39. 39. 39. 39. 39. 39. 39. 39. 39.
 39. 39. 39. 39. 39. 39. 39. 39. 
   39.   39.   39.   39.   39.   39.   39.   39.   39.  775. 1175. 1175.
 1175.  775. 1175. 1175. 1175. 1175. 1175. 1175.  775.  775.  775.  775.
 1175. 1175. 
 1175.  775.  775.   39.   39.   39.   39.   39.   39.   39.   39.   39.
   39.   39.   39.   39.   39.   39.   39.   39.   39.   39.   39.   39.
   39.   39. 
   39.   39.   39.   39.   39.   39.   39.   39.   39.   39.   39.   39.
   39.   39.   39.   39.   39.   39.   39.   39.   39.  775. 1175. 1175.
 1175.  775. 
  775.  775.  775. 1175. 1175. 1175. 1175. 1175.  775.  775. 1175. 1175.
 1175.  775.   39.   39.   39.   39.   39.   39.   39.   39.   39.   39.
   39.   39. 
 39. 39. 39. 39. 39. 39. 39. 39. 39. 39. 39. 39. 39. 39. 39. 39. 39. 39.
 39. 39. 39. 39. 39. 39. 39. 39. 
   39.   39.   39.   39.   39.   39.  775.  775. 1175. 1175. 1175.  775.
   39.  775.  775.  775. 1175. 1175. 1175. 1175. 1175. 1175. 1175. 1175.
  775.  775. 
 39. 39. 39. 39. 39. 39. 39. 39. 39. 39. 39. 39. 39. 39. 39. 39. 39. 39.
 39. 39. 39. 39. 39. 39. 39. 39. 
   39.   39.   39.  775.  775.  775.  775.  775.  775.  775.   39.   39.
   39.   39.   39.   39.   39.   39.  775.  775. 1175. 1175. 1175.  775.
   39.   39. 
   39.  775.  775. 1175. 1175. 1175. 1175. 1175. 1175. 1175.  775.   39.
   39.   39.   39.   39.   39.   39.   39.   39.   39.   39.   39.   39.
   39.   39. 
   39.   39.   39.   39.   39.   39.   39.   39.   39.   39.   39.   39.
   39.   39.  775.  775. 1175. 1175. 1175. 1175. 1175.  775.  775.  775.
  775.   39. 
   39.   39.   39.   39.  775.  775. 1175. 1175. 1175.  775.   39.   39.
   39.   39.  775.  775.  775.  775.  775. 1175.  775.  775.  775.   39.
   39.   39. 
 39. 39. 39. 39. 39. 39. 39. 39. 39. 39. 39. 39. 39. 39. 39. 39. 39. 39.
 39. 39. 39. 39. 39. 39. 39. 39. 
  775. 1175. 1175. 1175. 1175. 1175. 1175. 1175. 1175. 1175.  775.  775.
  775.   39.   39.   39.  775. 1175. 1175. 1175. 1175.  775.   39.   39.
   39.   39. 
  39.  39.  39. 775. 775. 775. 775.  39.  39.  39.  39.  39.  39.  39.
  39.  39.  39.  39.  39.  39.  39.  39.  39.  39.  39.  39. 
   39.   39.   39.   39.   39.   39.   39.   39.   39.   39.   39.  775.
  775. 1175. 1175.  775.  775. 1175. 1175. 1175. 1175. 1175. 1175. 1175.
  775.  775. 
  775.  775.  775. 1175. 1175. 1175.  775.  775.   39.   39.   39.   39.
   39.   39.   39.   39.   39.   39.   39.   39.   39.   39.   39.   39.
   39.   39. 
   39.   39.   39.   39.   39.   39.   39.   39.   39.   39.   39.   39.
   39.   39.   39.   39.   39.   39.   39.   39.   39.   39.   39.  775.
 1175. 1175. 
  775.  775.  775.  775.  775. 1175. 1175. 1175. 1175. 1175. 1175. 1175.
  775. 1175. 1175. 1175. 1175.  775.  775.   39.   39.   39.   39.   39.
   39.   39. 
  39.  39.  39.  39.  39.  39.  39.  39.  39.  39. 775. 775. 775. 775.
 775.  39.  39.  39.  39.  39.  39.  39.  39.  39.  39.  39. 
   39.   39.   39.   39.   39.   39.   39.   39.   39.  775. 1175. 1175.
  775.  775.   39.   39.  775.  775.  775. 1175. 1175. 1175. 1175. 1175.
 1175. 1175. 
 1175. 1175. 1175.  775.   39.   39.   39.   39.   39.   39.   39.   39.
   39.   39.   39.   39.   39.   39.   39.   39.   39.  775.  775. 1175.
 1175. 1175. 
  775.  775.   39.   39.   39.   39.   39.   39.   39.   39.   39.   39.
   39.   39.   39.   39.   39.   39.   39.   39.   39.  775. 1175. 1175.
 1175.  775. 
   39.   39.   39.   39.  775.  775.  775. 1175. 1175. 1175. 1175. 1175.
 1175.  775.  775.  775.   39.   39.   39.   39.  775.  775.  775.  775.
   39.   39. 
   39.   39.   39.   39.   39.   39.  775.  775. 1175. 1175. 1175. 1175.
 1175. 1175.   39.   39.   39.   39.   39.   39.   39.   39.   39.   39.
   39.   39. 
   39.   39.   39.   39.   39.   39.   39.  775. 1175. 1175. 1175.  775.
   39.   39.   39.   39.   39.   39.  775.  775.  775. 1175. 1175.  775.
  775.  775. 
  775.   39.   39.   39.   39.  775.  775.  775.  775.  775.  775.   39.
   39.   39.   39.   39.   39.   39.  775. 1175. 1175. 1175.  775. 1175.
 1175. 1175. 
   39.   39.   39.   39.   39.   39.   39.  775.  775.  775.  775.  775.
  775.   39.   39.   39.   39.   39.   39.  775.  775. 1175. 1175.  775.
   39.   39. 
   39.   39.   39.   39.   39.   39.  775.  775.  775.  775.  775.   39.
   39.   39.   39.   39.  775.  775. 1175. 1175. 1175. 1175.  775.  775.
   39.   39. 
   39.   39.   39.  775.  775. 1175. 1175. 1175.  775.  775.  775. 1175.
   39.   39.   39.   39.   39.   39.  775.  775.  775. 1175. 1175.  775.
  775.  775. 
   39.   39.   39.   39.   39.   39.  775. 1175. 1175.  775.   39.   39.
   39.   39.   39.   39.   39.   39.   39.   39.   39.   39.   39.   39.
   39.   39. 
   39.   39.  775. 1175. 1175. 1175. 1175. 1175. 1175.  775.  775.   39.
   39.   39.  775.  775. 1175. 1175. 1175.  775. 1175. 1175. 1175.  775.
   39.   39. 
   39.   39.   39.   39.  775. 1175. 1175. 1175. 1175. 1175. 1175.  775.
  775.  775.   39.   39.   39.  775.  775. 1175. 1175.  775.   39.   39.
   39.   39. 
   39.   39.   39.  775.  775.  775.  775.  775.   39.   39.   39.   39.
   39.   39.  775. 1175. 1175. 1175.  775. 1175. 1175. 1175.  775.  775.
   39.   39. 
  775.  775. 1175. 1175.  775. 1175. 1175. 1175. 1175. 1175.   39.   39.
   39.   39.   39.  775.  775. 1175. 1175. 1175. 1175. 1175. 1175. 1175.
 1175.  775. 
  775.  775.  775.  775. 1175. 1175. 1175.  775.   39.   39.   39.   39.
   39.   39.   39.  775.  775. 1175. 1175.  775.  775.   39.   39.   39.
   39.  775. 
  775. 1175. 1175.  775.  775.  775.  775.  775. 1175.  775.  775.  775.
  775. 1175. 1175. 1175.  775. 1175. 1175. 1175. 1175. 1175.   39.   39.
   39.   39. 
   39.  775. 1175. 1175. 1175.  775. 1175. 1175. 1175. 1175. 1175. 1175.
  775.  775.  775.  775. 1175. 1175. 1175.  775.   39.   39.   39.   39.
   39.   39. 
  775.  775. 1175. 1175. 1175. 1175.  775.  775.   39.   39.   39.  775.
  775. 1175. 1175.  775.  775.  775. 1175. 1175.  775.  775.  775.  775.
  775. 1175. 
 1175. 1175.  775. 1175. 1175. 1175. 1175. 1175.   39.   39.   39.   39.
   39.  775. 1175. 1175. 1175.  775.  775.  775.  775. 1175. 1175. 1175.
 1175. 1175. 
 1175. 1175. 1175. 1175.  775.  775.   39.   39.   39.   39.   39.   39.
  775. 1175. 1175. 1175. 1175. 1175. 1175.  775.  775.  775.   39.  775.
  775. 1175. 
  775.  775. 1175. 1175. 1175. 1175. 1175. 1175. 1175.  775. 1175. 1175.
 1175.  775. 1175. 1175. 1175. 1175.  775.  775.   39.   39.   39.   39.
   39.  775. 
 1175. 1175. 1175.  775.   39.   39.  775.  775.  775. 1175. 1175. 1175.
 1175. 1175. 1175. 1175.  775.   39.   39.   39.   39.   39.   39.   39.
  775. 1175. 
 1175. 1175.  775. 1175. 1175. 1175.  775.  775.   39.  775.  775. 1175.
  775. 1175. 1175. 1175. 1175. 1175. 1175. 1175. 1175. 1175.  775.  775.
  775.  775. 
 1175. 1175. 1175.  775.   39.   39.   39.   39.   39.   39.   39.  775.
 1175. 1175. 1175.  775.   39.   39.   39.   39.  775.  775.  775.  775.
 1175. 1175. 
  775.  775.   39.   39.   39.   39.   39.   39.   39.   39.  775. 1175.
 1175. 1175.  775.  775. 1175. 1175. 1175.  775.  775.  775.  775.  775.
  775. 1175. 
 1175.  775.  775.  775. 1175. 1175. 1175. 1175. 1175. 1175.  775.  775.
 1175. 1175. 1175.  775.   39.   39.   39.   39.   39.   39.   39.  775.
 1175. 1175. 
 1175.  775.   39.   39.   39.   39.   39.   39.   39.  775.  775.  775.
  775.  775.  775.   39.   39.   39.   39.   39.   39.   39.  775. 1175.
 1175. 1175. 
  775.  775.  775. 1175. 1175. 1175. 1175.  775. 1175.  775. 1175. 1175.
 1175.  775.   39.   39.  775.  775. 1175. 1175. 1175. 1175. 1175. 1175.
 1175. 1175. 
 1175.  775.   39.   39.  775.  775.  775.  775.  775.  775. 1175. 1175.
 1175.  775.  775.   39.   39.   39.   39.   39.   39.   39.  775.  775.
 1175.  775. 
  775.  775.  775.  775.   39.   39.   39.   39.  775. 1175. 1175.  775.
  775.   39.  775.  775. 1175. 1175. 1175. 1175.  775.  775. 1175. 1175.
 1175.  775. 
   39.   39.   39.   39.  775.  775. 1175. 1175. 1175. 1175. 1175. 1175.
 1175.   39.   39.   39. 1175. 1175. 1175. 1175.  775.  775. 1175. 1175.
 1175. 1175. 
  775.   39.   39.   39.   39.   39.  775.  775.  775. 1175. 1175. 1175.
 1175. 1175. 1175.  775.  775.  775.   39.   39.  775. 1175. 1175.  775.
  775.   39. 
  775.  775.  775. 1175. 1175. 1175.  775. 1175. 1175. 1175.  775.  775.
   39.   39.   39.   39.   39.  775.  775. 1175. 1175. 1175. 1175. 1175.
  775.   39. 
   39.   39. 1175. 1175. 1175. 1175. 1175.  775.  775. 1175. 1175. 1175.
  775.   39.   39.   39.   39.   39.  775.  775. 1175. 1175. 1175. 1175.
 1175. 1175. 
 1175. 1175. 1175.  775.  775.  775.  775. 1175. 1175.  775.  775.   39.
   39.   39.  775.  775.  775.  775.  775. 1175. 1175. 1175.  775.   39.
   39.   39. 
   39.   39.   39.   39.   39.  775. 1175. 1175. 1175.  775.   39.   39.
   39.   39.  775.  775. 1175. 1175. 1175. 1175. 1175. 1175. 1175. 1175.
  775.   39. 
   39.   39.   39.   39.  775. 1175. 1175. 1175. 1175.  775.  775. 1175.
 1175. 1175. 1175. 1175. 1175. 1175. 1175. 1175. 1175.  775.   39.   39.
   39.   39. 
   39.   39.  775.  775.  775. 1175. 1175. 1175.  775.   39.   39.   39.
   39.   39.   39.   39.   39.   39.   39.  775.  775.   39.   39.   39.
   39.   39. 
  775.  775.  775. 1175. 1175. 1175. 1175. 1175. 1175. 1175.  775.   39.
   39.   39.   39.  775.  775. 1175. 1175. 1175.  775.  775.  775.  775.
  775. 1175. 
 1175. 1175. 1175. 1175. 1175. 1175.  775.  775.   39.   39.   39.   39.
   39.   39.   39.   39.  775. 1175. 1175. 1175.  775.   39.   39.   39.
   39.   39. 
   39.   39.   39.   39.   39.   39.   39.   39.   39.   39.   39.   39.
  775.   39.  775.  775.  775. 1175. 1175.  775.  775.  775.  775.  775.
   39.   39. 
   39.  775.  775. 1175. 1175.  775.  775.   39.   39.   39.  775.  775.
 1175. 1175. 1175. 1175. 1175.  775.  775.   39.   39.   39.   39.   39.
   39.   39. 
  775.  775.  775. 1175. 1175.  775.   39.   39.   39.   39.   39.   39.
   39.   39.   39.   39.   39.   39.   39.   39.   39.   39.   39.   39.
  775.   39. 
   39.   39.  775.  775.  775.  775.  775.  775.  775.  775.  775.  775.
   39.  775.  775. 1175. 1175.  775.  775.   39.   39.   39.   39.  775.
  775.  775. 
  775.  775.  775.  775.   39.   39.   39.  775.  775.  775.  775.  775.
  775. 1175. 1175. 1175. 1175.  775.   39.   39.   39.   39.   39.   39.
   39.   39. 
   39.   39.   39.   39.   39.   39.   39.   39.   39.   39.  775.   39.
   39.   39.   39.   39.  775. 1175. 1175. 1175. 1175. 1175.  775.  775.
  775.  775. 
  775. 1175. 1175.  775.  775.   39.   39.   39.   39.   39.   39.   39.
   39.   39.   39.   39.   39.  775.  775. 1175. 1175. 1175. 1175. 1175.
 1175. 1175. 
 1175. 1175. 1175.  775.   39.   39.   39.   39.   39.   39.   39.   39.
   39.   39.   39.   39.   39.   39.   39.   39.   39.   39.  775.   39.
   39.   39. 
   39.  775.  775. 1175. 1175. 1175. 1175. 1175. 1175. 1175.  775.  775.
  775. 1175. 1175.  775.  775.   39.   39.   39.   39.   39.   39.   39.
   39.   39. 
   39.   39.  775.  775. 1175. 1175. 1175. 1175. 1175. 1175. 1175. 1175.
 1175. 1175. 1175.  775.   39.   39.   39.   39.   39.   39.   39.   39.
   39.   39. 
   39.   39.   39.   39.   39.   39.   39.   39.  775.   39.   39.   39.
   39.  775. 1175. 1175. 1175. 1175. 1175. 1175. 1175. 1175. 1175. 1175.
 1175. 1175. 
 1175.  775.  775.   39.   39.   39.   39.   39.   39.   39.   39.   39.
   39.   39.  775. 1175. 1175. 1175. 1175. 1175. 1175. 1175. 1175. 1175.
 1175.  775. 
 775.  39.  39.  39.  39.  39.  39.  39.  39.  39.  39.  39.  39.  39.
  39.  39.  39.  39.  39.  39. 775.  39.  39.  39. 775. 775. 
 1175. 1175. 1175.  775.  775.  775. 1175. 1175. 1175. 1175. 1175. 1175.
 1175.  775.  775.   39.   39.   39.   39.   39.   39.   39.   39.   39.
   39.  775. 
 1175. 1175. 1175. 1175.  775.  775.  775.  775.  775.  775.  775.   39.
   39.   39.   39.   39.   39.   39.   39.   39.   39.   39.   39.   39.
   39.   39. 
   39.   39.   39.   39.   39.   39.  775.   39.   39.   39.  775. 1175.
 1175. 1175. 1175.  775.  775.  775.  775.  775. 1175. 1175. 1175.  775.
  775.  775. 
   39.   39.   39.   39.   39.   39.   39.   39.   39.   39.   39.  775.
 1175. 1175. 1175.  775.  775.   39.   39.   39.   39.   39.   39.   39.
   39.   39. 
   39.   39.   39.   39.   39.   39.   39.   39.   39.   39.   39.   39.
   39.   39.   39.   39.   39.   39.  775.   39.   39.   39.  775. 1175.
 1175. 1175. 
  775.  775.   39.   39.  775.  775.  775.  775.  775.  775.  775.   39.
   39.   39.   39.   39.   39.   39.   39.   39.   39.   39.   39.  775.
 1175. 1175. 
 1175.  775.   39.   39.   39.   39.   39.   39.   39.   39.   39.   39.
   39.   39.   39.   39.   39.   39.   39.   39.   39.   39.   39.   39.
   39.   39. 
   39.   39.   39.   39.  775.  775.  775.   39.  775. 1175. 1175. 1175.
  775.   39.   39.   39.   39.   39.   39.   39.   39.   39.   39.   39.
   39.   39. 
   39.   39.   39.   39.   39.   39.   39.   39.   39.  775. 1175. 1175.
 1175.  775.   39.   39.   39.   39.   39.   39.   39.   39.   39.   39.
   39.   39. 
   39.   39.   39.   39.   39.   39.   39.   39.   39.   39.   39.   39.
   39.   39.   39.   39. 1175. 1175.  775.  775.  775. 1175. 1175. 1175.
  775.   39. 
   39.   39.   39.   39.   39.   39.   39.   39.   39.   39.   39.   39.
   39.   39.   39.   39.   39.   39.   39.   39.   39.  775. 1175. 1175.
 1175.  775. 
 39. 39. 39. 39. 39. 39. 39. 39. 39. 39. 39. 39. 39. 39. 39. 39. 39. 39.
 39. 39. 39. 39. 39. 39. 39. 39. 
   39.   39. 1175. 1175. 1175.  775.  775. 1175. 1175. 1175.  775.   39.
   39.   39.   39.   39.   39.   39.   39.   39.   39.   39.   39.   39.
   39.   39. 
   39.   39.   39.   39.   39.   39.   39.  775. 1175. 1175. 1175.  775.
   39.   39.   39.   39.   39.   39.   39.   39.   39.   39.   39.   39.
   39.   39. 
   39.   39.   39.   39.   39.   39.   39.   39.   39.   39.   39.   39.
   39.   39. 1175. 1175. 1175. 1175. 1175. 1175. 1175.  775.  775.   39.
   39.   39. 
   39.   39.   39.   39.   39.   39.   39.   39.   39.   39.  775.  775.
  775.  775.  775.   39.   39.   39.   39.  775. 1175. 1175. 1175.  775.
   39.   39. 
 39. 39. 39. 39. 39. 39. 39. 39. 39. 39. 39. 39. 39. 39. 39. 39. 39. 39.
 39. 39. 39. 39. 39. 39. 39. 39. 
  775. 1175. 1175. 1175. 1175. 1175.  775.  775.   39.   39.   39.   39.
   39.   39.   39.   39.   39.   39.   39.   39.  775.  775.  775. 1175.
 1175. 1175. 
 1175.  775.  775.   39.   39.  775. 1175. 1175. 1175.  775.   39.   39.
   39.   39.   39.   39.   39.   39.   39.   39.   39.   39.   39.   39.
   39.   39. 
  39.  39.  39.  39.  39.  39.  39.  39.  39.  39.  39.  39. 775. 775.
 775. 775. 775. 775. 775.  39.  39.  39.  39.  39.  39.  39. 
   39.   39.   39.   39.   39.   39.  775. 1175. 1175. 1175. 1175. 1175.
 1175. 1175. 1175.  775.  775.  775. 1175. 1175. 1175.  775.   39.   39.
   39.   39. 
 39. 39. 39. 39. 39. 39. 39. 39. 39. 39. 39. 39. 39. 39. 39. 39. 39. 39.
 39. 39. 39. 39. 39. 39. 39. 39. 
  775.  775.  775.  775.   39.   39.   39.   39.   39.   39.   39.   39.
   39.   39.   39.   39.   39.  775. 1175. 1175. 1175. 1175. 1175. 1175.
 1175. 1175. 
 1175. 1175. 1175. 1175. 1175. 1175. 1175.  775.   39.   39.   39.   39.
   39.   39.   39.   39.   39.   39.   39.   39.   39.   39.   39.   39.
   39.   39. 
 39. 39. 39. 39. 39. 39. 39. 39. 39. 39. 39. 39. 39. 39. 39. 39. 39. 39.
 39. 39. 39. 39. 39. 39. 39. 39. 
   39.   39.   39.  775.  775. 1175. 1175.  775.  775.  775. 1175. 1175.
 1175. 1175. 1175. 1175. 1175. 1175.  775.   39.   39.   39.   39.   39.
   39.   39. 
 39. 39. 39. 39. 39. 39. 39. 39. 39. 39. 39. 39. 39. 39. 39. 39. 39. 39.
 39. 39. 39. 39. 39. 39. 39. 39. 
   39.   39.   39.   39.   39.   39.   39.   39.   39.   39.   39.   39.
   39.   39.   39.  775. 1175. 1175. 1175.  775.   39.   39.  775.  775.
 1175. 1175. 
 1175. 1175. 1175.  775.  775.   39.   39.   39.   39.   39.   39.   39.
   39.   39.   39.   39.   39.   39.   39.   39.   39.   39.   39.   39.
   39.   39. 
 39. 39. 39. 39. 39. 39. 39. 39. 39. 39. 39. 39. 39. 39. 39. 39. 39. 39.
 39. 39. 39. 39. 39. 39. 39. 39. 
   39.   39.  775. 1175. 1175.  775.   39.   39.   39.   39.  775.  775.
 1175.  775.  775.  775.   39.   39.   39.   39.   39.   39.   39.   39.
   39.   39. 
 39. 39. 39. 39. 39. 39. 39. 39. 39. 39. 39. 39. 39. 39. 39. 39. 39. 39.
 39. 39. 39. 39. 39. 39. 39. 39. 
   39.   39.   39.   39.   39.   39.   39.   39.   39.   39.   39.   39.
   39.   39.  775. 1175. 1175. 1175.  775.   39.   39.   39.   39.   39.
  775.  775. 
 39. 39. 39. 39. 39. 39. 39. 39. 39. 39. 39. 39. 39. 39. 39. 39. 39. 39.
 39. 39. 39. 39. 39. 39. 39. 39. 
 39. 39. 39. 39. 39. 39. 39. 39. 39. 39. 39. 39. 39. 39. 39. 39. 39. 39.
 39. 39. 39. 39. 39. 39. 39. 39. 
  775. 1175. 1175. 1175.  775.   39.   39.   39.   39.   39.   39.   39.
   39.   39.   39.   39.   39.   39.   39.   39.   39.   39.   39.   39.
   39.   39. 
 39. 39. 39. 39. 39. 39. 39. 39. 39. 39. 39. 39. 39. 39. 39. 39. 39. 39.
 39. 39. 39. 39. 39. 39. 39. 39. 
   39.   39.   39.   39.  775.  775.  775.   39.   39.   39.   39.   39.
   39.  775. 1175. 1175.  775.   39.   39.   39.   39.   39.   39.   39.
   39.   39. 
 39. 39. 39. 39. 39. 39. 39. 39. 39. 39. 39. 39. 39. 39. 39. 39. 39. 39.
 39. 39. 39. 39. 39. 39. 39. 39. 
   39.   39.   39.   39.   39.   39.   39.   39.   39.   39.   39.   39.
   39.   39.  775.  775. 1175. 1175. 1175.  775.  775.  775.  775.   39.
   39.  775. 
 1175. 1175.  775.   39.   39.   39.   39.   39.   39.   39.   39.   39.
   39.   39.   39.   39.   39.   39.   39.   39.   39.   39.   39.   39.
   39.   39. 
 39. 39. 39. 39. 39. 39. 39. 39. 39. 39. 39. 39. 39. 39. 39. 39. 39. 39.
 39. 39. 39. 39. 39. 39. 39. 39. 
  775. 1175. 1175. 1175. 1175. 1175. 1175. 1175. 1175. 1175.  775.  775.
 1175. 1175.  775.   39.   39.   39.   39.   39.   39.   39.   39.   39.
   39.   39. 
 39. 39. 39. 39. 39. 39. 39. 39. 39. 39. 39. 39. 39. 39. 39. 39. 39. 39.
 39. 39. 39. 39. 39. 39. 39. 39. 
   39.   39.   39.   39.   39.   39.   39.   39.   39.   39.   39.  775.
 1175. 1175. 1175. 1175. 1175. 1175. 1175. 1175. 1175. 1175. 1175. 1175.
 1175. 1175. 
 775.  39.  39.  39.  39.  39.  39.  39.  39.  39.  39.  39.  39.  39.
  39.  39.  39.  39.  39.  39.  39.  39.  39.  39.  39.  39. 
 39. 39. 39. 39. 39. 39. 39. 39. 39. 39. 39. 39. 39. 39. 
/