PERMI
 33. 33. 33. 33. 33. 33. 33. 33. 33. 33. 33. 33. 33. 33. 33. 33. 33. 33.
 33. 33. 33. 33. 33. 33. 33. 33. 
 33. 33. 33. 33. 33. 33. 33. 33. 33. 33. 33. 33. 33. 33. 33. 33. 33. 33.
 33. 33. 33. 33. 33. 33. 33. 33. 
 33. 33. 33. 33. 33. 33. 33. 33. 33. 33. 33. 33. 33. 33. 33. 33. 33. 33.
 33. 33. 33. 33. 33. 33. 33. 33. 
 33. 33. 33. 33. 33. 33. 33. 33. 33. 33. 33. 33. 33. 33. 33. 33. 33. 33.
 33. 33. 33. 33. 33. 33. 33. 33. 
 33. 33. 33. 33. 33. 33. 33. 33. 33. 33. 33. 33. 33. 33. 33. 33. 33. 33.
 33. 33. 33. 33. 33. 33. 33. 33. 
 33. 33. 33. 33. 33. 33. 33. 33. 33. 33. 33. 33. 33. 33. 33. 33. 33. 33.
 33. 33. 33. 33. 33. 33. 33. 33. 
 33. 33. 33. 33. 33. 33. 33. 33. 33. 33. 33. 33. 33. 33. 33. 33. 33. 33.
 33. 33. 33. 33. 33. 33. 33. 33. 
 33. 33. 33. 33. 33. 33. 33. 33. 33. 33. 33. 33. 33. 33. 33. 33. 33. 33.
 33. 33. 33. 33. 33. 33. 33. 33. 
 33. 33. 33. 33. 33. 33. 33. 33. 33. 33. 33. 33. 33. 33. 33. 33. 33. 33.
 33. 33. 33. 33. 33. 33. 33. 33. 
 33. 33. 33. 33. 33. 33. 33. 33. 33. 33. 33. 33. 33. 33. 33. 33. 33. 33.
 33. 33. 33. 33. 33. 33. 33. 33. 
 33. 33. 33. 33. 33. 33. 33. 33. 33. 33. 33. 33. 33. 33. 33. 33. 33. 33.
 33. 33. 33. 33. 33. 33. 33. 33. 
 33. 33. 33. 33. 33. 33. 33. 33. 33. 33. 33. 33. 33. 33. 33. 33. 33. 33.
 33. 33. 33. 33. 33. 33. 33. 33. 
 33. 33. 33. 33. 33. 33. 33. 33. 33. 33. 33. 33. 33. 33. 33. 33. 33. 33.
 33. 33. 33. 33. 33. 33. 33. 33. 
 33. 33. 33. 33. 33. 33. 33. 33. 33. 33. 33. 33. 33. 33. 33. 33. 33. 33.
 33. 33. 33. 33. 33. 33. 33. 33. 
 33. 33. 33. 33. 33. 33. 33. 33. 33. 33. 33. 33. 33. 33. 33. 33. 33. 33.
 33. 33. 33. 33. 33. 33. 33. 33. 
 33. 33. 33. 33. 33. 33. 33. 33. 33. 33. 33. 33. 33. 33. 33. 33. 33. 33.
 33. 33. 33. 33. 33. 33. 33. 33. 
 33. 33. 33. 33. 33. 33. 33. 33. 33. 33. 33. 33. 33. 33. 33. 33. 33. 33.
 33. 33. 33. 33. 33. 33. 33. 33. 
 33. 33. 33. 33. 33. 33. 33. 33. 33. 33. 33. 33. 33. 33. 33. 33. 33. 33.
 33. 33. 33. 33. 33. 33. 33. 33. 
 33. 33. 33. 33. 33. 33. 33. 33. 33. 33. 33. 33. 33. 33. 33. 33. 33. 33.
 33. 33. 33. 33. 33. 33. 33. 33. 
 33. 33. 33. 33. 33. 33. 33. 33. 33. 33. 33. 33. 33. 33. 33. 33. 33. 33.
 33. 33. 33. 33. 33. 33. 33. 33. 
 33. 33. 33. 33. 33. 33. 33. 33. 33. 33. 33. 33. 33. 33. 33. 33. 33. 33.
 33. 33. 33. 33. 33. 33. 33. 33. 
 33. 33. 33. 33. 33. 33. 33. 33. 33. 33. 33. 33. 33. 33. 33. 33. 33. 33.
 33. 33. 33. 33. 33. 33. 33. 33. 
 33. 33. 33. 33. 33. 33. 33. 33. 33. 33. 33. 33. 33. 33. 33. 33. 33. 33.
 33. 33. 33. 33. 33. 33. 33. 33. 
 33. 33. 33. 33. 33. 33. 33. 33. 33. 33. 33. 33. 33. 33. 33. 33. 33. 33.
 33. 33. 33. 33. 33. 33. 33. 33. 
 33. 33. 33. 33. 33. 33. 33. 33. 33. 33. 33. 33. 33. 33. 33. 33. 33. 33.
 33. 33. 33. 33. 33. 33. 33. 33. 
 33. 33. 33. 33. 33. 33. 33. 33. 33. 33. 33. 33. 33. 33. 33. 33. 33. 33.
 33. 33. 33. 33. 33. 33. 33. 33. 
 33. 33. 33. 33. 33. 33. 33. 33. 33. 33. 33. 33. 33. 33. 33. 33. 33. 33.
 33. 33. 33. 33. 33. 33. 33. 33. 
 33. 33. 33. 33. 33. 33. 33. 33. 33. 33. 33. 33. 33. 33. 33. 33. 33. 33.
 33. 33. 33. 33. 33. 33. 33. 33. 
 33. 33. 33. 33. 33. 33. 33. 33. 33. 33. 33. 33. 33. 33. 33. 33. 33. 33.
 33. 33. 33. 33. 33. 33. 33. 33. 
 33. 33. 33. 33. 33. 33. 33. 33. 33. 33. 33. 33. 33. 33. 33. 33. 33. 33.
 33. 33. 33. 33. 33. 33. 33. 33. 
 33. 33. 33. 33. 33. 33. 33. 33. 33. 33. 33. 33. 33. 33. 33. 33. 33. 33.
 33. 33. 33. 33. 33. 33. 33. 33. 
 33. 33. 33. 33. 33. 33. 33. 33. 33. 33. 33. 33. 33. 33. 33. 33. 33. 33.
 33. 33. 33. 33. 33. 33. 33. 33. 
 33. 33. 33. 33. 33. 33. 33. 33. 33. 33. 33. 33. 33. 33. 33. 33. 33. 33.
 33. 33. 33. 33. 33. 33. 33. 33. 
 33. 33. 33. 33. 33. 33. 33. 33. 33. 33. 33. 33. 33. 33. 33. 33. 33. 33.
 33. 33. 33. 33. 33. 33. 33. 33. 
 33. 33. 33. 33. 33. 33. 33. 33. 33. 33. 33. 33. 33. 33. 33. 33. 33. 33.
 33. 33. 33. 33. 33. 33. 33. 33. 
 33. 33. 33. 33. 33. 33. 33. 33. 33. 33. 33. 33. 33. 33. 33. 33. 33. 33.
 33. 33. 33. 33. 33. 33. 33. 33. 
 33. 33. 33. 33. 33. 33. 33. 33. 33. 33. 33. 33. 33. 33. 33. 33. 33. 33.
 33. 33. 33. 33. 33. 33. 33. 33. 
 33. 33. 33. 33. 33. 33. 33. 33. 33. 33. 33. 33. 33. 33. 33. 33. 33. 33.
 33. 33. 33. 33. 33. 33. 33. 33. 
 33. 33. 33. 33. 33. 33. 33. 33. 33. 33. 33. 33. 33. 33. 33. 33. 33. 33.
 33. 33. 33. 33. 33. 33. 33. 33. 
 33. 33. 33. 33. 33. 33. 33. 33. 33. 33. 33. 33. 33. 33. 33. 33. 33. 33.
 33. 33. 33. 33. 33. 33. 33. 33. 
   33.   33.   33.   33.   33.   33. 2788. 2788. 2788. 2788.   33.   33.
   33.   33.   33.   33.   33.   33.   33.   33.   33.   33.   33.   33.
   33.   33. 
 33. 33. 33. 33. 33. 33. 33. 33. 33. 33. 33. 33. 33. 33. 33. 33. 33. 33.
 33. 33. 33. 33. 33. 33. 33. 33. 
   33.   33.   33.   33.   33.   33.   33.   33.   33.   33.   33.   33.
   33.   33.   33.   33.   33. 2788. 2788. 2788. 2788. 2788. 2788.   33.
   33.   33. 
 33. 33. 33. 33. 33. 33. 33. 33. 33. 33. 33. 33. 33. 33. 33. 33. 33. 33.
 33. 33. 33. 33. 33. 33. 33. 33. 
 33. 33. 33. 33. 33. 33. 33. 33. 33. 33. 33. 33. 33. 33. 33. 33. 33. 33.
 33. 33. 33. 33. 33. 33. 33. 33. 
 2788. 2788. 2788. 2788. 3705. 3705. 3705. 3705. 2788. 2788.   33.   33.
   33.   33.   33.   33.   33.   33.   33.   33.   33.   33.   33.   33.
   33.   33. 
 33. 33. 33. 33. 33. 33. 33. 33. 33. 33. 33. 33. 33. 33. 33. 33. 33. 33.
 33. 33. 33. 33. 33. 33. 33. 33. 
   33.   33.   33.   33.   33.   33.   33.   33.   33.   33.   33. 2788.
 2788. 2788. 3705. 3705. 3705. 3705. 3705. 3705. 3705. 2788.   33.   33.
   33.   33. 
 33. 33. 33. 33. 33. 33. 33. 33. 33. 33. 33. 33. 33. 33. 33. 33. 33. 33.
 33. 33. 33. 33. 33. 33. 33. 33. 
   33.   33.   33.   33.   33.   33.   33.   33. 2788. 2788. 2788. 2788.
 2788. 2788.   33. 2788. 2788.   33.   33.   33.   33.   33. 2788. 2788.
 3705. 3705. 
 3705. 3705. 3705. 3705. 3705. 3705. 3705. 2788. 2788.   33.   33.   33.
   33.   33.   33.   33.   33.   33.   33.   33.   33.   33.   33.   33.
   33.   33. 
   33.   33.   33.   33.   33.   33.   33.   33.   33.   33.   33.   33.
   33.   33.   33.   33.   33.   33.   33. 2788. 2788. 3705. 3705. 3705.
 3705. 2788. 
 2788. 2788. 2788. 2788. 2788. 2788.   33.   33. 2788. 3705. 3705. 3705.
 3705. 2788. 2788. 2788. 3705. 3705. 3705. 3705. 2788.   33.   33.   33.
   33.   33. 
 33. 33. 33. 33. 33. 33. 33. 33. 33. 33. 33. 33. 33. 33. 33. 33. 33. 33.
 33. 33. 33. 33. 33. 33. 33. 33. 
   33.   33.   33.   33. 2788. 3705. 3705. 3705. 3705. 3705. 2788. 2788.
 3705. 3705. 3705. 3705. 3705. 2788. 2788. 2788. 2788. 3705. 3705. 3705.
 2788. 2788. 
   33. 2788. 2788. 3705. 3705. 3705. 2788. 2788.   33.   33.   33.   33.
   33.   33.   33.   33.   33.   33.   33.   33.   33.   33.   33.   33.
   33.   33. 
   33.   33.   33.   33.   33.   33.   33.   33.   33.   33.   33.   33.
   33.   33.   33.   33. 2788. 3705. 3705. 3705. 2788. 2788. 2788. 3705.
 3705. 3705. 
 3705. 3705. 3705. 3705. 2788. 2788. 3705. 3705. 3705. 2788. 2788.   33.
   33.   33. 2788. 2788. 3705. 3705. 3705. 2788.   33.   33.   33.   33.
   33.   33. 
   33.   33.   33.   33.   33.   33.   33. 2788. 2788. 2788. 2788. 2788.
   33.   33.   33.   33.   33.   33.   33.   33.   33.   33.   33.   33.
   33.   33. 
   33.   33. 3705. 3705. 3705. 2788. 2788. 2788. 3705. 3705. 3705. 3705.
 2788. 3705. 3705. 3705. 3705. 2788. 3705. 3705. 2788. 2788.   33.   33.
   33.   33. 
 2788. 2788. 3705. 3705. 3705. 2788. 2788.   33.   33.   33.   33.   33.
   33.   33.   33. 2788. 2788. 2788. 2788. 2788. 3705. 3705. 3705. 2788.
 2788. 2788. 
   33.   33.   33.   33.   33.   33.   33.   33.   33.   33.   33.   33.
   33.   33. 3705. 3705. 2788. 2788. 2788. 3705. 3705. 3705. 3705. 2788.
 2788. 2788. 
 2788. 3705. 3705. 2788. 3705. 3705. 2788.   33.   33.   33.   33.   33.
   33. 2788. 2788. 3705. 3705. 3705. 2788. 2788.   33.   33.   33.   33.
 2788. 2788. 
 2788. 2788. 3705. 3705. 3705. 3705. 3705. 3705. 3705. 3705. 3705. 2788.
 2788.   33.   33.   33.   33.   33.   33.   33.   33.   33.   33.   33.
   33.   33. 
 3705. 2788. 2788. 2788. 2788. 3705. 3705. 3705. 2788. 2788. 3705. 3705.
 2788. 3705. 3705. 2788. 2788. 2788. 2788.   33.   33.   33.   33.   33.
   33.   33. 
 2788. 3705. 3705. 3705. 3705. 2788. 2788. 2788. 2788. 2788. 2788. 2788.
 3705. 3705. 3705. 3705. 3705. 3705. 3705. 3705. 3705. 3705. 3705. 3705.
 2788.   33. 
   33.   33.   33.   33.   33.   33.   33.   33.   33.   33.   33.   33.
 2788. 2788. 2788. 2788. 3705. 3705. 3705. 2788. 2788. 2788. 2788. 2788.
 2788. 3705. 
 3705. 3705. 2788.   33.   33.   33.   33.   33.   33. 2788. 2788. 2788.
 2788. 2788. 3705. 3705. 3705. 2788. 2788. 2788. 3705. 3705. 3705. 3705.
 3705. 3705. 
 3705. 3705. 3705. 3705. 2788. 2788. 2788. 3705. 3705. 3705. 3705. 2788.
   33.   33.   33.   33.   33.   33.   33.   33.   33.   33. 2788. 2788.
 2788. 2788. 
 2788. 2788. 3705. 3705. 3705. 2788.   33.   33.   33. 2788. 2788. 3705.
 3705. 2788. 2788.   33.   33.   33.   33.   33. 2788. 2788. 2788. 3705.
 3705. 2788. 
 2788. 2788. 2788. 3705. 3705. 3705. 3705. 3705. 3705. 3705. 3705. 3705.
 2788. 2788. 2788. 2788. 2788.   33. 2788. 2788. 3705. 3705. 3705. 2788.
 2788.   33. 
   33.   33.   33.   33.   33.   33. 2788. 2788. 2788. 3705. 2788. 2788.
 2788. 3705. 3705. 3705. 2788. 2788.   33.   33.   33.   33. 2788. 3705.
 3705. 2788. 
 2788.   33.   33.   33. 2788. 2788. 2788. 3705. 3705. 3705. 3705. 3705.
 3705. 3705. 2788. 2788. 3705. 3705. 3705. 3705. 3705. 3705. 2788. 2788.
 2788. 2788. 
   33.   33.   33.   33.   33. 2788. 2788. 3705. 3705. 3705. 2788. 2788.
   33.   33.   33.   33. 2788. 2788. 2788. 3705. 3705. 3705. 3705. 3705.
 3705. 3705. 
 3705. 2788. 2788.   33.   33.   33.   33.   33. 2788. 3705. 3705. 2788.
 2788.   33.   33. 2788. 2788. 2788. 3705. 3705. 3705. 3705. 3705. 3705.
 3705. 3705. 
 3705. 2788. 3705. 3705. 3705. 2788. 2788. 2788. 2788.   33.   33.   33.
   33.   33.   33.   33.   33.   33. 2788. 3705. 3705. 3705. 2788. 2788.
   33.   33. 
   33.   33. 2788. 2788. 3705. 3705. 3705. 3705. 3705. 3705. 3705. 3705.
 2788. 2788.   33.   33.   33.   33.   33.   33. 2788. 3705. 3705. 2788.
 2788.   33. 
 2788. 2788. 3705. 3705. 3705. 3705. 3705. 2788. 2788. 3705. 3705. 3705.
 3705. 2788. 2788. 2788. 2788. 2788.   33.   33.   33.   33.   33.   33.
   33. 2788. 
 2788.   33.   33.   33. 2788. 2788. 3705. 3705. 3705. 2788. 2788.   33.
 2788. 2788. 2788. 3705. 3705. 3705. 3705. 2788. 2788. 3705. 2788. 2788.
 2788.   33. 
   33.   33.   33.   33.   33.   33. 2788. 3705. 3705. 2788. 2788. 2788.
 2788. 3705. 3705. 3705. 3705. 3705. 2788. 2788. 2788. 2788. 2788. 3705.
 3705. 3705. 
 2788. 2788.   33.   33.   33.   33.   33.   33. 2788. 2788. 2788. 2788.
 2788. 2788.   33.   33.   33. 2788. 2788. 3705. 3705. 3705. 2788. 2788.
 2788. 3705. 
 3705. 3705. 3705. 3705. 2788. 2788. 2788. 2788. 2788. 2788.   33.   33.
   33.   33.   33.   33.   33.   33. 2788. 3705. 3705. 3705. 2788. 3705.
 3705. 3705. 
 3705. 3705. 2788. 2788. 2788.   33.   33.   33. 2788. 2788. 3705. 3705.
 2788. 2788.   33.   33.   33.   33.   33. 2788. 2788. 3705. 3705. 3705.
 3705. 2788. 
 2788.   33.   33. 2788. 2788. 3705. 3705. 3705. 3705. 3705. 3705. 3705.
 3705. 3705. 3705. 2788. 2788. 2788.   33.   33.   33.   33.   33.   33.
   33.   33. 
   33.   33.   33.   33. 2788. 3705. 3705. 3705. 3705. 3705. 3705. 3705.
 3705. 2788. 2788.   33.   33.   33.   33.   33.   33. 2788. 3705. 3705.
 3705. 2788. 
   33.   33.   33.   33. 2788. 2788. 3705. 3705. 3705. 3705. 3705. 3705.
 3705. 2788.   33.   33. 2788. 2788. 3705. 3705. 3705. 3705. 3705. 3705.
 3705. 3705. 
 2788. 2788.   33. 2788.   33.   33.   33.   33.   33.   33.   33.   33.
   33.   33.   33.   33. 2788. 2788. 3705. 3705. 3705. 3705. 3705. 2788.
 2788. 2788. 
   33.   33.   33.   33.   33.   33.   33. 2788. 2788. 3705. 3705. 2788.
 2788.   33.   33. 2788. 3705. 3705. 3705. 3705. 3705. 3705. 3705. 3705.
 3705. 2788. 
   33.   33.   33. 2788. 2788. 3705. 3705. 3705. 3705. 3705. 2788. 2788.
 2788.   33.   33. 2788.   33. 2788. 2788. 2788.   33.   33.   33.   33.
   33.   33. 
   33.   33.   33. 2788. 2788. 2788. 2788. 2788. 2788. 2788. 2788.   33.
   33.   33.   33.   33.   33.   33.   33. 2788. 2788. 3705. 3705. 2788.
 2788. 2788. 
 2788. 2788. 3705. 3705. 3705. 2788. 2788. 2788. 3705. 3705. 3705. 2788.
 2788.   33.   33.   33. 2788. 2788. 2788. 2788. 2788. 2788. 2788. 2788.
 2788. 2788. 
   33. 2788. 2788. 2788. 3705. 2788. 2788. 2788.   33.   33.   33.   33.
   33.   33. 2788. 2788. 3705. 2788. 2788. 2788. 3705. 3705. 2788. 2788.
 2788.   33. 
   33.   33.   33.   33.   33. 2788. 2788. 3705. 3705. 2788. 2788. 2788.
 2788. 3705. 3705. 3705. 2788. 2788. 2788.   33. 2788. 3705. 3705. 3705.
 2788.   33. 
   33. 2788. 2788. 2788. 2788. 2788. 2788. 3705. 3705. 3705. 2788. 2788.
 2788.   33. 3705. 3705. 3705. 3705. 3705. 2788. 2788.   33.   33.   33.
   33.   33. 
 2788. 3705. 3705. 3705. 3705. 3705. 3705. 3705. 3705. 2788. 2788. 2788.
   33.   33.   33.   33.   33. 2788. 2788. 3705. 3705. 2788. 2788. 2788.
 3705. 3705. 
 3705. 3705. 2788. 2788.   33.   33. 2788. 3705. 3705. 3705. 2788. 2788.
 2788. 2788. 3705. 3705. 2788. 2788. 3705. 3705. 3705. 3705. 3705. 3705.
 2788. 2788. 
 2788. 2788. 3705. 3705. 3705. 3705. 2788.   33.   33.   33.   33. 2788.
 2788. 3705. 3705. 3705. 2788. 2788. 2788. 3705. 3705. 3705. 3705. 2788.
 2788.   33. 
   33.   33.   33. 2788. 2788. 3705. 3705. 3705. 3705. 3705. 3705. 3705.
 3705. 2788. 2788. 3705. 2788. 2788. 2788. 2788. 3705. 3705. 3705. 2788.
 2788. 3705. 
 3705. 2788. 2788. 3705. 3705. 3705. 3705. 3705. 3705. 3705. 3705. 2788.
 2788. 2788. 2788. 2788. 3705. 3705. 2788.   33.   33.   33.   33. 2788.
 3705. 3705. 
 3705. 3705. 2788.   33. 2788. 2788. 3705. 2788. 2788. 2788. 2788. 2788.
   33. 2788. 2788. 2788. 2788. 3705. 3705. 3705. 3705. 3705. 3705. 3705.
 2788. 2788. 
 3705. 3705. 2788. 2788. 3705. 2788. 3705. 3705. 3705. 2788. 2788. 2788.
 2788. 2788. 3705. 3705. 3705. 2788. 2788. 2788. 2788. 3705. 3705. 2788.
 2788. 2788. 
 2788. 3705. 2788. 2788. 2788.   33.   33.   33.   33. 2788. 3705. 3705.
 3705. 2788. 2788. 2788. 2788. 2788. 2788. 3705. 3705. 3705. 3705. 3705.
 2788. 2788. 
 3705. 3705. 2788. 2788. 3705. 3705. 3705. 3705. 2788. 2788. 2788. 2788.
 3705. 3705. 3705. 2788. 2788. 2788. 2788. 3705. 3705. 3705. 2788. 2788.
 3705. 3705. 
 3705. 3705. 2788. 2788. 2788. 2788. 2788. 3705. 3705. 3705. 3705. 3705.
 2788. 2788. 3705. 2788. 2788. 2788.   33.   33. 2788. 2788. 3705. 3705.
 3705. 2788. 
 2788. 3705. 3705. 2788. 3705. 3705. 3705. 3705. 3705. 3705. 3705. 3705.
 2788. 2788. 3705. 2788. 2788. 2788. 2788. 2788. 2788. 2788. 2788. 2788.
 3705. 3705. 
 3705. 3705. 2788. 2788. 2788. 3705. 3705. 3705. 2788. 3705. 3705. 3705.
 3705. 2788. 2788. 3705. 3705. 2788. 2788. 2788. 3705. 3705. 3705. 3705.
 3705. 2788. 
 2788. 3705. 2788. 2788.   33.   33. 2788. 2788. 3705. 3705. 3705. 2788.
 2788. 2788. 2788. 2788. 3705. 3705. 3705. 3705. 3705. 3705. 3705. 3705.
 3705. 2788. 
 2788. 2788. 2788. 2788. 2788. 3705. 3705. 2788. 3705. 2788. 2788. 3705.
 3705. 3705. 2788. 2788. 2788. 2788. 3705. 3705. 3705. 3705. 3705. 3705.
 2788. 2788. 
 3705. 3705. 3705. 2788. 2788. 2788. 3705. 3705. 3705. 3705. 3705. 2788.
 2788. 2788. 2788. 2788. 2788. 2788. 2788. 3705. 3705. 3705. 2788. 2788.
 2788. 2788. 
 2788. 3705. 3705. 3705. 2788. 2788. 2788. 3705. 3705. 3705. 3705. 3705.
 2788. 2788. 2788. 3705. 3705. 3705. 2788. 2788. 3705. 2788. 2788. 2788.
 3705. 3705. 
 3705. 2788. 3705. 2788. 2788. 3705. 3705. 3705. 3705. 2788. 2788. 2788.
 2788. 3705. 3705. 2788. 2788. 2788. 3705. 3705. 2788. 3705. 2788. 2788.
 3705. 3705. 
 3705. 2788. 2788. 2788. 2788. 3705. 3705. 2788. 2788. 3705. 3705. 2788.
 3705. 3705. 3705. 2788. 2788. 2788. 2788. 2788. 3705. 3705. 3705. 3705.
 3705. 2788. 
 2788. 3705. 3705. 3705. 2788. 3705. 2788. 2788. 3705. 2788. 3705. 3705.
 3705. 2788. 2788. 2788. 2788. 2788. 2788. 3705. 2788. 2788. 2788. 2788.
 2788. 3705. 
 3705. 3705. 2788. 2788. 3705. 3705. 2788. 2788. 3705. 3705. 3705. 3705.
 3705. 3705. 2788. 2788. 3705. 2788. 2788. 2788. 3705. 3705. 2788. 2788.
 3705. 3705. 
 3705. 2788. 3705. 3705. 3705. 2788. 2788. 2788. 3705. 3705. 3705. 2788.
 2788. 3705. 3705. 3705. 2788. 3705. 3705. 2788. 3705. 2788. 2788. 3705.
 3705. 3705. 
 2788. 3705. 3705. 3705. 2788. 2788. 2788. 2788. 2788. 3705. 2788. 3705.
 3705. 3705. 2788. 2788. 3705. 3705. 3705. 2788. 3705. 3705. 3705. 3705.
 3705. 3705. 
 3705. 2788. 2788. 2788. 3705. 3705. 3705. 2788. 2788. 3705. 3705. 3705.
 3705. 2788. 2788. 3705. 3705. 3705. 3705. 2788. 2788. 3705. 3705. 3705.
 3705. 3705. 
 3705. 3705. 2788. 3705. 3705. 3705. 2788. 3705. 2788. 3705. 3705. 3705.
 3705. 3705. 3705. 2788. 2788. 2788. 2788. 3705. 3705. 2788. 2788. 2788.
 2788. 3705. 
 3705. 2788. 3705. 3705. 2788. 2788. 3705. 3705. 3705. 3705. 3705. 3705.
 3705. 3705. 2788. 2788. 3705. 3705. 3705. 2788. 2788. 3705. 3705. 3705.
 2788. 2788. 
 2788. 2788. 2788. 2788. 3705. 3705. 2788. 2788. 3705. 3705. 3705. 3705.
 3705. 2788. 2788. 3705. 3705. 3705. 2788. 2788. 2788. 2788. 2788. 3705.
 3705. 3705. 
 3705. 2788. 2788. 3705. 3705. 3705. 3705. 2788. 2788. 3705. 2788. 2788.
 2788. 2788. 2788. 3705. 2788. 3705. 3705. 3705. 3705. 2788. 2788. 3705.
 3705. 3705. 
 3705. 3705. 2788. 2788. 2788. 2788. 3705. 3705. 3705. 2788. 2788. 3705.
 2788. 2788. 2788. 2788. 2788. 2788. 2788. 2788. 2788. 2788. 3705. 2788.
 2788. 2788. 
 3705. 2788. 3705. 3705. 3705. 2788. 2788. 2788. 2788. 2788. 2788. 2788.
 2788. 2788. 3705. 3705. 3705. 3705. 2788. 2788.   33. 2788. 3705. 2788.
 2788. 2788. 
 2788. 3705. 2788. 3705. 3705. 3705. 3705. 2788. 2788. 2788. 3705. 3705.
 3705. 3705. 3705. 3705. 3705. 3705. 3705. 3705. 2788. 2788. 3705. 3705.
 3705. 2788. 
 2788. 3705. 3705. 2788. 2788. 3705. 3705. 2788. 2788. 2788. 2788. 3705.
 3705. 3705. 2788. 3705. 3705. 3705. 3705. 3705. 3705. 3705. 2788. 2788.
 2788. 2788. 
 2788. 2788. 2788. 2788. 2788. 2788.   33. 2788. 2788. 3705. 3705. 3705.
 2788. 2788. 2788. 3705. 3705. 3705. 2788. 2788. 3705. 3705. 2788. 2788.
 3705. 3705. 
 3705. 3705. 3705. 3705. 3705. 3705. 2788. 2788. 3705. 3705. 3705. 3705.
 2788. 3705. 3705. 2788. 3705. 3705. 3705. 2788. 2788.   33. 2788. 3705.
 3705. 3705. 
 2788. 2788. 3705. 3705. 3705. 3705. 3705. 3705. 2788. 2788. 2788. 2788.
 2788. 2788. 2788. 3705. 3705. 2788. 2788.   33. 2788. 2788. 2788. 2788.
 3705. 3705. 
 2788. 3705. 3705. 3705. 2788. 3705. 3705. 3705. 3705. 2788. 2788. 3705.
 3705. 3705. 3705. 3705. 3705. 2788. 2788. 2788. 2788. 3705. 3705. 3705.
 3705. 2788. 
 2788. 2788. 3705. 3705. 3705. 2788. 2788. 2788. 2788. 3705. 3705. 3705.
 2788. 2788. 2788. 2788. 3705. 3705. 3705. 2788. 2788. 3705. 3705. 3705.
 2788. 2788. 
 2788. 3705. 3705. 3705. 2788. 2788. 2788. 3705. 2788. 2788. 2788. 2788.
 3705. 3705. 3705. 3705. 2788. 2788. 2788. 3705. 3705. 3705. 2788. 2788.
 2788. 2788. 
 2788. 2788. 2788. 2788. 3705. 2788. 2788. 2788. 3705. 3705. 3705. 2788.
 2788. 2788. 3705. 3705. 3705. 2788. 3705. 2788. 2788. 2788. 3705. 3705.
 2788. 2788. 
 2788. 2788. 2788. 2788. 2788. 2788. 2788. 3705. 3705. 3705. 3705. 2788.
 2788. 2788. 3705. 3705. 3705. 3705. 3705. 3705. 3705. 2788. 3705. 3705.
 3705. 3705. 
 3705. 2788. 2788. 3705. 2788. 2788. 2788. 2788. 3705. 3705. 2788. 2788.
 2788. 2788. 2788. 3705. 3705. 2788. 2788. 2788. 2788. 3705. 3705. 3705.
 3705. 3705. 
 3705. 3705. 2788. 2788. 3705. 3705. 2788. 2788. 3705. 3705. 3705. 2788.
 2788. 3705. 3705. 3705. 2788. 2788. 2788. 2788. 3705. 3705. 3705. 3705.
 3705. 2788. 
 2788. 3705. 3705. 3705. 3705. 3705. 3705. 2788. 2788. 3705. 3705. 3705.
 3705. 2788. 3705. 3705. 3705. 3705. 3705. 3705. 3705. 2788. 2788. 2788.
   33. 2788. 
 2788. 3705. 3705. 2788. 2788. 2788. 2788. 2788. 3705. 3705. 3705. 3705.
 3705. 3705. 2788. 2788. 3705. 3705. 2788. 2788. 2788. 3705. 3705. 2788.
 3705. 3705. 
 3705. 3705. 2788.   33.   33. 2788. 2788. 2788. 3705. 3705. 3705. 3705.
 2788. 2788. 2788. 3705. 2788. 2788. 2788. 2788. 2788. 2788. 3705. 3705.
 2788. 2788. 
 2788. 3705. 3705. 3705. 3705. 2788. 2788. 2788.   33.   33.   33. 2788.
 2788. 3705. 3705. 3705. 2788.   33.   33. 2788. 2788. 3705. 3705. 3705.
 3705. 2788. 
 2788. 2788. 3705. 3705. 3705. 2788. 2788. 2788. 2788. 2788. 3705. 3705.
 3705. 2788. 2788.   33.   33.   33.   33. 2788. 2788. 3705. 3705. 3705.
 3705. 2788. 
 2788. 2788. 2788. 3705. 3705. 2788. 2788.   33. 3705. 2788. 2788.   33.
 2788. 2788. 2788. 2788. 2788. 2788. 2788.   33.   33.   33.   33. 2788.
 2788. 3705. 
 3705. 3705. 2788. 2788.   33. 2788. 2788. 2788. 2788. 2788. 2788. 2788.
   33. 2788. 2788. 3705. 3705. 2788. 2788. 2788. 2788. 3705. 3705. 3705.
 2788. 2788. 
 2788.   33.   33.   33.   33.   33. 2788. 2788. 3705. 3705. 3705. 3705.
 3705. 2788. 3705. 3705. 3705. 2788. 2788.   33. 2788. 2788.   33.   33.
   33.   33. 
 2788. 2788. 2788.   33.   33.   33.   33.   33.   33. 2788. 2788. 3705.
 3705. 3705. 2788. 2788. 2788. 2788. 3705. 3705. 3705. 2788. 2788.   33.
   33. 2788. 
 2788. 3705. 3705. 3705. 2788. 2788. 2788. 3705. 3705. 3705. 2788. 2788.
   33.   33.   33.   33.   33.   33.   33. 2788. 2788. 3705. 3705. 3705.
 3705. 3705. 
 3705. 3705. 2788. 2788.   33.   33. 2788.   33.   33.   33.   33.   33.
   33.   33.   33.   33.   33.   33.   33.   33.   33.   33. 2788. 2788.
 3705. 3705. 
 3705. 2788. 2788. 3705. 3705. 3705. 3705. 2788. 2788.   33.   33.   33.
 2788. 2788. 3705. 3705. 2788. 2788. 2788. 3705. 3705. 2788. 2788.   33.
   33.   33. 
   33.   33.   33.   33.   33.   33. 2788. 2788. 3705. 3705. 3705. 3705.
 3705. 3705. 2788.   33.   33.   33.   33.   33.   33.   33.   33.   33.
   33.   33. 
   33.   33.   33.   33.   33.   33.   33.   33. 2788. 2788. 3705. 3705.
 3705. 3705. 3705. 3705. 3705. 3705. 2788. 2788.   33.   33.   33.   33.
 2788. 2788. 
 3705. 3705. 3705. 2788. 3705. 3705. 3705. 2788. 2788.   33.   33.   33.
   33.   33.   33.   33.   33.   33.   33. 2788. 2788. 3705. 3705. 3705.
 2788. 2788. 
 2788.   33.   33.   33.   33.   33.   33.   33.   33.   33.   33.   33.
   33.   33.   33.   33.   33.   33.   33.   33.   33. 2788. 2788. 3705.
 3705. 3705. 
 3705. 3705. 3705. 2788. 2788.   33.   33.   33.   33.   33.   33. 2788.
 2788. 3705. 3705. 3705. 3705. 3705. 3705. 2788. 2788.   33.   33.   33.
   33.   33. 
   33.   33.   33.   33.   33.   33. 2788. 2788. 2788. 2788. 2788.   33.
   33.   33.   33.   33.   33.   33.   33.   33.   33.   33.   33.   33.
   33.   33. 
   33.   33.   33.   33.   33.   33.   33.   33. 2788. 2788. 3705. 3705.
 3705. 2788. 2788. 2788.   33.   33.   33.   33.   33.   33.   33.   33.
 2788. 2788. 
 3705. 3705. 3705. 3705. 2788. 2788.   33.   33.   33.   33.   33.   33.
   33.   33.   33.   33.   33.   33.   33.   33.   33.   33.   33.   33.
   33.   33. 
   33.   33.   33.   33.   33.   33.   33.   33.   33.   33.   33.   33.
   33.   33.   33.   33.   33.   33.   33.   33.   33. 2788. 2788. 2788.
 2788. 2788. 
 2788.   33.   33.   33.   33.   33.   33.   33.   33.   33.   33. 2788.
 2788. 2788. 2788. 2788. 2788.   33.   33.   33.   33.   33.   33.   33.
   33.   33. 
 33. 33. 33. 33. 33. 33. 33. 33. 33. 33. 33. 33. 33. 33. 
/