PERMI
   20.   20.   20.   20.   20.   20.   20.   20.   20.   20. 1546. 1546.
 1546. 2082. 2082. 2082. 2082. 2082. 2082. 2082. 1546. 1546.   20.   20.
   20.   20. 
 20. 20. 20. 20. 20. 20. 20. 20. 20. 20. 20. 20. 20. 20. 20. 20. 20. 20.
 20. 20. 20. 20. 20. 20. 20. 20. 
   20.   20.   20.   20.   20.   20.   20.   20.   20.   20.   20.   20.
   20.   20.   20.   20.   20.   20.   20.   20.   20.   20.   20.   20.
 1546. 1546. 
 1546. 1546. 1546. 2082. 2082. 2082. 2082. 1546.   20.   20.   20.   20.
   20.   20.   20.   20.   20.   20.   20.   20.   20.   20.   20.   20.
   20.   20. 
 20. 20. 20. 20. 20. 20. 20. 20. 20. 20. 20. 20. 20. 20. 20. 20. 20. 20.
 20. 20. 20. 20. 20. 20. 20. 20. 
   20.   20.   20.   20.   20.   20.   20.   20.   20.   20.   20.   20.
 1546. 1546. 1546. 2082. 2082. 2082. 1546. 1546.   20.   20.   20.   20.
   20.   20. 
 20. 20. 20. 20. 20. 20. 20. 20. 20. 20. 20. 20. 20. 20. 20. 20. 20. 20.
 20. 20. 20. 20. 20. 20. 20. 20. 
   20.   20.   20.   20.   20.   20.   20.   20.   20.   20.   20.   20.
   20.   20.   20.   20.   20.   20.   20.   20.   20.   20.   20.   20.
   20. 1546. 
 2082. 2082. 2082. 2082. 1546.   20.   20.   20.   20.   20.   20.   20.
   20.   20.   20.   20.   20.   20.   20.   20.   20.   20.   20.   20.
   20.   20. 
 20. 20. 20. 20. 20. 20. 20. 20. 20. 20. 20. 20. 20. 20. 20. 20. 20. 20.
 20. 20. 20. 20. 20. 20. 20. 20. 
   20.   20.   20.   20.   20.   20.   20.   20.   20.   20. 1546. 1546.
 2082. 2082. 2082. 1546. 1546.   20.   20.   20.   20.   20.   20.   20.
   20.   20. 
 20. 20. 20. 20. 20. 20. 20. 20. 20. 20. 20. 20. 20. 20. 20. 20. 20. 20.
 20. 20. 20. 20. 20. 20. 20. 20. 
   20.   20.   20.   20.   20.   20.   20.   20.   20.   20.   20.   20.
   20.   20.   20.   20.   20.   20.   20.   20.   20.   20. 1546. 2082.
 2082. 2082. 
 1546. 1546.   20.   20.   20.   20.   20.   20.   20.   20.   20.   20.
   20.   20.   20.   20.   20.   20.   20.   20.   20.   20.   20.   20.
   20.   20. 
 20. 20. 20. 20. 20. 20. 20. 20. 20. 20. 20. 20. 20. 20. 20. 20. 20. 20.
 20. 20. 20. 20. 20. 20. 20. 20. 
   20.   20.   20.   20.   20.   20.   20.   20. 1546. 2082. 2082. 2082.
 1546. 1546.   20.   20.   20.   20.   20.   20.   20.   20.   20.   20.
   20.   20. 
 20. 20. 20. 20. 20. 20. 20. 20. 20. 20. 20. 20. 20. 20. 20. 20. 20. 20.
 20. 20. 20. 20. 20. 20. 20. 20. 
   20.   20.   20.   20.   20.   20.   20.   20.   20.   20.   20.   20.
   20.   20.   20.   20.   20.   20.   20.   20. 1546. 1546. 2082. 2082.
 2082. 1546. 
 1546.   20.   20.   20.   20.   20.   20.   20.   20.   20.   20.   20.
   20.   20.   20.   20.   20.   20.   20.   20.   20.   20.   20.   20.
   20.   20. 
 20. 20. 20. 20. 20. 20. 20. 20. 20. 20. 20. 20. 20. 20. 20. 20. 20. 20.
 20. 20. 20. 20. 20. 20. 20. 20. 
   20.   20.   20.   20.   20.   20.   20. 1546. 2082. 2082. 2082. 2082.
 1546. 1546.   20.   20.   20.   20.   20.   20.   20.   20.   20.   20.
   20.   20. 
 20. 20. 20. 20. 20. 20. 20. 20. 20. 20. 20. 20. 20. 20. 20. 20. 20. 20.
 20. 20. 20. 20. 20. 20. 20. 20. 
   20.   20.   20.   20.   20.   20.   20.   20.   20.   20.   20.   20.
   20.   20.   20.   20.   20.   20.   20.   20. 1546. 1546. 2082. 2082.
 2082. 1546. 
 1546.   20.   20.   20.   20.   20.   20.   20.   20.   20.   20.   20.
   20.   20.   20.   20.   20.   20.   20.   20.   20.   20.   20.   20.
   20.   20. 
 20. 20. 20. 20. 20. 20. 20. 20. 20. 20. 20. 20. 20. 20. 20. 20. 20. 20.
 20. 20. 20. 20. 20. 20. 20. 20. 
   20.   20.   20.   20.   20.   20.   20. 1546. 1546. 2082. 2082. 2082.
 1546.   20.   20.   20.   20.   20.   20.   20.   20.   20.   20.   20.
   20.   20. 
 20. 20. 20. 20. 20. 20. 20. 20. 20. 20. 20. 20. 20. 20. 20. 20. 20. 20.
 20. 20. 20. 20. 20. 20. 20. 20. 
   20.   20.   20.   20.   20.   20.   20.   20.   20.   20.   20.   20.
   20.   20.   20.   20.   20.   20.   20.   20. 1546. 2082. 2082. 2082.
 1546.   20. 
 20. 20. 20. 20. 20. 20. 20. 20. 20. 20. 20. 20. 20. 20. 20. 20. 20. 20.
 20. 20. 20. 20. 20. 20. 20. 20. 
 20. 20. 20. 20. 20. 20. 20. 20. 20. 20. 20. 20. 20. 20. 20. 20. 20. 20.
 20. 20. 20. 20. 20. 20. 20. 20. 
   20.   20.   20.   20.   20. 1546. 1546. 2082. 2082. 1546. 1546.   20.
   20.   20.   20.   20.   20.   20.   20.   20.   20.   20.   20.   20.
   20.   20. 
 20. 20. 20. 20. 20. 20. 20. 20. 20. 20. 20. 20. 20. 20. 20. 20. 20. 20.
 20. 20. 20. 20. 20. 20. 20. 20. 
   20.   20.   20.   20.   20.   20.   20.   20.   20.   20.   20.   20.
   20.   20.   20.   20.   20. 1546. 2082. 2082. 2082. 1546.   20.   20.
   20.   20. 
 20. 20. 20. 20. 20. 20. 20. 20. 20. 20. 20. 20. 20. 20. 20. 20. 20. 20.
 20. 20. 20. 20. 20. 20. 20. 20. 
 20. 20. 20. 20. 20. 20. 20. 20. 20. 20. 20. 20. 20. 20. 20. 20. 20. 20.
 20. 20. 20. 20. 20. 20. 20. 20. 
   20.   20. 1546. 1546. 2082. 2082. 2082. 1546.   20.   20.   20.   20.
   20.   20.   20.   20.   20.   20.   20.   20.   20.   20.   20.   20.
   20.   20. 
 20. 20. 20. 20. 20. 20. 20. 20. 20. 20. 20. 20. 20. 20. 20. 20. 20. 20.
 20. 20. 20. 20. 20. 20. 20. 20. 
   20.   20.   20.   20.   20.   20.   20.   20.   20.   20.   20.   20.
   20.   20. 1546. 2082. 2082. 2082. 1546.   20.   20.   20.   20.   20.
   20.   20. 
 20. 20. 20. 20. 20. 20. 20. 20. 20. 20. 20. 20. 20. 20. 20. 20. 20. 20.
 20. 20. 20. 20. 20. 20. 20. 20. 
 20. 20. 20. 20. 20. 20. 20. 20. 20. 20. 20. 20. 20. 20. 20. 20. 20. 20.
 20. 20. 20. 20. 20. 20. 20. 20. 
 1546. 2082. 2082. 2082. 1546. 1546. 1546. 1546. 1546. 1546.   20.   20.
   20.   20.   20.   20.   20.   20.   20.   20.   20.   20.   20.   20.
   20.   20. 
 20. 20. 20. 20. 20. 20. 20. 20. 20. 20. 20. 20. 20. 20. 20. 20. 20. 20.
 20. 20. 20. 20. 20. 20. 20. 20. 
   20.   20.   20.   20.   20.   20.   20.   20.   20.   20.   20.   20.
 1546. 2082. 2082. 2082. 2082. 2082. 2082. 2082. 2082. 1546. 1546.   20.
   20.   20. 
 20. 20. 20. 20. 20. 20. 20. 20. 20. 20. 20. 20. 20. 20. 20. 20. 20. 20.
 20. 20. 20. 20. 20. 20. 20. 20. 
   20.   20.   20.   20.   20.   20.   20.   20. 1546.   20.   20.   20.
   20.   20.   20.   20.   20.   20.   20.   20.   20.   20.   20.   20.
 1546. 1546. 
 2082. 2082. 2082. 2082. 2082. 2082. 2082. 2082. 1546. 1546.   20.   20.
   20.   20.   20.   20.   20.   20.   20.   20.   20.   20.   20.   20.
   20.   20. 
   20.   20.   20.   20.   20.   20.   20.   20.   20.   20.   20.   20.
   20.   20.   20.   20.   20.   20.   20.   20. 1546. 1546.   20.   20.
   20.   20. 
   20.   20.   20.   20.   20.   20.   20.   20.   20.   20.   20. 1546.
 1546. 2082. 2082. 2082. 2082. 2082. 2082. 2082. 2082. 1546.   20.   20.
   20.   20. 
 20. 20. 20. 20. 20. 20. 20. 20. 20. 20. 20. 20. 20. 20. 20. 20. 20. 20.
 20. 20. 20. 20. 20. 20. 20. 20. 
   20.   20.   20.   20.   20.   20. 2082. 1546.   20.   20.   20.   20.
   20.   20.   20.   20.   20.   20.   20.   20.   20.   20.   20.   20.
 1546. 1546. 
 1546. 1546. 1546. 2082. 2082. 2082. 2082. 1546.   20.   20.   20.   20.
   20.   20.   20.   20.   20.   20.   20.   20.   20.   20.   20.   20.
   20.   20. 
   20.   20.   20.   20.   20.   20.   20.   20.   20.   20.   20.   20.
   20.   20.   20.   20.   20.   20. 2082. 1546. 1546.   20.   20.   20.
   20.   20. 
   20.   20.   20.   20.   20.   20.   20.   20.   20.   20.   20.   20.
   20.   20. 1546. 2082. 2082. 2082. 1546. 1546.   20.   20.   20.   20.
   20.   20. 
 20. 20. 20. 20. 20. 20. 20. 20. 20. 20. 20. 20. 20. 20. 20. 20. 20. 20.
 20. 20. 20. 20. 20. 20. 20. 20. 
   20.   20.   20.   20. 2082. 2082. 1546. 1546. 1546. 1546. 1546. 1546.
   20.   20.   20.   20.   20.   20.   20.   20.   20.   20.   20.   20.
   20.   20. 
 1546. 2082. 2082. 2082. 1546. 1546.   20.   20. 1546. 1546. 1546.   20.
   20.   20.   20.   20.   20.   20.   20.   20.   20.   20.   20.   20.
   20.   20. 
   20.   20.   20.   20.   20.   20.   20.   20.   20.   20.   20.   20.
   20.   20.   20.   20. 2082. 2082. 2082. 1546. 1546. 1546. 1546. 1546.
 1546. 1546. 
 1546.   20.   20.   20.   20.   20.   20.   20.   20.   20.   20.   20.
 1546. 2082. 2082. 2082. 1546. 1546. 1546. 1546. 1546. 1546. 1546. 1546.
 1546.   20. 
 20. 20. 20. 20. 20. 20. 20. 20. 20. 20. 20. 20. 20. 20. 20. 20. 20. 20.
 20. 20. 20. 20. 20. 20. 20. 20. 
   20.   20. 2082. 2082. 2082. 2082. 2082. 2082. 2082. 2082. 2082. 2082.
 1546.   20.   20.   20.   20.   20.   20.   20.   20.   20.   20.   20.
 1546. 2082. 
 2082. 2082. 2082. 2082. 2082. 2082. 2082. 2082. 2082. 2082. 1546. 1546.
   20.   20.   20.   20.   20.   20.   20.   20.   20.   20.   20.   20.
   20.   20. 
   20.   20.   20.   20.   20.   20.   20.   20.   20.   20.   20.   20.
   20.   20. 2082. 2082. 2082. 2082. 2082. 2082. 2082. 2082. 2082. 2082.
 1546. 1546. 
   20.   20.   20.   20.   20.   20.   20.   20.   20.   20. 1546. 1546.
 2082. 2082. 2082. 2082. 2082. 2082. 2082. 2082. 2082. 2082. 2082. 1546.
 1546.   20. 
 20. 20. 20. 20. 20. 20. 20. 20. 20. 20. 20. 20. 20. 20. 20. 20. 20. 20.
 20. 20. 20. 20. 20. 20. 20. 20. 
 1546. 1546. 1546. 1546. 1546. 1546. 1546. 1546. 2082. 2082. 1546. 1546.
   20.   20.   20.   20.   20.   20.   20.   20.   20.   20.   20. 1546.
 2082. 2082. 
 2082. 2082. 2082. 2082. 2082. 1546. 1546. 2082. 2082. 2082. 1546.   20.
   20.   20.   20.   20.   20.   20.   20.   20.   20.   20.   20.   20.
   20.   20. 
   20.   20.   20.   20.   20.   20.   20.   20.   20.   20.   20.   20.
 1546. 1546. 1546. 1546. 1546. 1546. 1546. 1546. 2082. 2082. 2082. 1546.
   20.   20. 
   20.   20.   20.   20.   20.   20.   20.   20.   20. 1546. 1546. 1546.
 2082. 2082. 1546. 1546. 1546. 1546. 1546. 1546. 2082. 2082. 1546. 1546.
   20.   20. 
   20.   20.   20.   20.   20.   20.   20.   20.   20.   20.   20.   20.
   20.   20.   20.   20.   20.   20.   20.   20.   20.   20.   20.   20.
 2082. 1546. 
   20.   20.   20.   20. 1546. 1546. 2082. 2082. 1546. 1546.   20.   20.
   20.   20.   20.   20.   20.   20.   20.   20.   20.   20.   20. 1546.
 1546. 1546. 
 1546. 1546.   20.   20.   20. 1546. 2082. 2082. 2082. 1546.   20.   20.
   20.   20.   20.   20.   20.   20.   20.   20.   20.   20.   20.   20.
   20.   20. 
   20.   20.   20.   20.   20.   20.   20.   20.   20.   20. 2082. 2082.
 1546.   20.   20.   20. 1546. 1546. 2082. 2082. 1546. 1546.   20.   20.
   20.   20. 
   20.   20.   20.   20.   20.   20.   20.   20.   20.   20.   20.   20.
   20.   20.   20.   20.   20. 1546. 2082. 2082. 2082. 2082. 1546. 1546.
 1546. 1546. 
 1546. 1546. 1546.   20.   20.   20.   20.   20.   20.   20.   20.   20.
   20.   20.   20.   20.   20.   20.   20.   20.   20.   20. 2082. 2082.
 1546.   20. 
   20.   20. 1546. 2082. 2082. 2082. 1546. 1546. 1546. 1546. 1546. 1546.
   20.   20.   20.   20.   20.   20.   20.   20.   20.   20.   20.   20.
   20.   20. 
   20.   20.   20.   20. 1546. 2082. 2082. 2082. 2082. 2082. 1546. 2082.
 2082. 2082. 1546. 1546.   20.   20.   20.   20.   20.   20.   20.   20.
   20.   20. 
   20.   20.   20.   20.   20.   20.   20.   20. 2082. 2082. 1546.   20.
   20.   20. 1546. 2082. 2082. 2082. 1546. 1546. 1546. 2082. 2082. 2082.
 1546. 1546. 
   20.   20.   20.   20.   20.   20.   20.   20.   20.   20.   20.   20.
   20.   20.   20.   20. 1546. 1546. 2082. 2082. 2082. 2082. 2082. 2082.
 2082. 2082. 
 2082. 1546. 1546.   20.   20.   20.   20.   20.   20.   20.   20.   20.
   20.   20.   20.   20.   20.   20.   20.   20. 2082. 1546.   20.   20.
   20.   20. 
 1546. 2082. 2082. 2082. 2082. 2082. 2082. 2082. 2082. 2082. 2082. 1546.
 1546.   20.   20.   20.   20.   20.   20.   20.   20.   20.   20.   20.
   20.   20. 
   20.   20.   20. 1546. 1546. 2082. 2082. 2082. 2082. 2082. 2082. 2082.
 2082. 2082. 1546. 1546.   20.   20.   20.   20.   20.   20.   20.   20.
   20.   20. 
   20.   20.   20.   20.   20.   20. 1546. 1546. 1546. 1546. 1546.   20.
 1546. 1546. 2082. 2082. 2082. 2082. 2082. 1546. 1546. 2082. 2082. 2082.
 1546.   20. 
   20.   20.   20.   20.   20.   20.   20.   20.   20.   20.   20.   20.
   20.   20.   20.   20. 1546. 1546. 1546. 1546. 1546. 1546. 1546. 1546.
 2082. 2082. 
 2082. 1546.   20.   20.   20.   20.   20.   20.   20.   20.   20.   20.
   20.   20.   20.   20.   20.   20. 2082. 2082. 2082. 2082. 2082. 1546.
   20. 1546. 
 1546. 1546. 1546. 1546. 1546. 1546. 1546. 1546. 2082. 2082. 1546. 1546.
   20.   20.   20.   20.   20.   20.   20.   20.   20.   20.   20.   20.
   20.   20. 
   20.   20.   20.   20.   20.   20.   20.   20.   20. 1546. 2082. 2082.
 2082. 1546.   20.   20.   20.   20.   20.   20.   20.   20.   20.   20.
   20.   20. 
   20.   20.   20.   20. 2082. 2082. 2082. 2082. 2082. 1546.   20.   20.
   20.   20.   20.   20.   20.   20.   20. 1546. 1546. 2082. 2082. 1546.
   20.   20. 
   20.   20.   20.   20.   20.   20.   20.   20.   20.   20.   20.   20.
   20.   20.   20.   20.   20.   20.   20.   20.   20. 1546. 2082. 2082.
 2082. 1546. 
   20.   20.   20.   20.   20.   20.   20.   20.   20.   20.   20.   20.
   20.   20.   20.   20. 2082. 2082. 1546. 2082. 2082. 1546. 1546.   20.
   20.   20. 
   20.   20.   20.   20.   20.   20. 1546. 2082. 2082. 1546. 1546.   20.
   20.   20.   20.   20.   20.   20.   20.   20.   20.   20.   20.   20.
   20.   20. 
   20.   20.   20.   20.   20.   20. 1546. 1546. 2082. 2082. 2082. 1546.
   20.   20.   20.   20.   20.   20.   20.   20.   20.   20.   20.   20.
   20.   20. 
   20.   20. 1546. 1546. 1546. 2082. 2082. 1546. 1546.   20.   20.   20.
   20.   20.   20.   20.   20.   20. 1546. 2082. 2082. 2082. 1546. 1546.
 1546. 1546. 
 1546. 1546. 1546. 1546.   20.   20.   20.   20.   20.   20.   20.   20.
   20.   20.   20.   20.   20.   20. 1546. 1546. 2082. 2082. 2082. 1546.
   20.   20. 
   20.   20.   20.   20.   20.   20.   20.   20.   20.   20.   20.   20.
   20.   20.   20.   20. 1546. 2082. 2082. 2082. 1546.   20.   20.   20.
   20.   20. 
   20.   20.   20.   20.   20. 1546. 2082. 2082. 2082. 2082. 2082. 2082.
 2082. 2082. 2082. 1546. 1546.   20.   20.   20.   20.   20.   20.   20.
   20.   20. 
   20.   20.   20.   20. 1546. 2082. 2082. 2082. 1546. 1546.   20.   20.
   20.   20.   20.   20.   20.   20.   20.   20.   20.   20.   20.   20.
   20.   20. 
   20.   20. 1546. 2082. 2082. 2082. 1546. 1546. 1546. 1546. 1546.   20.
   20.   20.   20.   20.   20. 1546. 1546. 2082. 2082. 2082. 2082. 2082.
 2082. 2082. 
 2082. 2082. 1546. 1546.   20.   20.   20.   20.   20.   20.   20.   20.
   20.   20.   20.   20. 1546. 2082. 2082. 2082. 1546. 1546.   20.   20.
   20.   20. 
   20.   20.   20.   20.   20.   20.   20.   20.   20.   20.   20.   20.
   20.   20. 1546. 2082. 2082. 2082. 2082. 2082. 2082. 2082. 2082. 1546.
 1546.   20. 
   20.   20.   20.   20. 1546. 1546. 2082. 2082. 2082. 2082. 2082. 2082.
 2082. 2082. 2082. 1546.   20.   20.   20.   20.   20.   20.   20.   20.
   20.   20. 
   20.   20. 1546. 2082. 2082. 2082. 2082. 1546. 1546. 1546.   20.   20.
   20.   20.   20.   20.   20.   20.   20.   20.   20.   20.   20.   20.
   20.   20. 
 1546. 1546. 2082. 2082. 2082. 2082. 2082. 2082. 2082. 2082. 1546.   20.
   20.   20.   20.   20.   20. 1546. 1546. 1546. 1546. 1546. 1546. 1546.
 2082. 2082. 
 2082. 1546.   20.   20.   20.   20.   20.   20.   20.   20.   20.   20.
   20.   20. 1546. 1546. 2082. 2082. 2082. 2082. 1546. 1546. 1546.   20.
   20.   20. 
   20.   20.   20.   20.   20.   20.   20.   20.   20.   20.   20.   20.
   20. 1546. 1546. 2082. 2082. 2082. 2082. 2082. 2082. 2082. 1546.   20.
   20.   20. 
   20.   20.   20.   20.   20.   20.   20.   20.   20. 1546. 2082. 2082.
 2082. 1546.   20.   20.   20.   20.   20.   20.   20.   20.   20.   20.
   20.   20. 
   20. 1546. 1546. 2082. 2082. 2082. 2082. 2082. 1546.   20.   20.   20.
   20.   20.   20.   20.   20.   20.   20.   20.   20.   20.   20.   20.
   20.   20. 
 1546. 1546. 1546. 1546. 1546. 1546. 2082. 2082. 1546. 1546.   20.   20.
   20.   20.   20.   20.   20.   20.   20.   20.   20. 1546. 2082. 2082.
 1546. 1546. 
   20.   20.   20.   20.   20.   20.   20.   20.   20.   20.   20.   20.
   20.   20. 1546. 1546. 1546. 2082. 2082. 2082. 1546.   20.   20.   20.
   20.   20. 
   20.   20.   20.   20.   20.   20.   20.   20.   20.   20.   20.   20.
   20.   20.   20.   20.   20. 1546. 2082. 2082. 2082. 1546.   20.   20.
   20.   20. 
   20.   20.   20.   20.   20.   20.   20. 1546. 2082. 2082. 1546. 1546.
   20.   20.   20.   20.   20.   20.   20.   20.   20.   20.   20.   20.
   20.   20. 
   20.   20. 1546. 2082. 2082. 2082. 1546.   20.   20.   20.   20.   20.
   20.   20.   20.   20.   20.   20.   20.   20.   20.   20.   20.   20.
   20.   20. 
   20.   20.   20. 1546. 2082. 2082. 2082. 1546. 1546. 1546. 1546. 1546.
 1546.   20.   20.   20.   20.   20.   20. 1546. 2082. 2082. 1546.   20.
   20.   20. 
   20.   20.   20.   20.   20.   20.   20.   20.   20.   20.   20.   20.
   20. 1546. 1546. 2082. 2082. 2082. 1546.   20.   20.   20.   20.   20.
   20.   20. 
   20.   20.   20.   20.   20.   20.   20.   20.   20.   20.   20.   20.
   20.   20.   20. 1546. 1546. 2082. 2082. 2082. 2082. 2082. 2082. 2082.
 2082. 1546. 
 1546.   20.   20.   20.   20. 1546. 2082. 2082. 1546. 1546.   20.   20.
   20.   20.   20.   20.   20.   20.   20.   20.   20.   20.   20.   20.
   20. 1546. 
 2082. 2082. 2082. 1546. 1546.   20.   20.   20.   20.   20.   20.   20.
   20.   20.   20.   20.   20.   20.   20.   20.   20.   20.   20.   20.
   20.   20. 
   20.   20. 1546. 2082. 2082. 2082. 2082. 2082. 2082. 2082. 2082. 2082.
 2082. 1546.   20.   20.   20. 1546. 2082. 2082. 2082. 1546. 1546.   20.
   20.   20. 
   20.   20.   20.   20.   20.   20.   20.   20.   20.   20. 1546. 1546.
 2082. 2082. 2082. 1546.   20.   20.   20.   20.   20.   20.   20.   20.
   20.   20. 
   20.   20.   20.   20.   20.   20.   20.   20.   20.   20.   20.   20.
   20.   20.   20. 1546. 2082. 2082. 2082. 2082. 2082. 2082. 2082. 2082.
 2082. 2082. 
 1546.   20.   20. 1546. 1546. 2082. 2082. 2082. 2082. 1546. 1546.   20.
   20.   20.   20.   20.   20.   20.   20.   20.   20.   20. 1546. 1546.
 2082. 2082. 
 1546. 1546. 1546.   20.   20.   20.   20.   20.   20.   20.   20.   20.
   20.   20.   20.   20.   20.   20.   20.   20.   20.   20.   20.   20.
   20.   20. 
   20. 1546. 1546. 2082. 2082. 2082. 1546. 1546. 1546. 2082. 2082. 2082.
 1546.   20.   20.   20. 1546. 1546. 2082. 2082. 2082. 2082. 1546. 1546.
   20.   20. 
   20.   20.   20.   20.   20.   20.   20.   20. 1546. 1546. 2082. 2082.
 2082. 2082. 1546. 1546. 1546.   20.   20.   20.   20.   20.   20.   20.
   20.   20. 
   20.   20.   20.   20.   20.   20.   20.   20.   20.   20.   20.   20.
   20.   20.   20. 1546. 1546.   20.   20.   20.   20. 1546. 2082. 2082.
 1546.   20. 
   20.   20.   20. 1546. 1546. 2082. 2082. 2082. 2082. 1546.   20.   20.
   20.   20.   20.   20.   20.   20.   20.   20. 1546. 1546. 2082. 2082.
 2082. 2082. 
 2082. 2082. 1546. 1546.   20.   20.   20.   20.   20.   20.   20.   20.
   20.   20.   20.   20.   20.   20.   20.   20.   20.   20.   20.   20.
   20.   20. 
   20.   20.   20.   20.   20.   20.   20. 1546. 2082. 2082. 1546.   20.
   20.   20.   20.   20.   20. 1546. 2082. 2082. 2082. 2082. 1546.   20.
   20.   20. 
   20.   20.   20.   20.   20.   20.   20. 1546. 1546. 1546. 2082. 2082.
 2082. 2082. 2082. 1546. 1546.   20.   20.   20.   20.   20.   20.   20.
   20.   20. 
   20.   20.   20.   20.   20.   20.   20.   20.   20.   20.   20.   20.
   20.   20.   20.   20.   20.   20.   20. 1546. 2082. 2082. 1546.   20.
   20.   20. 
   20.   20.   20. 1546. 2082. 2082. 2082. 1546.   20.   20.   20.   20.
   20.   20.   20.   20.   20.   20.   20.   20. 1546. 1546. 1546. 1546.
 1546. 2082. 
 2082. 1546. 1546.   20.   20.   20.   20.   20.   20.   20.   20.   20.
   20.   20.   20.   20.   20.   20.   20.   20.   20.   20.   20.   20.
   20.   20. 
   20.   20.   20.   20.   20. 1546. 2082. 2082. 1546.   20.   20. 1546.
   20.   20. 1546. 1546. 2082. 2082. 2082. 1546.   20.   20.   20.   20.
   20.   20. 
   20.   20.   20.   20.   20.   20.   20.   20. 1546. 2082. 2082. 2082.
 2082. 1546.   20.   20.   20.   20.   20.   20.   20.   20.   20.   20.
   20.   20. 
   20.   20.   20.   20.   20.   20.   20.   20.   20.   20.   20.   20.
   20.   20.   20.   20.   20. 1546. 2082. 2082. 1546. 1546. 1546. 2082.
 1546. 1546. 
 1546. 2082. 2082. 2082. 1546. 1546.   20.   20.   20.   20.   20.   20.
   20.   20.   20.   20.   20.   20.   20.   20. 1546. 2082. 2082. 2082.
 1546. 1546. 
 20. 20. 20. 20. 20. 20. 20. 20. 20. 20. 20. 20. 20. 20. 20. 20. 20. 20.
 20. 20. 20. 20. 20. 20. 20. 20. 
   20.   20.   20. 1546. 2082. 2082. 2082. 2082. 2082. 2082. 2082. 2082.
 1546. 2082. 2082. 2082. 1546. 1546.   20.   20.   20.   20.   20.   20.
   20.   20. 
   20.   20.   20.   20.   20.   20. 1546. 2082. 2082. 2082. 1546.   20.
   20.   20.   20.   20.   20.   20.   20.   20.   20.   20.   20.   20.
   20.   20. 
   20.   20.   20.   20.   20.   20.   20.   20.   20.   20.   20.   20.
   20.   20.   20. 1546. 1546. 2082. 2082. 2082. 2082. 2082. 2082. 2082.
 1546. 2082. 
 2082. 2082. 2082. 1546. 1546. 1546. 1546.   20.   20.   20.   20.   20.
   20.   20.   20.   20.   20. 1546. 1546. 2082. 2082. 1546. 1546. 1546.
 1546. 1546. 
 1546. 1546.   20.   20.   20.   20.   20.   20.   20.   20.   20.   20.
   20.   20.   20.   20.   20.   20.   20.   20.   20.   20.   20.   20.
   20.   20. 
   20.   20. 1546. 1546. 2082. 2082. 1546. 1546. 1546. 2082. 1546. 2082.
 2082. 2082. 2082. 2082. 2082. 2082. 1546. 1546.   20.   20.   20.   20.
   20.   20. 
   20.   20.   20.   20. 1546. 2082. 2082. 2082. 2082. 2082. 2082. 2082.
 2082. 2082. 1546.   20.   20.   20.   20.   20.   20.   20.   20.   20.
   20.   20. 
   20.   20.   20.   20.   20.   20.   20.   20.   20.   20.   20.   20.
   20.   20.   20.   20. 1546. 1546.   20.   20. 1546. 2082. 1546. 1546.
 2082. 2082. 
 2082. 2082. 2082. 2082. 2082. 1546.   20.   20.   20.   20.   20.   20.
   20.   20.   20.   20. 1546. 2082. 2082. 2082. 2082. 2082. 2082. 2082.
 2082. 2082. 
 1546. 1546.   20.   20.   20.   20.   20.   20.   20.   20.   20.   20.
   20.   20.   20.   20.   20.   20.   20.   20.   20.   20.   20.   20.
   20.   20. 
   20.   20.   20.   20.   20.   20. 1546. 2082. 2082. 1546. 1546. 1546.
 1546. 1546. 1546. 2082. 2082. 2082. 1546.   20.   20.   20.   20.   20.
   20.   20. 
   20.   20. 1546. 1546. 2082. 2082. 2082. 2082. 2082. 2082. 2082. 2082.
 2082. 1546. 1546.   20.   20.   20.   20.   20.   20.   20.   20.   20.
   20.   20. 
   20.   20.   20.   20.   20.   20.   20.   20.   20.   20.   20.   20.
   20.   20.   20.   20.   20.   20. 1546. 2082. 2082. 2082. 1546.   20.
   20. 1546. 
 1546. 2082. 2082. 2082. 1546.   20.   20.   20.   20.   20.   20.   20.
   20.   20.   20.   20. 1546. 1546. 1546. 1546. 1546. 1546. 1546. 2082.
 2082. 2082. 
 1546.   20.   20.   20.   20.   20.   20.   20.   20.   20.   20.   20.
   20.   20.   20.   20.   20.   20.   20.   20.   20.   20.   20.   20.
   20.   20. 
   20.   20.   20. 1546. 2082. 2082. 2082. 1546.   20.   20.   20.   20.
 1546. 2082. 2082. 2082. 1546.   20.   20.   20.   20.   20.   20.   20.
   20.   20. 
   20.   20.   20.   20.   20.   20.   20. 1546. 1546. 2082. 2082. 2082.
 1546.   20.   20.   20.   20.   20.   20.   20.   20.   20.   20.   20.
   20.   20. 
   20.   20.   20.   20.   20.   20.   20.   20.   20.   20.   20.   20.
   20.   20.   20. 1546. 2082. 2082. 2082. 1546.   20.   20.   20. 1546.
 1546. 2082. 
 2082. 2082. 1546.   20.   20.   20.   20.   20.   20.   20.   20.   20.
   20.   20.   20.   20.   20.   20.   20.   20. 1546. 2082. 2082. 2082.
 1546.   20. 
 20. 20. 20. 20. 20. 20. 20. 20. 20. 20. 20. 20. 20. 20. 20. 20. 20. 20.
 20. 20. 20. 20. 20. 20. 20. 20. 
   20. 1546. 2082. 2082. 2082. 2082. 1546. 1546.   20. 1546. 1546. 2082.
 2082. 1546. 1546.   20.   20.   20.   20.   20.   20.   20.   20.   20.
   20.   20. 
   20.   20.   20.   20.   20.   20. 1546. 2082. 2082. 2082. 1546. 1546.
 1546. 1546. 
/