PERMI
   11.   11.   11.   11.   11.   11.   11.   11.   11.   11.   11.   11.
   11.   11.   11.  709.  709.  709.  709.  709.  709. 1006. 1006.  709.
  709. 1006. 
 1006. 1006.  709.   11.   11.   11.  709. 1006. 1006. 1006. 1006.  709.
  709.   11.   11.   11.   11.   11.   11.   11.   11.   11.   11.   11.
   11.   11. 
   11.   11.  709.  709. 1006. 1006. 1006.  709.  709.   11.   11.   11.
   11.   11.   11.   11.   11.   11.   11.   11.   11.   11.   11.   11.
   11.   11. 
  709.  709.  709.  709.  709.  709.  709. 1006. 1006.  709. 1006. 1006.
 1006. 1006.  709.   11.   11.   11.  709.  709. 1006. 1006. 1006. 1006.
  709.  709. 
   11.   11.   11.   11.   11.   11.   11.   11.   11.   11.   11.   11.
   11.   11.  709.  709. 1006. 1006. 1006.  709.  709.  709.   11.   11.
   11.   11. 
   11.   11.   11.   11.   11.   11.   11.   11.   11.   11.   11.  709.
  709.  709. 1006. 1006. 1006. 1006. 1006. 1006. 1006.  709.  709. 1006.
 1006. 1006. 
  709.  709.   11.   11.  709.  709. 1006. 1006. 1006. 1006. 1006.  709.
  709.   11.   11.   11.   11.   11.   11.   11.   11.   11.   11.   11.
   11.   11. 
   11.  709.  709. 1006. 1006. 1006.  709.  709.   11.   11.   11.   11.
   11.   11.   11.   11.   11.   11.   11.   11.   11.   11.  709.  709.
 1006. 1006. 
 1006. 1006. 1006. 1006. 1006. 1006.  709.  709.  709. 1006. 1006. 1006.
 1006.  709.   11.   11.   11.  709.  709. 1006. 1006. 1006. 1006. 1006.
  709.   11. 
   11.   11.   11.   11.   11.   11.   11.   11.   11.   11.   11.   11.
   11.   11.  709.  709. 1006. 1006.  709.  709.   11.   11.   11.   11.
   11.   11. 
   11.   11.   11.   11.   11.   11.   11.   11.  709.  709. 1006. 1006.
 1006. 1006. 1006. 1006. 1006.  709.  709.   11.   11.  709. 1006. 1006.
 1006. 1006. 
  709.   11.   11.   11.  709.  709.  709. 1006. 1006. 1006.  709.  709.
   11.   11.   11.   11.   11.   11.   11.   11.   11.   11.   11.   11.
   11.  709. 
  709.  709. 1006. 1006.  709.  709.   11.   11.   11.   11.   11.   11.
   11.   11.   11.   11.   11.   11.   11.   11.  709.  709. 1006. 1006.
 1006.  709. 
  709.  709.  709.  709.  709.   11.   11.   11.  709. 1006. 1006. 1006.
  709.  709.   11.   11.   11.  709.  709. 1006. 1006. 1006.  709.  709.
   11.   11. 
   11.   11.   11.   11.   11.   11.   11.   11.   11.   11.  709.  709.
 1006. 1006. 1006. 1006.  709.  709.   11.   11.   11.   11.   11.   11.
   11.   11. 
   11.   11.   11.   11.   11.   11.   11.  709.  709. 1006. 1006. 1006.
  709.  709.  709.   11.   11.   11.   11.   11.   11.  709. 1006. 1006.
 1006.  709. 
   11.   11.  709.  709. 1006. 1006. 1006. 1006.  709.   11.   11.   11.
   11.   11.   11.   11.   11.   11.   11.   11.   11.   11.  709.  709.
 1006. 1006. 
 1006.  709.  709.   11.   11.   11.   11.   11.   11.   11.   11.   11.
   11.   11.   11.   11.   11.   11.   11.  709.  709. 1006. 1006. 1006.
  709.  709. 
  709.   11.   11.   11.   11.   11.  709.  709. 1006. 1006.  709.   11.
   11.   11.  709.  709. 1006. 1006. 1006.  709.  709.   11.   11.   11.
   11.   11. 
   11.   11.   11.   11.   11.   11.   11.   11.  709. 1006. 1006. 1006.
  709.  709.  709.  709.   11.   11.   11.   11.   11.   11.   11.   11.
   11.   11. 
   11.   11.   11.   11.   11.   11.  709.  709. 1006. 1006. 1006.  709.
  709.   11.   11.   11.  709.  709. 1006. 1006. 1006. 1006.  709.   11.
   11.  709. 
  709. 1006. 1006. 1006.  709.  709.  709.   11.   11.   11.   11.   11.
   11.   11.   11.   11.   11.   11.   11.   11.  709. 1006. 1006. 1006.
 1006.  709. 
  709.  709.  709.   11.   11.   11.   11.   11.   11.   11.   11.   11.
   11.   11.   11.   11.   11.  709.  709.  709. 1006. 1006. 1006.  709.
  709.   11. 
   11.  709.  709. 1006. 1006. 1006. 1006.  709.  709.   11.   11.  709.
 1006. 1006. 1006. 1006.  709.  709.   11.   11.   11.   11.   11.   11.
   11.   11. 
   11.   11.   11.   11.   11.   11.  709.  709. 1006. 1006. 1006. 1006.
 1006. 1006.  709.  709.   11.   11.   11.   11.   11.   11.   11.   11.
   11.   11. 
   11.   11.  709.  709. 1006. 1006. 1006. 1006. 1006.  709.  709.   11.
  709. 1006. 1006. 1006. 1006. 1006.  709.  709.   11.   11.   11.  709.
 1006. 1006. 
 1006.  709.  709.   11.   11.   11.   11.   11.   11.   11.   11.   11.
   11.   11.   11.   11.   11.   11.   11.  709.  709.  709. 1006. 1006.
 1006. 1006. 
  709.  709.   11.   11.   11.   11.   11.   11.   11.   11.   11.   11.
   11.  709.  709. 1006. 1006. 1006. 1006. 1006.  709.  709.   11.   11.
  709. 1006. 
 1006. 1006.  709.  709.  709.   11.   11.   11.   11.  709. 1006. 1006.
 1006.  709.  709.   11.   11.   11.   11.   11.   11.   11.   11.   11.
   11.   11. 
   11.   11.   11.   11.   11.   11.  709.  709.  709.  709. 1006. 1006.
 1006.  709.   11.   11.   11.   11.   11.   11.   11.   11.   11.   11.
   11.  709. 
 1006. 1006. 1006. 1006.  709.  709.  709.   11.   11.   11.  709. 1006.
 1006. 1006.  709.   11.   11.   11.   11.   11.   11.  709. 1006. 1006.
 1006. 1006. 
  709.   11.   11.   11.   11.   11.   11.   11.   11.   11.   11.   11.
   11.   11.   11.   11.   11.   11.   11.   11.  709.  709. 1006. 1006.
 1006.  709. 
   11.   11.   11.   11.   11.   11.   11.   11.   11.   11.  709.  709.
 1006. 1006. 1006.  709.  709.  709.   11.   11.   11.   11.  709.  709.
 1006. 1006. 
 1006.  709.   11.   11.   11.   11.   11.  709.  709. 1006. 1006. 1006.
  709.  709.   11.   11.   11.   11.   11.   11.   11.   11.   11.   11.
   11.   11. 
   11.   11.   11.   11.   11.  709.  709. 1006. 1006. 1006.  709.  709.
   11.   11.   11.   11.   11.   11.   11.   11.   11.   11.   11.  709.
 1006. 1006. 
  709.  709.   11.   11.   11.   11.   11.   11.   11.  709. 1006. 1006.
 1006.  709.   11.   11.   11.   11.   11.   11.  709. 1006. 1006. 1006.
  709.  709. 
   11.   11.   11.   11.   11.   11.   11.   11.   11.   11.   11.   11.
   11.   11.   11.   11.  709.  709. 1006. 1006. 1006. 1006.  709.  709.
   11.   11. 
   11.   11.   11.   11.   11.   11.   11.   11.   11.  709. 1006. 1006.
 1006.  709.  709.   11.   11.   11.   11.   11.   11.  709. 1006. 1006.
 1006.  709. 
   11.   11.   11.   11.   11.   11.  709.  709. 1006. 1006.  709.  709.
   11.   11.   11.   11.   11.   11.   11.   11.   11.   11.   11.   11.
   11.   11. 
   11.   11.  709.  709. 1006. 1006. 1006.  709.  709.   11.   11.   11.
   11.   11.   11.   11.   11.   11.   11.   11.   11.  709. 1006. 1006.
 1006.  709. 
  709.  709.   11.   11.   11.  709.  709.  709. 1006. 1006. 1006.  709.
   11.   11.   11.   11.  709.  709.  709. 1006. 1006. 1006.  709.  709.
   11.   11. 
   11.   11.   11.   11.   11.   11.   11.   11.   11.   11.   11.   11.
   11.   11.  709.  709. 1006. 1006. 1006.  709.  709.   11.   11.   11.
   11.   11. 
   11.   11.   11.   11.   11.   11.   11.  709.  709. 1006. 1006. 1006.
 1006.  709.  709.  709.  709.  709.  709. 1006. 1006. 1006. 1006.  709.
   11.   11. 
   11.  709.  709. 1006. 1006. 1006. 1006. 1006.  709.   11.   11.   11.
   11.   11.   11.   11.   11.   11.   11.   11.   11.   11.   11.   11.
   11.   11. 
  709.  709. 1006. 1006. 1006. 1006.  709.  709.   11.   11.   11.   11.
   11.   11.   11.   11.   11.   11.   11.   11.  709.  709. 1006. 1006.
 1006. 1006. 
  709. 1006. 1006. 1006. 1006. 1006. 1006. 1006.  709.   11.   11.   11.
  709.  709. 1006. 1006. 1006. 1006. 1006.  709.  709.   11.   11.   11.
   11.   11. 
   11.   11.   11.   11.   11.   11.   11.   11.   11.   11.   11.   11.
   11.  709.  709. 1006. 1006. 1006. 1006.  709.   11.   11.   11.   11.
   11.   11. 
   11.   11.   11.   11.   11.   11.  709.  709.  709. 1006. 1006.  709.
  709. 1006. 1006. 1006. 1006. 1006. 1006. 1006.  709.   11.   11.   11.
  709. 1006. 
 1006. 1006.  709.  709.  709.   11.   11.   11.   11.   11.   11.   11.
   11.   11.   11.   11.   11.   11.   11.   11.   11.   11.   11.   11.
   11.   11. 
  709.  709. 1006. 1006. 1006.  709.   11.   11.   11.   11.   11.   11.
   11.   11.   11.   11.   11.   11.  709.  709. 1006. 1006. 1006.  709.
 1006. 1006. 
 1006.  709.  709.  709.  709.  709.   11.   11.   11.  709.  709. 1006.
 1006.  709.  709.  709.   11.   11.   11.   11.   11.   11.   11.   11.
   11.   11. 
   11.   11.   11.   11.   11.   11.   11.   11.   11.   11.   11.   11.
   11.  709.  709. 1006. 1006. 1006.   11.   11.   11.   11.   11.   11.
   11.   11. 
   11.   11.   11.  709.  709. 1006. 1006. 1006. 1006.  709. 1006. 1006.
 1006.  709.   11.   11.   11.   11.   11.   11.   11.   11.  709. 1006.
 1006. 1006. 
 709.  11.  11.  11.  11.  11.  11.  11.  11.  11.  11.  11.  11.  11.
  11.  11.  11.  11.  11.  11.  11.  11.  11.  11.  11.  11. 
  709. 1006. 1006. 1006.   11.   11.   11.   11.   11.   11.   11.   11.
   11.   11.   11.  709.  709. 1006. 1006. 1006.  709.  709. 1006. 1006.
 1006.  709. 
   11.   11.   11.   11.   11.   11.   11.   11.  709. 1006. 1006. 1006.
  709.   11.   11.   11.   11.   11.   11.   11.   11.   11.   11.   11.
   11.   11. 
   11.   11.   11.   11.   11.   11.   11.   11.   11.  709.  709.  709.
  709.  709. 1006. 1006.   11.   11.   11.   11.   11.   11.   11.   11.
   11.   11. 
  709.  709. 1006. 1006. 1006.  709.  709.  709.  709. 1006. 1006.  709.
   11.   11.   11.   11.   11.   11.   11.  709.  709. 1006. 1006.  709.
  709.   11. 
   11.   11.   11.   11.   11.   11.   11.   11.   11.   11.   11.   11.
   11.   11.   11.   11.   11.   11.   11.   11.  709.  709.  709. 1006.
 1006. 1006. 
 1006. 1006.   11.   11.   11.   11.   11.   11.   11.   11.   11.   11.
  709.  709. 1006. 1006. 1006. 1006. 1006.  709.  709. 1006. 1006.  709.
   11.   11. 
   11.   11.   11.   11.   11.  709.  709. 1006. 1006.  709.  709.   11.
   11.   11.   11.   11.   11.   11.   11.   11.   11.   11.   11.   11.
   11.   11. 
   11.   11.   11.   11.   11.  709.  709. 1006. 1006. 1006. 1006. 1006.
 1006.  709.   11.   11.   11.   11.   11.   11.   11.   11.   11.   11.
  709.  709. 
  709. 1006. 1006. 1006.  709.  709. 1006. 1006. 1006.  709.   11.   11.
   11.   11.  709.  709.  709.  709. 1006. 1006. 1006.  709.  709.   11.
   11.   11. 
   11.   11.   11.   11.   11.   11.   11.   11.   11.   11.   11.   11.
   11.   11.   11.   11.   11.  709. 1006. 1006. 1006. 1006. 1006.  709.
  709.  709. 
   11.   11.   11.   11.   11.   11.   11.   11.   11.   11.   11.  709.
  709. 1006. 1006.  709.  709. 1006. 1006. 1006.  709.  709.   11.   11.
   11.  709. 
  709.  709. 1006. 1006. 1006. 1006. 1006.  709.   11.   11.   11.   11.
   11.   11.   11.   11.   11.   11.   11.   11.   11.   11.   11.   11.
   11.   11. 
   11.   11.   11.  709. 1006. 1006. 1006.  709.  709.  709.   11.   11.
   11.   11.   11.   11.   11.   11.   11.   11.   11.   11.   11.   11.
  709.  709. 
  709. 1006. 1006. 1006. 1006.  709.  709.   11.   11.   11.  709.  709.
 1006. 1006. 1006. 1006. 1006. 1006.  709.  709.   11.   11.   11.   11.
   11.   11. 
   11.   11.   11.   11.   11.   11.   11.   11.   11.   11.   11.   11.
   11.   11.   11.  709.  709. 1006. 1006. 1006.  709.   11.   11.   11.
   11.   11. 
   11.   11.   11.   11.   11.   11.   11.   11.   11.  709.  709.  709.
  709. 1006. 1006. 1006.  709.  709.  709.   11.   11.  709.  709. 1006.
 1006. 1006. 
 1006.  709.  709.  709.  709.   11.   11.   11.   11.   11.   11.   11.
   11.   11.   11.   11.   11.   11.   11.   11.   11.   11.   11.   11.
   11.   11. 
   11.   11.  709. 1006. 1006. 1006.  709.  709.   11.   11.   11.   11.
   11.   11.   11.   11.   11.   11.   11.   11.  709.  709.  709.  709.
 1006. 1006. 
 1006.  709.  709.  709.   11.   11.   11.  709.  709. 1006. 1006. 1006.
  709.  709.  709.   11.   11.   11.   11.   11.   11.   11.   11.   11.
   11.   11. 
   11.   11.   11.   11.   11.   11.   11.   11.   11.   11.   11.   11.
   11.   11.  709.  709. 1006. 1006. 1006.  709.   11.   11.   11.   11.
   11.   11. 
   11.   11.   11.   11.   11.   11.  709.  709. 1006. 1006.  709. 1006.
 1006.  709.  709.  709.   11.   11.   11.  709.  709. 1006. 1006. 1006.
  709.   11. 
  11.  11.  11.  11.  11.  11.  11.  11.  11.  11.  11.  11.  11.  11.
  11.  11.  11.  11.  11.  11.  11.  11.  11. 709. 709. 709. 
  709. 1006. 1006. 1006. 1006.  709.   11.   11.   11.   11.   11.   11.
   11.   11.   11.   11.   11.  709.  709. 1006. 1006. 1006.  709. 1006.
 1006. 1006. 
  709.  709.   11.   11.   11.  709.  709. 1006. 1006. 1006.  709.  709.
   11.   11.   11.   11.   11.   11.   11.   11.   11.   11.   11.   11.
   11.   11. 
   11.   11.   11.   11.   11.   11.   11.   11.  709.  709.  709. 1006.
 1006. 1006. 1006. 1006. 1006.  709.   11.   11.   11.   11.   11.   11.
   11.   11. 
   11.   11.   11.  709.  709. 1006. 1006. 1006.  709.  709. 1006. 1006.
 1006.  709.  709.   11.   11.   11.  709. 1006. 1006. 1006.  709.  709.
   11.   11. 
   11.   11.   11.   11.   11.   11.   11.   11.   11.   11.   11.   11.
   11.   11.   11.   11.   11.   11.   11.   11.  709.  709. 1006. 1006.
 1006. 1006. 
 1006.  709.  709.  709.   11.   11.   11.   11.   11.   11.   11.   11.
   11.   11.   11.  709.  709. 1006. 1006. 1006. 1006.  709. 1006. 1006.
 1006. 1006. 
  709.   11.   11.   11.  709. 1006. 1006. 1006.  709.  709.   11.   11.
   11.   11.   11.   11.   11.   11.   11.   11.   11.   11.   11.   11.
   11.   11. 
   11.   11.   11.   11.   11.   11.  709. 1006. 1006. 1006.  709.  709.
  709.  709.  709.   11.   11.   11.   11.   11.   11.   11.   11.   11.
   11.   11. 
   11.   11.  709.  709. 1006. 1006. 1006.  709.  709. 1006. 1006. 1006.
  709.   11.   11.  709.  709. 1006. 1006. 1006.  709.  709.   11.   11.
   11.   11. 
   11.   11.   11.   11.   11.   11.   11.   11.   11.   11.   11.   11.
   11.   11.   11.   11.   11.  709.  709. 1006. 1006. 1006.  709.  709.
   11.   11. 
   11.   11.   11.   11.   11.   11.   11.   11.   11.   11.   11.   11.
   11.   11.  709.  709.  709. 1006. 1006. 1006.  709.  709. 1006. 1006.
  709.  709. 
  709.  709.  709. 1006. 1006. 1006.  709.  709.   11.   11.   11.   11.
   11.   11.   11.   11.   11.   11.   11.   11.   11.   11.   11.   11.
   11.   11. 
   11.   11.   11.  709.  709. 1006. 1006. 1006.  709.  709.   11.   11.
   11.   11.   11.   11.   11.   11.   11.   11.   11.   11.   11.   11.
   11.   11. 
   11.  709.  709. 1006. 1006.  709.  709. 1006. 1006. 1006.  709.  709.
  709. 1006. 1006. 1006. 1006. 1006.  709.   11.   11.   11.   11.   11.
   11.   11. 
   11.   11.   11.   11.   11.   11.   11.   11.   11.   11.   11.   11.
   11.   11.   11.  709.  709.  709. 1006. 1006. 1006.  709.   11.   11.
   11.   11. 
   11.   11.   11.   11.   11.   11.   11.   11.   11.   11.   11.   11.
  709.  709.  709. 1006.  709.  709. 1006. 1006. 1006.  709.  709. 1006.
 1006. 1006. 
 1006. 1006. 1006.  709.  709.   11.   11.   11.   11.   11.   11.   11.
   11.   11.   11.   11.   11.   11.   11.   11.   11.   11.   11.   11.
   11.  709. 
  709.  709.  709.  709. 1006. 1006. 1006.  709.  709.   11.   11.   11.
   11.   11.   11.   11.   11.   11.   11.   11.   11.   11.   11.  709.
  709.  709. 
 1006. 1006.  709. 1006. 1006. 1006.  709.  709.  709. 1006. 1006. 1006.
 1006.  709.  709.  709.   11.   11.   11.   11.   11.   11.   11.   11.
   11.   11. 
   11.   11.   11.   11.   11.   11.   11.   11.   11.   11.  709.  709.
 1006. 1006. 1006. 1006. 1006. 1006.  709.  709.   11.   11.   11.   11.
   11.   11. 
   11.   11.   11.   11.   11.   11.   11.   11.   11.  709.  709. 1006.
 1006.  709.  709. 1006. 1006. 1006.  709.  709. 1006. 1006. 1006.  709.
  709.  709. 
   11.   11.   11.   11.   11.   11.   11.   11.   11.   11.   11.   11.
   11.   11.   11.   11.   11.   11.   11.   11.   11.   11.  709. 1006.
 1006. 1006. 
 1006. 1006. 1006. 1006.  709.  709.   11.   11.   11.   11.   11.   11.
   11.   11.   11.   11.   11.   11.   11.   11.  709.  709. 1006. 1006.
 1006.  709. 
 1006. 1006. 1006.  709.   11.  709. 1006. 1006. 1006.  709.  709.   11.
   11.   11.   11.   11.   11.   11.   11.   11.   11.   11.   11.   11.
   11.   11. 
   11.   11.   11.   11.   11.   11.   11.  709.  709. 1006. 1006. 1006.
  709.  709.  709.  709.  709.   11.   11.   11.   11.   11.   11.   11.
   11.   11. 
   11.   11.   11.   11.   11.   11.  709.  709. 1006. 1006. 1006.  709.
 1006. 1006. 1006.  709.   11.  709. 1006. 1006. 1006.  709.  709.   11.
   11.   11. 
   11.   11.   11.   11.   11.   11.   11.   11.   11.   11.   11.   11.
   11.   11.   11.   11.   11.   11.   11.  709.  709. 1006. 1006. 1006.
  709.  709. 
  709.  709.   11.   11.   11.   11.   11.   11.   11.   11.   11.   11.
   11.   11.   11.   11.   11.  709.  709. 1006. 1006. 1006.  709.  709.
 1006. 1006. 
 1006. 1006.  709.  709.  709. 1006. 1006. 1006.  709.  709.   11.   11.
   11.   11.   11.   11.   11.   11.   11.   11.   11.   11.   11.   11.
   11.   11. 
   11.   11.   11.   11.   11.   11.  709. 1006. 1006. 1006.  709.  709.
   11.   11.   11.   11.   11.   11.   11.   11.   11.   11.   11.   11.
   11.   11. 
   11.   11.   11.   11.  709.  709. 1006. 1006.  709.  709.  709. 1006.
 1006. 1006.  709.   11.  709.  709. 1006. 1006. 1006.  709.   11.   11.
   11.   11. 
   11.   11.   11.   11.   11.   11.   11.   11.   11.   11.   11.   11.
   11.   11.   11.   11.   11.   11.  709.  709. 1006. 1006. 1006.  709.
  709.   11. 
   11.   11.   11.   11.   11.   11.   11.   11.   11.   11.   11.   11.
   11.   11.   11.   11.  709.  709. 1006. 1006. 1006.  709.  709. 1006.
 1006. 1006. 
  709.  709.  709. 1006. 1006. 1006.  709.  709.   11.   11.   11.   11.
   11.   11.   11.   11.   11.   11.   11.   11.   11.   11.   11.   11.
   11.   11. 
   11.   11.   11.   11.   11.  709. 1006. 1006. 1006. 1006.  709.   11.
   11.   11.   11.   11.   11.   11.   11.   11.   11.   11.   11.   11.
   11.   11. 
   11.   11.  709.  709. 1006. 1006. 1006. 1006.  709. 1006. 1006. 1006.
  709.  709. 1006. 1006. 1006. 1006.  709.  709.   11.   11.   11.   11.
   11.   11. 
   11.   11.   11.   11.   11.   11.   11.   11.   11.   11.   11.   11.
   11.   11.   11.   11.  709.  709.  709. 1006. 1006. 1006.  709.   11.
   11.   11. 
   11.   11.   11.   11.   11.   11.   11.   11.   11.   11.   11.   11.
   11.   11.   11.  709.  709. 1006. 1006. 1006.  709. 1006. 1006. 1006.
  709. 1006. 
 1006. 1006.  709.  709.  709.   11.   11.   11.   11.   11.   11.   11.
   11.   11.   11.   11.   11.   11.   11.   11.   11.   11.   11.   11.
   11.  709. 
  709.  709.  709.  709. 1006. 1006. 1006. 1006.  709.   11.   11.   11.
   11.   11.   11.   11.   11.   11.   11.   11.   11.   11.   11.   11.
   11.   11. 
   11.  709.  709. 1006.  709.  709.  709. 1006. 1006. 1006.  709. 1006.
 1006.  709.  709.  709.   11.   11.   11.   11.   11.   11.   11.   11.
   11.   11. 
   11.   11.   11.   11.   11.   11.   11.   11.   11.   11.  709.  709.
 1006. 1006. 1006. 1006. 1006. 1006. 1006.  709.  709.   11.   11.   11.
   11.   11. 
   11.   11.   11.   11.   11.   11.   11.   11.   11.   11.   11.   11.
   11.  709.  709. 1006. 1006. 1006. 1006. 1006. 1006.  709.  709. 1006.
 1006.  709. 
  709.  709.   11.   11.   11.   11.   11.   11.   11.   11.   11.   11.
   11.   11.   11.   11.   11.   11.   11.   11.   11.   11.  709. 1006.
 1006. 1006. 
 1006. 1006. 1006. 1006.  709.  709.   11.   11.   11.   11.   11.   11.
   11.   11.   11.   11.   11.   11.   11.   11.   11.   11.   11.   11.
  709. 1006. 
 1006. 1006. 1006. 1006. 1006. 1006.  709.  709.  709. 1006. 1006. 1006.
  709.  709.  709.   11.   11.   11.   11.   11.   11.   11.   11.   11.
   11.   11. 
   11.   11.   11.   11.   11.   11.   11.  709.  709. 1006. 1006. 1006.
  709.  709.  709.  709.  709.   11.   11.   11.   11.   11.   11.   11.
   11.   11. 
   11.   11.   11.   11.   11.   11.   11.   11.   11.   11.  709. 1006.
 1006. 1006.  709.  709.  709.  709. 1006.  709.  709.  709. 1006. 1006.
 1006.  709. 
  709.   11.   11.   11.   11.   11.   11.   11.   11.   11.   11.   11.
   11.   11.   11.   11.   11.   11.   11.  709.  709. 1006. 1006. 1006.
  709.   11. 
   11.   11.   11.   11.   11.   11.   11.   11.   11.   11.   11.   11.
   11.   11.   11.   11.   11.   11.   11.   11.   11.  709. 1006. 1006.
 1006.  709. 
  709. 1006. 1006. 1006. 1006.  709.  709.  709.  709. 1006. 1006. 1006.
  709.   11.   11.   11.   11.   11.   11.   11.   11.   11.   11.   11.
   11.   11. 
   11.   11.   11.   11.   11.  709.  709. 1006. 1006. 1006.  709.  709.
   11.   11.   11.   11.   11.   11.   11.   11.   11.   11.   11.   11.
   11.   11. 
   11.   11.   11.   11.   11.   11.   11.  709. 1006. 1006. 1006.  709.
 1006. 1006. 1006. 1006.  709.  709.   11.  709.  709. 1006. 1006. 1006.
  709.   11. 
   11.   11.   11.   11.   11.   11.   11.   11.   11.   11.   11.   11.
   11.   11.   11.   11.   11.  709.  709. 1006. 1006. 1006.  709.  709.
   11.   11. 
   11.   11.   11.   11.   11.   11.   11.   11.   11.   11.   11.  709.
   11.   11.   11.   11.   11.   11.   11.  709. 1006. 1006.  709.  709.
 1006. 1006. 
 1006.  709.  709.  709.   11.  709.  709. 1006. 1006.  709.  709.   11.
   11.   11.   11.   11.   11.   11.   11.   11.   11.   11.   11.   11.
   11.   11. 
   11.   11.   11.  709.  709. 1006. 1006. 1006.  709.  709.   11.   11.
   11.   11.   11.   11.   11.   11.   11.   11.   11.   11.  709.  709.
   11.   11. 
   11.   11.   11.   11.   11.  709. 1006. 1006.  709.  709. 1006. 1006.
  709.  709.  709.   11.   11.  709.  709. 1006. 1006. 1006.  709.   11.
   11.   11. 
   11.   11.   11.   11.   11.   11.   11.   11.   11.   11.   11.   11.
   11.   11.   11.   11.  709. 1006. 1006. 1006.  709.  709.   11.   11.
   11.   11. 
   11.   11.   11.   11.   11.   11.   11.   11.  709.  709.   11.   11.
   11.   11.   11.   11.   11.  709. 1006. 1006.  709. 1006. 1006. 1006.
  709.  709. 
   11.   11.   11.  709.  709. 1006. 1006.  709.  709.   11.   11.   11.
   11.   11.   11.   11.   11.   11.   11.   11.   11.   11.   11.   11.
   11.   11. 
   11.   11.  709.  709. 1006. 1006.  709.  709.   11.   11.   11.   11.
   11.   11.   11.   11.   11.   11.   11.   11.  709. 1006.   11.   11.
   11.   11. 
   11.   11.   11.  709. 1006. 1006.  709. 1006. 1006. 1006.  709.  709.
  709.   11.  709.  709. 1006. 1006. 1006.  709.  709.   11.   11.   11.
   11.   11. 
   11.   11.   11.   11.   11.   11.   11.   11.   11.   11.   11.   11.
   11.  709.  709. 1006. 1006. 1006.  709.  709.   11.   11.   11.   11.
   11.   11. 
   11.   11.   11.   11.   11.   11.  709. 1006.   11.   11.   11.   11.
   11.   11.  709. 1006. 1006. 1006.  709. 1006. 1006. 1006. 1006. 1006.
  709.  709. 
  709. 1006. 1006. 1006.  709.  709.   11.   11.   11.   11.   11.   11.
   11.   11.   11.   11.   11.   11.   11.   11.   11.   11.   11.   11.
  709.  709. 
 1006. 1006. 1006. 1006.  709.  709.   11.   11.   11.   11.   11.   11.
   11.   11.   11.   11.   11.   11.  709. 1006.   11.   11.   11.   11.
   11.   11. 
  709. 1006. 1006. 1006.  709.  709. 1006. 1006. 1006. 1006.  709.  709.
  709. 1006. 1006. 1006.  709.  709.   11.   11.   11.   11.   11.   11.
   11.   11. 
   11.   11.   11.   11.   11.   11.   11.   11.   11.  709.  709. 1006.
 1006. 1006. 1006.  709.  709.   11.   11.   11.   11.   11.   11.   11.
   11.   11. 
   11.   11.   11.   11.  709.  709.   11.   11.   11.   11.   11.  709.
 1006. 1006. 1006.  709.   11.  709.  709. 1006. 1006. 1006. 1006.  709.
  709. 1006. 
 1006.  709.  709.   11.   11.   11.   11.   11.   11.   11.   11.   11.
   11.   11.   11.   11.   11.   11.   11.   11.  709.  709. 1006. 1006.
 1006. 1006. 
  709.  709.   11.   11.   11.   11.   11.   11.   11.   11.   11.   11.
   11.   11.   11.   11.  709.  709.   11.   11.   11.   11.  709. 1006.
 1006. 1006. 
 1006.  709.   11.   11.  709.  709. 1006. 1006. 1006.  709.  709. 1006.
 1006. 1006.  709.  709.   11.   11.   11.   11.   11.   11.   11.   11.
   11.   11. 
   11.   11.   11.   11.   11.   11.  709.  709. 1006. 1006.  709.  709.
  709.   11.   11.   11.   11.   11.   11.   11.   11.   11.   11.   11.
   11.   11. 
   11.   11.  709.  709.   11.   11.   11.  709. 1006. 1006. 1006. 1006.
  709.   11.   11.  709.  709.  709. 1006. 1006. 1006.  709.  709. 1006.
 1006. 1006. 
  709.  709.   11.   11.   11.   11.   11.   11.   11.   11.   11.   11.
   11.   11.   11.   11.   11.  709.  709. 1006. 1006. 1006.  709.   11.
   11.   11. 
   11.   11.   11.   11.   11.   11.   11.   11.   11.   11.   11.   11.
   11.  709.  709.  709.   11.   11.  709.  709. 1006. 1006. 1006.  709.
  709.   11. 
  709.  709.  709. 1006. 1006. 1006. 1006.  709.  709.  709. 1006. 1006.
 1006.  709.   11.   11.   11.   11.   11.   11.   11.   11.   11.   11.
   11.   11. 
   11.   11.   11.  709.  709. 1006. 1006. 1006.  709.   11.   11.   11.
   11.   11.   11.   11.   11.   11.   11.   11.   11.   11.   11.   11.
  709.  709. 
 1006. 1006.   11.   11.  709. 1006. 1006. 1006.  709.  709.   11.  709.
  709. 1006. 1006. 1006. 1006. 1006.  709.  709.  709.  709. 1006. 1006.
 1006.  709. 
  709.   11.   11.   11.   11.   11.   11.   11.   11.   11.   11.   11.
   11.   11.   11.   11.  709. 1006. 1006. 1006.  709.  709.   11.   11.
   11.   11. 
   11.   11.   11.   11.   11.   11.   11.   11.   11.  709.  709.  709.
 1006. 1006. 
/