PERMI
 26. 26. 26. 26. 26. 26. 26. 26. 26. 26. 26. 26. 26. 26. 26. 26. 26. 26.
 26. 26. 26. 26. 26. 26. 26. 26. 
   26.   26.   26.   26.   26.   26.   26.   26.   26. 2852. 2852. 3389.
 3389. 3389. 2852. 2852. 2852. 2852. 2852. 3389. 3389. 3389. 3389. 3389.
 3389. 3389. 
 3389. 2852. 2852.   26.   26.   26. 2852. 2852. 3389. 3389. 3389. 3389.
   26.   26.   26.   26.   26.   26.   26.   26.   26.   26.   26.   26.
   26.   26. 
   26.   26.   26.   26.   26.   26.   26.   26.   26.   26.   26.   26.
   26.   26.   26.   26.   26.   26.   26.   26.   26.   26. 2852. 3389.
 3389. 3389. 
 2852. 2852. 2852. 3389. 3389. 3389. 3389. 3389. 2852. 2852. 3389. 3389.
 3389. 2852. 2852.   26.   26.   26.   26. 2852. 2852. 2852. 2852. 2852.
   26.   26. 
 26. 26. 26. 26. 26. 26. 26. 26. 26. 26. 26. 26. 26. 26. 26. 26. 26. 26.
 26. 26. 26. 26. 26. 26. 26. 26. 
   26.   26.   26.   26.   26.   26.   26.   26. 2852. 2852. 3389. 3389.
 3389. 3389. 3389. 3389. 3389. 3389. 3389. 2852. 2852. 2852. 3389. 3389.
 3389. 2852. 
   26.   26.   26.   26.   26.   26. 2852. 2852. 2852. 2852.   26.   26.
   26.   26.   26.   26.   26.   26.   26.   26.   26.   26.   26.   26.
   26.   26. 
   26.   26.   26.   26.   26.   26.   26.   26.   26.   26.   26.   26.
   26.   26.   26.   26.   26.   26.   26.   26.   26. 2852. 2852. 3389.
 3389. 3389. 
 3389. 3389. 3389. 2852. 2852. 2852. 2852. 2852. 3389. 3389. 2852. 2852.
   26.   26.   26.   26.   26.   26.   26. 2852. 2852. 3389.   26.   26.
   26.   26. 
 26. 26. 26. 26. 26. 26. 26. 26. 26. 26. 26. 26. 26. 26. 26. 26. 26. 26.
 26. 26. 26. 26. 26. 26. 26. 26. 
   26.   26.   26.   26.   26.   26.   26. 2852. 2852. 2852. 2852. 3389.
 3389. 2852. 2852. 2852. 2852.   26. 2852. 2852. 3389. 3389. 2852. 2852.
   26.   26. 
   26.   26.   26.   26.   26.   26. 2852. 2852.   26.   26.   26.   26.
   26.   26.   26.   26.   26.   26.   26.   26.   26.   26.   26.   26.
   26.   26. 
   26.   26.   26.   26.   26.   26.   26.   26.   26.   26.   26.   26.
   26.   26.   26.   26.   26.   26.   26.   26. 2852. 2852. 2852. 2852.
 2852. 2852. 
 2852.   26.   26.   26. 2852. 2852. 3389. 3389. 3389. 2852.   26.   26.
   26.   26.   26.   26.   26.   26.   26. 2852.   26.   26.   26.   26.
   26.   26. 
 26. 26. 26. 26. 26. 26. 26. 26. 26. 26. 26. 26. 26. 26. 26. 26. 26. 26.
 26. 26. 26. 26. 26. 26. 26. 26. 
   26.   26.   26.   26.   26.   26.   26.   26.   26. 2852. 2852.   26.
   26.   26.   26.   26. 2852. 2852. 3389. 3389. 3389. 2852. 2852.   26.
   26.   26. 
 26. 26. 26. 26. 26. 26. 26. 26. 26. 26. 26. 26. 26. 26. 26. 26. 26. 26.
 26. 26. 26. 26. 26. 26. 26. 26. 
 26. 26. 26. 26. 26. 26. 26. 26. 26. 26. 26. 26. 26. 26. 26. 26. 26. 26.
 26. 26. 26. 26. 26. 26. 26. 26. 
   26.   26.   26. 2852. 3389. 3389. 3389. 3389. 2852.   26.   26.   26.
   26.   26.   26.   26.   26.   26.   26.   26.   26.   26.   26.   26.
   26.   26. 
 26. 26. 26. 26. 26. 26. 26. 26. 26. 26. 26. 26. 26. 26. 26. 26. 26. 26.
 26. 26. 26. 26. 26. 26. 26. 26. 
   26.   26.   26.   26.   26.   26.   26.   26.   26.   26.   26.   26.
   26.   26.   26. 2852. 2852. 3389. 3389. 3389. 2852.   26.   26.   26.
   26.   26. 
 26. 26. 26. 26. 26. 26. 26. 26. 26. 26. 26. 26. 26. 26. 26. 26. 26. 26.
 26. 26. 26. 26. 26. 26. 26. 26. 
 26. 26. 26. 26. 26. 26. 26. 26. 26. 26. 26. 26. 26. 26. 26. 26. 26. 26.
 26. 26. 26. 26. 26. 26. 26. 26. 
   26.   26. 2852. 3389. 3389. 3389. 2852.   26.   26.   26.   26.   26.
   26.   26.   26.   26.   26.   26.   26.   26.   26.   26.   26.   26.
   26.   26. 
 26. 26. 26. 26. 26. 26. 26. 26. 26. 26. 26. 26. 26. 26. 26. 26. 26. 26.
 26. 26. 26. 26. 26. 26. 26. 26. 
   26.   26.   26.   26.   26.   26.   26.   26.   26.   26.   26.   26.
   26.   26. 2852. 3389. 3389. 3389. 2852.   26.   26.   26.   26.   26.
 2852. 2852. 
 2852. 2852.   26.   26.   26.   26.   26.   26.   26.   26.   26.   26.
   26.   26.   26.   26.   26.   26.   26.   26.   26.   26.   26.   26.
   26.   26. 
 26. 26. 26. 26. 26. 26. 26. 26. 26. 26. 26. 26. 26. 26. 26. 26. 26. 26.
 26. 26. 26. 26. 26. 26. 26. 26. 
 2852. 3389. 3389. 3389. 2852.   26.   26. 2852. 2852. 2852. 2852. 2852.
 3389. 3389.   26.   26.   26.   26.   26.   26.   26.   26.   26.   26.
   26.   26. 
 26. 26. 26. 26. 26. 26. 26. 26. 26. 26. 26. 26. 26. 26. 26. 26. 26. 26.
 26. 26. 26. 26. 26. 26. 26. 26. 
   26.   26.   26.   26.   26.   26.   26.   26.   26.   26.   26.   26.
 2852. 2852. 3389. 3389. 2852. 2852. 2852. 2852. 2852. 3389. 3389. 3389.
 3389. 3389. 
 26. 26. 26. 26. 26. 26. 26. 26. 26. 26. 26. 26. 26. 26. 26. 26. 26. 26.
 26. 26. 26. 26. 26. 26. 26. 26. 
   26.   26.   26.   26.   26.   26.   26.   26.   26.   26.   26.   26.
   26.   26.   26.   26.   26.   26.   26.   26.   26.   26.   26.   26.
 2852. 2852. 
 3389. 3389. 3389. 3389. 3389. 3389. 3389. 3389. 3389. 3389. 3389. 3389.
   26.   26.   26.   26.   26.   26.   26.   26.   26.   26.   26.   26.
   26.   26. 
 26. 26. 26. 26. 26. 26. 26. 26. 26. 26. 26. 26. 26. 26. 26. 26. 26. 26.
 26. 26. 26. 26. 26. 26. 26. 26. 
   26.   26.   26.   26.   26.   26.   26.   26.   26.   26.   26. 2852.
 2852. 3389. 3389. 3389. 3389. 3389. 3389. 3389. 3389. 2852. 2852. 2852.
   26.   26. 
 26. 26. 26. 26. 26. 26. 26. 26. 26. 26. 26. 26. 26. 26. 26. 26. 26. 26.
 26. 26. 26. 26. 26. 26. 26. 26. 
   26.   26.   26.   26.   26.   26.   26.   26.   26.   26.   26.   26.
   26.   26.   26.   26.   26.   26.   26.   26.   26.   26.   26.   26.
 2852. 2852. 
 3389. 3389. 3389. 3389. 3389. 2852. 2852. 2852. 2852. 2852.   26.   26.
   26.   26.   26.   26.   26.   26.   26.   26.   26.   26.   26.   26.
   26.   26. 
 26. 26. 26. 26. 26. 26. 26. 26. 26. 26. 26. 26. 26. 26. 26. 26. 26. 26.
 26. 26. 26. 26. 26. 26. 26. 26. 
   26.   26.   26.   26.   26.   26.   26.   26.   26.   26.   26. 2852.
 2852. 2852. 2852. 2852. 2852. 2852. 2852.   26.   26.   26.   26.   26.
   26.   26. 
 26. 26. 26. 26. 26. 26. 26. 26. 26. 26. 26. 26. 26. 26. 26. 26. 26. 26.
 26. 26. 26. 26. 26. 26. 26. 26. 
 26. 26. 26. 26. 26. 26. 26. 26. 26. 26. 26. 26. 26. 26. 26. 26. 26. 26.
 26. 26. 26. 26. 26. 26. 26. 26. 
 26. 26. 26. 26. 26. 26. 26. 26. 26. 26. 26. 26. 26. 26. 26. 26. 26. 26.
 26. 26. 26. 26. 26. 26. 26. 26. 
 26. 26. 26. 26. 26. 26. 26. 26. 26. 26. 26. 26. 26. 26. 26. 26. 26. 26.
 26. 26. 26. 26. 26. 26. 26. 26. 
 26. 26. 26. 26. 26. 26. 26. 26. 26. 26. 26. 26. 26. 26. 26. 26. 26. 26.
 26. 26. 26. 26. 26. 26. 26. 26. 
 26. 26. 26. 26. 26. 26. 26. 26. 26. 26. 26. 26. 26. 26. 26. 26. 26. 26.
 26. 26. 26. 26. 26. 26. 26. 26. 
 26. 26. 26. 26. 26. 26. 26. 26. 26. 26. 26. 26. 26. 26. 26. 26. 26. 26.
 26. 26. 26. 26. 26. 26. 26. 26. 
 26. 26. 26. 26. 26. 26. 26. 26. 26. 26. 26. 26. 26. 26. 26. 26. 26. 26.
 26. 26. 26. 26. 26. 26. 26. 26. 
 26. 26. 26. 26. 26. 26. 26. 26. 26. 26. 26. 26. 26. 26. 26. 26. 26. 26.
 26. 26. 26. 26. 26. 26. 26. 26. 
 26. 26. 26. 26. 26. 26. 26. 26. 26. 26. 26. 26. 26. 26. 26. 26. 26. 26.
 26. 26. 26. 26. 26. 26. 26. 26. 
 26. 26. 26. 26. 26. 26. 26. 26. 26. 26. 26. 26. 26. 26. 26. 26. 26. 26.
 26. 26. 26. 26. 26. 26. 26. 26. 
 26. 26. 26. 26. 26. 26. 26. 26. 26. 26. 26. 26. 26. 26. 26. 26. 26. 26.
 26. 26. 26. 26. 26. 26. 26. 26. 
 26. 26. 26. 26. 26. 26. 26. 26. 26. 26. 26. 26. 26. 26. 26. 26. 26. 26.
 26. 26. 26. 26. 26. 26. 26. 26. 
 26. 26. 26. 26. 26. 26. 26. 26. 26. 26. 26. 26. 26. 26. 26. 26. 26. 26.
 26. 26. 26. 26. 26. 26. 26. 26. 
 26. 26. 26. 26. 26. 26. 26. 26. 26. 26. 26. 26. 26. 26. 26. 26. 26. 26.
 26. 26. 26. 26. 26. 26. 26. 26. 
 26. 26. 26. 26. 26. 26. 26. 26. 26. 26. 26. 26. 26. 26. 26. 26. 26. 26.
 26. 26. 26. 26. 26. 26. 26. 26. 
 26. 26. 26. 26. 26. 26. 26. 26. 26. 26. 26. 26. 26. 26. 26. 26. 26. 26.
 26. 26. 26. 26. 26. 26. 26. 26. 
 26. 26. 26. 26. 26. 26. 26. 26. 26. 26. 26. 26. 26. 26. 26. 26. 26. 26.
 26. 26. 26. 26. 26. 26. 26. 26. 
 26. 26. 26. 26. 26. 26. 26. 26. 26. 26. 26. 26. 26. 26. 26. 26. 26. 26.
 26. 26. 26. 26. 26. 26. 26. 26. 
 26. 26. 26. 26. 26. 26. 26. 26. 26. 26. 26. 26. 26. 26. 26. 26. 26. 26.
 26. 26. 26. 26. 26. 26. 26. 26. 
 26. 26. 26. 26. 26. 26. 26. 26. 26. 26. 26. 26. 26. 26. 26. 26. 26. 26.
 26. 26. 26. 26. 26. 26. 26. 26. 
 26. 26. 26. 26. 26. 26. 26. 26. 26. 26. 26. 26. 26. 26. 26. 26. 26. 26.
 26. 26. 26. 26. 26. 26. 26. 26. 
 26. 26. 26. 26. 26. 26. 26. 26. 26. 26. 26. 26. 26. 26. 26. 26. 26. 26.
 26. 26. 26. 26. 26. 26. 26. 26. 
 26. 26. 26. 26. 26. 26. 26. 26. 26. 26. 26. 26. 26. 26. 26. 26. 26. 26.
 26. 26. 26. 26. 26. 26. 26. 26. 
 26. 26. 26. 26. 26. 26. 26. 26. 26. 26. 26. 26. 26. 26. 26. 26. 26. 26.
 26. 26. 26. 26. 26. 26. 26. 26. 
 26. 26. 26. 26. 26. 26. 26. 26. 26. 26. 26. 26. 26. 26. 26. 26. 26. 26.
 26. 26. 26. 26. 26. 26. 26. 26. 
 26. 26. 26. 26. 26. 26. 26. 26. 26. 26. 26. 26. 26. 26. 26. 26. 26. 26.
 26. 26. 26. 26. 26. 26. 26. 26. 
 26. 26. 26. 26. 26. 26. 26. 26. 26. 26. 26. 26. 26. 26. 26. 26. 26. 26.
 26. 26. 26. 26. 26. 26. 26. 26. 
 26. 26. 26. 26. 26. 26. 26. 26. 26. 26. 26. 26. 26. 26. 26. 26. 26. 26.
 26. 26. 26. 26. 26. 26. 26. 26. 
   26.   26.   26.   26.   26.   26.   26.   26.   26.   26.   26. 2852.
 2852. 2852. 2852.   26.   26.   26.   26.   26.   26.   26.   26.   26.
   26.   26. 
 26. 26. 26. 26. 26. 26. 26. 26. 26. 26. 26. 26. 26. 26. 26. 26. 26. 26.
 26. 26. 26. 26. 26. 26. 26. 26. 
   26.   26.   26.   26.   26.   26.   26.   26.   26.   26.   26.   26.
   26.   26.   26.   26.   26.   26.   26.   26.   26.   26. 2852. 2852.
 3389. 3389. 
 2852. 2852.   26.   26.   26.   26.   26.   26.   26.   26.   26.   26.
   26.   26.   26.   26.   26.   26.   26.   26.   26.   26.   26.   26.
   26.   26. 
 26. 26. 26. 26. 26. 26. 26. 26. 26. 26. 26. 26. 26. 26. 26. 26. 26. 26.
 26. 26. 26. 26. 26. 26. 26. 26. 
   26.   26.   26.   26.   26.   26.   26.   26. 3389. 3389. 3389. 3389.
 3389. 3389. 2852.   26.   26.   26.   26.   26.   26.   26.   26.   26.
   26.   26. 
 26. 26. 26. 26. 26. 26. 26. 26. 26. 26. 26. 26. 26. 26. 26. 26. 26. 26.
 26. 26. 26. 26. 26. 26. 26. 26. 
   26.   26.   26.   26.   26.   26.   26.   26.   26.   26.   26.   26.
   26.   26.   26.   26.   26.   26.   26.   26. 3389. 3389. 3389. 3389.
 3389. 3389. 
 2852. 2852.   26.   26.   26.   26.   26.   26.   26.   26.   26.   26.
   26.   26.   26.   26.   26.   26.   26.   26.   26.   26.   26.   26.
   26.   26. 
 26. 26. 26. 26. 26. 26. 26. 26. 26. 26. 26. 26. 26. 26. 26. 26. 26. 26.
 26. 26. 26. 26. 26. 26. 26. 26. 
   26.   26.   26.   26.   26.   26. 3389. 3389. 2852. 2852. 3389. 3389.
 3389. 2852.   26.   26.   26.   26.   26.   26.   26.   26.   26.   26.
   26.   26. 
 26. 26. 26. 26. 26. 26. 26. 26. 26. 26. 26. 26. 26. 26. 26. 26. 26. 26.
 26. 26. 26. 26. 26. 26. 26. 26. 
   26.   26.   26.   26.   26.   26.   26.   26.   26.   26.   26.   26.
   26.   26.   26.   26.   26.   26. 2852. 2852.   26. 2852. 3389. 3389.
 3389. 2852. 
 26. 26. 26. 26. 26. 26. 26. 26. 26. 26. 26. 26. 26. 26. 26. 26. 26. 26.
 26. 26. 26. 26. 26. 26. 26. 26. 
 26. 26. 26. 26. 26. 26. 26. 26. 26. 26. 26. 26. 26. 26. 26. 26. 26. 26.
 26. 26. 26. 26. 26. 26. 26. 26. 
   26.   26.   26.   26. 2852.   26.   26. 2852. 3389. 3389. 3389. 2852.
 2852.   26.   26.   26.   26.   26.   26.   26.   26.   26.   26. 2852.
   26.   26. 
 26. 26. 26. 26. 26. 26. 26. 26. 26. 26. 26. 26. 26. 26. 26. 26. 26. 26.
 26. 26. 26. 26. 26. 26. 26. 26. 
   26.   26.   26.   26.   26.   26.   26.   26.   26.   26.   26.   26.
   26.   26.   26.   26.   26.   26.   26.   26. 2852. 3389. 3389. 3389.
 2852.   26. 
   26.   26.   26.   26.   26.   26. 2852. 2852. 2852. 2852. 2852. 2852.
 2852.   26.   26.   26.   26.   26.   26.   26.   26.   26.   26.   26.
   26.   26. 
 26. 26. 26. 26. 26. 26. 26. 26. 26. 26. 26. 26. 26. 26. 26. 26. 26. 26.
 26. 26. 26. 26. 26. 26. 26. 26. 
   26.   26.   26.   26.   26.   26. 2852. 2852. 3389. 3389. 3389. 2852.
   26.   26. 2852. 2852. 2852. 2852. 2852. 3389. 3389. 3389. 3389. 3389.
 3389. 2852. 
 26. 26. 26. 26. 26. 26. 26. 26. 26. 26. 26. 26. 26. 26. 26. 26. 26. 26.
 26. 26. 26. 26. 26. 26. 26. 26. 
   26.   26.   26.   26.   26.   26.   26.   26.   26.   26.   26.   26.
   26.   26.   26.   26.   26.   26.   26. 2852. 3389. 3389. 3389. 2852.
   26. 2852. 
 2852. 3389. 3389. 3389. 3389. 3389. 3389. 3389. 3389. 3389. 3389. 3389.
 2852.   26.   26.   26.   26.   26.   26.   26.   26.   26.   26.   26.
   26.   26. 
 26. 26. 26. 26. 26. 26. 26. 26. 26. 26. 26. 26. 26. 26. 26. 26. 26. 26.
 26. 26. 26. 26. 26. 26. 26. 26. 
   26.   26.   26.   26.   26. 2852. 2852. 3389. 3389. 3389. 2852. 3389.
 3389. 3389. 3389. 3389. 3389. 3389. 3389. 3389. 2852. 3389. 3389. 3389.
 3389. 2852. 
 26. 26. 26. 26. 26. 26. 26. 26. 26. 26. 26. 26. 26. 26. 26. 26. 26. 26.
 26. 26. 26. 26. 26. 26. 26. 26. 
   26.   26.   26.   26.   26.   26.   26.   26.   26.   26.   26.   26.
   26.   26.   26.   26.   26.   26. 2852. 3389. 3389. 3389. 3389. 3389.
 3389. 3389. 
 3389. 3389. 3389. 2852. 2852. 2852. 2852. 2852. 3389. 3389. 3389. 2852.
   26.   26.   26.   26.   26.   26.   26.   26.   26.   26.   26.   26.
   26.   26. 
 26. 26. 26. 26. 26. 26. 26. 26. 26. 26. 26. 26. 26. 26. 26. 26. 26. 26.
 26. 26. 26. 26. 26. 26. 26. 26. 
   26.   26.   26.   26.   26. 2852. 3389. 3389. 3389. 3389. 2852. 2852.
 2852. 2852. 2852. 2852.   26.   26.   26. 2852. 3389. 3389. 3389. 2852.
   26.   26. 
 26. 26. 26. 26. 26. 26. 26. 26. 26. 26. 26. 26. 26. 26. 26. 26. 26. 26.
 26. 26. 26. 26. 26. 26. 26. 26. 
   26.   26.   26.   26.   26.   26.   26.   26.   26.   26.   26.   26.
   26.   26.   26.   26.   26. 2852. 2852. 3389. 3389. 2852. 2852.   26.
   26.   26. 
   26.   26.   26.   26.   26. 2852. 3389. 3389. 2852.   26.   26.   26.
   26.   26.   26.   26.   26.   26.   26.   26.   26.   26.   26.   26.
   26.   26. 
 26. 26. 26. 26. 26. 26. 26. 26. 26. 26. 26. 26. 26. 26. 26. 26. 26. 26.
 26. 26. 26. 26. 26. 26. 26. 26. 
   26.   26.   26.   26.   26. 2852. 2852.   26.   26.   26.   26.   26.
   26.   26.   26.   26. 2852. 2852. 3389. 3389. 2852.   26.   26.   26.
   26.   26. 
 26. 26. 26. 26. 26. 26. 26. 26. 26. 26. 26. 26. 26. 26. 26. 26. 26. 26.
 26. 26. 26. 26. 26. 26. 26. 26. 
 26. 26. 26. 26. 26. 26. 26. 26. 26. 26. 26. 26. 26. 26. 26. 26. 26. 26.
 26. 26. 26. 26. 26. 26. 26. 26. 
   26.   26. 2852. 3389. 3389. 3389. 2852.   26.   26.   26.   26.   26.
   26.   26.   26.   26.   26.   26.   26.   26.   26.   26.   26.   26.
   26.   26. 
   26.   26.   26.   26.   26.   26.   26.   26.   26.   26.   26.   26.
   26.   26.   26.   26.   26.   26.   26.   26. 2852. 2852. 2852.   26.
   26.   26. 
   26.   26.   26.   26.   26.   26.   26.   26.   26.   26.   26.   26.
   26.   26. 2852. 3389. 3389. 3389. 2852.   26.   26.   26.   26.   26.
   26.   26. 
 26. 26. 26. 26. 26. 26. 26. 26. 26. 26. 26. 26. 26. 26. 26. 26. 26. 26.
 26. 26. 26. 26. 26. 26. 26. 26. 
   26.   26.   26.   26.   26.   26. 3389. 3389. 2852. 2852.   26.   26.
   26.   26.   26.   26.   26.   26.   26.   26.   26.   26.   26.   26.
   26. 2852. 
 3389. 3389. 3389. 2852. 2852. 2852. 2852. 2852. 2852. 2852. 2852.   26.
   26.   26.   26.   26.   26.   26.   26.   26.   26.   26.   26.   26.
   26.   26. 
   26.   26.   26.   26.   26.   26.   26.   26.   26.   26.   26.   26.
   26.   26.   26.   26.   26.   26. 3389. 3389. 3389. 2852. 2852.   26.
   26.   26. 
   26.   26.   26.   26.   26.   26.   26.   26.   26.   26.   26. 2852.
 3389. 3389. 3389. 2852. 3389. 3389. 3389. 3389. 3389. 3389. 2852. 2852.
 2852.   26. 
 26. 26. 26. 26. 26. 26. 26. 26. 26. 26. 26. 26. 26. 26. 26. 26. 26. 26.
 26. 26. 26. 26. 26. 26. 26. 26. 
   26.   26.   26.   26. 2852. 3389. 3389. 3389. 2852. 2852.   26.   26.
   26.   26.   26.   26.   26.   26.   26.   26.   26.   26.   26. 2852.
 3389. 3389. 
 3389. 3389. 3389. 3389. 3389. 3389. 3389. 3389. 3389. 3389. 3389. 2852.
   26.   26.   26.   26.   26.   26.   26.   26.   26.   26.   26.   26.
   26.   26. 
   26.   26.   26.   26.   26.   26.   26.   26.   26.   26.   26.   26.
   26.   26.   26.   26. 2852. 2852. 3389. 3389. 3389. 2852. 2852.   26.
   26.   26. 
   26.   26.   26.   26.   26.   26.   26.   26.   26. 2852. 3389. 3389.
 3389. 3389. 3389. 3389. 3389. 3389. 3389. 3389. 3389. 3389. 3389. 3389.
 2852.   26. 
 26. 26. 26. 26. 26. 26. 26. 26. 26. 26. 26. 26. 26. 26. 26. 26. 26. 26.
 26. 26. 26. 26. 26. 26. 26. 26. 
   26.   26.   26. 2852. 2852. 3389. 3389. 3389. 2852.   26.   26.   26.
   26.   26.   26.   26.   26.   26.   26.   26.   26.   26. 2852. 3389.
 3389. 3389. 
 3389. 3389. 2852. 2852. 2852. 2852. 2852. 3389. 3389. 3389. 2852.   26.
   26.   26.   26.   26.   26.   26.   26.   26.   26.   26.   26.   26.
   26.   26. 
   26.   26.   26.   26.   26.   26.   26.   26.   26.   26.   26.   26.
   26.   26.   26.   26. 2852. 2852. 3389. 3389. 2852. 2852.   26.   26.
   26.   26. 
   26.   26.   26.   26.   26.   26.   26.   26.   26. 2852. 2852. 2852.
 2852. 2852.   26.   26.   26.   26. 2852. 3389. 3389. 3389. 2852.   26.
   26.   26. 
 26. 26. 26. 26. 26. 26. 26. 26. 26. 26. 26. 26. 26. 26. 26. 26. 26. 26.
 26. 26. 26. 26. 26. 26. 26. 26. 
   26.   26.   26. 2852. 3389. 3389. 3389. 2852.   26.   26.   26.   26.
   26.   26.   26.   26.   26.   26.   26.   26.   26.   26.   26.   26.
   26.   26. 
   26.   26.   26.   26. 2852. 3389. 3389. 3389. 2852.   26.   26.   26.
   26.   26.   26.   26.   26.   26.   26.   26.   26.   26.   26.   26.
   26.   26. 
   26.   26.   26.   26.   26.   26.   26.   26.   26.   26.   26.   26.
   26.   26.   26. 2852. 2852. 3389. 3389. 2852. 2852.   26.   26.   26.
   26.   26. 
   26.   26.   26.   26.   26.   26.   26.   26.   26.   26.   26.   26.
   26.   26.   26.   26. 2852. 3389. 3389. 3389. 2852.   26.   26.   26.
   26.   26. 
 26. 26. 26. 26. 26. 26. 26. 26. 26. 26. 26. 26. 26. 26. 26. 26. 26. 26.
 26. 26. 26. 26. 26. 26. 26. 26. 
   26.   26. 2852. 3389. 3389. 3389. 2852. 2852. 2852.   26.   26.   26.
   26.   26. 2852. 2852. 2852. 2852. 2852. 2852.   26.   26.   26.   26.
   26.   26. 
   26.   26. 2852. 3389. 3389. 3389. 2852.   26.   26.   26.   26.   26.
   26.   26.   26.   26.   26.   26.   26.   26.   26.   26.   26.   26.
   26.   26. 
   26.   26.   26.   26.   26.   26.   26.   26.   26.   26.   26.   26.
   26.   26. 2852. 2852. 3389. 3389. 3389. 2852. 2852.   26.   26.   26.
 2852. 2852. 
 2852. 3389. 3389. 2852. 2852. 2852. 2852. 2852.   26.   26.   26.   26.
   26.   26. 2852. 3389. 3389. 3389. 2852.   26.   26.   26.   26.   26.
   26.   26. 
 26. 26. 26. 26. 26. 26. 26. 26. 26. 26. 26. 26. 26. 26. 26. 26. 26. 26.
 26. 26. 26. 26. 26. 26. 26. 26. 
   26. 2852. 2852. 3389. 3389. 3389. 2852. 2852. 2852. 2852. 2852. 3389.
 3389. 3389. 3389. 3389. 3389. 3389. 3389. 2852. 2852.   26.   26.   26.
   26.   26. 
 2852. 3389. 3389. 3389. 2852.   26.   26.   26.   26.   26.   26.   26.
   26.   26.   26.   26.   26.   26.   26.   26.   26.   26.   26.   26.
   26.   26. 
   26.   26.   26.   26.   26.   26.   26.   26.   26.   26.   26.   26.
   26.   26. 2852. 2852. 3389. 3389. 3389. 3389. 3389. 3389. 3389. 3389.
 3389. 3389. 
 3389. 3389. 3389. 3389. 3389. 3389. 2852.   26.   26.   26.   26.   26.
 2852. 3389. 3389. 3389. 2852. 2852.   26.   26.   26.   26.   26.   26.
   26. 2852. 
 2852.   26.   26.   26.   26.   26.   26.   26.   26.   26.   26.   26.
   26.   26.   26.   26.   26.   26.   26.   26.   26.   26.   26.   26.
   26.   26. 
   26. 2852. 3389. 3389. 3389. 3389. 3389. 3389. 3389. 3389. 3389. 3389.
 2852. 2852. 3389. 3389. 3389. 3389. 2852. 2852.   26.   26.   26.   26.
 2852. 2852. 
 3389. 3389. 2852. 2852.   26.   26. 2852. 2852. 2852. 2852. 2852. 2852.
 2852. 2852. 2852.   26.   26.   26.   26.   26.   26.   26.   26.   26.
   26.   26. 
   26.   26.   26.   26.   26.   26.   26.   26.   26.   26.   26.   26.
   26.   26. 2852. 2852. 3389. 3389. 3389. 3389. 3389. 2852. 2852. 2852.
   26. 2852. 
 2852. 2852. 3389. 3389. 3389. 2852. 2852.   26.   26.   26. 2852. 2852.
 3389. 3389. 2852. 2852. 2852. 2852. 2852. 3389. 3389. 3389. 3389. 3389.
 3389. 3389. 
 2852. 2852.   26.   26.   26.   26.   26.   26.   26.   26.   26.   26.
   26.   26.   26.   26.   26.   26.   26.   26.   26.   26.   26.   26.
   26.   26. 
   26. 2852. 2852. 2852. 2852. 2852. 2852. 2852.   26.   26.   26.   26.
   26. 2852. 3389. 3389. 3389. 2852. 2852.   26.   26.   26. 2852. 2852.
 3389. 3389. 
 3389. 3389. 3389. 3389. 3389. 3389. 3389. 3389. 3389. 3389. 3389. 3389.
 3389. 2852.   26.   26.   26.   26.   26.   26.   26.   26.   26.   26.
   26.   26. 
   26.   26.   26.   26.   26.   26.   26.   26.   26.   26.   26.   26.
   26.   26.   26.   26.   26.   26.   26.   26.   26.   26.   26.   26.
   26. 2852. 
 3389. 3389. 3389. 2852. 2852.   26.   26.   26.   26. 2852. 3389. 3389.
 3389. 3389. 3389. 3389. 3389. 3389. 3389. 3389. 3389. 3389. 3389. 3389.
 3389. 2852. 
 2852.   26.   26.   26.   26.   26.   26.   26.   26.   26.   26.   26.
   26.   26.   26.   26.   26.   26.   26.   26.   26.   26.   26.   26.
   26.   26. 
   26.   26.   26.   26.   26.   26.   26.   26.   26.   26. 2852. 2852.
 3389. 3389. 3389. 2852. 2852.   26.   26.   26.   26. 2852. 2852. 2852.
 3389. 2852. 
 2852. 3389. 2852. 2852. 2852. 2852. 2852. 2852. 3389. 3389. 3389. 3389.
 2852.   26.   26.   26.   26.   26.   26.   26.   26.   26.   26.   26.
   26.   26. 
   26.   26.   26.   26.   26.   26.   26.   26.   26.   26.   26.   26.
   26.   26.   26.   26.   26.   26.   26.   26.   26.   26. 2852. 2852.
 3389. 3389. 
 3389. 2852. 2852.   26.   26.   26.   26.   26.   26. 2852. 2852. 2852.
 2852. 2852. 2852. 2852.   26.   26.   26. 2852. 2852. 3389. 3389. 3389.
 2852.   26. 
 26. 26. 26. 26. 26. 26. 26. 26. 26. 26. 26. 26. 26. 26. 
/