PERMI
   28.   28.   28.   28.   28.   28.   28.   28.   28.   28.   28.   28.
   28.   28.   28. 1192. 1192. 1504. 1504. 1504. 1192. 1192. 1192. 1504.
 1504. 1504. 
 1504. 1504. 1192. 1192. 1192. 1192. 1192. 1192. 1192. 1504. 1504. 1504.
 1504. 1192. 1192.   28.   28.   28. 1192. 1192. 1192. 1192. 1192. 1192.
 1192. 1192. 
 1504. 1504. 1504. 1504. 1192. 1192. 1192.   28. 1192. 1192. 1504. 1504.
   28.   28.   28.   28.   28.   28.   28.   28.   28.   28.   28.   28.
   28.   28. 
   28. 1192. 1192. 1504. 1504. 1504. 1504. 1504. 1504. 1504. 1504. 1504.
 1504. 1192. 1192. 1192. 1192. 1192. 1192. 1192. 1192. 1192. 1504. 1504.
 1504. 1504. 
 1192. 1192.   28.   28. 1192. 1192. 1192. 1504. 1504. 1504. 1192. 1192.
 1192. 1192. 1504. 1504. 1504. 1504. 1192. 1192. 1192. 1504. 1504. 1504.
   28.   28. 
   28.   28.   28.   28.   28.   28.   28.   28. 1192. 1192. 1192. 1192.
 1192.   28. 1192. 1192. 1504. 1504. 1504. 1504. 1504. 1504. 1504. 1192.
 1192. 1192. 
 1192. 1504. 1504. 1504. 1504. 1504. 1192. 1192. 1192. 1192. 1504. 1504.
 1192. 1192. 1192. 1192. 1192. 1192. 1504. 1504. 1504. 1504. 1504. 1504.
 1192. 1192. 
 1192. 1192. 1504. 1504. 1504. 1192. 1504. 1504. 1504. 1192.   28.   28.
   28.   28.   28.   28.   28.   28. 1192. 1192. 1192. 1192. 1192. 1192.
 1192. 1192. 
 1192. 1192. 1192. 1504. 1504. 1504. 1504. 1504. 1192. 1192. 1192. 1192.
 1504. 1504. 1504. 1504. 1504. 1504. 1504. 1192. 1192. 1192. 1504. 1504.
 1504. 1192. 
 1192. 1192. 1192. 1504. 1504. 1504. 1504. 1504. 1504. 1504. 1504. 1504.
 1192. 1192. 1192. 1504. 1504. 1504. 1504. 1504. 1192. 1192.   28.   28.
   28.   28. 
   28.   28.   28. 1192. 1192. 1192. 1192. 1504. 1504. 1504. 1192. 1192.
 1192. 1192. 1192. 1192. 1192. 1192. 1192. 1192. 1192. 1192. 1192. 1504.
 1504. 1504. 
 1504. 1504. 1504. 1504. 1504. 1504. 1192. 1192. 1192. 1504. 1504. 1504.
 1192. 1192. 1192. 1504. 1504. 1504. 1504. 1504. 1504. 1504. 1504. 1504.
 1504. 1504. 
 1192. 1192. 1504. 1504. 1504. 1504. 1192. 1192.   28.   28.   28.   28.
   28.   28. 1192. 1192. 1192. 1504. 1504. 1504. 1504. 1504. 1504. 1504.
 1504. 1192. 
 1192. 1192. 1192. 1192. 1192.   28. 1192. 1192. 1504. 1504. 1504. 1504.
 1192. 1192. 1192. 1192. 1504. 1504. 1504. 1192. 1192. 1504. 1504. 1192.
 1192. 1504. 
 1504. 1504. 1504. 1504. 1192. 1192. 1504. 1504. 1504. 1504. 1504. 1504.
 1192. 1192. 1192. 1504. 1504. 1192. 1192. 1504.   28.   28.   28.   28.
   28.   28. 
 1192. 1192. 1504. 1504. 1504. 1504. 1504. 1504. 1504. 1504. 1504. 1504.
 1192. 1192. 1192.   28.   28. 1192. 1192. 1192. 1504. 1504. 1504. 1192.
 1192.   28. 
 1192. 1192. 1504. 1504. 1504. 1192. 1192. 1192. 1192. 1192. 1192. 1504.
 1504. 1504. 1504. 1192. 1192. 1192. 1192. 1192. 1192. 1504. 1504. 1504.
 1504. 1192. 
 1192. 1192. 1192. 1192. 1504. 1504.   28.   28.   28.   28.   28. 1192.
 1192. 1504. 1504. 1504. 1504. 1192. 1192. 1192. 1504. 1504. 1504. 1504.
 1504. 1192. 
 1192. 1192. 1192. 1192. 1192. 1504. 1504. 1504. 1192. 1192. 1192.   28.
 1192. 1192. 1192. 1504. 1504. 1504. 1192. 1192. 1192. 1192. 1504. 1504.
 1504. 1504. 
 1192. 1192. 1192.   28. 1192. 1192. 1192. 1192. 1504. 1504. 1504. 1504.
 1192. 1192. 1192. 1192. 1504. 1504.   28.   28.   28. 1192. 1192. 1192.
 1192. 1504. 
 1504. 1504. 1192. 1192. 1192. 1192. 1192. 1504. 1504. 1504. 1504. 1504.
 1192. 1192. 1192. 1192. 1504. 1504. 1504. 1192. 1192. 1192.   28.   28.
   28. 1192. 
 1192. 1504. 1504. 1504. 1504. 1192. 1504. 1504. 1504. 1504. 1504. 1192.
 1192. 1192.   28.   28.   28.   28.   28. 1192. 1192. 1504. 1504. 1504.
 1504. 1192. 
 1192. 1504. 1504. 1504. 1192.   28.   28. 1192. 1192. 1504. 1504. 1504.
 1504. 1192. 1192. 1192. 1192. 1192. 1192. 1192. 1504. 1504. 1504. 1504.
 1504. 1504. 
 1192. 1504. 1504. 1504. 1504. 1192. 1192. 1192.   28.   28.   28. 1192.
 1192. 1192. 1504. 1504. 1504. 1504. 1504. 1504. 1504. 1504. 1192. 1192.
 1192.   28. 
   28.   28.   28.   28.   28. 1192. 1192. 1192. 1504. 1504. 1504. 1504.
 1504. 1504. 1504. 1504. 1192. 1192. 1192. 1192. 1192. 1504. 1504. 1504.
 1192. 1192. 
 1192. 1192. 1504. 1504. 1192. 1192. 1192. 1504. 1504. 1504. 1504. 1504.
 1504. 1504. 1504. 1504. 1192. 1192. 1192. 1192.   28.   28.   28.   28.
 1192. 1192. 
 1192. 1504. 1504. 1504. 1504. 1504. 1504. 1192. 1192. 1192.   28.   28.
   28.   28.   28.   28.   28.   28. 1192. 1192. 1192. 1504. 1504. 1504.
 1504. 1504. 
 1504. 1192. 1192. 1192. 1192. 1192. 1504. 1504. 1504. 1504. 1192. 1192.
 1504. 1504. 1504. 1504. 1504. 1192. 1192. 1192. 1192. 1504. 1504. 1504.
 1504. 1504. 
 1504. 1192. 1192. 1192. 1192. 1192. 1192. 1192.   28.   28.   28. 1192.
 1192. 1192. 1504. 1504. 1504. 1504. 1192. 1192. 1192.   28.   28.   28.
   28.   28. 
   28.   28.   28.   28.   28. 1192. 1192. 1504. 1504. 1504. 1504. 1504.
 1192. 1192. 1504. 1504. 1504. 1504. 1504. 1504. 1504. 1192. 1192. 1192.
 1504. 1504. 
 1504. 1504. 1504. 1504. 1192. 1192. 1192. 1192. 1504. 1504. 1504. 1504.
 1192. 1192. 1192. 1504. 1504. 1504. 1192. 1192. 1192.   28.   28.   28.
 1192. 1192. 
 1192. 1192. 1192. 1192. 1192. 1192.   28.   28.   28.   28.   28.   28.
   28.   28.   28.   28.   28.   28. 1192. 1192. 1504. 1504. 1192. 1192.
 1192. 1192. 
 1504. 1504. 1504. 1504. 1504. 1504. 1192. 1192. 1192. 1504. 1504. 1504.
 1504. 1192. 1192. 1504. 1504. 1504. 1192. 1192. 1192. 1192. 1192. 1192.
 1192. 1192. 
 1504. 1504. 1504. 1504. 1504. 1192. 1192.   28.   28.   28.   28.   28.
 1192. 1192. 1192. 1192. 1192. 1192. 1192. 1192. 1192. 1192. 1192. 1192.
   28.   28. 
   28.   28.   28. 1192. 1192. 1192. 1192. 1192. 1192. 1192.   28. 1192.
 1504. 1504. 1504. 1504. 1504. 1192. 1192. 1192. 1192. 1504. 1504. 1504.
 1192. 1192. 
 1192. 1192. 1504. 1504. 1504. 1192. 1192. 1192. 1192. 1192. 1192. 1504.
 1504. 1504. 1504. 1504. 1504. 1504. 1192. 1192.   28.   28.   28.   28.
   28.   28. 
   28. 1192. 1192. 1504. 1504. 1504. 1504. 1504. 1192. 1192. 1192. 1192.
   28.   28.   28. 1192. 1192. 1504. 1504. 1504. 1192.   28.   28.   28.
 1192. 1192. 
 1192. 1192. 1192. 1192. 1192. 1192. 1504. 1504. 1504. 1504. 1192.   28.
   28. 1192. 1504. 1504. 1504. 1504. 1192. 1192. 1192. 1192. 1504. 1504.
 1504. 1504. 
 1504. 1504. 1504. 1504. 1192. 1192.   28.   28.   28.   28.   28.   28.
 1192. 1192. 1504. 1504. 1504. 1504. 1504. 1504. 1504. 1504. 1504. 1192.
 1192. 1192. 
   28. 1192. 1504. 1504. 1504. 1192. 1192.   28.   28.   28. 1192. 1192.
 1192. 1192. 1192. 1192. 1192. 1192. 1504. 1504. 1504. 1192. 1192.   28.
   28. 1192. 
 1192. 1504. 1504. 1504. 1504. 1192. 1192. 1504. 1504. 1504. 1504. 1504.
 1192. 1504. 1504. 1504. 1192. 1192.   28.   28.   28.   28.   28. 1192.
 1192. 1504. 
 1504. 1504. 1504. 1504. 1504. 1504. 1504. 1504. 1504. 1504. 1504. 1192.
 1192. 1192. 1504. 1504. 1504. 1192.   28.   28.   28.   28. 1192. 1192.
 1192. 1504. 
 1504. 1192. 1192. 1504. 1504. 1504. 1504. 1192.   28.   28.   28. 1192.
 1192. 1504. 1504. 1504. 1504. 1504. 1504. 1504. 1504. 1504. 1504. 1192.
 1192. 1504. 
 1504. 1504. 1504. 1192.   28.   28.   28.   28.   28. 1192. 1504. 1504.
 1504. 1504. 1504. 1504. 1504. 1504. 1504. 1504. 1504. 1504. 1504. 1504.
 1504. 1504. 
 1504. 1504. 1504. 1192.   28.   28.   28.   28. 1192. 1192. 1504. 1504.
 1504. 1192. 1192. 1192. 1504. 1504. 1192. 1192.   28.   28.   28.   28.
 1192. 1192. 
 1504. 1504. 1504. 1504. 1504. 1504. 1504. 1504. 1192. 1192. 1192. 1192.
 1504. 1504. 1504. 1192.   28.   28.   28.   28. 1192. 1192. 1504. 1504.
 1504. 1192. 
 1192. 1192. 1192. 1192. 1192. 1192. 1504. 1504. 1504. 1504. 1504. 1504.
 1504. 1504. 1192. 1192.   28.   28.   28.   28.   28. 1192. 1192. 1192.
 1192. 1192. 
 1192. 1192. 1192. 1192. 1192.   28.   28.   28.   28.   28.   28. 1192.
 1192. 1504. 1192. 1504. 1504. 1504. 1504. 1192. 1192. 1192. 1192. 1192.
 1504. 1504. 
 1504. 1192. 1192.   28.   28. 1192. 1192. 1504. 1504. 1504. 1504. 1192.
   28.   28.   28.   28. 1192. 1192. 1192. 1192. 1192. 1192. 1192. 1192.
 1192. 1192. 
 1192.   28.   28.   28.   28.   28.   28.   28. 1192. 1192. 1192. 1504.
 1504. 1504. 1504. 1192. 1192.   28.   28.   28.   28.   28.   28. 1192.
 1192. 1192. 
 1192. 1192. 1192. 1192. 1192. 1192.   28.   28.   28. 1192. 1504. 1504.
 1504. 1192. 1192.   28. 1192. 1192. 1192. 1192. 1192. 1504. 1192. 1192.
   28.   28. 
   28.   28.   28.   28.   28. 1192. 1192. 1192. 1192. 1192. 1192. 1192.
 1192.   28.   28.   28.   28.   28.   28. 1192. 1192. 1192. 1192. 1192.
 1504. 1504. 
 1504. 1504. 1192. 1192.   28.   28.   28.   28. 1192. 1192. 1192. 1504.
 1504. 1504. 1192. 1192.   28.   28.   28.   28.   28. 1192. 1192. 1192.
 1192. 1504. 
 1192. 1192. 1192. 1192. 1192. 1192. 1192. 1192. 1192.   28.   28.   28.
   28.   28.   28.   28.   28. 1192. 1192. 1504. 1504. 1504. 1504. 1192.
 1192. 1192. 
 1192.   28.   28. 1192. 1192. 1192. 1192. 1192. 1192. 1192. 1192. 1504.
 1504. 1504. 1192. 1192.   28.   28.   28. 1192. 1192. 1504. 1504. 1504.
 1504. 1504. 
 1504. 1192. 1192.   28.   28.   28.   28. 1192. 1192. 1504. 1192. 1192.
 1192. 1192. 1192. 1504. 1504. 1192. 1192. 1192. 1192.   28.   28.   28.
   28.   28. 
   28.   28. 1192. 1192. 1504. 1504. 1504. 1504. 1504. 1504. 1504. 1192.
 1192. 1192.   28. 1192. 1192. 1192. 1192. 1504. 1504. 1504. 1192. 1192.
 1504. 1504. 
 1504. 1192.   28.   28. 1192. 1192. 1504. 1504. 1504. 1192. 1192. 1192.
 1192. 1192. 1192. 1192.   28.   28. 1192. 1192. 1504. 1504. 1192. 1192.
 1192. 1504. 
 1504. 1504. 1504. 1504. 1504. 1192. 1192. 1192.   28.   28.   28.   28.
   28. 1192. 1192. 1504. 1504. 1504. 1504. 1504. 1504. 1504. 1504. 1504.
 1192. 1192. 
 1192. 1192. 1192. 1192. 1504. 1504. 1504. 1504. 1504. 1192. 1192. 1504.
 1504. 1192. 1192.   28. 1192. 1192. 1504. 1504. 1192. 1192. 1192. 1192.
 1192. 1192. 
 1192. 1192. 1192. 1192. 1192. 1504. 1504. 1504. 1192. 1192. 1504. 1504.
 1504. 1504. 1504. 1504. 1504. 1504. 1192. 1192. 1192.   28.   28. 1192.
 1192. 1192. 
 1504. 1504. 1504. 1504. 1504. 1192. 1504. 1504. 1504. 1504. 1504. 1192.
 1192. 1192. 1504. 1504. 1504. 1504. 1504. 1504. 1504. 1192. 1192. 1192.
 1504. 1504. 
 1192.   28. 1192. 1504. 1504. 1192. 1192. 1504. 1504. 1504. 1504. 1504.
 1504. 1192. 1192. 1192. 1192. 1504. 1504. 1192. 1192. 1504. 1504. 1504.
 1504. 1504. 
 1504. 1504. 1504. 1504. 1504. 1192. 1192. 1192. 1192. 1192. 1192. 1192.
 1504. 1504. 1504. 1504. 1192. 1192. 1192. 1504. 1504. 1504. 1504. 1504.
 1504. 1192. 
 1504. 1504. 1504. 1504. 1504. 1504. 1504. 1504. 1192. 1192. 1504. 1504.
 1192. 1192. 1192. 1504. 1192. 1192. 1192. 1504. 1504. 1504. 1504. 1504.
 1504. 1504. 
 1192. 1192. 1192. 1504. 1504. 1192. 1192. 1504. 1504. 1504. 1504. 1192.
 1192. 1192. 1504. 1504. 1504. 1192. 1192. 1192. 1192. 1192. 1192. 1504.
 1504. 1504. 
 1504. 1192. 1192. 1192. 1192. 1192. 1504. 1504. 1504. 1504. 1504. 1504.
 1504. 1504. 1192. 1192. 1504. 1504. 1504. 1504. 1504. 1192. 1192. 1504.
 1192. 1192. 
 1192. 1192. 1192. 1192. 1504. 1504. 1504. 1504. 1504. 1504. 1504. 1504.
 1504. 1192. 1192. 1192. 1192. 1192. 1504. 1504. 1504. 1504. 1504. 1192.
 1192. 1192. 
 1504. 1504. 1504. 1504. 1192. 1192. 1192. 1192. 1504. 1504. 1504. 1504.
 1192. 1192. 1192. 1504. 1192. 1192. 1192. 1504. 1504. 1504. 1504. 1504.
 1504. 1504. 
 1192. 1192. 1192. 1504. 1504. 1504. 1504. 1192. 1192. 1504. 1504. 1192.
 1192. 1192. 1192. 1504. 1504. 1504. 1504. 1192. 1192. 1192. 1504. 1504.
 1504. 1192. 
 1192. 1192. 1192. 1504. 1504. 1504. 1504. 1504. 1192. 1192. 1192. 1192.
 1504. 1504. 1504. 1504. 1192. 1192. 1192. 1192. 1504. 1504. 1504. 1504.
 1192. 1192. 
 1504. 1504. 1504. 1192. 1192. 1192. 1504. 1504. 1504. 1504. 1504. 1192.
 1192. 1192. 1192. 1504. 1504. 1504. 1504. 1192. 1192. 1192. 1192. 1192.
 1192. 1192. 
 1192. 1504. 1504. 1504. 1192. 1192. 1192. 1192. 1504. 1504. 1504. 1504.
 1192. 1192. 1504. 1504. 1504. 1504. 1504. 1504. 1192. 1192. 1192. 1192.
 1192. 1504. 
 1504. 1504. 1504. 1504. 1504. 1504. 1504. 1504. 1504. 1192. 1192. 1192.
 1504. 1504. 1504. 1192. 1192. 1192. 1192. 1504. 1504. 1504. 1192. 1192.
 1192. 1192. 
 1192. 1192. 1504. 1504. 1504. 1504. 1192. 1192. 1192. 1192. 1192. 1504.
 1504. 1504. 1504. 1192. 1192. 1192. 1192. 1192. 1192. 1504. 1504. 1504.
 1504. 1192. 
 1504. 1504. 1504. 1504. 1192. 1192. 1192. 1504. 1504. 1192. 1192. 1504.
 1504. 1504. 1504. 1504. 1504. 1504. 1504. 1504. 1192. 1192. 1192. 1504.
 1504. 1504. 
 1504. 1192. 1192. 1192. 1192. 1192. 1504. 1504. 1192. 1192. 1192. 1192.
 1192. 1192. 1192. 1504. 1504. 1504. 1504. 1504. 1504. 1504. 1504. 1504.
 1504. 1504. 
 1504. 1192. 1192. 1192. 1504. 1192. 1192. 1504. 1504. 1504. 1504. 1504.
 1504. 1504. 1504. 1192. 1192. 1192. 1192. 1504. 1504. 1192. 1192. 1192.
 1192. 1504. 
 1504. 1504. 1504. 1504. 1504. 1192. 1192. 1192. 1192. 1192. 1504. 1504.
 1504. 1192. 1192. 1192. 1192. 1192. 1192. 1192. 1192. 1192. 1192. 1192.
 1192. 1192. 
 1192. 1192. 1504. 1504. 1504. 1504. 1504. 1504. 1504. 1504. 1504. 1504.
 1192. 1192. 1192. 1192. 1192. 1192. 1192. 1192. 1504. 1504. 1504. 1504.
 1504. 1504. 
 1192. 1192. 1192. 1192. 1192. 1504. 1504. 1504. 1192. 1192. 1192. 1192.
 1192. 1192. 1192. 1192. 1192. 1192. 1192. 1504. 1192. 1192. 1504. 1504.
 1504. 1192. 
 1192. 1504. 1192. 1192. 1192. 1192. 1192. 1504. 1504. 1192. 1192.   28.
 1192. 1192. 1192. 1504. 1504. 1504. 1504. 1504. 1504. 1504. 1504. 1192.
 1192. 1192. 
   28. 1192. 1192. 1504. 1192. 1192. 1504. 1504. 1504. 1504. 1504. 1192.
 1192. 1192. 1192. 1192. 1192. 1192. 1504. 1504. 1504. 1192. 1192. 1192.
 1192. 1192. 
 1192. 1192. 1192. 1192. 1504. 1504. 1192. 1192. 1504. 1504. 1504. 1192.
 1192. 1192. 1192. 1504. 1504. 1192. 1504. 1504. 1504. 1192. 1192.   28.
 1192. 1192. 
 1192. 1192. 1192. 1504. 1504. 1504. 1192. 1192. 1192. 1192. 1192.   28.
   28.   28. 1192. 1192. 1192. 1192. 1192. 1504. 1504. 1504. 1192. 1192.
 1192. 1504. 
 1192. 1192. 1192. 1192. 1192. 1192. 1504. 1504. 1504. 1192. 1192. 1192.
 1192. 1504. 1504. 1504. 1504. 1192. 1192. 1192. 1504. 1504. 1504. 1192.
 1192. 1192. 
 1504. 1504. 1504. 1504. 1504. 1504. 1504. 1504. 1192. 1192. 1192. 1504.
 1192. 1192. 1192. 1192. 1192. 1192. 1192. 1192. 1192. 1192. 1192.   28.
   28.   28. 
   28.   28.   28. 1192. 1192. 1192. 1504. 1192. 1192. 1192. 1192. 1504.
 1504. 1504. 1504. 1192. 1192. 1192. 1192. 1192. 1192. 1192. 1192. 1504.
 1504. 1504. 
 1504. 1504. 1192. 1192. 1192. 1192. 1504. 1504. 1504. 1192. 1192. 1504.
 1504. 1504. 1504. 1504. 1192. 1504. 1504. 1504. 1192. 1192. 1192. 1504.
 1504. 1504. 
 1504. 1192. 1192. 1192. 1192. 1504. 1504. 1192. 1192.   28.   28.   28.
   28.   28. 1192. 1192. 1192. 1192. 1192. 1192. 1192. 1192. 1504. 1504.
 1504. 1504. 
 1504. 1504. 1504. 1504. 1192. 1192. 1192. 1192. 1192. 1504. 1504. 1504.
 1192. 1192. 1192. 1192. 1192. 1192. 1504. 1504. 1504. 1192. 1504. 1504.
 1504. 1504. 
 1192. 1192. 1192. 1504. 1504. 1504. 1504. 1192. 1192. 1504. 1504. 1504.
 1504. 1192. 1192. 1192. 1504. 1504. 1504. 1504. 1192. 1192.   28.   28.
   28. 1192. 
 1192. 1504. 1504. 1192. 1192. 1192. 1192. 1192. 1192. 1192. 1504. 1504.
 1504. 1504. 1504. 1504. 1504. 1192. 1192. 1504. 1504. 1504. 1504. 1504.
 1192. 1192. 
   28. 1192. 1192. 1192. 1504. 1504. 1504. 1504. 1504. 1504. 1504. 1192.
 1192.   28. 1192. 1504. 1504. 1504. 1504. 1504. 1504. 1504. 1504. 1504.
 1192. 1192. 
 1192. 1192. 1504. 1504. 1504. 1504. 1192. 1192.   28.   28. 1192. 1192.
 1504. 1504. 1504. 1504. 1192. 1192.   28. 1192. 1192. 1192. 1192. 1504.
 1504. 1504. 
 1504. 1504. 1504. 1504. 1504. 1504. 1504. 1504. 1192. 1192. 1192.   28.
   28.   28. 1192. 1192. 1192. 1504. 1504. 1504. 1504. 1504. 1504. 1192.
 1192.   28. 
 1192. 1192. 1504. 1504. 1504. 1504. 1504. 1504. 1504. 1504. 1192. 1192.
   28. 1192. 1192. 1504. 1504. 1504. 1192. 1192. 1192. 1192. 1192. 1504.
 1504. 1504. 
 1504. 1504. 1192. 1192.   28.   28.   28.   28. 1192. 1192. 1192. 1192.
 1504. 1504. 1504. 1504. 1504. 1504. 1504. 1504. 1192. 1192.   28.   28.
   28.   28. 
 1192. 1192. 1192. 1192. 1504. 1504. 1504. 1504. 1192. 1192.   28.   28.
 1192. 1192. 1192. 1192. 1504. 1504. 1504. 1504. 1504. 1192. 1192. 1192.
   28. 1192. 
 1192. 1504. 1504. 1504. 1504. 1192. 1192. 1192. 1504. 1504. 1504. 1504.
 1504. 1192. 1192.   28.   28.   28.   28.   28.   28.   28. 1192. 1192.
 1192. 1504. 
 1504. 1504. 1504. 1504. 1192. 1192. 1192.   28.   28.   28.   28.   28.
   28.   28. 1192. 1192. 1192. 1192. 1192. 1192. 1192.   28.   28.   28.
   28.   28. 
 1192. 1192. 1192. 1192. 1192. 1192. 1192. 1192. 1192.   28.   28. 1192.
 1192. 1192. 1504. 1504. 1504. 1504. 1504. 1504. 1504. 1504. 1504. 1504.
 1192. 1192. 
   28.   28.   28.   28.   28.   28.   28.   28.   28.   28. 1192. 1192.
 1192. 1192. 1192. 1192. 1192. 1192.   28.   28.   28.   28.   28.   28.
   28.   28. 
 1192. 1192. 1192. 1192. 1192. 1192.   28.   28.   28.   28.   28.   28.
   28. 1192. 1192. 1192. 1192. 1192. 1192.   28.   28.   28.   28.   28.
 1192. 1192. 
 1192. 1504. 1504. 1504. 1504. 1504. 1504. 1504. 1504. 1192. 1192.   28.
   28.   28.   28.   28.   28.   28.   28.   28.   28.   28.   28.   28.
   28. 1192. 
 1192. 1192.   28.   28.   28.   28.   28.   28.   28.   28. 1192. 1192.
 1192. 1192. 1192. 1192. 1192.   28.   28.   28.   28.   28.   28.   28.
   28.   28. 
   28.   28.   28.   28.   28.   28.   28.   28.   28.   28.   28. 1192.
 1192. 1192. 1192. 1504. 1504. 1504. 1504. 1504. 1192. 1192. 1192.   28.
   28.   28. 
   28.   28.   28.   28.   28.   28.   28.   28.   28.   28.   28.   28.
   28.   28.   28.   28.   28.   28.   28.   28.   28. 1192. 1192. 1504.
 1504. 1504. 
 1504. 1504. 1192. 1192.   28.   28.   28.   28.   28.   28.   28.   28.
   28.   28.   28.   28.   28.   28.   28.   28.   28.   28.   28.   28.
 1192. 1192. 
 1192. 1192. 1192. 1192. 1192. 1192. 1192.   28.   28.   28.   28.   28.
   28.   28.   28.   28.   28.   28.   28.   28.   28.   28.   28.   28.
   28.   28. 
   28.   28.   28.   28.   28.   28.   28. 1192. 1504. 1504. 1504. 1504.
 1504. 1504. 1504. 1504. 1192. 1192.   28.   28.   28.   28.   28.   28.
   28.   28. 
   28.   28.   28.   28.   28.   28.   28.   28.   28.   28.   28.   28.
 1192. 1192. 1192. 1192. 1192. 1192.   28.   28.   28.   28.   28.   28.
   28.   28. 
   28.   28.   28. 1192. 1192. 1192. 1192.   28.   28.   28.   28.   28.
   28.   28.   28.   28.   28.   28. 1192. 1192. 1504. 1504. 1504. 1504.
 1504. 1504. 
 1504. 1504. 1504. 1192. 1192. 1192.   28.   28.   28.   28.   28.   28.
   28.   28.   28.   28.   28.   28.   28.   28.   28.   28.   28.   28.
   28.   28. 
   28.   28.   28.   28.   28.   28.   28.   28.   28.   28.   28.   28.
 1192. 1192. 1192. 1192. 1192. 1192. 1192. 1192. 1192.   28.   28.   28.
   28.   28. 
   28.   28.   28.   28. 1192. 1504. 1504. 1504. 1504. 1192. 1504. 1504.
 1504. 1504. 1504. 1504. 1504. 1192.   28.   28.   28.   28.   28.   28.
   28.   28. 
   28.   28.   28.   28.   28.   28.   28.   28.   28.   28.   28.   28.
   28.   28.   28.   28.   28.   28.   28.   28.   28.   28.   28.   28.
 1192. 1192. 
 1504. 1504. 1504. 1504. 1504. 1192. 1192. 1192.   28.   28.   28.   28.
   28.   28.   28. 1192. 1192. 1504. 1504. 1504. 1192. 1192. 1192. 1192.
 1504. 1504. 
 1504. 1504. 1504. 1504.   28.   28.   28.   28.   28.   28.   28.   28.
   28.   28.   28.   28.   28.   28.   28.   28.   28.   28.   28.   28.
   28.   28. 
   28.   28.   28.   28.   28.   28.   28.   28.   28. 1192. 1192. 1504.
 1504. 1504. 1504. 1504. 1504. 1504. 1504. 1192. 1192. 1192.   28.   28.
   28.   28. 
   28. 1192. 1504. 1504. 1504. 1504. 1192.   28.   28. 1192. 1192. 1192.
 1504. 1504. 1504. 1504.   28.   28.   28.   28.   28.   28.   28.   28.
   28.   28. 
   28.   28.   28.   28.   28.   28.   28.   28.   28.   28.   28.   28.
   28.   28.   28.   28.   28.   28.   28.   28.   28. 1192. 1504. 1504.
 1504. 1504. 
 1504. 1504. 1504. 1504. 1504. 1504. 1192. 1192. 1192. 1192.   28.   28.
 1192. 1192. 1504. 1504. 1504. 1192. 1192.   28.   28.   28.   28. 1192.
 1192. 1192. 
 1504. 1504.   28.   28.   28.   28.   28.   28.   28.   28.   28.   28.
   28.   28.   28.   28.   28.   28.   28.   28. 1192. 1192. 1192. 1192.
 1192.   28. 
   28.   28.   28.   28.   28.   28.   28. 1192. 1504. 1504. 1504. 1504.
 1192. 1192. 1192. 1504. 1504. 1504. 1504. 1504. 1192. 1192. 1192. 1192.
 1192. 1504. 
 1504. 1504. 1192. 1192.   28.   28.   28.   28.   28.   28.   28. 1192.
 1192. 1192.   28.   28.   28.   28.   28.   28.   28.   28.   28.   28.
   28.   28. 
   28.   28.   28.   28.   28. 1192. 1192. 1192. 1192. 1192. 1192. 1192.
 1192.   28.   28.   28.   28.   28. 1192. 1192. 1504. 1504. 1504. 1504.
 1192. 1192. 
 1192. 1192. 1192. 1504. 1504. 1504. 1504. 1504. 1504. 1504. 1504. 1504.
 1504. 1504. 1192. 1192.   28.   28.   28.   28.   28.   28.   28.   28.
   28. 1192. 
   28.   28.   28.   28.   28.   28.   28.   28.   28.   28.   28.   28.
   28.   28.   28.   28. 1192. 1192. 1504. 1504. 1504. 1504. 1504. 1504.
 1192. 1192. 
   28.   28.   28.   28. 1192. 1192. 1504. 1504. 1504. 1192. 1192. 1192.
 1192. 1192. 1192. 1192. 1504. 1504. 1504. 1504. 1504. 1504. 1504. 1504.
 1504. 1192. 
 1192.   28.   28.   28.   28.   28.   28.   28.   28.   28.   28.   28.
   28.   28.   28.   28.   28.   28.   28.   28.   28.   28.   28.   28.
   28.   28. 
   28. 1192. 1192. 1504. 1504. 1504. 1504. 1504. 1504. 1504. 1504. 1192.
 1192.   28.   28.   28. 1192. 1504. 1504. 1504. 1504. 1192. 1192. 1192.
 1192. 1192. 
 1192. 1192. 1192. 1504. 1504. 1504. 1504. 1504. 1504. 1192. 1192. 1192.
   28.   28.   28.   28.   28.   28.   28.   28.   28.   28.   28.   28.
   28.   28. 
   28.   28.   28.   28.   28.   28.   28.   28.   28.   28.   28.   28.
 1192. 1192. 1504. 1504. 1504. 1504. 1504. 1504. 1504. 1504. 1504. 1504.
 1192. 1192. 
   28. 1192. 1192. 1504. 1504. 1504. 1192. 1192. 1192. 1504. 1504. 1504.
 1504. 1192. 1192. 1192. 1192. 1192. 1192. 1192. 1192. 1192.   28.   28.
 1192. 1192. 
 1192. 1192.   28.   28.   28.   28.   28.   28.   28.   28.   28.   28.
   28.   28.   28.   28.   28.   28.   28.   28.   28.   28.   28.   28.
 1192. 1504. 
 1504. 1504. 1504. 1192. 1192. 1192. 1192. 1504. 1504. 1504. 1504. 1192.
 1192. 1192. 1192. 1504. 1504. 1504. 1192. 1192. 1504. 1504. 1504. 1504.
 1504. 1504. 
 1192. 1192. 1192. 1192. 1192. 1192. 1192.   28. 1192. 1192. 1192. 1192.
 1192. 1192. 1192. 1192.   28.   28.   28.   28.   28.   28.   28.   28.
   28.   28. 
   28.   28.   28.   28.   28.   28.   28.   28.   28. 1192. 1192. 1504.
 1504. 1504. 1192. 1192.   28.   28. 1192. 1192. 1504. 1504. 1504. 1504.
 1192. 1192. 
 1504. 1504. 1504. 1192. 1192. 1192. 1504. 1504. 1504. 1504. 1504. 1504.
 1504. 1192.   28.   28.   28.   28.   28. 1192. 1192. 1192. 1504. 1504.
 1504. 1504. 
 1504. 1192. 1192.   28.   28.   28.   28.   28.   28.   28. 1192. 1192.
 1192. 1192. 1192. 1192.   28.   28.   28.   28.   28. 1192. 1192. 1504.
 1504. 1504. 
 1192.   28.   28.   28.   28. 1192. 1504. 1504. 1504. 1504. 1504. 1504.
 1504. 1504. 1192. 1192. 1192. 1504. 1504. 1504. 1192. 1504. 1504. 1504.
 1504. 1192. 
 1192.   28.   28. 1192. 1192. 1192. 1504. 1504. 1504. 1504. 1504. 1504.
 1504. 1504. 1192. 1192.   28.   28.   28.   28.   28. 1192. 1192. 1504.
 1504. 1504. 
 1504. 1192. 1192. 1192.   28.   28.   28. 1192. 1504. 1504. 1504. 1192.
 1192.   28.   28. 1192. 1192. 1192. 1192. 1504. 1504. 1504. 1504. 1504.
 1504. 1504. 
 1192. 1192. 1192. 1504. 1504. 1504. 1192. 1192. 1504. 1504. 1504. 1504.
 1192. 1192. 1192. 1192. 1504. 1504. 1504. 1504. 1504. 1504. 1504. 1504.
 1504. 1504. 
 1504. 1192.   28.   28.   28.   28. 1192. 1192. 1504. 1504. 1504. 1504.
 1504. 1504. 1504. 1192. 1192.   28.   28. 1192. 1504. 1504. 1504. 1192.
 1192. 1192. 
 1192. 1192. 1192. 1504. 1192. 1192. 1192. 1504. 1504. 1504. 1192. 1192.
 1192. 1192. 1192. 1504. 1504. 1504. 1192. 1192. 1504. 1504. 1504. 1504.
 1504. 1192. 
 1192. 1504. 1504. 1504. 1504. 1504. 1504. 1192. 1192. 1504. 1504. 1504.
 1504. 1192. 1192.   28.   28.   28. 1192. 1504. 1504. 1504. 1504. 1504.
 1504. 1504. 
 1504. 1504. 1192. 1192. 1192. 1192. 1504. 1504. 1504. 1192. 1192. 1192.
 1192. 1504. 1504. 1504. 1504. 1504. 1192. 1192. 1192. 1192. 1192. 1192.
   28. 1192. 
 1192. 1504. 1504. 1192. 1192. 1192. 1192. 1504. 1504. 1504. 1504. 1504.
 1504. 1504. 1504. 1504. 1504. 1192. 1192. 1192. 1192. 1192. 1504. 1504.
 1504. 1192. 
 1192.   28.   28.   28. 1504. 1504. 1504. 1504. 1192. 1192. 1192. 1504.
 1504. 1504. 1504. 1504. 1192. 1504. 1504. 1504. 1504. 1192. 1192. 1504.
 1504. 1504. 
 1504. 1504. 1504. 1504. 1504. 1504. 1504. 1504. 1192. 1192. 1192. 1192.
 1504. 1504. 1504. 1192. 1192.   28. 1192. 1192. 1504. 1504. 1504. 1504.
 1504. 1504. 
 1504. 1504. 1192. 1192.   28.   28.   28. 1192. 1504. 1504. 1504. 1504.
 1192. 1192.   28.   28. 1504. 1504. 1504. 1192. 1192.   28. 1192. 1192.
 1504. 1504. 
 1504. 1504. 1504. 1504. 1504. 1504. 1192. 1192. 1504. 1504. 1504. 1504.
 1504. 1192. 1192. 1504. 1504. 1504. 1504. 1504. 1504. 1504. 1192. 1192.
 1504. 1504. 
 1504. 1192. 1192.   28.   28. 1192. 1192. 1192. 1504. 1504. 1504. 1504.
 1192. 1192. 1192.   28.   28.   28.   28. 1192. 1192. 1504. 1504. 1504.
 1504. 1192. 
 1192.   28. 1504. 1504. 1192. 1192.   28.   28.   28. 1192. 1192. 1192.
 1504. 1504. 1504. 1504. 1504. 1504. 1192. 1504. 1504. 1504. 1504. 1192.
 1192. 1192. 
 1192. 1192. 1192. 1504. 1504. 1504. 1504. 1504. 1504. 1504. 1504. 1504.
 1504. 1192.   28.   28.   28.   28. 1192. 1192. 1192. 1192. 1192. 1192.
 1192.   28. 
   28.   28.   28.   28.   28.   28. 1192. 1504. 1504. 1504. 1504. 1504.
 1192. 1192. 
/