PERMI
 2951. 2951. 2951. 3755. 2951. 3755. 3755. 3755. 3755. 3755. 3755. 3755.
 3755. 3755. 3755. 3755. 3755. 2951. 2951.   38.   38.   38.   38.   38.
   38.   38. 
   38.   38.   38.   38.   38.   38.   38.   38.   38.   38.   38.   38.
   38.   38.   38.   38.   38.   38.   38.   38.   38.   38.   38. 2951.
 3755. 3755. 
 3755. 2951.   38.   38.   38.   38.   38.   38.   38.   38.   38.   38.
 3755. 2951. 2951. 3755. 2951. 3755. 3755. 3755. 2951. 2951. 2951. 2951.
 2951. 2951. 
 2951. 2951. 2951. 2951.   38.   38.   38.   38.   38.   38.   38.   38.
   38.   38.   38.   38.   38.   38.   38.   38.   38.   38.   38.   38.
   38.   38. 
   38.   38.   38.   38.   38.   38.   38.   38. 2951. 2951. 3755. 3755.
 3755. 2951.   38.   38.   38.   38.   38.   38.   38.   38.   38.   38.
 3755. 2951. 
 2951. 3755. 2951. 2951. 3755. 3755. 3755. 2951. 2951. 2951. 2951. 2951.
 2951.   38.   38.   38.   38.   38.   38.   38.   38.   38.   38.   38.
   38.   38. 
   38.   38.   38.   38.   38.   38.   38.   38.   38.   38.   38.   38.
   38.   38.   38.   38.   38.   38.   38. 2951. 2951. 3755. 3755. 3755.
 3755. 2951. 
   38.   38.   38.   38.   38.   38.   38.   38.   38.   38. 3755. 2951.
 2951. 3755. 3755. 2951. 3755. 3755. 3755. 2951. 2951. 2951. 2951.   38.
   38.   38. 
 38. 38. 38. 38. 38. 38. 38. 38. 38. 38. 38. 38. 38. 38. 38. 38. 38. 38.
 38. 38. 38. 38. 38. 38. 38. 38. 
   38. 2951. 2951. 2951. 2951. 2951. 3755. 3755. 3755. 3755. 2951.   38.
   38.   38.   38.   38.   38.   38.   38.   38.   38.   38. 2951. 2951.
 2951. 3755. 
 3755. 2951. 2951. 3755. 3755. 3755. 2951. 2951. 2951.   38.   38.   38.
   38.   38.   38.   38.   38.   38.   38.   38.   38.   38.   38.   38.
   38.   38. 
   38.   38.   38.   38.   38.   38.   38.   38.   38.   38. 2951. 2951.
 2951. 2951. 3755. 3755. 3755. 3755. 3755. 3755. 3755. 3755. 2951.   38.
   38.   38. 
   38.   38.   38.   38.   38.   38.   38.   38. 2951. 2951. 2951. 3755.
 3755. 3755. 2951. 2951. 3755. 3755. 3755. 2951. 2951. 2951.   38.   38.
   38.   38. 
   38.   38.   38.   38.   38.   38.   38.   38.   38.   38.   38.   38.
   38.   38.   38.   38.   38.   38.   38.   38.   38. 2951. 2951. 3755.
 3755. 3755. 
 3755. 3755. 3755. 3755. 3755. 3755. 2951. 2951. 2951.   38.   38.   38.
   38.   38.   38. 2951. 2951. 2951. 2951. 2951. 2951.   38. 2951. 3755.
 3755. 3755. 
 2951. 2951. 2951. 3755. 3755. 3755. 2951. 2951. 2951.   38.   38.   38.
   38.   38.   38.   38.   38.   38.   38.   38.   38.   38.   38.   38.
   38.   38. 
   38.   38.   38.   38.   38.   38. 2951. 3755. 3755. 3755. 3755. 3755.
 3755. 3755. 3755. 3755. 2951. 2951. 2951.   38.   38.   38.   38.   38.
   38. 2951. 
 2951. 3755. 3755. 3755. 3755. 2951. 2951.   38. 2951. 2951. 3755. 3755.
 3755. 2951. 2951. 2951. 3755. 3755. 3755. 3755. 2951.   38.   38.   38.
   38.   38. 
   38.   38.   38.   38.   38.   38.   38.   38.   38.   38.   38.   38.
   38.   38.   38.   38.   38.   38. 2951. 3755. 3755. 3755. 3755. 3755.
 3755. 2951. 
 2951. 2951. 2951.   38.   38.   38.   38.   38.   38.   38. 2951. 2951.
 3755. 3755. 3755. 3755. 3755. 3755. 2951. 2951. 2951. 2951. 3755. 3755.
 3755. 2951. 
 2951. 2951. 2951. 3755. 3755. 3755. 2951. 2951.   38.   38.   38.   38.
   38.   38.   38.   38.   38.   38.   38.   38.   38.   38.   38.   38.
   38.   38. 
   38.   38.   38.   38. 2951. 3755. 3755. 3755. 2951. 2951. 2951.   38.
   38.   38.   38.   38.   38.   38.   38.   38.   38.   38. 2951. 2951.
 3755. 3755. 
 3755. 3755. 3755. 3755. 2951. 2951. 3755. 2951. 2951. 3755. 2951. 2951.
 2951. 2951. 2951. 3755. 3755. 3755. 2951.   38.   38.   38.   38.   38.
   38.   38. 
   38.   38.   38.   38.   38.   38.   38.   38.   38.   38.   38.   38.
   38.   38.   38.   38. 2951. 3755. 3755. 3755. 2951.   38.   38.   38.
   38.   38. 
   38.   38.   38.   38.   38.   38.   38.   38. 2951. 3755. 3755. 3755.
 2951. 2951. 2951. 2951. 3755. 2951. 2951. 2951. 2951. 2951. 2951. 3755.
 3755. 3755. 
 3755. 3755. 3755. 3755. 2951.   38.   38.   38.   38.   38.   38.   38.
   38.   38.   38.   38.   38.   38.   38.   38.   38.   38.   38.   38.
   38.   38. 
   38.   38. 2951. 3755. 3755. 3755. 2951.   38.   38.   38.   38.   38.
   38.   38.   38.   38.   38.   38.   38.   38. 2951. 3755. 3755. 3755.
 2951. 2951. 
 3755. 3755. 3755. 3755. 2951. 2951. 3755. 3755. 3755. 3755. 3755. 3755.
 3755. 3755. 2951. 2951.   38.   38.   38.   38.   38.   38.   38.   38.
   38.   38. 
   38.   38.   38.   38.   38.   38.   38.   38.   38.   38.   38.   38.
   38.   38. 2951. 3755. 3755. 3755. 2951. 2951.   38.   38.   38.   38.
   38.   38. 
   38.   38.   38.   38.   38.   38. 2951. 2951. 3755. 2951. 2951. 3755.
 3755. 3755. 3755. 2951. 3755. 3755. 3755. 3755. 3755. 3755. 3755. 2951.
 2951. 2951. 
 2951. 2951.   38.   38.   38.   38.   38.   38.   38.   38.   38.   38.
   38.   38.   38.   38.   38.   38.   38.   38.   38.   38.   38.   38.
   38.   38. 
   38. 2951. 3755. 3755. 3755. 2951.   38.   38.   38.   38.   38.   38.
   38.   38.   38.   38.   38.   38. 2951. 2951. 2951. 2951. 3755. 3755.
 3755. 3755. 
 2951. 3755. 3755. 3755. 3755. 3755. 3755. 2951. 2951. 2951. 2951. 2951.
 2951.   38.   38.   38.   38.   38.   38.   38.   38.   38.   38.   38.
   38.   38. 
   38.   38.   38.   38.   38.   38.   38.   38.   38.   38.   38.   38.
   38. 2951. 3755. 3755. 3755. 2951.   38.   38.   38.   38.   38.   38.
   38.   38. 
   38.   38.   38.   38. 2951. 2951. 2951. 2951. 3755. 3755. 3755. 2951.
 2951. 3755. 3755. 3755. 2951. 2951. 2951. 2951. 2951. 2951. 2951. 2951.
   38.   38. 
   38.   38.   38.   38.   38.   38.   38.   38.   38.   38.   38.   38.
   38.   38.   38.   38.   38. 2951.   38.   38.   38.   38.   38.   38.
   38. 2951. 
 3755. 3755. 3755. 2951.   38.   38.   38.   38.   38.   38.   38.   38.
   38.   38.   38.   38.   38. 2951. 2951. 2951. 3755. 3755. 3755. 2951.
 2951. 3755. 
 3755. 3755. 2951. 2951. 2951.   38.   38.   38.   38.   38.   38.   38.
   38.   38.   38.   38.   38.   38.   38.   38.   38.   38.   38.   38.
   38.   38. 
 2951. 2951. 2951. 2951. 2951. 2951.   38.   38.   38.   38.   38. 2951.
 3755. 3755. 3755. 2951.   38.   38.   38.   38.   38.   38.   38.   38.
   38.   38. 
   38.   38.   38. 2951. 2951. 2951. 3755. 3755. 3755. 2951. 2951. 3755.
 3755. 3755. 2951.   38.   38.   38.   38.   38.   38.   38.   38.   38.
   38.   38. 
   38.   38.   38.   38.   38.   38.   38.   38.   38.   38.   38.   38.
 2951. 3755. 3755. 3755. 3755. 3755. 2951. 2951. 2951. 2951. 2951. 2951.
 2951. 3755. 
 3755. 2951.   38.   38.   38.   38.   38.   38.   38.   38.   38.   38.
   38.   38.   38.   38. 2951. 2951. 3755. 3755. 2951. 2951. 2951. 3755.
 3755. 3755. 
 2951. 2951.   38.   38.   38.   38.   38.   38.   38.   38.   38.   38.
   38.   38.   38.   38.   38.   38.   38.   38.   38.   38.   38. 2951.
 3755. 3755. 
 3755. 3755. 3755. 3755. 3755. 3755. 3755. 3755. 3755. 3755. 3755. 3755.
 3755. 2951.   38.   38.   38.   38.   38.   38.   38.   38.   38.   38.
   38.   38. 
   38.   38. 2951. 2951. 3755. 3755. 2951. 2951. 2951. 2951. 3755. 3755.
 3755. 2951.   38.   38.   38.   38.   38.   38.   38.   38.   38.   38.
   38.   38. 
   38.   38.   38.   38.   38.   38.   38.   38.   38. 2951. 3755. 3755.
 3755. 2951. 2951. 3755. 3755. 3755. 3755. 3755. 3755. 3755. 3755. 3755.
 3755. 2951. 
   38.   38.   38.   38.   38.   38.   38.   38.   38.   38.   38.   38.
   38.   38. 2951. 2951. 3755. 3755. 2951. 2951. 3755. 2951. 3755. 3755.
 3755. 2951. 
 2951.   38.   38.   38.   38.   38.   38.   38.   38.   38.   38.   38.
   38.   38.   38.   38.   38.   38.   38.   38.   38. 2951. 3755. 3755.
 3755. 2951. 
 2951. 2951. 2951. 3755. 3755. 3755. 3755. 3755. 3755. 2951. 2951.   38.
   38.   38.   38.   38.   38.   38.   38.   38.   38.   38.   38.   38.
   38.   38. 
 2951. 2951. 3755. 3755. 3755. 2951. 3755. 2951. 3755. 3755. 3755. 3755.
 2951.   38.   38.   38.   38.   38.   38.   38.   38.   38.   38.   38.
   38.   38. 
   38.   38.   38.   38.   38.   38.   38. 2951. 2951. 3755. 3755. 3755.
 2951. 2951. 2951. 2951. 2951. 2951. 2951. 2951. 2951. 2951.   38.   38.
   38.   38. 
   38.   38.   38.   38.   38.   38.   38.   38.   38.   38. 2951. 2951.
 2951. 2951. 3755. 3755. 3755. 2951. 3755. 2951. 2951. 3755. 3755. 3755.
 2951.   38. 
   38.   38.   38.   38.   38.   38.   38.   38.   38.   38.   38.   38.
   38.   38.   38.   38.   38.   38.   38. 2951. 2951. 3755. 3755. 3755.
 3755. 2951. 
   38.   38.   38.   38.   38.   38.   38.   38.   38.   38.   38.   38.
   38.   38.   38.   38.   38.   38.   38. 2951. 2951. 2951. 2951. 3755.
 2951. 2951. 
 3755. 3755. 3755. 2951. 3755. 2951. 2951. 2951. 3755. 3755. 2951. 2951.
   38.   38.   38.   38.   38.   38.   38.   38.   38.   38.   38. 2951.
 2951. 2951. 
 2951. 2951. 2951.   38.   38.   38. 2951. 2951. 3755. 3755. 3755. 2951.
 2951.   38.   38.   38.   38.   38.   38.   38.   38.   38.   38.   38.
   38.   38. 
   38.   38. 2951. 2951. 2951. 2951. 2951. 2951. 2951. 2951. 2951. 2951.
 3755. 3755. 3755. 2951. 3755. 2951. 2951. 2951. 3755. 3755. 3755. 2951.
   38.   38. 
   38.   38.   38.   38.   38.   38.   38.   38. 2951. 2951. 3755. 3755.
 3755. 3755. 3755. 2951. 2951.   38. 2951. 2951. 3755. 3755. 3755. 3755.
 2951.   38. 
   38.   38.   38.   38.   38.   38.   38.   38.   38.   38.   38.   38.
   38. 2951. 2951. 2951. 2951. 2951. 2951. 2951. 2951. 2951. 2951. 2951.
 3755. 3755. 
 3755. 2951. 2951. 2951.   38. 2951. 3755. 3755. 3755. 2951.   38.   38.
   38.   38.   38.   38.   38.   38.   38.   38. 2951. 3755. 3755. 3755.
 3755. 3755. 
 3755. 3755. 3755. 2951. 2951. 2951. 2951. 3755. 3755. 3755. 2951.   38.
   38.   38.   38.   38.   38.   38.   38.   38.   38.   38.   38.   38.
 2951. 2951. 
 2951. 3755. 3755. 3755. 3755. 3755. 3755. 3755. 3755. 3755. 3755. 3755.
 2951. 2951. 2951.   38.   38. 2951. 2951. 3755. 3755. 2951. 2951.   38.
   38.   38. 
   38.   38.   38.   38.   38. 2951. 2951. 3755. 3755. 3755. 2951. 3755.
 3755. 3755. 3755. 3755. 3755. 2951. 2951. 3755. 3755. 3755. 2951.   38.
   38.   38. 
   38.   38.   38.   38.   38.   38.   38.   38.   38. 2951. 2951. 3755.
 3755. 3755. 3755. 3755. 3755. 3755. 3755. 3755. 3755. 3755. 3755. 2951.
 2951.   38. 
   38.   38.   38. 2951. 2951. 3755. 3755. 2951. 2951.   38.   38.   38.
   38.   38.   38.   38.   38. 2951. 2951. 3755. 3755. 2951. 2951. 2951.
 2951. 3755. 
 3755. 3755. 3755. 3755. 3755. 3755. 3755. 3755. 2951.   38.   38.   38.
   38.   38.   38.   38.   38.   38.   38.   38. 2951. 2951. 3755. 3755.
 3755. 3755. 
 3755. 3755. 2951. 2951. 2951. 2951. 3755. 3755. 2951. 2951. 2951.   38.
   38.   38.   38. 2951. 3755. 3755. 3755. 2951.   38.   38.   38.   38.
   38.   38. 
   38.   38.   38. 2951. 2951. 3755. 3755. 2951. 2951.   38.   38. 2951.
 2951. 2951. 3755. 3755. 3755. 3755. 3755. 3755. 2951.   38.   38.   38.
   38.   38. 
   38.   38.   38.   38.   38.   38. 2951. 3755. 3755. 3755. 2951. 2951.
 2951. 2951. 2951. 2951. 2951. 2951. 2951. 2951. 2951. 2951. 2951.   38.
   38.   38. 
 2951. 3755. 3755. 3755. 2951. 2951.   38.   38.   38.   38.   38.   38.
   38.   38.   38. 2951. 2951. 3755. 3755. 3755. 2951.   38.   38.   38.
   38. 2951. 
 2951. 2951. 3755. 3755. 3755. 2951. 2951.   38.   38.   38.   38.   38.
   38.   38.   38.   38.   38.   38. 2951. 3755. 3755. 3755. 2951. 3755.
 3755. 3755. 
 3755. 2951. 2951. 2951. 2951. 3755. 3755. 2951. 2951.   38. 2951. 2951.
 3755. 3755. 3755. 3755. 2951.   38.   38.   38.   38.   38.   38.   38.
   38.   38. 
   38. 2951. 2951. 3755. 3755. 3755. 2951.   38.   38.   38.   38.   38.
   38. 2951. 2951. 2951. 2951. 2951.   38.   38.   38.   38.   38.   38.
   38.   38. 
   38.   38.   38. 2951. 2951. 3755. 3755. 2951. 2951. 3755. 3755. 3755.
 3755. 3755. 3755. 2951. 2951. 3755. 3755. 2951. 2951.   38. 3755. 3755.
 3755. 3755. 
 3755. 2951.   38.   38.   38.   38.   38.   38.   38.   38.   38.   38.
   38. 2951. 2951. 3755. 3755. 3755. 2951.   38.   38.   38.   38.   38.
   38.   38. 
   38.   38.   38.   38.   38.   38.   38.   38.   38.   38.   38.   38.
   38.   38.   38. 2951. 2951. 3755. 3755. 3755. 2951. 3755. 3755. 3755.
 3755. 3755. 
 3755. 3755. 3755. 3755. 3755. 2951. 2951.   38. 3755. 3755. 3755. 2951.
 2951.   38.   38.   38.   38.   38.   38.   38.   38.   38.   38.   38.
   38.   38. 
 2951. 3755. 3755. 3755. 2951.   38.   38.   38.   38.   38.   38.   38.
   38.   38.   38.   38.   38.   38.   38.   38.   38.   38.   38.   38.
   38.   38. 
   38. 2951. 2951. 3755. 3755. 3755. 2951. 2951. 2951. 2951. 2951. 3755.
 3755. 3755. 3755. 3755. 3755. 2951. 2951.   38. 2951. 2951. 2951. 2951.
   38.   38. 
   38.   38.   38.   38.   38.   38.   38.   38.   38.   38.   38. 2951.
 2951. 3755. 3755. 3755. 2951.   38.   38.   38.   38.   38.   38.   38.
   38.   38. 
   38.   38.   38.   38.   38.   38.   38.   38.   38.   38.   38.   38.
 2951. 2951. 2951. 2951. 3755. 3755. 2951. 2951. 2951. 2951. 2951. 2951.
 2951. 3755. 
 3755. 2951. 2951. 2951.   38.   38. 2951.   38.   38.   38.   38.   38.
   38.   38.   38.   38.   38.   38.   38.   38.   38.   38.   38. 2951.
 2951. 3755. 
 3755. 2951. 2951.   38.   38.   38.   38.   38.   38.   38.   38.   38.
   38.   38.   38.   38.   38.   38.   38.   38.   38.   38. 2951. 2951.
 2951. 2951. 
 2951. 2951. 3755. 3755. 3755. 2951. 2951. 2951. 2951. 2951. 2951. 2951.
 2951. 2951.   38.   38.   38.   38.   38.   38.   38.   38.   38.   38.
 2951. 2951. 
 2951. 2951. 2951. 2951. 2951.   38.   38.   38.   38. 2951. 3755. 3755.
 3755. 2951. 2951.   38.   38.   38.   38.   38.   38.   38.   38.   38.
   38.   38. 
   38.   38.   38.   38.   38.   38.   38. 2951. 2951. 3755. 3755. 3755.
 2951. 2951. 2951. 3755. 3755. 3755. 2951. 2951. 2951. 3755. 3755. 3755.
 2951.   38. 
   38.   38.   38.   38.   38.   38.   38.   38.   38. 2951. 3755. 3755.
 3755. 3755. 3755. 3755. 3755. 2951.   38.   38.   38. 2951. 3755. 3755.
 3755. 2951. 
   38.   38.   38.   38.   38.   38.   38.   38.   38.   38.   38.   38.
   38.   38.   38.   38.   38.   38. 2951. 2951. 3755. 3755. 3755. 3755.
 2951. 2951. 
 2951. 3755. 3755. 3755. 3755. 2951. 2951. 3755. 3755. 3755. 2951.   38.
   38.   38.   38.   38. 2951.   38.   38.   38. 2951. 3755. 3755. 3755.
 3755. 3755. 
 3755. 3755. 3755. 3755. 2951. 2951.   38. 2951. 3755. 3755. 3755. 2951.
   38.   38.   38.   38.   38.   38.   38.   38.   38.   38.   38.   38.
   38.   38. 
   38.   38.   38.   38. 2951. 2951. 3755. 3755. 3755. 3755. 3755. 2951.
 3755. 2951. 3755. 3755. 3755. 3755. 2951. 2951. 3755. 2951. 2951.   38.
   38.   38. 
   38.   38. 2951.   38.   38. 2951. 3755. 3755. 3755. 3755. 3755. 3755.
 3755. 3755. 3755. 3755. 3755. 3755. 2951. 2951. 3755. 3755. 2951. 2951.
   38.   38. 
   38.   38.   38.   38.   38.   38.   38.   38.   38.   38.   38.   38.
   38.   38.   38.   38. 2951. 2951. 2951. 2951. 2951. 2951. 2951. 2951.
 2951. 2951. 
 2951. 3755. 3755. 3755. 3755. 2951. 2951. 2951.   38.   38.   38.   38.
   38.   38. 3755. 2951.   38. 2951. 3755. 3755. 3755. 3755. 2951. 2951.
 2951. 3755. 
 3755. 3755. 3755. 3755. 3755. 3755. 3755. 3755. 2951. 2951.   38.   38.
   38.   38.   38.   38.   38.   38.   38.   38.   38.   38.   38.   38.
   38.   38. 
   38.   38. 2951. 2951. 2951. 3755. 3755. 3755. 2951. 2951. 2951. 2951.
 2951. 2951. 3755. 3755. 3755. 3755. 2951.   38.   38.   38.   38.   38.
   38.   38. 
 3755. 2951.   38. 2951. 3755. 3755. 3755. 2951.   38.   38.   38. 2951.
 2951. 3755. 3755. 3755. 3755. 3755. 3755. 3755. 2951.   38.   38.   38.
   38.   38. 
   38.   38.   38.   38.   38.   38.   38.   38.   38.   38.   38.   38.
   38.   38. 2951. 3755. 3755. 3755. 3755. 3755. 3755. 3755. 2951. 2951.
 2951. 2951. 
 2951. 3755. 3755. 3755. 2951.   38.   38.   38.   38.   38.   38.   38.
 3755. 3755. 2951. 2951. 3755. 3755. 3755. 2951. 2951.   38.   38.   38.
   38. 2951. 
 2951. 3755. 3755. 3755. 3755. 2951. 2951.   38.   38.   38.   38.   38.
   38.   38.   38.   38.   38.   38.   38.   38.   38.   38.   38.   38.
   38. 2951. 
 2951. 3755. 3755. 3755. 3755. 3755. 3755. 3755. 3755. 3755. 2951. 2951.
 3755. 3755. 3755. 3755. 2951.   38.   38.   38.   38.   38.   38.   38.
 3755. 3755. 
 2951. 2951. 2951. 3755. 3755. 3755. 2951.   38.   38.   38.   38.   38.
   38. 2951. 2951. 2951. 2951. 2951.   38.   38.   38.   38.   38.   38.
   38.   38. 
   38.   38. 2951. 2951. 2951. 2951. 2951.   38.   38.   38.   38. 2951.
 3755. 3755. 3755. 2951. 2951. 2951. 3755. 3755. 3755. 3755. 3755. 3755.
 3755. 3755. 
 3755. 2951.   38.   38.   38.   38.   38.   38.   38.   38. 3755. 3755.
 2951.   38. 2951. 3755. 3755. 3755. 2951. 2951.   38.   38.   38.   38.
   38.   38. 
   38.   38.   38.   38.   38.   38.   38.   38.   38.   38.   38.   38.
   38. 2951. 2951. 3755. 2951. 3755. 2951. 2951. 2951.   38.   38. 2951.
 3755. 3755. 
 3755. 2951. 2951. 2951. 2951. 3755. 3755. 3755. 3755. 3755. 3755. 3755.
 3755. 2951.   38.   38.   38.   38.   38.   38.   38.   38. 3755. 3755.
 2951.   38. 
 2951. 2951. 3755. 3755. 3755. 2951.   38.   38.   38.   38.   38.   38.
   38.   38.   38.   38.   38.   38.   38.   38.   38.   38.   38.   38.
 2951. 2951. 
 3755. 3755. 3755. 3755. 3755. 3755. 2951. 2951.   38. 2951. 2951. 3755.
 3755. 3755. 2951. 2951. 2951. 2951. 2951. 2951. 2951. 3755. 2951. 2951.
 2951.   38. 
   38.   38.   38.   38.   38.   38.   38.   38. 3755. 3755. 2951.   38.
   38. 2951. 3755. 3755. 3755. 2951.   38.   38.   38.   38.   38.   38.
   38.   38. 
   38.   38.   38.   38.   38.   38.   38.   38.   38.   38. 2951. 3755.
 3755. 3755. 3755. 3755. 3755. 3755. 3755. 2951. 2951. 2951. 2951. 2951.
 3755. 3755. 
 3755. 2951. 2951. 2951. 2951. 2951. 2951. 2951. 2951.   38.   38.   38.
   38.   38.   38.   38.   38.   38.   38.   38. 3755. 2951. 2951.   38.
   38. 2951. 
 3755. 3755. 3755. 2951. 2951.   38.   38.   38.   38.   38.   38.   38.
   38.   38.   38.   38.   38.   38.   38.   38.   38.   38. 2951. 3755.
 3755. 3755. 
 2951. 3755. 3755. 3755. 3755. 3755. 2951. 2951. 2951. 2951. 3755. 3755.
 3755. 3755. 2951.   38.   38.   38.   38.   38.   38.   38.   38.   38.
   38.   38. 
   38.   38.   38.   38.   38.   38. 3755. 2951.   38.   38.   38.   38.
 2951. 3755. 3755. 3755. 2951.   38.   38.   38.   38.   38.   38.   38.
   38.   38. 
   38.   38.   38.   38.   38.   38.   38.   38. 2951. 3755. 3755. 3755.
 3755. 2951. 2951. 3755. 3755. 3755. 3755. 2951. 3755. 3755. 2951. 3755.
 3755. 3755. 
 2951.   38.   38.   38.   38.   38.   38.   38.   38.   38.   38.   38.
   38.   38.   38.   38.   38.   38. 2951. 2951.   38.   38.   38.   38.
 2951. 3755. 
 3755. 3755. 2951.   38.   38.   38.   38.   38.   38.   38.   38.   38.
   38.   38.   38.   38.   38.   38.   38.   38. 2951. 2951. 3755. 3755.
 3755. 3755. 
 2951. 2951. 3755. 3755. 3755. 2951. 3755. 3755. 3755. 2951. 3755. 3755.
 3755. 2951.   38.   38.   38.   38.   38.   38.   38.   38.   38.   38.
   38.   38. 
   38.   38.   38.   38.   38.   38.   38.   38.   38.   38.   38. 2951.
 3755. 3755. 2951.   38.   38.   38.   38.   38.   38.   38.   38.   38.
   38.   38. 
   38.   38.   38.   38.   38.   38.   38. 2951. 3755. 3755. 3755. 3755.
 3755. 2951. 2951. 3755. 3755. 2951. 3755. 3755. 3755. 2951. 3755. 3755.
 3755. 2951. 
   38.   38.   38.   38.   38.   38.   38.   38.   38.   38.   38.   38.
   38.   38.   38.   38.   38.   38.   38.   38. 2951. 2951. 2951. 2951.
 3755. 3755. 
 2951.   38.   38.   38.   38.   38.   38.   38.   38.   38.   38.   38.
   38.   38.   38.   38.   38.   38.   38. 2951. 2951. 2951. 3755. 3755.
 3755. 3755. 
 2951. 2951. 2951. 2951. 3755. 3755. 3755. 2951. 3755. 3755. 2951. 2951.
   38.   38.   38.   38.   38.   38.   38.   38.   38.   38.   38.   38.
   38.   38. 
   38.   38.   38. 2951. 2951. 2951. 2951. 3755. 3755. 3755. 3755. 3755.
 2951.   38.   38.   38.   38.   38.   38.   38.   38.   38.   38.   38.
   38.   38. 
   38.   38.   38.   38.   38.   38. 2951. 2951. 2951. 2951. 3755. 3755.
 3755. 2951. 2951. 2951. 2951. 3755. 3755. 2951. 3755. 3755. 2951. 2951.
   38.   38. 
   38.   38.   38.   38.   38.   38.   38.   38.   38.   38.   38.   38.
   38.   38. 2951. 2951. 3755. 3755. 3755. 3755. 3755. 3755. 3755. 2951.
   38.   38. 
   38.   38.   38.   38.   38.   38.   38.   38.   38.   38.   38.   38.
   38.   38.   38.   38.   38.   38.   38.   38. 2951. 2951. 3755. 3755.
 3755. 2951. 
 2951.   38. 2951. 3755. 2951. 2951. 3755. 3755. 2951. 2951.   38.   38.
   38.   38.   38.   38.   38.   38.   38.   38.   38.   38.   38.   38.
   38.   38. 
 3755. 3755. 3755. 3755. 3755. 3755. 2951. 2951. 2951. 2951.   38.   38.
   38.   38.   38.   38.   38.   38.   38.   38.   38.   38.   38.   38.
   38.   38. 
 2951. 2951. 2951.   38. 2951. 2951. 2951. 2951. 3755. 2951. 2951. 2951.
 2951. 2951. 2951. 2951. 2951. 3755. 3755. 3755. 2951. 2951.   38.   38.
   38.   38. 
   38.   38.   38.   38.   38.   38.   38.   38.   38.   38.   38.   38.
 3755. 3755. 3755. 3755. 2951. 2951. 2951. 2951.   38.   38.   38.   38.
   38.   38. 
   38.   38.   38.   38.   38.   38.   38.   38.   38.   38.   38. 2951.
 2951. 2951. 2951. 2951. 2951. 2951. 2951. 2951. 2951. 2951. 2951. 2951.
 2951. 3755. 
 2951. 3755. 3755. 3755. 3755. 3755. 2951.   38.   38.   38.   38.   38.
   38.   38.   38.   38.   38.   38.   38.   38.   38.   38.   38.   38.
 3755. 3755. 
 2951. 2951. 2951.   38.   38.   38.   38.   38.   38.   38.   38.   38.
   38.   38.   38.   38.   38.   38.   38.   38.   38.   38. 2951. 2951.
 3755. 2951. 
 2951. 2951. 2951. 2951. 2951. 3755. 3755. 3755. 3755. 3755. 3755. 3755.
 3755. 3755. 3755. 3755. 2951. 2951. 2951.   38.   38.   38.   38.   38.
   38.   38. 
   38.   38.   38.   38.   38.   38.   38.   38.   38.   38. 2951. 2951.
 2951.   38.   38.   38.   38.   38.   38.   38.   38.   38.   38.   38.
   38.   38. 
   38.   38.   38.   38.   38.   38.   38. 2951. 2951. 3755. 2951. 2951.
 3755. 3755. 2951. 2951. 3755. 3755. 3755. 3755. 3755. 3755. 3755. 3755.
 3755. 3755. 
 2951. 2951. 2951.   38.   38.   38.   38.   38.   38.   38.   38.   38.
   38.   38.   38.   38.   38.   38.   38.   38.   38.   38.   38.   38.
   38.   38. 
   38.   38.   38.   38.   38.   38.   38.   38.   38.   38.   38.   38.
   38.   38.   38.   38.   38.   38. 2951. 2951. 3755. 3755. 2951. 3755.
 3755. 3755. 
 2951. 3755. 3755. 3755. 3755. 3755. 3755. 2951. 2951. 2951. 2951. 2951.
 3755. 2951.   38.   38.   38.   38.   38.   38.   38.   38.   38.   38.
   38.   38. 
   38.   38.   38.   38.   38.   38.   38.   38. 2951. 2951.   38.   38.
   38.   38.   38.   38.   38.   38.   38.   38.   38.   38.   38.   38.
   38.   38. 
   38.   38.   38.   38. 2951. 2951. 3755. 3755. 2951. 3755. 3755. 3755.
 2951. 2951. 3755. 3755. 2951. 2951. 2951. 2951. 2951. 2951. 3755. 3755.
 3755. 2951. 
   38.   38.   38.   38.   38.   38.   38.   38.   38.   38.   38.   38.
   38.   38.   38.   38.   38.   38.   38.   38. 3755. 2951. 2951. 2951.
   38.   38. 
   38.   38.   38.   38.   38.   38.   38.   38.   38.   38.   38.   38.
   38.   38.   38.   38. 2951. 2951. 3755. 3755. 2951. 3755. 3755. 3755.
 2951. 2951. 
 3755. 3755. 3755. 2951. 3755. 3755. 3755. 3755. 3755. 3755. 3755. 2951.
   38.   38.   38.   38.   38.   38.   38.   38.   38.   38.   38.   38.
   38.   38. 
   38.   38.   38.   38.   38.   38. 3755. 3755. 3755. 2951. 2951.   38.
   38.   38.   38.   38.   38.   38.   38.   38.   38.   38.   38.   38.
   38.   38. 
   38.   38. 2951. 3755. 3755. 3755. 2951. 3755. 3755. 3755. 3755. 2951.
 3755. 3755. 3755. 2951. 2951. 3755. 3755. 3755. 3755. 3755. 2951. 2951.
   38.   38. 
   38.   38.   38.   38.   38.   38.   38.   38.   38.   38.   38.   38.
   38.   38.   38.   38.   38.   38. 3755. 3755. 3755. 3755. 2951. 2951.
   38.   38. 
   38.   38.   38.   38.   38.   38.   38.   38.   38.   38.   38.   38.
   38.   38. 2951. 2951. 3755. 3755. 2951. 2951. 3755. 3755. 3755. 2951.
 2951. 3755. 
 3755. 3755. 2951. 2951. 2951. 3755. 3755. 2951. 2951.   38.   38.   38.
   38.   38.   38.   38.   38.   38.   38.   38.   38.   38.   38.   38.
   38.   38. 
   38.   38.   38.   38. 2951. 3755. 3755. 3755. 3755. 2951.   38.   38.
   38.   38.   38.   38.   38.   38.   38.   38.   38.   38.   38.   38.
   38.   38. 
   38. 2951. 3755. 3755. 3755. 2951. 2951. 3755. 3755. 3755. 2951. 3755.
 3755. 3755. 3755. 2951. 2951. 2951. 2951.   38.   38.   38.   38.   38.
   38.   38. 
   38.   38.   38.   38.   38.   38.   38.   38.   38.   38.   38.   38.
   38.   38.   38.   38. 2951. 2951. 3755. 3755. 3755. 2951.   38.   38.
   38.   38. 
   38.   38.   38.   38.   38.   38.   38.   38.   38.   38.   38.   38.
   38. 2951. 3755. 3755. 3755. 2951. 2951. 3755. 3755. 3755. 2951. 2951.
 3755. 3755. 
 3755. 3755. 2951.   38.   38.   38.   38.   38.   38.   38.   38.   38.
   38.   38.   38.   38.   38.   38.   38.   38.   38.   38.   38.   38.
   38.   38. 
   38.   38. 3755. 2951. 2951. 3755. 3755. 2951. 2951.   38.   38.   38.
   38.   38.   38.   38.   38.   38.   38.   38.   38.   38.   38.   38.
   38. 2951. 
 3755. 3755. 3755. 2951. 2951. 3755. 3755. 3755. 3755. 2951. 2951. 3755.
 3755. 3755. 2951.   38.   38.   38.   38.   38.   38.   38.   38.   38.
   38.   38. 
 38. 38. 38. 38. 38. 38. 38. 38. 38. 38. 38. 38. 38. 38. 
/