PERMI
   23.   23.   23.   23.   23.   23.   23.   23.   23. 2140. 2140. 3531.
 3531. 2140. 2140. 2140. 2140. 3531. 3531. 3531. 3531. 2140. 2140. 2140.
 3531. 3531. 
 3531. 2140. 2140. 2140. 2140.   23.   23.   23.   23.   23.   23.   23.
   23.   23.   23.   23.   23.   23.   23.   23.   23.   23.   23.   23.
   23.   23. 
   23.   23. 2140. 2140. 3531. 3531. 3531. 2140. 2140.   23.   23.   23.
 2140.   23.   23.   23.   23.   23.   23.   23. 2140. 2140. 3531. 3531.
 3531. 3531. 
 2140. 2140. 2140. 2140. 2140. 2140. 2140. 2140. 2140. 2140. 3531. 3531.
 3531. 2140. 2140. 3531. 3531. 2140. 2140.   23.   23.   23.   23.   23.
   23.   23. 
   23.   23.   23.   23.   23.   23.   23.   23.   23.   23.   23.   23.
   23.   23. 2140. 3531. 3531. 3531. 2140. 2140.   23.   23.   23.   23.
 2140. 2140. 
 2140.   23.   23.   23.   23.   23. 2140. 3531. 3531. 3531. 3531. 2140.
 2140.   23.   23. 2140. 2140. 2140. 2140. 2140. 2140. 2140. 3531. 3531.
 3531. 2140. 
 2140. 3531. 3531. 3531. 2140.   23.   23.   23.   23.   23.   23.   23.
   23.   23.   23.   23.   23.   23.   23.   23.   23.   23.   23.   23.
   23. 2140. 
 2140. 3531. 3531. 3531. 2140. 2140.   23.   23.   23.   23. 2140. 2140.
 2140. 2140.   23.   23.   23. 2140. 2140. 3531. 3531. 3531. 2140. 2140.
 2140. 2140. 
   23.   23.   23.   23.   23. 2140. 2140. 2140. 3531. 3531. 3531. 2140.
 2140. 3531. 3531. 3531. 3531. 2140.   23.   23.   23.   23.   23.   23.
   23.   23. 
   23.   23.   23.   23.   23.   23.   23.   23.   23.   23. 2140. 2140.
 3531. 3531. 3531. 2140. 2140.   23.   23.   23.   23.   23. 3531. 2140.
 2140. 2140. 
   23.   23.   23. 2140. 3531. 3531. 3531. 3531. 2140. 2140. 2140. 2140.
 2140. 2140. 2140. 2140. 2140. 2140. 2140. 3531. 3531. 3531. 3531. 2140.
 2140. 3531. 
 3531. 3531. 3531. 3531. 2140.   23.   23.   23.   23.   23.   23.   23.
   23.   23.   23.   23.   23.   23.   23.   23.   23. 2140. 2140. 3531.
 3531. 3531. 
 3531. 2140.   23.   23.   23.   23.   23.   23. 3531. 3531. 2140. 2140.
 2140.   23. 2140. 2140. 3531. 3531. 3531. 2140. 2140. 3531. 3531. 3531.
 3531. 2140. 
 2140. 2140. 2140. 2140. 3531. 3531. 3531. 3531. 2140. 2140. 2140. 2140.
 3531. 3531. 3531. 3531. 2140.   23.   23.   23.   23.   23.   23.   23.
   23.   23. 
   23.   23.   23.   23.   23.   23. 2140. 2140. 3531. 3531. 3531. 3531.
 2140. 2140.   23. 2140. 2140. 2140. 2140. 2140. 3531. 3531. 2140. 2140.
 2140.   23. 
 2140. 2140. 3531. 3531. 3531. 3531. 3531. 3531. 3531. 3531. 3531. 3531.
 3531. 2140. 2140. 2140. 3531. 3531. 3531. 3531. 2140. 2140.   23. 2140.
 3531. 3531. 
 3531. 3531. 2140.   23.   23.   23.   23.   23.   23.   23.   23.   23.
   23.   23.   23.   23.   23.   23. 2140. 3531. 3531. 3531. 3531. 2140.
 2140. 2140. 
 2140. 2140. 3531. 3531. 3531. 3531. 3531. 3531. 2140. 2140.   23.   23.
 2140. 2140. 3531. 3531. 3531. 3531. 3531. 3531. 3531. 3531. 3531. 3531.
 3531. 2140. 
 2140. 3531. 3531. 3531. 3531. 2140. 2140. 2140. 2140. 2140. 2140. 2140.
 2140. 3531. 2140.   23.   23.   23.   23.   23.   23.   23.   23.   23.
   23.   23. 
   23.   23.   23. 2140. 2140. 3531. 3531. 3531. 3531. 2140. 2140. 2140.
 3531. 3531. 3531. 3531. 3531. 3531. 3531. 2140. 2140. 2140.   23.   23.
   23. 2140. 
 2140. 3531. 3531. 3531. 3531. 2140. 2140. 2140. 2140. 2140. 2140. 2140.
 2140. 3531. 3531. 3531. 3531. 2140. 2140. 2140. 2140. 2140. 2140. 2140.
 2140. 2140. 
   23.   23.   23.   23.   23.   23.   23.   23.   23.   23.   23.   23.
   23.   23.   23. 2140. 2140. 3531. 3531. 3531. 3531. 3531. 3531. 3531.
 3531. 3531. 
 3531. 3531. 3531. 3531. 3531. 2140. 2140. 2140.   23.   23.   23.   23.
 2140. 2140. 2140. 2140. 2140. 2140. 2140. 2140. 2140. 2140. 2140. 2140.
 2140. 3531. 
 3531. 3531. 3531. 3531. 3531. 3531. 3531. 2140. 2140. 3531. 2140. 2140.
 2140.   23.   23.   23.   23.   23.   23.   23.   23.   23.   23.   23.
   23.   23. 
   23. 2140. 2140. 3531. 3531. 3531. 3531. 3531. 3531. 3531. 3531. 3531.
 3531. 3531. 2140. 3531. 2140. 2140. 2140.   23.   23.   23.   23.   23.
   23. 2140. 
 2140. 2140.   23.   23.   23.   23.   23.   23. 2140. 2140. 2140. 3531.
 3531. 3531. 3531. 3531. 3531. 3531. 3531. 3531. 3531. 3531. 3531. 2140.
 2140. 2140. 
   23.   23.   23.   23.   23.   23.   23.   23.   23.   23.   23.   23.
   23.   23. 2140. 2140. 3531. 3531. 3531. 3531. 3531. 3531. 3531. 3531.
 2140. 2140. 
 2140. 3531. 2140. 2140.   23.   23.   23.   23.   23.   23.   23.   23.
   23.   23.   23.   23.   23.   23.   23. 2140. 2140. 2140. 2140. 2140.
 3531. 3531. 
 3531. 3531. 3531. 3531. 3531. 3531. 3531. 3531. 3531. 3531. 2140. 2140.
 2140.   23.   23.   23.   23.   23.   23.   23.   23.   23.   23.   23.
   23.   23. 
 2140. 2140. 2140. 3531. 3531. 3531. 3531. 2140. 2140. 2140. 2140. 2140.
 3531. 3531. 2140.   23.   23.   23.   23.   23.   23.   23.   23.   23.
   23.   23. 
   23.   23.   23.   23. 2140. 2140. 3531. 3531. 2140. 2140. 2140. 2140.
 3531. 2140. 2140. 2140. 2140. 2140. 2140. 3531. 3531. 3531. 3531. 2140.
 2140.   23. 
   23.   23.   23.   23.   23.   23.   23.   23.   23.   23.   23.   23.
   23. 2140. 2140. 2140. 2140. 2140. 2140. 2140. 2140.   23. 2140. 2140.
 3531. 3531. 
 2140. 2140.   23.   23.   23.   23.   23.   23.   23.   23.   23.   23.
   23.   23.   23. 2140. 2140. 3531. 3531. 3531. 3531. 2140. 2140. 2140.
 2140. 2140. 
 2140. 2140. 2140. 2140. 2140. 3531. 3531. 3531. 2140. 2140. 2140.   23.
   23.   23.   23.   23.   23.   23.   23.   23.   23.   23.   23.   23.
   23.   23. 
   23.   23.   23.   23.   23.   23.   23.   23. 2140. 3531. 3531. 3531.
 2140. 2140. 2140.   23.   23.   23.   23.   23.   23.   23.   23.   23.
   23.   23. 
 2140. 2140. 2140. 3531. 3531. 3531. 2140. 2140. 2140. 2140. 2140. 2140.
 2140. 2140. 2140. 2140. 3531. 3531. 3531. 3531. 2140. 2140.   23.   23.
   23.   23. 
   23.   23.   23.   23.   23.   23.   23.   23.   23.   23.   23.   23.
   23.   23.   23.   23.   23.   23.   23. 2140. 2140. 3531. 3531. 3531.
 2140. 2140. 
 2140. 2140.   23.   23.   23.   23.   23.   23.   23.   23.   23.   23.
 2140. 2140. 3531. 3531. 3531. 2140. 2140. 2140.   23.   23.   23.   23.
 2140. 2140. 
 3531. 3531. 3531. 3531. 3531. 2140. 2140. 2140.   23.   23.   23.   23.
   23.   23.   23.   23.   23.   23.   23.   23.   23.   23.   23.   23.
   23.   23. 
   23.   23.   23.   23. 2140. 2140. 3531. 3531. 3531. 2140. 3531. 3531.
 2140. 2140. 2140.   23.   23.   23.   23.   23.   23.   23.   23. 2140.
 2140. 3531. 
 3531. 3531. 3531. 2140. 2140.   23.   23.   23. 2140. 2140. 2140. 2140.
 3531. 3531. 3531. 3531. 2140. 2140. 2140. 2140. 2140.   23.   23.   23.
   23.   23. 
   23.   23.   23.   23.   23.   23.   23.   23.   23.   23.   23.   23.
   23.   23.   23.   23. 2140. 3531. 3531. 3531. 2140. 2140. 3531. 3531.
 2140. 2140. 
 2140.   23.   23.   23.   23.   23.   23.   23.   23. 2140. 3531. 3531.
 3531. 3531. 2140. 2140.   23.   23.   23. 2140. 2140. 2140. 3531. 3531.
 3531. 3531. 
 3531. 2140. 2140. 2140. 3531. 3531. 2140. 2140. 2140.   23.   23.   23.
   23.   23.   23.   23.   23.   23.   23.   23.   23.   23.   23.   23.
   23.   23. 
   23. 2140. 2140. 3531. 3531. 3531. 2140. 2140. 3531. 3531. 3531. 2140.
 2140.   23.   23.   23.   23.   23.   23.   23. 2140. 2140. 3531. 3531.
 3531. 2140. 
 2140.   23.   23.   23. 2140. 2140. 2140. 3531. 3531. 3531. 3531. 3531.
 2140. 2140. 2140. 3531. 3531. 3531. 3531. 3531. 2140. 2140.   23.   23.
   23.   23. 
   23.   23.   23.   23.   23.   23.   23.   23.   23.   23.   23.   23.
   23. 2140. 2140. 3531. 3531. 3531. 2140.   23. 3531. 3531. 3531. 2140.
 2140.   23. 
   23.   23.   23.   23.   23.   23. 2140. 2140. 3531. 3531. 3531. 2140.
 2140.   23.   23.   23. 2140. 2140. 3531. 3531. 3531. 3531. 3531. 2140.
 2140. 2140. 
 2140. 2140. 3531. 3531. 3531. 3531. 3531. 2140. 2140.   23.   23.   23.
   23.   23.   23.   23.   23.   23.   23.   23.   23.   23.   23.   23.
   23. 2140. 
 2140. 3531. 3531. 3531. 2140. 2140. 3531. 3531. 3531. 2140. 2140.   23.
   23.   23.   23.   23.   23.   23.   23. 2140. 3531. 3531. 3531. 3531.
 2140. 2140. 
   23.   23. 2140. 2140. 3531. 3531. 3531. 3531. 3531. 3531. 3531. 2140.
 2140. 2140. 2140. 2140. 3531. 3531. 3531. 3531. 2140. 2140.   23.   23.
   23.   23. 
   23.   23.   23.   23.   23.   23.   23.   23.   23.   23.   23. 2140.
 2140. 3531. 3531. 3531. 3531. 2140. 3531. 3531. 3531. 2140. 2140.   23.
   23.   23. 
   23.   23.   23.   23.   23. 2140. 2140. 3531. 3531. 3531. 3531. 2140.
 2140.   23.   23. 2140. 2140. 3531. 3531. 3531. 3531. 3531. 3531. 3531.
 3531. 3531. 
 2140. 2140. 2140. 2140. 3531. 3531. 3531. 2140. 2140.   23.   23.   23.
   23.   23.   23.   23.   23.   23.   23.   23.   23.   23.   23.   23.
 2140. 3531. 
 3531. 3531. 3531. 3531. 3531. 3531. 3531. 2140. 2140.   23.   23.   23.
   23.   23.   23.   23.   23.   23. 2140. 2140. 3531. 3531. 3531. 3531.
 3531. 2140. 
 2140. 2140. 2140. 3531. 3531. 3531. 3531. 3531. 3531. 3531. 3531. 3531.
 3531. 3531. 2140. 2140. 2140. 3531. 3531. 3531. 2140.   23.   23.   23.
   23.   23. 
   23.   23.   23.   23.   23.   23.   23.   23.   23.   23. 2140. 2140.
 3531. 3531. 3531. 3531. 3531. 3531. 3531. 2140. 2140.   23.   23.   23.
   23.   23. 
   23.   23.   23.   23.   23. 2140. 2140. 3531. 3531. 3531. 3531. 3531.
 2140. 2140. 2140. 2140. 2140. 2140. 2140. 3531. 3531. 3531. 3531. 3531.
 3531. 3531. 
 3531. 3531. 2140. 2140. 3531. 3531. 2140.   23.   23.   23.   23.   23.
   23.   23.   23.   23.   23.   23.   23.   23.   23.   23.   23. 2140.
 2140. 2140. 
 3531. 3531. 3531. 3531. 2140. 2140. 2140. 2140. 2140.   23.   23.   23.
   23.   23.   23.   23.   23.   23. 2140. 2140. 2140. 3531. 3531. 3531.
 3531. 2140. 
 2140. 2140. 2140. 2140. 2140. 2140. 2140. 2140. 2140. 3531. 3531. 3531.
 3531. 3531. 2140. 2140. 2140. 3531. 2140.   23.   23.   23.   23.   23.
   23.   23. 
   23.   23.   23.   23.   23.   23.   23.   23.   23.   23.   23. 2140.
 2140. 2140. 3531. 2140. 2140. 2140. 3531. 2140. 2140. 2140.   23.   23.
   23.   23. 
   23.   23.   23.   23.   23.   23. 2140. 2140. 3531. 3531. 3531. 3531.
 2140. 2140.   23.   23.   23. 2140. 2140. 2140. 2140. 2140. 2140. 3531.
 3531. 3531. 
 3531. 2140. 2140. 3531. 2140.   23.   23.   23.   23.   23.   23.   23.
   23.   23.   23.   23.   23.   23.   23.   23.   23.   23.   23.   23.
   23.   23. 
 3531. 2140. 2140. 3531. 3531. 3531. 2140. 2140.   23.   23.   23.   23.
   23.   23.   23.   23.   23.   23.   23. 2140. 2140. 2140. 3531. 3531.
 3531. 2140. 
   23.   23.   23.   23.   23.   23. 2140. 2140. 2140. 2140. 3531. 3531.
 3531. 2140. 2140. 2140. 2140.   23.   23.   23.   23.   23.   23.   23.
   23.   23. 
   23.   23.   23.   23.   23.   23.   23.   23.   23.   23.   23.   23.
 2140. 2140. 2140. 3531. 3531. 3531. 3531. 2140.   23.   23.   23.   23.
   23.   23. 
   23.   23.   23.   23.   23.   23. 2140. 2140. 3531. 3531. 3531. 2140.
   23.   23.   23.   23.   23.   23.   23. 2140. 2140. 3531. 3531. 3531.
 3531. 2140. 
 2140. 2140.   23.   23.   23.   23.   23.   23.   23.   23.   23.   23.
   23.   23.   23.   23.   23.   23.   23.   23.   23.   23.   23.   23.
 2140. 2140. 
 2140. 3531. 3531. 3531. 3531. 2140.   23.   23.   23.   23.   23.   23.
   23.   23.   23.   23.   23.   23. 2140. 2140. 3531. 3531. 3531. 2140.
   23.   23. 
   23.   23.   23.   23.   23. 2140. 2140. 3531. 3531. 3531. 3531. 2140.
 2140. 2140.   23.   23.   23.   23.   23.   23.   23.   23.   23.   23.
   23.   23. 
   23.   23.   23.   23.   23.   23.   23.   23.   23.   23. 2140. 2140.
 3531. 3531. 3531. 3531. 2140. 2140.   23.   23.   23.   23.   23.   23.
   23.   23. 
   23.   23.   23. 2140. 2140. 3531. 3531. 3531. 2140. 2140.   23.   23.
   23.   23.   23.   23. 2140. 2140. 3531. 3531. 3531. 3531. 2140. 2140.
 2140.   23. 
   23.   23.   23.   23.   23.   23.   23.   23.   23.   23.   23.   23.
   23.   23.   23.   23.   23.   23.   23.   23.   23.   23. 2140. 2140.
 2140. 3531. 
 3531. 3531. 2140.   23.   23.   23.   23.   23.   23.   23.   23.   23.
   23.   23.   23. 2140. 2140. 3531. 3531. 3531. 2140.   23.   23.   23.
   23.   23. 
   23.   23. 2140. 2140. 3531. 3531. 3531. 3531. 2140. 2140.   23.   23.
   23.   23.   23.   23.   23.   23.   23.   23.   23.   23.   23.   23.
   23.   23. 
   23.   23.   23.   23.   23.   23.   23.   23. 3531. 2140. 2140. 2140.
 2140. 2140. 2140.   23.   23.   23.   23.   23.   23.   23.   23.   23.
   23.   23. 
   23. 2140. 3531. 3531. 3531. 2140. 2140.   23.   23.   23.   23.   23.
   23. 2140. 2140. 3531. 3531. 3531. 3531. 2140. 2140. 2140.   23.   23.
   23.   23. 
   23.   23.   23.   23.   23.   23.   23.   23.   23.   23.   23.   23.
   23.   23.   23.   23.   23.   23.   23.   23. 3531. 3531. 2140. 2140.
 2140. 2140. 
   23.   23.   23.   23.   23.   23.   23.   23.   23.   23.   23.   23.
 2140. 2140. 3531. 3531. 3531. 2140.   23.   23.   23.   23.   23.   23.
 2140. 2140. 
 2140. 3531. 3531. 3531. 3531. 2140. 2140.   23.   23.   23.   23.   23.
   23.   23.   23.   23.   23.   23.   23.   23.   23.   23.   23.   23.
   23.   23. 
   23.   23.   23.   23.   23.   23. 3531. 3531. 3531. 3531. 2140. 2140.
   23.   23.   23.   23.   23.   23.   23.   23.   23.   23.   23. 2140.
 2140. 3531. 
 3531. 3531. 2140. 2140.   23.   23.   23.   23.   23. 2140. 2140. 2140.
 3531. 3531. 3531. 3531. 2140. 2140. 2140. 2140. 2140. 2140. 2140. 2140.
 2140. 2140. 
 2140.   23.   23.   23.   23.   23.   23.   23.   23.   23.   23.   23.
   23.   23.   23.   23.   23.   23. 2140. 3531. 3531. 3531. 2140. 2140.
 2140.   23. 
   23.   23.   23.   23.   23.   23.   23.   23.   23. 2140. 2140. 3531.
 3531. 3531. 2140.   23.   23.   23.   23.   23.   23. 2140. 2140. 3531.
 3531. 3531. 
 2140. 2140. 2140. 3531. 3531. 3531. 3531. 3531. 3531. 3531. 3531. 3531.
 2140. 2140.   23.   23.   23.   23.   23.   23.   23.   23.   23.   23.
   23.   23. 
   23.   23.   23.   23. 2140. 2140. 3531. 3531. 3531. 2140. 2140. 2140.
   23.   23.   23.   23.   23.   23.   23.   23.   23. 2140. 3531. 3531.
 3531. 2140. 
 2140.   23.   23.   23.   23.   23.   23. 2140. 2140. 3531. 3531. 3531.
 2140. 2140. 2140. 3531. 3531. 3531. 3531. 3531. 3531. 3531. 3531. 3531.
 3531. 2140. 
 2140.   23.   23.   23.   23.   23.   23.   23.   23.   23.   23.   23.
   23.   23.   23.   23. 2140. 2140. 2140. 3531. 3531. 3531. 2140. 2140.
 2140. 2140. 
   23.   23.   23.   23.   23.   23. 2140. 2140. 3531. 3531. 3531. 2140.
 2140. 2140. 2140. 2140.   23.   23.   23. 2140. 2140. 3531. 3531. 3531.
 3531. 2140. 
 2140. 2140. 2140. 2140. 3531. 3531. 3531. 3531. 3531. 3531. 3531. 3531.
 2140.   23.   23.   23.   23.   23.   23.   23.   23.   23.   23.   23.
   23.   23. 
   23.   23. 3531. 2140. 2140. 3531. 3531. 2140. 2140. 2140. 3531. 3531.
 2140.   23.   23.   23.   23.   23. 2140. 2140. 3531. 3531. 3531. 2140.
 2140. 2140. 
 2140. 2140. 2140. 2140. 2140. 2140. 2140. 2140. 3531. 3531. 3531. 3531.
 3531. 2140. 2140. 2140. 2140. 2140. 2140. 2140. 2140. 3531. 3531. 3531.
 2140. 2140. 
   23.   23.   23.   23.   23.   23.   23.   23.   23.   23.   23.   23.
   23.   23. 2140. 2140. 3531. 3531. 3531. 2140. 2140. 2140. 3531. 3531.
 2140. 2140. 
   23.   23.   23.   23.   23. 2140. 3531. 3531. 3531. 3531. 3531. 3531.
 3531. 3531. 3531. 3531. 2140. 2140. 2140. 2140. 3531. 3531. 3531. 3531.
 3531. 3531. 
 3531. 2140. 2140. 2140. 2140. 2140. 3531. 3531. 3531. 3531. 2140. 2140.
   23.   23.   23.   23.   23.   23.   23.   23.   23.   23.   23.   23.
   23.   23. 
 2140. 2140. 3531. 3531. 3531. 2140. 2140. 3531. 3531. 3531. 3531. 2140.
   23.   23.   23.   23.   23. 2140. 2140. 3531. 3531. 3531. 3531. 3531.
 3531. 3531. 
 3531. 3531. 3531. 3531. 3531. 2140. 2140. 3531. 3531. 3531. 3531. 3531.
 3531. 3531. 3531. 3531. 2140. 2140. 3531. 3531. 3531. 3531. 2140.   23.
   23.   23. 
   23.   23.   23.   23.   23.   23.   23.   23.   23.   23.   23.   23.
 2140. 3531. 3531. 3531. 3531. 2140. 2140. 3531. 3531. 3531. 3531. 2140.
   23.   23. 
   23.   23.   23.   23. 2140. 2140. 2140. 2140. 2140. 3531. 3531. 3531.
 3531. 3531. 3531. 3531. 3531. 2140. 2140. 2140. 2140. 3531. 3531. 3531.
 3531. 3531. 
 3531. 3531. 2140. 2140. 2140. 3531. 3531. 2140. 2140.   23.   23.   23.
   23.   23.   23.   23.   23.   23.   23.   23.   23.   23.   23.   23.
 2140. 3531. 
 3531. 3531. 2140. 2140. 2140. 3531. 3531. 3531. 3531. 2140.   23.   23.
   23.   23.   23.   23.   23. 2140. 2140. 2140. 2140. 2140. 2140. 2140.
 2140. 3531. 
 3531. 3531. 3531. 3531. 2140. 2140. 2140. 2140. 2140. 2140. 3531. 3531.
 3531. 3531. 3531. 3531. 2140. 2140. 2140. 2140.   23.   23.   23.   23.
   23.   23. 
   23.   23.   23.   23.   23.   23.   23.   23.   23.   23. 3531. 3531.
 3531. 3531. 2140. 2140. 3531. 3531. 3531. 3531. 3531. 2140.   23.   23.
   23.   23. 
   23.   23.   23.   23.   23.   23.   23.   23.   23. 2140. 2140. 2140.
 2140. 2140. 2140. 3531. 3531. 3531. 2140. 2140. 2140. 2140. 2140. 2140.
 3531. 3531. 
 3531. 3531. 2140. 2140. 2140.   23.   23.   23.   23.   23.   23.   23.
   23.   23.   23.   23.   23.   23.   23.   23.   23.   23. 3531. 3531.
 3531. 2140. 
 2140. 2140. 3531. 3531. 3531. 3531. 2140.   23.   23.   23.   23.   23.
   23.   23.   23.   23.   23.   23.   23.   23.   23.   23.   23.   23.
   23. 2140. 
 2140. 3531. 3531. 3531. 2140. 2140.   23. 2140. 2140. 2140. 2140. 3531.
 3531. 3531. 2140. 2140.   23.   23.   23.   23.   23.   23.   23.   23.
   23.   23. 
   23.   23.   23.   23.   23.   23.   23.   23. 3531. 3531. 2140. 2140.
 2140. 3531. 3531. 2140. 2140. 2140. 2140. 2140. 2140. 2140.   23.   23.
   23.   23. 
   23.   23.   23.   23.   23.   23.   23.   23.   23.   23.   23. 2140.
 2140. 3531. 3531. 3531. 2140. 2140.   23. 2140. 2140. 2140. 2140. 3531.
 3531. 3531. 
 2140. 2140.   23.   23.   23.   23.   23.   23.   23.   23.   23.   23.
   23.   23.   23.   23.   23.   23.   23.   23. 3531. 3531. 2140. 2140.
 2140. 2140. 
 2140. 2140. 2140. 2140. 2140. 2140. 2140. 2140. 2140.   23.   23.   23.
   23.   23.   23.   23.   23.   23.   23.   23.   23.   23.   23. 2140.
 2140. 3531. 
 3531. 2140. 2140.   23. 2140. 2140. 2140. 2140. 3531. 3531. 3531. 2140.
 2140. 2140.   23.   23.   23.   23.   23.   23.   23.   23.   23.   23.
   23.   23. 
   23.   23.   23.   23.   23.   23. 2140. 2140. 2140. 2140. 2140. 2140.
 2140. 2140. 3531. 3531. 3531. 3531. 3531. 2140. 2140. 2140.   23.   23.
   23.   23. 
   23.   23.   23.   23.   23.   23.   23.   23.   23. 2140. 2140. 3531.
 3531. 2140. 2140.   23. 2140. 2140. 2140. 3531. 3531. 3531. 3531. 2140.
 2140. 2140. 
 2140. 2140.   23.   23.   23.   23.   23.   23.   23.   23.   23.   23.
   23.   23.   23.   23.   23.   23. 2140. 3531. 2140. 3531. 3531. 3531.
 3531. 3531. 
 3531. 3531. 3531. 3531. 3531. 3531. 2140. 2140.   23.   23.   23.   23.
   23.   23.   23.   23.   23.   23.   23.   23.   23. 2140. 2140. 3531.
 3531. 2140. 
 2140.   23. 2140. 2140. 2140. 3531. 3531. 3531. 2140. 2140. 2140. 2140.
 2140. 2140. 2140. 2140.   23.   23.   23.   23.   23.   23.   23.   23.
   23.   23. 
   23.   23.   23.   23. 2140. 3531. 3531. 3531. 3531. 3531. 3531. 3531.
 3531. 3531. 2140. 3531. 3531. 3531. 2140. 2140.   23.   23.   23.   23.
   23.   23. 
   23.   23.   23.   23.   23.   23. 2140. 2140. 3531. 3531. 3531. 2140.
 2140.   23. 2140. 2140. 3531. 3531. 3531. 3531. 2140. 2140. 3531. 3531.
 3531. 3531. 
 3531. 3531. 2140.   23.   23.   23.   23.   23.   23.   23.   23.   23.
   23.   23.   23.   23. 2140. 3531. 3531. 3531. 3531. 3531. 3531. 2140.
 2140. 2140. 
 2140. 3531. 3531. 3531. 2140. 2140.   23.   23.   23.   23.   23.   23.
   23.   23.   23.   23.   23. 2140. 2140. 3531. 3531. 3531. 3531. 2140.
 2140.   23. 
 2140. 2140. 3531. 3531. 3531. 2140. 2140. 3531. 3531. 3531. 3531. 3531.
 3531. 3531. 2140. 2140.   23.   23.   23.   23.   23.   23.   23.   23.
   23.   23. 
   23.   23. 2140. 2140. 2140. 2140. 2140. 2140. 2140. 2140. 2140. 2140.
 2140. 3531. 3531. 3531. 2140. 2140.   23.   23.   23.   23.   23.   23.
   23.   23. 
   23.   23.   23. 2140. 2140. 3531. 3531. 3531. 2140. 2140.   23.   23.
 2140. 2140. 3531. 3531. 3531. 2140. 2140. 3531. 3531. 3531. 3531. 3531.
 3531. 3531. 
 3531. 2140.   23.   23.   23.   23.   23.   23.   23.   23.   23.   23.
   23.   23. 2140. 2140. 2140. 2140. 2140. 2140. 2140. 2140. 2140. 2140.
 3531. 3531. 
 3531. 2140. 2140. 2140.   23.   23.   23.   23.   23.   23.   23.   23.
   23.   23.   23. 2140. 3531. 3531. 3531. 3531. 2140. 2140.   23.   23.
 2140. 2140. 
 3531. 3531. 3531. 2140. 2140. 2140. 2140. 2140. 2140. 2140. 3531. 3531.
 2140. 2140.   23.   23.   23.   23.   23.   23.   23.   23.   23.   23.
   23.   23. 
 2140.   23. 2140. 2140. 2140. 2140. 2140. 2140. 2140. 3531. 3531. 3531.
 3531. 2140. 2140. 2140.   23.   23.   23.   23.   23.   23.   23.   23.
   23.   23. 
   23. 2140. 3531. 3531. 3531. 2140. 2140. 2140.   23.   23. 2140. 2140.
 3531. 3531. 3531. 2140. 2140. 2140. 2140. 2140. 2140. 2140. 2140. 2140.
 2140. 2140. 
   23.   23.   23.   23.   23.   23.   23.   23.   23.   23.   23.   23.
 2140.   23.   23. 2140. 2140. 2140. 2140. 2140. 2140. 3531. 3531. 3531.
 2140. 2140. 
 2140. 2140.   23.   23.   23.   23.   23.   23.   23.   23.   23.   23.
   23. 2140. 3531. 3531. 3531. 3531. 2140. 2140. 2140. 2140. 2140. 2140.
 3531. 3531. 
 3531. 2140. 3531. 3531. 3531. 3531. 3531. 3531. 2140. 2140. 2140.   23.
   23.   23.   23.   23.   23.   23.   23.   23.   23.   23.   23.   23.
 2140.   23. 
   23.   23.   23. 2140. 2140. 2140. 3531. 3531. 3531. 2140. 2140. 2140.
 3531. 2140. 2140.   23.   23.   23.   23.   23.   23.   23.   23.   23.
   23. 2140. 
 2140. 3531. 3531. 3531. 3531. 3531. 2140. 2140. 2140. 2140. 3531. 3531.
 3531. 3531. 3531. 3531. 3531. 3531. 3531. 3531. 3531. 2140. 2140. 2140.
   23.   23. 
   23.   23.   23.   23.   23.   23.   23.   23.   23.   23.   23.   23.
   23.   23.   23. 2140. 2140. 3531. 3531. 3531. 2140. 2140. 2140. 3531.
 3531. 2140. 
 2140.   23.   23.   23.   23.   23.   23.   23.   23.   23.   23.   23.
 2140. 2140. 3531. 3531. 3531. 3531. 3531. 3531. 2140. 2140. 2140. 3531.
 3531. 3531. 
 3531. 3531. 3531. 3531. 3531. 3531. 3531. 3531. 2140. 2140. 2140.   23.
   23.   23.   23.   23.   23.   23.   23.   23.   23.   23.   23.   23.
   23.   23. 
   23. 2140. 2140. 3531. 3531. 3531. 2140. 2140. 2140. 3531. 3531. 2140.
 2140.   23.   23.   23.   23.   23.   23.   23.   23.   23.   23.   23.
   23. 2140. 
 2140. 2140. 3531. 3531. 3531. 3531. 3531. 2140. 2140. 2140. 3531. 3531.
 3531. 3531. 3531. 3531. 3531. 3531. 3531. 3531. 3531. 2140. 2140.   23.
   23.   23. 
   23.   23.   23.   23.   23.   23.   23.   23.   23.   23.   23.   23.
   23. 2140. 2140. 3531. 3531. 3531. 2140. 2140. 2140. 2140. 2140. 2140.
 2140. 2140. 
 2140. 2140. 2140.   23.   23.   23.   23.   23.   23.   23.   23.   23.
 2140. 2140. 2140. 2140. 3531. 3531. 3531. 3531. 2140. 2140. 2140. 2140.
 2140. 2140. 
 2140. 2140. 2140. 2140. 3531. 3531. 3531. 3531. 2140. 2140.   23.   23.
   23.   23.   23.   23.   23.   23.   23.   23. 2140.   23.   23.   23.
 2140. 2140. 
 2140. 3531. 3531. 3531. 3531. 3531. 2140. 2140. 2140. 2140. 2140. 2140.
 2140. 2140. 2140. 2140. 2140.   23.   23.   23.   23.   23.   23.   23.
   23.   23. 
 2140. 2140. 2140. 3531. 3531. 3531. 3531. 2140. 2140. 2140. 2140. 2140.
 2140. 2140. 2140. 2140. 2140. 3531. 3531. 3531. 2140. 2140.   23.   23.
   23.   23. 
   23.   23.   23.   23.   23.   23. 2140. 2140. 2140. 2140. 2140. 2140.
 2140. 2140. 3531. 3531. 3531. 3531. 3531. 3531. 3531. 3531. 3531. 3531.
 3531. 3531. 
 3531. 2140. 2140. 2140.   23.   23.   23.   23.   23.   23.   23.   23.
   23.   23. 2140. 2140. 3531. 3531. 3531. 2140. 2140.   23.   23.   23.
 2140. 2140. 
 2140. 2140. 3531. 3531. 3531. 3531. 2140. 2140.   23.   23.   23.   23.
   23.   23.   23.   23.   23.   23. 2140. 2140. 2140. 2140. 2140. 3531.
 2140. 2140. 
 2140. 3531. 3531. 3531. 3531. 3531. 3531. 3531. 3531. 3531. 3531. 3531.
 3531. 3531. 2140. 2140.   23.   23.   23.   23.   23.   23.   23.   23.
   23. 2140. 
 2140. 2140. 3531. 3531. 3531. 2140. 2140.   23.   23.   23. 2140. 2140.
 2140. 3531. 3531. 3531. 3531. 2140. 2140. 2140. 2140. 2140. 2140. 2140.
 2140.   23. 
   23.   23.   23.   23. 3531. 3531. 3531. 2140. 2140. 2140. 2140. 2140.
 2140. 2140. 2140. 2140. 3531. 3531. 3531. 3531. 3531. 2140. 3531. 3531.
 3531. 3531. 
 3531. 2140. 2140.   23.   23.   23.   23.   23.   23.   23.   23. 2140.
 2140. 3531. 3531. 3531. 3531. 2140.   23.   23.   23.   23. 2140. 2140.
 2140. 3531. 
 3531. 3531. 2140. 2140. 2140. 3531. 3531. 3531. 3531. 3531. 2140. 2140.
   23.   23.   23.   23. 3531. 3531. 3531. 3531. 3531. 2140. 2140. 2140.
 2140. 2140. 
 2140. 2140. 2140. 2140. 2140. 2140. 2140. 2140. 2140. 2140. 3531. 3531.
 3531. 2140. 2140.   23.   23.   23.   23.   23.   23. 2140. 2140. 2140.
 3531. 3531. 
 3531. 3531. 2140. 2140.   23.   23.   23. 2140. 2140. 2140. 3531. 3531.
 3531. 3531. 2140. 2140. 3531. 3531. 3531. 3531. 3531. 3531. 3531. 2140.
 2140.   23. 
   23.   23. 3531. 3531. 3531. 3531. 3531. 3531. 2140. 2140. 2140. 2140.
 2140. 2140. 2140. 2140. 2140. 2140. 2140. 2140. 2140. 2140. 3531. 3531.
 3531. 2140. 
 2140.   23.   23.   23.   23.   23. 2140. 2140. 2140. 3531. 3531. 3531.
 3531. 2140. 2140.   23.   23.   23.   23. 2140. 2140. 3531. 3531. 3531.
 3531. 2140. 
 2140. 3531. 3531. 3531. 3531. 3531. 3531. 3531. 3531. 3531. 2140. 2140.
   23.   23. 
/