PERMI
 3127. 2375.    9.    9.    9.    9.    9. 2375. 3127. 3127. 3127. 2375.
    9.    9.    9.    9.    9.    9.    9.    9.    9.    9. 3127. 3127.
 3127. 2375. 
    9.    9.    9.    9.    9.    9.    9.    9.    9.    9.    9.    9.
    9.    9.    9.    9.    9.    9.    9.    9.    9.    9. 2375. 3127.
 3127. 3127. 
 2375. 2375. 3127. 3127. 3127. 2375. 2375.    9.    9.    9.    9.    9.
 3127. 2375. 2375.    9.    9.    9.    9. 2375. 3127. 3127. 2375.    9.
    9.    9. 
    9.    9.    9.    9.    9.    9.    9. 2375. 3127. 3127. 3127. 2375.
    9.    9.    9.    9.    9.    9.    9.    9.    9.    9.    9.    9.
    9.    9. 
    9.    9.    9.    9.    9.    9.    9. 2375. 2375. 3127. 3127. 3127.
 2375. 2375. 3127. 3127. 3127. 2375.    9.    9.    9.    9.    9.    9.
 3127. 3127. 
 2375. 2375.    9.    9.    9. 2375. 3127. 3127. 3127. 2375.    9.    9.
    9.    9.    9.    9.    9.    9.    9. 2375. 3127. 3127. 3127.    9.
    9.    9. 
    9.    9.    9.    9.    9.    9.    9.    9.    9.    9.    9.    9.
    9.    9.    9.    9.    9.    9. 2375. 2375. 3127. 3127. 3127. 2375.
 2375. 3127. 
 3127. 3127. 2375. 2375.    9.    9.    9.    9.    9.    9. 3127. 3127.
 3127. 2375. 2375.    9.    9. 2375. 3127. 3127. 3127. 2375.    9.    9.
    9.    9. 
    9.    9.    9.    9.    9. 2375. 3127. 3127. 3127. 2375.    9.    9.
    9.    9.    9.    9.    9.    9.    9.    9.    9.    9.    9.    9.
    9.    9. 
    9.    9.    9.    9. 2375. 3127. 3127. 3127. 2375. 2375. 3127. 3127.
 3127. 2375. 2375. 2375.    9.    9.    9.    9.    9.    9. 3127. 3127.
 3127. 3127. 
 2375.    9.    9. 2375. 3127. 3127. 2375.    9.    9.    9.    9.    9.
    9.    9.    9.    9.    9. 2375. 3127. 3127. 3127.    9.    9.    9.
    9.    9. 
    9.    9.    9.    9.    9.    9.    9.    9.    9.    9.    9.    9.
    9.    9.    9. 2375. 2375. 3127. 3127. 2375. 2375. 2375. 3127. 3127.
 3127. 2375. 
 2375.    9.    9.    9.    9.    9.    9.    9. 2375. 3127. 3127. 3127.
 3127. 2375.    9. 2375. 3127. 3127. 2375.    9.    9.    9.    9.    9.
    9.    9. 
    9.    9.    9. 2375. 3127. 3127. 3127.    9.    9.    9.    9.    9.
    9.    9.    9.    9.    9.    9.    9.    9.    9.    9.    9.    9.
    9.    9. 
    9. 2375. 2375. 3127. 3127. 2375. 2375. 3127. 3127. 3127. 2375. 2375.
    9.    9.    9.    9.    9.    9.    9.    9.    9. 2375. 3127. 3127.
 3127. 2375. 
    9. 2375. 3127. 3127. 2375. 2375.    9.    9.    9.    9.    9.    9.
    9.    9.    9. 2375. 3127. 3127. 3127.    9.    9.    9.    9.    9.
    9.    9. 
    9.    9.    9.    9.    9.    9.    9.    9.    9.    9.    9.    9.
    9. 2375. 3127. 3127. 2375. 2375. 2375. 3127. 3127. 2375. 2375. 2375.
    9.    9. 
    9.    9.    9.    9.    9.    9.    9. 2375. 2375. 3127. 3127. 2375.
    9. 2375. 2375. 3127. 2375.    9.    9.    9.    9.    9.    9.    9.
    9.    9. 
    9.    9. 3127. 3127. 3127. 2375.    9.    9.    9.    9.    9.    9.
    9.    9.    9.    9.    9.    9.    9.    9.    9.    9.    9.    9.
    9. 2375. 
 3127. 3127. 2375. 2375. 2375. 3127. 3127. 2375. 2375. 2375.    9.    9.
    9.    9.    9.    9.    9.    9.    9. 2375. 3127. 3127. 3127. 2375.
    9. 2375. 
 3127. 3127. 2375.    9.    9.    9.    9.    9.    9.    9.    9.    9.
    9.    9. 3127. 3127. 3127. 2375.    9.    9.    9.    9.    9.    9.
    9.    9. 
    9.    9.    9.    9.    9.    9.    9.    9.    9.    9.    9. 2375.
 3127. 3127. 2375. 2375. 2375. 3127. 3127. 2375. 2375. 2375.    9.    9.
    9.    9. 
    9.    9.    9.    9.    9. 2375. 3127. 3127. 3127. 2375.    9. 2375.
 3127. 3127. 2375.    9.    9.    9.    9.    9.    9.    9.    9.    9.
    9. 2375. 
 3127. 3127. 3127. 2375.    9.    9.    9.    9.    9.    9.    9.    9.
    9.    9.    9.    9.    9.    9.    9.    9.    9.    9. 2375. 2375.
 3127. 3127. 
 2375. 2375. 2375. 3127. 3127. 2375. 2375.    9.    9.    9.    9.    9.
    9.    9.    9.    9. 2375. 2375. 3127. 3127. 3127. 2375.    9. 2375.
 3127. 3127. 
 2375.    9.    9.    9.    9.    9.    9.    9.    9.    9.    9.    9.
 3127. 3127. 3127. 2375.    9.    9.    9.    9.    9.    9.    9.    9.
    9.    9. 
    9.    9.    9.    9.    9.    9.    9.    9. 2375. 2375. 3127. 3127.
 2375. 2375. 2375. 3127. 3127. 2375. 2375.    9.    9.    9.    9.    9.
    9.    9. 
    9.    9. 2375. 3127. 3127. 3127. 2375. 2375. 2375. 3127. 3127. 2375.
 2375.    9.    9.    9.    9.    9.    9.    9.    9.    9.    9. 2375.
 3127. 3127. 
 3127. 2375.    9.    9.    9.    9.    9.    9.    9.    9.    9.    9.
    9.    9.    9.    9.    9.    9. 2375. 2375. 2375. 3127. 3127. 2375.
 2375. 2375. 
 2375. 3127. 3127. 2375. 2375.    9.    9.    9.    9.    9.    9.    9.
    9.    9. 3127. 3127. 3127. 2375. 2375. 2375. 3127. 3127. 3127. 2375.
    9.    9. 
    9.    9.    9.    9.    9.    9.    9.    9.    9. 2375. 3127. 3127.
 2375.    9.    9.    9.    9.    9.    9.    9.    9.    9.    9.    9.
    9.    9. 
    9.    9.    9. 2375. 2375. 2375. 3127. 3127. 3127. 2375. 2375. 2375.
 2375. 3127. 3127. 2375. 2375.    9.    9.    9.    9.    9.    9.    9.
    9. 2375. 
 3127. 3127. 3127. 2375. 3127. 3127. 3127. 3127. 2375. 2375.    9.    9.
    9.    9.    9.    9.    9.    9.    9.    9. 2375. 3127. 3127. 3127.
 2375.    9. 
    9.    9.    9.    9.    9.    9.    9.    9.    9.    9.    9.    9.
    9. 2375. 2375. 2375. 3127. 3127. 3127. 3127. 2375. 2375. 2375. 2375.
 3127. 3127. 
 3127. 2375.    9.    9.    9.    9.    9.    9.    9.    9.    9. 2375.
 3127. 3127. 2375. 2375. 3127. 3127. 3127. 2375. 2375.    9.    9.    9.
    9.    9. 
    9.    9.    9.    9.    9.    9. 2375. 3127. 3127. 2375.    9.    9.
    9.    9.    9.    9.    9.    9.    9.    9.    9.    9.    9. 2375.
 2375. 2375. 
 3127. 3127. 3127. 3127. 2375. 2375. 2375.    9. 2375. 2375. 3127. 3127.
 2375. 2375.    9.    9.    9.    9.    9.    9.    9.    9.    9. 2375.
 3127. 3127. 
 2375. 3127. 3127. 2375. 2375.    9.    9.    9.    9.    9.    9.    9.
    9.    9.    9.    9.    9. 2375. 3127. 3127. 3127. 2375.    9.    9.
    9.    9. 
    9.    9.    9.    9.    9.    9.    9. 2375. 2375. 2375. 3127. 3127.
 3127. 3127. 3127. 2375. 2375. 2375.    9. 2375. 2375. 3127. 3127. 3127.
 2375.    9. 
    9.    9.    9.    9.    9.    9.    9. 2375. 2375. 3127. 3127. 3127.
 2375. 2375. 2375.    9.    9.    9.    9.    9.    9.    9.    9.    9.
    9.    9. 
    9.    9.    9. 2375. 3127. 3127. 2375.    9.    9.    9.    9.    9.
    9.    9.    9.    9.    9.    9. 2375. 2375. 3127. 3127. 3127. 3127.
 3127. 2375. 
 2375. 2375.    9.    9. 2375. 2375. 3127. 3127. 3127. 2375. 2375.    9.
    9.    9.    9.    9.    9.    9. 2375. 2375. 3127. 3127. 3127. 3127.
 3127. 2375. 
    9.    9.    9.    9.    9.    9.    9.    9.    9.    9.    9.    9.
    9.    9.    9. 3127. 3127. 3127. 2375.    9.    9.    9.    9.    9.
    9.    9. 
    9.    9.    9. 2375. 2375. 3127. 3127. 3127. 3127. 2375. 2375. 2375.
    9.    9. 2375. 2375. 2375. 3127. 3127. 3127. 3127. 2375.    9.    9.
    9.    9. 
    9.    9.    9. 2375. 2375. 3127. 3127. 3127. 2375. 3127. 3127. 2375.
    9.    9.    9.    9.    9.    9.    9.    9.    9.    9.    9.    9.
    9.    9. 
 2375. 3127. 3127. 2375.    9.    9.    9.    9.    9.    9.    9.    9.
    9.    9. 2375. 2375. 3127. 3127. 3127. 2375. 2375. 2375.    9.    9.
    9. 2375. 
 2375. 3127. 3127. 3127. 3127. 2375. 2375. 2375.    9.    9.    9.    9.
    9.    9. 2375. 2375. 3127. 3127. 3127. 2375. 2375. 3127. 3127. 2375.
    9.    9. 
    9.    9.    9.    9.    9.    9.    9.    9.    9.    9.    9.    9.
 2375. 3127. 3127. 2375.    9.    9.    9.    9.    9.    9.    9.    9.
    9.    9. 
 2375. 3127. 3127. 3127. 2375. 2375.    9.    9.    9.    9. 2375. 2375.
 3127. 3127. 3127. 3127. 2375. 2375. 2375.    9.    9.    9.    9.    9.
    9.    9. 
 2375. 3127. 3127. 3127. 2375. 2375. 2375. 3127. 3127. 2375. 2375.    9.
    9.    9.    9.    9.    9.    9.    9.    9.    9.    9.    9.    9.
 2375. 3127. 
 3127. 2375. 2375.    9.    9.    9.    9.    9.    9.    9.    9. 2375.
 2375. 3127. 3127. 2375. 2375.    9.    9.    9.    9. 2375. 2375. 3127.
 3127. 3127. 
 2375. 2375. 2375.    9.    9.    9.    9.    9.    9.    9.    9. 2375.
 2375. 3127. 3127. 2375.    9. 2375. 2375. 3127. 3127. 2375. 2375.    9.
    9.    9. 
    9.    9.    9.    9.    9.    9.    9.    9.    9.    9.    9. 2375.
 3127. 3127. 2375.    9.    9.    9.    9.    9.    9.    9.    9. 2375.
 2375. 3127. 
 3127. 2375. 2375.    9.    9.    9.    9. 2375. 2375. 3127. 3127. 2375.
 2375. 2375. 2375.    9.    9.    9.    9.    9.    9.    9.    9. 2375.
 3127. 3127. 
 2375. 2375.    9. 2375. 2375. 3127. 3127. 2375.    9.    9.    9.    9.
    9.    9.    9.    9.    9.    9.    9.    9.    9.    9.    9. 2375.
 3127. 3127. 
 2375.    9.    9.    9.    9.    9.    9.    9.    9. 2375. 3127. 3127.
 3127. 2375.    9.    9.    9.    9. 2375. 2375. 3127. 3127. 2375. 2375.
 3127. 3127. 
 2375.    9.    9.    9.    9.    9.    9.    9.    9. 2375. 3127. 3127.
 2375. 2375. 2375. 3127. 2375. 3127. 3127. 2375.    9.    9.    9.    9.
    9.    9. 
    9.    9.    9.    9.    9.    9.    9.    9.    9.    9. 2375. 3127.
 3127. 2375.    9.    9.    9.    9.    9.    9. 2375. 2375. 3127. 3127.
 2375. 2375. 
    9.    9.    9. 2375. 2375. 3127. 3127. 3127. 2375. 2375. 3127. 3127.
 2375.    9.    9.    9.    9.    9.    9.    9.    9. 2375. 3127. 3127.
 2375. 2375. 
 3127. 3127. 3127. 3127. 3127. 2375.    9.    9.    9.    9.    9.    9.
    9.    9.    9.    9.    9.    9.    9.    9.    9.    9. 2375. 3127.
 3127. 2375. 
    9.    9.    9.    9.    9.    9. 2375. 2375. 3127. 3127. 2375. 2375.
    9.    9. 2375. 2375. 3127. 3127. 3127. 2375. 2375. 3127. 3127. 2375.
 2375.    9. 
    9.    9.    9.    9.    9.    9.    9. 2375. 2375. 3127. 3127. 2375.
 3127. 3127. 3127. 3127. 2375. 2375.    9.    9.    9.    9.    9.    9.
    9.    9. 
    9.    9.    9.    9.    9.    9.    9.    9. 2375. 3127. 3127. 3127.
 2375.    9.    9.    9.    9.    9. 2375. 2375. 3127. 3127. 2375.    9.
    9. 2375. 
 2375. 3127. 3127. 3127. 3127. 2375. 2375. 3127. 3127. 2375. 2375.    9.
    9.    9.    9.    9.    9.    9.    9. 2375. 2375. 3127. 3127. 2375.
 3127. 2375. 
 3127. 3127. 2375.    9.    9.    9.    9.    9.    9.    9.    9.    9.
    9.    9.    9.    9.    9.    9.    9.    9.    9. 2375. 3127. 3127.
 2375.    9. 
    9.    9.    9.    9. 2375. 3127. 3127. 3127. 2375. 2375. 2375. 2375.
 3127. 3127. 3127. 3127. 2375. 2375. 2375. 3127. 3127. 2375.    9.    9.
    9.    9. 
    9.    9.    9.    9.    9.    9. 2375. 3127. 3127. 2375. 2375.    9.
 3127. 2375. 2375.    9.    9.    9.    9.    9.    9.    9.    9.    9.
    9.    9. 
    9.    9.    9.    9.    9.    9.    9. 2375. 3127. 3127. 2375.    9.
    9.    9.    9. 2375. 3127. 3127. 3127. 2375. 2375. 2375. 2375. 3127.
 3127. 3127. 
 3127. 2375. 2375. 2375. 3127. 3127. 3127. 2375.    9.    9.    9.    9.
    9.    9.    9.    9.    9. 2375. 2375. 2375. 3127. 3127. 2375.    9.
 3127. 2375. 
    9.    9.    9.    9.    9.    9.    9.    9.    9.    9.    9.    9.
    9.    9.    9.    9.    9.    9.    9. 2375. 3127. 3127. 2375.    9.
    9.    9. 
 2375. 2375. 3127. 3127. 3127. 2375. 2375. 2375. 3127. 3127. 3127. 3127.
 2375. 2375.    9. 2375. 3127. 3127. 3127. 2375.    9.    9.    9.    9.
    9.    9. 
    9.    9.    9. 2375. 2375. 2375. 3127. 2375. 2375.    9. 3127. 2375.
    9.    9.    9.    9.    9.    9.    9.    9.    9.    9.    9.    9.
    9.    9. 
    9.    9.    9.    9.    9. 2375. 3127. 3127. 2375.    9.    9.    9.
 2375. 3127. 3127. 3127. 2375. 2375. 3127. 3127. 3127. 3127. 2375. 2375.
 2375.    9. 
 2375. 3127. 3127. 3127. 2375.    9.    9.    9.    9.    9.    9.    9.
    9.    9.    9. 2375. 3127. 2375. 3127. 3127. 2375. 2375. 2375. 2375.
    9.    9. 
    9.    9.    9.    9.    9.    9.    9.    9.    9.    9.    9.    9.
    9.    9.    9.    9.    9. 2375. 3127. 3127. 2375.    9.    9. 2375.
 2375. 3127. 
 3127. 3127. 2375. 3127. 3127. 3127. 2375. 2375. 2375. 2375.    9. 2375.
 2375. 3127. 3127. 3127. 2375.    9.    9.    9.    9.    9.    9.    9.
    9.    9. 
 2375. 3127. 2375. 2375. 3127. 3127. 2375. 2375. 2375. 2375.    9.    9.
    9.    9.    9.    9.    9.    9.    9.    9.    9.    9.    9.    9.
    9.    9. 
    9.    9. 2375. 3127. 3127. 3127. 2375.    9. 2375. 2375. 3127. 3127.
 3127. 2375. 3127. 3127. 3127. 2375. 2375. 2375.    9.    9. 2375. 2375.
 3127. 3127. 
 3127. 2375.    9.    9.    9.    9.    9.    9.    9.    9.    9.    9.
 2375. 3127. 2375. 2375. 3127. 3127. 2375.    9. 2375.    9.    9.    9.
    9.    9. 
    9.    9.    9.    9.    9.    9.    9.    9.    9.    9.    9.    9.
    9.    9. 2375. 3127. 3127. 2375.    9.    9. 2375. 3127. 3127. 3127.
 2375. 2375. 
 3127. 3127. 2375. 2375. 2375.    9.    9. 2375. 2375. 3127. 3127. 3127.
 2375.    9.    9.    9.    9.    9.    9.    9.    9.    9.    9.    9.
 2375. 2375. 
 2375. 3127. 3127. 3127. 2375.    9. 2375. 2375.    9.    9.    9.    9.
    9.    9.    9.    9.    9.    9.    9.    9.    9.    9.    9.    9.
    9. 2375. 
 3127. 3127. 3127. 2375.    9. 2375. 2375. 3127. 3127. 3127. 2375. 2375.
 3127. 3127. 2375. 2375.    9.    9. 2375. 2375. 3127. 3127. 3127. 2375.
 2375.    9. 
    9.    9.    9.    9.    9.    9.    9.    9.    9.    9. 2375. 2375.
 3127. 3127. 3127. 2375. 2375.    9. 3127. 2375.    9.    9.    9.    9.
    9.    9. 
    9.    9.    9.    9.    9.    9.    9.    9.    9.    9.    9. 2375.
 3127. 3127. 2375.    9.    9. 2375. 3127. 3127. 3127. 2375. 2375. 3127.
 3127. 3127. 
 2375.    9.    9.    9. 2375. 3127. 3127. 3127. 2375. 2375.    9.    9.
    9.    9.    9.    9.    9.    9.    9.    9.    9. 2375. 2375. 3127.
 3127. 3127. 
 2375. 2375.    9.    9. 3127. 2375. 2375.    9.    9.    9.    9.    9.
    9.    9.    9.    9.    9.    9.    9.    9.    9.    9.    9. 2375.
 3127. 3127. 
 2375.    9. 2375. 2375. 3127. 3127. 3127. 2375. 2375. 3127. 3127. 3127.
 2375.    9.    9. 2375. 2375. 3127. 3127. 2375. 2375.    9.    9.    9.
    9.    9. 
    9.    9.    9.    9.    9.    9. 2375. 2375. 3127. 3127. 3127. 2375.
 2375.    9.    9.    9. 3127. 3127. 2375.    9.    9.    9.    9.    9.
    9.    9. 
    9.    9.    9.    9.    9.    9.    9.    9.    9. 2375. 3127. 3127.
 2375.    9. 2375. 2375. 3127. 3127. 2375.    9. 2375. 3127. 3127. 3127.
 2375.    9. 
    9. 2375. 3127. 3127. 3127. 2375.    9.    9.    9.    9.    9.    9.
    9.    9.    9.    9.    9.    9. 2375. 2375. 3127. 3127. 2375. 2375.
 2375.    9. 
    9.    9. 3127. 3127. 2375. 2375.    9.    9.    9.    9.    9.    9.
    9.    9.    9.    9.    9.    9.    9.    9.    9. 2375. 3127. 3127.
 2375.    9. 
    9. 2375. 3127. 3127. 3127. 2375. 2375. 3127. 3127. 3127. 2375.    9.
    9. 2375. 3127. 3127. 2375. 2375.    9.    9.    9.    9.    9.    9.
    9.    9. 
    9.    9.    9.    9. 2375. 2375. 3127. 3127. 2375. 2375. 2375.    9.
    9.    9. 2375. 3127. 3127. 2375.    9.    9.    9.    9.    9.    9.
    9.    9. 
    9.    9.    9.    9.    9.    9.    9. 2375. 3127. 3127. 2375.    9.
    9. 2375. 3127. 3127. 3127. 2375. 2375. 3127. 3127. 2375. 2375.    9.
 2375. 2375. 
 3127. 3127. 2375. 2375.    9.    9.    9.    9.    9.    9.    9.    9.
    9.    9.    9.    9. 2375. 2375. 3127. 3127. 2375. 3127. 2375.    9.
    9.    9. 
 3127. 3127. 3127. 2375.    9.    9.    9.    9.    9.    9.    9.    9.
    9.    9.    9.    9.    9.    9.    9. 2375. 3127. 3127. 2375.    9.
    9. 2375. 
 3127. 3127. 3127. 3127. 2375. 3127. 3127. 2375. 2375.    9. 2375. 2375.
 3127. 3127. 2375. 2375.    9.    9.    9.    9.    9.    9.    9.    9.
    9.    9. 
    9.    9. 2375. 2375. 3127. 3127. 2375. 2375.    9.    9.    9.    9.
 3127. 3127. 3127. 2375.    9.    9.    9.    9.    9.    9.    9.    9.
    9.    9. 
    9.    9.    9.    9.    9. 2375. 3127. 3127. 2375.    9.    9. 2375.
 2375. 3127. 3127. 3127. 2375. 3127. 2375. 2375.    9.    9. 2375. 2375.
 3127. 3127. 
 2375. 2375.    9.    9.    9.    9.    9.    9.    9.    9.    9.    9.
    9. 2375. 2375. 2375. 3127. 3127. 2375. 2375.    9.    9.    9.    9.
 3127. 3127. 
 2375.    9.    9.    9.    9.    9.    9.    9.    9.    9.    9.    9.
    9.    9.    9.    9.    9. 2375. 3127. 3127. 2375.    9.    9.    9.
 2375. 2375. 
 3127. 3127. 2375. 2375. 2375. 2375.    9.    9. 2375. 2375. 3127. 3127.
 2375. 2375.    9.    9.    9.    9.    9.    9.    9.    9.    9. 2375.
 2375. 2375. 
 3127. 2375. 3127. 3127. 2375. 2375.    9.    9.    9.    9. 3127. 2375.
 2375.    9.    9.    9.    9.    9.    9.    9.    9.    9.    9.    9.
    9.    9. 
    9.    9. 2375. 3127. 3127. 3127. 2375.    9.    9.    9. 2375. 2375.
 3127. 3127. 2375. 2375. 2375.    9.    9.    9. 2375. 2375. 3127. 3127.
 2375. 2375. 
    9.    9.    9.    9.    9.    9.    9. 2375. 2375. 3127. 3127. 3127.
 3127. 2375. 3127. 3127. 3127. 2375.    9.    9.    9.    9. 2375. 2375.
    9.    9. 
    9.    9.    9.    9.    9.    9.    9.    9.    9.    9.    9.    9.
 2375. 2375. 3127. 3127. 3127. 3127.    9.    9.    9. 2375. 2375. 3127.
 3127. 3127. 
 2375. 2375.    9.    9.    9.    9. 2375. 2375. 3127. 3127. 2375. 2375.
    9.    9.    9.    9.    9.    9. 2375. 2375. 3127. 3127. 3127. 3127.
 2375. 2375. 
 2375. 3127. 3127. 2375. 2375.    9.    9.    9. 2375.    9.    9.    9.
    9.    9.    9.    9.    9.    9.    9.    9.    9.    9. 2375. 2375.
 3127. 3127. 
 3127. 3127. 3127. 2375.    9. 2375. 2375. 2375. 3127. 3127. 3127. 2375.
 2375.    9.    9.    9.    9.    9. 2375. 2375. 3127. 3127. 2375. 2375.
    9.    9. 
    9.    9.    9.    9. 2375. 3127. 3127. 3127. 2375. 2375.    9.    9.
 2375. 3127. 3127. 3127. 2375.    9.    9.    9.    9.    9.    9.    9.
    9.    9. 
    9.    9.    9.    9.    9.    9. 2375. 2375. 3127. 3127. 3127. 3127.
 3127. 3127. 2375.    9. 2375. 2375. 3127. 3127. 3127. 3127. 2375. 2375.
    9.    9. 
    9.    9.    9.    9. 2375. 2375. 3127. 3127. 2375. 2375.    9.    9.
    9.    9.    9. 2375. 2375. 3127. 3127. 2375.    9.    9.    9.    9.
 2375. 2375. 
 3127. 3127. 2375.    9.    9.    9.    9.    9.    9.    9.    9.    9.
    9.    9.    9.    9.    9. 2375. 3127. 3127. 3127. 3127. 3127. 2375.
 2375.    9. 
    9. 2375. 2375. 3127. 3127. 3127. 3127. 2375. 2375. 2375.    9.    9.
    9.    9.    9.    9. 2375. 3127. 3127. 3127. 2375.    9.    9.    9.
    9.    9. 
    9. 2375. 3127. 3127. 3127. 2375.    9.    9.    9.    9. 2375. 3127.
 3127. 3127. 2375.    9.    9.    9.    9.    9.    9.    9.    9.    9.
    9.    9. 
    9.    9. 2375. 3127. 3127. 3127. 3127. 2375. 2375.    9.    9.    9.
 2375. 2375. 3127. 3127. 3127. 3127. 2375. 2375. 2375.    9.    9.    9.
    9.    9. 
    9. 2375. 2375. 3127. 3127. 3127. 2375.    9.    9.    9.    9.    9.
    9. 2375. 3127. 3127. 3127. 2375.    9.    9.    9. 2375. 2375. 3127.
 3127. 2375. 
 2375.    9.    9.    9.    9.    9.    9.    9.    9.    9.    9.    9.
    9.    9. 2375. 3127. 3127. 3127. 2375.    9.    9.    9.    9. 2375.
 2375. 3127. 
 3127. 3127. 2375. 2375. 2375. 2375. 2375.    9.    9.    9.    9.    9.
    9. 2375. 3127. 3127. 3127. 2375. 2375.    9.    9.    9.    9.    9.
    9. 2375. 
 3127. 3127. 3127. 2375.    9.    9.    9. 2375. 3127. 3127. 3127. 2375.
    9.    9.    9.    9.    9.    9.    9.    9.    9.    9.    9.    9.
    9. 2375. 
 3127. 3127. 3127. 2375.    9.    9.    9.    9.    9. 2375. 3127. 3127.
 3127. 2375. 2375. 3127. 3127. 2375. 2375.    9.    9.    9.    9.    9.
 2375. 2375. 
 3127. 3127. 3127. 2375.    9.    9.    9.    9.    9.    9.    9.    9.
 2375. 3127. 3127. 2375.    9.    9.    9. 2375. 3127. 3127. 3127. 2375.
    9.    9. 
    9.    9.    9.    9.    9.    9.    9.    9.    9.    9. 2375. 3127.
 3127. 3127. 2375.    9.    9.    9.    9.    9. 2375. 3127. 3127. 3127.
 2375. 2375. 
 3127. 3127. 3127. 2375. 2375.    9.    9.    9.    9.    9. 2375. 2375.
 3127. 3127. 2375. 2375.    9.    9.    9.    9.    9.    9.    9.    9.
 2375. 3127. 
 3127. 2375.    9.    9. 2375. 2375. 3127. 3127. 2375. 2375.    9.    9.
    9.    9.    9.    9.    9.    9.    9.    9.    9. 2375. 2375. 3127.
 3127. 3127. 
 2375.    9.    9.    9.    9.    9. 2375. 3127. 3127. 2375. 2375. 3127.
 3127. 3127. 2375. 2375.    9.    9.    9.    9.    9.    9. 2375. 2375.
 3127. 3127. 
 2375. 2375.    9.    9.    9.    9.    9.    9.    9.    9. 2375. 3127.
 3127. 2375.    9.    9. 2375. 3127. 3127. 3127. 2375.    9.    9.    9.
    9.    9. 
    9.    9.    9.    9.    9.    9.    9. 2375. 3127. 3127. 3127. 2375.
    9.    9.    9.    9.    9.    9. 2375. 3127. 3127. 2375. 3127. 3127.
 3127. 2375. 
 2375. 2375.    9.    9.    9.    9.    9.    9.    9. 2375. 3127. 3127.
 2375.    9.    9.    9.    9.    9.    9.    9.    9.    9. 2375. 3127.
 3127. 2375. 
    9.    9. 2375. 3127. 3127. 3127. 2375.    9.    9.    9.    9.    9.
    9.    9.    9.    9.    9.    9. 2375. 3127. 3127. 3127. 2375.    9.
    9.    9. 
    9.    9.    9. 2375. 2375. 3127. 3127. 2375. 3127. 3127. 2375. 2375.
 2375.    9.    9.    9.    9.    9.    9.    9. 2375. 2375. 3127. 3127.
 2375.    9. 
    9.    9.    9.    9.    9.    9.    9. 2375. 3127. 3127. 3127. 2375.
    9.    9. 2375. 3127. 3127. 3127. 2375.    9.    9.    9.    9.    9.
    9.    9. 
    9.    9. 2375. 2375. 3127. 3127. 3127. 3127. 2375.    9.    9.    9.
    9.    9. 2375. 2375. 2375. 3127. 3127. 2375. 2375. 2375. 2375.    9.
    9.    9. 
    9.    9.    9.    9.    9.    9. 2375. 3127. 3127. 3127. 2375.    9.
    9.    9.    9.    9.    9.    9. 2375. 3127. 3127. 3127. 2375.    9.
    9.    9. 
 2375. 3127. 3127. 3127. 2375.    9.    9.    9.    9.    9.    9.    9.
    9. 2375. 3127. 3127. 3127. 3127. 3127. 2375.    9.    9.    9.    9.
    9. 2375. 
 2375. 2375. 3127. 3127. 3127. 2375. 2375.    9.    9.    9.    9.    9.
    9.    9.    9.    9.    9.    9. 2375. 3127. 3127. 2375. 2375.    9.
    9.    9. 
    9.    9.    9. 2375. 3127. 3127. 3127. 2375. 2375.    9.    9.    9.
 2375. 2375. 3127. 3127. 2375. 2375.    9.    9.    9.    9.    9.    9.
 2375. 3127. 
 3127. 3127. 3127. 2375. 2375.    9.    9.    9.    9.    9.    9. 2375.
 2375. 2375. 3127. 3127. 2375. 2375.    9.    9.    9.    9.    9.    9.
    9.    9. 
    9.    9.    9. 2375. 2375. 3127. 3127. 2375. 2375.    9.    9.    9.
    9.    9. 2375. 3127. 3127. 3127. 2375. 2375.    9.    9.    9.    9.
    9. 2375. 
 3127. 3127. 3127. 2375.    9.    9.    9.    9.    9. 2375. 3127. 3127.
 3127. 3127. 2375. 2375.    9.    9.    9.    9.    9.    9. 2375. 2375.
 2375. 3127. 
 3127. 3127. 2375.    9.    9.    9.    9.    9.    9.    9.    9.    9.
    9.    9.    9. 2375. 3127. 3127. 3127. 2375.    9.    9.    9.    9.
    9. 2375. 
 3127. 3127. 3127. 3127. 2375.    9.    9.    9.    9.    9.    9. 2375.
 2375. 3127. 3127. 2375. 2375.    9.    9.    9.    9. 2375. 3127. 3127.
 3127. 2375. 
    9.    9.    9.    9.    9.    9.    9.    9. 2375. 2375. 3127. 3127.
 3127. 2375. 2375.    9.    9.    9.    9.    9.    9.    9.    9.    9.
    9.    9. 
 2375. 2375. 3127. 3127. 3127. 2375.    9.    9.    9. 2375. 2375. 3127.
 3127. 3127. 3127. 2375.    9.    9.    9.    9.    9.    9.    9.    9.
 2375. 3127. 
 3127. 3127. 2375.    9.    9.    9.    9. 2375. 3127. 3127. 2375.    9.
    9.    9.    9.    9.    9.    9.    9. 2375. 2375. 2375. 3127. 3127.
 3127. 2375. 
    9.    9.    9.    9.    9.    9.    9.    9.    9.    9.    9.    9.
 2375. 3127. 3127. 3127. 2375.    9.    9.    9.    9. 2375. 3127. 3127.
 3127. 2375. 
 2375.    9.    9.    9.    9.    9.    9.    9.    9.    9. 2375. 2375.
 3127. 3127. 2375.    9.    9.    9. 2375. 3127. 3127. 3127. 2375.    9.
    9.    9. 
    9.    9.    9.    9.    9. 2375. 2375. 3127. 3127. 3127. 2375. 2375.
    9.    9.    9.    9.    9.    9.    9.    9.    9.    9.    9.    9.
 2375. 3127. 
 3127. 2375. 2375.    9.    9.    9. 2375. 3127. 3127. 3127. 2375.    9.
    9.    9.    9.    9.    9.    9.    9.    9.    9.    9. 2375. 3127.
 3127. 3127. 
 2375.    9.    9.    9. 2375. 3127. 3127. 3127. 2375.    9.    9.    9.
    9.    9.    9.    9. 2375. 2375. 3127. 3127. 3127. 2375. 2375. 2375.
    9.    9. 
    9.    9.    9.    9.    9.    9.    9.    9.    9. 2375. 2375. 3127.
 3127. 2375.    9.    9.    9.    9. 2375. 3127. 3127. 3127.    9.    9.
    9.    9. 
    9.    9.    9.    9.    9.    9.    9. 2375. 2375. 3127. 3127. 3127.
 2375.    9.    9.    9. 2375. 3127. 3127. 2375.    9.    9.    9.    9.
    9.    9. 
    9. 2375. 2375. 3127. 3127. 3127. 3127. 2375. 2375.    9.    9.    9.
    9.    9.    9.    9.    9.    9.    9.    9.    9. 2375. 3127. 3127.
 3127. 2375. 
    9.    9.    9.    9. 2375. 3127. 3127. 2375.    9.    9.    9.    9.
    9.    9.    9.    9.    9.    9. 2375. 2375. 3127. 3127. 3127. 2375.
 2375.    9. 
    9.    9. 2375. 3127. 3127. 2375.    9.    9.    9.    9.    9.    9.
    9. 2375. 3127. 3127. 3127. 2375. 2375. 2375. 2375.    9.    9.    9.
    9.    9. 
    9.    9.    9.    9.    9.    9. 2375. 2375. 3127. 3127. 2375. 2375.
    9.    9.    9.    9. 2375. 3127. 3127. 2375.    9.    9.    9.    9.
    9.    9. 
    9.    9.    9. 2375. 2375. 3127. 3127. 3127. 2375. 2375.    9.    9.
    9.    9. 
/