PERMI
 33. 33. 33. 33. 33. 33. 33. 33. 33. 33. 33. 33. 33. 33. 33. 33. 33. 33.
 33. 33. 33. 33. 33. 33. 33. 33. 
   33. 2127. 2798. 2798. 2127.   33.   33.   33.   33.   33.   33.   33.
   33.   33.   33.   33.   33. 2127. 2127. 2127. 2798. 2798. 2798. 2798.
 2798. 2798. 
 2798. 2798. 2798. 2127. 2127.   33.   33.   33.   33.   33.   33.   33.
   33.   33.   33.   33.   33.   33.   33.   33.   33.   33.   33.   33.
   33.   33. 
   33.   33.   33.   33.   33.   33.   33.   33.   33.   33.   33.   33.
 2127. 2798. 2798. 2798. 2127.   33.   33.   33.   33.   33.   33.   33.
   33.   33. 
   33.   33.   33.   33. 2127. 2127. 2127. 2798. 2798. 2798. 2798. 2798.
 2798. 2798. 2798. 2798. 2127.   33.   33.   33.   33.   33.   33.   33.
   33.   33. 
   33.   33.   33.   33.   33.   33.   33.   33.   33.   33.   33.   33.
   33.   33.   33.   33.   33.   33.   33.   33.   33.   33.   33.   33.
 2127. 2798. 
 2798. 2798. 2127.   33.   33.   33.   33.   33.   33.   33.   33.   33.
   33.   33.   33.   33.   33.   33. 2127. 2127. 2127. 2127. 2127. 2127.
 2127. 2127. 
 2798. 2798. 2127.   33.   33.   33.   33.   33.   33.   33.   33.   33.
   33.   33.   33.   33.   33.   33.   33.   33.   33.   33.   33.   33.
   33.   33. 
   33.   33.   33.   33.   33.   33.   33.   33.   33.   33. 2127. 2798.
 2798. 2798. 2127.   33.   33.   33.   33.   33.   33.   33.   33.   33.
   33.   33. 
   33.   33.   33.   33.   33.   33.   33. 2127. 2127. 2127. 2127. 2127.
 2798. 2798. 2127. 2127.   33.   33.   33.   33.   33.   33.   33.   33.
   33.   33. 
   33.   33.   33.   33.   33.   33.   33.   33.   33.   33.   33.   33.
   33.   33.   33.   33.   33.   33.   33.   33.   33.   33. 2127. 2798.
 2798. 2798. 
 2127. 2127. 2127. 2127. 2127. 2127. 2127.   33.   33.   33.   33.   33.
   33.   33.   33.   33.   33.   33.   33.   33.   33.   33.   33. 2127.
 2798. 2798. 
 2127. 2127.   33.   33.   33.   33.   33.   33. 2127.   33.   33.   33.
   33.   33.   33.   33.   33.   33.   33.   33.   33.   33.   33.   33.
   33.   33. 
   33.   33.   33.   33.   33.   33.   33.   33. 2127. 2798. 2798. 2798.
 2798. 2798. 2798. 2798. 2798. 2798. 2798. 2127. 2127.   33.   33.   33.
   33.   33. 
   33.   33.   33.   33.   33.   33.   33.   33. 2127. 2127. 2798. 2798.
 2127. 2127.   33.   33.   33.   33.   33.   33. 2127.   33.   33.   33.
   33.   33. 
   33.   33.   33.   33.   33.   33.   33.   33.   33.   33.   33.   33.
   33.   33.   33.   33.   33.   33.   33.   33.   33. 2127. 2798. 2798.
 2798. 2798. 
 2798. 2798. 2798. 2798. 2798. 2798. 2127.   33.   33.   33.   33.   33.
   33.   33.   33.   33.   33.   33.   33.   33. 2127. 2127. 2798. 2798.
 2127. 2127. 
   33.   33.   33.   33.   33.   33. 2127.   33.   33.   33.   33.   33.
   33.   33.   33.   33.   33.   33.   33.   33.   33.   33.   33.   33.
   33.   33. 
   33.   33.   33.   33.   33.   33.   33. 2127. 2127. 2798. 2798. 2798.
 2798. 2798. 2798. 2798. 2798. 2798. 2798. 2127.   33.   33.   33.   33.
   33.   33. 
   33.   33.   33.   33.   33.   33. 2127. 2798. 2798. 2798. 2127. 2127.
   33.   33.   33.   33.   33.   33.   33.   33.   33.   33.   33.   33.
   33.   33. 
   33.   33.   33.   33.   33.   33.   33.   33.   33.   33.   33.   33.
   33.   33.   33.   33.   33.   33.   33.   33.   33. 2127. 2127. 2127.
 2127. 2127. 
 2127. 2127. 2798. 2798. 2798. 2127.   33.   33.   33.   33.   33.   33.
   33.   33.   33.   33.   33. 2127. 2127. 2798. 2798. 2798. 2127. 2127.
   33.   33. 
 33. 33. 33. 33. 33. 33. 33. 33. 33. 33. 33. 33. 33. 33. 33. 33. 33. 33.
 33. 33. 33. 33. 33. 33. 33. 33. 
   33.   33.   33.   33.   33.   33.   33.   33.   33.   33.   33.   33.
 2127. 2127. 2798. 2798. 2798. 2127.   33.   33.   33.   33.   33.   33.
   33.   33. 
   33.   33.   33. 2127. 2127. 2798. 2798. 2798. 2127.   33.   33.   33.
   33.   33.   33.   33.   33.   33.   33.   33.   33.   33.   33.   33.
   33.   33. 
   33.   33.   33.   33.   33.   33.   33.   33.   33.   33.   33.   33.
   33.   33.   33.   33.   33.   33.   33.   33.   33.   33.   33. 2127.
 2127. 2798. 
 2798. 2798. 2127. 2127.   33.   33.   33.   33.   33.   33.   33.   33.
   33.   33. 2127. 2127. 2798. 2798. 2798. 2127. 2127.   33.   33.   33.
   33.   33. 
 33. 33. 33. 33. 33. 33. 33. 33. 33. 33. 33. 33. 33. 33. 33. 33. 33. 33.
 33. 33. 33. 33. 33. 33. 33. 33. 
   33.   33.   33.   33.   33.   33.   33.   33. 2127. 2798. 2798. 2798.
 2798. 2127. 2127.   33.   33.   33.   33.   33.   33.   33.   33.   33.
   33.   33. 
 2127. 2127. 2798. 2798. 2798. 2127.   33.   33.   33.   33.   33.   33.
   33.   33. 2127. 2127.   33.   33.   33.   33.   33.   33.   33.   33.
   33.   33. 
   33.   33.   33.   33.   33.   33.   33.   33.   33.   33.   33.   33.
   33.   33.   33.   33.   33.   33.   33. 2127. 2127. 2798. 2798. 2798.
 2127. 2127. 
   33.   33.   33.   33.   33.   33.   33.   33.   33.   33.   33.   33.
 2127. 2127. 2798. 2798. 2127. 2127.   33.   33.   33.   33.   33.   33.
   33.   33. 
 2127. 2127. 2127.   33.   33.   33.   33.   33.   33.   33.   33.   33.
   33.   33.   33.   33.   33.   33.   33.   33.   33.   33.   33.   33.
   33.   33. 
   33.   33.   33.   33.   33. 2127. 2798. 2798. 2798. 2127. 2127.   33.
   33.   33.   33.   33.   33.   33.   33.   33.   33.   33.   33.   33.
 2127. 2798. 
 2798. 2798. 2127. 2127. 2127. 2127. 2127. 2127.   33.   33.   33.   33.
 2798. 2127. 2127.   33.   33.   33.   33.   33.   33.   33.   33.   33.
   33.   33. 
   33.   33.   33.   33.   33.   33.   33.   33.   33.   33.   33.   33.
   33.   33.   33.   33. 2127. 2798. 2798. 2798. 2798. 2127.   33.   33.
   33.   33. 
   33.   33.   33.   33.   33.   33.   33.   33.   33.   33. 2127. 2127.
 2798. 2798. 2798. 2798. 2798. 2798. 2127. 2127. 2127.   33.   33.   33.
 2798. 2798. 
 2127. 2127.   33.   33.   33.   33.   33.   33.   33.   33.   33.   33.
   33.   33.   33.   33.   33.   33.   33.   33.   33.   33.   33.   33.
   33.   33. 
   33.   33. 2127. 2798. 2798. 2798. 2127. 2127. 2127. 2127.   33.   33.
   33.   33.   33.   33.   33.   33.   33.   33.   33.   33. 2127. 2127.
 2127. 2798. 
 2798. 2798. 2798. 2798. 2798. 2798. 2127. 2127.   33.   33. 2798. 2798.
 2127. 2127.   33.   33.   33.   33.   33.   33.   33.   33.   33.   33.
   33.   33. 
   33.   33.   33.   33.   33.   33.   33.   33.   33.   33.   33.   33.
   33.   33.   33. 2127. 2798. 2798. 2798. 2798. 2798. 2798. 2127. 2127.
   33.   33. 
   33.   33.   33.   33.   33.   33.   33.   33.   33. 2127. 2127. 2127.
 2798. 2798. 2798. 2798. 2798. 2798. 2798. 2127. 2127.   33. 2798. 2798.
 2127. 2127. 
 33. 33. 33. 33. 33. 33. 33. 33. 33. 33. 33. 33. 33. 33. 33. 33. 33. 33.
 33. 33. 33. 33. 33. 33. 33. 33. 
   33. 2127. 2798. 2798. 2798. 2798. 2798. 2798. 2798. 2798. 2127. 2127.
   33.   33.   33.   33.   33.   33.   33.   33.   33.   33. 2127. 2127.
 2127. 2127. 
 2127. 2127. 2798. 2798. 2798. 2798. 2127.   33. 2798. 2798. 2127. 2127.
 2127.   33.   33.   33.   33.   33.   33.   33.   33.   33.   33.   33.
   33.   33. 
   33.   33.   33.   33.   33.   33.   33.   33.   33.   33.   33.   33.
   33.   33. 2127. 2127. 2798. 2798. 2798. 2798. 2798. 2798. 2798. 2127.
 2127.   33. 
   33.   33.   33.   33.   33.   33.   33.   33.   33.   33.   33.   33.
 2127. 2127. 2127. 2798. 2798. 2798. 2127.   33. 2798. 2798. 2127. 2127.
 2127.   33. 
 33. 33. 33. 33. 33. 33. 33. 33. 33. 33. 33. 33. 33. 33. 33. 33. 33. 33.
 33. 33. 33. 33. 33. 33. 33. 33. 
   33.   33. 2127. 2127. 2127. 2798. 2798. 2798. 2798. 2798. 2798. 2127.
   33.   33.   33.   33.   33.   33.   33.   33.   33.   33.   33.   33.
   33. 2127. 
 2127. 2798. 2798. 2127. 2127.   33. 2798. 2798. 2127. 2127. 2798. 2127.
   33.   33.   33.   33.   33.   33.   33.   33.   33.   33.   33.   33.
   33.   33. 
   33.   33.   33.   33.   33.   33.   33.   33.   33.   33.   33.   33.
   33.   33.   33.   33.   33. 2127. 2127. 2127. 2798. 2798. 2798. 2127.
 2127.   33. 
   33.   33.   33.   33.   33.   33.   33.   33.   33.   33. 2127. 2127.
 2798. 2798. 2798. 2127. 2127.   33. 2798. 2127. 2127. 2798. 2798. 2127.
   33.   33. 
 33. 33. 33. 33. 33. 33. 33. 33. 33. 33. 33. 33. 33. 33. 33. 33. 33. 33.
 33. 33. 33. 33. 33. 33. 33. 33. 
   33.   33.   33.   33.   33. 2127. 2127. 2798. 2798. 2798. 2127.   33.
   33.   33.   33.   33.   33.   33.   33.   33.   33. 2127. 2127. 2798.
 2798. 2798. 
 2127. 2127.   33.   33. 2798. 2127. 2127. 2798. 2798. 2127.   33.   33.
   33.   33.   33.   33.   33.   33.   33.   33.   33.   33.   33.   33.
   33.   33. 
   33.   33.   33.   33.   33.   33.   33.   33.   33.   33.   33.   33.
   33.   33.   33.   33.   33.   33. 2127. 2127. 2798. 2798. 2127.   33.
   33.   33. 
   33.   33.   33.   33.   33.   33.   33. 2127. 2127. 2798. 2798. 2798.
 2127. 2127.   33.   33. 2798. 2127. 2127. 2798. 2798. 2127.   33.   33.
   33.   33. 
 33. 33. 33. 33. 33. 33. 33. 33. 33. 33. 33. 33. 33. 33. 33. 33. 33. 33.
 33. 33. 33. 33. 33. 33. 33. 33. 
   33.   33.   33.   33.   33. 2127. 2798. 2798. 2127. 2127.   33.   33.
   33.   33.   33.   33.   33.   33. 2127. 2127. 2798. 2798. 2798. 2127.
 2127.   33. 
   33.   33. 2127. 2127. 2127. 2798. 2798. 2127.   33.   33.   33.   33.
   33.   33.   33.   33.   33.   33.   33.   33.   33.   33.   33.   33.
   33.   33. 
   33.   33.   33.   33.   33.   33.   33.   33.   33.   33.   33.   33.
   33.   33.   33.   33.   33. 2127. 2798. 2798. 2127.   33.   33.   33.
   33.   33. 
   33.   33.   33.   33. 2127. 2127. 2798. 2798. 2127. 2127.   33.   33.
   33.   33. 2127. 2127. 2798. 2798. 2798. 2127.   33.   33.   33.   33.
   33.   33. 
 33. 33. 33. 33. 33. 33. 33. 33. 33. 33. 33. 33. 33. 33. 33. 33. 33. 33.
 33. 33. 33. 33. 33. 33. 33. 33. 
   33.   33.   33. 2127. 2798. 2798. 2127.   33.   33.   33.   33.   33.
   33.   33.   33.   33. 2127. 2127. 2798. 2798. 2127. 2127.   33.   33.
   33. 2127. 
 2127. 2127. 2127. 2798. 2127. 2127.   33.   33.   33.   33.   33.   33.
   33.   33.   33.   33.   33.   33.   33.   33.   33.   33.   33.   33.
   33.   33. 
   33.   33.   33.   33.   33.   33.   33.   33.   33.   33.   33.   33.
   33.   33. 2127. 2798. 2798. 2798. 2127.   33.   33.   33.   33.   33.
   33.   33. 
   33.   33. 2127. 2127. 2798. 2798. 2127. 2127. 2127. 2127. 2127. 2127.
 2798. 2127. 2127. 2127. 2127. 2127.   33.   33.   33.   33.   33.   33.
   33.   33. 
 33. 33. 33. 33. 33. 33. 33. 33. 33. 33. 33. 33. 33. 33. 33. 33. 33. 33.
 33. 33. 33. 33. 33. 33. 33. 33. 
 2127. 2798. 2798. 2798. 2127.   33.   33.   33.   33.   33.   33.   33.
   33.   33.   33. 2127. 2798. 2798. 2798. 2798. 2798. 2798. 2798. 2798.
 2798. 2798. 
 2798. 2127. 2127. 2127. 2127. 2127. 2127. 2127. 2127. 2127. 2127.   33.
   33.   33.   33.   33.   33.   33.   33.   33.   33.   33.   33.   33.
   33.   33. 
   33.   33.   33.   33.   33.   33.   33.   33.   33.   33.   33.   33.
 2127. 2798. 2798. 2127. 2127.   33.   33.   33.   33.   33.   33.   33.
   33.   33. 
   33. 2127. 2127. 2798. 2798. 2798. 2798. 2798. 2798. 2798. 2798. 2798.
 2798. 2798. 2798. 2127. 2127. 2127. 2127. 2798. 2798. 2127. 2127. 2127.
   33.   33. 
   33.   33.   33.   33.   33.   33.   33.   33.   33.   33.   33.   33.
   33.   33.   33.   33.   33.   33.   33.   33.   33.   33.   33.   33.
 2127. 2798. 
 2798. 2798. 2127.   33.   33.   33.   33.   33.   33.   33.   33.   33.
   33.   33. 2127. 2127. 2127. 2127. 2798. 2798. 2798. 2798. 2127. 2127.
 2798. 2798. 
 2798. 2798. 2798. 2798. 2127. 2127. 2798. 2798. 2798. 2798. 2127.   33.
   33.   33.   33.   33.   33.   33.   33.   33.   33.   33.   33.   33.
   33.   33. 
   33.   33.   33.   33.   33.   33.   33.   33.   33.   33. 2127. 2127.
 2798. 2798. 2798. 2127. 2127. 2127. 2127. 2127. 2127. 2127. 2127.   33.
   33.   33. 
   33. 2127. 2127. 2127. 2127. 2127. 2127. 2127. 2127. 2127. 2127. 2127.
 2798. 2798. 2798. 2798. 2798. 2127. 2127. 2798. 2798. 2798. 2798. 2127.
   33.   33. 
   33.   33.   33.   33.   33.   33.   33.   33.   33.   33.   33.   33.
   33.   33.   33.   33.   33.   33.   33.   33.   33.   33.   33. 2127.
 2798. 2798. 
 2798. 2798. 2798. 2798. 2798. 2798. 2798. 2798. 2798. 2127. 2127.   33.
   33.   33.   33.   33.   33.   33.   33.   33.   33.   33. 2127. 2127.
 2127. 2127. 
 2127. 2798. 2798. 2127. 2127. 2127. 2798. 2798. 2798. 2127.   33.   33.
   33.   33.   33.   33.   33.   33.   33.   33.   33.   33.   33.   33.
   33.   33. 
   33.   33.   33.   33.   33.   33.   33.   33.   33.   33. 2127. 2127.
 2798. 2798. 2798. 2798. 2798. 2798. 2798. 2798. 2798. 2798. 2798. 2127.
 2127.   33. 
   33.   33.   33.   33.   33.   33.   33.   33.   33.   33.   33. 2127.
 2798. 2798. 2798. 2127. 2127. 2127. 2798. 2798. 2798. 2127.   33.   33.
   33.   33. 
   33.   33.   33.   33.   33.   33.   33.   33.   33.   33.   33.   33.
   33.   33.   33.   33.   33.   33.   33.   33.   33.   33.   33.   33.
 2127. 2127. 
 2127. 2127. 2127. 2798. 2798. 2127. 2798. 2798. 2798. 2798. 2798. 2127.
   33.   33.   33.   33.   33.   33.   33.   33.   33.   33. 2127. 2127.
 2798. 2798. 
 2798. 2127.   33. 2127. 2798. 2798. 2798. 2127.   33.   33.   33.   33.
   33.   33.   33.   33.   33.   33.   33.   33.   33.   33.   33.   33.
   33.   33. 
   33.   33.   33.   33.   33.   33.   33.   33.   33.   33.   33.   33.
   33.   33.   33. 2127. 2127. 2127. 2127. 2127. 2127. 2798. 2798. 2798.
 2127.   33. 
   33.   33.   33.   33.   33.   33.   33.   33. 2127. 2127. 2798. 2798.
 2127. 2127.   33. 2127. 2798. 2798. 2798. 2127.   33.   33.   33.   33.
   33.   33. 
 33. 33. 33. 33. 33. 33. 33. 33. 33. 33. 33. 33. 33. 33. 33. 33. 33. 33.
 33. 33. 33. 33. 33. 33. 33. 33. 
   33.   33.   33.   33.   33.   33. 2127. 2127. 2798. 2798. 2127.   33.
   33.   33.   33.   33. 2127.   33.   33.   33. 2127. 2798. 2798. 2798.
 2127.   33. 
 2127. 2127. 2798. 2798. 2127. 2127.   33.   33.   33.   33.   33.   33.
   33.   33.   33.   33.   33.   33.   33.   33.   33.   33.   33.   33.
   33.   33. 
   33.   33.   33.   33.   33.   33.   33.   33.   33.   33.   33.   33.
   33.   33.   33.   33.   33.   33.   33. 2127. 2798. 2798. 2127. 2127.
   33.   33. 
   33.   33. 2127.   33.   33. 2127. 2127. 2798. 2798. 2127. 2127. 2127.
 2127. 2798. 2798. 2798. 2127.   33.   33.   33.   33.   33.   33.   33.
   33.   33. 
 33. 33. 33. 33. 33. 33. 33. 33. 33. 33. 33. 33. 33. 33. 33. 33. 33. 33.
 33. 33. 33. 33. 33. 33. 33. 33. 
   33.   33.   33.   33.   33. 2127. 2798. 2798. 2127. 2127.   33.   33.
   33.   33. 2798. 2127.   33. 2127. 2127. 2798. 2798. 2127.   33. 2127.
 2798. 2798. 
 2798. 2127. 2127.   33.   33.   33.   33.   33.   33.   33.   33.   33.
   33.   33.   33.   33.   33.   33.   33.   33.   33.   33.   33.   33.
   33.   33. 
   33.   33.   33.   33.   33.   33.   33.   33.   33.   33.   33.   33.
   33.   33.   33.   33.   33. 2127. 2798. 2798. 2798. 2127.   33.   33.
   33.   33. 
 2798. 2127.   33. 2127. 2127. 2798. 2798. 2127.   33. 2127. 2798. 2798.
 2127. 2127.   33.   33.   33.   33.   33.   33.   33.   33.   33.   33.
   33.   33. 
 33. 33. 33. 33. 33. 33. 33. 33. 33. 33. 33. 33. 33. 33. 33. 33. 33. 33.
 33. 33. 33. 33. 33. 33. 33. 33. 
   33.   33.   33. 2127. 2798. 2798. 2127. 2127.   33.   33.   33.   33.
 2798. 2127.   33. 2127. 2127. 2798. 2798. 2127.   33. 2127. 2127. 2127.
 2127.   33. 
 33. 33. 33. 33. 33. 33. 33. 33. 33. 33. 33. 33. 33. 33. 33. 33. 33. 33.
 33. 33. 33. 33. 33. 33. 33. 33. 
   33.   33.   33.   33.   33.   33.   33.   33.   33.   33.   33.   33.
   33.   33.   33. 2127. 2798. 2798. 2127. 2127.   33.   33.   33.   33.
 2798. 2127. 
   33. 2127. 2798. 2798. 2798. 2127. 2127. 2127. 2127. 2127. 2127. 2127.
 2127. 2127.   33.   33.   33.   33.   33.   33.   33.   33.   33.   33.
   33.   33. 
 33. 33. 33. 33. 33. 33. 33. 33. 33. 33. 33. 33. 33. 33. 33. 33. 33. 33.
 33. 33. 33. 33. 33. 33. 33. 33. 
   33. 2127. 2798. 2798. 2127.   33.   33.   33.   33.   33. 2127.   33.
   33. 2127. 2798. 2798. 2798. 2127. 2798. 2798. 2798. 2798. 2798. 2798.
 2127. 2127. 
 2127.   33.   33.   33.   33.   33.   33.   33.   33.   33.   33.   33.
   33.   33.   33.   33.   33.   33.   33.   33.   33.   33.   33.   33.
   33.   33. 
   33.   33.   33.   33.   33.   33.   33.   33.   33.   33.   33.   33.
   33. 2127. 2798. 2798. 2127.   33.   33.   33.   33.   33. 2127.   33.
   33. 2127. 
 2127. 2798. 2798. 2798. 2798. 2798. 2798. 2798. 2798. 2798. 2798. 2798.
 2127. 2127.   33.   33.   33.   33.   33.   33.   33.   33.   33.   33.
   33.   33. 
   33.   33.   33.   33.   33.   33.   33.   33.   33.   33.   33.   33.
   33.   33.   33.   33.   33.   33.   33.   33.   33.   33.   33.   33.
   33. 2127. 
 2798. 2798. 2127. 2127. 2127.   33.   33.   33. 2127.   33.   33.   33.
 2127. 2127. 2798. 2798. 2798. 2127. 2127. 2127. 2798. 2798. 2798. 2798.
 2127. 2127. 
 2127. 2127.   33.   33.   33.   33.   33.   33.   33.   33.   33.   33.
   33.   33.   33.   33.   33.   33.   33.   33.   33.   33.   33.   33.
   33.   33. 
   33.   33.   33.   33.   33.   33.   33.   33.   33.   33.   33. 2127.
 2798. 2798. 2798. 2798. 2127. 2127.   33.   33.   33.   33.   33.   33.
   33. 2127. 
 2127. 2127. 2127. 2127. 2127. 2127. 2127. 2127. 2798. 2798. 2798. 2127.
 2798. 2798. 2127.   33.   33.   33.   33.   33.   33.   33.   33.   33.
   33.   33. 
   33.   33.   33.   33.   33.   33.   33.   33.   33.   33.   33.   33.
   33.   33.   33.   33.   33.   33.   33.   33.   33.   33.   33. 2127.
 2127. 2798. 
 2798. 2798. 2798. 2127. 2127. 2127.   33.   33.   33.   33.   33.   33.
   33.   33.   33.   33.   33.   33. 2127. 2127. 2798. 2798. 2798. 2127.
 2798. 2798. 
 2798. 2127.   33.   33.   33.   33.   33.   33.   33.   33.   33.   33.
   33.   33.   33.   33.   33.   33.   33.   33.   33.   33.   33.   33.
   33.   33. 
   33.   33.   33.   33.   33.   33.   33.   33.   33.   33. 2127. 2127.
 2127. 2798. 2798. 2798. 2798. 2798. 2127. 2127. 2127. 2127. 2127.   33.
   33.   33. 
   33.   33.   33.   33.   33. 2127. 2798. 2798. 2798. 2127. 2798. 2798.
 2798. 2127.   33.   33.   33.   33.   33.   33.   33.   33.   33.   33.
   33.   33. 
   33.   33.   33.   33.   33.   33.   33.   33.   33.   33.   33.   33.
   33.   33.   33.   33.   33.   33.   33.   33.   33.   33.   33.   33.
   33. 2127. 
 2127. 2127. 2798. 2798. 2798. 2798. 2798. 2798. 2798. 2127. 2127.   33.
   33.   33.   33.   33. 2127. 2127. 2798. 2798. 2798. 2127. 2127. 2798.
 2798. 2127. 
 33. 33. 33. 33. 33. 33. 33. 33. 33. 33. 33. 33. 33. 33. 33. 33. 33. 33.
 33. 33. 33. 33. 33. 33. 33. 33. 
   33.   33.   33.   33.   33.   33.   33.   33.   33.   33.   33.   33.
   33. 2127. 2127. 2127. 2798. 2798. 2798. 2798. 2798. 2798. 2127. 2127.
   33.   33. 
   33.   33. 2127. 2798. 2798. 2798. 2127. 2127. 2127. 2798. 2798. 2127.
   33.   33.   33.   33.   33.   33.   33.   33.   33.   33.   33.   33.
   33.   33. 
 33. 33. 33. 33. 33. 33. 33. 33. 33. 33. 33. 33. 33. 33. 33. 33. 33. 33.
 33. 33. 33. 33. 33. 33. 33. 33. 
   33.   33. 2798. 2798. 2798. 2798. 2798. 2798. 2798. 2127.   33.   33.
   33.   33. 2127. 2798. 2798. 2798. 2127. 2127. 2127. 2798. 2798. 2127.
   33.   33. 
 33. 33. 33. 33. 33. 33. 33. 33. 33. 33. 33. 33. 33. 33. 33. 33. 33. 33.
 33. 33. 33. 33. 33. 33. 33. 33. 
   33.   33.   33.   33.   33.   33.   33.   33.   33.   33.   33.   33.
   33.   33. 2127. 2127. 2127. 2127. 2127. 2798. 2798. 2127.   33.   33.
   33. 2127. 
 2127. 2798. 2798. 2127. 2127. 2127. 2798. 2798. 2798. 2127.   33.   33.
   33.   33.   33.   33.   33.   33.   33.   33.   33.   33.   33.   33.
   33.   33. 
 33. 33. 33. 33. 33. 33. 33. 33. 33. 33. 33. 33. 33. 33. 33. 33. 33. 33.
 33. 33. 33. 33. 33. 33. 33. 33. 
   33.   33.   33.   33. 2127. 2798. 2798. 2127.   33.   33.   33. 2127.
 2798. 2798. 2798. 2127. 2127. 2127. 2798. 2798. 2798. 2127.   33.   33.
   33.   33. 
 33. 33. 33. 33. 33. 33. 33. 33. 33. 33. 33. 33. 33. 33. 33. 33. 33. 33.
 33. 33. 33. 33. 33. 33. 33. 33. 
   33.   33.   33.   33.   33.   33.   33.   33.   33.   33.   33.   33.
   33.   33.   33.   33. 2127. 2798. 2798. 2127.   33.   33.   33. 2127.
 2798. 2798. 
 2798. 2127. 2127. 2127. 2798. 2798. 2798. 2127.   33.   33.   33.   33.
   33.   33.   33.   33.   33.   33.   33.   33.   33.   33.   33.   33.
   33.   33. 
   33.   33.   33.   33.   33.   33.   33.   33.   33.   33.   33.   33.
   33.   33.   33.   33.   33.   33.   33.   33.   33.   33.   33. 2127.
   33.   33. 
   33. 2127. 2798. 2798. 2798. 2127.   33.   33.   33. 2127. 2798. 2798.
 2798. 2127. 2127. 2127. 2798. 2798. 2798. 2127.   33.   33.   33.   33.
   33.   33. 
   33. 2127. 2127.   33.   33.   33.   33.   33.   33.   33.   33.   33.
   33.   33.   33.   33.   33.   33.   33.   33.   33.   33.   33.   33.
   33.   33. 
   33.   33.   33.   33.   33.   33.   33.   33.   33. 2127.   33.   33.
 2127. 2127. 2798. 2798. 2127. 2127.   33.   33.   33. 2127. 2798. 2798.
 2798. 2127. 
 2127. 2127. 2127. 2127. 2127. 2127. 2127.   33.   33. 2127. 2127. 2127.
 2127. 2127. 2127. 2127. 2127.   33.   33.   33.   33.   33.   33.   33.
   33.   33. 
   33.   33.   33.   33.   33.   33.   33.   33.   33.   33.   33.   33.
   33.   33.   33.   33.   33.   33.   33.   33.   33. 2127.   33.   33.
 2127. 2798. 
 2798. 2798. 2127.   33.   33.   33.   33. 2127. 2798. 2798. 2798. 2127.
 2127. 2127. 2127. 2127. 2127. 2127. 2127. 2127. 2127. 2127. 2127. 2127.
 2798. 2798. 
 2798. 2127. 2127.   33.   33.   33.   33.   33.   33.   33.   33.   33.
   33.   33.   33.   33.   33.   33.   33.   33.   33.   33.   33.   33.
   33.   33. 
   33.   33.   33.   33.   33.   33.   33. 2127.   33.   33. 2127. 2798.
 2798. 2127.   33.   33.   33.   33.   33. 2127. 2127. 2798. 2798. 2798.
 2798. 2798. 
 2798. 2798. 2798. 2798. 2798. 2798. 2127. 2127. 2798. 2798. 2798. 2798.
 2798. 2798. 2127.   33.   33.   33.   33.   33.   33.   33.   33.   33.
   33.   33. 
   33.   33.   33.   33.   33.   33.   33.   33.   33.   33.   33.   33.
   33.   33.   33.   33.   33.   33. 2127. 2798.   33.   33. 2127. 2798.
 2798. 2127. 
   33.   33.   33.   33.   33. 2127. 2127. 2798. 2798. 2798. 2798. 2798.
 2798. 2798. 2798. 2798. 2798. 2798. 2798. 2127. 2127. 2798. 2127. 2127.
 2798. 2798. 
 2127. 2127.   33.   33.   33.   33.   33.   33.   33.   33.   33.   33.
   33.   33.   33.   33.   33.   33.   33.   33.   33.   33.   33.   33.
   33.   33. 
   33.   33.   33.   33. 2127. 2798.   33. 2127. 2127. 2798. 2798. 2127.
   33.   33.   33.   33.   33.   33. 2127. 2127. 2127. 2127. 2127. 2127.
 2127. 2127. 
 2127. 2127. 2798. 2798. 2798. 2798. 2127. 2127. 2127. 2127. 2798. 2798.
 2127. 2127.   33.   33.   33.   33.   33.   33.   33.   33.   33.   33.
   33.   33. 
   33.   33.   33.   33.   33.   33.   33.   33.   33.   33.   33.   33.
   33.   33.   33.   33. 2127. 2798.   33. 2127. 2127. 2798. 2798. 2127.
   33.   33. 
   33.   33.   33.   33.   33.   33.   33. 2127. 2127. 2127.   33.   33.
 2127. 2127. 2127. 2798. 2798. 2798. 2127. 2127.   33. 2127. 2798. 2798.
 2127.   33. 
 33. 33. 33. 33. 33. 33. 33. 33. 33. 33. 33. 33. 33. 33. 33. 33. 33. 33.
 33. 33. 33. 33. 33. 33. 33. 33. 
   33.   33.   33. 2127.   33.   33. 2127. 2798. 2798. 2798. 2127.   33.
   33.   33.   33.   33.   33.   33.   33.   33.   33.   33.   33.   33.
   33.   33. 
 2127. 2127. 2798. 2798. 2127. 2127.   33. 2127. 2798. 2798. 2127. 2127.
   33.   33.   33.   33.   33.   33. 2127. 2127.   33.   33.   33.   33.
   33.   33. 
   33.   33.   33.   33.   33.   33.   33.   33.   33.   33.   33.   33.
   33.   33.   33. 2127.   33.   33. 2127. 2798. 2798. 2798. 2127. 2127.
   33.   33. 
   33.   33.   33.   33.   33.   33.   33.   33.   33.   33.   33.   33.
 2127. 2127. 2798. 2798. 2127.   33.   33. 2127. 2798. 2798. 2127. 2127.
   33.   33. 
   33. 2127. 2127. 2127. 2127. 2127. 2127.   33.   33.   33.   33.   33.
   33.   33.   33.   33.   33.   33.   33.   33.   33.   33.   33.   33.
   33.   33. 
   33.   33.   33.   33.   33. 2127. 2798. 2798. 2798. 2798. 2127. 2127.
 2127.   33.   33.   33.   33.   33.   33.   33.   33.   33.   33.   33.
 2127. 2798. 
 2798. 2798. 2127.   33.   33. 2127. 2798. 2798. 2127. 2127.   33.   33.
 2127. 2127. 2798. 2798. 2798. 2798. 2127. 2127.   33.   33.   33.   33.
   33.   33. 
 33. 33. 33. 33. 33. 33. 33. 33. 33. 33. 33. 33. 33. 33. 
/