PERMI
  879.  879.  879.  879.  879.  879.  879.  879.  879.  879.  879.  879.
  879.  879.  879.  879.   13.   13.   13.   13.  879. 1235. 1235. 1235.
  879.  879. 
  879. 1235. 1235. 1235. 1235. 1235. 1235.  879.  879.   13.   13.   13.
   13.   13.   13.   13.   13.   13.   13.   13.   13.   13.   13.   13.
   13.   13. 
   13.   13.   13.   13.   13.   13.   13.   13.   13.   13.   13.   13.
  879.  879.  879. 1235. 1235. 1235.  879.  879.  879.  879. 1235. 1235.
 1235. 1235. 
 1235.  879.  879.   13.   13.   13.  879. 1235. 1235. 1235. 1235.  879.
 1235. 1235. 1235. 1235. 1235. 1235. 1235. 1235.  879.   13.   13.   13.
   13.   13. 
  13.  13.  13.  13.  13.  13.  13.  13.  13.  13.  13.  13.  13.  13.
  13.  13.  13.  13.  13.  13.  13.  13.  13.  13. 879. 879. 
 1235. 1235. 1235. 1235. 1235.  879.  879.  879. 1235. 1235. 1235. 1235.
 1235. 1235.  879.  879.  879.   13.   13.  879. 1235. 1235. 1235. 1235.
 1235. 1235. 
 1235.  879.  879. 1235. 1235. 1235.  879.  879.   13.   13.   13.   13.
  879.  879.  879.  879.  879.   13.   13.   13.   13.   13.   13.   13.
   13.   13. 
   13.   13.   13.   13.   13.   13.   13.   13.   13.   13.  879.  879.
 1235. 1235. 1235. 1235. 1235.  879.  879. 1235. 1235. 1235. 1235. 1235.
 1235. 1235. 
 1235.  879.  879.  879.  879.  879.  879. 1235. 1235. 1235. 1235. 1235.
  879.   13.  879.  879. 1235. 1235. 1235.  879.  879.   13.   13.  879.
 1235. 1235. 
 1235. 1235. 1235.  879.   13.   13.   13.   13.   13.   13.   13.   13.
   13.   13.   13.   13.   13.   13.   13.   13.   13.   13.  879. 1235.
 1235. 1235. 
  879. 1235. 1235.  879.  879. 1235. 1235. 1235.  879.  879. 1235. 1235.
 1235.  879.  879.  879.  879.  879.  879.  879.  879. 1235.  879.  879.
   13.   13. 
   13.  879. 1235. 1235. 1235. 1235.  879.  879.  879. 1235. 1235. 1235.
 1235. 1235. 1235.  879.   13.   13.   13.   13.   13.   13.   13.   13.
   13.   13. 
   13.   13.   13.   13.   13.   13.   13.   13. 1235. 1235. 1235.  879.
  879. 1235. 1235. 1235.  879. 1235. 1235. 1235.  879.  879. 1235. 1235.
 1235.  879. 
  879.  879.  879. 1235. 1235. 1235. 1235. 1235.  879.  879.  879.  879.
  879.  879.  879.  879. 1235. 1235. 1235. 1235. 1235. 1235. 1235. 1235.
 1235. 1235. 
 1235. 1235.  879.   13.   13.   13.   13.   13.   13.   13.   13.   13.
   13.   13.   13.   13.   13.   13.   13.   13. 1235. 1235. 1235.  879.
  879. 1235. 
 1235. 1235. 1235. 1235. 1235. 1235.  879.  879.  879. 1235. 1235. 1235.
  879. 1235. 1235. 1235. 1235. 1235. 1235. 1235.  879.  879.  879.  879.
  879.  879. 
  879.  879. 1235. 1235. 1235. 1235. 1235. 1235. 1235. 1235.  879. 1235.
 1235. 1235.  879.   13.   13.   13.   13.   13.   13.   13.   13.   13.
   13.   13. 
   13.   13.   13.   13.   13.   13. 1235.  879.  879.  879.  879. 1235.
 1235. 1235. 1235. 1235. 1235.  879.  879.  879.  879. 1235. 1235. 1235.
 1235. 1235. 
 1235. 1235. 1235. 1235. 1235. 1235. 1235.  879.  879.  879. 1235.  879.
  879.  879.  879. 1235. 1235. 1235. 1235. 1235.  879.  879.  879. 1235.
 1235. 1235. 
  879.   13.   13.   13.   13.   13.   13.   13.   13.   13.   13.   13.
   13.   13.   13.   13.   13.   13.  879.  879.  879.   13.   13.  879.
 1235. 1235. 
 1235. 1235. 1235.  879.  879. 1235.  879. 1235. 1235. 1235. 1235. 1235.
 1235. 1235. 1235. 1235. 1235. 1235. 1235.  879. 1235. 1235. 1235. 1235.
  879.  879. 
  879.  879.  879. 1235.  879.  879.  879.  879. 1235. 1235. 1235. 1235.
  879.   13.   13.   13.   13.   13.   13.   13.   13.   13.   13.   13.
   13.   13. 
   13.   13.   13.   13.   13.   13.   13.   13.   13.  879.  879. 1235.
 1235. 1235.  879.  879. 1235. 1235.  879.  879. 1235. 1235. 1235. 1235.
  879.  879. 
  879. 1235. 1235. 1235.  879.  879. 1235. 1235. 1235. 1235.  879.  879.
  879.   13.   13.  879.   13.   13.   13.  879. 1235. 1235. 1235. 1235.
  879.  879. 
 879. 879.  13.  13.  13.  13.  13.  13.  13.  13.  13.  13.  13.  13.
  13.  13.  13.  13.  13.  13.  13.  13. 879. 879. 879. 879. 
  879. 1235. 1235.  879.  879.  879.  879.  879.  879.  879.  879.  879.
  879. 1235. 1235. 1235.  879.  879. 1235.  879. 1235. 1235.  879.  879.
  879.   13. 
   13.   13.   13.   13.   13.  879. 1235. 1235. 1235. 1235. 1235. 1235.
  879.  879.  879.  879.  879.   13.   13.   13.   13.   13.   13.   13.
   13.   13. 
   13.   13.   13.   13.   13.   13.   13.   13.   13.   13.  879.  879.
  879.  879.  879.  879.  879.   13.  879.  879.  879.  879.  879.  879.
  879. 1235. 
 1235. 1235.  879.  879.  879.  879.  879.  879.  879.  879.  879.   13.
   13.   13.   13.   13.   13.   13.  879. 1235. 1235. 1235. 1235. 1235.
 1235. 1235. 
 1235. 1235.  879.  879.   13.   13.   13.   13.   13.   13.   13.   13.
   13.   13.   13.   13.   13.   13.   13.   13.   13.   13.   13.   13.
   13.  879. 
  879.   13.   13.   13.   13.   13.   13.  879.  879.  879. 1235. 1235.
 1235.  879.  879.  879.  879.  879.  879.  879.  879.  879.  879.  879.
  879.  879. 
  879.  879.  879.   13.  879. 1235. 1235. 1235. 1235. 1235. 1235. 1235.
 1235. 1235. 1235.  879.  879.   13.   13.   13.   13.   13.   13.   13.
   13.   13. 
   13.   13.   13.   13.   13.   13.   13.   13.   13.   13.   13.   13.
   13.   13.   13.   13.   13.   13.   13.   13.  879.  879. 1235. 1235.
 1235.  879. 
  879. 1235. 1235. 1235. 1235. 1235. 1235.  879.  879.  879.  879.  879.
  879.  879.  879.  879.  879.  879.  879.  879. 1235. 1235. 1235. 1235.
 1235. 1235. 
 1235. 1235.  879.   13.   13.   13.   13.   13.   13.   13.   13.   13.
   13.   13.   13.   13.   13.   13.   13.   13.   13.   13.   13.   13.
   13.   13. 
   13.   13.   13.   13.   13.   13.   13.  879.  879. 1235. 1235. 1235.
 1235. 1235. 1235. 1235. 1235. 1235. 1235. 1235.  879.  879. 1235. 1235.
 1235. 1235. 
 1235.  879.  879.   13.   13.   13.  879.  879.  879.  879. 1235. 1235.
 1235. 1235.  879.   13.   13.   13.   13.   13.   13.   13.   13.   13.
   13.   13. 
   13.   13.   13.   13.   13.   13.   13.   13.   13.   13.   13.   13.
   13.   13.   13.   13.   13.   13.   13.  879.  879. 1235. 1235. 1235.
 1235. 1235. 
 1235. 1235. 1235. 1235. 1235. 1235.  879.  879. 1235. 1235. 1235. 1235.
 1235.  879.  879.  879.   13.   13.   13.   13.   13.  879. 1235. 1235.
 1235. 1235. 
 879.  13.  13.  13.  13. 879. 879.  13.  13.  13.  13.  13.  13.  13.
  13.  13.  13.  13.  13.  13.  13.  13.  13.  13.  13.  13. 
   13.   13.   13.   13.   13.   13.  879.  879. 1235. 1235. 1235. 1235.
 1235. 1235.  879.  879. 1235. 1235. 1235.  879. 1235. 1235.  879.  879.
  879.  879. 
  879.  879.  879.   13.   13.   13.   13.  879. 1235. 1235. 1235. 1235.
  879.   13.   13.  879.  879. 1235.  879.  879.  879.   13.   13.   13.
   13.   13. 
  13.  13.  13.  13.  13.  13.  13.  13.  13.  13.  13.  13.  13.  13.
  13.  13.  13.  13. 879. 879. 879. 879. 879. 879. 879. 879. 
  879.  879. 1235. 1235. 1235.  879.  879.  879.  879. 1235. 1235. 1235.
 1235. 1235.  879.   13.   13.   13.   13.  879. 1235. 1235. 1235. 1235.
  879.  879. 
  879.  879. 1235. 1235. 1235. 1235. 1235.  879.   13.   13.   13.   13.
   13.   13.   13.   13.   13.   13.   13.   13.   13.   13.   13.   13.
   13.   13. 
   13.   13.   13.   13.   13.   13.  879.  879.  879.  879.   13.   13.
  879.  879. 1235. 1235. 1235.  879.  879.  879. 1235. 1235. 1235. 1235.
 1235. 1235. 
  879.  879.  879.  879.  879.  879. 1235. 1235. 1235. 1235.  879. 1235.
 1235. 1235. 1235. 1235. 1235. 1235. 1235. 1235.   13.   13.   13.   13.
   13.   13. 
  13.  13.  13.  13.  13.  13.  13.  13.  13.  13.  13.  13.  13.  13.
  13.  13.  13.  13.  13.  13.  13.  13.  13.  13. 879. 879. 
 1235. 1235. 1235.  879.  879. 1235. 1235. 1235. 1235. 1235. 1235. 1235.
 1235.  879.  879.  879.  879.  879.  879. 1235. 1235. 1235. 1235. 1235.
 1235. 1235. 
 1235. 1235. 1235. 1235. 1235. 1235.   13.   13.   13.   13.   13.   13.
   13.   13.   13.   13.   13.   13.   13.   13.   13.   13.   13.   13.
   13.   13. 
   13.   13.   13.   13.   13.   13.   13.   13.   13.   13.   13.  879.
 1235. 1235. 1235. 1235. 1235. 1235. 1235. 1235. 1235.  879. 1235. 1235.
 1235.  879. 
  879. 1235. 1235. 1235.  879. 1235. 1235. 1235. 1235. 1235. 1235. 1235.
  879.  879.  879. 1235. 1235. 1235.   13.   13.   13.   13.   13.   13.
   13.   13. 
   13.   13.   13.   13.   13.   13.   13.   13.   13.   13.   13.   13.
   13.   13.   13.   13.   13.   13.   13.   13.   13.   13.   13.  879.
  879. 1235. 
 1235. 1235. 1235. 1235. 1235.  879.  879.  879. 1235. 1235. 1235.  879.
 1235. 1235. 1235. 1235. 1235.  879.  879. 1235. 1235. 1235.  879.  879.
  879.  879. 
  879.  879. 1235. 1235.   13.   13.   13.   13.   13.   13.   13.   13.
   13.   13.   13.   13.   13.   13.   13.   13.   13.   13.   13.   13.
   13.   13. 
   13.   13.   13.   13.   13.   13.   13.   13.   13.  879.  879. 1235.
 1235. 1235. 1235. 1235.  879.  879. 1235.  879. 1235. 1235. 1235. 1235.
 1235. 1235. 
  879.  879. 1235. 1235.  879.  879.  879.  879.  879.  879.  879.  879.
  879.  879. 1235. 1235.   13.   13.   13.   13.   13.   13.   13.   13.
   13.   13. 
   13.   13.   13.   13.   13.   13.   13.   13.   13.   13.   13.   13.
   13.   13.   13.   13.   13.   13.   13.   13.   13.   13.  879.  879.
  879. 1235. 
 1235.  879.  879.  879.  879.  879.  879. 1235. 1235. 1235. 1235. 1235.
  879.  879.  879. 1235. 1235. 1235.  879.  879.  879.  879.  879. 1235.
 1235. 1235. 
  879. 1235.   13.   13.   13.   13.   13.   13.   13.   13.   13.   13.
   13.   13.   13.   13.   13.   13.   13.   13.   13.   13.   13.   13.
   13.   13. 
   13.   13.   13.   13.   13.   13.   13.   13.   13.  879.  879.  879.
  879.  879.   13.  879.  879.  879.  879. 1235. 1235. 1235. 1235.  879.
  879. 1235. 
  879. 1235. 1235. 1235. 1235.  879. 1235. 1235. 1235. 1235. 1235. 1235.
  879. 1235.   13.   13.   13.   13.   13.   13.   13.   13.   13.   13.
   13.   13. 
 13. 13. 13. 13. 13. 13. 13. 13. 13. 13. 13. 13. 13. 13. 13. 13. 13. 13.
 13. 13. 13. 13. 13. 13. 13. 13. 
   13.   13.  879.  879.  879.  879.  879.  879.  879.  879.  879. 1235.
  879.  879. 1235. 1235. 1235. 1235. 1235. 1235. 1235. 1235. 1235. 1235.
  879. 1235. 
 13. 13. 13. 13. 13. 13. 13. 13. 13. 13. 13. 13. 13. 13. 13. 13. 13. 13.
 13. 13. 13. 13. 13. 13. 13. 13. 
  13.  13.  13.  13.  13.  13.  13.  13.  13.  13.  13.  13.  13.  13.
  13.  13.  13. 879. 879. 879. 879. 879. 879. 879. 879. 879. 
 1235. 1235. 1235. 1235. 1235. 1235. 1235. 1235.  879.  879.  879.  879.
   13.   13.   13.   13.   13.   13.   13.   13.   13.   13.   13.   13.
   13.   13. 
 13. 13. 13. 13. 13. 13. 13. 13. 13. 13. 13. 13. 13. 13. 13. 13. 13. 13.
 13. 13. 13. 13. 13. 13. 13. 13. 
   13.   13.   13.   13.   13.   13.   13.  879.  879.  879.  879.  879.
  879. 1235. 1235. 1235. 1235.  879.  879.  879.  879. 1235.  879.  879.
   13.   13. 
 13. 13. 13. 13. 13. 13. 13. 13. 13. 13. 13. 13. 13. 13. 13. 13. 13. 13.
 13. 13. 13. 13. 13. 13. 13. 13. 
  13.  13.  13.  13.  13.  13.  13.  13.  13.  13.  13.  13.  13.  13.
  13.  13.  13.  13.  13.  13.  13. 879. 879. 879. 879. 879. 
  879.  879.  879.  879.  879. 1235. 1235.  879.  879.  879.   13.   13.
   13.   13.   13.   13.   13.   13.   13.   13.   13.   13.   13.   13.
   13.   13. 
 13. 13. 13. 13. 13. 13. 13. 13. 13. 13. 13. 13. 13. 13. 13. 13. 13. 13.
 13. 13. 13. 13. 13. 13. 13. 13. 
  13.  13.  13.  13.  13.  13.  13.  13.  13.  13.  13. 879. 879. 879.
 879. 879. 879. 879. 879. 879. 879. 879.  13.  13.  13.  13. 
 13. 13. 13. 13. 13. 13. 13. 13. 13. 13. 13. 13. 13. 13. 13. 13. 13. 13.
 13. 13. 13. 13. 13. 13. 13. 13. 
 13. 13. 13. 13. 13. 13. 13. 13. 13. 13. 13. 13. 13. 13. 13. 13. 13. 13.
 13. 13. 13. 13. 13. 13. 13. 13. 
 879. 879. 879. 879. 879.  13.  13.  13.  13.  13.  13.  13.  13.  13.
  13.  13.  13.  13.  13.  13.  13.  13.  13.  13.  13.  13. 
 13. 13. 13. 13. 13. 13. 13. 13. 13. 13. 13. 13. 13. 13. 13. 13. 13. 13.
 13. 13. 13. 13. 13. 13. 13. 13. 
 13. 13. 13. 13. 13. 13. 13. 13. 13. 13. 13. 13. 13. 13. 13. 13. 13. 13.
 13. 13. 13. 13. 13. 13. 13. 13. 
 13. 13. 13. 13. 13. 13. 13. 13. 13. 13. 13. 13. 13. 13. 13. 13. 13. 13.
 13. 13. 13. 13. 13. 13. 13. 13. 
 13. 13. 13. 13. 13. 13. 13. 13. 13. 13. 13. 13. 13. 13. 13. 13. 13. 13.
 13. 13. 13. 13. 13. 13. 13. 13. 
 13. 13. 13. 13. 13. 13. 13. 13. 13. 13. 13. 13. 13. 13. 13. 13. 13. 13.
 13. 13. 13. 13. 13. 13. 13. 13. 
 13. 13. 13. 13. 13. 13. 13. 13. 13. 13. 13. 13. 13. 13. 13. 13. 13. 13.
 13. 13. 13. 13. 13. 13. 13. 13. 
 13. 13. 13. 13. 13. 13. 13. 13. 13. 13. 13. 13. 13. 13. 13. 13. 13. 13.
 13. 13. 13. 13. 13. 13. 13. 13. 
 13. 13. 13. 13. 13. 13. 13. 13. 13. 13. 13. 13. 13. 13. 13. 13. 13. 13.
 13. 13. 13. 13. 13. 13. 13. 13. 
 13. 13. 13. 13. 13. 13. 13. 13. 13. 13. 13. 13. 13. 13. 13. 13. 13. 13.
 13. 13. 13. 13. 13. 13. 13. 13. 
 13. 13. 13. 13. 13. 13. 13. 13. 13. 13. 13. 13. 13. 13. 13. 13. 13. 13.
 13. 13. 13. 13. 13. 13. 13. 13. 
 13. 13. 13. 13. 13. 13. 13. 13. 13. 13. 13. 13. 13. 13. 13. 13. 13. 13.
 13. 13. 13. 13. 13. 13. 13. 13. 
 13. 13. 13. 13. 13. 13. 13. 13. 13. 13. 13. 13. 13. 13. 13. 13. 13. 13.
 13. 13. 13. 13. 13. 13. 13. 13. 
 13. 13. 13. 13. 13. 13. 13. 13. 13. 13. 13. 13. 13. 13. 13. 13. 13. 13.
 13. 13. 13. 13. 13. 13. 13. 13. 
 13. 13. 13. 13. 13. 13. 13. 13. 13. 13. 13. 13. 13. 13. 13. 13. 13. 13.
 13. 13. 13. 13. 13. 13. 13. 13. 
 13. 13. 13. 13. 13. 13. 13. 13. 13. 13. 13. 13. 13. 13. 13. 13. 13. 13.
 13. 13. 13. 13. 13. 13. 13. 13. 
 13. 13. 13. 13. 13. 13. 13. 13. 13. 13. 13. 13. 13. 13. 13. 13. 13. 13.
 13. 13. 13. 13. 13. 13. 13. 13. 
 13. 13. 13. 13. 13. 13. 13. 13. 13. 13. 13. 13. 13. 13. 13. 13. 13. 13.
 13. 13. 13. 13. 13. 13. 13. 13. 
 13. 13. 13. 13. 13. 13. 13. 13. 13. 13. 13. 13. 13. 13. 13. 13. 13. 13.
 13. 13. 13. 13. 13. 13. 13. 13. 
 13. 13. 13. 13. 13. 13. 13. 13. 13. 13. 13. 13. 13. 13. 13. 13. 13. 13.
 13. 13. 13. 13. 13. 13. 13. 13. 
 13. 13. 13. 13. 13. 13. 13. 13. 13. 13. 13. 13. 13. 13. 13. 13. 13. 13.
 13. 13. 13. 13. 13. 13. 13. 13. 
 13. 13. 13. 13. 13. 13. 13. 13. 13. 13. 13. 13. 13. 13. 13. 13. 13. 13.
 13. 13. 13. 13. 13. 13. 13. 13. 
 13. 13. 13. 13. 13. 13. 13. 13. 13. 13. 13. 13. 13. 13. 13. 13. 13. 13.
 13. 13. 13. 13. 13. 13. 13. 13. 
 13. 13. 13. 13. 13. 13. 13. 13. 13. 13. 13. 13. 13. 13. 13. 13. 13. 13.
 13. 13. 13. 13. 13. 13. 13. 13. 
 13. 13. 13. 13. 13. 13. 13. 13. 13. 13. 13. 13. 13. 13. 13. 13. 13. 13.
 13. 13. 13. 13. 13. 13. 13. 13. 
 13. 13. 13. 13. 13. 13. 13. 13. 13. 13. 13. 13. 13. 13. 13. 13. 13. 13.
 13. 13. 13. 13. 13. 13. 13. 13. 
 13. 13. 13. 13. 13. 13. 13. 13. 13. 13. 13. 13. 13. 13. 13. 13. 13. 13.
 13. 13. 13. 13. 13. 13. 13. 13. 
 13. 13. 13. 13. 13. 13. 13. 13. 13. 13. 13. 13. 13. 13. 13. 13. 13. 13.
 13. 13. 13. 13. 13. 13. 13. 13. 
 13. 13. 13. 13. 13. 13. 13. 13. 13. 13. 13. 13. 13. 13. 13. 13. 13. 13.
 13. 13. 13. 13. 13. 13. 13. 13. 
 13. 13. 13. 13. 13. 13. 13. 13. 13. 13. 13. 13. 13. 13. 13. 13. 13. 13.
 13. 13. 13. 13. 13. 13. 13. 13. 
 13. 13. 13. 13. 13. 13. 13. 13. 13. 13. 13. 13. 13. 13. 13. 13. 13. 13.
 13. 13. 13. 13. 13. 13. 13. 13. 
 13. 13. 13. 13. 13. 13. 13. 13. 13. 13. 13. 13. 13. 13. 13. 13. 13. 13.
 13. 13. 13. 13. 13. 13. 13. 13. 
 13. 13. 13. 13. 13. 13. 13. 13. 13. 13. 13. 13. 13. 13. 13. 13. 13. 13.
 13. 13. 13. 13. 13. 13. 13. 13. 
 13. 13. 13. 13. 13. 13. 13. 13. 13. 13. 13. 13. 13. 13. 13. 13. 13. 13.
 13. 13. 13. 13. 13. 13. 13. 13. 
 13. 13. 13. 13. 13. 13. 13. 13. 13. 13. 13. 13. 13. 13. 13. 13. 13. 13.
 13. 13. 13. 13. 13. 13. 13. 13. 
 13. 13. 13. 13. 13. 13. 13. 13. 13. 13. 13. 13. 13. 13. 13. 13. 13. 13.
 13. 13. 13. 13. 13. 13. 13. 13. 
 13. 13. 13. 13. 13. 13. 13. 13. 13. 13. 13. 13. 13. 13. 13. 13. 13. 13.
 13. 13. 13. 13. 13. 13. 13. 13. 
 13. 13. 13. 13. 13. 13. 13. 13. 13. 13. 13. 13. 13. 13. 13. 13. 13. 13.
 13. 13. 13. 13. 13. 13. 13. 13. 
 13. 13. 13. 13. 13. 13. 13. 13. 13. 13. 13. 13. 13. 13. 13. 13. 13. 13.
 13. 13. 13. 13. 13. 13. 13. 13. 
 13. 13. 13. 13. 13. 13. 13. 13. 13. 13. 13. 13. 13. 13. 13. 13. 13. 13.
 13. 13. 13. 13. 13. 13. 13. 13. 
 13. 13. 13. 13. 13. 13. 13. 13. 13. 13. 13. 13. 13. 13. 13. 13. 13. 13.
 13. 13. 13. 13. 13. 13. 13. 13. 
 13. 13. 13. 13. 13. 13. 13. 13. 13. 13. 13. 13. 13. 13. 13. 13. 13. 13.
 13. 13. 13. 13. 13. 13. 13. 13. 
 13. 13. 13. 13. 13. 13. 13. 13. 13. 13. 13. 13. 13. 13. 13. 13. 13. 13.
 13. 13. 13. 13. 13. 13. 13. 13. 
 13. 13. 13. 13. 13. 13. 13. 13. 13. 13. 13. 13. 13. 13. 13. 13. 13. 13.
 13. 13. 13. 13. 13. 13. 13. 13. 
 13. 13. 13. 13. 13. 13. 13. 13. 13. 13. 13. 13. 13. 13. 13. 13. 13. 13.
 13. 13. 13. 13. 13. 13. 13. 13. 
 13. 13. 13. 13. 13. 13. 13. 13. 13. 13. 13. 13. 13. 13. 13. 13. 13. 13.
 13. 13. 13. 13. 13. 13. 13. 13. 
 13. 13. 13. 13. 13. 13. 13. 13. 13. 13. 13. 13. 13. 13. 13. 13. 13. 13.
 13. 13. 13. 13. 13. 13. 13. 13. 
 13. 13. 13. 13. 13. 13. 13. 13. 13. 13. 13. 13. 13. 13. 13. 13. 13. 13.
 13. 13. 13. 13. 13. 13. 13. 13. 
 13. 13. 13. 13. 13. 13. 13. 13. 13. 13. 13. 13. 13. 13. 13. 13. 13. 13.
 13. 13. 13. 13. 13. 13. 13. 13. 
 13. 13. 13. 13. 13. 13. 13. 13. 13. 13. 13. 13. 13. 13. 13. 13. 13. 13.
 13. 13. 13. 13. 13. 13. 13. 13. 
 13. 13. 13. 13. 13. 13. 13. 13. 13. 13. 13. 13. 13. 13. 13. 13. 13. 13.
 13. 13. 13. 13. 13. 13. 13. 13. 
 13. 13. 13. 13. 13. 13. 13. 13. 13. 13. 13. 13. 13. 13. 13. 13. 13. 13.
 13. 13. 13. 13. 13. 13. 13. 13. 
 13. 13. 13. 13. 13. 13. 13. 13. 13. 13. 13. 13. 13. 13. 13. 13. 13. 13.
 13. 13. 13. 13. 13. 13. 13. 13. 
 13. 13. 13. 13. 13. 13. 13. 13. 13. 13. 13. 13. 13. 13. 13. 13. 13. 13.
 13. 13. 13. 13. 13. 13. 13. 13. 
 13. 13. 13. 13. 13. 13. 13. 13. 13. 13. 13. 13. 13. 13. 13. 13. 13. 13.
 13. 13. 13. 13. 13. 13. 13. 13. 
 13. 13. 13. 13. 13. 13. 13. 13. 13. 13. 13. 13. 13. 13. 13. 13. 13. 13.
 13. 13. 13. 13. 13. 13. 13. 13. 
 13. 13. 13. 13. 13. 13. 13. 13. 13. 13. 13. 13. 13. 13. 13. 13. 13. 13.
 13. 13. 13. 13. 13. 13. 13. 13. 
 13. 13. 13. 13. 13. 13. 13. 13. 13. 13. 13. 13. 13. 13. 13. 13. 13. 13.
 13. 13. 13. 13. 13. 13. 13. 13. 
 13. 13. 13. 13. 13. 13. 13. 13. 13. 13. 13. 13. 13. 13. 13. 13. 13. 13.
 13. 13. 13. 13. 13. 13. 13. 13. 
 13. 13. 13. 13. 13. 13. 13. 13. 13. 13. 13. 13. 13. 13. 13. 13. 13. 13.
 13. 13. 13. 13. 13. 13. 13. 13. 
 13. 13. 13. 13. 13. 13. 13. 13. 13. 13. 13. 13. 13. 13. 13. 13. 13. 13.
 13. 13. 13. 13. 13. 13. 13. 13. 
  13.  13.  13.  13.  13.  13.  13.  13.  13.  13.  13.  13.  13.  13.
  13.  13.  13.  13.  13.  13.  13.  13. 879. 879. 879. 879. 
 13. 13. 13. 13. 13. 13. 13. 13. 13. 13. 13. 13. 13. 13. 13. 13. 13. 13.
 13. 13. 13. 13. 13. 13. 13. 13. 
 13. 13. 13. 13. 13. 13. 13. 13. 13. 13. 13. 13. 13. 13. 13. 13. 13. 13.
 13. 13. 13. 13. 13. 13. 13. 13. 
   13.   13.   13.   13.   13.   13.   13.   13. 1235. 1235.  879.  879.
  879.   13.   13.   13.   13.   13.   13.   13.   13.   13.   13.   13.
   13.   13. 
 13. 13. 13. 13. 13. 13. 13. 13. 13. 13. 13. 13. 13. 13. 13. 13. 13. 13.
 13. 13. 13. 13. 13. 13. 13. 13. 
   13.   13.   13.   13.   13.   13.   13.   13.   13.   13.   13.   13.
   13.   13.   13.   13.   13.   13.   13.   13. 1235. 1235. 1235.  879.
  879.   13. 
 13. 13. 13. 13. 13. 13. 13. 13. 13. 13. 13. 13. 13. 13. 13. 13. 13. 13.
 13. 13. 13. 13. 13. 13. 13. 13. 
 13. 13. 13. 13. 13. 13. 13. 13. 13. 13. 13. 13. 13. 13. 13. 13. 13. 13.
 13. 13. 13. 13. 13. 13. 13. 13. 
   13.   13.   13.   13.   13.   13. 1235. 1235. 1235. 1235.  879.  879.
   13.   13.  879.  879.  879.  879.  879.  879.   13.   13.   13.   13.
   13.   13. 
 13. 13. 13. 13. 13. 13. 13. 13. 13. 13. 13. 13. 13. 13. 13. 13. 13. 13.
 13. 13. 13. 13. 13. 13. 13. 13. 
   13.   13.   13.   13.   13.   13.   13.   13.   13.   13.   13.   13.
   13.   13.   13.   13.   13.   13.  879. 1235. 1235. 1235.  879.  879.
  879.  879. 
  879.  879. 1235. 1235.  879.  879.  879.   13.   13.   13.   13.   13.
   13.   13.   13.   13.   13.   13.   13.   13.   13.   13.   13.   13.
   13.   13. 
 13. 13. 13. 13. 13. 13. 13. 13. 13. 13. 13. 13. 13. 13. 13. 13. 13. 13.
 13. 13. 13. 13. 13. 13. 13. 13. 
   13.   13.   13.   13.  879. 1235. 1235. 1235. 1235.  879.  879. 1235.
 1235. 1235. 1235. 1235. 1235.  879.  879.   13.   13.   13.   13.   13.
   13.   13. 
 13. 13. 13. 13. 13. 13. 13. 13. 13. 13. 13. 13. 13. 13. 13. 13. 13. 13.
 13. 13. 13. 13. 13. 13. 13. 13. 
   13.   13.   13.   13.   13.   13.   13.   13.   13.   13.   13.   13.
   13.   13.   13.   13.  879.  879. 1235. 1235. 1235.  879. 1235. 1235.
 1235. 1235. 
 1235. 1235. 1235. 1235.  879.   13.   13.   13.   13.   13.   13.   13.
   13.   13.   13.   13.   13.   13.   13.   13.   13.   13.   13.   13.
   13.   13. 
 13. 13. 13. 13. 13. 13. 13. 13. 13. 13. 13. 13. 13. 13. 13. 13. 13. 13.
 13. 13. 13. 13. 13. 13. 13. 13. 
   13.   13.  879.  879. 1235. 1235. 1235.  879. 1235. 1235. 1235. 1235.
  879. 1235. 1235. 1235.  879.   13.   13.   13.   13.   13.   13.   13.
   13.   13. 
 13. 13. 13. 13. 13. 13. 13. 13. 13. 13. 13. 13. 13. 13. 13. 13. 13. 13.
 13. 13. 13. 13. 13. 13. 13. 13. 
 13. 13. 13. 13. 13. 13. 13. 13. 13. 13. 13. 13. 13. 13. 
/