PERMI
 3976. 3976. 3976. 3030. 3030. 3976. 3976. 3976. 3976. 3976. 3976. 3976.
 3976. 3976. 3030. 3030.    7.    7.    7.    7.    7.    7.    7.    7.
    7.    7. 
 7. 7. 7. 7. 7. 7. 7. 7. 7. 7. 7. 7. 7. 7. 7. 7. 7. 7. 7. 7. 7. 7. 7. 7.
 7. 7. 
    7.    7.    7.    7.    7.    7.    7.    7.    7.    7.    7.    7.
 3976. 3030. 3030. 3030. 3030. 3030. 3030. 3976. 3976. 3976. 3976. 3976.
 3976. 3976. 
 3030. 3030. 3030.    7.    7.    7.    7.    7.    7.    7.    7.    7.
    7.    7.    7.    7.    7.    7.    7.    7.    7.    7.    7.    7.
    7.    7. 
    7.    7.    7.    7.    7.    7.    7.    7.    7.    7.    7.    7.
    7.    7.    7.    7.    7.    7.    7.    7.    7.    7.    7.    7.
 3030. 3030. 
 3030.    7.    7.    7. 3030. 3030. 3030. 3030. 3976. 3976. 3976. 3976.
 3976. 3030. 3030.    7.    7.    7.    7.    7.    7.    7.    7.    7.
    7.    7. 
 7. 7. 7. 7. 7. 7. 7. 7. 7. 7. 7. 7. 7. 7. 7. 7. 7. 7. 7. 7. 7. 7. 7. 7.
 7. 7. 
    7.    7.    7.    7.    7.    7.    7.    7.    7.    7. 3976. 3030.
 3030. 3030. 3030. 3030. 3030. 3030. 3030. 3030. 3030. 3030. 3976. 3976.
 3976. 3030. 
 3030.    7.    7.    7.    7.    7.    7.    7.    7.    7.    7.    7.
    7.    7.    7.    7.    7.    7.    7.    7.    7.    7.    7.    7.
    7.    7. 
    7.    7.    7.    7.    7.    7.    7.    7.    7.    7.    7.    7.
    7.    7.    7.    7.    7.    7.    7.    7.    7.    7. 3976. 3976.
 3976. 3976. 
 3030. 3030. 3030. 3030. 3030. 3030. 3030. 3030. 3976. 3976. 3976. 3030.
 3030.    7.    7.    7.    7.    7.    7.    7.    7.    7.    7.    7.
    7.    7. 
 7. 7. 7. 7. 7. 7. 7. 7. 7. 7. 7. 7. 7. 7. 7. 7. 7. 7. 7. 7. 7. 7. 7. 7.
 7. 7. 
    7.    7.    7.    7.    7.    7.    7.    7. 3976. 3976. 3976. 3976.
 3976. 3976. 3976. 3976. 3030. 3030. 3030. 3976. 3976. 3976. 3976. 3030.
    7.    7. 
 7. 7. 7. 7. 7. 7. 7. 7. 7. 7. 7. 7. 7. 7. 7. 7. 7. 7. 7. 7. 7. 7. 7. 7.
 7. 7. 
    7.    7.    7.    7.    7.    7.    7.    7.    7.    7.    7.    7.
    7.    7.    7.    7.    7.    7.    7.    7. 3030. 3030. 3976. 3976.
 3976. 3976. 
 3976. 3976. 3976. 3030. 3030. 3976. 3976. 3976. 3030. 3030.    7.    7.
    7.    7.    7.    7.    7.    7.    7.    7.    7.    7.    7.    7.
    7.    7. 
 7. 7. 7. 7. 7. 7. 7. 7. 7. 7. 7. 7. 7. 7. 7. 7. 7. 7. 7. 7. 7. 7. 7. 7.
 7. 7. 
    7.    7.    7.    7.    7.    7. 3030. 3030. 3030. 3030. 3030. 3030.
 3976. 3976. 3976. 3976. 3030. 3976. 3976. 3976. 3030. 3030.    7.    7.
    7.    7. 
 7. 7. 7. 7. 7. 7. 7. 7. 7. 7. 7. 7. 7. 7. 7. 7. 7. 7. 7. 7. 7. 7. 7. 7.
 7. 7. 
    7.    7.    7.    7.    7.    7.    7.    7.    7.    7.    7.    7.
    7.    7.    7.    7.    7.    7.    7.    7.    7. 3030. 3030. 3030.
 3030. 3976. 
 3976. 3976. 3030. 3976. 3976. 3030. 3030.    7.    7.    7.    7.    7.
    7.    7.    7.    7.    7.    7.    7.    7.    7.    7.    7.    7.
    7.    7. 
 7. 7. 7. 7. 7. 7. 7. 7. 7. 7. 7. 7. 7. 7. 7. 7. 7. 7. 7. 7. 7. 7. 7. 7.
 7. 7. 
    7.    7.    7.    7.    7.    7.    7. 3030. 3030. 3030. 3976. 3976.
 3976. 3976. 3030. 3976. 3976. 3030.    7.    7.    7.    7.    7.    7.
    7.    7. 
 7. 7. 7. 7. 7. 7. 7. 7. 7. 7. 7. 7. 7. 7. 7. 7. 7. 7. 7. 7. 7. 7. 7. 7.
 7. 7. 
    7.    7.    7.    7.    7.    7.    7.    7.    7.    7.    7.    7.
    7.    7.    7.    7.    7.    7. 3030. 3030. 3030. 3976. 3976. 3976.
 3976. 3030. 
 3030. 3976. 3030. 3030.    7.    7.    7.    7.    7.    7.    7.    7.
    7.    7.    7.    7.    7.    7.    7.    7.    7.    7.    7.    7.
    7.    7. 
 7. 7. 7. 7. 7. 7. 7. 7. 7. 7. 7. 7. 7. 7. 7. 7. 7. 7. 7. 7. 7. 7. 7. 7.
 7. 7. 
    7.    7.    7.    7. 3030. 3976. 3976. 3976. 3976. 3976. 3030. 3030.
 3976. 3976. 3030.    7.    7.    7.    7.    7.    7.    7.    7.    7.
    7.    7. 
 7. 7. 7. 7. 7. 7. 7. 7. 7. 7. 7. 7. 7. 7. 7. 7. 7. 7. 7. 7. 7. 7. 7. 7.
 7. 7. 
    7.    7.    7.    7.    7.    7.    7.    7.    7.    7.    7.    7.
    7.    7.    7. 3030. 3030. 3976. 3976. 3976. 3030. 3030. 3030. 3976.
 3976. 3976. 
 3030. 3030. 3030. 3030. 3030. 3030. 3030. 3030. 3030. 3030.    7.    7.
    7.    7.    7.    7.    7.    7.    7.    7.    7.    7.    7.    7.
    7.    7. 
 7. 7. 7. 7. 7. 7. 7. 7. 7. 7. 7. 7. 7. 7. 7. 7. 7. 7. 7. 7. 7. 7. 7. 7.
 7. 7. 
    7. 3030. 3976. 3976. 3976. 3030. 3030. 3030. 3030. 3976. 3976. 3976.
 3976. 3976. 3976. 3976. 3976. 3976. 3976. 3976. 3030. 3030.    7.    7.
    7.    7. 
 7. 7. 7. 7. 7. 7. 7. 7. 7. 7. 7. 7. 7. 7. 7. 7. 7. 7. 7. 7. 7. 7. 7. 7.
 7. 7. 
    7.    7.    7.    7.    7.    7.    7.    7.    7.    7.    7.    7.
 3030. 3030. 3976. 3976. 3030. 3030. 3030.    7. 3030. 3976. 3976. 3976.
 3976. 3976. 
 3976. 3976. 3976. 3976. 3976. 3976. 3976. 3030. 3030.    7.    7.    7.
    7.    7.    7.    7.    7.    7.    7.    7.    7.    7.    7.    7.
    7.    7. 
    7.    7.    7.    7.    7.    7.    7.    7.    7.    7.    7.    7.
    7.    7.    7.    7.    7.    7.    7.    7.    7.    7.    7.    7.
 3030. 3976. 
 3976. 3976. 3030. 3030.    7.    7. 3030. 3030. 3976. 3976. 3976. 3976.
 3976. 3976. 3976. 3976. 3976. 3976. 3976. 3976. 3030.    7.    7.    7.
    7.    7. 
 7. 7. 7. 7. 7. 7. 7. 7. 7. 7. 7. 7. 7. 7. 7. 7. 7. 7. 7. 7. 7. 7. 7. 7.
 7. 7. 
    7.    7.    7.    7.    7.    7.    7.    7.    7.    7. 3030. 3976.
 3976. 3030. 3030.    7.    7.    7.    7. 3030. 3030. 3030. 3030. 3030.
 3030. 3030. 
 3030. 3030. 3976. 3976. 3976. 3030. 3030.    7.    7.    7.    7.    7.
    7.    7.    7.    7.    7.    7.    7.    7.    7.    7.    7.    7.
    7.    7. 
    7.    7.    7.    7.    7.    7.    7.    7.    7.    7.    7.    7.
    7.    7.    7.    7.    7.    7.    7.    7.    7.    7. 3030. 3976.
 3976. 3976. 
 3030.    7.    7.    7.    7.    7.    7. 3030. 3030. 3030. 3030. 3030.
 3030. 3976. 3976. 3976. 3976. 3030. 3030.    7.    7.    7.    7.    7.
    7.    7. 
 7. 7. 7. 7. 7. 7. 7. 7. 7. 7. 7. 7. 7. 7. 7. 7. 7. 7. 7. 7. 7. 7. 7. 7.
 7. 7. 
    7.    7.    7.    7.    7.    7.    7.    7. 3030. 3976. 3976. 3976.
 3030. 3030. 3030. 3030.    7.    7.    7. 3030. 3030. 3030. 3976. 3976.
 3976. 3976. 
 3976. 3976. 3030. 3030.    7.    7.    7.    7.    7.    7.    7.    7.
    7.    7.    7.    7.    7.    7.    7.    7.    7.    7.    7.    7.
    7.    7. 
    7.    7.    7.    7.    7.    7.    7.    7.    7.    7.    7.    7.
    7.    7.    7.    7.    7.    7.    7.    7. 3030. 3030. 3976. 3976.
 3976. 3030. 
 3030. 3030. 3030. 3030. 3030. 3030. 3030. 3976. 3976. 3976. 3976. 3976.
 3030. 3030. 3030.    7.    7.    7.    7.    7.    7.    7.    7.    7.
    7.    7. 
 7. 7. 7. 7. 7. 7. 7. 7. 7. 7. 7. 7. 7. 7. 7. 7. 7. 7. 7. 7. 7. 7. 7. 7.
 7. 7. 
    7.    7.    7.    7.    7.    7. 3976. 3030. 3976. 3976. 3976. 3976.
 3976. 3976. 3976. 3976. 3030. 3030. 3030. 3976. 3976. 3976. 3976. 3030.
 3030. 3030. 
 7. 7. 7. 7. 7. 7. 7. 7. 7. 7. 7. 7. 7. 7. 7. 7. 7. 7. 7. 7. 7. 7. 7. 7.
 7. 7. 
    7.    7.    7.    7.    7.    7.    7.    7.    7.    7.    7.    7.
    7.    7.    7.    7.    7.    7. 3976. 3030. 3030. 3976. 3976. 3976.
 3976. 3976. 
 3976. 3976. 3976. 3976. 3030. 3030. 3976. 3030. 3030. 3030.    7.    7.
    7.    7.    7.    7.    7.    7.    7.    7.    7.    7.    7.    7.
    7.    7. 
 7. 7. 7. 7. 7. 7. 7. 7. 7. 7. 7. 7. 7. 7. 7. 7. 7. 7. 7. 7. 7. 7. 7. 7.
 7. 7. 
    7.    7.    7.    7. 3976. 3976. 3030. 3030. 3030. 3030. 3030. 3976.
 3976. 3976. 3976. 3976. 3976. 3030. 3030. 3030.    7.    7.    7.    7.
    7.    7. 
 7. 7. 7. 7. 7. 7. 7. 7. 7. 7. 7. 7. 7. 7. 7. 7. 7. 7. 7. 7. 7. 7. 7. 7.
 7. 7. 
    7.    7.    7.    7.    7.    7.    7.    7.    7.    7.    7.    7.
    7.    7.    7.    7. 3976. 3976. 3030.    7. 3030. 3030. 3030. 3030.
 3030. 3030. 
 3976. 3976. 3976. 3030. 3030. 3030. 3030.    7.    7.    7.    7.    7.
    7.    7.    7.    7.    7.    7.    7.    7.    7.    7.    7.    7.
    7.    7. 
 7. 7. 7. 7. 7. 7. 7. 7. 7. 7. 7. 7. 7. 7. 7. 7. 7. 7. 7. 7. 7. 7. 7. 7.
 7. 7. 
    7.    7. 3976. 3030. 3030.    7.    7.    7.    7.    7. 3030. 3030.
 3976. 3976. 3976. 3030. 3030. 3030. 3030.    7.    7.    7.    7.    7.
    7.    7. 
 7. 7. 7. 7. 7. 7. 7. 7. 7. 7. 7. 7. 7. 7. 7. 7. 7. 7. 7. 7. 7. 7. 7. 7.
 7. 7. 
    7.    7.    7.    7.    7.    7.    7.    7.    7.    7.    7.    7.
    7.    7. 3030. 3030.    7.    7.    7.    7.    7.    7. 3030. 3030.
 3976. 3976. 
 3976. 3030. 3030. 3976. 3030. 3030.    7.    7.    7.    7.    7.    7.
    7.    7.    7.    7.    7.    7.    7.    7.    7.    7.    7.    7.
    7.    7. 
 7. 7. 7. 7. 7. 7. 7. 7. 7. 7. 7. 7. 7. 7. 7. 7. 7. 7. 7. 7. 7. 7. 7. 7.
 7. 7. 
    7.    7.    7.    7.    7.    7.    7. 3030. 3030. 3976. 3976. 3976.
 3030. 3030. 3976. 3976. 3030. 3030.    7.    7.    7.    7.    7.    7.
    7.    7. 
 7. 7. 7. 7. 7. 7. 7. 7. 7. 7. 7. 7. 7. 7. 7. 7. 7. 7. 7. 7. 7. 7. 7. 7.
 7. 7. 
    7.    7.    7.    7.    7.    7.    7.    7.    7.    7.    7.    7.
 3030. 3030.    7.    7.    7.    7. 3030. 3030. 3976. 3976. 3976. 3030.
 3030. 3030. 
 3976. 3976. 3976. 3030. 3030.    7.    7.    7.    7.    7.    7.    7.
    7.    7.    7.    7.    7.    7.    7.    7.    7.    7.    7.    7.
    7.    7. 
    7.    7.    7.    7.    7.    7.    7.    7.    7.    7.    7.    7.
    7.    7.    7.    7.    7.    7.    7.    7.    7.    7.    7.    7.
 3976. 3030. 
 3030. 3030.    7. 3030. 3030. 3976. 3976. 3976. 3030. 3030. 3030. 3030.
 3976. 3976. 3976. 3976. 3030. 3030.    7.    7.    7.    7.    7.    7.
    7.    7. 
 7. 7. 7. 7. 7. 7. 7. 7. 7. 7. 7. 7. 7. 7. 7. 7. 7. 7. 7. 7. 7. 7. 7. 7.
 7. 7. 
    7.    7.    7.    7.    7.    7.    7.    7.    7.    7. 3976. 3976.
 3976. 3976. 3030. 3030. 3030. 3976. 3976. 3030. 3030.    7. 3030. 3030.
 3976. 3976. 
 3976. 3976. 3976. 3030. 3030.    7.    7.    7.    7.    7.    7.    7.
    7.    7.    7.    7.    7.    7.    7.    7.    7.    7.    7.    7.
    7.    7. 
    7.    7.    7.    7.    7.    7.    7.    7.    7.    7.    7.    7.
    7.    7.    7.    7.    7.    7.    7.    7.    7.    7. 3976. 3976.
 3976. 3976. 
 3976. 3030. 3976. 3976. 3976. 3030. 3030.    7.    7. 3030. 3030. 3976.
 3976. 3976. 3976. 3030. 3030.    7.    7.    7.    7.    7.    7.    7.
    7.    7. 
 7. 7. 7. 7. 7. 7. 7. 7. 7. 7. 7. 7. 7. 7. 7. 7. 7. 7. 7. 7. 7. 7. 7. 7.
 7. 7. 
    7.    7.    7.    7.    7.    7.    7.    7. 3030. 3976. 3976. 3976.
 3976. 3030. 3030. 3976. 3976. 3976. 3030. 3030. 3030. 3030. 3976. 3976.
 3976. 3976. 
 3976. 3030. 3030.    7.    7.    7.    7.    7.    7.    7.    7.    7.
    7.    7.    7.    7.    7.    7.    7.    7.    7.    7.    7.    7.
    7.    7. 
    7.    7.    7.    7.    7.    7.    7.    7.    7.    7.    7.    7.
    7.    7.    7.    7.    7.    7.    7.    7. 3030. 3030. 3030. 3976.
 3976. 3976. 
 3030. 3976. 3976. 3976. 3976. 3030. 3030. 3976. 3976. 3976. 3976. 3976.
 3030. 3030.    7.    7.    7.    7.    7.    7.    7.    7.    7.    7.
    7.    7. 
 7. 7. 7. 7. 7. 7. 7. 7. 7. 7. 7. 7. 7. 7. 7. 7. 7. 7. 7. 7. 7. 7. 7. 7.
 7. 7. 
    7.    7.    7.    7.    7.    7.    7.    7. 3030. 3030. 3030. 3976.
 3030. 3030. 3976. 3976. 3976. 3976. 3976. 3030. 3976. 3976. 3976. 3030.
 3030.    7. 
 7. 7. 7. 7. 7. 7. 7. 7. 7. 7. 7. 7. 7. 7. 7. 7. 7. 7. 7. 7. 7. 7. 7. 7.
 7. 7. 
    7.    7.    7.    7.    7.    7.    7.    7.    7.    7.    7.    7.
    7.    7.    7.    7.    7.    7.    7.    7.    7. 3030. 3030. 3030.
 3976. 3030. 
 3030. 3976. 3976. 3976. 3976. 3030. 3030. 3030. 3030. 3030. 3030.    7.
    7.    7.    7.    7.    7.    7.    7.    7.    7.    7.    7.    7.
    7.    7. 
 7. 7. 7. 7. 7. 7. 7. 7. 7. 7. 7. 7. 7. 7. 7. 7. 7. 7. 7. 7. 7. 7. 7. 7.
 7. 7. 
    7.    7.    7.    7. 3030. 3030. 3030. 3030. 3976. 3976. 3976. 3976.
 3030. 3030. 3976. 3976. 3976. 3976. 3030. 3030. 3030.    7.    7.    7.
    7.    7. 
 7. 7. 7. 7. 7. 7. 7. 7. 7. 7. 7. 7. 7. 7. 7. 7. 7. 7. 7. 7. 7. 7. 7. 7.
 7. 7. 
    7.    7.    7.    7.    7.    7.    7.    7.    7.    7.    7.    7.
    7.    7.    7.    7. 3976. 3976. 3976. 3976. 3976. 3976. 3976. 3976.
 3030. 3030. 
 3030. 3030. 3976. 3976. 3976. 3030.    7.    7.    7.    7.    7.    7.
    7.    7.    7.    7.    7.    7.    7.    7.    7.    7.    7.    7.
    7.    7. 
 7. 7. 7. 7. 7. 7. 7. 7. 7. 7. 7. 7. 7. 7. 7. 7. 7. 7. 7. 7. 7. 7. 7. 7.
 7. 7. 
    7.    7. 3976. 3976. 3976. 3976. 3976. 3976. 3976. 3030. 3976. 3030.
 3030. 3030. 3976. 3976. 3976. 3030.    7.    7.    7.    7.    7.    7.
    7.    7. 
 7. 7. 7. 7. 7. 7. 7. 7. 7. 7. 7. 7. 7. 7. 7. 7. 7. 7. 7. 7. 7. 7. 7. 7.
 7. 7. 
    7.    7.    7.    7.    7.    7.    7.    7.    7.    7.    7.    7.
    7.    7. 3976. 3976. 3976. 3030. 3030. 3030. 3030. 3976. 3976. 3030.
 3030. 3976. 
 3976. 3976. 3030. 3030.    7.    7.    7.    7.    7.    7.    7.    7.
    7.    7.    7.    7.    7.    7.    7.    7.    7.    7.    7.    7.
    7.    7. 
 7. 7. 7. 7. 7. 7. 7. 7. 7. 7. 7. 7. 7. 7. 7. 7. 7. 7. 7. 7. 7. 7. 7. 7.
 7. 7. 
 3030. 3030. 3030. 3030. 3030. 3030. 3030. 3030. 3030. 3030. 3976. 3976.
 3976. 3976. 3030. 3030.    7.    7.    7.    7.    7.    7.    7.    7.
    7.    7. 
 7. 7. 7. 7. 7. 7. 7. 7. 7. 7. 7. 7. 7. 7. 7. 7. 7. 7. 7. 7. 7. 7. 7. 7.
 7. 7. 
    7.    7.    7.    7.    7.    7.    7.    7.    7.    7.    7.    7.
 3030. 3030.    7.    7.    7. 3030. 3030. 3030. 3030. 3976. 3976. 3976.
 3976. 3030. 
 3030. 3030.    7.    7.    7.    7.    7.    7.    7.    7.    7.    7.
    7.    7.    7.    7.    7.    7.    7.    7.    7.    7.    7.    7.
    7.    7. 
    7.    7.    7.    7.    7.    7.    7.    7.    7.    7.    7.    7.
    7.    7.    7.    7.    7.    7.    7.    7.    7.    7.    7.    7.
 3976. 3030. 
 3030.    7. 3030. 3030. 3030. 3976. 3976. 3976. 3976. 3976. 3030. 3030.
 3976. 3030. 3030.    7.    7.    7.    7.    7.    7.    7.    7.    7.
    7.    7. 
 7. 7. 7. 7. 7. 7. 7. 7. 7. 7. 7. 7. 7. 7. 7. 7. 7. 7. 7. 7. 7. 7. 7. 7.
 7. 7. 
    7.    7.    7.    7.    7.    7.    7.    7.    7.    7. 3976. 3976.
 3030. 3030. 3030. 3976. 3976. 3976. 3976. 3976. 3030. 3030. 3030. 3976.
 3976. 3976. 
 3030. 3030.    7.    7.    7.    7.    7.    7.    7.    7.    7.    7.
    7.    7.    7.    7.    7.    7.    7.    7.    7.    7.    7.    7.
    7.    7. 
    7.    7.    7.    7.    7.    7.    7.    7.    7.    7.    7.    7.
    7.    7.    7.    7.    7.    7.    7.    7.    7.    7. 3976. 3976.
 3030. 3030. 
 3976. 3976. 3976. 3976. 3030. 3030. 3030. 3030. 3030. 3976. 3976. 3976.
 3030. 3030.    7.    7.    7.    7.    7.    7.    7.    7.    7.    7.
    7.    7. 
 7. 7. 7. 7. 7. 7. 7. 7. 7. 7. 7. 7. 7. 7. 7. 7. 7. 7. 7. 7. 7. 7. 7. 7.
 7. 7. 
    7.    7.    7.    7.    7.    7.    7.    7. 3976. 3976. 3030. 3030.
 3976. 3976. 3976. 3030. 3030. 3030. 3030. 3976. 3976. 3976. 3976. 3976.
 3030. 3030. 
 7. 7. 7. 7. 7. 7. 7. 7. 7. 7. 7. 7. 7. 7. 7. 7. 7. 7. 7. 7. 7. 7. 7. 7.
 7. 7. 
    7.    7.    7.    7.    7.    7.    7.    7.    7.    7.    7.    7.
    7.    7.    7.    7.    7.    7.    7.    7. 3030. 3976. 3030. 3030.
 3976. 3976. 
 3976. 3030. 3030. 3030. 3976. 3976. 3976. 3976. 3976. 3030. 3030.    7.
    7.    7.    7.    7.    7.    7.    7.    7.    7.    7.    7.    7.
    7.    7. 
 7. 7. 7. 7. 7. 7. 7. 7. 7. 7. 7. 7. 7. 7. 7. 7. 7. 7. 7. 7. 7. 7. 7. 7.
 7. 7. 
    7.    7.    7.    7.    7.    7. 3030. 3976. 3030. 3030. 3976. 3976.
 3976. 3030. 3030. 3976. 3976. 3976. 3976. 3976. 3030. 3030. 3030.    7.
    7.    7. 
 7. 7. 7. 7. 7. 7. 7. 7. 7. 7. 7. 7. 7. 7. 7. 7. 7. 7. 7. 7. 7. 7. 7. 7.
 7. 7. 
    7.    7.    7.    7.    7.    7.    7.    7.    7.    7.    7.    7.
    7.    7.    7.    7.    7.    7. 3976. 3976. 3976. 3030. 3030. 3976.
 3976. 3976. 
 3030. 3976. 3976. 3976. 3976. 3030. 3030. 3030.    7.    7.    7.    7.
    7.    7.    7.    7.    7.    7.    7.    7.    7.    7.    7.    7.
    7.    7. 
 7. 7. 7. 7. 7. 7. 7. 7. 7. 7. 7. 7. 7. 7. 7. 7. 7. 7. 7. 7. 7. 7. 7. 7.
 7. 7. 
    7.    7.    7.    7. 3976. 3976. 3030. 3030. 3030. 3976. 3976. 3976.
 3030. 3030. 3976. 3976. 3030. 3030. 3030.    7.    7.    7.    7.    7.
    7.    7. 
 7. 7. 7. 7. 7. 7. 7. 7. 7. 7. 7. 7. 7. 7. 7. 7. 7. 7. 7. 7. 7. 7. 7. 7.
 7. 7. 
    7.    7.    7.    7.    7.    7.    7.    7.    7.    7.    7.    7.
    7.    7.    7.    7. 3030. 3030. 3030.    7. 3030. 3976. 3976. 3976.
 3976. 3030. 
 3976. 3030. 3030.    7.    7.    7.    7.    7.    7.    7.    7.    7.
    7.    7.    7.    7.    7.    7.    7.    7.    7.    7.    7.    7.
    7.    7. 
 7. 7. 7. 7. 7. 7. 7. 7. 7. 7. 7. 7. 7. 7. 7. 7. 7. 7. 7. 7. 7. 7. 7. 7.
 7. 7. 
    7.    7.    7.    7.    7.    7. 3030. 3030. 3976. 3976. 3976. 3030.
 3030. 3030. 3030.    7.    7.    7.    7.    7.    7.    7.    7.    7.
    7.    7. 
 7. 7. 7. 7. 7. 7. 7. 7. 7. 7. 7. 7. 7. 7. 7. 7. 7. 7. 7. 7. 7. 7. 7. 7.
 7. 7. 
    7.    7.    7.    7.    7.    7.    7.    7.    7.    7.    7.    7.
    7.    7.    7.    7.    7.    7.    7. 3030. 3030. 3976. 3976. 3976.
 3030. 3030. 
 7. 7. 7. 7. 7. 7. 7. 7. 7. 7. 7. 7. 7. 7. 7. 7. 7. 7. 7. 7. 7. 7. 7. 7.
 7. 7. 
 7. 7. 7. 7. 7. 7. 7. 7. 7. 7. 7. 7. 7. 7. 7. 7. 7. 7. 7. 7. 7. 7. 7. 7.
 7. 7. 
    7.    7.    7.    7.    7. 3030. 3030. 3976. 3976. 3976. 3030. 3030.
    7.    7.    7.    7.    7.    7.    7.    7.    7.    7.    7.    7.
    7.    7. 
 7. 7. 7. 7. 7. 7. 7. 7. 7. 7. 7. 7. 7. 7. 7. 7. 7. 7. 7. 7. 7. 7. 7. 7.
 7. 7. 
    7.    7.    7.    7.    7.    7.    7.    7.    7.    7.    7.    7.
    7.    7. 3030.    7.    7.    7. 3030. 3976. 3976. 3976. 3030. 3030.
    7.    7. 
 7. 7. 7. 7. 7. 7. 7. 7. 7. 7. 7. 7. 7. 7. 7. 7. 7. 7. 7. 7. 7. 7. 7. 7.
 7. 7. 
    7.    7.    7.    7.    7.    7.    7.    7.    7.    7.    7.    7.
    7.    7.    7.    7.    7.    7.    7.    7.    7.    7.    7.    7.
 3030. 3030. 
 3030. 3030. 3030. 3030. 3030. 3976. 3976. 3976. 3030. 3030. 3030.    7.
    7.    7.    7.    7.    7.    7.    7.    7.    7.    7.    7.    7.
    7.    7. 
 7. 7. 7. 7. 7. 7. 7. 7. 7. 7. 7. 7. 7. 7. 7. 7. 7. 7. 7. 7. 7. 7. 7. 7.
 7. 7. 
    7.    7.    7.    7.    7.    7.    7.    7.    7.    7. 3030. 3976.
 3976. 3976. 3976. 3976. 3976. 3976. 3976. 3030. 3030. 3976. 3030.    7.
    7.    7. 
 7. 7. 7. 7. 7. 7. 7. 7. 7. 7. 7. 7. 7. 7. 7. 7. 7. 7. 7. 7. 7. 7. 7. 7.
 7. 7. 
    7.    7.    7.    7.    7.    7.    7.    7.    7.    7.    7.    7.
    7.    7.    7.    7.    7.    7.    7.    7.    7.    7. 3976. 3976.
 3976. 3976. 
 3976. 3976. 3976. 3976. 3976. 3030. 3030. 3976. 3030. 3030.    7.    7.
    7.    7.    7.    7.    7.    7.    7.    7.    7.    7.    7.    7.
    7.    7. 
 7. 7. 7. 7. 7. 7. 7. 7. 7. 7. 7. 7. 7. 7. 7. 7. 7. 7. 7. 7. 7. 7. 7. 7.
 7. 7. 
    7.    7.    7.    7.    7.    7.    7.    7. 3976. 3976. 3976. 3976.
 3976. 3976. 3976. 3030. 3030. 3030. 3976. 3976. 3976. 3030.    7.    7.
    7.    7. 
 7. 7. 7. 7. 7. 7. 7. 7. 7. 7. 7. 7. 7. 7. 7. 7. 7. 7. 7. 7. 7. 7. 7. 7.
 7. 7. 
    7.    7.    7.    7.    7.    7.    7.    7.    7.    7.    7.    7.
    7.    7.    7.    7.    7.    7.    7.    7. 3976. 3976. 3030. 3030.
 3030. 3030. 
 3030. 3030.    7. 3030. 3976. 3976. 3976. 3030. 3030.    7.    7.    7.
    7.    7.    7.    7.    7.    7.    7.    7.    7.    7.    7.    7.
    7.    7. 
 7. 7. 7. 7. 7. 7. 7. 7. 7. 7. 7. 7. 7. 7. 7. 7. 7. 7. 7. 7. 7. 7. 7. 7.
 7. 7. 
    7.    7.    7.    7.    7.    7. 3976. 3030. 3030. 3030.    7.    7.
    7.    7.    7. 3030. 3030. 3976. 3976. 3030. 3030.    7.    7.    7.
    7.    7. 
 7. 7. 7. 7. 7. 7. 7. 7. 7. 7. 7. 7. 7. 7. 7. 7. 7. 7. 7. 7. 7. 7. 7. 7.
 7. 7. 
    7.    7.    7.    7.    7.    7.    7.    7.    7.    7.    7.    7.
    7.    7.    7.    7.    7.    7. 3976. 3976. 3030. 3030.    7.    7.
    7.    7. 
    7. 3030. 3030. 3976. 3976. 3976. 3030. 3030.    7.    7.    7.    7.
    7.    7.    7.    7.    7.    7.    7.    7.    7.    7.    7.    7.
    7.    7. 
 7. 7. 7. 7. 7. 7. 7. 7. 7. 7. 7. 7. 7. 7. 7. 7. 7. 7. 7. 7. 7. 7. 7. 7.
 7. 7. 
    7.    7.    7.    7. 3976. 3976. 3976. 3030. 3030.    7.    7.    7.
    7.    7. 3030. 3030. 3976. 3976. 3030. 3030.    7.    7.    7.    7.
    7.    7. 
 7. 7. 7. 7. 7. 7. 7. 7. 7. 7. 7. 7. 7. 7. 7. 7. 7. 7. 7. 7. 7. 7. 7. 7.
 7. 7. 
    7.    7.    7.    7.    7.    7.    7.    7.    7.    7.    7.    7.
    7.    7.    7.    7. 3976. 3976. 3976. 3976. 3030. 3030. 3030.    7.
    7.    7. 
 3030. 3030. 3976. 3976. 3976. 3030.    7.    7.    7.    7.    7.    7.
    7.    7.    7.    7.    7.    7.    7.    7.    7.    7.    7.    7.
    7.    7. 
 7. 7. 7. 7. 7. 7. 7. 7. 7. 7. 7. 7. 7. 7. 7. 7. 7. 7. 7. 7. 7. 7. 7. 7.
 7. 7. 
    7.    7. 3030. 3976. 3976. 3976. 3976. 3976. 3030. 3030.    7. 3030.
 3030. 3030. 3976. 3976. 3976. 3030.    7.    7.    7.    7.    7.    7.
    7.    7. 
 7. 7. 7. 7. 7. 7. 7. 7. 7. 7. 7. 7. 7. 7. 7. 7. 7. 7. 7. 7. 7. 7. 7. 7.
 7. 7. 
 7. 7. 7. 7. 7. 7. 7. 7. 7. 7. 7. 7. 7. 7. 
/