PERMI
   27.   27.   27.   27.   27.   27.   27.   27.   27.   27.   27.   27.
   27.   27.   27.   27.   27.   27.   27.   27.  894.  894. 1331. 1331.
 1331. 1331. 
 1331. 1331. 1331. 1331. 1331.  894.  894.   27.   27.   27.   27.   27.
   27.   27.   27.   27.  894.  894. 1331. 1331. 1331. 1331.  894.  894.
   27.   27. 
 27. 27. 27. 27. 27. 27. 27. 27. 27. 27. 27. 27. 27. 27. 27. 27. 27. 27.
 27. 27. 27. 27. 27. 27. 27. 27. 
   27.   27.   27.   27.   27.   27.  894. 1331. 1331. 1331. 1331. 1331.
 1331. 1331. 1331. 1331. 1331.  894.  894.   27.   27.   27.   27.   27.
   27.   27. 
   27.   27.   27.  894. 1331. 1331. 1331. 1331. 1331.  894.   27.   27.
   27.   27.   27.   27.   27.   27.   27.   27.   27.   27.   27.   27.
   27.   27. 
   27.   27.   27.   27.   27.   27.   27.   27.   27.   27.   27.   27.
   27.   27.   27.   27.   27.   27.  894. 1331. 1331. 1331. 1331. 1331.
 1331. 1331. 
 1331. 1331.  894.  894.   27.   27.   27.   27.   27.   27.   27.   27.
   27.   27.   27.   27.  894. 1331. 1331. 1331. 1331.  894.  894.   27.
   27.   27. 
 27. 27. 27. 27. 27. 27. 27. 27. 27. 27. 27. 27. 27. 27. 27. 27. 27. 27.
 27. 27. 27. 27. 27. 27. 27. 27. 
   27.   27.   27.   27.  894. 1331. 1331. 1331. 1331.  894.  894.  894.
  894.  894.  894.   27.   27.   27.   27.   27.   27.   27.   27.   27.
   27.   27. 
   27.  894.  894.  894. 1331. 1331. 1331.  894.  894.   27.   27.   27.
   27.   27.   27.   27.   27.   27.   27.   27.   27.   27.   27.   27.
   27.   27. 
   27.   27.   27.   27.   27.   27.   27.   27.   27.   27.   27.   27.
   27.   27.   27.   27.  894.  894. 1331. 1331. 1331.  894.  894.  894.
  894.   27. 
   27.   27.   27.   27.   27.   27.   27.   27.   27.   27.   27.  894.
  894.  894. 1331. 1331. 1331. 1331. 1331.  894.  894.   27.   27.   27.
   27.   27. 
 27. 27. 27. 27. 27. 27. 27. 27. 27. 27. 27. 27. 27. 27. 27. 27. 27. 27.
 27. 27. 27. 27. 27. 27. 27. 27. 
   27.   27.  894.  894. 1331. 1331. 1331.  894.  894.   27.   27.   27.
   27.   27.   27.   27.   27.   27.   27.   27.   27.   27.  894.  894.
 1331. 1331. 
 1331. 1331. 1331. 1331. 1331.  894.   27.   27.   27.   27.   27.   27.
   27.   27.   27.   27.   27.   27.   27.   27.   27.   27.   27.   27.
   27.   27. 
   27.   27.   27.   27.   27.   27.   27.   27.   27.  894.  894.  894.
  894.  894.  894.  894. 1331. 1331. 1331.  894.  894.   27.   27.   27.
   27.   27. 
   27.   27.   27.   27.   27.   27.   27.   27.  894. 1331. 1331. 1331.
 1331. 1331. 1331. 1331.  894.  894.   27.   27.   27.   27.   27.   27.
   27.   27. 
   27.   27.   27.   27.   27.   27.   27.   27.   27.   27.   27.   27.
   27.   27.   27.   27.   27.   27.   27.   27.  894.  894. 1331. 1331.
 1331. 1331. 
 1331. 1331. 1331. 1331. 1331.  894.  894.   27.   27.   27.   27.   27.
   27.   27.   27.   27.   27.   27.   27.   27.  894. 1331. 1331. 1331.
 1331. 1331. 
 894. 894. 894.  27.  27.  27.  27.  27.  27.  27.  27.  27.  27.  27.
  27.  27.  27.  27.  27.  27.  27.  27.  27.  27.  27.  27. 
   27.   27.   27.   27.   27.  894.  894. 1331. 1331. 1331. 1331. 1331.
 1331. 1331. 1331. 1331.  894.  894.   27.   27.   27.   27.   27.   27.
   27.   27. 
   27.   27.   27.   27.   27.   27.  894. 1331. 1331. 1331. 1331.  894.
  894.   27.   27.   27.   27.   27.   27.   27.   27.   27.   27.   27.
   27.   27. 
   27.   27.   27.   27.   27.   27.   27.   27.   27.   27.   27.   27.
   27.   27.   27.   27.  894.  894. 1331. 1331. 1331. 1331. 1331. 1331.
 1331. 1331. 
 1331. 1331.  894.  894.   27.   27.   27.   27.   27.   27.   27.   27.
   27.   27.   27.   27.   27.   27.  894. 1331. 1331. 1331. 1331.  894.
   27.   27. 
 27. 27. 27. 27. 27. 27. 27. 27. 27. 27. 27. 27. 27. 27. 27. 27. 27. 27.
 27. 27. 27. 27. 27. 27. 27. 27. 
   27.   27.  894. 1331. 1331. 1331. 1331.  894.  894.  894.  894.  894.
  894.  894.  894.   27.   27.   27.   27.   27.   27.   27.   27.   27.
   27.   27. 
   27.   27.   27.   27.  894. 1331. 1331. 1331. 1331.  894.   27.   27.
   27.   27.   27.   27.   27.   27.   27.   27.   27.   27.   27.   27.
   27.   27. 
   27.   27.   27.   27.   27.   27.   27.   27.   27.   27.   27.   27.
   27.  894.  894. 1331. 1331. 1331.  894.  894.  894.  894.  894.  894.
  894.   27. 
   27.   27.   27.   27.   27.   27.   27.   27.   27.   27.   27.   27.
   27.   27.   27.   27.  894.  894. 1331. 1331. 1331.  894.  894.   27.
   27.   27. 
  27.  27.  27.  27.  27.  27.  27.  27.  27.  27.  27.  27.  27.  27.
  27.  27.  27.  27.  27.  27.  27.  27.  27.  27.  27. 894. 
  894. 1331. 1331. 1331.  894.  894.   27.   27.   27.   27.   27.   27.
   27.   27.   27.   27.   27.   27.   27.   27.   27.   27.   27.   27.
   27.   27. 
   27.   27.  894.  894. 1331. 1331. 1331.  894.  894.   27.   27.   27.
   27.   27.   27.   27.   27.   27.   27.   27.   27.   27.   27.   27.
   27.   27. 
   27.   27.   27.   27.   27.   27.   27.   27.   27.   27.   27.   27.
  894. 1331. 1331. 1331. 1331.  894.   27.   27.   27.   27.   27.   27.
   27.   27. 
   27.   27.   27.   27.   27.   27.   27.   27.   27.   27.   27.  894.
  894.  894.  894.  894. 1331. 1331. 1331.  894.  894.   27.   27.   27.
   27.   27. 
  27.  27.  27.  27.  27.  27.  27.  27.  27. 894. 894. 894.  27.  27.
  27.  27.  27.  27.  27.  27.  27.  27.  27.  27. 894. 894. 
 1331. 1331. 1331.  894.   27.   27.   27.   27.   27.   27.   27.   27.
   27.   27.   27.   27.   27.   27.   27.   27.   27.  894.  894.  894.
  894.  894. 
 1331. 1331. 1331. 1331. 1331.  894.   27.   27.   27.   27.   27.   27.
   27.   27.   27.   27.   27.   27.   27.  894.  894.  894.  894.  894.
   27.   27. 
   27.   27.   27.   27.   27.   27.   27.   27.   27.   27.   27.  894.
 1331. 1331. 1331.  894.   27.   27.   27.   27.   27.   27.   27.   27.
   27.   27. 
   27.   27.   27.   27.   27.   27.  894.  894.  894. 1331. 1331. 1331.
 1331. 1331. 1331. 1331. 1331.  894.   27.   27.   27.   27.   27.   27.
   27.   27. 
   27.   27.   27.   27.  894.  894.  894. 1331. 1331. 1331.   27.   27.
   27.   27.   27.   27.   27.   27.   27.   27.   27.  894.  894.  894.
 1331. 1331. 
 1331.  894.   27.   27.   27.   27.   27.   27.   27.   27.   27.   27.
   27.   27.   27.   27.   27.   27.  894. 1331. 1331. 1331. 1331. 1331.
 1331. 1331. 
 1331. 1331.  894.  894.   27.   27.   27.   27.   27.   27.   27.   27.
   27.   27.   27.   27.  894.  894. 1331. 1331. 1331. 1331.   27.   27.
   27.   27. 
   27.   27.   27.   27.   27.   27.  894.  894. 1331. 1331. 1331. 1331.
 1331.  894.   27.   27.   27.   27.   27.   27.   27.   27.   27.   27.
   27.   27. 
   27.   27.   27.  894.  894. 1331. 1331. 1331. 1331. 1331. 1331.  894.
  894.  894.  894.   27.   27.   27.   27.   27.   27.   27.   27.   27.
   27.   27. 
   27.  894.  894.  894. 1331. 1331. 1331. 1331.   27.   27.   27.   27.
   27.   27.   27.   27.   27.  894.  894. 1331. 1331. 1331. 1331. 1331.
  894.  894. 
   27.   27.   27.   27.   27.   27.   27.   27.   27.   27.   27.   27.
   27.   27.   27.  894.  894. 1331. 1331. 1331. 1331.  894.  894.  894.
  894.   27. 
   27.   27.   27.   27.   27.   27.   27.   27.   27.   27.   27.   27.
   27.  894.  894. 1331. 1331. 1331. 1331.  894.   27.   27.   27.   27.
   27.   27. 
   27.   27.  894.  894. 1331. 1331. 1331. 1331. 1331.  894.  894.   27.
   27.   27.   27.   27.   27.   27.   27.   27.   27.   27.   27.   27.
   27.   27. 
   27.  894.  894. 1331. 1331. 1331.  894.  894.   27.   27.   27.   27.
   27.   27.   27.   27.   27.   27.   27.   27.   27.   27.   27.   27.
   27.  894. 
  894. 1331. 1331. 1331. 1331.  894.   27.   27.   27.   27.   27.   27.
   27.   27.  894.  894. 1331. 1331. 1331.  894.  894.  894.   27.   27.
   27.   27. 
   27.   27.   27.   27.   27.   27.   27.   27.   27.   27.   27.   27.
   27.  894.  894. 1331. 1331. 1331.  894.  894.   27.   27.   27.   27.
   27.   27. 
   27.   27.   27.   27.   27.   27.   27.   27.   27.   27.   27.  894.
  894.  894. 1331. 1331. 1331. 1331.   27.   27.   27.   27.   27.   27.
   27.   27. 
  894.  894. 1331. 1331.  894.  894.   27.   27.   27.   27.   27.   27.
   27.   27.   27.   27.   27.   27.   27.   27.   27.   27.   27.   27.
  894.  894. 
  894. 1331. 1331. 1331.  894.   27.   27.   27.   27.   27.   27.   27.
   27.   27.   27.   27.   27.   27.   27.   27.   27.   27.   27.   27.
  894.  894. 
 1331. 1331. 1331. 1331.   27.   27.   27.   27.   27.   27.   27.   27.
  894.  894. 1331. 1331.  894.  894.   27.   27.   27.   27.   27.   27.
   27.   27. 
   27.   27.   27.   27.   27.   27.   27.   27.   27.  894.  894. 1331.
 1331. 1331. 1331. 1331.  894.   27.   27.   27.   27.   27.   27.   27.
   27.   27. 
   27.   27.   27.   27.   27.   27.   27.   27.   27.   27.  894.  894.
  894. 1331. 1331. 1331.   27.   27.   27.   27.   27.   27.   27.   27.
   27.  894. 
 1331. 1331.  894.  894.   27.   27.   27.   27.   27.   27.   27.   27.
   27.   27.   27.   27.   27.   27.   27.  894.  894.  894. 1331. 1331.
 1331. 1331. 
 1331. 1331.  894.   27.   27.   27.   27.   27.   27.   27.   27.   27.
   27.   27.   27.   27.   27.   27.   27.   27.   27.   27.   27.  894.
  894. 1331. 
 1331. 1331.   27.   27.   27.   27.   27.   27.   27.   27.  894.  894.
 1331. 1331. 1331.  894.   27.   27.   27.   27.   27.   27.   27.   27.
   27.   27. 
   27.   27.   27.   27.   27.  894. 1331. 1331. 1331. 1331. 1331. 1331.
 1331.  894.  894.   27.   27.   27.   27.   27.   27.   27.   27.   27.
   27.   27. 
   27.   27.   27.   27.   27.   27.  894.  894.  894.  894.  894. 1331.
 1331. 1331.   27.   27.   27.   27.   27.   27.   27.   27.   27.  894.
 1331. 1331. 
  894.  894.   27.   27.   27.   27.   27.   27.   27.   27.   27.   27.
   27.   27.   27.   27.  894.  894. 1331. 1331. 1331. 1331. 1331.  894.
  894.  894. 
   27.   27.   27.   27.   27.   27.   27.   27.   27.   27.   27.   27.
   27.   27.   27.   27.   27.  894.  894.  894.  894.  894. 1331. 1331.
 1331. 1331. 
   27.   27.  894.  894.  894.  894.  894.  894.   27.  894. 1331. 1331.
  894.  894.   27.   27.   27.   27.   27.   27.   27.   27.   27.   27.
   27.   27. 
   27.   27.  894.  894. 1331. 1331. 1331.  894.  894.  894.   27.   27.
   27.   27.   27.   27.   27.   27.   27.   27.   27.   27.   27.   27.
   27.   27. 
   27.   27.  894.  894.  894.  894. 1331. 1331. 1331. 1331. 1331. 1331.
  894.  894.  894. 1331. 1331. 1331. 1331.  894.  894.  894. 1331. 1331.
 1331.  894. 
   27.   27.   27.   27.   27.   27.   27.   27.   27.   27.   27.   27.
   27.   27.  894.  894. 1331. 1331. 1331.  894.  894.   27.   27.   27.
   27.   27. 
   27.   27.   27.   27.   27.   27.   27.   27.   27.   27.   27.   27.
   27.  894.  894.  894. 1331. 1331. 1331. 1331. 1331. 1331. 1331. 1331.
  894. 1331. 
 1331. 1331. 1331. 1331. 1331. 1331. 1331. 1331. 1331. 1331. 1331.  894.
   27.   27.   27.   27.   27.   27.   27.   27.   27.   27.   27.   27.
   27.   27. 
   27.  894. 1331. 1331. 1331. 1331.  894.   27.   27.   27.   27.   27.
   27.   27.   27.   27.   27.   27.   27.   27.   27.   27.   27.   27.
  894.  894. 
  894. 1331. 1331. 1331. 1331. 1331. 1331. 1331.  894.  894. 1331. 1331.
 1331. 1331. 1331. 1331. 1331. 1331. 1331. 1331. 1331. 1331.  894.  894.
   27.   27. 
   27.   27.   27.   27.   27.   27.   27.   27.   27.   27.   27.   27.
   27.  894.  894. 1331. 1331. 1331.  894.   27.   27.   27.   27.   27.
   27.   27. 
   27.   27.   27.   27.   27.   27.   27.   27.   27.   27.  894.  894.
 1331. 1331. 1331. 1331. 1331. 1331.  894.  894.  894.  894. 1331. 1331.
 1331.  894. 
  894.  894. 1331. 1331. 1331. 1331. 1331.  894.  894.   27.   27.   27.
   27.   27.   27.   27.   27.   27.   27.   27.   27.   27.   27.   27.
  894.  894. 
  894. 1331. 1331. 1331.  894.  894.   27.   27.   27.   27.   27.   27.
   27.   27.   27.   27.   27.   27.   27.   27.   27.   27.  894.  894.
 1331. 1331. 
 1331. 1331.  894.  894.  894.  894.  894.   27. 1331. 1331. 1331.  894.
   27.  894.  894.  894.  894.  894.  894.  894.   27.   27.   27.   27.
   27.   27. 
   27.   27.   27.   27.   27.   27.   27.   27.  894.  894.  894.  894.
 1331. 1331. 1331. 1331.  894.  894.   27.   27.   27.   27.   27.   27.
   27.   27. 
   27.   27.   27.   27.   27.   27.   27.   27.  894.  894. 1331. 1331.
 1331.  894.  894.  894.  894.   27.   27.   27. 1331. 1331. 1331.  894.
   27.   27. 
   27.   27.   27.   27.   27.   27.   27.   27.   27.   27.   27.   27.
   27.   27.   27.   27.   27.   27.   27.  894.  894. 1331. 1331. 1331.
 1331. 1331. 
 1331. 1331.  894.  894.   27.   27.   27.   27.   27.   27.   27.   27.
   27.   27.   27.   27.   27.   27.   27.   27.  894.  894. 1331. 1331.
 1331.  894. 
  894.  894.   27.   27.   27.   27. 1331. 1331. 1331.  894.  894.   27.
   27.   27.   27.   27.   27.   27.   27.   27.   27.   27.   27.   27.
   27.   27. 
   27.   27.   27.   27.  894.  894. 1331. 1331. 1331. 1331. 1331. 1331.
 1331.  894.  894.   27.   27.   27.   27.   27.   27.   27.   27.   27.
   27.   27. 
   27.   27.   27.   27.   27.   27.  894.  894. 1331. 1331. 1331.  894.
  894.   27.   27.   27.   27.   27.  894. 1331. 1331. 1331.  894.   27.
   27.   27. 
   27.   27.   27.   27.   27.   27.   27.   27.   27.   27.   27.   27.
   27.   27.   27.   27.  894. 1331. 1331. 1331. 1331. 1331. 1331. 1331.
  894.  894. 
  894.   27.   27.   27.   27.   27.   27.   27.   27.   27.   27.   27.
   27.   27.   27.   27.   27.   27.  894.  894. 1331. 1331. 1331.  894.
  894.   27. 
   27.   27.   27.   27. 1331. 1331. 1331. 1331.  894.   27.   27.   27.
   27.   27.   27.   27.   27.   27.   27.   27.   27.   27.   27.   27.
   27.   27. 
   27.  894.  894. 1331. 1331. 1331.  894.  894.  894.  894.  894.   27.
   27.   27.   27.   27.   27.   27.   27.   27.   27.   27.   27.   27.
  894.  894. 
  894.  894.  894.  894.  894.  894. 1331. 1331. 1331.  894.  894.   27.
   27.   27.   27.   27. 1331. 1331. 1331. 1331.  894.   27.   27.   27.
   27.   27. 
   27.   27.   27.   27.   27.   27.   27.   27.   27.   27.   27.   27.
   27.  894.  894. 1331. 1331. 1331.  894.  894.  894.   27.   27.   27.
   27.   27. 
   27.   27.   27.   27.   27.   27.   27.   27.   27.  894.  894.  894.
  894.  894.  894.  894.  894. 1331. 1331. 1331. 1331.  894.  894.   27.
   27.   27. 
   27.   27. 1331. 1331. 1331.  894.  894.   27.   27.   27.   27.   27.
   27.   27.   27.   27.   27.   27.   27.   27.   27.   27.   27.   27.
   27.  894. 
  894. 1331. 1331. 1331.  894.  894.   27.   27.   27.   27.   27.   27.
   27.   27.   27.   27.   27.   27.   27.   27.  894.  894.  894. 1331.
 1331. 1331. 
 1331. 1331. 1331. 1331. 1331. 1331.  894.  894.  894.   27.   27.   27.
   27.   27. 1331. 1331. 1331.  894.  894.   27.   27.   27.   27.   27.
   27.   27. 
   27.   27.   27.   27.   27.   27.   27.   27.   27.   27.   27.  894.
  894. 1331. 1331. 1331.  894.   27.   27.   27.   27.   27.   27.   27.
   27.   27. 
   27.   27.   27.   27.   27.  894.  894.  894. 1331. 1331. 1331. 1331.
 1331. 1331. 1331. 1331. 1331. 1331.  894.  894.   27.   27.   27.   27.
   27.   27. 
  894.  894.  894.  894.   27.   27.   27.   27.   27.   27.   27.   27.
   27.   27.   27.   27.   27.   27.   27.   27.   27.   27.   27.  894.
  894. 1331. 
 1331. 1331.  894.   27.   27.   27.   27.   27.   27.   27.   27.   27.
   27.   27.   27.   27.  894.  894.  894. 1331. 1331. 1331. 1331. 1331.
 1331. 1331. 
 1331. 1331. 1331.  894.  894.  894.   27.   27.   27.   27.   27.   27.
  894.   27.   27.   27.   27.   27.   27.   27.   27.   27.   27.   27.
   27.   27. 
   27.   27.  894.  894.  894.  894.  894.  894.  894.  894. 1331. 1331.
 1331.  894.  894.   27.   27.   27.   27.   27.   27.   27.   27.   27.
   27.   27. 
   27.   27.  894.  894. 1331. 1331. 1331. 1331.  894.  894.  894.  894.
  894.  894.  894.  894.  894.   27.   27.   27.   27.   27.   27.   27.
   27.   27. 
   27.   27.   27.   27.   27.   27.   27.   27.   27.   27.   27.   27.
   27.  894.  894.  894. 1331. 1331. 1331. 1331. 1331. 1331. 1331. 1331.
 1331.  894. 
  894.   27.   27.   27.   27.   27.   27.   27.   27.   27.   27.   27.
   27.   27.  894.  894. 1331. 1331. 1331.  894.  894.  894.  894.  894.
  894.  894. 
 894.  27.  27.  27.  27.  27.  27.  27.  27.  27.  27.  27.  27.  27.
  27.  27.  27.  27.  27.  27.  27.  27.  27. 894. 894. 894. 
 1331. 1331. 1331. 1331. 1331. 1331. 1331. 1331. 1331. 1331. 1331.  894.
  894.   27.   27.   27.   27.   27.   27.   27.   27.   27.   27.   27.
   27.  894. 
  894.  894. 1331. 1331. 1331.  894.  894.   27.   27.   27.   27.   27.
   27.   27.   27.   27.   27.   27.   27.   27.   27.   27.   27.   27.
   27.   27. 
   27.   27.   27.   27.   27.   27.   27.   27.  894.  894.  894. 1331.
 1331. 1331. 1331. 1331. 1331. 1331. 1331. 1331. 1331. 1331.  894.  894.
   27.   27. 
   27.   27.   27.   27.   27.   27.   27.   27.   27.   27.   27.   27.
  894.  894. 1331. 1331. 1331.  894.  894.   27.   27.   27.   27.   27.
   27.   27. 
   27.   27.   27.   27.   27.   27.   27.   27.   27.   27.   27.   27.
   27.  894.  894.  894.  894.  894.   27.  894.  894. 1331. 1331. 1331.
 1331. 1331. 
 1331. 1331. 1331. 1331. 1331.  894.  894.  894.  894.   27.   27.   27.
   27.   27.   27.   27.   27.   27.   27.   27.   27.   27.   27.  894.
  894. 1331. 
 1331. 1331. 1331.  894.  894.   27.   27.   27.   27.   27.   27.   27.
   27.   27.   27.   27.   27.   27.   27.   27.   27.   27.   27.   27.
  894.  894. 
 1331. 1331.  894.  894.  894.  894. 1331. 1331. 1331. 1331. 1331.  894.
  894.  894.  894.  894.  894.  894.  894.  894.   27.   27.   27.   27.
   27.   27. 
   27.   27.   27.   27.   27.   27.   27.   27.   27.  894.  894. 1331.
 1331. 1331. 1331.  894.   27.   27.   27.   27.   27.   27.   27.   27.
   27.   27. 
   27.   27.   27.   27.   27.   27.   27.   27.   27.  894. 1331. 1331.
 1331. 1331. 1331. 1331. 1331. 1331. 1331. 1331. 1331. 1331. 1331.  894.
  894.  894. 
   27.   27.   27.   27.   27.   27.   27.   27.   27.   27.   27.   27.
   27.   27.   27.  894.  894.  894.  894.  894.  894.  894.  894. 1331.
 1331. 1331. 
  894.  894.   27.   27.   27.   27.   27.   27.   27.   27.   27.   27.
   27.   27.   27.   27.   27.   27.   27.   27.  894.  894. 1331. 1331.
 1331. 1331. 
 1331. 1331. 1331. 1331. 1331. 1331. 1331. 1331.  894.  894.   27.   27.
   27.   27.   27.   27.   27.   27.   27.   27.   27.   27.   27.   27.
   27.  894. 
  894.  894.  894.  894.  894.  894.  894.  894.  894. 1331. 1331. 1331.
  894.  894.   27.   27.   27.   27.   27.   27.   27.   27.   27.   27.
   27.   27. 
   27.   27.   27.   27.   27.   27.  894. 1331. 1331. 1331. 1331.  894.
 1331. 1331. 1331. 1331. 1331. 1331. 1331.  894.  894.   27.   27.   27.
   27.   27. 
   27.   27.   27.   27.   27.   27.   27.   27.   27.   27.  894.  894.
  894. 1331. 1331. 1331. 1331. 1331. 1331. 1331. 1331. 1331. 1331. 1331.
  894.  894. 
   27.   27.   27.   27.   27.   27.   27.   27.   27.   27.   27.   27.
   27.   27.   27.   27.   27.  894.  894. 1331. 1331. 1331.  894.  894.
  894.  894. 
 1331. 1331. 1331.  894.  894.  894.   27.   27.   27.   27.   27.   27.
   27.   27.   27.   27.   27.   27.   27.   27.   27.  894.  894. 1331.
 1331. 1331. 
 1331. 1331. 1331. 1331. 1331. 1331. 1331. 1331. 1331.  894.  894.  894.
   27.   27.   27.   27.   27.   27.   27.   27.   27.   27.   27.   27.
   27.   27. 
   27.   27.   27.  894.  894. 1331. 1331. 1331.  894.   27.   27.  894.
  894.  894.  894.  894.   27.   27.   27.   27.   27.   27.   27.   27.
   27.   27. 
   27.   27.   27.   27.   27.   27.  894.  894.  894. 1331. 1331. 1331.
 1331. 1331. 1331. 1331. 1331. 1331. 1331. 1331. 1331.  894.  894.   27.
   27.   27. 
   27.   27.   27.   27.   27.   27.   27.   27.   27.   27.   27.   27.
   27.   27.  894.  894.  894. 1331. 1331. 1331.  894.   27.   27.   27.
   27.   27. 
   27.   27.   27.   27.   27.   27.   27.   27.   27.   27.   27.   27.
   27.   27.   27.   27.   27.   27.  894.  894. 1331. 1331. 1331. 1331.
  894.  894. 
  894.  894. 1331. 1331. 1331.  894.  894.  894.   27.   27.   27.   27.
   27.   27.   27.   27.   27.   27.   27.   27.   27.   27.   27.   27.
   27.   27. 
 1331. 1331. 1331. 1331. 1331.  894.  894.   27.   27.   27.   27.   27.
   27.   27.   27.   27.   27.   27.   27.   27.   27.   27.   27.   27.
   27.   27. 
   27.   27.   27.  894.  894. 1331. 1331. 1331. 1331. 1331.  894.  894.
  894.  894.  894.  894.  894.  894.  894.   27.   27.   27.   27.   27.
   27.   27. 
   27.   27.   27.   27.   27.   27.   27.   27.   27.   27.   27.   27.
 1331. 1331. 1331. 1331. 1331.  894.  894.   27.   27.   27.   27.   27.
   27.   27. 
   27.   27.   27.   27.   27.   27.   27.   27.  894.  894.  894.   27.
   27.   27.   27.  894.  894. 1331. 1331. 1331. 1331.  894.  894.   27.
   27.   27. 
  894.  894.  894.   27.   27.   27.   27.   27.   27.   27.   27.   27.
   27.   27.   27.   27.   27.   27.   27.   27.   27.   27.   27.   27.
 1331. 1331. 
 1331. 1331.  894.  894.   27.   27.   27.   27.   27.   27.   27.   27.
   27.   27.   27.   27.   27.   27.  894.  894.  894.  894.  894.  894.
  894.  894. 
  894.  894.  894. 1331. 1331. 1331. 1331.  894.  894.   27.   27.   27.
   27.   27.   27.   27.   27.   27.   27.   27.   27.   27.   27.   27.
   27.   27. 
   27.   27.   27.   27.   27.   27.   27.   27.   27.   27. 1331.  894.
  894.  894.  894.   27.   27.   27.   27.   27.   27.   27.   27.   27.
   27.   27. 
   27.   27.   27.  894.  894.  894.  894. 1331. 1331.  894.  894.  894.
  894.  894. 1331. 1331. 1331. 1331.  894.  894.   27.   27.   27.   27.
   27.   27. 
  27.  27.  27.  27.  27.  27.  27.  27.  27.  27.  27.  27.  27.  27.
  27.  27.  27.  27.  27.  27.  27.  27. 894. 894. 894.  27. 
   27.   27.   27.   27.   27.   27.   27.   27.  894.  894.  894.   27.
   27.   27.  894.  894.  894. 1331. 1331. 1331. 1331. 1331. 1331. 1331.
 1331. 1331. 
 1331. 1331. 1331. 1331.  894.  894.   27.   27.   27.   27.   27.   27.
   27.   27.   27.   27.   27.   27.   27.   27.   27.   27.   27.   27.
   27.   27. 
  27.  27.  27.  27.  27.  27.  27.  27. 894. 894.  27.  27.  27.  27.
  27.  27.  27.  27. 894. 894. 894. 894. 894. 894. 894. 894. 
  894.  894. 1331. 1331. 1331. 1331. 1331. 1331. 1331. 1331. 1331. 1331.
 1331. 1331. 1331.  894.  894.   27.   27.   27.   27.   27.   27.   27.
   27.   27. 
   27.   27.   27.   27.   27.   27.   27.   27.   27.   27.   27.   27.
   27.   27.   27.   27.   27.   27.   27.   27. 1331.  894.   27.   27.
   27.   27. 
   27.   27.   27.  894.  894.  894.  894.  894.  894.  894.  894.  894.
  894. 1331. 1331. 1331. 1331.  894. 1331. 1331. 1331. 1331. 1331. 1331.
 1331. 1331. 
 894. 894. 894.  27.  27.  27.  27.  27.  27.  27.  27.  27.  27.  27.
  27.  27.  27.  27.  27.  27.  27.  27.  27.  27.  27.  27. 
   27.   27.   27.   27.   27.   27. 1331.  894.  894.   27.   27.   27.
   27.   27.   27.  894.  894.  894. 1331. 1331. 1331. 1331. 1331.  894.
  894. 1331. 
 1331. 1331. 1331.  894.  894.  894. 1331. 1331. 1331.  894.  894.  894.
  894.  894.   27.   27.   27.   27.   27.   27.   27.   27.   27.   27.
   27.   27. 
   27.   27.   27.   27.   27.   27.   27.   27.   27.   27.   27.   27.
   27.   27.   27.   27.   27.   27. 1331.  894.  894.   27.   27.   27.
   27.   27. 
  894.  894.  894. 1331. 1331. 1331. 1331. 1331. 1331. 1331. 1331. 1331.
 1331. 1331.  894.  894.  894.  894.  894.  894.  894.  894.  894.  894.
  894.   27. 
 27. 27. 27. 27. 27. 27. 27. 27. 27. 27. 27. 27. 27. 27. 27. 27. 27. 27.
 27. 27. 27. 27. 27. 27. 27. 27. 
   27.   27.   27.   27. 1331.  894.  894.   27.   27.   27.   27.   27.
  894.  894. 1331. 1331. 1331. 1331. 1331. 1331. 1331. 1331. 1331. 1331.
 1331.  894. 
 894. 894.  27.  27. 894. 894. 894.  27.  27.  27.  27.  27.  27.  27.
  27.  27.  27.  27.  27.  27.  27.  27.  27.  27.  27.  27. 
   27.   27.   27.   27.   27.   27.   27.   27.   27.   27.   27.   27.
   27.   27.   27.   27. 1331.  894.  894.   27.   27.   27.   27.   27.
  894.  894. 
 1331. 1331. 1331.  894.  894.  894.  894. 1331. 1331. 1331.  894.  894.
  894.  894.   27.   27.   27.   27.   27.   27.   27.   27.   27.   27.
   27.   27. 
 27. 27. 27. 27. 27. 27. 27. 27. 27. 27. 27. 27. 27. 27. 27. 27. 27. 27.
 27. 27. 27. 27. 27. 27. 27. 27. 
   27.   27. 1331.  894.   27.   27.   27.   27.   27.   27.  894.  894.
 1331. 1331. 1331.  894.  894.  894.  894.  894.  894.  894.  894.  894.
  894.   27. 
 27. 27. 27. 27. 27. 27. 27. 27. 27. 27. 27. 27. 27. 27. 27. 27. 27. 27.
 27. 27. 27. 27. 27. 27. 27. 27. 
 27. 27. 27. 27. 27. 27. 27. 27. 27. 27. 27. 27. 27. 27. 
/