PERMI
 2676. 3190. 3190. 3190. 2676. 2676. 3190. 3190. 3190. 2676. 2676.   26.
   26.   26.   26.   26.   26.   26.   26.   26.   26.   26.   26.   26.
   26.   26. 
   26.   26.   26.   26.   26.   26.   26.   26.   26.   26.   26.   26.
   26.   26.   26.   26.   26.   26. 2676. 2676. 3190. 3190. 3190. 2676.
 2676. 2676. 
 2676. 2676. 2676.   26.   26.   26.   26.   26.   26.   26.   26.   26.
 2676. 2676. 3190. 3190. 3190. 2676. 3190. 2676. 2676. 2676.   26.   26.
   26.   26. 
 26. 26. 26. 26. 26. 26. 26. 26. 26. 26. 26. 26. 26. 26. 26. 26. 26. 26.
 26. 26. 26. 26. 26. 26. 26. 26. 
   26.   26.   26.   26.   26. 2676. 3190. 3190. 3190. 3190. 3190. 3190.
 3190. 3190. 2676. 2676. 2676.   26.   26.   26.   26.   26.   26.   26.
 2676. 2676. 
 3190. 3190. 3190. 2676. 2676. 2676.   26.   26.   26.   26.   26.   26.
   26.   26.   26.   26.   26.   26.   26.   26.   26.   26.   26.   26.
   26.   26. 
   26.   26.   26.   26.   26.   26.   26.   26.   26.   26.   26.   26.
   26.   26.   26.   26.   26.   26. 2676. 2676. 2676. 3190. 3190. 3190.
 3190. 3190. 
 3190. 3190. 2676. 2676.   26.   26.   26.   26.   26.   26. 2676. 2676.
 3190. 3190. 3190. 2676. 2676.   26.   26.   26.   26.   26.   26.   26.
   26.   26. 
 26. 26. 26. 26. 26. 26. 26. 26. 26. 26. 26. 26. 26. 26. 26. 26. 26. 26.
 26. 26. 26. 26. 26. 26. 26. 26. 
   26.   26.   26.   26.   26. 2676. 2676. 2676. 2676. 2676. 2676. 3190.
 3190. 3190. 3190. 2676. 2676.   26.   26.   26.   26.   26.   26. 2676.
 3190. 3190. 
 3190. 2676. 2676.   26.   26.   26.   26.   26.   26.   26.   26.   26.
   26.   26.   26.   26.   26.   26.   26.   26.   26.   26.   26.   26.
   26.   26. 
   26.   26.   26.   26.   26.   26.   26.   26.   26.   26.   26.   26.
   26.   26.   26.   26.   26.   26.   26.   26.   26. 2676. 2676. 2676.
 3190. 3190. 
 3190. 3190. 2676.   26.   26.   26.   26.   26. 2676. 2676. 3190. 3190.
 3190. 2676. 2676. 2676.   26.   26.   26.   26.   26.   26.   26.   26.
   26.   26. 
 26. 26. 26. 26. 26. 26. 26. 26. 26. 26. 26. 26. 26. 26. 26. 26. 26. 26.
 26. 26. 26. 26. 26. 26. 26. 26. 
   26.   26.   26.   26.   26.   26.   26.   26.   26.   26. 2676. 3190.
 3190. 2676. 2676.   26.   26.   26.   26.   26. 2676. 3190. 3190. 3190.
 3190. 2676. 
 3190. 2676. 2676. 2676.   26.   26.   26.   26.   26.   26.   26.   26.
   26.   26.   26.   26.   26.   26.   26.   26.   26.   26.   26.   26.
   26.   26. 
   26.   26.   26.   26.   26.   26.   26.   26.   26.   26.   26.   26.
   26.   26.   26.   26.   26.   26.   26.   26.   26. 2676. 2676. 3190.
 3190. 3190. 
 2676.   26.   26.   26.   26.   26. 3190. 3190. 3190. 3190. 2676. 2676.
 3190. 3190. 3190. 2676. 2676.   26.   26.   26.   26.   26.   26.   26.
   26.   26. 
 26. 26. 26. 26. 26. 26. 26. 26. 26. 26. 26. 26. 26. 26. 26. 26. 26. 26.
 26. 26. 26. 26. 26. 26. 26. 26. 
   26.   26.   26.   26.   26.   26. 2676. 2676. 3190. 3190. 3190. 2676.
 2676.   26.   26.   26.   26.   26. 3190. 3190. 2676. 2676. 2676. 2676.
 3190. 3190. 
 3190. 3190. 2676. 2676.   26.   26.   26.   26.   26.   26.   26.   26.
   26.   26.   26.   26.   26.   26.   26.   26.   26.   26.   26.   26.
   26.   26. 
   26.   26.   26.   26.   26.   26.   26.   26.   26.   26.   26.   26.
   26.   26.   26.   26.   26. 2676. 2676. 3190. 3190. 3190. 2676. 2676.
   26.   26. 
   26.   26.   26.   26. 3190. 2676. 2676. 2676.   26. 2676. 2676. 2676.
 3190. 3190. 3190. 2676.   26.   26.   26.   26.   26.   26.   26.   26.
   26.   26. 
 26. 26. 26. 26. 26. 26. 26. 26. 26. 26. 26. 26. 26. 26. 26. 26. 26. 26.
 26. 26. 26. 26. 26. 26. 26. 26. 
   26.   26. 2676. 2676. 3190. 3190. 3190. 2676. 2676.   26.   26.   26.
   26.   26.   26.   26. 2676. 2676.   26.   26.   26.   26.   26. 2676.
 2676. 3190. 
 3190. 2676.   26.   26.   26.   26.   26.   26.   26.   26.   26.   26.
   26.   26.   26.   26.   26.   26.   26.   26.   26.   26.   26.   26.
   26.   26. 
   26.   26.   26.   26.   26.   26.   26.   26.   26.   26.   26.   26.
   26.   26. 2676. 3190. 3190. 3190. 2676. 2676.   26.   26.   26.   26.
   26.   26. 
   26.   26.   26.   26.   26.   26.   26. 2676. 2676. 2676. 3190. 3190.
 3190. 2676.   26.   26.   26.   26.   26.   26.   26.   26.   26.   26.
   26.   26. 
   26.   26.   26.   26.   26.   26.   26.   26.   26.   26.   26.   26.
   26.   26.   26.   26.   26.   26.   26.   26.   26.   26.   26.   26.
   26. 2676. 
 2676. 3190. 3190. 2676. 2676.   26.   26.   26.   26.   26.   26.   26.
   26.   26. 2676. 2676.   26. 2676. 2676. 2676. 2676. 3190. 3190. 3190.
 2676. 2676. 
 26. 26. 26. 26. 26. 26. 26. 26. 26. 26. 26. 26. 26. 26. 26. 26. 26. 26.
 26. 26. 26. 26. 26. 26. 26. 26. 
   26.   26.   26.   26.   26.   26.   26.   26.   26.   26.   26. 2676.
 3190. 3190. 3190. 2676.   26.   26.   26.   26.   26.   26.   26.   26.
   26.   26. 
 3190. 2676. 2676. 2676. 3190. 3190. 3190. 3190. 3190. 2676. 2676.   26.
   26.   26.   26.   26.   26.   26.   26.   26.   26.   26.   26.   26.
   26.   26. 
   26.   26.   26.   26.   26.   26.   26.   26.   26.   26.   26.   26.
   26.   26.   26.   26.   26.   26.   26.   26.   26.   26.   26. 2676.
 2676. 3190. 
 3190. 3190. 2676. 2676.   26.   26.   26.   26.   26.   26.   26.   26.
 3190. 3190. 3190. 2676. 2676. 2676. 2676. 2676. 2676.   26.   26.   26.
   26.   26. 
 26. 26. 26. 26. 26. 26. 26. 26. 26. 26. 26. 26. 26. 26. 26. 26. 26. 26.
 26. 26. 26. 26. 26. 26. 26. 26. 
   26.   26.   26.   26.   26.   26.   26.   26.   26.   26. 2676. 3190.
 3190. 3190. 3190. 2676. 2676. 2676.   26.   26.   26.   26.   26.   26.
 2676. 3190. 
 3190. 3190. 2676. 2676. 2676.   26.   26.   26.   26.   26.   26.   26.
   26.   26.   26.   26.   26.   26.   26.   26.   26.   26.   26.   26.
   26.   26. 
   26.   26.   26.   26.   26.   26.   26.   26.   26.   26.   26.   26.
   26.   26.   26.   26.   26.   26.   26.   26.   26.   26.   26. 2676.
 2676. 3190. 
 3190. 3190. 3190. 2676. 2676.   26.   26.   26.   26.   26. 3190. 2676.
 3190. 3190. 2676. 2676.   26.   26.   26.   26.   26.   26.   26.   26.
   26.   26. 
 26. 26. 26. 26. 26. 26. 26. 26. 26. 26. 26. 26. 26. 26. 26. 26. 26. 26.
 26. 26. 26. 26. 26. 26. 26. 26. 
   26.   26.   26.   26.   26.   26.   26.   26.   26.   26. 2676. 2676.
 3190. 3190. 3190. 3190. 2676. 2676. 2676.   26.   26.   26. 2676. 2676.
 3190. 3190. 
 2676. 2676.   26.   26.   26.   26.   26.   26.   26.   26.   26.   26.
   26.   26.   26.   26.   26.   26.   26.   26.   26.   26.   26.   26.
   26.   26. 
   26.   26.   26.   26.   26.   26.   26.   26.   26.   26.   26.   26.
   26.   26.   26.   26.   26.   26.   26.   26.   26.   26.   26. 2676.
 2676. 2676. 
 3190. 3190. 3190. 3190. 2676. 2676.   26.   26. 3190. 3190. 3190. 3190.
 2676. 2676.   26.   26.   26.   26.   26.   26.   26.   26.   26.   26.
   26.   26. 
 26. 26. 26. 26. 26. 26. 26. 26. 26. 26. 26. 26. 26. 26. 26. 26. 26. 26.
 26. 26. 26. 26. 26. 26. 26. 26. 
   26.   26.   26.   26.   26.   26.   26.   26.   26.   26.   26. 2676.
 2676. 3190. 3190. 3190. 3190. 2676. 2676.   26. 3190. 3190. 3190. 2676.
 3190. 2676. 
 2676. 2676.   26.   26.   26.   26.   26.   26.   26.   26.   26.   26.
   26.   26.   26.   26.   26.   26.   26.   26.   26.   26.   26.   26.
   26.   26. 
   26.   26.   26.   26.   26.   26.   26.   26.   26.   26.   26.   26.
   26.   26.   26.   26.   26.   26.   26.   26.   26.   26.   26.   26.
 2676. 2676. 
 3190. 3190. 3190. 3190. 2676.   26. 3190. 2676. 2676. 3190. 3190. 3190.
 2676. 2676. 2676. 2676.   26.   26.   26.   26.   26.   26.   26.   26.
   26.   26. 
 26. 26. 26. 26. 26. 26. 26. 26. 26. 26. 26. 26. 26. 26. 26. 26. 26. 26.
 26. 26. 26. 26. 26. 26. 26. 26. 
   26.   26.   26.   26.   26.   26.   26.   26.   26.   26.   26.   26.
 2676. 3190. 3190. 3190. 2676.   26. 2676. 2676. 2676. 2676. 3190. 3190.
 3190. 3190. 
 3190. 2676. 2676.   26.   26.   26.   26.   26.   26.   26.   26.   26.
   26.   26.   26.   26.   26.   26.   26.   26.   26.   26.   26.   26.
   26.   26. 
   26.   26.   26.   26.   26.   26.   26.   26.   26.   26.   26.   26.
   26.   26.   26.   26.   26.   26.   26.   26.   26.   26.   26.   26.
 2676. 3190. 
 3190. 3190. 2676.   26.   26.   26.   26. 2676. 2676. 3190. 3190. 3190.
 3190. 3190. 2676. 2676.   26.   26.   26.   26.   26.   26.   26.   26.
   26.   26. 
 26. 26. 26. 26. 26. 26. 26. 26. 26. 26. 26. 26. 26. 26. 26. 26. 26. 26.
 26. 26. 26. 26. 26. 26. 26. 26. 
   26.   26.   26.   26.   26.   26.   26.   26.   26.   26. 2676. 3190.
 3190. 3190. 2676.   26.   26. 2676. 2676. 2676. 2676. 2676. 2676. 3190.
 3190. 3190. 
 2676. 2676.   26.   26.   26.   26.   26.   26.   26.   26.   26.   26.
   26.   26.   26.   26.   26.   26.   26.   26.   26.   26.   26.   26.
   26.   26. 
   26.   26.   26.   26.   26.   26.   26.   26.   26.   26.   26.   26.
   26.   26.   26.   26.   26.   26.   26.   26.   26. 2676. 3190. 3190.
 3190. 2676. 
 2676.   26. 2676. 2676. 3190. 3190. 3190. 3190. 3190. 3190. 3190. 3190.
 3190. 2676.   26.   26.   26.   26.   26.   26.   26.   26.   26.   26.
   26.   26. 
 26. 26. 26. 26. 26. 26. 26. 26. 26. 26. 26. 26. 26. 26. 26. 26. 26. 26.
 26. 26. 26. 26. 26. 26. 26. 26. 
   26.   26.   26.   26.   26.   26. 2676. 3190. 3190. 3190. 3190. 2676.
   26.   26. 2676. 2676. 3190. 3190. 3190. 3190. 3190. 3190. 3190. 3190.
 3190. 2676. 
 26. 26. 26. 26. 26. 26. 26. 26. 26. 26. 26. 26. 26. 26. 26. 26. 26. 26.
 26. 26. 26. 26. 26. 26. 26. 26. 
   26.   26.   26.   26.   26.   26.   26.   26.   26.   26.   26.   26.
   26.   26.   26.   26.   26. 2676. 3190. 3190. 3190. 3190. 2676.   26.
   26.   26. 
 3190. 2676. 2676. 3190. 3190. 3190. 3190. 3190. 3190. 3190. 2676. 2676.
   26.   26.   26.   26.   26.   26.   26.   26.   26.   26.   26.   26.
   26.   26. 
 26. 26. 26. 26. 26. 26. 26. 26. 26. 26. 26. 26. 26. 26. 26. 26. 26. 26.
 26. 26. 26. 26. 26. 26. 26. 26. 
   26.   26. 2676. 2676. 3190. 3190. 3190. 2676.   26.   26.   26.   26.
 3190. 3190. 2676. 2676. 2676. 2676. 2676. 2676. 2676. 2676. 2676.   26.
   26.   26. 
 26. 26. 26. 26. 26. 26. 26. 26. 26. 26. 26. 26. 26. 26. 26. 26. 26. 26.
 26. 26. 26. 26. 26. 26. 26. 26. 
   26.   26.   26.   26.   26.   26.   26.   26.   26.   26.   26.   26.
   26.   26. 2676. 3190. 3190. 3190. 2676.   26.   26.   26.   26.   26.
 3190. 2676. 
 3190. 2676. 2676.   26.   26.   26.   26.   26.   26.   26.   26.   26.
   26.   26.   26.   26.   26.   26.   26.   26.   26.   26.   26.   26.
   26.   26. 
   26.   26.   26.   26.   26.   26.   26.   26.   26.   26.   26.   26.
   26.   26.   26.   26.   26.   26.   26.   26.   26.   26.   26.   26.
   26. 2676. 
 2676. 3190. 3190. 2676. 2676.   26.   26.   26.   26.   26. 2676. 3190.
 3190. 3190. 2676. 2676.   26.   26.   26.   26.   26.   26.   26.   26.
   26.   26. 
 26. 26. 26. 26. 26. 26. 26. 26. 26. 26. 26. 26. 26. 26. 26. 26. 26. 26.
 26. 26. 26. 26. 26. 26. 26. 26. 
   26.   26.   26.   26.   26.   26.   26.   26.   26.   26.   26. 2676.
 3190. 3190. 3190. 2676.   26.   26.   26.   26.   26.   26. 2676. 2676.
 3190. 3190. 
 2676. 2676. 2676. 2676. 2676. 2676. 2676.   26.   26.   26.   26.   26.
   26.   26.   26.   26.   26.   26.   26.   26.   26.   26.   26.   26.
   26.   26. 
   26.   26.   26.   26.   26.   26.   26.   26.   26.   26.   26.   26.
   26.   26.   26.   26.   26.   26.   26.   26.   26.   26.   26. 2676.
 3190. 3190. 
 3190. 2676. 2676. 2676. 2676. 2676. 2676. 2676. 2676. 2676. 3190. 3190.
 2676. 3190. 3190. 3190. 3190. 3190. 2676. 2676.   26.   26.   26.   26.
   26.   26. 
 26. 26. 26. 26. 26. 26. 26. 26. 26. 26. 26. 26. 26. 26. 26. 26. 26. 26.
 26. 26. 26. 26. 26. 26. 26. 26. 
   26.   26.   26.   26.   26.   26.   26.   26.   26. 2676. 2676. 3190.
 3190. 3190. 3190. 3190. 3190. 3190. 3190. 2676. 2676. 3190. 3190. 3190.
 2676. 3190. 
 3190. 3190. 3190. 3190. 3190. 2676.   26.   26.   26.   26.   26.   26.
   26.   26.   26.   26.   26.   26.   26.   26.   26.   26.   26.   26.
   26.   26. 
   26.   26.   26.   26.   26.   26.   26.   26.   26.   26.   26.   26.
   26.   26.   26.   26.   26.   26.   26.   26.   26.   26. 2676. 3190.
 3190. 3190. 
 3190. 3190. 3190. 3190. 3190. 3190. 3190. 3190. 3190. 2676. 2676. 2676.
 3190. 3190. 3190. 3190. 3190. 2676. 2676.   26.   26.   26.   26.   26.
   26.   26. 
 26. 26. 26. 26. 26. 26. 26. 26. 26. 26. 26. 26. 26. 26. 26. 26. 26. 26.
 26. 26. 26. 26. 26. 26. 26. 26. 
   26.   26.   26.   26.   26.   26.   26.   26.   26. 2676. 2676. 2676.
 2676. 3190. 3190. 3190. 3190. 3190. 3190. 3190. 2676. 2676.   26.   26.
 2676. 2676. 
 2676. 3190. 3190. 2676.   26.   26.   26.   26.   26.   26.   26.   26.
   26.   26.   26.   26.   26.   26.   26.   26.   26.   26.   26.   26.
   26.   26. 
   26.   26.   26.   26.   26.   26.   26.   26.   26.   26.   26.   26.
   26.   26.   26.   26.   26.   26.   26.   26.   26.   26.   26. 2676.
 2676. 2676. 
 2676. 2676. 2676. 3190. 3190. 2676. 2676. 2676. 2676. 2676. 2676. 2676.
 3190. 3190. 3190. 2676.   26.   26.   26.   26.   26.   26.   26.   26.
   26.   26. 
 26. 26. 26. 26. 26. 26. 26. 26. 26. 26. 26. 26. 26. 26. 26. 26. 26. 26.
 26. 26. 26. 26. 26. 26. 26. 26. 
   26.   26.   26.   26.   26.   26.   26.   26.   26.   26.   26.   26.
 2676. 2676. 3190. 3190. 2676. 2676. 2676. 2676. 2676. 2676. 3190. 3190.
 3190. 3190. 
 2676. 2676.   26.   26.   26.   26.   26.   26.   26.   26.   26.   26.
   26.   26.   26.   26.   26.   26.   26.   26.   26.   26.   26.   26.
   26.   26. 
   26.   26.   26.   26.   26.   26.   26.   26.   26.   26.   26.   26.
   26.   26.   26.   26.   26.   26.   26.   26.   26.   26. 2676. 2676.
 2676. 3190. 
 3190. 3190. 2676. 3190. 3190. 3190. 3190. 3190. 3190. 3190. 3190. 2676.
 2676.   26.   26.   26.   26.   26.   26.   26.   26.   26.   26.   26.
   26.   26. 
 26. 26. 26. 26. 26. 26. 26. 26. 26. 26. 26. 26. 26. 26. 26. 26. 26. 26.
 26. 26. 26. 26. 26. 26. 26. 26. 
   26.   26.   26.   26.   26.   26.   26. 2676. 2676. 3190. 3190. 3190.
 3190. 3190. 2676. 2676. 2676. 2676. 2676. 3190. 2676. 2676. 2676. 2676.
   26.   26. 
 26. 26. 26. 26. 26. 26. 26. 26. 26. 26. 26. 26. 26. 26. 26. 26. 26. 26.
 26. 26. 26. 26. 26. 26. 26. 26. 
   26.   26.   26.   26.   26.   26.   26.   26.   26.   26.   26.   26.
   26.   26.   26.   26.   26.   26. 2676. 2676. 3190. 3190. 3190. 3190.
 2676. 2676. 
 3190. 3190. 3190. 3190. 2676. 2676. 2676. 2676.   26.   26.   26.   26.
   26.   26.   26.   26.   26.   26.   26.   26.   26.   26.   26.   26.
   26.   26. 
 26. 26. 26. 26. 26. 26. 26. 26. 26. 26. 26. 26. 26. 26. 26. 26. 26. 26.
 26. 26. 26. 26. 26. 26. 26. 26. 
   26.   26.   26. 2676. 2676. 3190. 3190. 3190. 3190. 2676. 2676.   26.
 3190. 3190. 3190. 3190. 3190. 2676. 2676.   26.   26.   26.   26.   26.
   26.   26. 
 26. 26. 26. 26. 26. 26. 26. 26. 26. 26. 26. 26. 26. 26. 26. 26. 26. 26.
 26. 26. 26. 26. 26. 26. 26. 26. 
   26.   26.   26.   26.   26.   26.   26.   26.   26.   26.   26.   26.
   26.   26.   26. 2676. 3190. 3190. 3190. 2676. 2676.   26.   26.   26.
 2676. 2676. 
 2676. 3190. 3190. 3190. 2676.   26.   26.   26.   26.   26.   26.   26.
   26.   26.   26.   26.   26.   26.   26.   26.   26.   26.   26.   26.
   26.   26. 
 26. 26. 26. 26. 26. 26. 26. 26. 26. 26. 26. 26. 26. 26. 26. 26. 26. 26.
 26. 26. 26. 26. 26. 26. 26. 26. 
   26. 2676. 3190. 3190. 3190. 2676.   26.   26.   26.   26. 2676. 2676.
 2676. 3190. 3190. 3190. 2676. 2676.   26.   26.   26.   26.   26.   26.
   26.   26. 
 26. 26. 26. 26. 26. 26. 26. 26. 26. 26. 26. 26. 26. 26. 26. 26. 26. 26.
 26. 26. 26. 26. 26. 26. 26. 26. 
   26.   26.   26.   26.   26.   26.   26.   26.   26.   26.   26.   26.
   26. 2676. 3190. 3190. 3190. 2676. 2676.   26.   26.   26. 2676. 2676.
 3190. 3190. 
 3190. 3190. 2676. 2676. 2676. 2676.   26.   26.   26.   26.   26.   26.
   26.   26.   26.   26.   26.   26.   26.   26.   26.   26.   26.   26.
   26.   26. 
   26.   26.   26.   26.   26.   26.   26.   26.   26.   26.   26.   26.
   26.   26.   26.   26.   26.   26.   26.   26.   26.   26.   26.   26.
   26. 2676. 
 2676. 3190. 3190. 3190. 2676.   26.   26.   26. 3190. 3190. 3190. 3190.
 3190. 2676. 3190. 3190. 3190. 2676.   26.   26.   26.   26.   26.   26.
   26.   26. 
 26. 26. 26. 26. 26. 26. 26. 26. 26. 26. 26. 26. 26. 26. 26. 26. 26. 26.
 26. 26. 26. 26. 26. 26. 26. 26. 
   26.   26.   26.   26.   26.   26.   26.   26.   26.   26.   26.   26.
 2676. 3190. 3190. 3190. 3190. 2676.   26.   26. 3190. 3190. 3190. 3190.
 2676. 2676. 
 2676. 3190. 3190. 2676. 2676.   26.   26.   26.   26.   26.   26.   26.
   26.   26.   26.   26.   26.   26.   26.   26.   26.   26.   26.   26.
   26.   26. 
   26.   26.   26.   26.   26.   26.   26.   26.   26.   26.   26.   26.
   26.   26.   26.   26.   26.   26.   26.   26.   26.   26.   26.   26.
 2676. 2676. 
 3190. 3190. 3190. 2676.   26.   26. 3190. 3190. 2676. 2676.   26. 2676.
 2676. 3190. 3190. 3190. 2676.   26.   26.   26.   26.   26.   26.   26.
   26.   26. 
 26. 26. 26. 26. 26. 26. 26. 26. 26. 26. 26. 26. 26. 26. 26. 26. 26. 26.
 26. 26. 26. 26. 26. 26. 26. 26. 
   26.   26.   26.   26.   26.   26.   26.   26.   26.   26.   26. 2676.
 2676. 3190. 3190. 3190. 2676.   26. 3190. 2676. 2676. 2676. 2676. 3190.
 3190. 3190. 
 3190. 2676. 2676.   26.   26.   26.   26.   26.   26.   26.   26.   26.
   26.   26.   26.   26.   26.   26.   26.   26.   26.   26.   26.   26.
   26.   26. 
   26.   26.   26.   26.   26.   26.   26.   26.   26.   26.   26.   26.
   26.   26.   26.   26.   26.   26.   26.   26.   26.   26.   26.   26.
 2676. 3190. 
 3190. 3190. 2676.   26. 2676. 2676.   26. 2676. 3190. 3190. 3190. 3190.
 2676. 2676.   26.   26.   26.   26.   26.   26.   26.   26.   26.   26.
   26.   26. 
 26. 26. 26. 26. 26. 26. 26. 26. 26. 26. 26. 26. 26. 26. 26. 26. 26. 26.
 26. 26. 26. 26. 26. 26. 26. 26. 
   26.   26.   26.   26.   26.   26.   26.   26.   26.   26. 2676. 3190.
 3190. 3190. 2676.   26. 2676. 2676. 2676. 3190. 3190. 3190. 2676. 2676.
 2676.   26. 
 26. 26. 26. 26. 26. 26. 26. 26. 26. 26. 26. 26. 26. 26. 26. 26. 26. 26.
 26. 26. 26. 26. 26. 26. 26. 26. 
   26.   26.   26.   26.   26.   26.   26.   26.   26.   26.   26.   26.
   26.   26.   26.   26.   26.   26.   26. 2676. 2676. 2676. 2676. 2676.
 3190. 3190. 
 2676.   26. 3190. 2676. 2676. 3190. 3190. 2676. 2676.   26.   26.   26.
   26.   26.   26.   26.   26.   26.   26.   26.   26.   26.   26.   26.
   26.   26. 
 26. 26. 26. 26. 26. 26. 26. 26. 26. 26. 26. 26. 26. 26. 26. 26. 26. 26.
 26. 26. 26. 26. 26. 26. 26. 26. 
   26.   26. 2676. 2676. 2676. 3190. 3190. 3190. 3190. 3190. 3190. 3190.
 2676.   26. 3190. 3190. 2676. 3190. 2676. 2676.   26.   26.   26.   26.
   26.   26. 
 26. 26. 26. 26. 26. 26. 26. 26. 26. 26. 26. 26. 26. 26. 26. 26. 26. 26.
 26. 26. 26. 26. 26. 26. 26. 26. 
   26.   26.   26.   26.   26.   26.   26.   26.   26.   26.   26.   26.
   26. 2676. 3190. 3190. 3190. 3190. 3190. 3190. 3190. 3190. 3190. 3190.
 2676.   26. 
 3190. 3190. 2676. 2676.   26.   26.   26.   26.   26.   26.   26.   26.
   26.   26.   26.   26.   26.   26.   26.   26.   26.   26.   26.   26.
   26.   26. 
   26.   26.   26.   26.   26.   26.   26.   26.   26.   26.   26.   26.
   26.   26.   26.   26.   26.   26.   26.   26.   26.   26.   26.   26.
 2676. 2676. 
 3190. 3190. 3190. 3190. 3190. 3190. 2676. 2676. 2676. 2676.   26.   26.
 3190. 3190. 3190. 2676.   26.   26.   26.   26.   26.   26.   26.   26.
   26.   26. 
 26. 26. 26. 26. 26. 26. 26. 26. 26. 26. 26. 26. 26. 26. 26. 26. 26. 26.
 26. 26. 26. 26. 26. 26. 26. 26. 
   26.   26.   26.   26.   26.   26.   26.   26.   26.   26. 2676. 3190.
 3190. 3190. 2676. 2676. 2676. 2676. 2676.   26.   26.   26.   26.   26.
 2676. 3190. 
 3190. 2676. 2676.   26.   26.   26.   26.   26.   26.   26.   26.   26.
   26.   26.   26.   26.   26.   26.   26.   26.   26.   26.   26.   26.
   26.   26. 
   26.   26.   26.   26.   26.   26.   26.   26.   26.   26.   26.   26.
   26.   26.   26.   26.   26.   26.   26.   26.   26.   26. 2676. 3190.
 3190. 2676. 
   26.   26.   26.   26.   26.   26.   26.   26.   26.   26. 2676. 3190.
 3190. 3190. 2676. 2676. 2676.   26.   26.   26.   26.   26.   26.   26.
   26.   26. 
 26. 26. 26. 26. 26. 26. 26. 26. 26. 26. 26. 26. 26. 26. 26. 26. 26. 26.
 26. 26. 26. 26. 26. 26. 26. 26. 
   26.   26.   26.   26.   26.   26.   26.   26. 2676. 3190. 3190. 2676.
   26.   26.   26.   26.   26.   26.   26.   26.   26.   26.   26. 2676.
 3190. 3190. 
 2676. 2676. 2676. 2676. 2676. 2676.   26.   26.   26.   26.   26.   26.
   26.   26.   26.   26.   26.   26.   26.   26.   26.   26.   26.   26.
   26.   26. 
   26.   26.   26.   26.   26.   26.   26.   26.   26.   26.   26.   26.
   26.   26.   26.   26.   26.   26.   26.   26. 2676. 3190. 3190. 3190.
 2676.   26. 
   26.   26.   26.   26.   26.   26.   26.   26. 2676. 2676. 3190. 3190.
 3190. 2676. 3190. 3190. 3190. 2676. 2676.   26.   26.   26.   26.   26.
   26.   26. 
 26. 26. 26. 26. 26. 26. 26. 26. 26. 26. 26. 26. 26. 26. 26. 26. 26. 26.
 26. 26. 26. 26. 26. 26. 26. 26. 
   26.   26.   26.   26.   26.   26. 2676. 3190. 3190. 3190. 3190. 2676.
   26.   26.   26.   26.   26.   26.   26.   26. 2676. 2676. 3190. 3190.
 3190. 2676. 
 3190. 3190. 3190. 3190. 2676. 2676.   26.   26.   26.   26.   26.   26.
   26.   26.   26.   26.   26.   26.   26.   26.   26.   26.   26.   26.
   26.   26. 
   26.   26.   26.   26.   26.   26.   26.   26.   26.   26.   26.   26.
   26.   26.   26.   26.   26.   26.   26. 2676. 3190. 3190. 3190. 3190.
 2676.   26. 
   26.   26.   26.   26.   26.   26. 3190. 3190. 3190. 3190. 2676. 2676.
 2676. 3190. 3190. 3190. 3190. 2676. 2676.   26.   26.   26.   26.   26.
   26.   26. 
 26. 26. 26. 26. 26. 26. 26. 26. 26. 26. 26. 26. 26. 26. 26. 26. 26. 26.
 26. 26. 26. 26. 26. 26. 26. 26. 
   26.   26.   26.   26.   26. 2676. 2676. 3190. 3190. 3190. 3190. 2676.
 2676.   26.   26.   26.   26.   26. 3190. 2676. 2676. 2676. 2676.   26.
 2676. 2676. 
 2676. 3190. 3190. 3190. 2676.   26.   26.   26.   26.   26.   26.   26.
   26.   26.   26.   26.   26.   26.   26.   26.   26.   26.   26.   26.
   26.   26. 
   26.   26.   26.   26.   26.   26.   26.   26.   26.   26.   26.   26.
   26.   26.   26.   26.   26.   26. 2676. 2676. 3190. 3190. 3190. 3190.
 2676. 2676. 
   26.   26.   26.   26. 2676. 2676. 2676.   26.   26.   26.   26. 2676.
 2676. 2676. 3190. 3190. 2676. 2676.   26.   26.   26.   26.   26.   26.
   26.   26. 
 26. 26. 26. 26. 26. 26. 26. 26. 26. 26. 26. 26. 26. 26. 26. 26. 26. 26.
 26. 26. 26. 26. 26. 26. 26. 26. 
   26.   26.   26.   26.   26.   26. 2676. 3190. 3190. 3190. 3190. 2676.
   26.   26.   26.   26.   26.   26.   26.   26.   26.   26.   26.   26.
   26. 2676. 
 3190. 3190. 2676. 2676.   26.   26.   26.   26.   26.   26.   26.   26.
   26.   26.   26.   26.   26.   26.   26.   26.   26.   26.   26.   26.
   26.   26. 
   26.   26.   26.   26.   26.   26.   26.   26.   26.   26.   26.   26.
   26.   26.   26.   26.   26.   26.   26. 2676. 2676. 3190. 3190. 2676.
   26.   26. 
   26.   26.   26.   26.   26.   26.   26.   26.   26. 2676. 2676. 3190.
 3190. 3190. 2676.   26.   26.   26.   26.   26.   26.   26.   26.   26.
   26.   26. 
 26. 26. 26. 26. 26. 26. 26. 26. 26. 26. 26. 26. 26. 26. 26. 26. 26. 26.
 26. 26. 26. 26. 26. 26. 26. 26. 
   26.   26.   26.   26.   26. 2676. 2676. 3190. 3190. 2676.   26.   26.
   26.   26. 
/