PERMI
 1234.  845.  845.   39.   39.   39.   39.   39.   39.   39.   39.   39.
   39.   39.   39.   39.   39.   39.   39.   39.   39.   39.   39.   39.
   39.   39. 
  845. 1234. 1234. 1234.  845.  845.  845.  845.  845.  845.  845.  845.
   39.   39.   39.   39.   39.   39.   39.  845.  845.  845.  845.  845.
  845.  845. 
  845. 1234. 1234.  845.  845.  845.  845. 1234. 1234.  845.  845. 1234.
 1234.  845.  845.   39.   39.   39.   39.   39.   39.   39.   39.   39.
   39.   39. 
   39.   39.   39.   39.   39.   39.   39.   39.   39.   39.   39.   39.
  845. 1234. 1234. 1234.  845.  845.   39.   39.   39.   39.   39.   39.
   39.   39. 
   39.   39.   39.   39.  845.  845. 1234. 1234. 1234. 1234. 1234. 1234.
 1234. 1234.  845.  845.  845.  845. 1234. 1234. 1234.  845.  845.  845.
 1234.  845. 
  845.   39.   39.   39.   39.   39.   39.   39.   39.   39.   39.   39.
   39.   39.   39.   39.   39.   39.   39.   39.   39.   39.   39.  845.
  845. 1234. 
 1234. 1234.  845.  845.   39.   39.   39.   39.   39.   39.   39.   39.
   39.   39.   39.   39.  845.  845. 1234. 1234. 1234. 1234. 1234. 1234.
 1234.  845. 
  845.  845. 1234. 1234. 1234. 1234.  845.  845.  845.  845. 1234. 1234.
  845.   39.   39.   39.   39.   39.   39.   39.   39.   39.   39.   39.
   39.   39. 
   39.   39.   39.   39.   39.   39.   39.   39.  845.  845.  845. 1234.
 1234. 1234.  845.  845.   39.   39.   39.   39.   39.   39.   39.   39.
   39.   39. 
   39.  845.  845. 1234. 1234. 1234. 1234. 1234. 1234. 1234. 1234.  845.
  845. 1234. 1234. 1234. 1234.  845.  845.  845.  845.  845. 1234.  845.
  845.   39. 
   39.   39.   39.   39.   39.   39.   39.   39.   39.   39.   39.   39.
   39.   39.   39.   39.   39.  845.  845.  845.  845.  845.  845. 1234.
 1234.  845. 
  845.  845.   39.   39.   39.   39.   39.   39.  845.  845.  845.  845.
   39.  845.  845. 1234. 1234. 1234.  845.  845.  845.  845.  845.  845.
 1234. 1234. 
 1234. 1234.  845.  845.  845.  845.  845.  845. 1234.  845.  845.   39.
   39.   39.   39.   39.   39.   39.   39.   39.   39.   39.   39.   39.
   39.   39. 
   39.   39.  845.  845.  845.  845. 1234. 1234. 1234. 1234. 1234.  845.
  845.   39.   39.   39.   39.   39.  845.  845.  845.  845.  845.  845.
  845.  845. 
  845. 1234. 1234. 1234.  845.  845. 1234.  845.  845.  845. 1234. 1234.
 1234.  845.  845.  845. 1234. 1234. 1234. 1234. 1234.  845.  845.   39.
   39.   39. 
   39.   39.   39.   39.   39.   39.   39.   39.   39.   39.   39.   39.
   39.  845.  845.  845. 1234. 1234. 1234. 1234. 1234. 1234.  845.  845.
  845.   39. 
   39.   39.   39.  845.  845.  845. 1234. 1234. 1234.  845.  845.  845.
  845. 1234. 1234.  845.  845. 1234.  845.  845.  845.  845. 1234. 1234.
 1234.  845. 
  845.  845. 1234. 1234. 1234. 1234.  845.  845.   39.   39.   39.   39.
   39.   39.   39.   39.   39.   39.   39.   39.   39.   39.   39.   39.
   39.  845. 
  845. 1234. 1234. 1234. 1234. 1234. 1234.  845.  845.  845.   39.   39.
   39.   39.   39.  845.  845. 1234. 1234. 1234. 1234. 1234. 1234. 1234.
 1234. 1234. 
 1234.  845.  845. 1234.  845.   39.  845.  845.  845. 1234. 1234. 1234.
  845.  845. 1234. 1234. 1234. 1234.  845.   39.   39.   39.   39.   39.
   39.   39. 
   39.   39.   39.   39.   39.   39.   39.   39.   39.   39.   39.  845.
  845. 1234. 1234.  845.  845.  845.  845.  845.  845.   39.   39.   39.
   39.   39. 
  845.  845. 1234. 1234. 1234. 1234. 1234. 1234. 1234. 1234. 1234. 1234.
  845.  845. 1234. 1234.  845.   39.  845.  845.  845. 1234. 1234. 1234.
 1234.  845. 
  845.  845.  845.  845.   39.   39.   39.   39.   39.   39.   39.   39.
   39.   39.   39.   39.   39.   39.   39.   39.   39.   39.   39.  845.
  845. 1234. 
 1234.  845.  845.  845.   39.   39.   39.   39.   39.   39.   39.   39.
  845.  845. 1234. 1234. 1234.  845.  845.  845.  845.  845.  845.  845.
  845.  845. 
 1234.  845.  845.  845.  845.  845.  845.  845. 1234. 1234. 1234.  845.
  845.  845. 1234. 1234.   39.   39.   39.   39.   39.   39.   39.   39.
   39.   39. 
   39.   39.   39.   39.   39.   39.   39.   39.   39.  845.  845. 1234.
 1234. 1234.  845.   39.   39.   39.   39.   39.   39.   39.   39.   39.
  845.  845. 
 1234. 1234. 1234.  845.  845.  845.  845.  845.  845.  845.  845. 1234.
 1234.  845.  845.  845.  845.  845.  845. 1234. 1234. 1234. 1234.  845.
  845.  845. 
 1234.  845.   39.   39.   39.   39.   39.   39.   39.   39.   39.   39.
   39.   39.   39.   39.   39.   39.   39.   39.   39.  845.  845. 1234.
 1234. 1234. 
  845.  845.   39.   39.   39.  845.  845.  845.  845.  845.  845. 1234.
 1234. 1234.  845.  845.  845.  845. 1234. 1234. 1234. 1234. 1234. 1234.
  845.  845. 
  845.  845.  845. 1234. 1234. 1234. 1234. 1234. 1234.  845.  845. 1234.
  845.  845.   39.   39.   39.   39.   39.   39.   39.   39.   39.   39.
   39.   39. 
   39.   39.   39.   39.   39.   39.   39.   39.  845.  845. 1234. 1234.
  845.  845.   39.  845.  845.  845.  845.  845.  845.  845. 1234. 1234.
 1234. 1234. 
  845.  845.  845. 1234. 1234. 1234.  845.  845.  845.  845.  845.  845.
  845. 1234. 1234. 1234. 1234. 1234. 1234. 1234.  845.  845.  845.  845.
  845.  845. 
   39.   39.   39.   39.   39.   39.   39.   39.   39.   39.   39.   39.
   39.   39.   39.   39.   39.   39.   39.  845.  845.  845. 1234. 1234.
  845.  845. 
  845.  845.  845. 1234. 1234. 1234. 1234. 1234. 1234. 1234. 1234.  845.
  845.  845.  845. 1234. 1234. 1234.  845.  845.   39.   39.  845.  845.
 1234. 1234. 
 1234. 1234. 1234.  845.  845.  845.  845.  845. 1234.  845.  845.   39.
   39.   39.   39.   39.   39.   39.   39.   39.   39.   39.   39.   39.
   39.   39. 
   39.   39.   39.   39.  845.  845.  845. 1234. 1234. 1234.  845.   39.
  845.  845. 1234. 1234. 1234. 1234. 1234. 1234. 1234. 1234. 1234.  845.
  845.  845. 
  845. 1234. 1234. 1234.  845.   39.   39.   39.  845.  845. 1234. 1234.
 1234.  845.  845.  845.  845.  845. 1234. 1234.  845.  845.   39.   39.
   39.   39. 
   39.   39.   39.   39.   39.   39.   39.   39.   39.   39.   39.   39.
   39.   39.   39.  845.  845.  845. 1234. 1234. 1234.  845.  845.  845.
  845. 1234. 
 1234. 1234. 1234. 1234. 1234. 1234.  845.  845.  845.  845.  845. 1234.
 1234. 1234. 1234.  845.  845.   39.   39.   39.  845.  845. 1234. 1234.
  845.  845. 
  845. 1234. 1234.  845.  845.  845.  845.   39.   39.   39.   39.   39.
   39.   39.   39.   39.   39.   39.   39.   39.   39.   39.   39.   39.
   39.   39. 
   39.  845.  845. 1234. 1234. 1234.  845.  845.   39.  845.  845. 1234.
 1234. 1234.  845.  845.  845.  845.  845.  845.  845. 1234. 1234. 1234.
 1234. 1234. 
 1234.  845.   39.   39.   39.   39.  845.  845. 1234. 1234. 1234.  845.
 1234. 1234.  845.  845.   39.   39.   39.   39.   39.   39.   39.   39.
   39.   39. 
   39.   39.   39.   39.   39.   39.   39.   39.   39.   39.   39.   39.
  845.  845. 1234. 1234. 1234.  845.  845.   39.   39.   39.  845. 1234.
 1234. 1234. 
 1234.  845.  845.  845. 1234. 1234. 1234. 1234. 1234. 1234. 1234. 1234.
  845.  845.   39.   39.  845.  845.  845.  845. 1234. 1234. 1234.  845.
 1234. 1234. 
 845.  39.  39.  39.  39.  39.  39.  39.  39.  39.  39.  39.  39.  39.
  39.  39.  39.  39.  39.  39.  39.  39.  39.  39.  39. 845. 
 1234. 1234. 1234.  845.  845.   39.   39.   39.  845.  845. 1234. 1234.
 1234. 1234.  845.  845. 1234. 1234.  845.  845.  845.  845.  845.  845.
   39.   39. 
  845.  845.  845.  845.  845.  845. 1234. 1234. 1234.  845.  845. 1234.
  845.   39.   39.   39.   39.   39.   39.   39.   39.   39.   39.   39.
   39.   39. 
   39.   39.   39.   39.   39.   39.   39.   39.   39.   39.   39.  845.
  845. 1234. 1234.  845.  845.   39.   39.   39.  845.  845. 1234. 1234.
 1234. 1234. 
  845.  845. 1234. 1234.  845.  845.  845.   39.   39.   39.   39.  845.
  845.  845.  845. 1234.  845.  845. 1234. 1234. 1234.  845.  845. 1234.
  845.   39. 
   39.   39.   39.   39.   39.   39.   39.   39.   39.   39.   39.   39.
   39.   39.   39.   39.   39.   39.   39.   39.   39.   39.   39.  845.
  845. 1234. 
 1234. 1234.  845.  845.   39.  845.  845.  845. 1234. 1234. 1234. 1234.
  845.  845. 1234.  845.  845.   39.   39.   39.   39.   39.   39.  845.
  845. 1234. 
 1234.  845.  845.  845. 1234. 1234. 1234.  845.  845.  845.   39.   39.
   39.   39.   39.   39.   39.   39.   39.   39.   39.   39.   39.   39.
   39.   39. 
   39.   39.   39.   39.   39.   39.   39.   39.   39.   39.  845.  845.
 1234. 1234. 1234.  845.  845.  845. 1234. 1234. 1234. 1234. 1234. 1234.
  845.  845. 
 1234.  845.   39.   39.   39.   39.   39.   39.  845.  845. 1234. 1234.
  845.  845.  845. 1234. 1234. 1234. 1234.  845.  845.  845.   39.   39.
   39.   39. 
   39.   39.   39.   39.   39.   39.   39.   39.   39.   39.   39.   39.
   39.   39.   39.   39.   39.   39.   39.   39.   39.  845.  845. 1234.
 1234. 1234. 
 1234.  845.  845. 1234. 1234. 1234. 1234. 1234. 1234.  845.  845. 1234.
  845.  845.   39.  845.   39.   39.   39.  845.  845. 1234. 1234.  845.
  845.  845. 
 1234. 1234. 1234. 1234.  845.  845.  845.   39.   39.   39.   39.   39.
   39.   39.   39.   39.   39.   39.   39.   39.   39.   39.   39.   39.
   39.   39. 
   39.   39.   39.   39.   39.  845.  845.  845. 1234. 1234. 1234. 1234.
  845.  845.  845. 1234. 1234. 1234. 1234.  845.  845.  845.  845.  845.
   39.  845. 
  845.  845.  845.  845.  845.  845.  845. 1234.  845.  845.  845. 1234.
 1234. 1234. 1234. 1234.  845.  845.   39.   39.   39.   39.   39.   39.
   39.   39. 
   39.   39.   39.   39.   39.   39.   39.   39.   39.   39.   39.   39.
   39.   39.   39.   39.   39.  845.  845. 1234. 1234. 1234. 1234.  845.
  845.  845. 
  845. 1234. 1234. 1234.  845.  845.  845.   39.   39.  845.  845.  845.
  845.  845.  845.  845.  845.  845. 1234. 1234.  845.  845. 1234. 1234.
 1234. 1234. 
 845. 845. 845.  39.  39.  39.  39.  39.  39.  39.  39.  39.  39.  39.
  39.  39.  39.  39.  39.  39.  39.  39.  39.  39.  39.  39. 
   39.   39.  845.  845. 1234. 1234. 1234.  845.  845.  845.   39.   39.
  845. 1234. 1234. 1234. 1234.  845.  845.   39.   39.  845.  845. 1234.
 1234. 1234. 
 1234. 1234.  845. 1234. 1234.  845.  845. 1234. 1234. 1234. 1234.  845.
  845.  845.   39.   39.   39.   39.   39.   39.   39.   39.   39.   39.
   39.   39. 
   39.   39.   39.   39.   39.   39.   39.   39.   39.   39.   39.   39.
   39.   39.  845.  845. 1234. 1234. 1234.  845.  845.  845.  845.  845.
  845.  845. 
 1234. 1234. 1234. 1234.  845.   39.   39.  845. 1234. 1234. 1234. 1234.
 1234. 1234. 1234. 1234. 1234.  845.  845. 1234. 1234. 1234. 1234.  845.
  845.   39. 
 39. 39. 39. 39. 39. 39. 39. 39. 39. 39. 39. 39. 39. 39. 39. 39. 39. 39.
 39. 39. 39. 39. 39. 39. 39. 39. 
  845.  845. 1234. 1234.  845.  845. 1234. 1234. 1234. 1234.  845.  845.
  845. 1234. 1234. 1234.  845.  845.   39.  845. 1234. 1234. 1234.  845.
  845. 1234. 
 1234. 1234. 1234.  845.  845.  845. 1234. 1234. 1234.  845.  845.  845.
   39.   39.   39.   39.   39.   39.   39.   39.   39.   39.   39.   39.
   39.   39. 
   39.   39.   39.   39.   39.   39.   39.   39.   39.   39.   39.   39.
   39.  845. 1234.  845.  845. 1234. 1234. 1234.  845.  845.  845. 1234.
 1234. 1234. 
 1234. 1234.  845.  845.   39.  845. 1234. 1234. 1234.  845.  845.  845.
  845.  845.  845.  845.  845.  845. 1234. 1234. 1234. 1234.  845.  845.
   39.   39. 
  39.  39.  39.  39.  39.  39.  39.  39.  39.  39.  39.  39.  39.  39.
  39.  39.  39.  39.  39.  39.  39.  39.  39.  39.  39. 845. 
  845.  845. 1234. 1234. 1234.  845.  845. 1234. 1234. 1234. 1234. 1234.
 1234. 1234.  845.  845.  845.  845. 1234. 1234. 1234.  845.  845.  845.
  845.  845. 
  845. 1234.  845.  845.  845. 1234. 1234. 1234.  845.  845.   39.   39.
   39.   39.   39.   39.   39.   39.   39.   39.   39.   39.   39.   39.
   39.   39. 
   39.   39.   39.   39.   39.   39.  845.  845.  845.  845.  845.  845.
  845.  845. 1234. 1234.  845.  845. 1234. 1234. 1234. 1234. 1234. 1234.
 1234.  845. 
  845.  845.  845.  845.  845. 1234. 1234.  845.  845.   39.   39.  845.
 1234. 1234. 1234.  845.  845. 1234. 1234. 1234. 1234.  845.  845.   39.
   39.   39. 
   39.   39.   39.   39.   39.   39.   39.   39.   39.   39.   39.   39.
   39.   39.   39.   39.   39.  845.  845.  845.  845.  845.  845.  845.
  845. 1234. 
 1234. 1234.  845.  845. 1234. 1234. 1234. 1234.  845.  845.  845.  845.
 1234. 1234. 1234. 1234. 1234. 1234. 1234.  845.  845.   39.   39.  845.
 1234. 1234. 
 1234.  845.  845. 1234. 1234. 1234. 1234.  845.  845.   39.   39.   39.
   39.   39.   39.   39.   39.   39.   39.   39.   39.   39.   39.   39.
   39.   39. 
   39.   39.  845.  845.  845.  845. 1234. 1234. 1234. 1234.  845. 1234.
 1234. 1234.  845.  845. 1234. 1234. 1234. 1234.  845.  845. 1234. 1234.
 1234. 1234. 
 1234. 1234. 1234. 1234. 1234.  845.  845.   39.   39.  845. 1234.  845.
  845.  845.  845. 1234. 1234. 1234. 1234.  845.   39.   39.   39.   39.
   39.   39. 
   39.   39.   39.   39.   39.   39.   39.   39.   39.   39.   39.   39.
   39.  845.  845.  845. 1234. 1234. 1234. 1234. 1234. 1234. 1234. 1234.
 1234. 1234. 
  845.  845. 1234. 1234. 1234. 1234.  845.  845. 1234. 1234. 1234. 1234.
 1234. 1234. 1234. 1234.  845.  845.   39.   39.   39.  845.  845.  845.
 1234. 1234. 
 1234. 1234. 1234. 1234.  845.  845.   39.   39.   39.   39.   39.   39.
   39.   39.   39.   39.   39.   39.   39.   39.   39.   39.   39.   39.
   39.  845. 
  845.  845. 1234. 1234. 1234. 1234. 1234. 1234. 1234. 1234. 1234.  845.
   39.  845.  845. 1234. 1234. 1234.  845.  845. 1234. 1234.  845.  845.
  845.  845. 
  845.  845.  845.  845.   39.   39.  845.  845.  845. 1234. 1234. 1234.
 1234. 1234. 1234.  845.  845.  845.   39.   39.   39.   39.   39.   39.
   39.   39. 
   39.   39.   39.   39.   39.   39.   39.   39.   39.   39.   39.  845.
  845.  845. 1234. 1234.  845.  845.  845.  845.  845.  845.  845.  845.
  845.  845. 
  845. 1234. 1234. 1234.  845.  845. 1234. 1234. 1234.  845.  845.  845.
  845.  845.   39.   39.   39.  845.  845.  845. 1234. 1234. 1234. 1234.
 1234. 1234. 
 845. 845. 845.  39.  39.  39.  39.  39.  39.  39.  39.  39.  39.  39.
  39.  39.  39.  39.  39.  39.  39. 845. 845. 845. 845. 845. 
 1234. 1234.  845.  845.  845.  845.  845.  845.  845.  845.  845.  845.
 1234. 1234. 1234. 1234.  845.  845. 1234. 1234. 1234.  845.  845.   39.
   39.   39. 
   39.  845.  845. 1234.  845.  845. 1234. 1234. 1234. 1234.  845.  845.
  845.  845.   39.   39.   39.   39.   39.   39.   39.   39.   39.   39.
   39.   39. 
   39.   39.   39.   39.   39.  845.  845. 1234.  845. 1234. 1234. 1234.
 1234.  845.  845.  845. 1234. 1234. 1234. 1234. 1234. 1234. 1234. 1234.
 1234. 1234. 
 1234. 1234.  845.  845. 1234. 1234. 1234.  845.  845.   39.   39.  845.
  845. 1234. 1234. 1234.  845. 1234. 1234. 1234. 1234.  845.  845.   39.
   39.   39. 
   39.   39.   39.   39.   39.   39.   39.   39.   39.   39.   39.   39.
   39.   39.   39.   39.  845. 1234. 1234. 1234. 1234. 1234. 1234. 1234.
 1234.  845. 
  845. 1234. 1234. 1234. 1234. 1234. 1234. 1234. 1234. 1234. 1234. 1234.
  845.  845.  845.  845. 1234. 1234. 1234.  845.  845.   39.  845. 1234.
 1234. 1234. 
 1234. 1234.  845. 1234. 1234. 1234.  845.  845.   39.   39.   39.   39.
   39.   39.   39.   39.   39.   39.   39.   39.   39.   39.   39.   39.
   39.   39. 
   39.  845.  845. 1234. 1234. 1234. 1234. 1234.  845.  845.  845.  845.
 1234. 1234. 1234. 1234. 1234. 1234. 1234. 1234.  845.  845.  845.  845.
  845.  845. 
  845.  845. 1234. 1234. 1234.  845.  845.   39.  845. 1234. 1234. 1234.
 1234.  845.  845.  845. 1234. 1234.  845.  845.   39.   39.   39.   39.
   39.   39. 
   39.   39.   39.   39.   39.   39.   39.   39.   39.   39.   39.   39.
   39.  845. 1234. 1234. 1234.  845.  845.  845. 1234. 1234.  845.  845.
 1234. 1234. 
 1234.  845.  845.  845.  845.  845.  845.  845.  845.  845.   39.  845.
  845. 1234. 1234. 1234. 1234.  845.  845.  845. 1234. 1234. 1234. 1234.
  845.  845. 
  845.  845. 1234. 1234.  845.  845.   39.   39.   39.   39.   39.   39.
   39.   39.   39.   39.   39.   39.   39.   39.   39.   39.   39.   39.
   39.  845. 
 1234. 1234. 1234.  845. 1234. 1234. 1234. 1234.  845.  845. 1234. 1234.
 1234.  845.  845.   39.   39.   39.   39.   39.   39.  845.  845.  845.
  845. 1234. 
 1234. 1234. 1234.  845.  845.  845. 1234. 1234. 1234.  845.   39.   39.
  845.  845. 1234. 1234.  845.  845.   39.   39.   39.   39.   39.   39.
   39.   39. 
   39.   39.   39.   39.   39.   39.   39.   39.   39.   39.  845.  845.
 1234. 1234. 1234.  845. 1234.  845.  845.  845.  845. 1234. 1234. 1234.
 1234.  845. 
   39.   39.   39.   39.   39.   39.  845.  845.  845. 1234. 1234. 1234.
 1234. 1234.  845.  845.   39.  845. 1234. 1234. 1234.  845.  845.  845.
  845.  845. 
 1234. 1234.  845.  845.   39.   39.   39.   39.   39.   39.   39.   39.
   39.   39.   39.   39.   39.   39.   39.   39.   39.   39. 1234. 1234.
 1234. 1234. 
 1234.  845.  845.  845.  845. 1234. 1234. 1234. 1234. 1234.  845.  845.
   39.   39.   39.   39.   39.   39.  845.  845. 1234. 1234. 1234. 1234.
 1234.  845. 
  845.  845.  845.  845. 1234. 1234.  845.  845.  845.  845. 1234. 1234.
 1234. 1234.  845.  845.   39.   39.   39.   39.   39.   39.   39.   39.
   39.   39. 
   39.   39.   39.   39.   39.   39.   39.   39. 1234. 1234. 1234. 1234.
  845.  845.  845. 1234. 1234. 1234. 1234. 1234. 1234.  845.  845.  845.
   39.   39. 
   39.   39.   39.   39.  845.  845. 1234. 1234. 1234.  845.  845.  845.
  845.   39.  845. 1234. 1234.  845.  845.  845. 1234. 1234. 1234. 1234.
 1234. 1234. 
  845.   39.   39.   39.   39.   39.   39.   39.   39.   39.   39.   39.
   39.   39.   39.   39.   39.   39.   39.   39. 1234. 1234.  845.  845.
  845. 1234. 
 1234. 1234. 1234. 1234. 1234. 1234. 1234.  845.  845.   39.   39.   39.
   39.   39.   39.   39.  845.  845. 1234. 1234.  845.  845.  845.  845.
  845.  845. 
 1234. 1234. 1234.  845.  845. 1234. 1234. 1234. 1234. 1234.  845.  845.
  845.   39.   39.   39.   39.   39.   39.   39.   39.   39.   39.   39.
   39.   39. 
   39.   39.   39.   39.   39.   39.  845.  845.  845. 1234. 1234. 1234.
 1234. 1234. 1234. 1234.  845.  845.  845.  845.   39.   39.   39.   39.
   39.   39. 
   39.  845.  845. 1234. 1234. 1234. 1234.  845.  845.  845. 1234. 1234.
 1234. 1234.  845.  845. 1234. 1234. 1234.  845.  845.  845.  845.  845.
   39.   39. 
   39.   39.   39.   39.   39.   39.   39.   39.   39.   39.   39.   39.
   39.   39.   39.   39.   39.   39.   39.  845.  845. 1234. 1234. 1234.
 1234.  845. 
  845.  845.  845.  845.   39.   39.   39.   39.   39.   39.   39.   39.
   39.  845.  845. 1234. 1234. 1234. 1234.  845. 1234. 1234. 1234. 1234.
 1234.  845. 
  845.  845. 1234. 1234.  845.  845.  845.   39.   39.   39.   39.   39.
   39.   39.   39.   39.   39.   39.   39.   39.   39.   39.   39.   39.
   39.   39. 
   39.   39.   39.   39.   39.  845. 1234. 1234. 1234. 1234.  845.  845.
  845.  845.   39.   39.   39.   39.   39.   39.   39.   39.   39.   39.
   39.   39. 
  845.  845. 1234. 1234.  845. 1234. 1234. 1234. 1234.  845.  845.  845.
  845.  845. 1234. 1234. 1234.  845.   39.   39.   39.   39.   39.   39.
   39.   39. 
   39.   39.   39.   39.   39.   39.   39.   39.   39.   39.   39.   39.
   39.   39.   39.   39.  845.  845. 1234. 1234. 1234.  845.  845.  845.
   39.   39. 
   39.   39.   39.   39.   39.   39.   39.   39.   39.   39.   39.   39.
  845.  845. 1234. 1234.  845. 1234. 1234. 1234.  845.  845.   39.   39.
   39.  845. 
 1234. 1234. 1234.  845.  845.   39.   39.   39.   39.   39.   39.   39.
   39.   39.   39.   39.   39.   39.   39.   39.   39.   39.   39.   39.
   39.   39. 
   39.   39. 1234.  845. 1234. 1234. 1234.  845.  845.  845.   39.   39.
   39.   39.   39.   39.   39.   39.   39.   39.   39.   39.   39.   39.
  845.  845. 
  845.  845. 1234. 1234. 1234.  845.  845.   39.   39.   39.   39.  845.
 1234. 1234. 1234.  845.  845.   39.   39.   39.   39.   39.   39.   39.
   39.   39. 
   39.   39.   39.   39.   39.   39.   39.   39.   39.   39.   39.   39.
   39.   39. 1234. 1234. 1234. 1234. 1234.  845.  845.  845.   39.   39.
   39.   39. 
   39.   39.   39.   39.   39.   39.   39.   39.   39.   39.  845.  845.
  845.  845.  845. 1234. 1234.  845.  845.   39.   39.   39.   39.  845.
  845. 1234. 
 1234. 1234.  845.   39.   39.   39.   39.   39.   39.   39.   39.   39.
   39.   39.   39.   39.   39.   39.   39.   39.   39.   39.   39.   39.
   39.   39. 
 1234. 1234. 1234. 1234.  845.  845.  845.   39.   39.   39.   39.   39.
   39.   39.   39.   39.   39.   39.   39.   39.  845.  845.  845.  845.
  845. 1234. 
  845. 1234. 1234.  845.  845.   39.   39.   39.   39.  845.  845. 1234.
 1234. 1234.  845.   39.   39.   39.   39.   39.   39.   39.   39.   39.
   39.   39. 
   39.   39.   39.   39.   39.   39.   39.   39.   39.   39.   39.   39.
 1234. 1234. 1234.  845.  845.  845.  845.   39.   39.   39.   39.   39.
   39.   39. 
   39.   39.   39.   39.   39.  845.  845.  845. 1234. 1234. 1234. 1234.
  845. 1234. 1234.  845.  845.   39.   39.   39.  845.  845.  845. 1234.
 1234. 1234. 
 845. 845.  39.  39.  39.  39.  39.  39.  39.  39.  39.  39.  39.  39.
  39.  39.  39.  39.  39.  39.  39.  39.  39.  39. 845. 845. 
  845.  845.  845.   39.   39.   39.   39.   39.   39.   39.   39.   39.
   39.   39.   39.   39.  845.  845.  845. 1234. 1234. 1234. 1234. 1234.
  845. 1234. 
 1234. 1234.  845.   39.   39.  845.  845. 1234. 1234. 1234. 1234. 1234.
  845.   39.   39.   39.   39.   39.   39.   39.   39.   39.   39.   39.
   39.   39. 
   39.   39.   39.   39.   39.   39.   39.   39.   39.   39. 1234.  845.
  845.   39.   39.   39.   39.   39.   39.   39.   39.   39.   39.   39.
   39.   39. 
   39.   39.  845.  845. 1234. 1234. 1234. 1234. 1234. 1234.  845. 1234.
 1234. 1234.  845.   39.  845.  845. 1234. 1234. 1234. 1234. 1234.  845.
  845.   39. 
   39.   39.   39.   39.   39.   39.   39.   39.   39.   39.   39.   39.
   39.   39.   39.   39.   39.   39.   39.   39.   39.   39. 1234.  845.
  845.   39. 
   39.   39.   39.   39.   39.   39.   39.   39.   39.   39.   39.   39.
   39.   39.  845.  845. 1234. 1234. 1234.  845.  845.  845.  845. 1234.
 1234. 1234. 
  845.  845.  845. 1234. 1234. 1234. 1234.  845.  845.  845.   39.   39.
   39.   39.   39.   39.   39.   39.   39.   39.   39.   39.   39.   39.
   39.   39. 
   39.   39.   39.   39.   39.  845.  845.  845. 1234.  845.  845.   39.
   39.   39.   39.   39.   39.   39.   39.   39.   39.   39.   39.   39.
   39.   39. 
  845.  845. 1234. 1234. 1234. 1234.  845.  845.  845. 1234. 1234.  845.
  845.  845. 1234. 1234. 1234. 1234.  845.  845.  845.   39.   39.   39.
   39.   39. 
   39.   39.   39.   39.   39.   39.   39.   39.   39.   39.   39.   39.
   39.   39.   39.   39.  845.  845.  845. 1234. 1234.  845.  845.   39.
   39.   39. 
   39.   39.   39.   39.   39.   39.   39.   39.   39.   39.   39.   39.
   39.  845.  845. 1234. 1234.  845.  845. 1234. 1234. 1234. 1234.  845.
   39.  845. 
 1234. 1234. 1234.  845.  845.   39.   39.   39.   39.   39.   39.   39.
   39.   39.   39.   39.   39.   39.   39.   39.   39.   39.   39.   39.
   39.   39. 
   39.   39.  845.  845. 1234. 1234. 1234.  845.  845.   39.   39.   39.
   39.   39.   39.   39.   39.   39.   39.   39.   39.   39.   39.   39.
   39.  845. 
  845. 1234.  845.  845. 1234. 1234. 1234. 1234.  845.   39.   39.  845.
 1234. 1234. 1234.  845.   39.   39.   39.   39.   39.   39.   39.   39.
   39.   39. 
   39.   39.   39.   39.   39.   39.   39.   39.   39.   39.   39.   39.
   39.  845.  845. 1234. 1234. 1234. 1234.  845.   39.   39.   39.   39.
   39.   39. 
   39.   39.   39.   39.   39.   39.   39.   39.  845.  845.  845.  845.
  845. 1234.  845. 1234. 1234. 1234. 1234.  845.  845.   39.   39.  845.
 1234. 1234. 
 1234.  845.   39.   39.   39.   39.   39.   39.   39.   39.   39.   39.
   39.   39.   39.   39.   39.   39.   39.   39.   39.   39.   39.   39.
   39.  845. 
  845. 1234. 1234. 1234. 1234.  845.   39.   39.   39.   39.   39.   39.
   39.   39.   39.   39.   39.   39.   39.  845.  845.  845. 1234. 1234.
 1234.  845. 
  845. 1234. 1234.  845.  845.   39.   39.   39.   39.  845. 1234. 1234.
 1234.  845.  845.   39.   39.   39.   39.   39.   39.   39.   39.   39.
   39.   39. 
   39.   39.   39.   39.   39.   39.   39.   39.   39.   39.  845.  845.
 1234. 1234. 1234.  845.  845.  845.   39.   39.   39.   39.   39.   39.
   39.   39. 
   39.   39.   39.   39.   39.  845.  845. 1234. 1234. 1234. 1234.  845.
 1234. 1234. 1234.  845.   39.   39.   39.   39.  845.  845. 1234. 1234.
 1234.  845. 
  845.   39.   39.   39.   39.   39.   39.   39.   39.   39.   39.   39.
   39.   39.   39.   39.   39.   39.   39.   39.   39.   39.  845.  845.
 1234. 1234. 
 1234.  845.  845.  845.   39.   39.   39.   39.   39.   39.   39.   39.
   39.   39.   39.   39.  845.  845. 1234. 1234. 1234. 1234. 1234.  845.
 1234. 1234. 
 1234.  845.   39.  845.  845.  845.  845.  845. 1234. 1234. 1234.  845.
  845.   39.   39.   39.   39.   39.   39.   39.   39.   39.   39.   39.
   39.   39. 
   39.   39.   39.   39.   39.   39.   39.   39.  845.  845. 1234. 1234.
 1234.  845. 
/