PERMI
 6. 6. 6. 6. 6. 6. 6. 6. 6. 6. 6. 6. 6. 6. 6. 6. 6. 6. 6. 6. 6. 6. 6. 6.
 6. 6. 
 6. 6. 6. 6. 6. 6. 6. 6. 6. 6. 6. 6. 6. 6. 6. 6. 6. 6. 6. 6. 6. 6. 6. 6.
 6. 6. 
 6. 6. 6. 6. 6. 6. 6. 6. 6. 6. 6. 6. 6. 6. 6. 6. 6. 6. 6. 6. 6. 6. 6. 6.
 6. 6. 
 6. 6. 6. 6. 6. 6. 6. 6. 6. 6. 6. 6. 6. 6. 6. 6. 6. 6. 6. 6. 6. 6. 6. 6.
 6. 6. 
 6. 6. 6. 6. 6. 6. 6. 6. 6. 6. 6. 6. 6. 6. 6. 6. 6. 6. 6. 6. 6. 6. 6. 6.
 6. 6. 
 6. 6. 6. 6. 6. 6. 6. 6. 6. 6. 6. 6. 6. 6. 6. 6. 6. 6. 6. 6. 6. 6. 6. 6.
 6. 6. 
    6.    6.    6.    6.    6.    6.    6.    6.    6.    6.    6.    6.
    6.    6.    6.    6.    6.    6.    6.    6. 1028.    6.    6.    6.
    6.    6. 
 6. 6. 6. 6. 6. 6. 6. 6. 6. 6. 6. 6. 6. 6. 6. 6. 6. 6. 6. 6. 6. 6. 6. 6.
 6. 6. 
 6. 6. 6. 6. 6. 6. 6. 6. 6. 6. 6. 6. 6. 6. 6. 6. 6. 6. 6. 6. 6. 6. 6. 6.
 6. 6. 
    6.    6.    6.    6. 1028. 1028. 1028. 1028. 1028. 1028.    6.    6.
    6.    6.    6.    6.    6.    6.    6.    6.    6.    6.    6.    6.
    6.    6. 
 6. 6. 6. 6. 6. 6. 6. 6. 6. 6. 6. 6. 6. 6. 6. 6. 6. 6. 6. 6. 6. 6. 6. 6.
 6. 6. 
    6.    6.    6.    6.    6.    6.    6.    6.    6.    6.    6.    6.
    6.    6.    6.    6. 1028. 1028. 1488. 1488. 1488. 1028. 1028.    6.
    6.    6. 
    6.    6.    6.    6.    6.    6.    6. 1028.    6.    6.    6.    6.
    6.    6.    6.    6.    6.    6.    6.    6.    6.    6.    6.    6.
    6.    6. 
    6.    6.    6.    6.    6.    6.    6.    6.    6.    6.    6.    6.
    6.    6. 1028. 1028. 1028. 1028. 1028. 1028.    6.    6.    6.    6.
    6.    6. 
    6. 1028. 1028. 1488. 1488. 1488. 1488. 1488. 1028. 1028. 1028.    6.
    6.    6.    6.    6.    6.    6. 1028. 1028.    6.    6.    6.    6.
    6.    6. 
    6.    6.    6.    6.    6.    6.    6.    6.    6.    6.    6.    6.
    6.    6.    6.    6.    6.    6.    6.    6.    6.    6.    6.    6.
 1028. 1028. 
 1028. 1488. 1488. 1488. 1488. 1028. 1028.    6.    6.    6.    6.    6.
    6. 1028. 1488. 1488. 1488. 1488. 1488. 1488. 1488. 1488. 1028. 1028.
 1028.    6. 
    6.    6. 1028. 1028. 1028. 1488.    6.    6.    6.    6.    6.    6.
    6.    6.    6.    6.    6.    6.    6.    6.    6.    6.    6.    6.
 1028. 1028. 
 1028. 1028. 1028. 1028.    6.    6.    6.    6.    6. 1028. 1028. 1488.
 1488. 1488. 1488. 1488. 1488. 1488. 1488. 1028.    6.    6.    6.    6.
 1028. 1488. 
 1488. 1488. 1028. 1028. 1028. 1488. 1488. 1488. 1488. 1488. 1028. 1028.
 1028. 1028. 1028. 1488. 1488. 1488.    6.    6. 1028. 1028. 1028. 1028.
 1028. 1028. 
    6.    6.    6.    6.    6.    6.    6.    6. 1028. 1028. 1028. 1488.
 1488. 1488. 1488. 1028. 1028.    6.    6.    6. 1028. 1028. 1488. 1488.
 1488. 1488. 
 1028. 1028. 1488. 1488. 1488. 1028. 1028. 1028.    6. 1028. 1028. 1488.
 1488. 1028. 1028.    6. 1028. 1028. 1488. 1488. 1488. 1488. 1488. 1488.
 1028. 1028. 
 1488. 1488. 1488. 1488. 1028. 1028. 1028. 1028. 1488. 1488. 1028. 1028.
 1028.    6.    6.    6.    6.    6.    6. 1028. 1028. 1488. 1488. 1488.
 1488. 1488. 
 1488. 1488. 1028. 1028.    6.    6. 1028. 1488. 1488. 1488. 1488. 1028.
 1028. 1028. 1028. 1488. 1488. 1488. 1488. 1028. 1028. 1028. 1488. 1488.
 1488. 1028. 
    6.    6.    6. 1028. 1028. 1028. 1488. 1488. 1488. 1488. 1488. 1488.
 1488. 1488. 1488. 1028. 1028. 1028. 1488. 1488. 1488. 1488. 1488. 1488.
 1028. 1028. 
    6.    6.    6.    6. 1028. 1028. 1488. 1488. 1488. 1488. 1488. 1488.
 1488. 1488. 1488. 1028. 1028. 1028. 1028. 1488. 1488. 1488. 1028. 1028.
    6.    6. 
 1028. 1028. 1488. 1488. 1488. 1488. 1488. 1488. 1488. 1488. 1028.    6.
    6.    6.    6.    6.    6. 1028. 1028. 1028. 1488. 1488. 1488. 1488.
 1488. 1488. 
 1028. 1028. 1028. 1488. 1488. 1488. 1488. 1488. 1488. 1488. 1028. 1028.
    6.    6.    6. 1028. 1028. 1488. 1488. 1488. 1028. 1028. 1028. 1028.
 1028. 1488. 
 1488. 1488. 1488. 1488. 1488. 1488. 1488. 1028. 1028.    6.    6.    6.
    6. 1028. 1028. 1028. 1488. 1488. 1488. 1488. 1488. 1028. 1028.    6.
    6.    6. 
    6.    6.    6.    6.    6. 1028. 1028. 1028. 1488. 1488. 1028. 1028.
 1028.    6. 1488. 1488. 1488. 1028. 1028. 1028. 1488. 1488. 1488. 1028.
 1028. 1028. 
 1028. 1028. 1488. 1488. 1488. 1028. 1028.    6.    6. 1028. 1028. 1028.
 1488. 1488. 1488. 1488. 1488. 1488. 1028. 1028.    6.    6.    6.    6.
    6.    6. 
    6. 1028. 1028. 1028. 1028. 1028. 1028. 1028.    6.    6.    6.    6.
    6.    6.    6.    6.    6.    6. 1028. 1028. 1028. 1028. 1028. 1028.
    6.    6. 
 1488. 1488. 1028. 1028. 1028. 1028. 1028. 1488. 1488. 1488. 1488. 1028.
 1028. 1488. 1488. 1488. 1028. 1028.    6.    6.    6.    6. 1028. 1028.
 1028. 1028. 
 1488. 1488. 1488. 1028. 1028. 1028.    6.    6.    6.    6.    6.    6.
    6.    6.    6.    6. 1028. 1028.    6.    6.    6.    6.    6.    6.
    6.    6. 
    6.    6.    6.    6.    6. 1028. 1028. 1028. 1028. 1028.    6.    6.
 1488. 1488. 1028.    6.    6. 1028. 1028. 1028. 1488. 1488. 1488. 1488.
 1488. 1488. 
 1488. 1028. 1028.    6.    6.    6.    6.    6.    6.    6. 1028. 1028.
 1028. 1028. 1028. 1028.    6.    6.    6.    6.    6.    6.    6.    6.
    6.    6. 
    6.    6.    6.    6.    6.    6.    6.    6.    6.    6.    6.    6.
    6.    6.    6.    6. 1028. 1488. 1488. 1488. 1488. 1488. 1028. 1028.
 1488. 1028. 
 1028.    6.    6.    6. 1028. 1028. 1028. 1028. 1488. 1488. 1488. 1028.
 1028. 1028.    6.    6.    6.    6.    6.    6.    6.    6.    6.    6.
    6.    6. 
 6. 6. 6. 6. 6. 6. 6. 6. 6. 6. 6. 6. 6. 6. 6. 6. 6. 6. 6. 6. 6. 6. 6. 6.
 6. 6. 
    6.    6. 1028. 1488. 1488. 1488. 1488. 1488. 1488. 1488. 1028. 1028.
    6.    6.    6.    6.    6.    6. 1028. 1028. 1028. 1028. 1028. 1028.
 1028.    6. 
 6. 6. 6. 6. 6. 6. 6. 6. 6. 6. 6. 6. 6. 6. 6. 6. 6. 6. 6. 6. 6. 6. 6. 6.
 6. 6. 
    6.    6.    6.    6.    6.    6.    6.    6.    6.    6.    6.    6.
    6. 1028. 1028. 1488. 1488. 1488. 1488. 1488. 1488. 1488.    6.    6.
    6.    6. 
 6. 6. 6. 6. 6. 6. 6. 6. 6. 6. 6. 6. 6. 6. 6. 6. 6. 6. 6. 6. 6. 6. 6. 6.
 6. 6. 
    6.    6.    6.    6.    6.    6.    6.    6.    6.    6.    6.    6.
    6.    6.    6.    6.    6.    6.    6.    6.    6.    6.    6.    6.
    6. 1028. 
 1028. 1488. 1488. 1028. 1028. 1028. 1488. 1488.    6.    6.    6.    6.
    6.    6.    6.    6.    6.    6.    6.    6.    6.    6.    6.    6.
    6.    6. 
 6. 6. 6. 6. 6. 6. 6. 6. 6. 6. 6. 6. 6. 6. 6. 6. 6. 6. 6. 6. 6. 6. 6. 6.
 6. 6. 
    6.    6.    6.    6.    6.    6.    6.    6.    6.    6.    6. 1028.
 1488. 1488. 1488. 1028.    6. 1028. 1028. 1028.    6.    6.    6.    6.
    6.    6. 
 6. 6. 6. 6. 6. 6. 6. 6. 6. 6. 6. 6. 6. 6. 6. 6. 6. 6. 6. 6. 6. 6. 6. 6.
 6. 6. 
    6.    6.    6.    6.    6.    6.    6.    6.    6. 1028. 1028. 1028.
    6.    6.    6.    6.    6.    6.    6.    6.    6.    6. 1028. 1488.
 1488. 1488. 
 1488. 1028.    6.    6.    6.    6.    6.    6.    6.    6.    6.    6.
    6.    6.    6.    6.    6.    6.    6.    6.    6.    6.    6.    6.
    6.    6. 
    6.    6.    6.    6.    6.    6.    6.    6.    6.    6.    6.    6.
    6.    6.    6.    6.    6.    6.    6. 1028. 1028. 1028. 1488. 1488.
 1028. 1488. 
 1028. 1028. 1028. 1028.    6.    6.    6.    6. 1028. 1488. 1488. 1488.
 1028.    6.    6.    6.    6.    6.    6.    6.    6.    6.    6.    6.
    6.    6. 
 6. 6. 6. 6. 6. 6. 6. 6. 6. 6. 6. 6. 6. 6. 6. 6. 6. 6. 6. 6. 6. 6. 6. 6.
 6. 6. 
    6.    6.    6.    6. 1028. 1028. 1488. 1488. 1488. 1488. 1488. 1488.
 1488. 1488. 1488. 1488. 1028. 1028.    6. 1028. 1488. 1488. 1488. 1028.
    6.    6. 
 6. 6. 6. 6. 6. 6. 6. 6. 6. 6. 6. 6. 6. 6. 6. 6. 6. 6. 6. 6. 6. 6. 6. 6.
 6. 6. 
    6.    6.    6.    6.    6.    6.    6.    6.    6.    6.    6.    6.
    6.    6.    6.    6. 1028. 1488. 1488. 1488. 1488. 1488. 1488. 1488.
 1488. 1488. 
 1488. 1488. 1488. 1488. 1028. 1028. 1488. 1488. 1028.    6.    6.    6.
    6.    6.    6.    6.    6.    6.    6.    6.    6.    6.    6.    6.
    6.    6. 
    6.    6.    6.    6.    6.    6.    6.    6.    6.    6.    6.    6.
    6.    6.    6. 1028. 1028.    6.    6.    6.    6.    6.    6.    6.
    6.    6. 
    6. 1028. 1488. 1488. 1488. 1028. 1028. 1028. 1028. 1028. 1028. 1028.
 1488. 1488. 1488. 1488. 1488. 1488. 1488. 1488. 1028.    6.    6.    6.
    6.    6. 
    6.    6.    6.    6.    6.    6.    6.    6.    6.    6.    6.    6.
    6.    6.    6.    6.    6.    6.    6.    6.    6.    6.    6.    6.
    6. 1028. 
 1028. 1488. 1488. 1028. 1028.    6.    6.    6.    6.    6.    6.    6.
 1028. 1488. 1488. 1488. 1028.    6.    6.    6.    6.    6.    6.    6.
 1028. 1028. 
 1488. 1488. 1488. 1488. 1488. 1028.    6.    6.    6.    6.    6.    6.
    6.    6.    6.    6.    6.    6.    6.    6.    6.    6.    6.    6.
    6.    6. 
    6.    6.    6.    6.    6.    6.    6.    6.    6.    6. 1028. 1488.
 1488. 1488. 1488. 1488. 1488. 1028.    6.    6.    6.    6.    6.    6.
 1028. 1488. 
 1488. 1488. 1028.    6.    6.    6.    6.    6.    6.    6.    6.    6.
 1028. 1028. 1028. 1028. 1028.    6.    6.    6.    6.    6.    6.    6.
    6.    6. 
    6.    6.    6.    6.    6.    6.    6.    6.    6.    6.    6.    6.
    6.    6.    6.    6.    6.    6.    6.    6.    6.    6. 1028. 1488.
 1488. 1488. 
 1488. 1488. 1488. 1488. 1028.    6.    6.    6.    6.    6. 1028. 1488.
 1488. 1028.    6.    6.    6.    6.    6.    6.    6.    6.    6.    6.
    6.    6. 
 6. 6. 6. 6. 6. 6. 6. 6. 6. 6. 6. 6. 6. 6. 6. 6. 6. 6. 6. 6. 6. 6. 6. 6.
 6. 6. 
    6.    6.    6.    6.    6.    6.    6. 1028. 1488. 1488. 1488. 1028.
 1028. 1028. 1488. 1488. 1488. 1028.    6.    6.    6. 1028. 1028. 1488.
 1488. 1028. 
 6. 6. 6. 6. 6. 6. 6. 6. 6. 6. 6. 6. 6. 6. 6. 6. 6. 6. 6. 6. 6. 6. 6. 6.
 6. 6. 
    6.    6.    6.    6.    6.    6.    6.    6.    6.    6.    6.    6.
    6.    6.    6.    6.    6.    6.    6. 1028. 1488. 1488. 1488. 1028.
    6. 1028. 
 1028. 1488. 1488. 1488. 1028.    6.    6. 1028. 1488. 1488. 1028.    6.
    6.    6.    6.    6.    6.    6.    6.    6.    6.    6.    6.    6.
    6.    6. 
    6.    6.    6.    6.    6.    6.    6.    6.    6.    6.    6.    6.
    6.    6.    6.    6.    6. 1028. 1028. 1028. 1028. 1028.    6.    6.
    6.    6. 
    6.    6.    6.    6. 1028. 1488. 1488. 1488. 1028.    6.    6.    6.
 1028. 1028. 1488. 1488. 1488. 1028. 1028. 1028. 1488. 1488. 1028.    6.
    6.    6. 
 6. 6. 6. 6. 6. 6. 6. 6. 6. 6. 6. 6. 6. 6. 6. 6. 6. 6. 6. 6. 6. 6. 6. 6.
 6. 6. 
    6.    6. 1028. 1028. 1488. 1488. 1488. 1488. 1028.    6.    6.    6.
    6.    6.    6. 1028. 1488. 1488. 1488. 1028. 1028.    6.    6.    6.
    6. 1028. 
 1028. 1488. 1488. 1488. 1488. 1488. 1488. 1488. 1028.    6.    6.    6.
    6.    6.    6.    6.    6.    6.    6.    6.    6.    6.    6.    6.
    6.    6. 
    6.    6.    6.    6.    6.    6.    6.    6.    6.    6.    6.    6.
    6. 1028. 1488. 1488. 1488. 1488. 1488. 1488. 1488. 1028. 1028.    6.
    6.    6. 
    6. 1028. 1488. 1488. 1488. 1028.    6.    6.    6.    6.    6.    6.
 1028. 1028. 1488. 1488. 1488. 1488. 1488. 1028.    6.    6.    6.    6.
    6.    6. 
    6.    6.    6.    6.    6.    6.    6.    6.    6.    6.    6.    6.
    6.    6.    6.    6.    6.    6.    6.    6.    6.    6.    6.    6.
 1028. 1028. 
 1488. 1488. 1488. 1028. 1028. 1488. 1488. 1488. 1488. 1028. 1028. 1028.
 1028. 1488. 1488. 1488. 1028.    6.    6.    6.    6.    6.    6.    6.
    6. 1028. 
 1028. 1488. 1488. 1488. 1028. 1028.    6.    6.    6.    6.    6.    6.
    6.    6.    6.    6.    6.    6.    6.    6.    6.    6.    6.    6.
    6.    6. 
    6.    6.    6.    6.    6.    6.    6.    6.    6.    6. 1028. 1488.
 1488. 1488. 1028.    6. 1028. 1028. 1488. 1488. 1488. 1488. 1488. 1488.
 1028. 1488. 
 1488. 1028.    6.    6.    6.    6.    6.    6.    6.    6.    6.    6.
    6. 1028. 1028. 1028.    6.    6.    6.    6.    6.    6.    6.    6.
    6.    6. 
    6.    6.    6.    6.    6.    6.    6.    6.    6.    6.    6.    6.
    6.    6.    6.    6.    6.    6. 1028.    6.    6.    6. 1028. 1488.
 1488. 1488. 
 1028.    6.    6.    6. 1028. 1028. 1028. 1488. 1488. 1488. 1488. 1488.
 1488. 1028.    6.    6.    6.    6.    6.    6.    6.    6.    6.    6.
    6.    6. 
 6. 6. 6. 6. 6. 6. 6. 6. 6. 6. 6. 6. 6. 6. 6. 6. 6. 6. 6. 6. 6. 6. 6. 6.
 6. 6. 
    6.    6.    6.    6. 1488. 1028. 1028. 1028. 1488. 1488. 1488. 1028.
    6.    6.    6.    6.    6.    6.    6. 1028. 1028. 1488. 1488. 1028.
 1028.    6. 
 6. 6. 6. 6. 6. 6. 6. 6. 6. 6. 6. 6. 6. 6. 6. 6. 6. 6. 6. 6. 6. 6. 6. 6.
 6. 6. 
    6.    6.    6.    6.    6.    6.    6.    6.    6.    6.    6.    6.
    6.    6.    6.    6. 1488. 1488. 1488. 1488. 1488. 1488. 1488. 1028.
    6.    6. 
    6.    6.    6.    6.    6.    6.    6. 1028. 1028. 1028.    6.    6.
    6.    6.    6.    6.    6.    6.    6.    6.    6.    6.    6.    6.
    6.    6. 
 6. 6. 6. 6. 6. 6. 6. 6. 6. 6. 6. 6. 6. 6. 6. 6. 6. 6. 6. 6. 6. 6. 6. 6.
 6. 6. 
    6.    6. 1488. 1488. 1488. 1488. 1488. 1488. 1028.    6.    6.    6.
    6.    6.    6.    6.    6.    6.    6.    6.    6.    6.    6.    6.
    6.    6. 
 6. 6. 6. 6. 6. 6. 6. 6. 6. 6. 6. 6. 6. 6. 6. 6. 6. 6. 6. 6. 6. 6. 6. 6.
 6. 6. 
    6.    6.    6.    6.    6.    6.    6.    6.    6.    6.    6.    6.
    6.    6. 1028. 1028. 1488. 1488. 1028. 1028.    6.    6.    6.    6.
    6.    6. 
 6. 6. 6. 6. 6. 6. 6. 6. 6. 6. 6. 6. 6. 6. 6. 6. 6. 6. 6. 6. 6. 6. 6. 6.
 6. 6. 
 6. 6. 6. 6. 6. 6. 6. 6. 6. 6. 6. 6. 6. 6. 6. 6. 6. 6. 6. 6. 6. 6. 6. 6.
 6. 6. 
    6.    6. 1028. 1028.    6.    6.    6.    6.    6.    6.    6.    6.
    6.    6.    6.    6.    6.    6.    6.    6.    6.    6.    6.    6.
    6.    6. 
 6. 6. 6. 6. 6. 6. 6. 6. 6. 6. 6. 6. 6. 6. 6. 6. 6. 6. 6. 6. 6. 6. 6. 6.
 6. 6. 
 6. 6. 6. 6. 6. 6. 6. 6. 6. 6. 6. 6. 6. 6. 6. 6. 6. 6. 6. 6. 6. 6. 6. 6.
 6. 6. 
 6. 6. 6. 6. 6. 6. 6. 6. 6. 6. 6. 6. 6. 6. 6. 6. 6. 6. 6. 6. 6. 6. 6. 6.
 6. 6. 
 6. 6. 6. 6. 6. 6. 6. 6. 6. 6. 6. 6. 6. 6. 6. 6. 6. 6. 6. 6. 6. 6. 6. 6.
 6. 6. 
 6. 6. 6. 6. 6. 6. 6. 6. 6. 6. 6. 6. 6. 6. 6. 6. 6. 6. 6. 6. 6. 6. 6. 6.
 6. 6. 
 6. 6. 6. 6. 6. 6. 6. 6. 6. 6. 6. 6. 6. 6. 6. 6. 6. 6. 6. 6. 6. 6. 6. 6.
 6. 6. 
 6. 6. 6. 6. 6. 6. 6. 6. 6. 6. 6. 6. 6. 6. 6. 6. 6. 6. 6. 6. 6. 6. 6. 6.
 6. 6. 
 6. 6. 6. 6. 6. 6. 6. 6. 6. 6. 6. 6. 6. 6. 6. 6. 6. 6. 6. 6. 6. 6. 6. 6.
 6. 6. 
 6. 6. 6. 6. 6. 6. 6. 6. 6. 6. 6. 6. 6. 6. 6. 6. 6. 6. 6. 6. 6. 6. 6. 6.
 6. 6. 
 6. 6. 6. 6. 6. 6. 6. 6. 6. 6. 6. 6. 6. 6. 6. 6. 6. 6. 6. 6. 6. 6. 6. 6.
 6. 6. 
 6. 6. 6. 6. 6. 6. 6. 6. 6. 6. 6. 6. 6. 6. 6. 6. 6. 6. 6. 6. 6. 6. 6. 6.
 6. 6. 
 6. 6. 6. 6. 6. 6. 6. 6. 6. 6. 6. 6. 6. 6. 6. 6. 6. 6. 6. 6. 6. 6. 6. 6.
 6. 6. 
 6. 6. 6. 6. 6. 6. 6. 6. 6. 6. 6. 6. 6. 6. 6. 6. 6. 6. 6. 6. 6. 6. 6. 6.
 6. 6. 
 6. 6. 6. 6. 6. 6. 6. 6. 6. 6. 6. 6. 6. 6. 6. 6. 6. 6. 6. 6. 6. 6. 6. 6.
 6. 6. 
 6. 6. 6. 6. 6. 6. 6. 6. 6. 6. 6. 6. 6. 6. 6. 6. 6. 6. 6. 6. 6. 6. 6. 6.
 6. 6. 
 6. 6. 6. 6. 6. 6. 6. 6. 6. 6. 6. 6. 6. 6. 6. 6. 6. 6. 6. 6. 6. 6. 6. 6.
 6. 6. 
 6. 6. 6. 6. 6. 6. 6. 6. 6. 6. 6. 6. 6. 6. 6. 6. 6. 6. 6. 6. 6. 6. 6. 6.
 6. 6. 
 6. 6. 6. 6. 6. 6. 6. 6. 6. 6. 6. 6. 6. 6. 6. 6. 6. 6. 6. 6. 6. 6. 6. 6.
 6. 6. 
 6. 6. 6. 6. 6. 6. 6. 6. 6. 6. 6. 6. 6. 6. 6. 6. 6. 6. 6. 6. 6. 6. 6. 6.
 6. 6. 
 6. 6. 6. 6. 6. 6. 6. 6. 6. 6. 6. 6. 6. 6. 6. 6. 6. 6. 6. 6. 6. 6. 6. 6.
 6. 6. 
 6. 6. 6. 6. 6. 6. 6. 6. 6. 6. 6. 6. 6. 6. 6. 6. 6. 6. 6. 6. 6. 6. 6. 6.
 6. 6. 
 6. 6. 6. 6. 6. 6. 6. 6. 6. 6. 6. 6. 6. 6. 6. 6. 6. 6. 6. 6. 6. 6. 6. 6.
 6. 6. 
 6. 6. 6. 6. 6. 6. 6. 6. 6. 6. 6. 6. 6. 6. 6. 6. 6. 6. 6. 6. 6. 6. 6. 6.
 6. 6. 
    6.    6.    6.    6.    6. 1028. 1028. 1028. 1028. 1028.    6.    6.
    6.    6.    6.    6.    6.    6.    6.    6.    6.    6.    6.    6.
    6.    6. 
 6. 6. 6. 6. 6. 6. 6. 6. 6. 6. 6. 6. 6. 6. 6. 6. 6. 6. 6. 6. 6. 6. 6. 6.
 6. 6. 
    6.    6.    6. 1028. 1028. 1028.    6.    6.    6.    6.    6.    6.
    6.    6.    6.    6. 1028. 1028. 1488. 1488. 1488. 1028. 1028.    6.
    6.    6. 
 6. 6. 6. 6. 6. 6. 6. 6. 6. 6. 6. 6. 6. 6. 6. 6. 6. 6. 6. 6. 6. 6. 6. 6.
 6. 6. 
    6.    6.    6.    6.    6.    6.    6.    6.    6.    6.    6.    6.
 1028. 1028. 1028. 1028. 1028. 1028. 1028.    6.    6.    6.    6.    6.
    6.    6. 
    6. 1028. 1028. 1488. 1488. 1488. 1488. 1488. 1028. 1028. 1028.    6.
    6.    6.    6.    6.    6.    6.    6.    6.    6.    6.    6.    6.
    6.    6. 
    6.    6.    6.    6.    6.    6.    6.    6.    6.    6.    6.    6.
    6.    6.    6.    6.    6.    6.    6.    6.    6.    6.    6. 1028.
 1028. 1488. 
 1488. 1488. 1488. 1488. 1488. 1028.    6.    6.    6.    6.    6.    6.
 1028. 1028. 1488. 1488. 1028. 1028. 1488. 1488. 1488. 1488. 1028. 1028.
    6.    6. 
 6. 6. 6. 6. 6. 6. 6. 6. 6. 6. 6. 6. 6. 6. 6. 6. 6. 6. 6. 6. 6. 6. 6. 6.
 6. 6. 
    6.    6.    6.    6.    6.    6.    6.    6. 1028. 1028. 1488. 1488.
 1488. 1488. 1488. 1488. 1488. 1488. 1028. 1028.    6.    6.    6. 1028.
 1028. 1488. 
 1488. 1488. 1028. 1028. 1028. 1488. 1488. 1488. 1488. 1028. 1028. 1028.
    6.    6.    6.    6.    6.    6.    6.    6.    6.    6.    6.    6.
    6.    6. 
    6.    6.    6.    6.    6.    6.    6.    6.    6.    6.    6.    6.
    6.    6.    6.    6.    6.    6.    6. 1028. 1028. 1488. 1488. 1488.
 1028. 1028. 
 1028. 1028. 1488. 1488. 1488. 1488. 1028. 1028. 1028. 1488. 1488. 1488.
 1028. 1028.    6.    6. 1028. 1028. 1488. 1488. 1488. 1488. 1028. 1028.
    6.    6. 
 6. 6. 6. 6. 6. 6. 6. 6. 6. 6. 6. 6. 6. 6. 6. 6. 6. 6. 6. 6. 6. 6. 6. 6.
 6. 6. 
    6.    6.    6.    6.    6. 1028. 1488. 1488. 1488. 1488. 1028.    6.
    6. 1028. 1028. 1028. 1488. 1488. 1488. 1488. 1488. 1488. 1488. 1488.
 1028.    6. 
    6.    6.    6. 1028. 1028. 1028. 1488. 1488. 1488. 1488.    6.    6.
    6.    6.    6.    6.    6.    6.    6.    6.    6.    6.    6.    6.
    6.    6. 
    6.    6.    6.    6.    6.    6.    6.    6.    6.    6.    6.    6.
    6.    6.    6.    6. 1028. 1028. 1488. 1488. 1028. 1028. 1028.    6.
    6.    6. 
    6. 1028. 1028. 1488. 1488. 1488. 1488. 1488. 1028. 1028. 1028.    6.
    6.    6.    6.    6.    6. 1028. 1028. 1488. 1488. 1488.    6.    6.
    6.    6. 
 6. 6. 6. 6. 6. 6. 6. 6. 6. 6. 6. 6. 6. 6. 6. 6. 6. 6. 6. 6. 6. 6. 6. 6.
 6. 6. 
    6.    6. 1028. 1488. 1488. 1488. 1028. 1028.    6.    6.    6.    6.
    6.    6.    6. 1028. 1028. 1028. 1028. 1028. 1028.    6.    6.    6.
    6.    6. 
    6.    6.    6.    6. 1028. 1028. 1028. 1028.    6.    6.    6.    6.
    6.    6.    6.    6.    6.    6.    6.    6.    6.    6.    6.    6.
    6.    6. 
    6.    6. 1028. 1028. 1028. 1028. 1028. 1028. 1028. 1028.    6.    6.
    6. 1028. 1028. 1488. 1488. 1488. 1028.    6.    6.    6.    6.    6.
    6.    6. 
    6.    6.    6.    6.    6.    6.    6.    6.    6.    6.    6.    6.
    6.    6.    6.    6.    6.    6. 1028. 1028.    6.    6.    6.    6.
    6.    6. 
    6.    6.    6.    6.    6.    6.    6.    6.    6.    6.    6.    6.
    6. 1028. 1028. 1028. 1028. 1488. 1488. 1028. 1028. 1028. 1028. 1028.
 1028. 1028. 
 1488. 1488. 1488. 1028.    6.    6.    6.    6.    6.    6.    6.    6.
    6.    6.    6.    6.    6.    6.    6.    6.    6.    6.    6.    6.
    6.    6. 
    6.    6.    6.    6.    6.    6.    6.    6.    6.    6.    6.    6.
    6.    6.    6.    6.    6.    6.    6.    6.    6.    6.    6.    6.
 1028. 1028. 
 1488. 1488. 1488. 1488. 1488. 1488. 1488. 1488. 1488. 1488. 1488. 1488.
 1488. 1488. 1028. 1028.    6.    6.    6.    6.    6.    6.    6.    6.
    6.    6. 
 6. 6. 6. 6. 6. 6. 6. 6. 6. 6. 6. 6. 6. 6. 6. 6. 6. 6. 6. 6. 6. 6. 6. 6.
 6. 6. 
    6.    6.    6.    6.    6.    6.    6.    6.    6. 1028. 1028. 1488.
 1488. 1488. 1488. 1488. 1488. 1488. 1488. 1488. 1488. 1488. 1488. 1488.
 1028. 1028. 
 1028.    6.    6.    6.    6.    6.    6.    6.    6.    6.    6.    6.
    6.    6.    6.    6.    6.    6.    6.    6.    6.    6.    6.    6.
    6.    6. 
    6.    6.    6.    6.    6.    6.    6.    6.    6.    6.    6.    6.
    6.    6.    6.    6.    6.    6.    6.    6.    6. 1028. 1488. 1488.
 1488. 1488. 
 1028. 1028. 1028. 1028. 1028. 1028. 1028. 1028. 1028. 1028. 1028.    6.
    6.    6.    6.    6.    6.    6.    6.    6.    6.    6.    6.    6.
    6.    6. 
 6. 6. 6. 6. 6. 6. 6. 6. 6. 6. 6. 6. 6. 6. 6. 6. 6. 6. 6. 6. 6. 6. 6. 6.
 6. 6. 
    6.    6.    6.    6.    6.    6.    6. 1028. 1488. 1488. 1488. 1028.
 1028.    6.    6.    6.    6. 1028. 1028.    6.    6.    6.    6.    6.
    6.    6. 
 6. 6. 6. 6. 6. 6. 6. 6. 6. 6. 6. 6. 6. 6. 6. 6. 6. 6. 6. 6. 6. 6. 6. 6.
 6. 6. 
    6.    6.    6.    6.    6.    6.    6.    6.    6.    6.    6.    6.
    6.    6.    6.    6.    6.    6. 1028. 1028. 1488. 1488. 1488. 1028.
    6.    6. 
 6. 6. 6. 6. 6. 6. 6. 6. 6. 6. 6. 6. 6. 6. 6. 6. 6. 6. 6. 6. 6. 6. 6. 6.
 6. 6. 
 6. 6. 6. 6. 6. 6. 6. 6. 6. 6. 6. 6. 6. 6. 
/