PERMI
   33.   33.   33.   33.   33.   33.   33. 1768. 1768. 2134. 2134. 2134.
 2134. 2134. 2134. 1768. 1768. 1768.   33.   33. 1768. 1768. 2134. 2134.
 2134. 2134. 
 1768. 1768. 1768. 1768. 2134. 2134. 2134. 2134. 2134. 2134. 2134. 2134.
 2134. 2134. 1768. 1768.   33.   33.   33.   33.   33. 1768. 1768. 1768.
 2134. 2134. 
 2134. 2134. 2134. 1768. 1768. 1768.   33.   33.   33.   33.   33.   33.
   33.   33.   33.   33.   33.   33.   33. 1768. 1768. 1768. 2134. 2134.
 2134. 2134. 
 1768. 1768. 1768.   33.   33.   33.   33. 1768. 1768. 2134. 2134. 2134.
 2134. 1768. 2134. 2134. 2134. 2134. 2134. 2134. 2134. 2134. 1768. 2134.
 2134. 2134. 
 1768. 1768. 1768.   33.   33. 1768. 1768. 1768. 1768. 2134. 2134. 2134.
 2134. 2134. 2134. 2134. 1768. 1768.   33.   33.   33.   33.   33.   33.
   33.   33. 
   33.   33.   33.   33.   33.   33. 1768. 1768. 1768. 1768. 1768. 1768.
 1768. 1768.   33.   33.   33.   33.   33.   33. 1768. 1768. 2134. 2134.
 2134. 2134. 
 2134. 2134. 2134. 2134. 2134. 2134. 1768. 1768. 1768. 1768. 2134. 2134.
 2134. 1768. 1768. 1768. 1768. 1768. 1768. 2134. 2134. 2134. 2134. 2134.
 2134. 2134. 
 2134. 2134. 2134. 1768. 1768.   33.   33.   33.   33.   33.   33.   33.
   33.   33.   33.   33.   33.   33.   33.   33. 1768. 1768. 1768. 1768.
   33.   33. 
   33.   33.   33.   33.   33.   33. 1768. 1768. 2134. 2134. 2134. 2134.
 2134. 2134. 2134. 1768. 1768. 1768. 1768. 1768. 1768. 1768. 2134. 2134.
 2134. 2134. 
 2134. 1768. 1768. 1768. 2134. 2134. 2134. 2134. 2134. 2134. 1768. 1768.
 2134. 2134. 2134. 1768. 1768.   33.   33.   33. 1768. 1768.   33.   33.
   33.   33. 
   33.   33.   33.   33.   33.   33.   33.   33.   33.   33.   33.   33.
   33.   33.   33.   33.   33.   33. 1768. 1768. 1768. 2134. 2134. 2134.
 2134. 2134. 
 1768. 1768. 1768. 1768.   33.   33.   33. 1768. 1768. 2134. 2134. 2134.
 2134. 2134. 2134. 2134. 2134. 2134. 2134. 1768. 1768. 1768. 1768. 1768.
 2134. 2134. 
 2134. 2134. 1768. 1768. 1768. 1768. 1768. 1768.   33.   33.   33.   33.
   33.   33.   33.   33.   33.   33.   33.   33.   33.   33.   33.   33.
   33.   33. 
   33.   33.   33.   33.   33. 1768. 1768. 1768. 1768. 1768. 1768. 1768.
 1768. 1768.   33.   33.   33.   33.   33.   33. 1768. 1768. 2134. 2134.
 2134. 2134. 
 2134. 2134. 2134. 2134. 1768. 1768. 1768.   33.   33. 1768. 1768. 2134.
 2134. 2134. 2134. 2134. 1768. 1768. 2134. 2134.   33.   33.   33.   33.
   33.   33. 
   33.   33.   33.   33.   33.   33.   33.   33.   33.   33.   33.   33.
   33.   33.   33.   33.   33.   33. 1768. 1768. 1768. 1768. 1768. 1768.
   33.   33. 
   33.   33.   33.   33.   33.   33.   33. 1768. 1768. 2134. 2134. 2134.
 2134. 2134. 2134. 1768. 1768. 1768.   33.   33.   33. 1768. 1768. 2134.
 2134. 2134. 
 2134. 2134. 2134. 2134. 2134. 2134.   33.   33.   33.   33.   33.   33.
   33.   33.   33.   33.   33.   33.   33.   33.   33.   33.   33.   33.
   33.   33. 
   33.   33.   33.   33.   33.   33.   33.   33.   33.   33.   33.   33.
   33.   33.   33.   33.   33.   33.   33. 1768. 1768. 1768. 1768. 1768.
 1768. 1768. 
 1768. 1768.   33.   33.   33.   33.   33.   33. 1768. 1768. 1768. 2134.
 2134. 2134. 2134. 2134. 2134. 2134.   33.   33.   33.   33.   33.   33.
   33.   33. 
 33. 33. 33. 33. 33. 33. 33. 33. 33. 33. 33. 33. 33. 33. 33. 33. 33. 33.
 33. 33. 33. 33. 33. 33. 33. 33. 
   33.   33.   33.   33.   33.   33.   33. 1768. 1768. 1768. 1768. 1768.
 1768.   33.   33.   33.   33.   33.   33.   33.   33.   33. 1768. 1768.
 1768. 2134. 
 2134. 2134. 2134. 1768.   33.   33.   33.   33.   33.   33.   33.   33.
   33.   33.   33.   33.   33.   33.   33.   33.   33.   33.   33.   33.
   33.   33. 
 33. 33. 33. 33. 33. 33. 33. 33. 33. 33. 33. 33. 33. 33. 33. 33. 33. 33.
 33. 33. 33. 33. 33. 33. 33. 33. 
   33.   33.   33.   33.   33.   33.   33.   33.   33.   33. 1768. 1768.
 1768. 1768. 1768. 1768.   33.   33.   33.   33.   33.   33.   33.   33.
   33.   33. 
 33. 33. 33. 33. 33. 33. 33. 33. 33. 33. 33. 33. 33. 33. 33. 33. 33. 33.
 33. 33. 33. 33. 33. 33. 33. 33. 
 33. 33. 33. 33. 33. 33. 33. 33. 33. 33. 33. 33. 33. 33. 33. 33. 33. 33.
 33. 33. 33. 33. 33. 33. 33. 33. 
 33. 33. 33. 33. 33. 33. 33. 33. 33. 33. 33. 33. 33. 33. 33. 33. 33. 33.
 33. 33. 33. 33. 33. 33. 33. 33. 
 33. 33. 33. 33. 33. 33. 33. 33. 33. 33. 33. 33. 33. 33. 33. 33. 33. 33.
 33. 33. 33. 33. 33. 33. 33. 33. 
 33. 33. 33. 33. 33. 33. 33. 33. 33. 33. 33. 33. 33. 33. 33. 33. 33. 33.
 33. 33. 33. 33. 33. 33. 33. 33. 
 33. 33. 33. 33. 33. 33. 33. 33. 33. 33. 33. 33. 33. 33. 33. 33. 33. 33.
 33. 33. 33. 33. 33. 33. 33. 33. 
 33. 33. 33. 33. 33. 33. 33. 33. 33. 33. 33. 33. 33. 33. 33. 33. 33. 33.
 33. 33. 33. 33. 33. 33. 33. 33. 
 33. 33. 33. 33. 33. 33. 33. 33. 33. 33. 33. 33. 33. 33. 33. 33. 33. 33.
 33. 33. 33. 33. 33. 33. 33. 33. 
 33. 33. 33. 33. 33. 33. 33. 33. 33. 33. 33. 33. 33. 33. 33. 33. 33. 33.
 33. 33. 33. 33. 33. 33. 33. 33. 
 33. 33. 33. 33. 33. 33. 33. 33. 33. 33. 33. 33. 33. 33. 33. 33. 33. 33.
 33. 33. 33. 33. 33. 33. 33. 33. 
 33. 33. 33. 33. 33. 33. 33. 33. 33. 33. 33. 33. 33. 33. 33. 33. 33. 33.
 33. 33. 33. 33. 33. 33. 33. 33. 
 33. 33. 33. 33. 33. 33. 33. 33. 33. 33. 33. 33. 33. 33. 33. 33. 33. 33.
 33. 33. 33. 33. 33. 33. 33. 33. 
 33. 33. 33. 33. 33. 33. 33. 33. 33. 33. 33. 33. 33. 33. 33. 33. 33. 33.
 33. 33. 33. 33. 33. 33. 33. 33. 
 33. 33. 33. 33. 33. 33. 33. 33. 33. 33. 33. 33. 33. 33. 33. 33. 33. 33.
 33. 33. 33. 33. 33. 33. 33. 33. 
 33. 33. 33. 33. 33. 33. 33. 33. 33. 33. 33. 33. 33. 33. 33. 33. 33. 33.
 33. 33. 33. 33. 33. 33. 33. 33. 
 33. 33. 33. 33. 33. 33. 33. 33. 33. 33. 33. 33. 33. 33. 33. 33. 33. 33.
 33. 33. 33. 33. 33. 33. 33. 33. 
 33. 33. 33. 33. 33. 33. 33. 33. 33. 33. 33. 33. 33. 33. 33. 33. 33. 33.
 33. 33. 33. 33. 33. 33. 33. 33. 
 33. 33. 33. 33. 33. 33. 33. 33. 33. 33. 33. 33. 33. 33. 33. 33. 33. 33.
 33. 33. 33. 33. 33. 33. 33. 33. 
 33. 33. 33. 33. 33. 33. 33. 33. 33. 33. 33. 33. 33. 33. 33. 33. 33. 33.
 33. 33. 33. 33. 33. 33. 33. 33. 
 33. 33. 33. 33. 33. 33. 33. 33. 33. 33. 33. 33. 33. 33. 33. 33. 33. 33.
 33. 33. 33. 33. 33. 33. 33. 33. 
 33. 33. 33. 33. 33. 33. 33. 33. 33. 33. 33. 33. 33. 33. 33. 33. 33. 33.
 33. 33. 33. 33. 33. 33. 33. 33. 
 33. 33. 33. 33. 33. 33. 33. 33. 33. 33. 33. 33. 33. 33. 33. 33. 33. 33.
 33. 33. 33. 33. 33. 33. 33. 33. 
 33. 33. 33. 33. 33. 33. 33. 33. 33. 33. 33. 33. 33. 33. 33. 33. 33. 33.
 33. 33. 33. 33. 33. 33. 33. 33. 
 33. 33. 33. 33. 33. 33. 33. 33. 33. 33. 33. 33. 33. 33. 33. 33. 33. 33.
 33. 33. 33. 33. 33. 33. 33. 33. 
 33. 33. 33. 33. 33. 33. 33. 33. 33. 33. 33. 33. 33. 33. 33. 33. 33. 33.
 33. 33. 33. 33. 33. 33. 33. 33. 
 33. 33. 33. 33. 33. 33. 33. 33. 33. 33. 33. 33. 33. 33. 33. 33. 33. 33.
 33. 33. 33. 33. 33. 33. 33. 33. 
 33. 33. 33. 33. 33. 33. 33. 33. 33. 33. 33. 33. 33. 33. 33. 33. 33. 33.
 33. 33. 33. 33. 33. 33. 33. 33. 
 33. 33. 33. 33. 33. 33. 33. 33. 33. 33. 33. 33. 33. 33. 33. 33. 33. 33.
 33. 33. 33. 33. 33. 33. 33. 33. 
 33. 33. 33. 33. 33. 33. 33. 33. 33. 33. 33. 33. 33. 33. 33. 33. 33. 33.
 33. 33. 33. 33. 33. 33. 33. 33. 
 33. 33. 33. 33. 33. 33. 33. 33. 33. 33. 33. 33. 33. 33. 33. 33. 33. 33.
 33. 33. 33. 33. 33. 33. 33. 33. 
 33. 33. 33. 33. 33. 33. 33. 33. 33. 33. 33. 33. 33. 33. 33. 33. 33. 33.
 33. 33. 33. 33. 33. 33. 33. 33. 
 33. 33. 33. 33. 33. 33. 33. 33. 33. 33. 33. 33. 33. 33. 33. 33. 33. 33.
 33. 33. 33. 33. 33. 33. 33. 33. 
 33. 33. 33. 33. 33. 33. 33. 33. 33. 33. 33. 33. 33. 33. 33. 33. 33. 33.
 33. 33. 33. 33. 33. 33. 33. 33. 
 33. 33. 33. 33. 33. 33. 33. 33. 33. 33. 33. 33. 33. 33. 33. 33. 33. 33.
 33. 33. 33. 33. 33. 33. 33. 33. 
 33. 33. 33. 33. 33. 33. 33. 33. 33. 33. 33. 33. 33. 33. 33. 33. 33. 33.
 33. 33. 33. 33. 33. 33. 33. 33. 
 33. 33. 33. 33. 33. 33. 33. 33. 33. 33. 33. 33. 33. 33. 33. 33. 33. 33.
 33. 33. 33. 33. 33. 33. 33. 33. 
 33. 33. 33. 33. 33. 33. 33. 33. 33. 33. 33. 33. 33. 33. 33. 33. 33. 33.
 33. 33. 33. 33. 33. 33. 33. 33. 
 33. 33. 33. 33. 33. 33. 33. 33. 33. 33. 33. 33. 33. 33. 33. 33. 33. 33.
 33. 33. 33. 33. 33. 33. 33. 33. 
 33. 33. 33. 33. 33. 33. 33. 33. 33. 33. 33. 33. 33. 33. 33. 33. 33. 33.
 33. 33. 33. 33. 33. 33. 33. 33. 
 33. 33. 33. 33. 33. 33. 33. 33. 33. 33. 33. 33. 33. 33. 33. 33. 33. 33.
 33. 33. 33. 33. 33. 33. 33. 33. 
 33. 33. 33. 33. 33. 33. 33. 33. 33. 33. 33. 33. 33. 33. 33. 33. 33. 33.
 33. 33. 33. 33. 33. 33. 33. 33. 
 33. 33. 33. 33. 33. 33. 33. 33. 33. 33. 33. 33. 33. 33. 33. 33. 33. 33.
 33. 33. 33. 33. 33. 33. 33. 33. 
 33. 33. 33. 33. 33. 33. 33. 33. 33. 33. 33. 33. 33. 33. 33. 33. 33. 33.
 33. 33. 33. 33. 33. 33. 33. 33. 
 33. 33. 33. 33. 33. 33. 33. 33. 33. 33. 33. 33. 33. 33. 33. 33. 33. 33.
 33. 33. 33. 33. 33. 33. 33. 33. 
 33. 33. 33. 33. 33. 33. 33. 33. 33. 33. 33. 33. 33. 33. 33. 33. 33. 33.
 33. 33. 33. 33. 33. 33. 33. 33. 
 33. 33. 33. 33. 33. 33. 33. 33. 33. 33. 33. 33. 33. 33. 33. 33. 33. 33.
 33. 33. 33. 33. 33. 33. 33. 33. 
 33. 33. 33. 33. 33. 33. 33. 33. 33. 33. 33. 33. 33. 33. 33. 33. 33. 33.
 33. 33. 33. 33. 33. 33. 33. 33. 
 33. 33. 33. 33. 33. 33. 33. 33. 33. 33. 33. 33. 33. 33. 33. 33. 33. 33.
 33. 33. 33. 33. 33. 33. 33. 33. 
 33. 33. 33. 33. 33. 33. 33. 33. 33. 33. 33. 33. 33. 33. 33. 33. 33. 33.
 33. 33. 33. 33. 33. 33. 33. 33. 
 33. 33. 33. 33. 33. 33. 33. 33. 33. 33. 33. 33. 33. 33. 33. 33. 33. 33.
 33. 33. 33. 33. 33. 33. 33. 33. 
 33. 33. 33. 33. 33. 33. 33. 33. 33. 33. 33. 33. 33. 33. 33. 33. 33. 33.
 33. 33. 33. 33. 33. 33. 33. 33. 
 33. 33. 33. 33. 33. 33. 33. 33. 33. 33. 33. 33. 33. 33. 33. 33. 33. 33.
 33. 33. 33. 33. 33. 33. 33. 33. 
 33. 33. 33. 33. 33. 33. 33. 33. 33. 33. 33. 33. 33. 33. 33. 33. 33. 33.
 33. 33. 33. 33. 33. 33. 33. 33. 
 33. 33. 33. 33. 33. 33. 33. 33. 33. 33. 33. 33. 33. 33. 33. 33. 33. 33.
 33. 33. 33. 33. 33. 33. 33. 33. 
 33. 33. 33. 33. 33. 33. 33. 33. 33. 33. 33. 33. 33. 33. 33. 33. 33. 33.
 33. 33. 33. 33. 33. 33. 33. 33. 
 33. 33. 33. 33. 33. 33. 33. 33. 33. 33. 33. 33. 33. 33. 33. 33. 33. 33.
 33. 33. 33. 33. 33. 33. 33. 33. 
 33. 33. 33. 33. 33. 33. 33. 33. 33. 33. 33. 33. 33. 33. 33. 33. 33. 33.
 33. 33. 33. 33. 33. 33. 33. 33. 
 33. 33. 33. 33. 33. 33. 33. 33. 33. 33. 33. 33. 33. 33. 33. 33. 33. 33.
 33. 33. 33. 33. 33. 33. 33. 33. 
 33. 33. 33. 33. 33. 33. 33. 33. 33. 33. 33. 33. 33. 33. 33. 33. 33. 33.
 33. 33. 33. 33. 33. 33. 33. 33. 
 33. 33. 33. 33. 33. 33. 33. 33. 33. 33. 33. 33. 33. 33. 33. 33. 33. 33.
 33. 33. 33. 33. 33. 33. 33. 33. 
 33. 33. 33. 33. 33. 33. 33. 33. 33. 33. 33. 33. 33. 33. 33. 33. 33. 33.
 33. 33. 33. 33. 33. 33. 33. 33. 
 33. 33. 33. 33. 33. 33. 33. 33. 33. 33. 33. 33. 33. 33. 33. 33. 33. 33.
 33. 33. 33. 33. 33. 33. 33. 33. 
 33. 33. 33. 33. 33. 33. 33. 33. 33. 33. 33. 33. 33. 33. 33. 33. 33. 33.
 33. 33. 33. 33. 33. 33. 33. 33. 
 33. 33. 33. 33. 33. 33. 33. 33. 33. 33. 33. 33. 33. 33. 33. 33. 33. 33.
 33. 33. 33. 33. 33. 33. 33. 33. 
 33. 33. 33. 33. 33. 33. 33. 33. 33. 33. 33. 33. 33. 33. 33. 33. 33. 33.
 33. 33. 33. 33. 33. 33. 33. 33. 
 33. 33. 33. 33. 33. 33. 33. 33. 33. 33. 33. 33. 33. 33. 33. 33. 33. 33.
 33. 33. 33. 33. 33. 33. 33. 33. 
 33. 33. 33. 33. 33. 33. 33. 33. 33. 33. 33. 33. 33. 33. 33. 33. 33. 33.
 33. 33. 33. 33. 33. 33. 33. 33. 
 33. 33. 33. 33. 33. 33. 33. 33. 33. 33. 33. 33. 33. 33. 33. 33. 33. 33.
 33. 33. 33. 33. 33. 33. 33. 33. 
 33. 33. 33. 33. 33. 33. 33. 33. 33. 33. 33. 33. 33. 33. 33. 33. 33. 33.
 33. 33. 33. 33. 33. 33. 33. 33. 
 33. 33. 33. 33. 33. 33. 33. 33. 33. 33. 33. 33. 33. 33. 33. 33. 33. 33.
 33. 33. 33. 33. 33. 33. 33. 33. 
 33. 33. 33. 33. 33. 33. 33. 33. 33. 33. 33. 33. 33. 33. 33. 33. 33. 33.
 33. 33. 33. 33. 33. 33. 33. 33. 
 33. 33. 33. 33. 33. 33. 33. 33. 33. 33. 33. 33. 33. 33. 33. 33. 33. 33.
 33. 33. 33. 33. 33. 33. 33. 33. 
 33. 33. 33. 33. 33. 33. 33. 33. 33. 33. 33. 33. 33. 33. 33. 33. 33. 33.
 33. 33. 33. 33. 33. 33. 33. 33. 
 33. 33. 33. 33. 33. 33. 33. 33. 33. 33. 33. 33. 33. 33. 33. 33. 33. 33.
 33. 33. 33. 33. 33. 33. 33. 33. 
 33. 33. 33. 33. 33. 33. 33. 33. 33. 33. 33. 33. 33. 33. 33. 33. 33. 33.
 33. 33. 33. 33. 33. 33. 33. 33. 
   33.   33.   33.   33.   33.   33.   33.   33.   33.   33.   33.   33.
   33.   33.   33.   33.   33.   33.   33.   33.   33.   33.   33.   33.
 1768. 1768. 
 1768.   33.   33.   33.   33.   33.   33.   33.   33.   33.   33.   33.
   33.   33.   33.   33.   33.   33.   33.   33.   33.   33.   33.   33.
   33.   33. 
 33. 33. 33. 33. 33. 33. 33. 33. 33. 33. 33. 33. 33. 33. 33. 33. 33. 33.
 33. 33. 33. 33. 33. 33. 33. 33. 
   33.   33.   33.   33.   33.   33.   33.   33.   33.   33. 2134. 1768.
 1768. 1768.   33.   33.   33.   33.   33.   33.   33.   33.   33.   33.
   33.   33. 
 33. 33. 33. 33. 33. 33. 33. 33. 33. 33. 33. 33. 33. 33. 33. 33. 33. 33.
 33. 33. 33. 33. 33. 33. 33. 33. 
   33.   33.   33.   33.   33.   33.   33.   33.   33.   33.   33.   33.
   33.   33.   33.   33.   33.   33.   33.   33.   33.   33. 2134. 2134.
 2134. 1768. 
 1768.   33.   33.   33.   33.   33.   33.   33.   33.   33.   33.   33.
   33.   33. 1768. 1768. 1768.   33.   33.   33.   33.   33.   33.   33.
   33.   33. 
   33.   33.   33. 1768.   33.   33.   33.   33.   33.   33.   33.   33.
   33.   33.   33.   33.   33.   33.   33.   33.   33.   33.   33.   33.
   33.   33. 
   33.   33.   33.   33.   33.   33.   33.   33. 2134. 2134. 2134. 2134.
 1768. 1768.   33.   33.   33.   33.   33.   33.   33. 1768. 1768. 1768.
 1768. 1768. 
 1768. 1768. 1768. 1768. 1768.   33.   33.   33.   33.   33.   33.   33.
 1768. 1768. 1768. 1768. 1768. 1768.   33.   33.   33.   33.   33.   33.
   33.   33. 
   33.   33.   33.   33.   33.   33.   33.   33.   33.   33.   33.   33.
   33.   33.   33.   33.   33.   33.   33.   33. 1768. 2134. 2134. 2134.
 2134. 1768. 
 1768.   33.   33.   33.   33. 1768. 1768. 1768. 2134. 2134. 2134. 1768.
 1768. 2134. 2134. 1768. 1768. 1768.   33.   33.   33.   33.   33. 1768.
 1768. 2134. 
 2134. 2134. 2134. 1768. 1768. 1768.   33.   33.   33.   33.   33.   33.
   33.   33.   33.   33.   33.   33.   33.   33.   33.   33.   33.   33.
   33.   33. 
   33.   33.   33.   33.   33.   33. 1768. 1768. 1768. 2134. 2134. 2134.
 1768. 1768.   33.   33. 1768. 1768. 2134. 2134. 2134. 2134. 2134. 2134.
 1768. 1768. 
 2134. 2134. 1768. 1768. 1768.   33.   33.   33. 1768. 1768. 2134. 2134.
 2134. 2134. 2134. 2134. 1768. 1768.   33.   33.   33.   33.   33.   33.
   33.   33. 
   33.   33.   33.   33.   33.   33.   33.   33.   33.   33.   33.   33.
   33.   33.   33.   33.   33.   33. 2134. 1768. 1768. 1768. 1768. 2134.
 2134. 1768. 
 1768. 1768. 1768. 2134. 2134. 2134. 2134. 2134. 2134. 2134. 2134. 1768.
 1768. 2134. 2134. 1768. 1768. 1768. 1768. 1768. 1768. 2134. 2134. 2134.
 2134. 2134. 
 2134. 2134. 2134. 1768. 1768.   33.   33.   33.   33.   33.   33.   33.
   33.   33.   33.   33.   33.   33.   33.   33.   33.   33.   33.   33.
   33.   33. 
   33.   33.   33.   33. 2134. 2134. 2134. 1768. 1768. 1768. 1768. 1768.
 1768. 1768. 2134. 2134. 2134. 2134. 2134. 2134. 2134. 2134. 2134. 2134.
 1768. 1768. 
 2134. 2134. 1768. 1768. 1768. 1768. 2134. 2134. 2134. 2134. 1768. 1768.
 2134. 2134. 2134. 2134. 1768. 1768.   33.   33.   33. 1768. 1768. 1768.
 1768. 1768. 
   33.   33.   33.   33.   33.   33.   33.   33.   33.   33.   33.   33.
   33.   33.   33.   33. 2134. 2134. 2134. 2134. 2134. 2134. 2134. 2134.
 2134. 2134. 
 2134. 2134. 2134. 2134. 1768. 1768. 1768. 2134. 2134. 2134. 2134. 1768.
 1768. 2134. 2134. 1768. 1768. 2134. 1768. 1768. 1768. 1768. 1768. 1768.
 1768. 2134. 
 2134. 2134. 1768. 1768.   33.   33. 1768. 1768. 1768. 2134. 2134. 1768.
 1768.   33.   33.   33.   33.   33.   33.   33.   33.   33.   33.   33.
   33.   33. 
   33.   33. 1768. 2134. 2134. 2134. 2134. 2134. 2134. 2134. 2134. 2134.
 2134. 2134. 2134. 1768. 1768. 1768. 1768. 1768. 2134. 2134. 2134. 2134.
 1768. 2134. 
 2134. 1768. 1768. 1768. 1768. 2134. 2134. 2134. 2134. 1768. 1768. 2134.
 2134. 2134. 1768. 1768. 1768. 1768. 1768. 2134. 2134. 2134. 2134. 2134.
 1768. 1768. 
   33.   33.   33.   33.   33.   33.   33.   33.   33.   33.   33.   33.
   33.   33. 1768. 1768. 1768. 2134. 2134. 2134. 2134. 2134. 2134. 2134.
 2134. 2134. 
 1768. 1768. 1768. 1768.   33. 1768. 1768. 2134. 2134. 2134. 1768. 1768.
 1768. 1768. 1768. 2134. 2134. 2134. 2134. 2134. 2134. 2134. 2134. 1768.
 1768. 2134. 
 2134. 1768. 1768. 2134. 2134. 2134. 2134. 2134. 2134. 2134. 2134. 1768.
 1768.   33.   33.   33.   33.   33.   33.   33.   33.   33.   33.   33.
   33.   33. 
   33. 1768. 1768. 1768. 1768. 1768. 2134. 2134. 1768. 1768. 1768. 1768.
 2134. 1768. 1768. 1768.   33.   33. 1768. 2134. 2134. 2134. 2134. 2134.
 2134. 2134. 
 2134. 2134. 2134. 2134. 2134. 2134. 2134. 2134. 2134. 2134. 1768. 1768.
 1768. 1768. 2134. 2134. 2134. 2134. 2134. 1768. 2134. 2134. 2134. 2134.
 1768. 1768. 
   33.   33.   33.   33.   33.   33.   33.   33.   33.   33.   33.   33.
   33.   33.   33.   33. 1768. 1768. 1768. 1768. 1768. 1768. 1768. 1768.
 1768. 1768. 
   33.   33.   33.   33. 1768. 1768. 1768. 2134. 2134. 2134. 2134. 2134.
 2134. 2134. 2134. 2134. 1768. 2134. 2134. 2134. 2134. 2134. 2134. 2134.
 1768. 2134. 
 2134. 2134. 2134. 2134. 1768. 1768. 2134. 2134. 2134. 2134. 1768. 1768.
   33.   33.   33.   33.   33.   33.   33.   33.   33.   33.   33.   33.
   33.   33. 
   33.   33.   33.   33.   33.   33.   33.   33.   33.   33.   33.   33.
   33.   33.   33.   33.   33. 1768. 1768. 2134. 2134. 2134. 2134. 2134.
 2134. 2134. 
 1768. 1768. 1768. 1768. 1768. 1768. 2134. 2134. 2134. 2134. 2134. 2134.
 2134. 2134. 2134. 1768. 1768. 1768. 1768. 2134. 2134. 2134. 2134. 1768.
 1768.   33. 
   33.   33. 1768. 1768. 1768. 1768. 1768. 1768.   33.   33.   33.   33.
   33.   33.   33.   33.   33.   33.   33.   33.   33.   33.   33.   33.
   33.   33. 
   33.   33.   33.   33. 1768. 1768. 2134. 2134. 2134. 2134. 2134. 1768.
 1768. 1768.   33.   33. 1768. 1768. 2134. 2134. 2134. 2134. 2134. 2134.
 2134. 2134. 
 1768. 1768.   33.   33. 1768. 1768. 2134. 2134. 2134. 1768. 1768. 1768.
 1768. 1768. 1768. 1768. 1768. 1768. 1768. 1768. 1768.   33.   33.   33.
   33.   33. 
   33.   33.   33.   33.   33.   33.   33.   33.   33.   33.   33.   33.
   33.   33.   33.   33.   33. 1768. 1768. 1768. 1768. 1768. 1768. 1768.
   33.   33. 
   33.   33.   33.   33. 1768. 1768. 2134. 2134. 2134. 2134. 2134. 1768.
 1768.   33.   33.   33. 1768. 1768. 1768. 2134. 2134. 2134. 1768. 1768.
 2134. 2134. 
 2134. 2134. 2134. 2134. 2134. 1768. 1768. 1768.   33.   33.   33.   33.
   33.   33.   33.   33.   33.   33.   33.   33.   33.   33.   33.   33.
   33.   33. 
   33.   33.   33.   33.   33.   33. 1768.   33.   33.   33.   33.   33.
   33.   33.   33.   33.   33. 1768. 1768. 1768. 1768. 1768. 1768. 1768.
   33.   33. 
   33.   33.   33. 1768. 1768. 2134. 2134. 2134. 2134. 2134. 2134. 2134.
 2134. 2134. 2134. 2134. 2134. 1768. 1768. 1768.   33.   33.   33.   33.
   33.   33. 
 33. 33. 33. 33. 33. 33. 33. 33. 33. 33. 33. 33. 33. 33. 33. 33. 33. 33.
 33. 33. 33. 33. 33. 33. 33. 33. 
   33.   33.   33.   33.   33. 1768. 1768. 1768.   33.   33.   33.   33.
   33.   33.   33. 1768. 1768. 1768. 2134. 2134. 2134. 2134. 2134. 2134.
 2134. 2134. 
 2134. 2134. 2134. 2134. 1768. 1768.   33.   33.   33.   33.   33.   33.
   33.   33.   33.   33.   33.   33.   33.   33.   33.   33.   33.   33.
   33.   33. 
 33. 33. 33. 33. 33. 33. 33. 33. 33. 33. 33. 33. 33. 33. 33. 33. 33. 33.
 33. 33. 33. 33. 33. 33. 33. 33. 
   33. 1768. 1768. 1768. 2134. 2134. 2134. 2134. 2134. 1768. 1768. 1768.
 1768. 2134. 2134. 2134. 1768. 1768.   33.   33.   33.   33.   33.   33.
   33.   33. 
 33. 33. 33. 33. 33. 33. 33. 33. 33. 33. 33. 33. 33. 33. 33. 33. 33. 33.
 33. 33. 33. 33. 33. 33. 33. 33. 
   33.   33.   33.   33.   33.   33.   33.   33.   33.   33.   33.   33.
   33.   33. 1768. 1768. 1768. 1768. 1768. 1768. 1768. 1768. 1768. 1768.
 1768. 1768. 
 2134. 2134. 2134. 1768.   33.   33.   33.   33.   33.   33.   33.   33.
   33.   33.   33.   33.   33.   33.   33.   33.   33.   33.   33.   33.
   33.   33. 
 33. 33. 33. 33. 33. 33. 33. 33. 33. 33. 33. 33. 33. 33. 33. 33. 33. 33.
 33. 33. 33. 33. 33. 33. 33. 33. 
 1768. 1768. 2134. 1768. 1768. 1768. 1768. 1768. 1768.   33. 1768. 2134.
 2134. 2134. 2134. 1768.   33.   33.   33.   33.   33.   33.   33.   33.
   33.   33. 
 33. 33. 33. 33. 33. 33. 33. 33. 33. 33. 33. 33. 33. 33. 33. 33. 33. 33.
 33. 33. 33. 33. 33. 33. 33. 33. 
   33.   33.   33.   33.   33.   33.   33.   33.   33.   33.   33.   33.
   33. 1768. 1768. 1768. 1768. 1768. 1768. 1768.   33.   33. 1768. 1768.
 2134. 2134. 
 2134. 1768.   33.   33.   33.   33.   33.   33.   33.   33.   33.   33.
   33.   33.   33.   33.   33.   33.   33.   33.   33.   33.   33.   33.
   33.   33. 
 33. 33. 33. 33. 33. 33. 33. 33. 33. 33. 33. 33. 33. 33. 33. 33. 33. 33.
 33. 33. 33. 33. 33. 33. 33. 33. 
   33. 1768. 1768. 1768.   33.   33.   33.   33. 1768. 1768. 2134. 2134.
 2134. 1768. 
/