PERMI
   30.   30.   30.   30.   30. 1085. 1085. 1559. 1559. 1559. 1559. 1559.
 1559. 1559. 1559. 1559. 1559. 1559. 1559. 1085. 1085. 1085. 1085. 1085.
 1085. 1085. 
 1085. 1085. 1085. 1085. 1085. 1085. 1085. 1085. 1559. 1559. 1559. 1085.
   30.   30.   30.   30.   30.   30.   30.   30.   30.   30.   30.   30.
   30.   30. 
   30.   30.   30.   30.   30.   30.   30.   30.   30. 1085. 1085. 1559.
   30.   30.   30.   30. 1085. 1085. 1559. 1559. 1559. 1559. 1559. 1559.
 1559. 1085. 
 1559. 1559. 1559. 1559. 1085. 1085. 1085. 1085. 1085. 1085. 1559. 1559.
 1559. 1559. 1559. 1085. 1085. 1085. 1085. 1085. 1559. 1559. 1559. 1085.
 1085.   30. 
   30.   30.   30.   30.   30.   30.   30.   30.   30.   30.   30.   30.
   30.   30.   30.   30.   30.   30.   30.   30.   30. 1085. 1085. 1559.
   30.   30. 
   30. 1085. 1085. 1559. 1559. 1559. 1559. 1559. 1085. 1085. 1085. 1085.
 1085. 1085. 1085. 1085. 1085. 1085.   30. 1085. 1085. 1559. 1559. 1559.
 1559. 1559. 
 1559. 1559. 1559. 1559. 1559. 1559. 1559. 1559. 1559. 1085. 1085.   30.
   30.   30.   30.   30.   30.   30.   30.   30.   30.   30.   30.   30.
   30.   30. 
   30.   30.   30.   30.   30.   30.   30. 1085. 1085. 1559.   30.   30.
   30. 1085. 1085. 1559. 1559. 1559. 1085. 1085. 1085. 1085. 1085.   30.
   30. 1085. 
 1085. 1085.   30.   30.   30. 1085. 1085. 1559. 1559. 1559. 1559. 1559.
 1559. 1559. 1559. 1559. 1559. 1559. 1559. 1559. 1085. 1085. 1085.   30.
   30.   30. 
   30.   30.   30.   30.   30.   30.   30.   30.   30.   30.   30.   30.
   30.   30.   30.   30.   30.   30. 1085. 1085. 1559. 1559.   30.   30.
   30. 1085. 
 1085. 1559. 1559. 1559. 1085.   30.   30.   30.   30.   30.   30.   30.
   30.   30.   30.   30. 1085. 1085. 1559. 1559. 1559. 1085. 1085. 1085.
 1085. 1559. 
 1559. 1559. 1559. 1085. 1085. 1085. 1085. 1085.   30.   30.   30.   30.
   30.   30.   30.   30.   30.   30.   30.   30.   30.   30.   30.   30.
   30.   30. 
   30.   30.   30.   30. 1085. 1085. 1559. 1559.   30.   30.   30. 1085.
 1085. 1559. 1559. 1559. 1085.   30.   30.   30.   30.   30.   30.   30.
   30.   30. 
   30.   30. 1085. 1085. 1559. 1559. 1559. 1085. 1085. 1085. 1085. 1085.
 1085. 1085. 1085. 1085. 1085. 1085. 1085.   30.   30.   30.   30.   30.
   30.   30. 
   30.   30.   30.   30.   30.   30.   30.   30.   30.   30.   30.   30.
   30.   30.   30.   30.   30. 1085. 1559. 1559.   30.   30.   30. 1085.
 1559. 1559. 
 1559. 1085. 1085.   30.   30.   30.   30.   30.   30.   30.   30.   30.
   30.   30.   30. 1085. 1085. 1559. 1559. 1559. 1085. 1085.   30.   30.
 1085. 1085. 
 1085. 1085.   30.   30.   30.   30.   30.   30.   30.   30.   30.   30.
   30.   30.   30.   30.   30.   30.   30.   30.   30.   30.   30.   30.
   30.   30. 
   30.   30.   30. 1085. 1559. 1559.   30.   30.   30. 1085. 1559. 1559.
 1559. 1085. 1085.   30.   30.   30.   30.   30.   30.   30.   30.   30.
   30.   30. 
   30. 1085. 1085. 1559. 1559. 1559. 1085. 1085.   30.   30.   30.   30.
   30.   30.   30.   30.   30.   30.   30.   30.   30.   30.   30.   30.
   30.   30. 
   30.   30.   30.   30.   30.   30.   30.   30.   30.   30.   30.   30.
   30.   30.   30. 1085. 1085. 1559.   30.   30.   30. 1085. 1085. 1559.
 1559. 1559. 
 1085.   30.   30.   30.   30.   30.   30.   30.   30.   30.   30.   30.
   30. 1085. 1085. 1559. 1559. 1559. 1085. 1085. 1085.   30.   30.   30.
   30.   30. 
   30.   30.   30.   30.   30.   30.   30.   30.   30.   30.   30.   30.
   30.   30.   30.   30.   30.   30. 1085. 1085. 1085. 1085. 1085. 1085.
 1085. 1085. 
   30. 1085. 1085. 1559. 1085. 1085. 1085. 1085. 1085. 1559. 1559. 1559.
 1085.   30.   30.   30.   30.   30.   30.   30.   30.   30.   30.   30.
   30. 1085. 
 1085. 1085. 1559. 1559. 1559. 1085. 1085.   30.   30.   30.   30.   30.
   30.   30.   30.   30.   30.   30.   30.   30.   30.   30.   30.   30.
   30.   30. 
   30.   30. 1085. 1085. 1085. 1559. 1559. 1559. 1559. 1085. 1085. 1085.
 1085. 1085. 1085. 1559. 1085. 1085. 1085. 1085. 1085. 1559. 1559. 1559.
 1085. 1085. 
   30.   30.   30.   30.   30.   30.   30.   30. 1085. 1085. 1085. 1085.
 1085. 1085. 1559. 1559. 1559. 1085. 1085.   30.   30.   30.   30.   30.
   30.   30. 
   30.   30.   30.   30.   30.   30.   30.   30.   30.   30.   30.   30.
   30.   30. 1085. 1085. 1559. 1559. 1559. 1559. 1559. 1559. 1559. 1559.
 1559. 1559. 
 1559. 1559. 1559. 1559. 1559. 1085. 1085. 1559. 1559. 1559. 1085. 1085.
   30.   30.   30.   30.   30.   30. 1085. 1085. 1085. 1085. 1085. 1085.
 1085. 1085. 
 1559. 1559. 1559. 1085. 1085.   30.   30.   30.   30.   30.   30.   30.
   30.   30.   30.   30.   30.   30.   30.   30.   30.   30.   30.   30.
   30.   30. 
 1085. 1559. 1559. 1559. 1559. 1559. 1559. 1559. 1559. 1559. 1559. 1559.
 1559. 1559. 1559. 1559. 1559. 1559. 1559. 1559. 1559. 1559. 1085. 1085.
   30.   30. 
   30.   30. 1085. 1085. 1085. 1085. 1085. 1559. 1559. 1559. 1559. 1559.
 1559. 1559. 1559. 1085. 1085.   30.   30.   30.   30.   30.   30.   30.
   30.   30. 
   30.   30.   30.   30.   30.   30.   30.   30.   30.   30.   30.   30.
 1085. 1559. 1559. 1559. 1085. 1085. 1085. 1085. 1559. 1559. 1559. 1559.
 1559. 1559. 
 1559. 1559. 1559. 1559. 1559. 1559. 1559. 1085. 1085.   30.   30.   30.
   30. 1085. 1085. 1085. 1559. 1559. 1559. 1559. 1559. 1559. 1559. 1559.
 1559. 1559. 
 1559. 1085. 1085.   30.   30.   30.   30.   30.   30.   30.   30.   30.
   30.   30.   30.   30.   30.   30.   30.   30.   30.   30.   30.   30.
 1085. 1559. 
 1559. 1559. 1559. 1085. 1085. 1085. 1085. 1085. 1085. 1559. 1085. 1085.
 1085. 1085. 1559. 1559. 1559. 1559. 1559. 1085. 1085.   30.   30.   30.
 1085. 1085. 
 1085. 1559. 1559. 1559. 1559. 1559. 1559. 1559. 1559. 1559. 1559. 1559.
 1085. 1085. 1085.   30.   30.   30.   30.   30.   30.   30.   30.   30.
   30.   30. 
   30.   30.   30.   30.   30.   30.   30.   30.   30.   30. 1085. 1085.
 1559. 1559. 1559. 1085. 1085. 1085. 1085. 1085. 1085. 1085. 1085. 1085.
 1085. 1085. 
 1085. 1085. 1085. 1085. 1085. 1085.   30.   30.   30.   30. 1085. 1085.
 1559. 1559. 1559. 1559. 1559. 1559. 1085. 1085. 1085. 1085. 1085. 1085.
 1085. 1085. 
 1085.   30.   30.   30.   30.   30.   30.   30.   30.   30.   30.   30.
   30.   30.   30.   30.   30.   30.   30.   30.   30.   30.   30. 1085.
 1559. 1559. 
 1559. 1559. 1085. 1559. 1559. 1559. 1559. 1085. 1085. 1085.   30.   30.
 1085. 1085. 1085. 1085. 1085.   30.   30.   30.   30.   30. 1085. 1085.
 1559. 1559. 
 1559. 1559. 1085. 1085. 1085. 1085. 1085. 1085. 1085. 1085. 1085. 1085.
   30.   30.   30.   30.   30.   30.   30.   30.   30.   30.   30.   30.
   30.   30. 
   30.   30.   30.   30.   30.   30.   30.   30.   30. 1085. 1085. 1559.
 1559. 1559. 1085. 1085. 1559. 1559. 1559. 1559. 1559. 1559.   30.   30.
   30.   30. 
   30.   30.   30.   30.   30.   30.   30.   30. 1085. 1085. 1085. 1559.
 1559. 1559. 1085. 1085. 1085.   30.   30.   30.   30.   30.   30.   30.
   30.   30. 
   30.   30.   30.   30.   30.   30.   30.   30.   30.   30.   30.   30.
   30.   30.   30.   30.   30.   30.   30.   30.   30. 1085. 1085. 1559.
 1559. 1559. 
 1559. 1085. 1085. 1559. 1559. 1559. 1559. 1559.   30.   30.   30.   30.
   30.   30.   30.   30.   30.   30.   30.   30.   30. 1085. 1085. 1559.
 1559. 1559. 
 1559. 1085. 1085.   30.   30.   30.   30.   30.   30.   30.   30.   30.
   30.   30.   30.   30.   30.   30.   30.   30.   30.   30.   30.   30.
   30. 1085. 
 1085. 1085. 1085. 1085. 1085. 1085. 1085. 1085. 1085. 1085. 1559. 1559.
 1559. 1559. 1085. 1085. 1559. 1559. 1559. 1559.   30.   30.   30.   30.
   30.   30. 
   30.   30.   30.   30.   30.   30.   30. 1085. 1085. 1559. 1559. 1559.
 1559. 1085. 1085. 1085.   30.   30.   30.   30.   30.   30.   30.   30.
   30.   30. 
   30.   30.   30.   30.   30.   30.   30.   30.   30.   30. 1085. 1085.
 1085. 1559. 1559. 1559. 1085. 1085. 1085. 1085. 1085. 1085. 1085. 1559.
 1559. 1559. 
 1085. 1085. 1085. 1085. 1085. 1085.   30.   30.   30.   30.   30.   30.
   30.   30. 1085. 1085. 1085. 1085. 1085. 1085. 1085. 1085. 1559. 1559.
 1559. 1559. 
 1085. 1085. 1085.   30.   30.   30.   30.   30.   30.   30.   30.   30.
   30.   30.   30.   30.   30.   30.   30.   30.   30. 1085. 1085. 1085.
 1559. 1559. 
 1559. 1559. 1559. 1559. 1559. 1559. 1085. 1085. 1085. 1559. 1559. 1559.
 1085. 1085.   30.   30.   30. 1085.   30.   30.   30.   30.   30.   30.
   30. 1085. 
 1085. 1085. 1085. 1085. 1085. 1085. 1085. 1085. 1085. 1559. 1559. 1559.
 1559. 1085. 1085. 1085.   30.   30.   30.   30.   30.   30.   30.   30.
   30.   30. 
   30.   30.   30.   30.   30.   30.   30. 1085. 1085. 1559. 1559. 1559.
 1559. 1559. 1559. 1559. 1559. 1559. 1559. 1559. 1559. 1559. 1559. 1559.
 1085. 1085. 
   30.   30.   30.   30.   30.   30.   30.   30.   30.   30.   30. 1085.
 1085. 1559. 1559. 1559. 1559. 1559. 1085. 1085. 1085. 1085. 1559. 1559.
 1559. 1559. 
 1085. 1085.   30.   30.   30.   30.   30.   30.   30.   30.   30.   30.
   30.   30.   30.   30.   30.   30.   30. 1085. 1085. 1559. 1559. 1559.
 1085. 1085. 
 1559. 1559. 1559. 1559. 1559. 1559. 1559. 1559. 1559. 1559. 1085.   30.
   30.   30.   30.   30.   30.   30.   30.   30.   30.   30. 1085. 1085.
 1559. 1559. 
 1559. 1559. 1559. 1559. 1559. 1085. 1085. 1085. 1085. 1559. 1559. 1559.
 1085. 1085.   30.   30.   30.   30.   30.   30.   30.   30.   30.   30.
   30.   30. 
   30.   30.   30.   30.   30.   30. 1085. 1085. 1559. 1559. 1559. 1085.
 1085. 1085. 1085. 1559. 1559. 1559. 1559. 1559. 1085. 1085. 1085.   30.
   30.   30. 
   30.   30.   30.   30.   30.   30.   30.   30. 1085. 1085. 1559. 1559.
 1559. 1559. 1559. 1559. 1559. 1559. 1559. 1559. 1559. 1559. 1559. 1559.
 1085. 1085. 
   30.   30.   30.   30.   30.   30.   30.   30.   30.   30.   30.   30.
   30.   30.   30.   30.   30.   30. 1085. 1085. 1559. 1559. 1559. 1085.
 1085. 1085. 
 1085. 1085. 1085. 1085. 1085. 1085. 1085. 1085.   30.   30.   30.   30.
   30.   30.   30.   30.   30.   30.   30.   30. 1085. 1085. 1559. 1559.
 1559. 1085. 
 1085. 1559. 1559. 1559. 1559. 1559. 1559. 1559. 1559. 1559. 1085. 1085.
   30.   30.   30.   30.   30.   30.   30.   30.   30.   30.   30.   30.
   30.   30. 
   30. 1085. 1085. 1085. 1085. 1085. 1085. 1559. 1559. 1559. 1085. 1085.
 1085. 1085. 1559. 1085. 1085. 1085.   30.   30.   30.   30.   30.   30.
   30.   30. 
 1085. 1085. 1085. 1085. 1085.   30. 1085. 1085. 1559. 1559. 1559. 1085.
 1085. 1085. 1085. 1559. 1559. 1559. 1559. 1559. 1559. 1085. 1085. 1085.
   30.   30. 
   30.   30.   30.   30.   30.   30.   30.   30.   30.   30.   30. 1085.
 1085. 1085. 1085. 1559. 1559. 1085. 1085. 1559. 1559. 1559. 1559. 1085.
 1085. 1559. 
 1559. 1559. 1559. 1085.   30.   30.   30.   30.   30.   30.   30.   30.
 1085. 1085. 1085. 1085. 1085. 1085. 1085. 1085. 1559. 1559. 1559. 1559.
 1085. 1085. 
 1085. 1085. 1085. 1085. 1085. 1085. 1085. 1085. 1085.   30.   30.   30.
   30.   30.   30.   30.   30.   30.   30.   30.   30.   30. 1085. 1085.
 1085. 1559. 
 1559. 1559. 1559. 1559. 1085. 1085. 1559. 1559. 1559. 1559. 1085. 1085.
 1559. 1559. 1085. 1085.   30.   30.   30.   30.   30.   30.   30.   30.
 1559. 1559. 
 1559. 1559. 1085. 1085. 1085. 1085. 1085. 1559. 1559. 1559. 1085.   30.
   30. 1085. 1085. 1085. 1085. 1085. 1085. 1085.   30.   30.   30.   30.
   30.   30. 
   30.   30.   30.   30.   30.   30.   30.   30. 1085. 1559. 1559. 1559.
 1559. 1559. 1559. 1559. 1559. 1085. 1085. 1559. 1559. 1559. 1085. 1085.
 1085. 1559. 
 1085. 1085.   30.   30.   30.   30.   30.   30.   30.   30. 1559. 1559.
 1559. 1559. 1559. 1085. 1085. 1085. 1085. 1559. 1559. 1559. 1085. 1085.
   30.   30. 
   30.   30.   30.   30.   30.   30.   30.   30.   30.   30.   30.   30.
   30.   30.   30.   30.   30.   30.   30. 1085. 1085. 1559. 1559. 1559.
 1559. 1085. 
 1085. 1085. 1085. 1085. 1085. 1085. 1559. 1559. 1559. 1085. 1085. 1085.
 1085.   30.   30.   30.   30.   30.   30.   30.   30.   30. 1559. 1559.
 1559. 1559. 
 1559. 1559. 1559. 1085. 1085. 1559. 1559. 1559. 1085. 1085.   30.   30.
   30.   30.   30.   30.   30.   30.   30.   30.   30.   30.   30.   30.
   30.   30. 
   30.   30.   30.   30.   30. 1085. 1085. 1559. 1559. 1559. 1085. 1085.
 1085. 1085. 1085. 1085. 1085. 1085. 1559. 1559. 1559. 1085. 1085.   30.
   30.   30. 
   30.   30.   30.   30.   30.   30.   30.   30. 1085. 1085. 1559. 1559.
 1559. 1559. 1559. 1559. 1085. 1559. 1559. 1559. 1085. 1085.   30.   30.
   30.   30. 
   30.   30.   30.   30.   30.   30.   30.   30.   30.   30.   30.   30.
   30.   30.   30.   30.   30. 1085. 1085. 1559. 1559. 1085. 1085. 1085.
 1085. 1559. 
 1559. 1559. 1559. 1559. 1559. 1559. 1559. 1085. 1085.   30.   30.   30.
   30.   30.   30.   30.   30.   30.   30.   30. 1085. 1085. 1085. 1085.
 1559. 1559. 
 1559. 1559. 1559. 1559. 1559. 1559. 1085. 1085.   30.   30.   30.   30.
   30.   30.   30.   30.   30.   30.   30.   30.   30.   30.   30.   30.
   30.   30. 
   30.   30.   30. 1085. 1085. 1559. 1085. 1085. 1085. 1559. 1559. 1559.
 1559. 1559. 1559. 1559. 1559. 1559. 1085. 1085. 1085.   30.   30.   30.
   30.   30. 
   30.   30.   30.   30.   30.   30. 1085. 1085. 1085. 1085. 1085. 1085.
 1559. 1559. 1559. 1559. 1559. 1085. 1085.   30.   30.   30.   30.   30.
   30.   30. 
   30.   30.   30.   30.   30.   30.   30.   30.   30.   30.   30.   30.
   30.   30.   30.   30. 1085. 1085. 1085. 1085. 1559. 1559. 1559. 1559.
 1559. 1559. 
 1559. 1559. 1085. 1085. 1085. 1085.   30.   30.   30.   30.   30.   30.
   30.   30.   30.   30.   30.   30. 1085. 1085.   30. 1085. 1085. 1085.
 1085. 1085. 
 1559. 1559. 1085. 1085. 1085.   30.   30.   30.   30.   30.   30.   30.
   30.   30.   30.   30.   30.   30.   30.   30.   30.   30.   30.   30.
   30.   30. 
   30.   30. 1085. 1085. 1085. 1559. 1559. 1559. 1559. 1559. 1085. 1085.
 1085. 1085. 1085. 1085. 1085.   30.   30.   30.   30.   30.   30.   30.
   30.   30. 
   30.   30.   30.   30. 1085. 1085.   30.   30. 1085. 1085. 1085. 1085.
 1085. 1085. 1085. 1085.   30.   30.   30.   30.   30.   30.   30.   30.
   30.   30. 
   30.   30.   30.   30.   30.   30.   30.   30.   30.   30.   30.   30.
   30.   30.   30. 1085. 1085. 1559. 1559. 1559. 1085. 1085. 1085. 1085.
 1085. 1085. 
   30.   30.   30.   30.   30.   30.   30.   30.   30.   30.   30.   30.
   30.   30.   30.   30. 1085. 1085.   30.   30.   30.   30.   30. 1085.
 1085. 1085. 
 1085.   30.   30.   30.   30.   30.   30.   30.   30.   30.   30.   30.
   30.   30.   30.   30.   30.   30.   30.   30.   30.   30.   30.   30.
   30.   30. 
   30. 1085. 1085. 1559. 1559. 1559. 1085. 1085.   30.   30.   30.   30.
   30.   30.   30.   30.   30.   30.   30.   30.   30.   30.   30.   30.
   30.   30. 
   30.   30. 1085. 1085.   30.   30.   30.   30.   30.   30.   30.   30.
   30.   30.   30.   30.   30.   30.   30.   30.   30.   30.   30.   30.
   30.   30. 
   30.   30.   30.   30.   30.   30.   30.   30.   30.   30.   30.   30.
   30. 1085. 1085. 1559. 1559. 1559. 1559. 1085. 1085.   30.   30.   30.
   30.   30. 
   30.   30.   30.   30.   30.   30.   30.   30.   30.   30.   30.   30.
   30.   30. 1085.   30.   30.   30.   30.   30.   30.   30.   30.   30.
   30.   30. 
   30.   30.   30.   30.   30.   30.   30.   30.   30.   30.   30.   30.
   30.   30.   30.   30.   30.   30.   30.   30.   30.   30.   30.   30.
   30. 1085. 
 1085. 1085. 1559. 1559. 1559. 1085. 1085.   30.   30.   30.   30.   30.
   30.   30.   30.   30.   30.   30.   30.   30.   30.   30.   30.   30.
   30.   30. 
 1085.   30.   30.   30.   30.   30.   30.   30.   30.   30.   30.   30.
   30.   30.   30.   30.   30.   30.   30.   30.   30.   30.   30.   30.
   30.   30. 
   30.   30.   30.   30.   30.   30.   30.   30. 1085.   30. 1085. 1085.
 1085. 1085. 1559. 1559. 1559. 1085. 1085.   30.   30.   30.   30.   30.
   30.   30. 
   30.   30.   30.   30.   30.   30.   30.   30.   30.   30.   30.   30.
 1085.   30.   30.   30.   30.   30.   30.   30.   30.   30.   30.   30.
   30.   30. 
   30.   30.   30.   30.   30.   30.   30.   30.   30.   30.   30.   30.
   30.   30. 1085. 1085. 1085. 1085. 1085. 1085. 1085. 1085. 1085. 1559.
 1085. 1085. 
 1559. 1559. 1559. 1085. 1085.   30.   30.   30.   30.   30.   30.   30.
   30.   30.   30.   30.   30.   30.   30.   30.   30.   30.   30.   30.
   30.   30. 
   30.   30.   30.   30.   30.   30.   30.   30.   30.   30.   30.   30.
   30.   30.   30.   30.   30.   30.   30.   30.   30.   30.   30.   30.
   30. 1085. 
 1085. 1559. 1559. 1559. 1559. 1559. 1559. 1559. 1559. 1559. 1559. 1085.
 1085. 1559. 1559. 1559. 1085. 1085.   30.   30.   30.   30.   30.   30.
   30.   30. 
 30. 30. 30. 30. 30. 30. 30. 30. 30. 30. 30. 30. 30. 30. 30. 30. 30. 30.
 30. 30. 30. 30. 30. 30. 30. 30. 
   30.   30.   30.   30.   30.   30.   30.   30.   30.   30. 1085. 1085.
 1559. 1559. 1559. 1559. 1559. 1559. 1559. 1559. 1559. 1559. 1085. 1085.
 1559. 1559. 
 1559. 1559. 1085. 1085.   30.   30.   30.   30.   30.   30.   30.   30.
   30.   30.   30.   30.   30.   30.   30.   30.   30.   30.   30.   30.
   30.   30. 
   30.   30.   30.   30.   30.   30.   30.   30.   30.   30.   30.   30.
   30.   30.   30.   30.   30.   30.   30.   30.   30.   30. 1085. 1559.
 1559. 1559. 
 1559. 1559. 1559. 1559. 1559. 1559. 1559. 1559. 1085. 1085. 1559. 1559.
 1559. 1559. 1085. 1085.   30.   30.   30.   30.   30.   30.   30.   30.
   30.   30. 
 30. 30. 30. 30. 30. 30. 30. 30. 30. 30. 30. 30. 30. 30. 30. 30. 30. 30.
 30. 30. 30. 30. 30. 30. 30. 30. 
   30.   30.   30.   30.   30.   30.   30.   30. 1085. 1085. 1559. 1559.
 1559. 1085. 1085. 1085. 1085. 1085. 1085. 1085. 1085. 1085. 1559. 1559.
 1559. 1559. 
 1085. 1085.   30.   30.   30.   30.   30.   30.   30.   30.   30.   30.
   30.   30.   30.   30.   30.   30.   30.   30.   30.   30.   30.   30.
   30.   30. 
   30.   30.   30.   30.   30.   30.   30.   30.   30.   30.   30.   30.
   30.   30.   30.   30.   30.   30.   30.   30. 1085. 1085. 1559. 1559.
 1559. 1085. 
 1085. 1085. 1085. 1085. 1085. 1085. 1085. 1085. 1559. 1559. 1559. 1559.
 1085. 1085.   30.   30.   30.   30.   30.   30.   30.   30.   30.   30.
   30.   30. 
 30. 30. 30. 30. 30. 30. 30. 30. 30. 30. 30. 30. 30. 30. 30. 30. 30. 30.
 30. 30. 30. 30. 30. 30. 30. 30. 
   30.   30.   30.   30.   30.   30.   30. 1085. 1559. 1559. 1085. 1085.
 1085. 1085. 1085. 1085. 1085. 1085. 1085. 1559. 1559. 1559. 1559. 1559.
 1085. 1085. 
 30. 30. 30. 30. 30. 30. 30. 30. 30. 30. 30. 30. 30. 30. 30. 30. 30. 30.
 30. 30. 30. 30. 30. 30. 30. 30. 
   30.   30.   30.   30.   30.   30.   30.   30.   30.   30.   30.   30.
   30.   30.   30.   30.   30.   30.   30. 1085. 1559. 1085. 1085. 1085.
 1559. 1559. 
 1559. 1559. 1559. 1559. 1559. 1559. 1559. 1559. 1559. 1559. 1085.   30.
   30.   30.   30.   30.   30.   30.   30.   30.   30.   30.   30.   30.
   30.   30. 
 30. 30. 30. 30. 30. 30. 30. 30. 30. 30. 30. 30. 30. 30. 30. 30. 30. 30.
 30. 30. 30. 30. 30. 30. 30. 30. 
   30.   30.   30.   30.   30. 1085. 1085. 1085. 1085. 1559. 1559. 1559.
 1559. 1559. 1559. 1559. 1559. 1559. 1559. 1559. 1559. 1085. 1085.   30.
   30.   30. 
 30. 30. 30. 30. 30. 30. 30. 30. 30. 30. 30. 30. 30. 30. 30. 30. 30. 30.
 30. 30. 30. 30. 30. 30. 30. 30. 
   30.   30.   30.   30.   30.   30.   30.   30.   30.   30. 1085. 1085.
   30.   30.   30.   30.   30.   30. 1085. 1085. 1559. 1559. 1559. 1559.
 1559. 1559. 
 1559. 1559. 1559. 1559. 1559. 1085. 1085. 1085.   30.   30.   30.   30.
   30.   30.   30.   30.   30.   30.   30.   30.   30.   30.   30.   30.
   30.   30. 
   30.   30.   30.   30.   30.   30.   30.   30.   30.   30.   30.   30.
   30.   30.   30.   30.   30.   30.   30.   30. 1085. 1085. 1085. 1085.
 1085. 1085. 
 1085. 1085. 1085. 1085. 1085. 1085. 1559. 1559. 1559. 1559. 1085. 1559.
 1559. 1559. 1085. 1085. 1085. 1085. 1085. 1085.   30.   30.   30.   30.
   30.   30. 
 30. 30. 30. 30. 30. 30. 30. 30. 30. 30. 30. 30. 30. 30. 30. 30. 30. 30.
 30. 30. 30. 30. 30. 30. 30. 30. 
   30.   30.   30.   30.   30. 1085. 1085. 1559. 1559. 1559. 1559. 1559.
 1559. 1559. 1559. 1559. 1559. 1085. 1559. 1559. 1559. 1559. 1085. 1085.
 1085. 1085. 
 1085. 1085. 1085. 1085.   30.   30.   30.   30.   30.   30.   30.   30.
   30.   30.   30.   30.   30.   30.   30.   30.   30.   30.   30.   30.
   30.   30. 
   30.   30.   30.   30.   30.   30.   30.   30.   30.   30.   30.   30.
   30.   30.   30.   30. 1085. 1085. 1559. 1559. 1559. 1559. 1559. 1559.
 1559. 1559. 
 1559. 1559. 1559. 1085. 1085. 1559. 1559. 1559. 1085. 1085. 1085. 1085.
 1085.   30.   30.   30.   30.   30.   30.   30.   30.   30.   30.   30.
   30.   30. 
   30.   30.   30.   30.   30.   30.   30.   30.   30.   30. 1085. 1085.
   30.   30.   30.   30.   30.   30.   30.   30.   30.   30.   30.   30.
   30.   30. 
   30. 1085. 1085. 1559. 1559. 1559. 1559. 1559. 1559. 1559. 1559. 1559.
 1559. 1559. 1559. 1085. 1085. 1559. 1559. 1559. 1559. 1085. 1085.   30.
   30.   30. 
   30.   30.   30.   30.   30.   30.   30.   30.   30.   30.   30.   30.
   30.   30.   30.   30.   30.   30.   30.   30.   30. 1085. 1085. 1085.
   30.   30. 
   30.   30.   30.   30.   30.   30.   30.   30.   30.   30.   30.   30.
   30. 1085. 1085. 1559. 1559. 1559. 1085. 1085. 1085. 1085. 1559. 1559.
 1559. 1559. 
 1559. 1559. 1085. 1559. 1559. 1559. 1559. 1085. 1085.   30.   30.   30.
   30.   30.   30.   30.   30.   30.   30.   30.   30.   30.   30.   30.
   30.   30. 
   30.   30.   30.   30.   30.   30. 1085. 1085. 1559. 1559.   30.   30.
   30.   30.   30.   30.   30.   30.   30.   30.   30.   30.   30.   30.
   30. 1085. 
 1559. 1559. 1559. 1559. 1085. 1085. 1085. 1085. 1085. 1085. 1085. 1085.
 1085. 1085. 1085. 1085. 1559. 1559. 1559. 1559. 1085.   30.   30.   30.
   30.   30. 
   30.   30.   30.   30.   30.   30.   30.   30.   30.   30.   30.   30.
   30.   30.   30.   30.   30.   30. 1085. 1559. 1559. 1559.   30.   30.
   30.   30. 
   30.   30.   30.   30.   30.   30.   30.   30.   30.   30.   30. 1085.
 1559. 1559. 1559. 1085. 1085.   30. 1085. 1085. 1085. 1085.   30.   30.
   30.   30. 
 1085. 1085. 1559. 1559. 1559. 1559. 1085. 1085.   30.   30.   30.   30.
   30.   30.   30.   30.   30.   30.   30.   30.   30.   30.   30.   30.
   30.   30. 
   30.   30.   30.   30. 1085. 1559. 1559. 1559.   30.   30.   30.   30.
   30.   30.   30.   30.   30.   30.   30.   30.   30.   30.   30. 1085.
 1559. 1559. 
 1559. 1085. 1085. 1085. 1085. 1085. 1085. 1085. 1085. 1085. 1085. 1085.
   30. 1085. 1559. 1559. 1559. 1559. 1085. 1085.   30.   30.   30.   30.
   30.   30. 
   30.   30.   30.   30.   30.   30.   30.   30.   30.   30.   30.   30.
   30.   30.   30. 1085. 1085. 1559. 1559. 1559.   30.   30.   30.   30.
   30.   30. 
   30.   30.   30.   30.   30.   30.   30.   30.   30. 1085. 1085. 1559.
 1559. 1085. 1085. 1085. 1559. 1559. 1559. 1559. 1559. 1085. 1085. 1085.
 1085. 1085. 
 1085. 1559. 1559. 1559. 1085. 1085.   30.   30.   30.   30.   30.   30.
   30.   30.   30.   30.   30.   30.   30.   30.   30.   30.   30.   30.
   30.   30. 
   30. 1085. 1085. 1559. 1559. 1559.   30.   30.   30.   30.   30.   30.
   30.   30.   30.   30.   30.   30.   30.   30.   30.   30. 1085. 1559.
 1559. 1085. 
 1085. 1559. 1559. 1559. 1559. 1559. 1559. 1559. 1559. 1559. 1559. 1085.
 1085. 1559. 1559. 1559. 1085. 1085.   30.   30.   30.   30.   30.   30.
   30.   30. 
   30.   30.   30.   30.   30.   30.   30.   30.   30.   30.   30.   30.
   30.   30. 1085. 1559. 1559. 1559.   30.   30.   30.   30.   30.   30.
   30.   30. 
   30.   30.   30.   30.   30.   30.   30.   30. 1085. 1085. 1559. 1085.
 1559. 1559. 1559. 1559. 1559. 1559. 1559. 1559. 1559. 1559. 1559. 1559.
 1559. 1559. 
 1559. 1559. 1085. 1085.   30.   30.   30.   30.   30.   30.   30.   30.
   30.   30.   30.   30.   30.   30.   30.   30.   30.   30.   30.   30.
   30.   30. 
 1085. 1559. 1559. 1559.   30.   30.   30.   30.   30.   30.   30.   30.
   30.   30.   30.   30.   30.   30.   30.   30.   30. 1085. 1559. 1085.
 1559. 1559. 
 1559. 1559. 1085. 1085. 1559. 1559. 1559. 1559. 1559. 1559. 1559. 1559.
 1559. 1559. 1085. 1085.   30.   30.   30.   30.   30.   30.   30.   30.
   30.   30. 
   30.   30.   30.   30.   30.   30.   30.   30.   30.   30.   30.   30.
 1085. 1559. 1559. 1559.   30.   30.   30.   30.   30.   30.   30.   30.
   30.   30. 
   30.   30.   30.   30.   30.   30.   30. 1085. 1559. 1085. 1085. 1559.
 1559. 1559. 1085. 1085. 1085. 1085. 1085. 1085. 1559. 1559. 1559. 1559.
 1559. 1085. 
 1085.   30.   30.   30.   30.   30.   30.   30.   30.   30.   30.   30.
   30.   30.   30.   30.   30.   30.   30.   30.   30.   30.   30.   30.
 1085. 1559. 
 1559. 1559.   30.   30.   30.   30.   30.   30.   30.   30.   30.   30.
   30.   30.   30.   30.   30.   30.   30. 1085. 1559. 1085. 1085. 1559.
 1559. 1559. 
 1085. 1085.   30. 1085. 1085. 1085. 1085. 1085. 1085. 1085. 1085. 1085.
 1085.   30.   30.   30.   30.   30.   30.   30.   30.   30.   30.   30.
   30.   30. 
   30.   30.   30.   30.   30.   30.   30.   30.   30.   30. 1085. 1559.
 1559. 1559. 
/