PERMI
    7.    7.    7.    7.    7.    7.    7.    7.    7.    7.  708.  708.
 1123. 1123.  708.  708.    7.  708.  708.  708.  708.  708. 1123.  708.
  708.  708. 
    7.    7.    7.    7.    7.    7.    7.    7.    7.    7.    7.    7.
    7.  708. 1123. 1123. 1123. 1123. 1123.  708.  708. 1123. 1123.  708.
  708.  708. 
  708.  708.    7.    7.    7.    7.    7.    7.    7.    7.    7.    7.
    7.    7.    7.    7.    7.    7.    7.    7.    7.    7.    7.  708.
 1123. 1123. 
 1123.  708.  708.  708. 1123. 1123. 1123.  708.  708.    7.    7.    7.
    7.    7.    7.    7.    7.    7.    7.    7.    7.    7.    7.    7.
  708.  708. 
 1123. 1123. 1123. 1123.  708.  708. 1123. 1123. 1123.  708.  708.    7.
    7.    7.    7.    7.    7.    7.    7.    7.    7.    7.    7.    7.
    7.    7. 
    7.    7.    7.    7.    7.    7.    7.    7.    7.  708.  708. 1123.
 1123. 1123.  708.  708.  708. 1123. 1123.  708.    7.    7.    7.    7.
    7.    7. 
    7.    7.    7.    7.    7.    7.    7.    7.    7.    7.  708.  708.
 1123. 1123. 1123.  708.  708.  708. 1123. 1123. 1123. 1123.  708.  708.
    7.    7. 
    7.    7.    7.    7.    7.    7.    7.    7.    7.    7.    7.    7.
    7.    7.    7.    7.    7.    7.    7.    7.    7.    7.  708.  708.
 1123. 1123. 
 1123. 1123.  708.  708. 1123.  708.    7.    7.    7.    7.    7.    7.
    7.    7.    7.    7.    7.    7.    7.    7.    7.    7.  708.  708.
 1123. 1123. 
 1123.  708.  708.  708.  708. 1123. 1123. 1123. 1123.  708.  708.    7.
    7.    7.    7.    7.    7.    7.    7.    7.    7.    7.    7.    7.
    7.    7. 
    7.    7.    7.    7.    7.    7.    7.    7.    7.  708.  708. 1123.
 1123. 1123. 1123.  708. 1123. 1123.  708.    7.    7.    7.    7.    7.
    7.    7. 
    7.    7.    7.    7.    7.    7.    7.    7.    7.  708. 1123. 1123.
 1123. 1123.  708.  708.  708.  708. 1123. 1123. 1123. 1123.  708.    7.
    7.    7. 
    7.    7.    7.    7.    7.    7.    7.    7.    7.    7.    7.    7.
    7.    7.    7.    7.    7.    7.    7.    7.    7.  708.  708.  708.
 1123. 1123. 
 1123.  708. 1123. 1123.  708.  708.    7.    7.    7.    7.    7.    7.
    7.    7.    7.    7.    7.    7.    7.    7.    7.  708.  708. 1123.
 1123. 1123. 
  708.  708.  708.  708.  708. 1123. 1123. 1123.  708.  708.    7.    7.
    7.    7.    7.    7.    7.    7.    7.    7.    7.    7.    7.    7.
    7.    7. 
    7.    7.    7.    7.    7.    7.  708.  708.  708. 1123. 1123. 1123.
 1123.  708. 1123. 1123. 1123.  708.    7.    7.    7.    7.    7.    7.
    7.    7. 
    7.    7.    7.    7.    7.    7.    7.    7.  708.  708. 1123. 1123.
 1123.  708.    7.  708.  708. 1123. 1123. 1123.  708.  708.    7.    7.
    7.    7. 
    7.    7.    7.    7.    7.    7.    7.    7.    7.    7.    7.    7.
    7.    7.    7.    7.    7.  708.  708. 1123. 1123. 1123. 1123. 1123.
  708.  708. 
 1123. 1123. 1123.  708.    7.    7.    7.    7.    7.    7.    7.    7.
    7.    7.    7.    7.    7.    7.    7.    7.    7.  708. 1123. 1123.
 1123.  708. 
  708.  708.  708. 1123. 1123. 1123.  708.  708.    7.    7.    7.    7.
    7.    7.    7.    7.    7.    7.    7.    7.    7.    7.    7.    7.
    7.    7. 
    7.    7.  708.  708. 1123. 1123. 1123. 1123. 1123.  708.  708.  708.
 1123. 1123. 1123.  708.  708.    7.    7.    7.    7.    7.    7.    7.
    7.    7. 
    7.    7.    7.    7.    7.  708.  708.  708.  708. 1123. 1123. 1123.
  708. 1123. 1123. 1123. 1123.  708.  708.    7.    7.    7.    7.    7.
    7.    7. 
    7.    7.    7.    7.    7.    7.    7.    7.    7.    7.    7.    7.
    7.  708.  708. 1123. 1123. 1123. 1123.  708.  708.  708.    7.  708.
  708. 1123. 
 1123. 1123.  708.    7.    7.    7.    7.    7.    7.    7.    7.    7.
    7.    7.    7.    7.  708.  708.  708.  708.  708. 1123. 1123. 1123.
  708. 1123. 
 1123. 1123. 1123.  708.  708.    7.    7.    7.    7.    7.    7.    7.
    7.    7.    7.    7.    7.    7.    7.    7.    7.    7.    7.    7.
    7.  708. 
 1123. 1123. 1123.  708.  708.  708.  708.    7.    7.    7.  708. 1123.
 1123. 1123.  708.    7.    7.    7.    7.    7.    7.    7.    7.    7.
    7.    7. 
    7.  708.  708.  708.  708.  708. 1123. 1123. 1123. 1123.  708. 1123.
 1123. 1123.  708.  708.    7.    7.    7.    7.    7.    7.    7.    7.
    7.    7. 
    7.    7.    7.    7.    7.    7.    7.    7.    7.    7.    7.  708.
 1123. 1123. 1123.  708.  708.    7.    7.    7.  708.  708.  708. 1123.
 1123. 1123. 
  708.    7.    7.    7.    7.    7.    7.    7.    7.    7.    7.    7.
    7.  708.  708.  708.  708. 1123. 1123. 1123. 1123.  708.  708. 1123.
  708.  708. 
  708.  708.    7.    7.    7.    7.    7.    7.    7.    7.    7.    7.
    7.    7.    7.    7.    7.    7.    7.    7.    7.    7.    7.  708.
  708. 1123. 
 1123. 1123.  708.  708.  708.  708. 1123. 1123. 1123. 1123. 1123. 1123.
  708.    7.    7.    7.    7.    7.    7.    7.    7.    7.    7.    7.
  708.  708. 
  708. 1123. 1123. 1123. 1123. 1123.  708.  708.  708.  708.  708.  708.
    7.    7.    7.    7.    7.    7.    7.    7.    7.    7.    7.    7.
    7.    7. 
    7.    7.    7.    7.    7.    7.    7.    7.    7.    7.  708.  708.
 1123. 1123. 1123.  708.  708.  708. 1123. 1123. 1123. 1123. 1123.  708.
  708.    7. 
    7.    7.    7.    7.    7.    7.    7.    7.    7.    7.  708.  708.
 1123. 1123. 1123. 1123. 1123.  708.  708.  708.  708.    7.    7.    7.
    7.    7. 
    7.    7.    7.    7.    7.    7.    7.    7.    7.    7.    7.    7.
    7.    7.    7.    7.    7.    7.    7.    7.    7.    7.  708.  708.
  708. 1123. 
 1123. 1123. 1123.  708.  708. 1123. 1123. 1123.  708.  708.    7.    7.
    7.    7.    7.    7.    7.    7.    7.    7.    7.    7.  708.  708.
 1123. 1123. 
 1123.  708.  708.  708.    7.    7.    7.    7.    7.    7.    7.    7.
    7.    7.    7.    7.    7.    7.    7.    7.    7.    7.    7.    7.
    7.    7. 
    7.    7.    7.    7.    7.    7.    7.    7.    7.  708.  708.  708.
 1123. 1123. 1123.  708.  708.  708.  708.  708.  708.    7.    7.    7.
    7.    7. 
    7.    7.    7.    7.    7.    7.    7.    7.  708. 1123. 1123. 1123.
  708.  708.  708.    7.    7.    7.    7.    7.    7.    7.    7.    7.
    7.    7. 
    7.    7.    7.    7.    7.    7.    7.    7.    7.    7.    7.    7.
    7.    7.    7.    7.    7.    7.    7.    7.    7.    7.  708.  708.
  708. 1123. 
 1123. 1123.  708.  708.    7.    7.    7.    7.    7.    7.    7.    7.
    7.    7.    7.    7.    7.    7.    7.    7.  708. 1123. 1123. 1123.
  708.  708. 
 708.   7.   7.   7.   7.   7.   7.   7.   7.   7.   7.   7.   7.   7.
   7.   7.   7.   7.   7.   7.   7.   7.   7.   7.   7.   7. 
    7.    7.    7.    7.    7.    7.  708.  708.  708.  708. 1123. 1123.
 1123.  708.  708.    7.    7.    7.    7.    7.    7.    7.    7.    7.
    7.    7. 
    7.    7.    7.    7.    7.  708.  708. 1123. 1123. 1123.  708.  708.
    7.    7.    7.    7.    7.    7.    7.    7.    7.    7.    7.    7.
    7.    7. 
    7.    7.    7.    7.    7.    7.    7.    7.    7.    7.    7.    7.
    7.    7.    7.    7.  708.  708.  708. 1123. 1123. 1123. 1123. 1123.
 1123.  708. 
  708.    7.    7.    7.    7.    7.    7.    7.    7.    7.    7.    7.
    7.    7.    7.  708.  708.  708.  708. 1123. 1123. 1123.  708.  708.
    7.    7. 
 7. 7. 7. 7. 7. 7. 7. 7. 7. 7. 7. 7. 7. 7. 7. 7. 7. 7. 7. 7. 7. 7. 7. 7.
 7. 7. 
    7.  708.  708.  708. 1123. 1123. 1123. 1123. 1123. 1123.  708.  708.
    7.    7.    7.    7.    7.    7.    7.    7.    7.    7.    7.    7.
    7.    7. 
  708.  708.  708.  708.  708. 1123. 1123. 1123.  708.  708.    7.    7.
    7.    7.    7.    7.    7.    7.    7.    7.    7.    7.    7.    7.
    7.    7. 
    7.    7.    7.    7.    7.    7.    7.    7.    7.    7.    7.    7.
  708.  708. 1123. 1123. 1123. 1123. 1123. 1123.  708.  708.  708.  708.
    7.    7. 
    7.    7.    7.    7.    7.    7.    7.    7.    7.    7.  708.  708.
  708. 1123. 1123.  708.  708. 1123. 1123. 1123.  708.    7.    7.    7.
    7.    7. 
    7.    7.    7.    7.    7.    7.    7.    7.    7.    7.    7.    7.
    7.    7.    7.    7.    7.    7.    7.    7.    7.    7.    7.  708.
  708. 1123. 
 1123. 1123. 1123. 1123.  708.  708.  708.  708.    7.    7.    7.    7.
    7.    7.    7.    7.    7.    7.    7.    7.    7.    7.  708.  708.
 1123. 1123. 
 1123.  708. 1123. 1123. 1123. 1123.  708.    7.    7.    7.    7.    7.
    7.    7.    7.    7.    7.    7.    7.    7.    7.    7.    7.    7.
    7.    7. 
    7.    7.    7.    7.    7.    7.    7.    7.    7.  708.  708. 1123.
 1123. 1123.  708.  708.  708.  708.  708.  708.    7.    7.    7.    7.
    7.    7. 
    7.    7.    7.    7.    7.    7.    7.  708.  708. 1123. 1123.  708.
  708.  708. 1123. 1123. 1123.  708.  708.    7.    7.    7.    7.    7.
    7.    7. 
    7.    7.    7.    7.    7.    7.    7.    7.    7.    7.    7.    7.
    7.    7.    7.    7.    7.    7.    7.    7.    7.  708.  708. 1123.
 1123.  708. 
  708.  708. 1123. 1123.  708.  708.    7.    7.    7.    7.    7.    7.
    7.    7.    7.    7.    7.    7.    7.  708. 1123. 1123.  708.  708.
 1123. 1123. 
 1123. 1123. 1123.  708.    7.    7.    7.    7.    7.    7.    7.    7.
    7.    7.    7.    7.    7.    7.    7.    7.    7.    7.    7.    7.
    7.    7. 
    7.    7.    7.    7.    7.    7.    7.  708. 1123. 1123. 1123. 1123.
  708. 1123. 1123. 1123.  708.  708.    7.    7.    7.    7.    7.    7.
    7.    7. 
    7.    7.    7.    7.  708.  708. 1123.  708.  708. 1123. 1123. 1123.
 1123.  708.  708.    7.    7.    7.    7.    7.    7.    7.    7.    7.
    7.    7. 
    7.    7.    7.    7.    7.    7.    7.    7.    7.    7.    7.    7.
    7.    7.    7.    7.    7.    7.    7.  708.  708. 1123. 1123. 1123.
  708. 1123. 
 1123. 1123.  708.  708.    7.    7.    7.    7.    7.    7.    7.    7.
    7.    7.    7.    7.  708.  708. 1123.  708. 1123. 1123. 1123. 1123.
 1123.  708. 
 7. 7. 7. 7. 7. 7. 7. 7. 7. 7. 7. 7. 7. 7. 7. 7. 7. 7. 7. 7. 7. 7. 7. 7.
 7. 7. 
    7.    7.    7.    7.    7.  708.  708. 1123. 1123. 1123.  708. 1123.
 1123. 1123.  708.  708.    7.    7.    7.    7.    7.    7.    7.    7.
    7.    7. 
    7.    7.  708.  708.  708. 1123. 1123. 1123. 1123.  708.  708.    7.
    7.    7.    7.    7.    7.    7.    7.    7.    7.    7.    7.    7.
    7.    7. 
    7.    7.    7.    7.    7.    7.    7.    7.    7.    7.    7.    7.
    7.    7.    7.    7.    7.  708.  708. 1123. 1123. 1123.  708.  708.
 1123. 1123. 
  708.    7.    7.    7.    7.    7.    7.    7.    7.    7.    7.    7.
    7.    7.  708.  708.  708. 1123. 1123. 1123.  708.  708.    7.    7.
    7.    7. 
 7. 7. 7. 7. 7. 7. 7. 7. 7. 7. 7. 7. 7. 7. 7. 7. 7. 7. 7. 7. 7. 7. 7. 7.
 7. 7. 
    7.    7.    7.  708.  708. 1123. 1123. 1123.  708.  708. 1123.  708.
    7.    7.    7.    7.    7.    7.    7.    7.    7.    7.    7.    7.
    7.    7. 
  708.  708.  708. 1123. 1123. 1123.  708.    7.    7.    7.    7.    7.
    7.    7.    7.    7.    7.    7.    7.    7.    7.    7.    7.    7.
    7.    7. 
    7.    7.    7.    7.    7.    7.    7.    7.    7.    7.    7.    7.
    7.    7.    7.  708.  708. 1123. 1123. 1123. 1123.  708.  708.    7.
    7.    7. 
    7.    7.    7.    7.    7.    7.    7.    7.    7.    7.    7.    7.
  708.  708.  708. 1123. 1123. 1123.  708.    7.    7.    7.    7.    7.
    7.    7. 
   7.   7.   7.   7.   7.   7.   7.   7.   7.   7.   7.   7.   7.   7.
   7.   7.   7.   7.   7.   7.   7.   7.   7.   7. 708. 708. 
  708.  708.  708.  708. 1123. 1123. 1123.  708.  708.    7.    7.    7.
    7.    7.    7.    7.    7.    7.    7.    7.    7.    7.    7.    7.
  708.  708. 
  708. 1123. 1123. 1123.  708.    7.    7.    7.    7.    7.    7.    7.
    7.    7.    7.    7.    7.    7.    7.    7.    7.    7.    7.    7.
    7.    7. 
    7.    7.    7.    7.    7.    7.    7.  708.  708.  708.  708.  708.
  708. 1123. 1123. 1123. 1123. 1123. 1123.  708.    7.    7.    7.    7.
    7.    7. 
    7.    7.    7.    7.    7.    7.    7.    7.    7.    7.  708.  708.
  708. 1123. 1123. 1123.  708.  708.    7.    7.    7.    7.    7.    7.
    7.    7. 
    7.    7.    7.    7.    7.    7.    7.    7.    7.    7.    7.    7.
    7.    7.    7.    7.    7.    7.  708.  708.  708.  708. 1123. 1123.
 1123. 1123. 
 1123. 1123. 1123. 1123.  708.  708.    7.    7.    7.    7.    7.    7.
    7.    7.    7.    7.    7.  708.  708.  708.  708.  708.  708.  708.
  708. 1123. 
 1123. 1123. 1123.  708.    7.    7.    7.    7.    7.    7.    7.    7.
    7.    7.    7.    7.    7.    7.    7.    7.    7.    7.    7.    7.
    7.    7. 
    7.    7.    7.  708.  708. 1123. 1123. 1123. 1123. 1123. 1123. 1123.
 1123. 1123. 1123. 1123.  708.  708.    7.    7.    7.    7.    7.    7.
    7.    7. 
  708.  708.  708.  708.  708.  708.  708.  708.  708.  708.  708.  708.
 1123. 1123. 1123.  708.  708.    7.    7.    7.    7.    7.    7.    7.
    7.    7. 
    7.    7.    7.    7.    7.    7.    7.    7.    7.    7.    7.    7.
    7.    7.    7.  708.  708. 1123. 1123. 1123. 1123. 1123. 1123. 1123.
 1123. 1123. 
  708.  708.  708.  708.    7.    7.    7.    7.    7.    7.  708.  708.
  708. 1123. 1123. 1123. 1123. 1123. 1123. 1123. 1123. 1123. 1123.  708.
 1123. 1123. 
 1123. 1123.  708.  708.    7.    7.    7.    7.    7.    7.    7.    7.
    7.    7.    7.    7.    7.    7.    7.    7.    7.    7.    7.    7.
    7.    7. 
    7.  708. 1123. 1123. 1123. 1123. 1123.  708.  708.  708.  708.  708.
  708.  708. 1123.  708.  708.    7.    7.    7.    7.  708.  708. 1123.
 1123. 1123. 
 1123. 1123. 1123. 1123. 1123. 1123. 1123. 1123. 1123.  708.  708. 1123.
 1123. 1123.  708.  708.    7.    7.    7.    7.    7.    7.    7.    7.
    7.    7. 
    7.    7.    7.    7.    7.    7.    7.    7.    7.    7.    7.    7.
    7.  708. 1123. 1123. 1123.  708.  708.  708.  708.  708.    7.  708.
 1123. 1123. 
 1123. 1123. 1123.  708.    7.    7.    7.  708. 1123. 1123. 1123. 1123.
 1123. 1123. 1123. 1123. 1123. 1123. 1123. 1123.  708.  708.  708. 1123.
 1123. 1123. 
 1123.  708.    7.    7.    7.    7.    7.    7.    7.    7.    7.    7.
    7.    7.    7.    7.    7.    7.    7.    7.    7.    7.    7.    7.
    7.  708. 
 1123. 1123. 1123.  708.  708.    7.    7.    7.    7.    7.  708. 1123.
 1123. 1123. 1123. 1123.  708.    7.  708.  708. 1123. 1123. 1123.  708.
  708.  708. 
  708.  708.  708.  708.  708.  708.  708.  708.  708.  708. 1123. 1123.
 1123.  708.    7.    7.    7.    7.    7.    7.    7.    7.    7.    7.
    7.    7. 
    7.    7.    7.    7.    7.    7.    7.    7.    7.    7.    7.  708.
 1123. 1123. 1123. 1123.  708.  708.    7.    7.    7.    7.    7.  708.
  708. 1123. 
 1123. 1123.  708.  708.  708. 1123. 1123. 1123.  708.  708.    7.    7.
    7.    7.    7.    7.    7.    7.    7.    7.    7.  708. 1123. 1123.
 1123.  708. 
  708.    7.    7.    7.    7.    7.    7.    7.    7.    7.    7.    7.
    7.    7.    7.    7.    7.    7.    7.    7.    7.    7.    7.  708.
  708. 1123. 
 1123. 1123.  708.  708.    7.    7.    7.    7.    7.    7.  708. 1123.
 1123. 1123.  708.  708.  708. 1123. 1123. 1123.  708.    7.    7.    7.
    7.    7. 
    7.    7.    7.    7.    7.    7.    7.  708. 1123. 1123. 1123.  708.
  708.    7.    7.    7.    7.    7.    7.    7.    7.    7.    7.    7.
    7.    7. 
    7.    7.    7.    7.    7.    7.    7.    7.    7.  708.  708. 1123.
 1123. 1123. 1123.  708.  708.    7.    7.    7.    7.    7.  708. 1123.
 1123. 1123. 
  708.  708. 1123. 1123. 1123. 1123.  708.    7.    7.    7.    7.    7.
    7.    7.    7.    7.    7.    7.  708.  708. 1123. 1123. 1123.  708.
  708.    7. 
    7.    7.    7.    7.    7.    7.    7.    7.    7.    7.    7.    7.
    7.    7.    7.    7.  708.  708.  708.    7.    7.    7.  708. 1123.
 1123. 1123. 
 1123. 1123.  708.    7.    7.    7.  708.  708. 1123. 1123. 1123.  708.
  708.  708. 1123. 1123. 1123.  708.  708.    7.    7.    7.    7.    7.
    7.    7. 
    7.    7.    7.    7.  708. 1123. 1123. 1123. 1123.  708.    7.    7.
    7.    7.    7.    7.    7.    7.    7.    7.    7.    7.    7.    7.
    7.    7. 
  708.  708.  708.  708.  708.  708.  708.    7.  708. 1123.  708. 1123.
 1123. 1123.  708.  708.    7.  708.  708. 1123. 1123. 1123.  708.  708.
  708.  708. 
 1123. 1123. 1123.  708.  708.    7.    7.    7.    7.    7.    7.    7.
    7.    7.    7.  708.  708. 1123. 1123. 1123.  708.  708.    7.    7.
    7.    7. 
    7.    7.    7.    7.    7.    7.    7.    7.    7.    7.    7.    7.
  708.  708. 1123. 1123. 1123.  708.  708.  708.  708.  708. 1123. 1123.
 1123. 1123. 
  708.  708.  708.  708. 1123. 1123. 1123.  708.  708.  708.  708. 1123.
 1123. 1123. 1123.  708.  708.    7.    7.    7.    7.    7.    7.    7.
    7.    7. 
  708.  708. 1123. 1123. 1123. 1123.  708.    7.    7.    7.    7.    7.
    7.    7.    7.    7.    7.    7.    7.    7.    7.    7.    7.  708.
  708. 1123. 
 1123. 1123. 1123. 1123. 1123. 1123. 1123. 1123. 1123. 1123. 1123. 1123.
  708.    7.  708. 1123. 1123. 1123.  708.  708. 1123. 1123. 1123. 1123.
 1123. 1123. 
  708.  708.    7.    7.    7.    7.    7.    7.    7.    7.    7.    7.
  708. 1123. 1123. 1123. 1123. 1123.  708.    7.    7.    7.    7.    7.
    7.    7. 
    7.    7.    7.    7.    7.    7.    7.    7.    7.  708. 1123. 1123.
 1123. 1123. 1123. 1123. 1123. 1123. 1123. 1123. 1123. 1123.  708.  708.
  708.    7. 
  708. 1123. 1123. 1123.  708. 1123. 1123. 1123. 1123. 1123. 1123.  708.
  708.  708.    7.    7.    7.    7.    7.    7.    7.    7.    7.  708.
  708. 1123. 
 1123. 1123. 1123.  708.  708.    7.    7.    7.    7.    7.    7.    7.
    7.    7.    7.    7.    7.    7.    7.    7.  708.  708. 1123. 1123.
 1123.  708. 
  708.  708. 1123. 1123. 1123. 1123.  708.  708.  708.    7.    7.  708.
  708. 1123. 1123.  708. 1123. 1123. 1123. 1123. 1123. 1123.  708.  708.
  708.    7. 
    7.    7.    7.    7.    7.    7.    7.    7.    7.  708. 1123. 1123.
 1123. 1123.  708.  708.    7.    7.    7.    7.    7.    7.    7.    7.
    7.    7. 
    7.    7.    7.    7.    7.    7.  708.  708. 1123. 1123.  708.  708.
    7.  708.  708.  708.  708.  708.    7.    7.    7.    7.    7.  708.
  708. 1123. 
 1123.  708.  708. 1123.  708.  708.  708.  708.  708.  708.    7.    7.
    7.    7.    7.    7.    7.    7.    7.    7.  708.  708. 1123. 1123.
 1123. 1123. 
  708.    7.    7.    7.    7.    7.    7.    7.    7.    7.    7.    7.
    7.    7.    7.    7.    7.    7.  708. 1123. 1123. 1123.  708.  708.
    7.    7. 
    7.  708.  708.  708.    7.    7.    7.    7.  708.  708.  708. 1123.
 1123. 1123.  708.  708.  708.  708.  708.  708.    7.    7.    7.    7.
    7.    7. 
    7.    7.    7.    7.    7.    7.  708. 1123. 1123. 1123. 1123.  708.
    7.    7.    7.    7.    7.    7.    7.    7.    7.    7.    7.    7.
    7.    7. 
    7.    7.    7.    7.  708. 1123. 1123. 1123.  708.  708.    7.    7.
    7.    7.    7.    7.    7.    7.    7.  708.  708. 1123.  708. 1123.
 1123. 1123. 
  708.  708.    7.    7.    7.    7.    7.    7.    7.    7.    7.    7.
    7.    7.    7.    7.    7.    7.  708. 1123. 1123. 1123. 1123.  708.
    7.    7. 
    7.    7.    7.    7.    7.    7.    7.    7.    7.    7.    7.    7.
    7.    7.    7.    7.  708. 1123. 1123. 1123.  708.  708.    7.    7.
    7.    7. 
    7.    7.    7.    7.    7.  708.  708. 1123.  708. 1123. 1123. 1123.
  708.    7.    7.    7.    7.    7.    7.    7.    7.    7.    7.    7.
    7.    7. 
    7.    7.    7.    7.  708. 1123. 1123. 1123. 1123.  708.    7.    7.
    7.    7.    7.    7.    7.    7.    7.    7.    7.    7.    7.  708.
  708.  708. 
  708.  708.  708. 1123. 1123. 1123.  708.    7.    7.    7.    7.    7.
    7.    7.    7.    7.    7.  708.  708. 1123.  708. 1123. 1123. 1123.
  708.    7. 
    7.    7.    7.    7.    7.    7.    7.    7.    7.    7.    7.    7.
    7.    7.    7.    7.  708.  708. 1123. 1123. 1123.  708.    7.    7.
    7.    7. 
    7.    7.    7.    7.    7.    7.  708.  708.  708.  708.  708.  708.
  708. 1123. 1123. 1123. 1123.  708.  708.    7.    7.    7.    7.    7.
    7.    7. 
    7.    7.    7.  708.  708. 1123. 1123.  708. 1123. 1123. 1123.  708.
    7.    7.    7.    7.    7.    7.    7.    7.    7.    7.    7.    7.
    7.    7. 
    7.    7.    7.  708. 1123. 1123. 1123.  708.  708.    7.    7.    7.
    7.    7.    7.    7.    7.  708.  708.  708.  708. 1123. 1123. 1123.
 1123. 1123. 
 1123. 1123. 1123.  708.    7.    7.    7.    7.    7.    7.  708.  708.
  708.  708.  708.  708.  708. 1123. 1123.  708. 1123. 1123. 1123.  708.
    7.    7. 
    7.    7.    7.    7.    7.    7.    7.    7.    7.    7.    7.    7.
    7.    7.    7.  708. 1123. 1123. 1123.  708.  708.    7.    7.    7.
    7.    7. 
    7.    7.  708.  708. 1123. 1123. 1123. 1123. 1123. 1123. 1123. 1123.
 1123.  708.  708.  708.    7.    7.    7.    7.    7.  708.  708. 1123.
  708.  708. 
 1123.  708.  708. 1123. 1123.  708. 1123. 1123. 1123.  708.    7.    7.
    7.    7.    7.    7.    7.    7.    7.    7.    7.    7.    7.    7.
    7.  708. 
  708. 1123. 1123. 1123. 1123.  708.    7.    7.    7.    7.    7.    7.
    7.    7.  708.  708. 1123. 1123. 1123. 1123. 1123. 1123.  708.  708.
  708.  708. 
  708.    7.    7.    7.    7.  708.  708. 1123. 1123. 1123. 1123. 1123.
 1123. 1123. 1123. 1123.  708.  708. 1123. 1123. 1123.  708.    7.    7.
    7.    7. 
    7.    7.    7.    7.    7.    7.    7.    7.    7.    7.  708.  708.
 1123. 1123. 1123. 1123. 1123.  708.    7.    7.    7.    7.    7.    7.
    7.    7. 
  708.  708. 1123. 1123. 1123.  708.  708.  708.  708.  708.    7.    7.
    7.    7.    7.    7.  708.  708. 1123. 1123. 1123. 1123. 1123. 1123.
 1123.  708. 
  708.  708.  708. 1123. 1123. 1123. 1123.  708.    7.    7.    7.    7.
    7.    7.    7.    7.    7.    7.    7.    7.    7.  708.  708. 1123.
 1123. 1123. 
 1123. 1123.  708.    7.    7.    7.    7.    7.    7.    7.    7.    7.
  708. 1123. 1123. 1123.  708.  708.    7.    7.    7.    7.    7.    7.
    7.    7. 
    7.    7.  708. 1123. 1123. 1123. 1123. 1123. 1123.  708.  708. 1123.
 1123. 1123. 1123. 1123. 1123.  708.  708.    7.    7.    7.    7.    7.
    7.    7. 
    7.    7.    7.    7.    7.  708.  708. 1123. 1123. 1123. 1123. 1123.
 1123.  708.    7.    7.    7.    7.    7.    7.    7.    7.    7.    7.
  708. 1123. 
 1123. 1123.  708.  708.    7.    7.    7.    7.    7.    7.    7.    7.
    7.  708.  708. 1123. 1123. 1123.  708.  708.  708.  708. 1123. 1123.
 1123. 1123. 
 1123. 1123. 1123.  708.    7.    7.    7.    7.    7.    7.    7.    7.
    7.    7.    7.  708.  708.  708. 1123. 1123. 1123. 1123. 1123. 1123.
  708.  708. 
    7.    7.    7.    7.    7.    7.    7.    7.    7.    7.  708. 1123.
 1123. 1123. 1123.  708.    7.    7.    7.    7.    7.    7.    7.    7.
    7.  708. 
 1123. 1123. 1123.  708.  708.    7.  708. 1123. 1123. 1123. 1123. 1123.
 1123.  708.  708.  708.    7.    7.    7.    7.    7.    7.    7.    7.
    7.    7. 
  708.  708. 1123. 1123. 1123. 1123. 1123. 1123. 1123.  708.  708.    7.
    7.    7.    7.    7.    7.    7.    7.    7.    7.    7.  708.  708.
 1123. 1123. 
 1123.  708.  708.    7.    7.    7.    7.    7.    7.    7.    7.  708.
 1123. 1123. 1123.  708.  708.    7. 1123. 1123. 1123. 1123. 1123.  708.
  708.  708. 
    7.    7.    7.    7.    7.    7.    7.    7.    7.    7.    7.  708.
  708. 1123. 1123. 1123. 1123. 1123. 1123. 1123.  708.  708.    7.    7.
    7.    7. 
    7.    7.    7.    7.    7.    7.    7.    7.  708.  708. 1123. 1123.
 1123.  708.  708.    7.    7.    7.    7.    7.    7.    7.    7.  708.
  708. 1123. 
 1123. 1123.  708.    7. 1123. 1123. 1123.  708.  708.    7.    7.    7.
    7.    7.    7.    7.    7.    7.    7.    7.    7.    7.  708.  708.
 1123. 1123. 
 1123. 1123. 1123. 1123.  708.  708.  708.    7.    7.    7.    7.    7.
    7.    7.    7.    7.    7.    7.    7.    7.    7.  708. 1123. 1123.
 1123. 1123. 
  708.  708.    7.    7.    7.    7.    7.    7.    7.  708.  708. 1123.
 1123. 1123.  708.    7. 1123. 1123. 1123.  708.    7.    7.    7.    7.
    7.    7. 
    7.    7.    7.    7.    7.    7.    7.    7.  708. 1123. 1123. 1123.
 1123. 1123.  708.  708.  708.    7.    7.    7.    7.    7.    7.    7.
    7.    7. 
    7.    7.    7.    7.    7.    7.    7.  708.  708. 1123. 1123. 1123.
  708.  708.    7.    7.    7.    7.    7.    7.    7.    7.  708. 1123.
 1123. 1123. 
  708.  708. 1123. 1123. 1123.  708.    7.    7.    7.    7.    7.    7.
    7.    7.    7.    7.    7.    7.    7.    7.  708. 1123. 1123. 1123.
  708.  708. 
    7.    7.    7.    7.    7.    7.    7.    7.    7.    7.    7.    7.
    7.    7.    7.    7.    7.    7.  708.  708.  708. 1123. 1123. 1123.
  708.  708. 
    7.    7.    7.    7.    7.    7.    7.    7.  708. 1123. 1123. 1123.
 1123.  708. 
/