PERMI
   33.   33.   33.   33.   33.   33.   33.   33. 2115. 2115. 3093. 3093.
 3093. 3093. 3093. 2115. 2115.   33.   33.   33.   33.   33.   33.   33.
   33.   33. 
 33. 33. 33. 33. 33. 33. 33. 33. 33. 33. 33. 33. 33. 33. 33. 33. 33. 33.
 33. 33. 33. 33. 33. 33. 33. 33. 
   33.   33.   33.   33.   33.   33.   33.   33.   33.   33.   33.   33.
   33.   33.   33.   33.   33.   33.   33. 2115. 2115. 3093. 3093. 3093.
 3093. 3093. 
 2115. 2115.   33.   33.   33.   33.   33.   33.   33.   33.   33.   33.
   33.   33.   33.   33.   33.   33.   33.   33.   33.   33.   33.   33.
   33.   33. 
 33. 33. 33. 33. 33. 33. 33. 33. 33. 33. 33. 33. 33. 33. 33. 33. 33. 33.
 33. 33. 33. 33. 33. 33. 33. 33. 
   33.   33.   33.   33.   33. 2115. 2115. 3093. 3093. 3093. 2115. 2115.
 2115.   33.   33.   33.   33.   33.   33.   33.   33.   33.   33.   33.
   33.   33. 
 33. 33. 33. 33. 33. 33. 33. 33. 33. 33. 33. 33. 33. 33. 33. 33. 33. 33.
 33. 33. 33. 33. 33. 33. 33. 33. 
   33.   33.   33.   33.   33.   33.   33.   33.   33.   33.   33.   33.
   33.   33.   33.   33. 2115. 2115. 3093. 3093. 3093. 2115. 2115.   33.
   33.   33. 
 33. 33. 33. 33. 33. 33. 33. 33. 33. 33. 33. 33. 33. 33. 33. 33. 33. 33.
 33. 33. 33. 33. 33. 33. 33. 33. 
 33. 33. 33. 33. 33. 33. 33. 33. 33. 33. 33. 33. 33. 33. 33. 33. 33. 33.
 33. 33. 33. 33. 33. 33. 33. 33. 
   33.   33. 2115. 2115. 3093. 3093. 3093. 2115. 2115.   33.   33.   33.
   33.   33.   33.   33.   33.   33.   33.   33.   33.   33.   33.   33.
   33.   33. 
 33. 33. 33. 33. 33. 33. 33. 33. 33. 33. 33. 33. 33. 33. 33. 33. 33. 33.
 33. 33. 33. 33. 33. 33. 33. 33. 
   33.   33.   33.   33.   33.   33.   33.   33.   33.   33.   33.   33.
   33.   33. 2115. 2115. 3093. 3093. 3093. 2115.   33.   33.   33.   33.
   33.   33. 
 33. 33. 33. 33. 33. 33. 33. 33. 33. 33. 33. 33. 33. 33. 33. 33. 33. 33.
 33. 33. 33. 33. 33. 33. 33. 33. 
 33. 33. 33. 33. 33. 33. 33. 33. 33. 33. 33. 33. 33. 33. 33. 33. 33. 33.
 33. 33. 33. 33. 33. 33. 33. 33. 
 2115. 2115. 3093. 3093. 3093. 2115. 2115.   33.   33.   33.   33.   33.
   33.   33.   33.   33.   33.   33.   33.   33.   33.   33.   33.   33.
   33.   33. 
 33. 33. 33. 33. 33. 33. 33. 33. 33. 33. 33. 33. 33. 33. 33. 33. 33. 33.
 33. 33. 33. 33. 33. 33. 33. 33. 
   33.   33.   33.   33.   33.   33.   33.   33.   33.   33.   33.   33.
 2115. 2115. 3093. 3093. 3093. 2115. 2115.   33.   33.   33.   33.   33.
   33.   33. 
 33. 33. 33. 33. 33. 33. 33. 33. 33. 33. 33. 33. 33. 33. 33. 33. 33. 33.
 33. 33. 33. 33. 33. 33. 33. 33. 
   33.   33.   33.   33.   33.   33.   33.   33.   33.   33.   33.   33.
   33.   33.   33.   33.   33.   33.   33.   33.   33.   33.   33.   33.
 2115. 2115. 
 3093. 3093. 3093. 2115. 2115.   33.   33.   33.   33.   33.   33.   33.
   33.   33.   33.   33.   33.   33.   33.   33.   33.   33.   33.   33.
   33.   33. 
 33. 33. 33. 33. 33. 33. 33. 33. 33. 33. 33. 33. 33. 33. 33. 33. 33. 33.
 33. 33. 33. 33. 33. 33. 33. 33. 
   33.   33.   33.   33.   33.   33.   33.   33.   33. 2115. 2115. 3093.
 3093. 3093. 3093. 2115. 2115.   33.   33.   33.   33.   33.   33.   33.
   33.   33. 
 33. 33. 33. 33. 33. 33. 33. 33. 33. 33. 33. 33. 33. 33. 33. 33. 33. 33.
 33. 33. 33. 33. 33. 33. 33. 33. 
   33.   33.   33.   33.   33.   33.   33.   33.   33.   33.   33.   33.
   33.   33.   33.   33.   33.   33.   33.   33. 2115. 2115. 3093. 3093.
 3093. 3093. 
 2115. 2115.   33.   33.   33.   33.   33.   33.   33.   33.   33.   33.
   33.   33.   33.   33.   33.   33.   33.   33.   33.   33.   33.   33.
   33.   33. 
 33. 33. 33. 33. 33. 33. 33. 33. 33. 33. 33. 33. 33. 33. 33. 33. 33. 33.
 33. 33. 33. 33. 33. 33. 33. 33. 
   33.   33.   33.   33.   33.   33. 2115. 3093. 3093. 3093. 3093. 3093.
 2115. 2115.   33.   33.   33.   33.   33.   33.   33.   33.   33.   33.
   33.   33. 
 33. 33. 33. 33. 33. 33. 33. 33. 33. 33. 33. 33. 33. 33. 33. 33. 33. 33.
 33. 33. 33. 33. 33. 33. 33. 33. 
   33.   33.   33.   33.   33.   33.   33.   33.   33.   33.   33.   33.
   33.   33.   33.   33.   33. 2115. 2115. 3093. 3093. 3093. 3093. 2115.
 2115.   33. 
 33. 33. 33. 33. 33. 33. 33. 33. 33. 33. 33. 33. 33. 33. 33. 33. 33. 33.
 33. 33. 33. 33. 33. 33. 33. 33. 
 33. 33. 33. 33. 33. 33. 33. 33. 33. 33. 33. 33. 33. 33. 33. 33. 33. 33.
 33. 33. 33. 33. 33. 33. 33. 33. 
   33.   33.   33. 2115. 3093. 3093. 3093. 3093. 2115. 2115.   33.   33.
   33.   33.   33.   33.   33.   33.   33.   33.   33.   33.   33.   33.
   33.   33. 
 33. 33. 33. 33. 33. 33. 33. 33. 33. 33. 33. 33. 33. 33. 33. 33. 33. 33.
 33. 33. 33. 33. 33. 33. 33. 33. 
   33.   33.   33.   33.   33.   33.   33.   33.   33.   33.   33.   33.
   33.   33. 2115. 2115. 3093. 3093. 3093. 2115. 2115.   33.   33.   33.
   33.   33. 
 33. 33. 33. 33. 33. 33. 33. 33. 33. 33. 33. 33. 33. 33. 33. 33. 33. 33.
 33. 33. 33. 33. 33. 33. 33. 33. 
 33. 33. 33. 33. 33. 33. 33. 33. 33. 33. 33. 33. 33. 33. 33. 33. 33. 33.
 33. 33. 33. 33. 33. 33. 33. 33. 
 2115. 3093. 3093. 3093. 3093. 2115. 2115.   33.   33.   33.   33.   33.
   33.   33.   33.   33.   33.   33.   33.   33.   33.   33.   33.   33.
   33.   33. 
 33. 33. 33. 33. 33. 33. 33. 33. 33. 33. 33. 33. 33. 33. 33. 33. 33. 33.
 33. 33. 33. 33. 33. 33. 33. 33. 
   33.   33.   33.   33.   33.   33.   33.   33.   33.   33.   33.   33.
 2115. 3093. 3093. 3093. 3093. 2115.   33.   33.   33.   33.   33.   33.
   33.   33. 
 33. 33. 33. 33. 33. 33. 33. 33. 33. 33. 33. 33. 33. 33. 33. 33. 33. 33.
 33. 33. 33. 33. 33. 33. 33. 33. 
   33.   33.   33.   33.   33.   33.   33.   33.   33.   33.   33.   33.
   33.   33.   33.   33.   33.   33.   33.   33.   33.   33.   33. 2115.
 2115. 3093. 
 3093. 3093. 3093. 2115.   33.   33.   33.   33.   33.   33.   33.   33.
   33.   33.   33.   33.   33.   33.   33.   33.   33.   33.   33.   33.
   33.   33. 
 33. 33. 33. 33. 33. 33. 33. 33. 33. 33. 33. 33. 33. 33. 33. 33. 33. 33.
 33. 33. 33. 33. 33. 33. 33. 33. 
   33.   33.   33.   33.   33.   33.   33.   33. 2115. 2115. 2115. 3093.
 3093. 3093. 2115. 2115.   33.   33.   33.   33.   33.   33.   33.   33.
   33.   33. 
 33. 33. 33. 33. 33. 33. 33. 33. 33. 33. 33. 33. 33. 33. 33. 33. 33. 33.
 33. 33. 33. 33. 33. 33. 33. 33. 
   33.   33.   33.   33.   33.   33.   33.   33.   33.   33.   33.   33.
   33.   33.   33.   33.   33.   33.   33.   33. 2115. 2115. 3093. 3093.
 3093. 3093. 
 2115. 2115.   33.   33.   33.   33.   33.   33.   33.   33.   33.   33.
   33.   33.   33.   33.   33.   33.   33.   33.   33.   33.   33.   33.
   33.   33. 
 33. 33. 33. 33. 33. 33. 33. 33. 33. 33. 33. 33. 33. 33. 33. 33. 33. 33.
 33. 33. 33. 33. 33. 33. 33. 33. 
   33.   33.   33.   33.   33.   33. 3093. 3093. 3093. 3093. 3093. 2115.
 2115.   33.   33.   33.   33.   33.   33.   33.   33.   33.   33.   33.
   33.   33. 
 33. 33. 33. 33. 33. 33. 33. 33. 33. 33. 33. 33. 33. 33. 33. 33. 33. 33.
 33. 33. 33. 33. 33. 33. 33. 33. 
   33.   33.   33.   33.   33.   33.   33.   33.   33.   33.   33.   33.
   33.   33.   33.   33.   33.   33. 3093. 3093. 3093. 3093. 3093. 2115.
 2115.   33. 
 33. 33. 33. 33. 33. 33. 33. 33. 33. 33. 33. 33. 33. 33. 33. 33. 33. 33.
 33. 33. 33. 33. 33. 33. 33. 33. 
 33. 33. 33. 33. 33. 33. 33. 33. 33. 33. 33. 33. 33. 33. 33. 33. 33. 33.
 33. 33. 33. 33. 33. 33. 33. 33. 
   33.   33.   33.   33. 3093. 3093. 3093. 2115. 2115. 2115.   33.   33.
   33.   33.   33.   33.   33.   33.   33.   33.   33.   33.   33.   33.
   33.   33. 
 33. 33. 33. 33. 33. 33. 33. 33. 33. 33. 33. 33. 33. 33. 33. 33. 33. 33.
 33. 33. 33. 33. 33. 33. 33. 33. 
   33.   33.   33.   33.   33.   33.   33.   33.   33.   33.   33.   33.
   33.   33.   33.   33. 3093. 2115. 2115. 2115. 2115.   33.   33.   33.
   33.   33. 
 33. 33. 33. 33. 33. 33. 33. 33. 33. 33. 33. 33. 33. 33. 33. 33. 33. 33.
 33. 33. 33. 33. 33. 33. 33. 33. 
 33. 33. 33. 33. 33. 33. 33. 33. 33. 33. 33. 33. 33. 33. 33. 33. 33. 33.
 33. 33. 33. 33. 33. 33. 33. 33. 
   33. 2115. 3093. 2115. 2115.   33.   33.   33.   33.   33.   33.   33.
   33.   33.   33.   33.   33.   33.   33.   33.   33.   33.   33.   33.
   33.   33. 
 33. 33. 33. 33. 33. 33. 33. 33. 33. 33. 33. 33. 33. 33. 33. 33. 33. 33.
 33. 33. 33. 33. 33. 33. 33. 33. 
   33.   33.   33.   33.   33.   33.   33.   33.   33.   33.   33. 2115.
 2115. 2115. 3093. 2115. 2115.   33.   33.   33.   33.   33.   33.   33.
   33.   33. 
 33. 33. 33. 33. 33. 33. 33. 33. 33. 33. 33. 33. 33. 33. 33. 33. 33. 33.
 33. 33. 33. 33. 33. 33. 33. 33. 
   33.   33.   33.   33.   33.   33.   33.   33.   33.   33.   33.   33.
   33.   33.   33.   33.   33.   33.   33.   33.   33.   33. 2115. 2115.
 3093. 3093. 
 3093. 2115.   33.   33.   33.   33.   33.   33.   33.   33.   33.   33.
   33.   33.   33.   33.   33.   33.   33.   33.   33.   33.   33.   33.
   33.   33. 
 33. 33. 33. 33. 33. 33. 33. 33. 33. 33. 33. 33. 33. 33. 33. 33. 33. 33.
 33. 33. 33. 33. 33. 33. 33. 33. 
   33.   33.   33.   33.   33.   33.   33.   33. 2115. 2115. 3093. 3093.
 3093. 2115.   33.   33.   33.   33.   33.   33.   33.   33.   33.   33.
   33.   33. 
 33. 33. 33. 33. 33. 33. 33. 33. 33. 33. 33. 33. 33. 33. 33. 33. 33. 33.
 33. 33. 33. 33. 33. 33. 33. 33. 
   33.   33.   33.   33.   33.   33.   33.   33.   33.   33.   33.   33.
   33.   33.   33.   33.   33.   33.   33.   33. 2115. 3093. 3093. 3093.
 2115. 2115. 
 33. 33. 33. 33. 33. 33. 33. 33. 33. 33. 33. 33. 33. 33. 33. 33. 33. 33.
 33. 33. 33. 33. 33. 33. 33. 33. 
 33. 33. 33. 33. 33. 33. 33. 33. 33. 33. 33. 33. 33. 33. 33. 33. 33. 33.
 33. 33. 33. 33. 33. 33. 33. 33. 
   33.   33.   33.   33.   33. 2115. 2115. 3093. 3093. 3093. 2115.   33.
   33.   33.   33.   33.   33.   33.   33.   33.   33.   33.   33.   33.
   33.   33. 
 33. 33. 33. 33. 33. 33. 33. 33. 33. 33. 33. 33. 33. 33. 33. 33. 33. 33.
 33. 33. 33. 33. 33. 33. 33. 33. 
   33.   33.   33.   33.   33.   33.   33.   33.   33.   33.   33.   33.
   33.   33.   33.   33.   33. 2115. 2115. 3093. 3093. 3093. 2115.   33.
   33.   33. 
 33. 33. 33. 33. 33. 33. 33. 33. 33. 33. 33. 33. 33. 33. 33. 33. 33. 33.
 33. 33. 33. 33. 33. 33. 33. 33. 
 33. 33. 33. 33. 33. 33. 33. 33. 33. 33. 33. 33. 33. 33. 33. 33. 33. 33.
 33. 33. 33. 33. 33. 33. 33. 33. 
   33.   33.   33. 2115. 2115. 3093. 3093. 3093.   33.   33.   33.   33.
   33.   33.   33.   33.   33.   33.   33.   33.   33.   33.   33.   33.
   33.   33. 
 33. 33. 33. 33. 33. 33. 33. 33. 33. 33. 33. 33. 33. 33. 33. 33. 33. 33.
 33. 33. 33. 33. 33. 33. 33. 33. 
   33.   33.   33.   33.   33.   33.   33.   33.   33.   33.   33.   33.
   33.   33.   33. 2115. 2115. 3093. 3093. 3093.   33.   33.   33.   33.
   33.   33. 
 33. 33. 33. 33. 33. 33. 33. 33. 33. 33. 33. 33. 33. 33. 33. 33. 33. 33.
 33. 33. 33. 33. 33. 33. 33. 33. 
 33. 33. 33. 33. 33. 33. 33. 33. 33. 33. 33. 33. 33. 33. 33. 33. 33. 33.
 33. 33. 33. 33. 33. 33. 33. 33. 
   33.   33. 2115. 2115. 3093. 3093.   33.   33.   33.   33.   33.   33.
   33.   33.   33.   33.   33.   33.   33.   33.   33.   33.   33.   33.
   33.   33. 
 33. 33. 33. 33. 33. 33. 33. 33. 33. 33. 33. 33. 33. 33. 33. 33. 33. 33.
 33. 33. 33. 33. 33. 33. 33. 33. 
   33.   33.   33.   33.   33.   33.   33.   33.   33.   33.   33.   33.
   33.   33. 2115. 2115. 3093. 3093.   33.   33.   33.   33.   33.   33.
   33.   33. 
 33. 33. 33. 33. 33. 33. 33. 33. 33. 33. 33. 33. 33. 33. 33. 33. 33. 33.
 33. 33. 33. 33. 33. 33. 33. 33. 
   33.   33.   33.   33.   33.   33.   33.   33.   33.   33.   33.   33.
   33.   33.   33.   33.   33.   33.   33.   33.   33.   33.   33.   33.
 2115. 2115. 
 2115. 3093. 3093. 3093.   33.   33.   33.   33.   33.   33.   33.   33.
   33.   33.   33.   33.   33.   33.   33.   33.   33.   33.   33.   33.
   33.   33. 
 33. 33. 33. 33. 33. 33. 33. 33. 33. 33. 33. 33. 33. 33. 33. 33. 33. 33.
 33. 33. 33. 33. 33. 33. 33. 33. 
   33.   33.   33.   33.   33.   33.   33.   33.   33. 2115. 2115. 2115.
 3093. 3093. 3093. 3093.   33.   33.   33.   33.   33.   33.   33.   33.
   33.   33. 
 33. 33. 33. 33. 33. 33. 33. 33. 33. 33. 33. 33. 33. 33. 33. 33. 33. 33.
 33. 33. 33. 33. 33. 33. 33. 33. 
   33.   33.   33.   33.   33.   33.   33.   33.   33.   33.   33.   33.
   33.   33.   33.   33.   33.   33.   33.   33.   33. 2115. 2115. 3093.
 3093. 3093. 
 3093. 3093.   33.   33.   33.   33.   33.   33.   33.   33.   33.   33.
   33.   33.   33.   33.   33.   33.   33.   33.   33.   33.   33.   33.
   33.   33. 
 33. 33. 33. 33. 33. 33. 33. 33. 33. 33. 33. 33. 33. 33. 33. 33. 33. 33.
 33. 33. 33. 33. 33. 33. 33. 33. 
   33.   33.   33.   33.   33.   33. 2115. 2115. 3093. 3093. 3093. 3093.
 3093. 2115.   33.   33.   33.   33.   33.   33.   33.   33.   33.   33.
   33.   33. 
 33. 33. 33. 33. 33. 33. 33. 33. 33. 33. 33. 33. 33. 33. 33. 33. 33. 33.
 33. 33. 33. 33. 33. 33. 33. 33. 
   33.   33.   33.   33.   33.   33.   33.   33.   33.   33.   33.   33.
   33.   33.   33.   33.   33. 2115. 2115. 3093. 3093. 3093. 3093. 2115.
 2115. 2115. 
 33. 33. 33. 33. 33. 33. 33. 33. 33. 33. 33. 33. 33. 33. 33. 33. 33. 33.
 33. 33. 33. 33. 33. 33. 33. 33. 
 33. 33. 33. 33. 33. 33. 33. 33. 33. 33. 33. 33. 33. 33. 33. 33. 33. 33.
 33. 33. 33. 33. 33. 33. 33. 33. 
   33.   33.   33. 2115. 2115. 3093. 3093. 3093. 3093. 2115. 2115.   33.
   33.   33.   33.   33.   33.   33.   33.   33.   33.   33.   33.   33.
   33.   33. 
 33. 33. 33. 33. 33. 33. 33. 33. 33. 33. 33. 33. 33. 33. 33. 33. 33. 33.
 33. 33. 33. 33. 33. 33. 33. 33. 
   33.   33.   33.   33.   33.   33.   33.   33.   33.   33.   33.   33.
   33.   33.   33. 2115. 2115. 3093. 3093. 3093. 2115. 2115.   33.   33.
   33.   33. 
 33. 33. 33. 33. 33. 33. 33. 33. 33. 33. 33. 33. 33. 33. 33. 33. 33. 33.
 33. 33. 33. 33. 33. 33. 33. 33. 
 33. 33. 33. 33. 33. 33. 33. 33. 33. 33. 33. 33. 33. 33. 33. 33. 33. 33.
 33. 33. 33. 33. 33. 33. 33. 33. 
 2115. 2115. 3093. 3093. 3093. 2115. 2115.   33.   33.   33.   33.   33.
   33.   33.   33.   33.   33.   33.   33.   33.   33.   33.   33.   33.
   33.   33. 
 33. 33. 33. 33. 33. 33. 33. 33. 33. 33. 33. 33. 33. 33. 33. 33. 33. 33.
 33. 33. 33. 33. 33. 33. 33. 33. 
   33.   33.   33.   33.   33.   33.   33.   33.   33.   33.   33.   33.
 2115. 2115. 3093. 3093. 3093. 2115. 2115.   33.   33.   33.   33.   33.
   33.   33. 
 33. 33. 33. 33. 33. 33. 33. 33. 33. 33. 33. 33. 33. 33. 33. 33. 33. 33.
 33. 33. 33. 33. 33. 33. 33. 33. 
   33.   33.   33.   33.   33.   33.   33.   33.   33.   33.   33.   33.
   33.   33.   33.   33.   33.   33.   33.   33.   33.   33.   33.   33.
 2115. 3093. 
 3093. 3093. 3093. 2115. 2115.   33.   33. 2115.   33.   33.   33.   33.
   33.   33.   33.   33.   33.   33.   33.   33.   33.   33.   33.   33.
   33.   33. 
 33. 33. 33. 33. 33. 33. 33. 33. 33. 33. 33. 33. 33. 33. 33. 33. 33. 33.
 33. 33. 33. 33. 33. 33. 33. 33. 
   33.   33.   33.   33.   33.   33.   33.   33.   33. 2115. 2115. 3093.
 3093. 3093. 2115. 2115.   33. 2115. 2115. 2115.   33.   33.   33.   33.
   33.   33. 
 33. 33. 33. 33. 33. 33. 33. 33. 33. 33. 33. 33. 33. 33. 33. 33. 33. 33.
 33. 33. 33. 33. 33. 33. 33. 33. 
   33.   33.   33.   33.   33.   33.   33.   33.   33.   33.   33.   33.
   33.   33.   33.   33.   33.   33.   33.   33. 2115. 2115. 3093. 3093.
 3093. 2115. 
 2115.   33. 2115. 2115. 3093. 3093.   33.   33.   33.   33.   33.   33.
   33.   33.   33.   33.   33.   33.   33.   33.   33.   33.   33.   33.
   33.   33. 
 33. 33. 33. 33. 33. 33. 33. 33. 33. 33. 33. 33. 33. 33. 33. 33. 33. 33.
 33. 33. 33. 33. 33. 33. 33. 33. 
   33.   33.   33.   33. 2115. 2115. 2115. 3093. 3093. 3093. 3093. 2115.
 2115. 2115. 2115. 3093. 3093. 3093.   33.   33.   33.   33.   33.   33.
   33.   33. 
 33. 33. 33. 33. 33. 33. 33. 33. 33. 33. 33. 33. 33. 33. 33. 33. 33. 33.
 33. 33. 33. 33. 33. 33. 33. 33. 
   33.   33.   33.   33.   33.   33.   33.   33.   33.   33.   33.   33.
   33.   33.   33. 2115. 2115. 3093. 3093. 3093. 3093. 3093. 2115. 2115.
 2115. 3093. 
 3093. 3093. 3093. 3093.   33.   33.   33.   33.   33.   33.   33.   33.
   33.   33.   33.   33.   33.   33.   33.   33.   33.   33.   33.   33.
   33.   33. 
 33. 33. 33. 33. 33. 33. 33. 33. 33. 33. 33. 33. 33. 33. 33. 33. 33. 33.
 33. 33. 33. 33. 33. 33. 33. 33. 
 2115. 2115. 3093. 3093. 3093. 3093. 3093. 2115. 2115. 2115. 2115. 3093.
 3093. 3093. 2115. 2115.   33.   33.   33.   33.   33.   33.   33.   33.
   33.   33. 
 33. 33. 33. 33. 33. 33. 33. 33. 33. 33. 33. 33. 33. 33. 33. 33. 33. 33.
 33. 33. 33. 33. 33. 33. 33. 33. 
   33.   33.   33.   33.   33.   33.   33.   33.   33.   33.   33.   33.
 2115. 2115. 3093. 3093. 3093. 2115. 2115. 2115. 2115. 2115. 3093. 3093.
 3093. 2115. 
 2115.   33.   33.   33.   33.   33.   33.   33.   33.   33.   33.   33.
   33.   33.   33.   33.   33.   33.   33.   33.   33.   33.   33.   33.
   33.   33. 
   33.   33.   33.   33.   33.   33.   33.   33.   33.   33.   33.   33.
   33.   33.   33.   33.   33.   33.   33.   33.   33.   33.   33.   33.
 2115. 2115. 
 3093. 3093. 2115. 2115. 2115. 3093. 3093. 3093. 3093. 3093. 3093. 2115.
   33.   33.   33.   33.   33.   33.   33.   33.   33.   33.   33.   33.
   33.   33. 
 33. 33. 33. 33. 33. 33. 33. 33. 33. 33. 33. 33. 33. 33. 33. 33. 33. 33.
 33. 33. 33. 33. 33. 33. 33. 33. 
   33.   33.   33.   33.   33.   33.   33.   33.   33.   33. 2115. 2115.
 3093. 3093. 2115. 2115. 3093. 3093. 3093. 3093. 3093. 3093. 2115. 2115.
   33. 2115. 
 33. 33. 33. 33. 33. 33. 33. 33. 33. 33. 33. 33. 33. 33. 33. 33. 33. 33.
 33. 33. 33. 33. 33. 33. 33. 33. 
   33.   33.   33.   33.   33.   33.   33.   33.   33.   33.   33.   33.
   33.   33.   33.   33.   33.   33.   33.   33.   33.   33. 2115. 3093.
 3093. 3093. 
 2115. 2115. 3093. 3093. 3093. 3093. 2115. 2115. 2115. 2115. 2115. 2115.
   33.   33.   33.   33.   33.   33.   33.   33.   33.   33.   33.   33.
   33.   33. 
 33. 33. 33. 33. 33. 33. 33. 33. 33. 33. 33. 33. 33. 33. 33. 33. 33. 33.
 33. 33. 33. 33. 33. 33. 33. 33. 
   33.   33.   33.   33.   33.   33.   33. 2115. 2115. 3093. 3093. 3093.
 2115. 3093. 3093. 3093. 2115. 2115. 2115. 2115. 2115. 2115. 3093. 3093.
   33.   33. 
 33. 33. 33. 33. 33. 33. 33. 33. 33. 33. 33. 33. 33. 33. 33. 33. 33. 33.
 33. 33. 33. 33. 33. 33. 33. 33. 
   33.   33.   33.   33.   33.   33.   33.   33.   33.   33.   33.   33.
   33.   33.   33.   33.   33. 2115. 2115. 2115. 3093. 3093. 3093. 3093.
 2115. 3093. 
 3093. 2115. 2115. 2115. 2115. 2115. 3093. 3093. 3093. 3093.   33.   33.
   33.   33.   33.   33.   33.   33.   33.   33.   33.   33.   33.   33.
   33.   33. 
 33. 33. 33. 33. 33. 33. 33. 33. 33. 33. 33. 33. 33. 33. 33. 33. 33. 33.
 33. 33. 33. 33. 33. 33. 33. 33. 
   33.   33. 2115. 2115. 2115. 3093. 3093. 3093. 3093. 2115. 2115. 3093.
 3093. 2115.   33. 2115. 2115. 3093. 3093. 3093. 3093. 3093.   33.   33.
   33.   33. 
 33. 33. 33. 33. 33. 33. 33. 33. 33. 33. 33. 33. 33. 33. 33. 33. 33. 33.
 33. 33. 33. 33. 33. 33. 33. 33. 
   33.   33.   33.   33.   33.   33.   33.   33.   33.   33.   33.   33.
   33.   33. 2115. 3093. 3093. 3093. 3093. 3093. 2115. 2115. 3093. 3093.
 3093. 2115. 
 2115. 2115. 3093. 3093. 3093. 3093. 3093. 3093.   33.   33.   33.   33.
   33.   33.   33.   33.   33.   33.   33.   33.   33.   33.   33.   33.
   33.   33. 
   33.   33.   33.   33.   33.   33.   33.   33.   33.   33.   33.   33.
   33.   33.   33.   33.   33.   33.   33.   33.   33.   33.   33.   33.
   33. 2115. 
 2115. 3093. 3093. 3093. 2115. 2115. 2115. 3093. 3093. 3093. 2115.   33.
 2115. 2115. 3093. 3093. 3093. 2115. 2115. 2115.   33.   33.   33.   33.
   33.   33. 
 33. 33. 33. 33. 33. 33. 33. 33. 33. 33. 33. 33. 33. 33. 33. 33. 33. 33.
 33. 33. 33. 33. 33. 33. 33. 33. 
   33.   33.   33.   33.   33.   33.   33.   33.   33.   33.   33. 2115.
 2115. 3093. 3093. 2115. 2115. 2115. 3093. 3093. 3093. 2115. 2115.   33.
 2115. 2115. 
 3093. 3093. 3093. 2115. 2115.   33.   33.   33.   33.   33.   33.   33.
   33.   33.   33.   33.   33.   33.   33.   33.   33.   33.   33.   33.
   33.   33. 
   33.   33.   33.   33.   33.   33.   33.   33.   33.   33.   33.   33.
   33.   33.   33.   33.   33.   33.   33.   33.   33.   33.   33. 2115.
 2115. 3093. 
 3093. 2115. 2115. 3093. 3093. 3093. 2115. 2115.   33.   33. 2115. 3093.
 3093. 3093. 2115. 2115.   33.   33.   33.   33.   33.   33.   33.   33.
   33.   33. 
 33. 33. 33. 33. 33. 33. 33. 33. 33. 33. 33. 33. 33. 33. 33. 33. 33. 33.
 33. 33. 33. 33. 33. 33. 33. 33. 
   33.   33.   33.   33.   33.   33.   33.   33.   33. 2115. 2115. 3093.
 3093. 3093. 2115. 3093. 3093. 3093. 2115.   33.   33.   33. 2115. 3093.
 3093. 3093. 
 2115. 2115.   33.   33.   33.   33.   33.   33.   33.   33.   33.   33.
   33.   33.   33.   33.   33.   33.   33.   33.   33.   33.   33.   33.
   33.   33. 
   33.   33.   33.   33.   33.   33.   33.   33.   33.   33.   33.   33.
   33.   33.   33.   33.   33.   33.   33.   33.   33.   33. 2115. 3093.
 3093. 3093. 
 2115. 2115. 3093. 2115. 2115.   33. 2115. 2115. 2115. 3093. 3093. 3093.
 2115. 2115.   33.   33.   33.   33.   33.   33.   33.   33.   33.   33.
   33.   33. 
 33. 33. 33. 33. 33. 33. 33. 33. 33. 33. 33. 33. 33. 33. 33. 33. 33. 33.
 33. 33. 33. 33. 33. 33. 33. 33. 
   33.   33.   33.   33.   33.   33.   33. 2115. 2115. 3093. 3093. 3093.
 2115. 2115. 3093. 2115.   33.   33. 2115. 2115. 3093. 3093. 3093. 3093.
 2115. 2115. 
 33. 33. 33. 33. 33. 33. 33. 33. 33. 33. 33. 33. 33. 33. 33. 33. 33. 33.
 33. 33. 33. 33. 33. 33. 33. 33. 
   33.   33.   33.   33.   33.   33.   33.   33.   33.   33.   33.   33.
   33.   33.   33.   33.   33.   33. 2115. 2115. 3093. 3093. 3093. 3093.
 2115. 2115. 
 3093. 2115.   33. 2115. 2115. 3093. 3093. 3093. 3093. 2115. 2115.   33.
   33.   33. 
/