PERMI
 1549. 2173. 2173. 2173. 2173. 1549. 1549. 1549. 1549. 1549. 2173. 2173.
 1549. 2173. 2173. 2173. 2173. 1549. 1549. 1549.   39.   39.   39.   39.
   39.   39. 
 39. 39. 39. 39. 39. 39. 39. 39. 39. 39. 39. 39. 39. 39. 39. 39. 39. 39.
 39. 39. 39. 39. 39. 39. 39. 39. 
 1549. 1549. 1549. 2173. 2173. 2173. 1549.   39.   39.   39.   39.   39.
 1549. 1549. 2173. 2173. 2173. 1549. 1549. 1549. 1549. 2173. 2173. 2173.
 1549. 1549. 
 2173. 2173. 2173. 2173. 2173. 1549. 1549. 1549. 1549.   39.   39.   39.
   39.   39.   39.   39.   39.   39.   39.   39.   39.   39.   39.   39.
   39.   39. 
   39.   39.   39.   39.   39.   39.   39.   39.   39.   39.   39.   39.
   39.   39. 1549. 2173. 2173. 2173. 1549.   39.   39.   39.   39.   39.
 1549. 1549. 
 1549. 2173. 2173. 2173. 1549. 1549. 1549. 2173. 2173. 2173. 1549. 1549.
 1549. 1549. 2173. 2173. 2173. 2173. 2173. 2173. 1549. 1549.   39.   39.
   39.   39. 
 39. 39. 39. 39. 39. 39. 39. 39. 39. 39. 39. 39. 39. 39. 39. 39. 39. 39.
 39. 39. 39. 39. 39. 39. 39. 39. 
 1549. 1549. 2173. 2173. 1549.   39.   39.   39.   39.   39. 1549. 1549.
 1549. 2173. 2173. 2173. 1549. 1549. 1549. 2173. 2173. 2173. 1549.   39.
   39. 1549. 
 1549. 2173. 2173. 2173. 2173. 2173. 2173. 1549. 1549.   39.   39.   39.
   39.   39.   39.   39.   39.   39.   39.   39.   39.   39.   39.   39.
   39.   39. 
   39.   39.   39.   39.   39.   39.   39.   39.   39.   39.   39.   39.
 1549. 1549. 2173. 2173. 1549.   39.   39.   39.   39.   39. 1549. 1549.
 2173. 2173. 
 2173. 1549. 1549. 1549. 2173. 2173. 2173. 1549.   39.   39.   39.   39.
 1549. 1549. 1549. 1549. 2173. 2173. 2173. 2173. 1549.   39.   39.   39.
   39.   39. 
   39.   39.   39.   39.   39.   39.   39.   39.   39.   39.   39.   39.
   39.   39.   39.   39.   39.   39.   39.   39.   39.   39.   39.   39.
 1549. 1549. 
 2173. 2173. 1549.   39.   39.   39.   39.   39. 1549. 2173. 2173. 2173.
 2173. 1549. 1549. 2173. 2173. 2173. 1549. 1549.   39.   39.   39.   39.
   39.   39. 
 1549. 1549. 1549. 2173. 2173. 2173. 1549. 1549.   39.   39.   39.   39.
   39.   39.   39.   39.   39.   39.   39.   39.   39.   39.   39.   39.
   39.   39. 
   39.   39.   39.   39.   39.   39.   39.   39.   39.   39. 1549. 1549.
 2173. 2173. 1549.   39.   39.   39.   39.   39. 2173. 2173. 2173. 2173.
 1549. 1549. 
 2173. 2173. 2173. 1549. 1549.   39.   39.   39.   39.   39.   39.   39.
   39.   39. 1549. 1549. 2173. 2173. 1549. 1549.   39.   39.   39.   39.
   39.   39. 
   39.   39.   39.   39.   39.   39.   39.   39.   39.   39.   39.   39.
   39.   39.   39.   39.   39.   39.   39.   39.   39.   39. 1549. 1549.
 2173. 2173. 
 1549.   39.   39.   39.   39.   39. 2173. 2173. 2173. 1549. 1549. 1549.
 2173. 2173. 2173. 1549.   39.   39.   39.   39.   39.   39.   39.   39.
   39.   39. 
 1549. 2173. 2173. 2173. 1549. 1549.   39.   39.   39.   39.   39.   39.
   39.   39.   39.   39.   39.   39.   39.   39.   39.   39.   39.   39.
   39.   39. 
   39.   39.   39.   39.   39.   39.   39.   39. 1549. 1549. 2173. 2173.
 1549.   39.   39.   39.   39.   39. 2173. 1549. 1549. 1549. 1549. 2173.
 2173. 2173. 
 1549.   39.   39.   39.   39.   39.   39.   39.   39.   39.   39.   39.
 1549. 2173. 2173. 2173. 1549.   39.   39.   39.   39.   39.   39.   39.
   39.   39. 
   39.   39.   39.   39.   39.   39.   39.   39.   39.   39.   39.   39.
   39.   39.   39.   39.   39.   39.   39.   39. 1549. 2173. 2173. 2173.
 1549.   39. 
   39.   39.   39.   39. 2173. 1549. 1549.   39. 1549. 1549. 1549. 1549.
 1549. 1549.   39.   39.   39.   39.   39.   39.   39.   39.   39. 1549.
 2173. 2173. 
 2173. 2173. 1549.   39.   39.   39.   39.   39.   39.   39.   39.   39.
   39.   39.   39.   39.   39.   39.   39.   39.   39.   39.   39.   39.
   39.   39. 
   39.   39.   39.   39.   39.   39. 1549. 2173. 2173. 1549. 1549.   39.
   39.   39.   39.   39. 2173. 1549. 1549. 1549. 1549. 1549. 1549. 1549.
 1549. 1549. 
 1549. 1549.   39.   39.   39.   39.   39.   39. 1549. 1549. 2173. 2173.
 2173. 1549. 1549.   39.   39.   39.   39.   39.   39.   39.   39.   39.
   39.   39. 
   39.   39.   39.   39.   39.   39.   39.   39.   39.   39.   39.   39.
   39.   39.   39.   39.   39.   39. 1549. 2173. 2173. 1549. 1549. 1549.
 1549.   39. 
   39.   39. 2173. 2173. 2173. 2173. 2173. 2173. 2173. 2173. 2173. 1549.
 1549. 1549. 1549. 1549.   39.   39.   39.   39. 1549. 2173. 2173. 2173.
 1549. 1549. 
 39. 39. 39. 39. 39. 39. 39. 39. 39. 39. 39. 39. 39. 39. 39. 39. 39. 39.
 39. 39. 39. 39. 39. 39. 39. 39. 
   39.   39.   39.   39. 1549. 2173. 2173. 2173. 1549. 1549. 1549. 1549.
 1549. 1549. 2173. 2173. 2173. 2173. 2173. 2173. 2173. 2173. 2173. 2173.
 1549. 1549. 
 1549. 1549. 1549.   39.   39. 1549. 1549. 2173. 2173. 2173. 1549.   39.
   39.   39.   39.   39.   39.   39.   39.   39.   39.   39.   39.   39.
   39.   39. 
   39.   39.   39.   39.   39.   39.   39.   39.   39.   39.   39.   39.
   39.   39.   39.   39. 1549. 2173. 2173. 2173. 2173. 2173. 2173. 2173.
 2173. 1549. 
 1549. 1549. 1549. 1549. 1549. 1549. 1549. 1549. 2173. 2173. 2173. 1549.
 2173. 1549. 1549. 1549. 1549. 1549. 2173. 2173. 2173. 1549.   39.   39.
   39.   39. 
 39. 39. 39. 39. 39. 39. 39. 39. 39. 39. 39. 39. 39. 39. 39. 39. 39. 39.
 39. 39. 39. 39. 39. 39. 39. 39. 
   39.   39. 1549. 1549. 2173. 2173. 2173. 2173. 2173. 2173. 2173. 2173.
 1549. 1549. 1549. 1549. 1549. 1549. 1549. 1549. 1549. 2173. 2173. 1549.
 1549. 2173. 
 2173. 1549. 1549. 2173. 2173. 2173. 1549. 1549.   39.   39.   39.   39.
   39.   39.   39.   39.   39.   39.   39.   39.   39.   39.   39.   39.
   39.   39. 
   39.   39.   39.   39.   39.   39.   39.   39.   39.   39.   39.   39.
   39.   39.   39. 1549. 1549. 1549. 1549. 1549. 2173. 2173. 2173. 2173.
 2173. 2173. 
 2173. 2173. 2173. 1549. 1549. 1549. 1549. 2173. 2173. 2173. 1549. 2173.
 2173. 2173. 1549. 2173. 2173. 1549. 1549.   39.   39.   39.   39.   39.
   39.   39. 
 39. 39. 39. 39. 39. 39. 39. 39. 39. 39. 39. 39. 39. 39. 39. 39. 39. 39.
 39. 39. 39. 39. 39. 39. 39. 39. 
   39.   39.   39. 1549. 1549. 1549. 1549. 1549. 1549. 2173. 1549. 1549.
 2173. 2173. 2173. 1549. 1549. 1549. 1549. 2173. 2173. 2173. 1549. 2173.
 2173. 2173. 
 1549. 1549. 2173. 1549.   39.   39.   39.   39.   39.   39.   39.   39.
   39.   39.   39.   39.   39.   39.   39.   39.   39.   39.   39.   39.
   39.   39. 
   39.   39.   39.   39.   39.   39.   39.   39.   39.   39.   39.   39.
   39.   39.   39.   39.   39.   39.   39. 1549. 1549. 1549.   39. 1549.
 1549. 2173. 
 2173. 1549. 1549. 1549. 2173. 2173. 2173. 1549. 1549. 1549. 2173. 2173.
 2173. 1549. 2173. 1549. 1549.   39.   39.   39.   39.   39.   39.   39.
   39.   39. 
 39. 39. 39. 39. 39. 39. 39. 39. 39. 39. 39. 39. 39. 39. 39. 39. 39. 39.
 39. 39. 39. 39. 39. 39. 39. 39. 
   39.   39.   39.   39.   39.   39.   39.   39.   39. 1549. 2173. 2173.
 2173. 1549. 1549. 1549. 2173. 2173. 2173. 1549. 1549. 1549. 1549. 2173.
 2173. 1549. 
 1549. 2173. 1549.   39.   39.   39.   39.   39.   39.   39.   39.   39.
   39.   39.   39.   39.   39.   39.   39.   39.   39.   39.   39.   39.
   39.   39. 
   39.   39.   39.   39.   39.   39.   39.   39.   39.   39.   39.   39.
   39.   39.   39.   39.   39.   39.   39.   39. 1549. 1549. 2173. 2173.
 2173. 1549. 
 1549. 2173. 2173. 2173. 1549. 1549. 1549. 1549. 2173. 2173. 2173. 1549.
 1549. 2173. 2173. 1549.   39.   39.   39.   39.   39.   39.   39.   39.
   39.   39. 
 39. 39. 39. 39. 39. 39. 39. 39. 39. 39. 39. 39. 39. 39. 39. 39. 39. 39.
 39. 39. 39. 39. 39. 39. 39. 39. 
   39.   39.   39.   39.   39. 1549. 1549. 2173. 2173. 2173. 1549. 1549.
 2173. 2173. 2173. 1549. 1549. 1549. 1549. 2173. 2173. 2173. 2173. 1549.
 2173. 2173. 
 2173. 1549.   39.   39.   39.   39.   39.   39.   39.   39.   39.   39.
   39.   39.   39.   39.   39.   39.   39.   39.   39.   39.   39.   39.
   39.   39. 
   39.   39.   39.   39.   39.   39.   39.   39.   39.   39.   39.   39.
   39.   39.   39.   39.   39. 1549. 2173. 2173. 2173. 2173. 1549. 1549.
 2173. 2173. 
 2173. 1549. 1549. 1549. 2173. 2173. 2173. 2173. 1549. 1549. 1549. 2173.
 2173. 2173. 1549.   39.   39.   39.   39.   39.   39.   39.   39.   39.
   39.   39. 
 39. 39. 39. 39. 39. 39. 39. 39. 39. 39. 39. 39. 39. 39. 39. 39. 39. 39.
 39. 39. 39. 39. 39. 39. 39. 39. 
   39.   39. 1549. 1549. 2173. 2173. 2173. 1549. 1549. 2173. 2173. 2173.
 1549. 1549. 1549. 2173. 2173. 2173. 2173. 1549. 1549.   39. 1549. 1549.
 2173. 2173. 
 1549. 1549.   39.   39.   39.   39.   39.   39.   39.   39.   39.   39.
   39.   39.   39.   39.   39.   39.   39.   39.   39.   39.   39.   39.
   39.   39. 
   39.   39.   39.   39.   39.   39.   39.   39.   39.   39.   39.   39.
   39.   39. 1549. 2173. 2173. 2173. 2173. 1549. 2173. 2173. 2173. 1549.
 1549. 1549. 
 2173. 2173. 2173. 2173. 1549. 1549.   39.   39.   39. 1549. 2173. 2173.
 2173. 1549.   39.   39.   39.   39.   39.   39.   39.   39.   39.   39.
   39.   39. 
 39. 39. 39. 39. 39. 39. 39. 39. 39. 39. 39. 39. 39. 39. 39. 39. 39. 39.
 39. 39. 39. 39. 39. 39. 39. 39. 
 1549. 2173. 2173. 2173. 1549. 1549. 2173. 2173. 2173. 1549. 1549. 2173.
 2173. 2173. 1549. 1549. 1549.   39.   39.   39.   39.   39. 1549. 2173.
 2173. 2173. 
 1549.   39.   39.   39.   39.   39.   39.   39.   39.   39.   39.   39.
   39.   39.   39.   39.   39.   39.   39.   39.   39.   39.   39.   39.
   39.   39. 
   39.   39.   39.   39.   39.   39.   39.   39.   39.   39.   39.   39.
 1549. 1549. 2173. 2173. 1549. 1549. 2173. 2173. 2173. 1549. 1549. 1549.
 1549. 1549. 
 1549. 2173. 1549. 1549. 1549.   39.   39.   39. 1549. 2173. 2173. 2173.
 1549. 1549.   39.   39.   39.   39.   39.   39.   39.   39.   39.   39.
   39.   39. 
   39.   39.   39.   39.   39.   39.   39.   39.   39.   39.   39.   39.
   39.   39.   39.   39.   39.   39.   39.   39.   39.   39.   39.   39.
 1549. 1549. 
 2173. 2173. 1549. 1549. 2173. 2173. 2173. 2173. 2173. 2173. 2173. 2173.
 1549. 1549. 1549. 1549. 1549. 1549. 1549.   39. 1549. 1549. 2173. 2173.
 2173. 1549. 
 39. 39. 39. 39. 39. 39. 39. 39. 39. 39. 39. 39. 39. 39. 39. 39. 39. 39.
 39. 39. 39. 39. 39. 39. 39. 39. 
   39.   39.   39.   39.   39.   39.   39.   39.   39.   39. 1549. 1549.
 2173. 2173. 1549. 1549. 1549. 2173. 2173. 2173. 2173. 2173. 2173. 2173.
 2173. 1549. 
 1549. 1549. 1549. 1549. 1549. 1549. 1549. 1549. 2173. 2173. 2173. 1549.
 1549.   39.   39.   39.   39.   39.   39.   39.   39.   39.   39.   39.
   39.   39. 
   39.   39.   39.   39.   39.   39.   39.   39.   39.   39.   39.   39.
   39.   39.   39.   39.   39.   39.   39.   39.   39.   39. 1549. 1549.
 2173. 1549. 
 1549.   39. 1549. 1549. 2173. 2173. 2173. 2173. 2173. 2173. 2173. 2173.
 1549. 1549. 2173. 2173. 1549. 1549. 1549. 1549. 1549. 2173. 2173. 1549.
 1549.   39. 
 39. 39. 39. 39. 39. 39. 39. 39. 39. 39. 39. 39. 39. 39. 39. 39. 39. 39.
 39. 39. 39. 39. 39. 39. 39. 39. 
   39.   39.   39.   39.   39.   39.   39.   39.   39. 1549. 2173. 1549.
 1549.   39.   39. 1549. 1549. 1549. 1549. 1549. 1549. 2173. 2173. 2173.
 2173. 1549. 
 2173. 2173. 2173. 2173. 1549. 1549. 1549. 2173. 2173. 1549. 1549.   39.
   39.   39.   39.   39.   39.   39.   39.   39.   39.   39.   39.   39.
   39.   39. 
   39.   39.   39.   39.   39.   39.   39.   39.   39.   39.   39.   39.
   39.   39.   39.   39.   39.   39.   39.   39.   39.   39. 2173. 2173.
 1549. 1549. 
   39.   39.   39.   39.   39.   39. 1549. 1549. 2173. 2173. 2173. 1549.
 1549. 2173. 2173. 2173. 2173. 1549. 2173. 2173. 2173. 1549.   39.   39.
   39.   39. 
 39. 39. 39. 39. 39. 39. 39. 39. 39. 39. 39. 39. 39. 39. 39. 39. 39. 39.
 39. 39. 39. 39. 39. 39. 39. 39. 
   39.   39.   39.   39.   39.   39.   39.   39. 2173. 2173. 2173. 1549.
 1549. 1549. 1549.   39.   39.   39.   39. 1549. 1549. 2173. 2173. 2173.
 1549. 1549. 
 2173. 2173. 2173. 1549. 2173. 2173. 1549. 1549.   39.   39.   39.   39.
   39.   39.   39.   39.   39.   39.   39.   39.   39.   39.   39.   39.
   39.   39. 
   39.   39.   39.   39.   39.   39.   39.   39.   39.   39.   39.   39.
   39.   39.   39.   39.   39.   39.   39.   39. 2173. 2173. 2173. 2173.
 2173. 2173. 
 1549. 1549. 1549.   39.   39.   39. 1549. 2173. 2173. 2173. 1549. 1549.
 1549. 2173. 2173. 2173. 1549. 2173. 1549.   39.   39.   39.   39.   39.
   39.   39. 
 39. 39. 39. 39. 39. 39. 39. 39. 39. 39. 39. 39. 39. 39. 39. 39. 39. 39.
 39. 39. 39. 39. 39. 39. 39. 39. 
   39.   39.   39.   39.   39.   39. 1549. 2173. 2173. 2173. 2173. 2173.
 2173. 2173. 1549.   39.   39.   39. 1549. 2173. 2173. 2173. 2173. 1549.
 1549. 2173. 
 2173. 2173. 1549. 1549. 1549.   39.   39.   39.   39.   39.   39.   39.
   39.   39.   39.   39.   39.   39.   39.   39.   39.   39.   39.   39.
   39.   39. 
   39.   39.   39.   39.   39.   39.   39.   39.   39.   39.   39.   39.
   39.   39.   39.   39.   39.   39. 1549. 1549. 2173. 2173. 2173. 2173.
 2173. 2173. 
 1549. 1549.   39.   39. 1549. 2173. 2173. 2173. 2173. 1549. 1549. 2173.
 2173. 2173. 1549. 1549.   39.   39.   39.   39.   39.   39.   39.   39.
   39.   39. 
 39. 39. 39. 39. 39. 39. 39. 39. 39. 39. 39. 39. 39. 39. 39. 39. 39. 39.
 39. 39. 39. 39. 39. 39. 39. 39. 
   39.   39.   39.   39.   39. 1549. 1549. 1549. 1549. 2173. 2173. 2173.
 2173. 1549. 1549. 1549. 1549. 2173. 2173. 2173. 1549. 1549. 1549. 2173.
 2173. 1549. 
 1549.   39.   39.   39.   39.   39.   39.   39.   39.   39.   39.   39.
   39.   39.   39.   39.   39.   39.   39.   39.   39.   39.   39.   39.
   39.   39. 
   39.   39.   39.   39.   39.   39.   39.   39.   39.   39.   39.   39.
   39.   39.   39.   39.   39.   39.   39.   39. 1549. 1549. 2173. 2173.
 2173. 2173. 
 1549. 1549. 2173. 2173. 2173. 2173. 1549. 1549. 2173. 2173. 2173. 1549.
 1549.   39.   39.   39.   39.   39.   39.   39.   39.   39.   39.   39.
   39.   39. 
 39. 39. 39. 39. 39. 39. 39. 39. 39. 39. 39. 39. 39. 39. 39. 39. 39. 39.
 39. 39. 39. 39. 39. 39. 39. 39. 
   39.   39.   39.   39.   39.   39.   39. 1549. 2173. 2173. 2173. 1549.
 1549. 2173. 2173. 2173. 2173. 2173. 1549. 1549. 2173. 2173. 2173. 1549.
   39.   39. 
 39. 39. 39. 39. 39. 39. 39. 39. 39. 39. 39. 39. 39. 39. 39. 39. 39. 39.
 39. 39. 39. 39. 39. 39. 39. 39. 
   39.   39.   39.   39.   39.   39.   39.   39.   39.   39.   39.   39.
   39.   39.   39.   39.   39.   39. 1549. 1549. 2173. 2173. 2173. 1549.
 1549. 2173. 
 2173. 2173. 1549. 1549.   39. 1549. 2173. 2173. 2173. 1549. 1549. 1549.
 1549. 1549. 1549. 1549.   39.   39.   39.   39.   39.   39.   39.   39.
   39.   39. 
 39. 39. 39. 39. 39. 39. 39. 39. 39. 39. 39. 39. 39. 39. 39. 39. 39. 39.
 39. 39. 39. 39. 39. 39. 39. 39. 
   39.   39.   39.   39. 1549. 2173. 2173. 2173. 2173. 1549. 2173. 2173.
 2173. 1549. 1549.   39.   39. 1549. 2173. 2173. 2173. 1549. 2173. 2173.
 2173. 2173. 
 2173. 1549. 1549. 1549.   39.   39.   39.   39.   39.   39.   39.   39.
   39.   39.   39.   39.   39.   39.   39.   39.   39.   39.   39.   39.
   39.   39. 
   39.   39.   39.   39.   39.   39.   39.   39.   39.   39.   39.   39.
   39.   39.   39. 1549. 1549. 2173. 2173. 2173. 1549. 1549. 2173. 2173.
 2173. 1549. 
   39.   39.   39. 1549. 2173. 2173. 2173. 1549. 1549. 2173. 2173. 2173.
 2173. 2173. 2173. 2173. 1549.   39.   39.   39.   39.   39.   39.   39.
   39.   39. 
 39. 39. 39. 39. 39. 39. 39. 39. 39. 39. 39. 39. 39. 39. 39. 39. 39. 39.
 39. 39. 39. 39. 39. 39. 39. 39. 
 1549. 1549. 2173. 2173. 2173. 2173. 1549. 1549. 2173. 2173. 2173. 1549.
 1549.   39.   39. 1549. 1549. 2173. 1549. 2173. 1549. 1549. 2173. 2173.
 2173. 2173. 
 2173. 2173. 1549. 1549. 1549.   39.   39.   39.   39.   39.   39.   39.
   39.   39.   39.   39.   39.   39.   39.   39.   39.   39.   39.   39.
   39.   39. 
   39.   39.   39.   39.   39.   39.   39.   39.   39.   39.   39.   39.
 1549. 2173. 2173. 2173. 2173. 1549. 1549. 1549. 2173. 2173. 2173. 1549.
 1549. 1549. 
 1549. 1549. 1549. 1549. 1549. 1549. 1549. 1549. 1549. 1549. 1549. 1549.
 2173. 2173. 2173. 1549. 1549. 1549.   39.   39.   39.   39.   39.   39.
   39.   39. 
   39.   39.   39.   39.   39.   39.   39.   39.   39.   39.   39.   39.
   39.   39.   39.   39.   39.   39.   39.   39.   39.   39.   39. 1549.
 1549. 2173. 
 2173. 2173. 1549. 1549. 1549. 1549. 2173. 2173. 2173. 2173. 2173. 2173.
 2173. 1549. 2173. 2173. 2173. 2173. 2173. 1549. 1549. 2173. 2173. 1549.
 1549. 1549. 
 1549. 1549. 2173. 1549.   39.   39.   39.   39.   39.   39.   39.   39.
   39.   39.   39.   39.   39.   39.   39.   39.   39.   39.   39.   39.
   39.   39. 
   39.   39.   39.   39.   39.   39.   39.   39. 1549. 1549. 2173. 2173.
 2173. 1549. 1549.   39.   39. 1549. 1549. 2173. 2173. 2173. 2173. 2173.
 2173. 2173. 
 2173. 2173. 2173. 2173. 2173. 2173. 1549. 2173. 2173. 2173. 2173. 2173.
 2173. 1549. 1549. 1549.   39.   39.   39.   39.   39.   39.   39.   39.
   39.   39. 
   39.   39.   39.   39.   39.   39.   39.   39.   39.   39.   39.   39.
   39.   39.   39.   39.   39.   39.   39.   39. 1549. 2173. 2173. 2173.
 2173. 1549. 
   39.   39. 1549. 1549. 1549. 1549. 1549. 2173. 2173. 2173. 2173. 2173.
 2173. 2173. 2173. 2173. 2173. 2173. 1549. 1549. 2173. 2173. 2173. 2173.
 2173. 2173. 
 2173. 1549.   39.   39.   39.   39.   39.   39.   39.   39.   39.   39.
   39.   39.   39.   39.   39.   39.   39.   39.   39.   39.   39.   39.
   39.   39. 
   39.   39.   39.   39.   39.   39. 1549. 2173. 2173. 2173. 1549. 1549.
 1549. 1549. 1549. 1549. 1549. 1549. 1549. 1549. 1549. 1549. 1549. 2173.
 1549. 1549. 
 1549. 2173. 2173. 2173. 1549. 1549. 2173. 2173. 2173. 2173. 2173. 2173.
 2173. 1549.   39.   39.   39.   39.   39.   39.   39.   39.   39.   39.
   39.   39. 
   39.   39.   39.   39.   39.   39.   39.   39.   39.   39.   39.   39.
   39.   39.   39.   39.   39.   39. 1549. 2173. 2173. 2173. 1549. 1549.
 1549. 1549. 
 2173. 2173. 2173. 2173. 2173. 2173. 2173. 1549. 1549. 1549. 1549. 1549.
 2173. 2173. 2173. 2173. 1549. 1549. 1549. 1549. 1549. 1549. 1549. 2173.
 2173. 2173. 
 1549.   39.   39.   39.   39.   39.   39.   39.   39.   39.   39.   39.
   39.   39.   39.   39.   39.   39.   39.   39.   39.   39.   39.   39.
   39.   39. 
   39.   39.   39.   39. 1549. 2173. 2173. 2173. 2173. 2173. 2173. 2173.
 2173. 2173. 2173. 2173. 2173. 2173. 2173. 2173. 1549. 1549. 1549. 2173.
 2173. 2173. 
 2173. 1549. 1549. 2173. 1549. 1549. 1549. 2173. 1549. 2173. 2173. 2173.
 1549.   39.   39.   39.   39.   39.   39.   39.   39.   39.   39.   39.
   39.   39. 
   39.   39.   39.   39.   39.   39.   39.   39.   39.   39.   39.   39.
   39.   39.   39.   39. 1549. 1549. 2173. 2173. 2173. 2173. 2173. 2173.
 2173. 2173. 
 2173. 2173. 2173. 2173. 2173. 2173. 1549. 1549. 1549. 2173. 2173. 2173.
 1549. 1549. 2173. 1549. 1549. 1549. 2173. 2173. 1549. 2173. 2173. 2173.
 1549.   39. 
 39. 39. 39. 39. 39. 39. 39. 39. 39. 39. 39. 39. 39. 39. 39. 39. 39. 39.
 39. 39. 39. 39. 39. 39. 39. 39. 
   39.   39.   39. 1549. 1549. 2173. 2173. 2173. 2173. 1549. 1549. 1549.
 1549. 1549. 1549. 2173. 2173. 2173. 1549. 1549. 2173. 2173. 2173. 1549.
 1549. 2173. 
 2173. 2173. 1549. 1549. 1549. 1549. 2173. 2173. 2173. 1549.   39.   39.
   39.   39.   39.   39.   39.   39.   39.   39.   39.   39.   39.   39.
   39.   39. 
   39.   39.   39.   39.   39.   39.   39.   39.   39.   39.   39.   39.
   39.   39.   39.   39. 1549. 1549. 1549. 1549. 1549. 1549. 1549. 1549.
 1549. 1549. 
 1549. 2173. 2173. 1549. 1549. 2173. 2173. 2173. 1549. 1549. 2173. 2173.
 2173. 2173. 2173. 2173. 2173. 1549. 2173. 2173. 2173. 1549.   39.   39.
   39.   39. 
 39. 39. 39. 39. 39. 39. 39. 39. 39. 39. 39. 39. 39. 39. 39. 39. 39. 39.
 39. 39. 39. 39. 39. 39. 39. 39. 
   39.   39.   39.   39. 1549.   39.   39.   39.   39.   39.   39. 1549.
 1549. 2173. 1549. 1549. 2173. 2173. 2173. 2173. 1549. 1549. 1549. 1549.
 2173. 2173. 
 2173. 2173. 2173. 1549. 2173. 2173. 2173. 1549.   39.   39.   39.   39.
   39.   39.   39.   39.   39.   39.   39.   39.   39.   39.   39.   39.
   39.   39. 
   39.   39.   39.   39.   39.   39.   39.   39.   39.   39.   39.   39.
   39.   39.   39.   39.   39.   39.   39.   39.   39.   39.   39. 1549.
 1549. 2173. 
 1549. 2173. 2173. 2173. 2173. 1549. 1549.   39.   39. 1549. 1549. 1549.
 2173. 2173. 2173. 1549. 2173. 2173. 1549. 2173. 1549.   39.   39.   39.
   39.   39. 
 39. 39. 39. 39. 39. 39. 39. 39. 39. 39. 39. 39. 39. 39. 39. 39. 39. 39.
 39. 39. 39. 39. 39. 39. 39. 39. 
   39.   39.   39.   39.   39.   39.   39.   39.   39. 1549. 2173. 2173.
 1549. 2173. 2173. 2173. 1549. 1549.   39.   39.   39.   39. 1549. 1549.
 1549. 1549. 
 1549. 1549. 2173. 2173. 1549. 2173. 1549. 1549.   39.   39.   39.   39.
   39.   39.   39.   39.   39.   39.   39.   39.   39.   39.   39.   39.
   39.   39. 
   39.   39.   39.   39.   39.   39.   39.   39.   39.   39.   39.   39.
   39.   39.   39.   39.   39.   39.   39.   39. 1549. 1549. 2173. 2173.
 1549. 1549. 
 2173. 2173. 2173. 1549. 1549. 1549. 1549. 1549. 1549. 2173. 2173. 2173.
 1549. 1549. 2173. 2173. 1549. 2173. 2173. 1549.   39.   39.   39.   39.
   39.   39. 
 39. 39. 39. 39. 39. 39. 39. 39. 39. 39. 39. 39. 39. 39. 39. 39. 39. 39.
 39. 39. 39. 39. 39. 39. 39. 39. 
   39.   39.   39.   39.   39.   39. 1549. 2173. 2173. 2173. 1549. 1549.
 2173. 2173. 2173. 2173. 2173. 2173. 1549. 1549. 1549. 1549. 2173. 2173.
 1549. 2173. 
 2173. 2173. 1549. 2173. 2173. 1549.   39.   39.   39.   39.   39.   39.
   39.   39.   39.   39.   39.   39.   39.   39.   39.   39.   39.   39.
   39.   39. 
   39.   39.   39.   39.   39.   39.   39.   39.   39.   39.   39.   39.
   39.   39.   39.   39.   39. 1549. 1549. 2173. 2173. 2173. 1549. 1549.
 1549. 2173. 
 2173. 2173. 2173. 2173. 2173. 2173. 2173. 1549. 1549. 2173. 1549. 2173.
 2173. 1549. 1549. 2173. 2173. 1549.   39.   39.   39.   39.   39.   39.
   39.   39. 
 39. 39. 39. 39. 39. 39. 39. 39. 39. 39. 39. 39. 39. 39. 39. 39. 39. 39.
 39. 39. 39. 39. 39. 39. 39. 39. 
   39.   39.   39. 1549. 2173. 2173. 2173. 2173. 1549.   39. 1549. 1549.
 1549. 2173. 2173. 2173. 2173. 2173. 2173. 2173. 1549. 1549. 1549. 2173.
 2173. 1549. 
 2173. 2173. 2173. 1549.   39.   39.   39.   39.   39.   39.   39.   39.
   39.   39.   39.   39.   39.   39.   39.   39.   39.   39.   39.   39.
   39.   39. 
   39.   39.   39.   39.   39.   39.   39.   39.   39.   39.   39.   39.
   39.   39.   39. 1549. 2173. 2173. 2173. 2173. 1549.   39.   39.   39.
 1549. 1549. 
 1549. 1549. 1549. 2173. 2173. 2173. 2173. 1549. 1549. 2173. 2173. 1549.
 2173. 2173. 2173. 1549.   39.   39.   39.   39.   39.   39.   39.   39.
   39.   39. 
 39. 39. 39. 39. 39. 39. 39. 39. 39. 39. 39. 39. 39. 39. 39. 39. 39. 39.
 39. 39. 39. 39. 39. 39. 39. 39. 
   39. 1549. 2173. 2173. 2173. 2173. 1549. 1549. 1549. 1549.   39.   39.
   39. 1549. 1549. 1549. 2173. 2173. 2173. 2173. 1549. 2173. 2173. 1549.
 1549. 1549. 
 1549. 1549.   39.   39.   39.   39.   39.   39.   39.   39.   39.   39.
   39.   39.   39.   39.   39.   39.   39.   39.   39.   39.   39.   39.
   39.   39. 
   39.   39.   39.   39.   39.   39.   39.   39.   39.   39.   39.   39.
   39. 1549. 1549. 2173. 2173. 2173. 2173. 2173. 1549. 1549. 1549. 1549.
 1549.   39. 
   39. 1549. 1549. 2173. 2173. 2173. 1549. 1549. 2173. 2173. 2173. 2173.
 1549. 1549. 1549. 1549. 1549. 1549. 1549.   39.   39.   39.   39.   39.
   39.   39. 
   39.   39.   39.   39.   39.   39.   39.   39.   39.   39.   39.   39.
   39.   39.   39.   39.   39.   39.   39.   39.   39.   39.   39.   39.
   39. 1549. 
 1549. 2173. 2173. 2173. 2173. 2173. 2173. 2173. 2173. 1549. 1549. 1549.
   39. 1549. 1549. 2173. 2173. 2173. 1549. 1549. 2173. 2173. 2173. 2173.
 2173. 2173. 
 2173. 2173. 2173. 2173. 2173. 1549. 1549.   39.   39.   39.   39.   39.
   39.   39.   39.   39.   39.   39.   39.   39.   39.   39.   39.   39.
   39.   39. 
   39.   39.   39.   39.   39.   39.   39.   39.   39.   39.   39.   39.
 1549. 1549. 2173. 2173. 2173. 2173. 2173. 2173. 2173. 2173. 2173. 1549.
 1549. 1549. 
 2173. 2173. 2173. 2173. 1549. 1549. 1549. 1549. 2173. 2173. 2173. 2173.
 2173. 2173. 2173. 2173. 2173. 2173. 1549. 1549.   39.   39.   39.   39.
   39.   39. 
 39. 39. 39. 39. 39. 39. 39. 39. 39. 39. 39. 39. 39. 39. 
/