PERMI
  798.   23.   23.   23.   23.   23.  798.  798.  798.  798.   23.   23.
   23.  798. 1104. 1104. 1104. 1104. 1104. 1104. 1104. 1104. 1104.  798.
  798.   23. 
   23.   23.   23.   23.   23.   23.   23.   23.   23.   23.   23.   23.
   23.   23.   23.  798.   23.   23.   23.   23.   23.   23.  798. 1104.
 1104. 1104. 
  798.  798. 1104. 1104. 1104. 1104. 1104. 1104.  798.  798.  798.  798.
  798.  798.   23.   23.   23.  798.  798. 1104. 1104.  798.  798.  798.
   23.  798. 
 1104. 1104. 1104.  798. 1104. 1104. 1104. 1104. 1104.  798.   23.   23.
   23.   23.   23.   23.   23.   23.   23.   23.   23.   23.   23.   23.
  798.  798. 
  798.  798.  798.  798.  798.  798.  798.  798. 1104. 1104. 1104.  798.
  798.  798.  798. 1104. 1104. 1104. 1104. 1104.  798.  798.  798.  798.
 1104.  798. 
   23.   23.   23.  798. 1104. 1104. 1104. 1104. 1104.  798.  798.  798.
 1104. 1104. 1104.  798.  798.  798.  798.  798.  798.   23.   23.   23.
   23.   23. 
   23.   23.   23.   23.   23.   23.   23.   23.   23.  798.  798. 1104.
 1104. 1104. 1104. 1104. 1104.  798.  798.  798. 1104. 1104. 1104.  798.
   23.   23. 
  798.  798.  798. 1104. 1104.  798.  798.   23.   23.  798. 1104.  798.
  798.   23.  798.  798. 1104. 1104.  798. 1104. 1104. 1104.  798.  798.
  798. 1104. 
 1104.  798.  798.   23.   23.   23.   23.   23.   23.   23.   23.   23.
   23.   23.   23.   23.   23.   23.   23.   23.   23.  798. 1104. 1104.
 1104. 1104. 
 1104. 1104. 1104. 1104. 1104. 1104. 1104. 1104.  798.  798.   23.   23.
   23.  798.  798.  798.  798.  798.   23.   23.   23.  798. 1104. 1104.
  798.   23. 
  798. 1104. 1104. 1104.  798.  798. 1104. 1104. 1104. 1104.  798. 1104.
 1104.  798.   23.   23.   23.   23.   23.   23.   23.   23.   23.   23.
   23.   23. 
   23.   23.   23.   23.   23.   23.   23.  798. 1104. 1104. 1104. 1104.
 1104. 1104. 1104. 1104. 1104. 1104. 1104. 1104.  798.   23.   23.   23.
   23.   23. 
   23.  798.   23.   23.   23.   23.   23.   23. 1104. 1104.  798.  798.
 1104. 1104. 1104.  798.   23.  798.  798. 1104. 1104. 1104. 1104. 1104.
 1104.  798. 
   23.   23.   23.   23.   23.   23.   23.   23.   23.   23.   23.   23.
   23.   23.   23.   23.   23.   23.   23.  798. 1104. 1104. 1104.  798.
  798.  798. 
  798. 1104. 1104.  798.  798.  798.  798.   23.   23.   23.   23.   23.
   23.   23.   23.   23.   23.   23.   23.   23. 1104. 1104. 1104.  798.
 1104. 1104. 
  798.  798.   23.   23.  798.  798. 1104. 1104. 1104. 1104. 1104.  798.
   23.   23.   23.   23.   23.   23.   23.   23.   23.   23.   23.   23.
   23.   23. 
  798.  798.  798.  798.   23.  798. 1104. 1104. 1104.  798.   23.   23.
  798.  798.  798.  798.  798.   23.   23.   23.   23.   23.   23.   23.
   23.   23. 
   23.   23.   23.   23.   23.   23.  798. 1104. 1104. 1104. 1104.  798.
  798.   23.   23.   23.   23.  798.  798.  798. 1104. 1104.  798.  798.
   23.   23. 
   23.   23.   23.   23.   23.   23.   23.   23.   23.   23.   23.  798.
  798.  798.  798.  798.  798.  798.  798. 1104. 1104.  798.  798.   23.
   23.   23. 
   23.   23.   23.   23.   23.   23.   23.   23.   23.   23.   23.   23.
   23.   23.   23.   23.   23.   23.  798.  798. 1104. 1104.  798.  798.
   23.   23. 
   23.   23.   23.   23.   23.  798.  798.  798.  798.   23.   23.   23.
   23.   23.   23.   23.   23.   23.   23.   23.   23.   23.  798.  798.
 1104. 1104. 
 1104. 1104.  798.  798.  798. 1104. 1104.  798.  798.   23.   23.   23.
   23.   23.   23.   23.   23.   23.   23.   23.   23.   23.   23.   23.
   23.   23. 
  23.  23.  23. 798.  23.  23. 798. 798. 798.  23.  23.  23.  23.  23.
  23.  23.  23.  23.  23.  23.  23.  23.  23.  23.  23.  23. 
   23.   23.   23.   23.   23.   23.   23.   23.  798. 1104. 1104. 1104.
 1104. 1104. 1104.  798.  798. 1104. 1104. 1104.  798.   23.   23.   23.
   23.   23. 
  23.  23.  23.  23.  23.  23.  23.  23.  23.  23.  23.  23.  23.  23.
 798. 798.  23.  23.  23.  23.  23.  23.  23.  23.  23.  23. 
   23.   23.   23.   23.   23.   23.   23.   23.   23.   23.   23.   23.
   23.   23.   23.   23.   23.   23.   23.   23.  798. 1104. 1104. 1104.
  798. 1104. 
 1104. 1104.  798. 1104. 1104. 1104.  798.   23.   23.   23.   23.   23.
   23.   23.   23.   23.   23.   23.   23.   23.   23.   23.   23.   23.
   23.   23. 
  798. 1104.   23.   23.   23.   23.   23.   23.   23.   23.   23.   23.
   23.   23.   23.   23.   23.   23.   23.   23.   23.   23.   23.   23.
   23.   23. 
   23.   23.   23.   23.   23.  798.  798. 1104. 1104.  798.  798.  798.
 1104. 1104. 1104. 1104. 1104. 1104.  798.   23.   23.   23.   23.   23.
   23.   23. 
   23.   23.   23.   23.   23.   23.   23.   23.   23.   23.   23.  798.
  798. 1104.   23.   23.   23.   23.   23.   23.   23.   23.   23.   23.
   23.   23. 
   23.   23.   23.   23.   23.   23.   23.   23.   23.   23.   23.   23.
   23.   23.   23.   23.   23.  798.  798. 1104. 1104.  798.  798.  798.
  798. 1104. 
 1104. 1104. 1104.  798.  798.   23.   23.   23.   23.   23.   23.   23.
   23.   23.   23.   23.   23.   23.   23.   23.   23.   23.   23.  798.
  798. 1104. 
 23. 23. 23. 23. 23. 23. 23. 23. 23. 23. 23. 23. 23. 23. 23. 23. 23. 23.
 23. 23. 23. 23. 23. 23. 23. 23. 
   23.   23.   23.  798.  798. 1104. 1104.  798.  798.   23.  798.  798.
  798.  798.  798.  798.   23.   23.   23.   23.   23.   23.   23.   23.
   23.   23. 
   23.   23.   23.  798.  798.  798.  798.   23.   23.  798. 1104. 1104.
   23.   23.   23.   23.   23.   23.   23.   23.   23.   23.   23.   23.
   23.   23. 
   23.   23.   23.   23.   23.   23.   23.   23.  798.  798.  798.  798.
  798.  798.   23.  798.  798. 1104. 1104.  798.  798.   23.   23.   23.
  798.  798. 
  798.   23.   23.   23.   23.   23.   23.   23.   23.   23.   23.   23.
   23.  798.  798. 1104. 1104. 1104. 1104.  798.  798.  798. 1104. 1104.
   23.   23. 
   23.   23.   23.   23.   23.   23.   23.   23.   23.   23.   23.   23.
   23.   23.   23.   23.   23.   23.   23.  798.  798. 1104. 1104.  798.
  798.  798. 
  798.  798. 1104. 1104. 1104.  798.   23.   23.   23.   23.   23.   23.
   23.   23.   23.   23.   23.   23.   23.   23.   23.   23.   23.   23.
   23.  798. 
 1104. 1104. 1104. 1104. 1104. 1104. 1104. 1104.  798. 1104.   23.   23.
   23.   23.   23.   23.   23.   23.   23.   23.   23.   23.   23.   23.
   23.   23. 
   23.   23.   23.   23.  798. 1104. 1104. 1104. 1104. 1104. 1104. 1104.
 1104. 1104. 1104. 1104. 1104.  798.   23.   23.   23.   23.   23.   23.
   23.   23. 
   23.   23.   23.   23.   23.   23.   23.   23.   23.   23.   23.  798.
 1104. 1104. 1104. 1104. 1104. 1104. 1104. 1104. 1104. 1104.   23.   23.
   23.   23. 
   23.   23.   23.   23.   23.   23.   23.   23.   23.   23.   23.   23.
   23.   23.   23.   23.  798. 1104. 1104. 1104. 1104. 1104. 1104. 1104.
 1104. 1104. 
 1104. 1104.  798.  798.   23.   23.   23.   23.   23.   23.   23.   23.
   23.   23.   23.   23.   23.   23.   23.   23.   23.   23.   23.  798.
 1104. 1104. 
 1104.  798.  798.  798.  798. 1104. 1104. 1104.   23.   23.   23.   23.
   23.   23.   23.   23.   23.   23.   23.   23.  798.  798.  798.  798.
   23.   23. 
   23.   23.  798. 1104. 1104.  798.  798.  798.  798. 1104. 1104. 1104.
 1104.  798.  798.   23.   23.   23.   23.   23.   23.   23.   23.   23.
   23.   23. 
   23.   23.   23.   23.   23.   23.   23.   23.   23.  798. 1104. 1104.
 1104.  798. 1104. 1104.  798.  798.  798.  798.   23.   23.   23.   23.
   23.   23. 
   23.   23.   23.   23.   23.  798.  798.  798.  798.  798.  798.   23.
   23.  798.  798. 1104. 1104.  798.   23.   23.  798.  798.  798.  798.
  798.  798. 
   23.   23.   23.   23.   23.   23.   23.   23.   23.   23.   23.   23.
   23.   23.  798.  798.  798.  798.  798.   23.   23.  798. 1104. 1104.
 1104.  798. 
 1104. 1104. 1104.  798.  798.  798.   23.   23.   23.  798.  798.  798.
   23.   23.   23.   23.   23.  798.  798. 1104. 1104. 1104.  798.  798.
   23.  798. 
  798. 1104. 1104.  798.   23.   23.   23.   23.   23.   23.   23.   23.
   23.   23.   23.   23.   23.   23.   23.   23.   23.   23.   23.   23.
   23.  798. 
  798. 1104. 1104. 1104.  798.  798.  798.  798.  798. 1104. 1104.  798.
 1104. 1104. 1104. 1104. 1104.  798.   23.   23.  798.  798.  798.  798.
  798.  798. 
   23.   23.  798.  798. 1104. 1104. 1104. 1104. 1104.  798.  798.  798.
  798. 1104. 1104.  798.  798.   23.   23.   23.   23.   23.   23.   23.
   23.   23. 
   23.   23.   23.   23.  798.  798.   23.   23.   23.   23.   23.  798.
 1104. 1104. 1104. 1104. 1104. 1104.  798.  798.  798. 1104. 1104.  798.
  798.  798. 
 1104. 1104. 1104. 1104.   23.  798.  798. 1104. 1104. 1104.  798.  798.
  798.   23.  798.  798. 1104. 1104.  798. 1104. 1104. 1104.  798.  798.
  798. 1104. 
 1104.  798.  798.   23.   23.   23.   23.   23.   23.   23.   23.   23.
   23.   23.  798.  798.  798.  798.  798.  798.   23.   23.  798. 1104.
 1104. 1104. 
  798. 1104. 1104. 1104. 1104. 1104.  798. 1104. 1104.  798.  798.  798.
  798. 1104. 1104. 1104.  798.  798.  798. 1104. 1104. 1104. 1104.  798.
  798.  798. 
  798. 1104. 1104.  798.  798.  798. 1104. 1104. 1104. 1104.  798. 1104.
 1104.  798.  798.   23.   23.   23.   23.   23.   23.   23.   23.   23.
   23.   23. 
  798. 1104. 1104. 1104. 1104.  798.   23.   23.  798. 1104. 1104. 1104.
  798.  798.  798. 1104. 1104. 1104. 1104. 1104. 1104.  798.   23.   23.
  798.  798. 
  798.  798.  798.  798. 1104. 1104. 1104. 1104. 1104. 1104. 1104.  798.
  798. 1104. 1104.  798.  798.  798.  798. 1104. 1104. 1104. 1104. 1104.
 1104.  798. 
  798.   23.   23.   23.   23.   23.   23.   23.   23.   23.   23.  798.
  798. 1104. 1104. 1104. 1104.  798.  798.   23.  798. 1104. 1104.  798.
  798. 1104. 
  798.  798.  798. 1104. 1104. 1104.  798.  798.  798.   23.   23.   23.
   23.   23.  798. 1104. 1104. 1104.  798.  798. 1104. 1104. 1104. 1104.
  798. 1104. 
  798.  798.  798.   23.  798.  798.  798. 1104. 1104. 1104. 1104.  798.
  798.   23.   23.   23.   23.   23.   23.   23.   23.   23.   23.  798.
  798. 1104. 
 1104. 1104. 1104. 1104.  798.  798.  798. 1104. 1104.  798. 1104.  798.
 1104. 1104.  798.  798.  798.  798.  798. 1104.  798.   23.   23.   23.
   23.   23. 
 1104. 1104. 1104.  798.  798.  798.  798. 1104. 1104. 1104. 1104. 1104.
 1104.  798.   23.   23.   23.  798.  798.  798. 1104. 1104.  798.  798.
   23.   23. 
   23.   23.   23.   23.   23.   23.   23.   23.   23.  798.  798. 1104.
 1104.  798. 1104. 1104. 1104. 1104. 1104. 1104. 1104.  798. 1104.  798.
  798.  798. 
 1104. 1104. 1104. 1104. 1104.  798.  798.   23.   23.   23.   23.   23.
 1104. 1104. 1104.  798.  798.   23.  798.  798. 1104. 1104. 1104. 1104.
  798.  798. 
   23.   23.   23.   23.   23.  798.  798.  798.  798.   23.   23.   23.
   23.   23.   23.   23.  798.  798.   23.   23.   23.  798.  798. 1104.
 1104.  798. 
  798. 1104. 1104. 1104. 1104. 1104.  798.  798. 1104.  798.   23.  798.
  798.  798. 1104. 1104. 1104.  798.   23.   23.   23.   23.   23.   23.
 1104. 1104. 
 798. 798.  23.  23.  23. 798. 798. 798. 798. 798. 798.  23.  23.  23.
  23.  23.  23.  23.  23.  23.  23.  23.  23.  23.  23.  23. 
  798.  798.  798.  798.  798.  798.  798.  798.  798. 1104. 1104.  798.
  798.  798. 1104. 1104. 1104. 1104.  798. 1104. 1104.  798.   23.   23.
   23.  798. 
 798. 798. 798. 798.  23.  23.  23.  23.  23.  23. 798. 798. 798.  23.
  23.  23.  23.  23.  23. 798. 798. 798.  23.  23.  23.  23. 
   23.   23.   23.   23.   23.   23.   23.   23.   23.   23.   23.  798.
  798. 1104. 1104. 1104. 1104.  798.  798.  798.  798. 1104. 1104.  798.
  798. 1104. 
  798.  798.  798.  798. 1104. 1104. 1104.  798.   23.   23.   23.   23.
   23.   23.   23.   23.   23.   23.   23.   23.   23.   23.  798.  798.
   23.   23. 
   23.   23.   23.   23.   23.   23.   23.   23.   23.   23.   23.   23.
   23.   23.   23.   23.   23.   23.   23.   23.   23.   23.   23.  798.
 1104. 1104. 
 1104. 1104. 1104. 1104. 1104. 1104. 1104. 1104. 1104.  798.  798. 1104.
 1104. 1104. 1104.  798. 1104. 1104.  798.  798.   23.   23.   23.   23.
   23.   23. 
  23.  23.  23.  23.  23.  23.  23. 798.  23.  23.  23.  23.  23.  23.
  23.  23.  23.  23.  23.  23.  23.  23.  23.  23.  23.  23. 
  798.  798.  798.   23.   23.   23.   23.   23.  798.  798. 1104. 1104.
  798.  798. 1104. 1104. 1104. 1104. 1104. 1104. 1104.  798.  798.  798.
 1104. 1104. 
 1104. 1104. 1104. 1104.  798.   23.   23.   23.   23.   23.   23.   23.
   23.   23.   23.   23.   23.   23.  798.  798.   23.   23.   23.   23.
   23.   23. 
   23.   23.   23.   23.   23.   23.   23.   23.   23.   23.   23.  798.
  798. 1104. 1104.  798.  798.   23.   23.   23.  798. 1104. 1104. 1104.
  798.  798. 
  798.  798.  798.  798.  798.  798.  798.  798.   23.  798.  798.  798.
 1104. 1104. 1104.  798.  798.   23.   23.   23.   23.   23.   23.   23.
   23.   23. 
   23.   23.   23.   23.  798. 1104.   23.   23.   23.   23.   23.   23.
   23.   23.   23.   23.   23.   23.   23.   23.   23.   23.  798.  798.
 1104. 1104. 
 1104. 1104. 1104.  798.   23.   23.  798. 1104. 1104.  798.  798.   23.
   23.   23.  798.  798.  798.  798.  798.  798.   23.   23.   23.  798.
  798.  798. 
  798.  798.   23.   23.   23.   23.   23.   23.   23.   23.   23.   23.
   23.   23.   23.  798.  798. 1104.   23.   23.   23.   23.   23.   23.
   23.   23. 
   23.   23.   23.   23.   23.   23.   23.   23.  798. 1104. 1104. 1104.
 1104. 1104. 1104.  798.  798.  798.  798. 1104. 1104.  798.  798.  798.
   23.   23. 
   23.  798.  798. 1104. 1104.  798.   23.   23.   23.   23.   23.   23.
   23.   23.   23.   23.   23.   23.   23.   23.   23.   23.   23.  798.
  798.  798. 
   23.   23.  798. 1104.   23.   23.   23.   23.   23.   23.   23.   23.
   23.   23.   23.   23.   23.   23.   23.   23.  798. 1104. 1104. 1104.
  798. 1104. 
 1104. 1104.  798.  798. 1104. 1104. 1104.  798. 1104.  798.  798.  798.
   23.  798.  798. 1104. 1104.  798.   23.   23.   23.   23.   23.   23.
   23.   23. 
   23.   23.   23.   23.   23.   23.   23.   23.  798. 1104. 1104.  798.
  798.  798.  798.  798.   23.   23.   23.   23.   23.   23.   23.   23.
   23.   23. 
   23.   23.   23.   23.   23.  798.  798. 1104. 1104. 1104.  798.  798.
 1104. 1104. 1104.  798. 1104. 1104.  798.  798. 1104. 1104. 1104.  798.
  798.  798. 
  798. 1104. 1104.  798.   23.   23.   23.   23.   23.   23.   23.   23.
   23.  798.  798.   23.   23.   23.  798.  798.  798. 1104. 1104. 1104.
 1104.  798. 
  798. 1104.   23.   23.   23.   23.   23.   23.   23.   23.   23.  798.
  798.  798.  798.   23.  798.  798.  798. 1104. 1104. 1104.  798.  798.
  798. 1104. 
 1104. 1104. 1104. 1104.  798.  798.  798. 1104. 1104. 1104. 1104. 1104.
 1104. 1104. 1104.  798.   23.   23.   23.   23.   23.   23.   23.  798.
  798.  798. 
  798.  798.  798.  798. 1104. 1104. 1104.  798. 1104. 1104. 1104. 1104.
  798. 1104.   23.   23.   23.   23.   23.   23.   23.  798.  798.  798.
 1104.  798. 
  798.  798.  798. 1104.  798. 1104. 1104. 1104.  798.  798.  798.  798.
 1104. 1104. 1104.  798.  798.  798.  798.  798. 1104. 1104. 1104. 1104.
 1104. 1104. 
  798.  798.   23.   23.   23.   23.   23.   23.   23.  798. 1104. 1104.
 1104. 1104.  798. 1104. 1104. 1104. 1104. 1104.  798.  798. 1104. 1104.
  798. 1104. 
   23.   23.   23.   23.   23.   23.  798.  798. 1104. 1104. 1104. 1104.
 1104. 1104.  798.  798.  798. 1104. 1104. 1104.  798. 1104.  798.  798.
  798.  798. 
  798.  798.  798.  798.   23.  798.  798.  798.  798. 1104. 1104.  798.
  798.   23.   23.   23.   23.   23.   23.   23.  798.  798. 1104. 1104.
 1104. 1104. 
  798. 1104. 1104.  798. 1104. 1104. 1104.  798.  798.  798. 1104. 1104.
   23.   23.   23.   23.   23.  798.  798.  798. 1104. 1104. 1104. 1104.
 1104. 1104. 
 1104.  798.  798. 1104. 1104.  798.  798. 1104. 1104.  798.  798.  798.
 1104. 1104.  798.   23.   23.   23.   23.   23.   23.  798.  798.  798.
   23.   23. 
  798.  798.  798.   23.   23.   23.  798.  798. 1104. 1104.  798. 1104.
  798. 1104. 1104.  798.  798. 1104. 1104. 1104.  798. 1104. 1104. 1104.
  798.  798. 
  798.   23.  798.  798.  798. 1104. 1104. 1104.  798.  798.  798. 1104.
 1104. 1104. 1104. 1104. 1104.  798. 1104. 1104. 1104. 1104.  798. 1104.
 1104. 1104. 
  798.   23.   23.   23.   23.   23.   23.   23.   23.   23.   23.  798.
 1104. 1104.  798.  798.  798.  798.  798.  798.  798. 1104.  798.  798.
  798. 1104. 
 1104.  798.  798. 1104. 1104. 1104. 1104. 1104. 1104.  798.  798.  798.
  798.  798.  798. 1104.  798. 1104. 1104.  798.  798.  798.  798.  798.
 1104. 1104. 
 1104. 1104.  798.  798.  798. 1104. 1104. 1104. 1104. 1104. 1104.  798.
  798.   23.   23.   23.   23.   23.   23.   23.  798.  798.  798.  798.
 1104. 1104. 
 1104. 1104.  798.  798. 1104. 1104.  798. 1104.  798.  798.  798. 1104.
 1104.  798. 1104.  798.  798. 1104. 1104. 1104.  798.  798. 1104. 1104.
 1104. 1104. 
  798.  798.  798. 1104. 1104.  798.  798. 1104. 1104. 1104.  798.  798.
  798.  798.  798.   23.  798.  798. 1104. 1104. 1104. 1104. 1104.  798.
   23.   23. 
   23.  798.  798.  798.   23.  798. 1104. 1104. 1104.  798.  798. 1104.
 1104. 1104.  798. 1104. 1104. 1104. 1104. 1104. 1104. 1104. 1104. 1104.
  798. 1104. 
 1104.  798.  798.  798.  798.  798.  798.   23. 1104. 1104. 1104. 1104.
 1104.  798.  798. 1104. 1104.  798. 1104. 1104. 1104. 1104. 1104.  798.
   23.   23. 
   23.   23.   23.  798.  798.  798.  798.  798.  798.  798.   23.   23.
  798. 1104. 1104. 1104.  798. 1104. 1104. 1104. 1104. 1104.  798.  798.
  798.  798. 
 1104. 1104.  798.  798.  798. 1104. 1104. 1104. 1104. 1104.  798.  798.
  798.  798.   23.   23.   23.   23.   23.   23. 1104.  798. 1104. 1104.
 1104. 1104. 
 1104. 1104. 1104.  798.  798.  798.  798.  798.  798.  798.   23.   23.
   23.   23.   23.   23.   23.  798. 1104. 1104. 1104.  798.   23.  798.
  798. 1104. 
 1104.  798. 1104. 1104. 1104. 1104. 1104. 1104. 1104. 1104.  798.  798.
 1104. 1104.  798. 1104. 1104.  798.  798.  798.  798.  798.  798.  798.
   23.   23. 
   23.   23.   23.   23.   23.   23. 1104.  798.  798.  798. 1104. 1104.
 1104. 1104. 1104.  798.  798.  798.  798.  798.   23.   23.   23.   23.
   23.   23. 
   23.   23.  798. 1104. 1104. 1104. 1104. 1104.  798.  798.  798. 1104.
  798.  798. 1104. 1104. 1104.  798.  798. 1104. 1104. 1104. 1104. 1104.
 1104.  798. 
  798. 1104. 1104.  798.  798.   23.   23.   23.   23.   23.   23.   23.
   23.   23.   23.   23.   23.   23. 1104.  798.  798.  798.  798. 1104.
 1104. 1104. 
  798.  798.   23.   23.   23.   23.   23.  798.  798.  798.  798.   23.
   23.   23.  798. 1104.  798.  798.  798.  798.  798.  798. 1104. 1104.
  798.  798. 
 1104. 1104. 1104.  798. 1104.  798. 1104. 1104. 1104. 1104. 1104.  798.
 1104.  798.  798.  798.   23.   23.   23.   23.   23.   23.   23.   23.
   23.   23. 
   23.   23.   23.   23. 1104.  798.  798. 1104. 1104.  798.  798.  798.
  798.   23.   23.   23.   23.   23.  798. 1104. 1104. 1104. 1104.  798.
   23.   23. 
  798. 1104.  798. 1104. 1104. 1104. 1104.  798.  798. 1104.  798. 1104.
 1104. 1104.  798. 1104. 1104. 1104.  798.  798. 1104. 1104.  798.  798.
  798.  798. 
  798.   23.  798.  798.  798.  798.  798.  798.   23.   23.  798.  798.
  798.  798.  798.   23. 1104.  798.  798. 1104. 1104.  798.  798.   23.
   23.   23. 
   23.   23.   23.  798. 1104. 1104. 1104. 1104. 1104.  798.  798.   23.
  798.  798. 1104. 1104. 1104. 1104. 1104. 1104. 1104.  798.  798. 1104.
 1104. 1104. 
  798. 1104. 1104. 1104.  798.   23.  798.  798.   23.   23.   23.   23.
   23.  798.  798.  798.  798.  798. 1104. 1104.  798.  798.  798. 1104.
 1104. 1104. 
  798.  798. 1104.  798.  798.  798.  798.  798.   23.   23.   23.   23.
   23.   23.   23.  798. 1104. 1104. 1104. 1104. 1104. 1104.  798.  798.
  798. 1104. 
 1104. 1104. 1104. 1104. 1104. 1104. 1104. 1104. 1104. 1104. 1104. 1104.
  798.  798.  798.  798.   23.   23.   23.  798.  798.   23.   23.   23.
  798.  798. 
 1104. 1104. 1104.  798.  798. 1104. 1104.  798. 1104. 1104. 1104. 1104.
 1104.  798. 1104.  798.  798.   23.   23.   23.   23.  798.   23.   23.
   23.   23. 
  798. 1104. 1104. 1104.  798.  798. 1104. 1104.  798.  798.  798. 1104.
 1104. 1104.  798.  798.  798. 1104. 1104. 1104. 1104. 1104. 1104.  798.
 1104.  798. 
  798.   23.   23.   23.  798.  798.  798.  798.  798.   23.  798.  798.
 1104. 1104. 1104.  798.  798.  798.  798.  798. 1104. 1104. 1104. 1104.
 1104. 1104. 
  798.  798.   23.   23.   23.  798.  798.  798.  798.  798.   23.   23.
  798. 1104. 1104. 1104.  798.  798. 1104. 1104. 1104.  798. 1104. 1104.
 1104. 1104. 
  798.  798.  798.  798.  798. 1104. 1104. 1104.  798.  798. 1104. 1104.
  798.  798.   23.  798.  798. 1104. 1104. 1104.  798.  798.  798.  798.
 1104. 1104. 
 1104. 1104.  798.  798.  798.  798. 1104. 1104.  798. 1104. 1104. 1104.
  798.   23.   23.   23.  798. 1104. 1104. 1104. 1104. 1104.  798.  798.
  798. 1104. 
 1104.  798.  798.  798. 1104. 1104. 1104.  798. 1104. 1104. 1104.  798.
  798. 1104. 1104.  798.  798.  798.  798.  798. 1104. 1104. 1104. 1104.
  798.  798. 
  798.  798. 1104. 1104. 1104. 1104. 1104.  798.  798.  798. 1104. 1104.
 1104. 1104. 1104.  798.  798. 1104. 1104. 1104.  798.  798. 1104. 1104.
   23.   23. 
   23.  798. 1104. 1104. 1104. 1104. 1104. 1104. 1104.  798.  798. 1104.
 1104.  798.  798.   23.  798. 1104. 1104. 1104. 1104. 1104.  798.  798.
 1104. 1104. 
 1104. 1104.  798.  798.  798.  798. 1104. 1104.  798. 1104. 1104.  798.
  798. 1104. 1104. 1104. 1104. 1104. 1104.  798.  798.  798. 1104. 1104.
 1104. 1104. 
 1104. 1104.  798. 1104. 1104. 1104.  798.  798.  798. 1104.   23.   23.
   23.  798. 1104. 1104. 1104.  798.  798. 1104. 1104. 1104. 1104. 1104.
 1104.  798. 
  798.   23.  798.  798. 1104. 1104. 1104. 1104.  798.  798. 1104. 1104.
 1104. 1104. 1104.  798.  798.  798. 1104. 1104.  798. 1104. 1104.  798.
  798. 1104. 
 1104.  798.  798. 1104. 1104. 1104.  798.  798.  798. 1104. 1104. 1104.
 1104. 1104. 1104. 1104. 1104.  798.  798. 1104.  798.  798.  798.  798.
   23.  798. 
 1104. 1104. 1104.  798.  798.  798. 1104. 1104. 1104. 1104. 1104.  798.
  798.   23.   23.   23.  798.  798.  798.  798.  798.  798. 1104. 1104.
 1104. 1104. 
 1104. 1104.  798. 1104. 1104. 1104.  798.  798. 1104. 1104.  798. 1104.
 1104.  798.  798.  798. 1104. 1104. 1104.  798.  798. 1104. 1104.  798.
 1104. 1104. 
 1104. 1104.  798.  798.  798.  798.  798.  798. 1104. 1104.  798.  798.
 1104. 1104. 1104.  798. 1104.  798.  798.  798.  798.  798.  798.  798.
   23.   23. 
   23.  798.  798.   23.   23.   23.  798.  798. 1104. 1104.  798. 1104.
 1104. 1104. 1104. 1104. 1104. 1104.  798.  798. 1104. 1104. 1104. 1104.
 1104.  798. 
  798.  798.  798. 1104. 1104. 1104. 1104. 1104. 1104.  798.  798. 1104.
 1104. 1104.  798.  798.   23.   23.   23.   23. 1104. 1104. 1104. 1104.
  798. 1104. 
 1104.  798.  798. 1104. 1104. 1104. 1104. 1104.  798.  798.   23.  798.
  798.  798.  798.  798.  798.  798.  798.  798. 1104. 1104.  798.  798.
 1104. 1104. 
 1104. 1104. 1104.  798.  798.  798. 1104. 1104. 1104. 1104.  798.  798.
  798.   23.  798.  798. 1104. 1104. 1104. 1104. 1104.  798.  798.  798.
  798.  798. 
  798.   23.   23.   23.   23.   23.  798. 1104. 1104. 1104. 1104. 1104.
 1104.  798.  798.  798.  798.  798.  798.  798.  798.   23.  798.  798.
 1104. 1104. 
 1104. 1104. 1104.  798.  798.  798. 1104. 1104. 1104.  798.  798. 1104.
 1104. 1104. 1104.  798.  798.  798.  798.  798. 1104.  798.  798. 1104.
  798.   23. 
   23.  798.  798.  798.  798.  798.  798.  798.   23.   23.   23.   23.
   23.   23.   23.   23.   23.   23.  798.  798.  798. 1104. 1104. 1104.
  798.  798. 
  798.  798.  798.  798.   23.   23.   23.   23.  798.  798. 1104. 1104.
 1104. 1104. 1104. 1104. 1104.  798. 1104. 1104.  798.  798.  798.  798.
  798.  798. 
  798.  798.  798.   23.  798.  798.  798.  798. 1104.  798.  798.   23.
   23.   23.   23.  798.  798.  798.  798.   23.   23.   23.   23.   23.
   23.   23. 
   23.   23.   23.   23.  798.  798.  798.  798.  798.  798.  798.  798.
 1104. 1104.  798.  798.  798.   23.   23.   23.  798. 1104. 1104. 1104.
 1104. 1104. 
 1104. 1104. 1104. 1104. 1104. 1104.  798.  798. 1104.  798.  798.  798.
  798. 1104.  798.   23.   23.   23.  798.  798.  798.   23.   23.   23.
   23.   23. 
   23.   23.   23.   23.   23.   23.   23.   23.   23.   23.   23.   23.
   23.   23.   23.   23. 1104. 1104.  798. 1104. 1104.  798. 1104. 1104.
 1104. 1104. 
 1104. 1104.  798.  798.   23.  798.  798. 1104. 1104.  798.  798.  798.
  798. 1104. 1104. 1104. 1104. 1104.  798.  798. 1104. 1104. 1104. 1104.
 1104. 1104. 
 798.  23.  23.  23.  23.  23.  23.  23.  23.  23.  23.  23.  23.  23.
  23.  23.  23.  23.  23.  23.  23.  23.  23.  23.  23.  23. 
   23.   23. 1104. 1104. 1104. 1104. 1104.  798. 1104. 1104. 1104.  798.
 1104. 1104. 1104.  798.  798.  798.  798. 1104. 1104.  798.  798.  798.
  798.  798. 
  798.  798.  798.  798.  798. 1104. 1104. 1104. 1104. 1104. 1104.  798.
   23.   23.   23.   23.   23.   23.   23.   23.   23.   23.   23.   23.
   23.   23. 
 23. 23. 23. 23. 23. 23. 23. 23. 23. 23. 23. 23. 23. 23. 
/