PERMI
  714.  714. 1179. 1179. 1179.  714.  714.   37.   37.   37.   37.   37.
   37.   37.   37.   37.   37.   37.   37.   37.   37.   37.   37.   37.
   37.   37. 
   37.   37.   37.   37.   37.   37.   37.   37.   37.   37.  714.  714.
 1179. 1179. 1179.  714.   37.   37.   37.   37.   37.   37.  714. 1179.
 1179. 1179. 
  714.  714.   37.   37.   37.   37.   37.   37.   37.   37.   37.   37.
 1179. 1179. 1179. 1179.  714.  714.   37.   37.   37.   37.   37.   37.
   37.   37. 
   37.   37.   37.   37.   37.   37.   37.   37.   37.   37.   37.   37.
   37.   37.   37.   37.   37.   37.   37.   37.   37.  714.  714. 1179.
 1179. 1179. 
  714.   37.   37.  714.  714.  714.  714.  714.  714. 1179. 1179.  714.
  714.  714.   37.   37.   37.   37.   37.   37.   37.   37.   37.   37.
 1179. 1179. 
 1179.  714.  714.   37.   37.   37.   37.   37.   37.   37.   37.   37.
   37.   37.   37.   37.   37.   37.   37.   37.   37.   37.   37.   37.
   37.   37. 
   37.   37.   37.   37.   37.   37.   37.  714. 1179. 1179. 1179. 1179.
  714.  714.  714.  714. 1179. 1179. 1179. 1179. 1179. 1179.  714.  714.
 1179.   37. 
   37.   37.   37.   37.   37.   37.   37.   37.   37.   37. 1179.  714.
  714.  714.   37.   37.   37.   37.   37.   37.   37.   37.   37.   37.
   37.   37. 
   37.   37.   37.   37.   37.   37.   37.   37.   37.   37.   37.   37.
   37.   37.   37.   37.   37.   37.  714. 1179. 1179. 1179.  714.  714.
  714.  714. 
 1179. 1179. 1179. 1179. 1179. 1179. 1179.  714.  714. 1179.  714.   37.
   37.   37.   37.   37.   37.   37.   37.   37.   37.   37.  714.  714.
  714.   37. 
 37. 37. 37. 37. 37. 37. 37. 37. 37. 37. 37. 37. 37. 37. 37. 37. 37. 37.
 37. 37. 37. 37. 37. 37. 37. 37. 
   37.   37.   37.   37. 1179. 1179. 1179.  714.  714.   37.  714. 1179.
 1179. 1179. 1179.  714.  714.  714.  714.  714. 1179. 1179.  714.   37.
   37.   37. 
  37.  37.  37.  37.  37.  37.  37.  37. 714.  37.  37.  37.  37.  37.
  37.  37.  37.  37.  37.  37.  37.  37.  37.  37.  37.  37. 
   37.   37.   37.   37.   37.   37.   37.   37.   37.   37.   37.   37.
   37.   37.   37.  714. 1179. 1179. 1179.  714.   37.  714.  714. 1179.
 1179.  714. 
  714.  714.  714.   37.  714. 1179. 1179. 1179.  714.   37.   37.   37.
   37.   37.   37.   37.   37.   37.   37.   37.   37.   37.   37.   37.
   37.   37. 
 37. 37. 37. 37. 37. 37. 37. 37. 37. 37. 37. 37. 37. 37. 37. 37. 37. 37.
 37. 37. 37. 37. 37. 37. 37. 37. 
   37.  714. 1179. 1179. 1179.  714.  714.  714. 1179. 1179. 1179.  714.
   37.   37.   37.   37.  714. 1179. 1179.  714.   37.   37.   37.   37.
   37.   37. 
 37. 37. 37. 37. 37. 37. 37. 37. 37. 37. 37. 37. 37. 37. 37. 37. 37. 37.
 37. 37. 37. 37. 37. 37. 37. 37. 
   37.   37.   37.   37.   37.   37.   37.   37.   37.   37.   37.   37.
   37.  714. 1179. 1179. 1179.  714.  714. 1179. 1179. 1179.  714.  714.
   37.   37. 
   37.   37.  714. 1179. 1179.  714.   37.   37.   37.   37.   37.   37.
   37.   37.   37.   37.   37.   37.   37.   37.   37.   37.   37.   37.
   37.   37. 
  37.  37.  37.  37.  37.  37.  37.  37.  37.  37.  37.  37.  37.  37.
  37.  37.  37.  37.  37.  37.  37.  37.  37.  37.  37. 714. 
 1179. 1179.  714.  714. 1179. 1179. 1179.  714.  714.   37.   37.   37.
   37.   37.  714. 1179. 1179.  714.   37.   37.   37.   37.   37.   37.
   37.   37. 
 37. 37. 37. 37. 37. 37. 37. 37. 37. 37. 37. 37. 37. 37. 37. 37. 37. 37.
 37. 37. 37. 37. 37. 37. 37. 37. 
   37.   37.   37.   37.   37.   37.   37.   37.   37.   37.  714. 1179.
 1179. 1179.  714. 1179. 1179. 1179.  714.  714.   37.   37.   37.   37.
   37.   37. 
  714. 1179. 1179.  714.   37.   37.   37.   37.   37.   37.   37.   37.
   37.   37.   37.   37.   37.   37.   37.   37.   37.   37.   37.   37.
   37.   37. 
   37.   37.   37.   37.   37.   37.   37.   37.   37.   37.   37.   37.
   37.   37.   37.   37.   37.  714.  714.  714.  714.  714. 1179. 1179.
 1179. 1179. 
  714. 1179. 1179.  714.  714.   37.   37.   37.   37.   37.   37.   37.
  714. 1179. 1179.  714.   37.   37.   37.   37.   37.   37.   37.   37.
   37.   37. 
 37. 37. 37. 37. 37. 37. 37. 37. 37. 37. 37. 37. 37. 37. 37. 37. 37. 37.
 37. 37. 37. 37. 37. 37. 37. 37. 
   37.   37.  714. 1179. 1179. 1179. 1179. 1179. 1179. 1179. 1179.  714.
 1179. 1179.  714.  714.   37.   37.   37.   37.   37.   37.   37.   37.
  714. 1179. 
 1179.  714.   37.   37.   37.   37.   37.   37.   37.   37.   37.   37.
   37.   37.   37.   37.   37.   37.   37.   37.   37.   37.   37.   37.
   37.   37. 
   37.   37.   37.   37.   37.   37.   37.   37.   37.   37.   37.   37.
   37.  714. 1179. 1179. 1179. 1179. 1179. 1179. 1179. 1179.  714.  714.
 1179.  714. 
  714.   37.   37.   37.   37.   37.   37.   37.   37.  714. 1179. 1179.
 1179.  714.   37.   37.   37.   37.   37.   37.   37.   37.   37.   37.
   37.   37. 
  37.  37.  37.  37.  37.  37.  37.  37.  37.  37.  37.  37.  37.  37.
  37.  37.  37.  37.  37.  37.  37.  37.  37.  37.  37. 714. 
 1179. 1179. 1179.  714.  714.  714.  714.  714.  714. 1179.  714.  714.
   37.   37.   37.   37.   37.   37.   37.   37.  714. 1179. 1179. 1179.
  714.   37. 
 37. 37. 37. 37. 37. 37. 37. 37. 37. 37. 37. 37. 37. 37. 37. 37. 37. 37.
 37. 37. 37. 37. 37. 37. 37. 37. 
   37.   37.   37.   37.   37.   37.   37.   37.   37.   37.  714. 1179.
 1179. 1179.  714.   37.  714.  714. 1179. 1179. 1179.  714.  714.   37.
   37.   37. 
   37.   37.   37.   37.   37.  714. 1179. 1179. 1179. 1179.  714.   37.
   37.   37.   37.   37.   37.   37.   37.   37.   37.   37.   37.   37.
   37.   37. 
   37.   37.   37.   37.   37.   37.   37.   37.   37.   37.   37.   37.
   37.   37.   37.   37.   37.   37.   37.   37.   37.   37.  714. 1179.
 1179. 1179. 
  714.   37.  714. 1179. 1179. 1179.  714.  714.   37.   37.   37.   37.
   37.   37.   37.   37.  714. 1179. 1179. 1179. 1179.  714.  714.   37.
   37.   37. 
  37.  37.  37.  37.  37.  37.  37.  37.  37. 714.  37.  37.  37.  37.
  37.  37.  37.  37.  37.  37.  37.  37.  37.  37.  37.  37. 
   37.   37.   37.   37.   37.   37.   37.   37.  714. 1179. 1179. 1179.
  714.   37.  714. 1179. 1179.  714.  714.   37.   37.   37.   37.   37.
   37.   37. 
   37.   37.  714. 1179. 1179. 1179.  714.   37.   37.   37.   37.   37.
   37.   37.   37.   37.   37.   37.   37.   37.  714. 1179.   37.   37.
   37.   37. 
   37.   37.   37.   37.   37.   37.   37.   37.   37.   37.   37.   37.
   37.   37.   37.   37.   37.   37.   37.   37.   37. 1179. 1179. 1179.
  714.   37. 
  714. 1179. 1179.  714.  714.   37.   37.   37.   37.   37.   37.   37.
   37.   37. 1179. 1179. 1179.  714.   37.   37.   37.   37.   37.   37.
   37.   37. 
   37.   37.   37.   37.   37.  714.  714. 1179.   37.   37.   37.   37.
   37.   37.   37.   37.   37.   37.   37.   37.   37.   37.   37.   37.
   37.   37. 
   37.   37.   37.   37.   37.   37.   37.  714. 1179. 1179. 1179.  714.
  714. 1179. 1179.  714.  714.   37.   37.   37.   37.   37.   37.   37.
   37.  714. 
 1179. 1179. 1179.   37.   37.   37.   37.   37.   37.   37.   37.   37.
   37.   37.   37.   37.  714.  714. 1179. 1179.   37.   37.   37.   37.
   37.   37. 
   37.   37.   37.   37.   37.   37.   37.   37.   37.   37.   37.   37.
   37.   37.   37.   37.   37.   37.   37.  714. 1179. 1179. 1179.   37.
  714. 1179. 
 1179.  714.  714.   37.   37.   37.   37.   37.   37.   37.   37.  714.
 1179. 1179.  714.   37.   37.   37.   37.   37.   37.   37.   37.   37.
   37.   37. 
   37.  714.  714. 1179. 1179. 1179.   37.   37.   37.   37.   37.   37.
   37.   37.   37.   37.   37.   37.   37.   37.   37.   37.   37.   37.
   37.   37. 
   37.   37.   37.   37.   37.  714. 1179. 1179. 1179.  714.  714. 1179.
 1179.  714.  714.   37.   37.   37.   37.   37.   37.   37.   37.  714.
 1179. 1179. 
  714.   37.   37.   37.   37.   37.   37.   37.   37.   37.   37.   37.
   37.  714. 1179. 1179. 1179.  714.   37.   37.   37.   37.   37.   37.
   37.   37. 
   37.   37.   37.   37.   37.   37.   37.   37.   37.   37.   37.   37.
   37.   37.   37.   37.   37.  714. 1179. 1179. 1179.  714. 1179. 1179.
 1179.  714. 
  714.   37.   37.   37.   37.   37.   37.   37.   37.  714. 1179. 1179.
  714.   37.   37.   37.   37.   37.   37.   37.   37.   37.   37.   37.
  714.  714. 
 1179. 1179.  714.  714.   37.   37.   37.   37.   37.   37.   37.   37.
   37.   37.   37.   37.   37.   37.   37.   37.   37.   37.   37.   37.
   37.   37. 
   37.  714.  714. 1179. 1179. 1179. 1179.  714. 1179. 1179. 1179.  714.
   37.   37.   37.   37.   37.   37.   37.   37.   37.  714. 1179. 1179.
  714.   37. 
   37.   37.   37.   37.   37.   37.   37.   37.   37.   37.  714. 1179.
 1179. 1179.  714.   37.   37.   37.   37.   37.   37.   37.   37.   37.
   37.   37. 
   37.   37.   37.   37.   37.   37.   37.   37.   37.   37.   37.   37.
  714.  714. 1179. 1179. 1179. 1179.  714. 1179. 1179. 1179.  714.  714.
   37.   37. 
   37.   37.   37.   37.   37.   37.   37.  714. 1179. 1179.  714.   37.
   37.   37.   37.   37.   37.   37.   37.   37.   37.   37.  714. 1179.
 1179.  714. 
  714.   37.   37.   37.   37.   37.   37.   37.   37.   37.   37.   37.
   37.   37.   37.   37.   37.   37.   37.   37.   37.   37.   37.  714.
 1179. 1179. 
 1179. 1179. 1179.  714. 1179. 1179.  714.  714.  714.   37.   37.   37.
   37.   37.   37.   37.   37.   37.   37.   37. 1179. 1179.  714.   37.
   37.   37. 
   37.   37.   37.   37.   37.   37.   37.   37.  714. 1179. 1179.  714.
  714.   37.   37.   37.   37.   37.   37.   37.   37.   37.   37.   37.
   37.   37. 
   37.   37.   37.   37.   37.   37.   37.   37.  714. 1179. 1179. 1179.
 1179. 1179.  714.  714.  714.  714.  714.   37.   37.   37.   37.   37.
   37.   37. 
   37.   37.   37.   37.   37.   37. 1179. 1179. 1179.   37.   37.   37.
   37.   37.   37.   37.   37.   37.   37.  714.  714. 1179. 1179.  714.
  714.   37. 
   37.   37.   37.   37.   37.   37.   37.   37.   37.   37.   37.   37.
   37.   37.   37.   37.   37.   37.   37.  714. 1179. 1179. 1179.  714.
  714.  714. 
  714.   37.   37.   37.   37.   37.   37.   37.   37.   37.   37.   37.
   37.   37.   37.   37.   37.  714. 1179. 1179.  714.   37.   37.   37.
   37.   37. 
   37.   37.   37.   37.   37.   37.  714. 1179. 1179.  714.  714.   37.
   37.   37.   37.   37.   37.   37.   37.   37.   37.   37.   37.   37.
   37.   37. 
   37.   37.   37.   37.   37.  714. 1179. 1179.  714.  714. 1179.  714.
  714.   37.   37.   37.   37.   37.   37.   37.   37.   37.   37.   37.
   37.   37. 
  714.  714.  714. 1179. 1179. 1179.  714.   37.   37.   37.   37.   37.
   37.   37.   37.   37.   37.   37.  714. 1179. 1179. 1179.  714.   37.
   37.   37. 
   37.   37.   37.   37.   37.   37.   37.   37.   37.   37.   37.   37.
   37.   37.   37.   37.   37.  714. 1179. 1179.  714. 1179. 1179.  714.
  714.   37. 
   37.   37.   37.   37.   37.   37.   37.   37.   37.   37.   37.  714.
 1179. 1179. 1179. 1179. 1179.   37.   37.   37.   37.   37.   37.   37.
   37.   37. 
   37.   37.   37.  714.  714. 1179. 1179.  714.  714.   37.   37.   37.
   37.   37.   37.   37.   37.   37.   37.   37.   37.   37.   37.   37.
   37.   37. 
   37.   37.   37.  714. 1179. 1179.  714.  714. 1179.  714.  714.   37.
   37.   37.   37.   37.   37.   37.   37.   37.   37.   37.  714. 1179.
 1179. 1179. 
 1179.  714.  714.   37.   37.   37.   37.   37.   37.   37.   37.   37.
   37.   37.   37.  714. 1179. 1179. 1179.  714.   37.   37.   37.   37.
   37.   37. 
   37.   37.   37.   37.   37.   37.   37.   37.   37.   37.   37.   37.
   37.   37.   37.  714. 1179. 1179. 1179.  714. 1179.  714.   37.   37.
   37.   37. 
   37.   37.   37.   37.   37.   37.   37.   37.  714. 1179. 1179. 1179.
  714.   37.   37.   37.   37.   37.   37.   37.   37.   37.   37.   37.
   37.   37. 
  714. 1179. 1179. 1179.  714.  714.   37.   37.   37.   37.   37.   37.
   37.   37.   37.   37.   37.   37.   37.   37.   37.   37.   37.   37.
   37.   37. 
  714.  714.  714. 1179. 1179. 1179.  714.  714.   37.   37.   37.   37.
   37.   37.   37.   37.   37.   37.   37.  714. 1179. 1179. 1179.  714.
   37.   37. 
   37.   37.   37.   37.   37.   37.   37.   37.   37.   37.   37.  714.
 1179. 1179. 1179.  714.  714.   37.   37.   37.   37.   37.   37.   37.
   37.   37. 
   37.   37.   37.   37.   37.   37.   37.   37.   37.   37.   37.  714.
  714. 1179.  714. 1179. 1179. 1179.  714.   37.   37.   37.   37.   37.
   37.   37. 
   37.   37.   37.   37.   37.  714. 1179. 1179. 1179.  714.   37.   37.
   37.   37.   37.   37.   37.   37.   37.   37.   37.   37.  714. 1179.
 1179. 1179. 
  714.  714.   37.   37.   37.   37.   37.   37.   37.   37.   37.   37.
   37.   37.   37.   37.   37.   37.   37.   37.   37.   37.  714.  714.
 1179. 1179. 
 1179.  714. 1179. 1179.  714.   37.   37.   37.   37.   37.   37.   37.
   37.   37.   37.   37.   37.  714. 1179. 1179. 1179.  714.   37.   37.
   37.   37. 
   37.   37.   37.   37.   37.   37.  714.  714. 1179. 1179. 1179.  714.
  714.   37.   37.   37.   37.   37.   37.   37.   37.   37.   37.   37.
   37.   37. 
   37.   37.   37.   37.   37.   37.   37.   37.  714. 1179. 1179. 1179.
  714.  714. 1179. 1179.  714.   37.   37.   37.   37.   37.   37.   37.
   37.   37. 
   37.   37.   37.  714. 1179. 1179. 1179.  714.   37.   37.   37.   37.
   37.   37.   37.   37.   37.   37.  714. 1179. 1179. 1179. 1179.  714.
   37.   37. 
   37.   37.   37.   37.   37.   37.   37.   37.   37.   37.   37.   37.
   37.   37.   37.   37.   37.   37.   37.   37.  714. 1179. 1179. 1179.
  714. 1179. 
 1179. 1179.  714.   37.   37.   37.   37.   37.   37.   37.   37.   37.
   37.   37.  714. 1179. 1179. 1179.  714.   37.   37.   37.   37.   37.
   37.   37. 
   37.   37.   37.  714. 1179. 1179. 1179. 1179.  714.   37.   37.   37.
   37.   37.   37.   37.   37.   37.   37.   37.   37.   37.   37.   37.
   37.   37. 
   37.   37.   37.   37.   37.   37.  714. 1179. 1179. 1179.  714. 1179.
 1179. 1179.  714.   37.   37.   37.   37.   37.   37.   37.   37.   37.
   37.   37. 
  714. 1179. 1179. 1179.  714.   37.   37.   37.   37.   37.   37.   37.
   37.   37.  714.  714. 1179. 1179. 1179.  714.   37.   37.   37.   37.
   37.   37. 
   37.   37.   37.   37.   37.   37.   37.   37.   37.   37.   37.   37.
   37.   37.   37.   37.   37.   37.  714. 1179. 1179. 1179.  714. 1179.
 1179. 1179. 
  714.   37.   37.   37.   37.   37.   37.   37.   37.   37.   37.  714.
 1179. 1179. 1179.  714.   37.   37.   37.   37.   37.   37.   37.   37.
   37.   37. 
  714. 1179. 1179. 1179.  714.   37.   37.   37.   37.   37.   37.   37.
   37.   37.   37.   37.   37.   37.   37.   37.   37.   37.   37.   37.
   37.   37. 
   37.   37.   37.   37.  714. 1179. 1179. 1179.  714. 1179. 1179.  714.
  714.   37.   37.   37.   37.   37.   37.   37.   37.   37.   37.  714.
 1179. 1179. 
 1179.  714.   37.   37.   37.   37.   37.   37.   37.   37.  714.  714.
 1179. 1179. 1179.  714.  714.   37.   37.   37.   37.   37.   37.   37.
   37.   37. 
   37.   37.   37.   37.   37.   37.   37.   37.   37.   37.   37.   37.
   37.   37.   37.   37.  714. 1179. 1179.  714. 1179. 1179. 1179.  714.
   37.   37. 
   37.   37.   37.   37.   37.   37.   37.   37.   37.  714. 1179. 1179.
 1179.   37.   37.   37.   37.   37.   37.   37.   37.   37.  714. 1179.
 1179. 1179. 
 714. 714.  37.  37.  37.  37.  37.  37.  37.  37.  37.  37.  37.  37.
  37.  37.  37.  37.  37.  37.  37.  37.  37.  37.  37.  37. 
   37.  714.  714. 1179.  714.  714. 1179. 1179.  714.  714.   37.   37.
   37.   37.   37.   37.   37.   37.   37.   37.  714. 1179. 1179. 1179.
  714.   37. 
   37.   37.   37.   37.   37.   37.   37.  714. 1179. 1179. 1179.  714.
  714.   37.   37.   37.   37.   37.   37.   37.   37.   37.   37.   37.
   37.   37. 
   37.   37.   37.   37.   37.   37.   37.   37.   37.   37.   37.   37.
   37.  714. 1179.  714.  714. 1179. 1179. 1179.  714.   37.   37.   37.
   37.   37. 
   37.   37.   37.   37.   37.  714. 1179. 1179. 1179.  714.   37.   37.
   37.   37.   37.   37.   37.   37.   37.  714. 1179. 1179. 1179.  714.
   37.   37. 
  37.  37.  37.  37.  37.  37.  37.  37.  37.  37.  37.  37.  37.  37.
  37.  37.  37.  37.  37.  37.  37.  37.  37.  37. 714. 714. 
 1179.  714. 1179. 1179. 1179.  714.   37.   37.   37.   37.   37.   37.
   37.   37.   37.   37.   37.  714. 1179. 1179.  714.   37.   37.   37.
   37.   37. 
   37.   37.   37.   37.   37.  714. 1179. 1179.  714.  714.   37.   37.
   37.   37.   37.   37.   37.   37.   37.   37.   37.   37.   37.   37.
   37.   37. 
   37.   37.   37.   37.   37.   37.   37.   37.   37.  714.  714. 1179.
 1179.  714. 1179. 1179.  714.   37.   37.   37.   37.   37.   37.   37.
   37.   37. 
   37.   37.   37.  714. 1179. 1179.  714.   37.   37.   37.   37.   37.
   37.   37.   37.   37.  714.  714. 1179. 1179.  714.   37.   37.   37.
   37.   37. 
   37.   37.   37.   37.   37.   37.   37.   37.   37.   37.   37.   37.
   37.   37.   37.   37.   37.   37.   37.   37.  714.  714. 1179. 1179.
 1179. 1179. 
 1179. 1179.  714.   37.   37.   37.   37.   37.   37.   37.   37.   37.
   37.   37.   37.  714. 1179. 1179. 1179.  714.   37.   37.   37.   37.
   37.   37. 
   37.  714. 1179. 1179. 1179. 1179.  714.   37.   37.   37.   37.   37.
   37.   37.   37.   37.   37.   37.   37.   37.   37.   37.   37.   37.
   37.   37. 
   37.   37.   37.   37.   37.   37.  714. 1179. 1179. 1179. 1179.  714.
 1179. 1179.  714.   37.   37.   37.   37.   37.   37.   37.   37.   37.
   37.   37. 
   37.  714. 1179. 1179.  714.   37.   37.   37.   37.   37.   37.   37.
  714. 1179. 1179. 1179. 1179.  714.   37.   37.   37.   37.   37.   37.
   37.   37. 
   37.   37.   37.   37.   37.   37.   37.   37.   37.   37.   37.   37.
   37.   37.   37.   37.   37.   37.  714. 1179. 1179. 1179.  714.  714.
 1179. 1179. 
  714.  714.   37.   37.   37.   37.   37.   37.   37.   37.   37.   37.
   37.  714. 1179. 1179. 1179.   37.   37.   37.   37.   37.   37.  714.
  714. 1179. 
 1179.  714.  714.  714.   37.   37.   37.   37.   37.   37.   37.   37.
   37.   37.   37.   37.   37.   37.   37.   37.   37.   37.   37.   37.
   37.   37. 
   37.   37.   37.   37.  714. 1179. 1179.  714.  714.  714. 1179. 1179.
 1179.  714.   37.   37.   37.   37.   37.   37.   37.   37.   37.   37.
   37.  714. 
 1179. 1179. 1179.   37.   37.   37.   37.   37.   37.  714. 1179. 1179.
 1179.  714.   37.   37.   37.   37.   37.   37.   37.   37.   37.   37.
   37.   37. 
   37.   37.   37.   37.   37.   37.   37.   37.   37.   37.   37.   37.
   37.   37.   37.   37.  714. 1179. 1179.  714.   37.  714.  714. 1179.
 1179.  714. 
   37.   37.   37.   37.   37.   37.   37.   37.   37.   37.   37.  714.
 1179. 1179.  714.   37.   37.   37.   37.   37.  714. 1179. 1179. 1179.
  714.   37. 
 37. 37. 37. 37. 37. 37. 37. 37. 37. 37. 37. 37. 37. 37. 37. 37. 37. 37.
 37. 37. 37. 37. 37. 37. 37. 37. 
   37.   37.  714. 1179. 1179.  714.  714.  714. 1179. 1179. 1179.  714.
   37.   37.   37.   37.   37.   37.   37.   37.   37.   37.   37.  714.
 1179. 1179. 
  714.   37.   37.   37.   37.   37.  714. 1179. 1179. 1179.  714.   37.
   37.   37.   37.   37.   37.   37.   37.   37.   37.   37.   37.   37.
   37.   37. 
   37.   37.   37.   37.   37.   37.   37.   37.   37.   37.   37.   37.
   37.   37.  714. 1179. 1179.  714.  714. 1179. 1179. 1179. 1179.  714.
   37.   37. 
   37.   37.   37.   37.   37.   37.   37.  714.  714. 1179. 1179. 1179.
  714.   37.   37.   37.   37.  714.  714. 1179. 1179.  714.   37.   37.
   37.   37. 
 37. 37. 37. 37. 37. 37. 37. 37. 37. 37. 37. 37. 37. 37. 37. 37. 37. 37.
 37. 37. 37. 37. 37. 37. 37. 37. 
  714.  714.  714. 1179. 1179. 1179. 1179. 1179.  714.   37.   37.   37.
   37.   37.   37.   37.   37.   37.  714. 1179. 1179. 1179. 1179.  714.
   37.   37. 
   37.   37.   37.  714. 1179. 1179. 1179.  714.   37.   37.   37.   37.
   37.   37.   37.   37.   37.   37.   37.   37.   37.   37.   37.   37.
   37.   37. 
   37.   37.   37.   37.   37.   37.   37.   37.   37.   37.   37.   37.
  714. 1179. 1179. 1179. 1179. 1179. 1179.  714.   37.   37.   37.   37.
   37.   37. 
   37.   37.   37.  714. 1179. 1179. 1179. 1179.  714.   37.   37.   37.
   37.   37.   37.  714. 1179. 1179. 1179.  714.   37.   37.   37.   37.
   37.   37. 
   37.   37.   37.   37.   37.   37.   37.   37.   37.   37.   37.   37.
   37.   37.   37.   37.   37.   37.   37.   37.   37.   37.   37.  714.
 1179. 1179. 
 1179. 1179. 1179.  714.  714.   37.   37.   37.   37.   37.   37.   37.
   37.  714.  714. 1179. 1179. 1179.  714.  714.   37.   37.   37.   37.
   37.   37. 
  714.  714. 1179. 1179.  714.  714.   37.   37.   37.   37.   37.   37.
   37.   37.   37.   37.   37.   37.   37.   37.   37.   37.   37.   37.
   37.   37. 
   37.   37.   37.   37.   37.   37.   37.   37.   37.  714. 1179. 1179.
 1179.  714.  714.  714.   37.   37.   37.   37.   37.   37.   37.   37.
  714. 1179. 
 1179. 1179. 1179.  714.   37.   37.   37.   37.   37.   37.   37.  714.
  714. 1179. 1179. 1179.  714.   37.   37.   37.   37.   37.   37.   37.
   37.   37. 
   37.   37.   37.   37.   37.   37.   37.   37.   37.   37.   37.   37.
   37.   37.   37.   37.   37.   37.   37.   37.   37.  714. 1179. 1179.
 1179. 1179. 
  714.  714.   37.   37.   37.   37.   37.   37.   37.  714. 1179. 1179.
 1179. 1179.  714.  714.   37.   37.   37.   37.   37.  714.  714. 1179.
 1179. 1179. 
 1179.  714.  714.   37.   37.   37.   37.   37.   37.   37.   37.   37.
   37.   37.   37.   37.   37.   37.   37.   37.   37.   37.   37.   37.
   37.   37. 
   37.   37.   37.   37.   37.   37.   37. 1179. 1179. 1179.  714. 1179.
  714.   37.   37.   37.   37.   37.   37.   37.   37.  714. 1179. 1179.
 1179.  714. 
   37.   37.   37.   37.   37.  714.  714. 1179. 1179. 1179. 1179. 1179.
  714.  714.   37.   37.   37.   37.   37.   37.   37.   37.   37.   37.
   37.   37. 
   37.   37.   37.   37.   37.   37.   37.   37.   37.   37.   37.   37.
   37.   37.   37.   37.   37.   37.  714. 1179. 1179. 1179.  714. 1179.
  714.   37. 
   37.   37.   37.   37.   37.   37.   37.  714. 1179. 1179.  714.   37.
   37.   37.   37.   37.  714. 1179. 1179. 1179. 1179. 1179. 1179.  714.
  714.   37. 
 37. 37. 37. 37. 37. 37. 37. 37. 37. 37. 37. 37. 37. 37. 37. 37. 37. 37.
 37. 37. 37. 37. 37. 37. 37. 37. 
   37.   37.   37.   37.  714. 1179. 1179. 1179. 1179.  714.   37.   37.
   37.   37.   37.   37.   37.   37.   37.  714. 1179. 1179.  714.   37.
   37.   37. 
   37.  714. 1179. 1179. 1179. 1179.  714.  714.  714.   37.   37.   37.
   37.   37.   37.   37.   37.   37.   37.   37.   37.   37.   37.   37.
   37.   37. 
   37.   37.   37.   37.   37.   37.   37.   37.   37.   37.   37.   37.
   37.   37.   37.   37. 1179. 1179. 1179.  714.  714.  714.   37.   37.
   37.   37. 
   37.   37.   37.   37.   37.  714. 1179. 1179.  714.   37.   37.   37.
  714. 1179. 1179. 1179. 1179.  714.  714.   37.   37.   37.   37.   37.
   37.   37. 
 37. 37. 37. 37. 37. 37. 37. 37. 37. 37. 37. 37. 37. 37. 37. 37. 37. 37.
 37. 37. 37. 37. 37. 37. 37. 37. 
   37.  714. 1179. 1179. 1179.  714.  714.   37.   37.   37.   37.   37.
   37.   37.   37.   37.  714. 1179. 1179. 1179.  714.   37.   37.  714.
  714. 1179. 
 1179. 1179.  714.   37.   37.   37.   37.   37.   37.   37.   37.   37.
   37.   37.   37.   37.   37.   37.   37.   37.   37.   37.   37.   37.
   37.   37. 
   37.   37.   37.   37.   37.   37.   37.   37.   37.   37.   37.  714.
  714. 1179. 1179. 1179.  714. 1179.  714.   37.   37.   37.   37.   37.
   37.   37. 
   37.   37.  714. 1179. 1179. 1179.  714.   37.   37.  714. 1179. 1179.
 1179.  714.   37.   37.   37.   37.   37.   37.   37.   37.   37.   37.
   37.   37. 
   37.   37.   37.   37.   37.   37.   37.   37.   37.   37.   37.   37.
   37.   37.   37.   37.   37.   37.   37.   37.   37.   37.  714. 1179.
 1179. 1179. 
 1179. 1179.  714.  714.  714.   37.   37.   37.   37.   37.   37.   37.
   37.   37.  714. 1179. 1179. 1179.  714.   37.  714.  714. 1179. 1179.
  714.  714. 
 37. 37. 37. 37. 37. 37. 37. 37. 37. 37. 37. 37. 37. 37. 37. 37. 37. 37.
 37. 37. 37. 37. 37. 37. 37. 37. 
   37.   37.   37.   37.   37.   37.   37.  714. 1179. 1179. 1179. 1179.
 1179.  714. 1179.  714.   37.   37.   37.   37.   37.   37.   37.   37.
   37.   37. 
  714. 1179. 1179. 1179.  714.   37.  714. 1179. 1179. 1179.  714.   37.
   37.   37.   37.   37.   37.   37.   37.   37.   37.   37.   37.   37.
   37.   37. 
 37. 37. 37. 37. 37. 37. 37. 37. 37. 37. 37. 37. 37. 37. 
/