PERMI
 7. 7. 7. 7. 7. 7. 7. 7. 7. 7. 7. 7. 7. 7. 7. 7. 7. 7. 7. 7. 7. 7. 7. 7.
 7. 7. 
 7. 7. 7. 7. 7. 7. 7. 7. 7. 7. 7. 7. 7. 7. 7. 7. 7. 7. 7. 7. 7. 7. 7. 7.
 7. 7. 
 7. 7. 7. 7. 7. 7. 7. 7. 7. 7. 7. 7. 7. 7. 7. 7. 7. 7. 7. 7. 7. 7. 7. 7.
 7. 7. 
 7. 7. 7. 7. 7. 7. 7. 7. 7. 7. 7. 7. 7. 7. 7. 7. 7. 7. 7. 7. 7. 7. 7. 7.
 7. 7. 
 7. 7. 7. 7. 7. 7. 7. 7. 7. 7. 7. 7. 7. 7. 7. 7. 7. 7. 7. 7. 7. 7. 7. 7.
 7. 7. 
 7. 7. 7. 7. 7. 7. 7. 7. 7. 7. 7. 7. 7. 7. 7. 7. 7. 7. 7. 7. 7. 7. 7. 7.
 7. 7. 
 7. 7. 7. 7. 7. 7. 7. 7. 7. 7. 7. 7. 7. 7. 7. 7. 7. 7. 7. 7. 7. 7. 7. 7.
 7. 7. 
 7. 7. 7. 7. 7. 7. 7. 7. 7. 7. 7. 7. 7. 7. 7. 7. 7. 7. 7. 7. 7. 7. 7. 7.
 7. 7. 
 7. 7. 7. 7. 7. 7. 7. 7. 7. 7. 7. 7. 7. 7. 7. 7. 7. 7. 7. 7. 7. 7. 7. 7.
 7. 7. 
 7. 7. 7. 7. 7. 7. 7. 7. 7. 7. 7. 7. 7. 7. 7. 7. 7. 7. 7. 7. 7. 7. 7. 7.
 7. 7. 
 7. 7. 7. 7. 7. 7. 7. 7. 7. 7. 7. 7. 7. 7. 7. 7. 7. 7. 7. 7. 7. 7. 7. 7.
 7. 7. 
 7. 7. 7. 7. 7. 7. 7. 7. 7. 7. 7. 7. 7. 7. 7. 7. 7. 7. 7. 7. 7. 7. 7. 7.
 7. 7. 
 7. 7. 7. 7. 7. 7. 7. 7. 7. 7. 7. 7. 7. 7. 7. 7. 7. 7. 7. 7. 7. 7. 7. 7.
 7. 7. 
 7. 7. 7. 7. 7. 7. 7. 7. 7. 7. 7. 7. 7. 7. 7. 7. 7. 7. 7. 7. 7. 7. 7. 7.
 7. 7. 
 7. 7. 7. 7. 7. 7. 7. 7. 7. 7. 7. 7. 7. 7. 7. 7. 7. 7. 7. 7. 7. 7. 7. 7.
 7. 7. 
 7. 7. 7. 7. 7. 7. 7. 7. 7. 7. 7. 7. 7. 7. 7. 7. 7. 7. 7. 7. 7. 7. 7. 7.
 7. 7. 
 7. 7. 7. 7. 7. 7. 7. 7. 7. 7. 7. 7. 7. 7. 7. 7. 7. 7. 7. 7. 7. 7. 7. 7.
 7. 7. 
 7. 7. 7. 7. 7. 7. 7. 7. 7. 7. 7. 7. 7. 7. 7. 7. 7. 7. 7. 7. 7. 7. 7. 7.
 7. 7. 
 7. 7. 7. 7. 7. 7. 7. 7. 7. 7. 7. 7. 7. 7. 7. 7. 7. 7. 7. 7. 7. 7. 7. 7.
 7. 7. 
 7. 7. 7. 7. 7. 7. 7. 7. 7. 7. 7. 7. 7. 7. 7. 7. 7. 7. 7. 7. 7. 7. 7. 7.
 7. 7. 
 7. 7. 7. 7. 7. 7. 7. 7. 7. 7. 7. 7. 7. 7. 7. 7. 7. 7. 7. 7. 7. 7. 7. 7.
 7. 7. 
 7. 7. 7. 7. 7. 7. 7. 7. 7. 7. 7. 7. 7. 7. 7. 7. 7. 7. 7. 7. 7. 7. 7. 7.
 7. 7. 
 7. 7. 7. 7. 7. 7. 7. 7. 7. 7. 7. 7. 7. 7. 7. 7. 7. 7. 7. 7. 7. 7. 7. 7.
 7. 7. 
 7. 7. 7. 7. 7. 7. 7. 7. 7. 7. 7. 7. 7. 7. 7. 7. 7. 7. 7. 7. 7. 7. 7. 7.
 7. 7. 
 7. 7. 7. 7. 7. 7. 7. 7. 7. 7. 7. 7. 7. 7. 7. 7. 7. 7. 7. 7. 7. 7. 7. 7.
 7. 7. 
 7. 7. 7. 7. 7. 7. 7. 7. 7. 7. 7. 7. 7. 7. 7. 7. 7. 7. 7. 7. 7. 7. 7. 7.
 7. 7. 
 7. 7. 7. 7. 7. 7. 7. 7. 7. 7. 7. 7. 7. 7. 7. 7. 7. 7. 7. 7. 7. 7. 7. 7.
 7. 7. 
 7. 7. 7. 7. 7. 7. 7. 7. 7. 7. 7. 7. 7. 7. 7. 7. 7. 7. 7. 7. 7. 7. 7. 7.
 7. 7. 
 7. 7. 7. 7. 7. 7. 7. 7. 7. 7. 7. 7. 7. 7. 7. 7. 7. 7. 7. 7. 7. 7. 7. 7.
 7. 7. 
 7. 7. 7. 7. 7. 7. 7. 7. 7. 7. 7. 7. 7. 7. 7. 7. 7. 7. 7. 7. 7. 7. 7. 7.
 7. 7. 
 7. 7. 7. 7. 7. 7. 7. 7. 7. 7. 7. 7. 7. 7. 7. 7. 7. 7. 7. 7. 7. 7. 7. 7.
 7. 7. 
 7. 7. 7. 7. 7. 7. 7. 7. 7. 7. 7. 7. 7. 7. 7. 7. 7. 7. 7. 7. 7. 7. 7. 7.
 7. 7. 
 7. 7. 7. 7. 7. 7. 7. 7. 7. 7. 7. 7. 7. 7. 7. 7. 7. 7. 7. 7. 7. 7. 7. 7.
 7. 7. 
 7. 7. 7. 7. 7. 7. 7. 7. 7. 7. 7. 7. 7. 7. 7. 7. 7. 7. 7. 7. 7. 7. 7. 7.
 7. 7. 
 7. 7. 7. 7. 7. 7. 7. 7. 7. 7. 7. 7. 7. 7. 7. 7. 7. 7. 7. 7. 7. 7. 7. 7.
 7. 7. 
 7. 7. 7. 7. 7. 7. 7. 7. 7. 7. 7. 7. 7. 7. 7. 7. 7. 7. 7. 7. 7. 7. 7. 7.
 7. 7. 
 7. 7. 7. 7. 7. 7. 7. 7. 7. 7. 7. 7. 7. 7. 7. 7. 7. 7. 7. 7. 7. 7. 7. 7.
 7. 7. 
 7. 7. 7. 7. 7. 7. 7. 7. 7. 7. 7. 7. 7. 7. 7. 7. 7. 7. 7. 7. 7. 7. 7. 7.
 7. 7. 
 7. 7. 7. 7. 7. 7. 7. 7. 7. 7. 7. 7. 7. 7. 7. 7. 7. 7. 7. 7. 7. 7. 7. 7.
 7. 7. 
 7. 7. 7. 7. 7. 7. 7. 7. 7. 7. 7. 7. 7. 7. 7. 7. 7. 7. 7. 7. 7. 7. 7. 7.
 7. 7. 
 7. 7. 7. 7. 7. 7. 7. 7. 7. 7. 7. 7. 7. 7. 7. 7. 7. 7. 7. 7. 7. 7. 7. 7.
 7. 7. 
 7. 7. 7. 7. 7. 7. 7. 7. 7. 7. 7. 7. 7. 7. 7. 7. 7. 7. 7. 7. 7. 7. 7. 7.
 7. 7. 
 7. 7. 7. 7. 7. 7. 7. 7. 7. 7. 7. 7. 7. 7. 7. 7. 7. 7. 7. 7. 7. 7. 7. 7.
 7. 7. 
 7. 7. 7. 7. 7. 7. 7. 7. 7. 7. 7. 7. 7. 7. 7. 7. 7. 7. 7. 7. 7. 7. 7. 7.
 7. 7. 
 7. 7. 7. 7. 7. 7. 7. 7. 7. 7. 7. 7. 7. 7. 7. 7. 7. 7. 7. 7. 7. 7. 7. 7.
 7. 7. 
 7. 7. 7. 7. 7. 7. 7. 7. 7. 7. 7. 7. 7. 7. 7. 7. 7. 7. 7. 7. 7. 7. 7. 7.
 7. 7. 
 7. 7. 7. 7. 7. 7. 7. 7. 7. 7. 7. 7. 7. 7. 7. 7. 7. 7. 7. 7. 7. 7. 7. 7.
 7. 7. 
 7. 7. 7. 7. 7. 7. 7. 7. 7. 7. 7. 7. 7. 7. 7. 7. 7. 7. 7. 7. 7. 7. 7. 7.
 7. 7. 
 7. 7. 7. 7. 7. 7. 7. 7. 7. 7. 7. 7. 7. 7. 7. 7. 7. 7. 7. 7. 7. 7. 7. 7.
 7. 7. 
 7. 7. 7. 7. 7. 7. 7. 7. 7. 7. 7. 7. 7. 7. 7. 7. 7. 7. 7. 7. 7. 7. 7. 7.
 7. 7. 
 7. 7. 7. 7. 7. 7. 7. 7. 7. 7. 7. 7. 7. 7. 7. 7. 7. 7. 7. 7. 7. 7. 7. 7.
 7. 7. 
 7. 7. 7. 7. 7. 7. 7. 7. 7. 7. 7. 7. 7. 7. 7. 7. 7. 7. 7. 7. 7. 7. 7. 7.
 7. 7. 
 7. 7. 7. 7. 7. 7. 7. 7. 7. 7. 7. 7. 7. 7. 7. 7. 7. 7. 7. 7. 7. 7. 7. 7.
 7. 7. 
 7. 7. 7. 7. 7. 7. 7. 7. 7. 7. 7. 7. 7. 7. 7. 7. 7. 7. 7. 7. 7. 7. 7. 7.
 7. 7. 
 7. 7. 7. 7. 7. 7. 7. 7. 7. 7. 7. 7. 7. 7. 7. 7. 7. 7. 7. 7. 7. 7. 7. 7.
 7. 7. 
 7. 7. 7. 7. 7. 7. 7. 7. 7. 7. 7. 7. 7. 7. 7. 7. 7. 7. 7. 7. 7. 7. 7. 7.
 7. 7. 
 7. 7. 7. 7. 7. 7. 7. 7. 7. 7. 7. 7. 7. 7. 7. 7. 7. 7. 7. 7. 7. 7. 7. 7.
 7. 7. 
 7. 7. 7. 7. 7. 7. 7. 7. 7. 7. 7. 7. 7. 7. 7. 7. 7. 7. 7. 7. 7. 7. 7. 7.
 7. 7. 
 7. 7. 7. 7. 7. 7. 7. 7. 7. 7. 7. 7. 7. 7. 7. 7. 7. 7. 7. 7. 7. 7. 7. 7.
 7. 7. 
 7. 7. 7. 7. 7. 7. 7. 7. 7. 7. 7. 7. 7. 7. 7. 7. 7. 7. 7. 7. 7. 7. 7. 7.
 7. 7. 
 7. 7. 7. 7. 7. 7. 7. 7. 7. 7. 7. 7. 7. 7. 7. 7. 7. 7. 7. 7. 7. 7. 7. 7.
 7. 7. 
 7. 7. 7. 7. 7. 7. 7. 7. 7. 7. 7. 7. 7. 7. 7. 7. 7. 7. 7. 7. 7. 7. 7. 7.
 7. 7. 
 7. 7. 7. 7. 7. 7. 7. 7. 7. 7. 7. 7. 7. 7. 7. 7. 7. 7. 7. 7. 7. 7. 7. 7.
 7. 7. 
 7. 7. 7. 7. 7. 7. 7. 7. 7. 7. 7. 7. 7. 7. 7. 7. 7. 7. 7. 7. 7. 7. 7. 7.
 7. 7. 
 7. 7. 7. 7. 7. 7. 7. 7. 7. 7. 7. 7. 7. 7. 7. 7. 7. 7. 7. 7. 7. 7. 7. 7.
 7. 7. 
 7. 7. 7. 7. 7. 7. 7. 7. 7. 7. 7. 7. 7. 7. 7. 7. 7. 7. 7. 7. 7. 7. 7. 7.
 7. 7. 
 7. 7. 7. 7. 7. 7. 7. 7. 7. 7. 7. 7. 7. 7. 7. 7. 7. 7. 7. 7. 7. 7. 7. 7.
 7. 7. 
 7. 7. 7. 7. 7. 7. 7. 7. 7. 7. 7. 7. 7. 7. 7. 7. 7. 7. 7. 7. 7. 7. 7. 7.
 7. 7. 
    7.    7.    7.    7.    7.    7.    7.    7.    7.    7.    7.    7.
    7.    7.    7.    7.    7.    7.    7.    7.    7.    7.    7.    7.
 1349. 1349. 
 7. 7. 7. 7. 7. 7. 7. 7. 7. 7. 7. 7. 7. 7. 7. 7. 7. 7. 7. 7. 7. 7. 7. 7.
 7. 7. 
 7. 7. 7. 7. 7. 7. 7. 7. 7. 7. 7. 7. 7. 7. 7. 7. 7. 7. 7. 7. 7. 7. 7. 7.
 7. 7. 
    7.    7.    7.    7.    7.    7.    7.    7.    7.    7. 1349. 1349.
 1349. 1349.    7.    7.    7.    7.    7.    7.    7.    7.    7.    7.
    7.    7. 
 7. 7. 7. 7. 7. 7. 7. 7. 7. 7. 7. 7. 7. 7. 7. 7. 7. 7. 7. 7. 7. 7. 7. 7.
 7. 7. 
    7.    7.    7.    7.    7.    7.    7.    7.    7.    7.    7.    7.
    7.    7.    7.    7.    7.    7.    7.    7.    7.    7. 1853. 1853.
 1853. 1349. 
 1349.    7.    7. 1349. 1349. 1349. 1349. 1349.    7.    7.    7.    7.
    7.    7.    7.    7.    7.    7.    7.    7.    7.    7.    7.    7.
    7.    7. 
 7. 7. 7. 7. 7. 7. 7. 7. 7. 7. 7. 7. 7. 7. 7. 7. 7. 7. 7. 7. 7. 7. 7. 7.
 7. 7. 
    7.    7.    7.    7.    7.    7.    7.    7. 1853. 1853. 1853. 1853.
 1349. 1349. 1349. 1349. 1349. 1349. 1349. 1349. 1349.    7.    7.    7.
    7.    7. 
 7. 7. 7. 7. 7. 7. 7. 7. 7. 7. 7. 7. 7. 7. 7. 7. 7. 7. 7. 7. 7. 7. 7. 7.
 7. 7. 
    7.    7.    7.    7.    7.    7.    7.    7.    7.    7.    7.    7.
    7.    7.    7.    7.    7.    7.    7.    7. 1853. 1853. 1853. 1853.
 1853. 1349. 
 1349. 1853. 1853. 1853. 1853. 1853. 1349. 1349.    7.    7.    7.    7.
    7.    7.    7.    7.    7.    7.    7.    7.    7.    7.    7.    7.
    7.    7. 
 7. 7. 7. 7. 7. 7. 7. 7. 7. 7. 7. 7. 7. 7. 7. 7. 7. 7. 7. 7. 7. 7. 7. 7.
 7. 7. 
    7.    7.    7.    7.    7.    7. 1349. 1349. 1853. 1853. 1853. 1349.
 1853. 1853. 1853. 1853. 1853. 1853. 1349. 1349.    7.    7.    7.    7.
    7.    7. 
 7. 7. 7. 7. 7. 7. 7. 7. 7. 7. 7. 7. 7. 7. 7. 7. 7. 7. 7. 7. 7. 7. 7. 7.
 7. 7. 
    7.    7.    7.    7.    7.    7.    7.    7.    7.    7.    7.    7.
    7.    7.    7.    7.    7.    7. 1349. 1349. 1853. 1853. 1853. 1853.
 1853. 1853. 
 1853. 1853. 1853. 1853. 1349. 1349.    7.    7.    7. 1349.    7.    7.
    7.    7.    7.    7.    7.    7.    7.    7.    7.    7.    7.    7.
    7.    7. 
 7. 7. 7. 7. 7. 7. 7. 7. 7. 7. 7. 7. 7. 7. 7. 7. 7. 7. 7. 7. 7. 7. 7. 7.
 7. 7. 
    7.    7.    7.    7.    7. 1349. 1349. 1853. 1853. 1853. 1853. 1853.
 1853. 1853. 1853. 1853. 1349. 1349.    7. 1349. 1349. 1349. 1349. 1349.
    7.    7. 
 7. 7. 7. 7. 7. 7. 7. 7. 7. 7. 7. 7. 7. 7. 7. 7. 7. 7. 7. 7. 7. 7. 7. 7.
 7. 7. 
    7.    7.    7.    7.    7.    7.    7.    7.    7.    7.    7.    7.
    7.    7.    7.    7.    7. 1349. 1349. 1853. 1853. 1853. 1853. 1853.
 1349. 1853. 
 1853. 1853. 1349. 1349. 1349. 1349. 1349. 1853. 1853. 1349. 1349.    7.
    7.    7.    7.    7.    7.    7.    7.    7.    7.    7.    7.    7.
    7.    7. 
 7. 7. 7. 7. 7. 7. 7. 7. 7. 7. 7. 7. 7. 7. 7. 7. 7. 7. 7. 7. 7. 7. 7. 7.
 7. 7. 
    7.    7.    7. 1349. 1349. 1853. 1853. 1853. 1853. 1349. 1349. 1853.
 1853. 1853. 1349. 1349. 1349. 1853. 1853. 1853. 1853. 1853. 1349. 1349.
    7.    7. 
 7. 7. 7. 7. 7. 7. 7. 7. 7. 7. 7. 7. 7. 7. 7. 7. 7. 7. 7. 7. 7. 7. 7. 7.
 7. 7. 
    7.    7.    7.    7.    7.    7.    7.    7.    7.    7.    7.    7.
    7.    7.    7.    7. 1349. 1349. 1349. 1349. 1349. 1349. 1349. 1853.
 1853. 1853. 
 1853. 1853. 1853. 1853. 1853. 1853. 1853. 1853. 1349. 1349.    7.    7.
    7.    7.    7.    7.    7.    7.    7.    7.    7.    7.    7.    7.
    7.    7. 
 7. 7. 7. 7. 7. 7. 7. 7. 7. 7. 7. 7. 7. 7. 7. 7. 7. 7. 7. 7. 7. 7. 7. 7.
 7. 7. 
    7.    7.    7. 1349. 1349. 1349. 1349.    7. 1349. 1853. 1853. 1853.
 1853. 1853. 1853. 1853. 1853. 1853. 1853. 1853. 1349. 1349.    7.    7.
    7.    7. 
 7. 7. 7. 7. 7. 7. 7. 7. 7. 7. 7. 7. 7. 7. 7. 7. 7. 7. 7. 7. 7. 7. 7. 7.
 7. 7. 
    7.    7.    7.    7.    7.    7.    7.    7.    7.    7.    7.    7.
    7.    7.    7.    7.    7.    7.    7.    7. 1349. 1853. 1853. 1853.
 1853. 1853. 
 1853. 1349. 1349. 1853. 1853. 1853. 1349. 1349.    7.    7.    7.    7.
    7.    7.    7.    7.    7.    7.    7.    7.    7.    7.    7.    7.
    7.    7. 
 7. 7. 7. 7. 7. 7. 7. 7. 7. 7. 7. 7. 7. 7. 7. 7. 7. 7. 7. 7. 7. 7. 7. 7.
 7. 7. 
    7.    7.    7.    7.    7.    7. 1349. 1349. 1853. 1853. 1853. 1349.
 1349. 1349. 1349. 1853. 1853. 1853. 1349. 1349.    7.    7. 1349. 1349.
 1349. 1349. 
 1349.    7.    7.    7.    7.    7.    7.    7.    7.    7.    7.    7.
    7.    7.    7.    7.    7.    7.    7.    7.    7.    7.    7.    7.
    7.    7. 
    7.    7.    7.    7.    7.    7.    7.    7.    7.    7.    7.    7.
    7.    7.    7.    7.    7.    7.    7. 1349. 1349. 1349. 1349. 1349.
 1349.    7. 
 1349. 1853. 1853. 1853. 1349. 1349. 1349. 1349. 1349. 1349. 1349. 1349.
 1349. 1349.    7.    7.    7.    7.    7.    7.    7.    7.    7.    7.
    7.    7. 
 7. 7. 7. 7. 7. 7. 7. 7. 7. 7. 7. 7. 7. 7. 7. 7. 7. 7. 7. 7. 7. 7. 7. 7.
 7. 7. 
    7.    7.    7.    7.    7.    7. 1349. 1349. 1349.    7.    7.    7.
 1349. 1853. 1853. 1853. 1853. 1853. 1853. 1853. 1853. 1853. 1853. 1853.
 1853. 1349. 
 1349.    7.    7.    7.    7.    7.    7.    7.    7.    7.    7.    7.
    7.    7.    7.    7.    7.    7.    7.    7.    7.    7.    7.    7.
    7.    7. 
    7.    7.    7.    7.    7.    7.    7.    7.    7.    7.    7.    7.
    7.    7.    7.    7.    7.    7.    7.    7.    7.    7.    7.    7.
 1349. 1853. 
 1853. 1853. 1853. 1853. 1853. 1853. 1853. 1853. 1853. 1853. 1853. 1349.
 1349.    7.    7.    7.    7.    7.    7.    7.    7.    7.    7.    7.
    7.    7. 
 7. 7. 7. 7. 7. 7. 7. 7. 7. 7. 7. 7. 7. 7. 7. 7. 7. 7. 7. 7. 7. 7. 7. 7.
 7. 7. 
    7.    7.    7.    7.    7.    7.    7.    7.    7.    7. 1349. 1349.
 1853. 1853. 1853. 1853. 1853. 1853. 1853. 1853. 1853. 1853. 1853. 1853.
 1349. 1349. 
    7.    7.    7.    7. 1349. 1349. 1349.    7.    7.    7.    7.    7.
    7.    7.    7.    7.    7.    7.    7.    7.    7.    7.    7.    7.
    7.    7. 
    7.    7.    7.    7.    7.    7. 1349. 1349. 1349. 1349. 1349.    7.
    7.    7.    7.    7.    7.    7.    7.    7.    7.    7.    7. 1349.
 1349. 1853. 
 1853. 1853. 1853. 1853. 1349. 1349. 1349. 1853. 1853. 1853. 1349. 1349.
    7.    7. 1349. 1349. 1349. 1349. 1349. 1349.    7.    7.    7.    7.
    7.    7. 
    7.    7.    7.    7.    7.    7.    7.    7.    7.    7.    7.    7.
    7.    7.    7.    7.    7.    7. 1349. 1349. 1349. 1349. 1349. 1349.
    7.    7. 
    7.    7.    7.    7.    7.    7.    7.    7.    7.    7. 1349. 1349.
 1349. 1349. 1349. 1349. 1349. 1349. 1349. 1853. 1853. 1853. 1349. 1349.
 1349. 1349. 
 1349. 1853. 1853. 1853. 1853. 1349. 1349.    7.    7.    7.    7.    7.
    7.    7.    7.    7.    7.    7.    7.    7.    7.    7.    7.    7.
    7.    7. 
    7.    7.    7.    7. 1349. 1853. 1349. 1349. 1853. 1349. 1349.    7.
    7.    7.    7.    7.    7.    7.    7.    7.    7.    7.    7.    7.
    7.    7. 
    7.    7.    7.    7. 1349. 1853. 1853. 1853. 1853. 1349. 1349. 1349.
 1853. 1853. 1853. 1853. 1853. 1853. 1349. 1349.    7.    7.    7.    7.
    7.    7. 
    7.    7.    7.    7.    7.    7.    7.    7.    7.    7.    7.    7.
    7.    7.    7.    7. 1853. 1853. 1853. 1853. 1349. 1853. 1349. 1349.
    7.    7. 
    7.    7.    7.    7.    7.    7.    7.    7.    7.    7.    7.    7.
    7.    7.    7.    7. 1349. 1349. 1853. 1853. 1853. 1349. 1349. 1853.
 1853. 1853. 
 1853. 1853. 1853. 1853. 1349. 1349.    7.    7.    7.    7.    7.    7.
    7. 1349.    7.    7.    7.    7.    7.    7.    7.    7.    7.    7.
    7.    7. 
    7.    7. 1853. 1853. 1853. 1853. 1349. 1853. 1349. 1349.    7.    7.
    7.    7.    7.    7.    7.    7.    7.    7.    7.    7.    7.    7.
    7.    7. 
    7.    7. 1349. 1349. 1853. 1853. 1853. 1853. 1853. 1853. 1853. 1853.
 1853. 1853. 1853. 1853. 1853. 1349.    7.    7.    7.    7.    7. 1349.
 1349. 1349. 
 1349.    7.    7.    7.    7.    7.    7.    7.    7.    7.    7.    7.
    7.    7. 1853. 1853. 1853. 1853. 1349. 1349. 1349. 1349. 1349. 1349.
 1349. 1349. 
    7.    7.    7.    7.    7.    7.    7.    7.    7.    7.    7.    7.
    7.    7. 1349. 1349. 1349. 1853. 1853. 1853. 1853. 1853. 1853. 1349.
 1349. 1349. 
 1853. 1853. 1853. 1349. 1349.    7.    7. 1349. 1349. 1349. 1853. 1853.
 1349. 1349.    7.    7.    7.    7.    7.    7.    7.    7.    7.    7.
    7.    7. 
 1349. 1853. 1853. 1853. 1349. 1349. 1349. 1349. 1853. 1853. 1853. 1349.
 1349.    7.    7.    7.    7.    7.    7.    7.    7.    7.    7.    7.
    7.    7. 
    7. 1349. 1349. 1853. 1853. 1853. 1853. 1349. 1349. 1349. 1349. 1349.
 1853. 1853. 1853. 1853. 1349. 1349. 1349. 1349. 1853. 1853. 1853. 1853.
 1853. 1349. 
 1349.    7.    7.    7.    7.    7.    7.    7.    7.    7.    7.    7.
 1349. 1349. 1853. 1853. 1853. 1349. 1349. 1853. 1853. 1853. 1853. 1853.
 1349. 1349. 
    7.    7.    7.    7.    7.    7.    7.    7.    7.    7.    7.    7.
    7.    7. 1349. 1349. 1349. 1853. 1349. 1349. 1349.    7.    7. 1349.
 1349. 1853. 
 1853. 1853. 1349. 1349. 1853. 1853. 1853. 1853. 1853. 1853. 1853. 1853.
 1349. 1349.    7.    7.    7.    7.    7.    7.    7.    7.    7.    7.
 1349. 1349. 
 1853. 1853. 1853. 1349. 1853. 1853. 1853. 1853. 1853. 1853. 1853. 1349.
 1349.    7.    7.    7.    7.    7. 1349. 1349. 1349. 1349.    7.    7.
    7.    7. 
    7. 1349. 1349. 1349. 1349. 1349.    7.    7.    7.    7. 1349. 1853.
 1853. 1853. 1853. 1853. 1853. 1853. 1853. 1853. 1349. 1853. 1853. 1853.
 1349. 1349. 
    7.    7.    7.    7.    7.    7.    7.    7.    7.    7. 1349. 1349.
 1349. 1853. 1853. 1853. 1853. 1853. 1853. 1349. 1853. 1853. 1853. 1853.
 1349.    7. 
    7.    7. 1349. 1349. 1349. 1853. 1853. 1349. 1349.    7.    7.    7.
    7.    7.    7.    7.    7.    7.    7.    7.    7.    7.    7. 1349.
 1349. 1853. 
 1853. 1853. 1853. 1853. 1853. 1349. 1349. 1349. 1853. 1853. 1853. 1349.
    7. 1349. 1349. 1349. 1349. 1349. 1349.    7.    7.    7. 1349. 1349.
 1349. 1853. 
 1853. 1853. 1853. 1349. 1349. 1349. 1349. 1853. 1853. 1853. 1349. 1349.
 1349. 1349. 1349. 1853. 1853. 1853. 1853. 1853. 1349. 1349.    7.    7.
    7.    7. 
    7.    7.    7.    7.    7.    7.    7.    7.    7.    7. 1349. 1349.
 1349. 1349. 1349. 1349. 1349. 1349. 1349. 1349. 1853. 1853. 1853. 1349.
 1349. 1349. 
 1349. 1853. 1853. 1853. 1349. 1349.    7.    7. 1349. 1349. 1349. 1349.
 1349. 1853. 1349. 1349. 1853. 1853. 1349. 1853. 1853. 1853. 1853. 1349.
 1349. 1349. 
 1853. 1853. 1853. 1853. 1853. 1853. 1349. 1349.    7.    7.    7.    7.
    7.    7.    7.    7.    7.    7.    7.    7.    7.    7.    7.    7.
 1349. 1349. 
 1349. 1349.    7.    7.    7. 1349. 1853. 1853. 1853. 1853. 1853. 1853.
 1853. 1853. 1853. 1853. 1853. 1349. 1349.    7. 1349. 1349. 1349. 1853.
 1349. 1349. 
 1349. 1853. 1853. 1853. 1349. 1349. 1853. 1853. 1853. 1853. 1853. 1853.
 1853. 1853. 1853. 1853. 1853. 1853. 1349. 1349.    7.    7.    7.    7.
    7.    7. 
    7.    7.    7.    7.    7.    7.    7.    7.    7.    7.    7.    7.
    7.    7.    7.    7.    7. 1349. 1349. 1853. 1853. 1853. 1853. 1853.
 1853. 1853. 
 1853. 1853. 1853. 1853. 1349. 1349.    7. 1349. 1349. 1853. 1853. 1853.
 1853. 1853. 1853. 1853. 1853. 1349. 1853. 1853. 1853. 1853. 1853. 1853.
 1853. 1853. 
 1349. 1853. 1853. 1853. 1349. 1349.    7.    7.    7.    7.    7.    7.
    7.    7.    7.    7.    7.    7.    7.    7.    7.    7.    7.    7.
    7.    7. 
    7.    7.    7.    7. 1349. 1349. 1853. 1853. 1853. 1853. 1349. 1349.
 1349. 1853. 1853. 1853. 1853. 1349.    7. 1349. 1349. 1853. 1853. 1853.
 1853. 1853. 
 1349. 1349. 1853. 1349. 1349. 1853. 1853. 1853. 1853. 1853. 1349. 1349.
 1349. 1853. 1853. 1853. 1349.    7.    7.    7.    7.    7.    7.    7.
    7.    7. 
    7.    7.    7.    7.    7.    7.    7.    7.    7.    7.    7.    7.
    7.    7.    7.    7. 1349. 1349. 1349. 1853. 1349. 1349. 1349. 1349.
 1349. 1349. 
 1853. 1853. 1853. 1349.    7. 1349. 1349. 1349. 1349. 1853. 1349. 1349.
 1349. 1349. 1853. 1853. 1349. 1349. 1349. 1349. 1349. 1349. 1349. 1349.
 1349. 1853. 
 1853. 1853. 1349. 1349. 1349. 1349. 1349. 1349.    7.    7.    7.    7.
    7.    7.    7.    7.    7.    7.    7.    7.    7.    7.    7.    7.
    7.    7. 
    7.    7.    7. 1349. 1349. 1349. 1349. 1349.    7.    7. 1349. 1349.
 1853. 1853. 1853. 1349.    7.    7. 1349. 1349. 1349. 1349. 1349. 1349.
 1349. 1853. 
 1853. 1853. 1853. 1349. 1349. 1349. 1349. 1349. 1349. 1349. 1349. 1853.
 1853. 1853. 1349. 1853. 1853. 1349. 1349. 1349. 1349.    7.    7.    7.
    7.    7. 
    7.    7.    7.    7.    7.    7.    7.    7.    7.    7.    7.    7.
    7.    7.    7.    7.    7.    7.    7.    7.    7.    7. 1349. 1853.
 1853. 1853. 
 1853. 1349.    7.    7.    7. 1349. 1349. 1349. 1349. 1349. 1349. 1853.
 1853. 1853. 1853. 1349. 1349. 1349. 1349. 1349. 1349. 1349. 1349. 1853.
 1853. 1853. 
 1853. 1853. 1853. 1853. 1853. 1853. 1349. 1349.    7.    7.    7.    7.
    7.    7.    7.    7.    7.    7.    7.    7.    7.    7.    7.    7.
    7.    7. 
    7.    7.    7.    7.    7.    7.    7.    7. 1349. 1853. 1853. 1853.
 1349. 1349. 
/