PERMI
   33.   33.   33.   33. 1080. 1080. 1697. 1697. 1697. 1697. 1697. 1080.
 1080. 1080. 1080. 1080. 1080. 1080. 1080. 1697. 1080. 1080. 1080. 1080.
 1080. 1080. 
 1080. 1080. 1697. 1697. 1697. 1697. 1697. 1080. 1080. 1080. 1080. 1080.
 1080.   33.   33.   33.   33.   33.   33.   33.   33.   33.   33.   33.
 1080. 1080. 
 1697. 1697. 1697. 1697. 1080. 1697. 1697. 1697. 1697. 1697. 1697. 1697.
   33.   33.   33.   33.   33. 1080. 1080. 1080. 1697. 1697. 1697. 1697.
 1697. 1080. 
 1080. 1080. 1697. 1697. 1697. 1697. 1697. 1697. 1697. 1080. 1697. 1697.
 1697. 1697. 1697. 1697. 1697. 1697. 1697. 1697. 1697. 1080. 1080. 1080.
 1080. 1080. 
 1080. 1080.   33.   33.   33.   33.   33.   33.   33.   33.   33. 1080.
 1697. 1697. 1697. 1697. 1080. 1080. 1080. 1697. 1697. 1080. 1080. 1080.
   33.   33. 
   33.   33.   33.   33. 1080. 1080. 1080. 1697. 1697. 1697. 1697. 1697.
 1697. 1697. 1697. 1697. 1697. 1697. 1697. 1697. 1697. 1697. 1697. 1697.
 1697. 1697. 
 1697. 1697. 1697. 1697. 1697. 1697. 1697. 1697. 1697. 1697. 1697. 1080.
 1080. 1080. 1080. 1080. 1080. 1080. 1080.   33.   33.   33.   33. 1080.
 1080. 1697. 
 1697. 1697. 1697. 1080. 1080. 1080. 1080. 1697. 1697. 1697.   33.   33.
   33.   33.   33.   33.   33.   33. 1080. 1080. 1697. 1697. 1697. 1697.
 1697. 1697. 
 1697. 1080. 1080. 1080. 1080. 1697. 1697. 1697. 1697. 1697. 1697. 1697.
 1080. 1080. 1080. 1080. 1080. 1697. 1697. 1697. 1697. 1697. 1697. 1697.
 1697. 1697. 
 1697. 1080. 1080. 1080. 1080. 1080.   33.   33.   33.   33. 1080. 1697.
 1697. 1697. 1697. 1697. 1697. 1697. 1697. 1697. 1697. 1697.   33.   33.
   33.   33. 
   33.   33.   33.   33.   33. 1080. 1080. 1080. 1697. 1697. 1697. 1080.
 1080. 1080. 1080. 1080. 1080. 1080. 1080. 1080. 1080. 1080. 1080. 1080.
 1080. 1080. 
 1080. 1080. 1080. 1080. 1080. 1697. 1697. 1697. 1697. 1697. 1697. 1697.
 1697. 1697. 1080. 1080. 1080. 1080. 1080.   33.   33.   33. 1080. 1080.
 1080. 1697. 
 1697. 1697. 1697. 1697. 1697. 1697. 1697. 1697.   33.   33.   33.   33.
   33.   33.   33.   33.   33.   33. 1080. 1080. 1080. 1080. 1080. 1080.
 1080.   33. 
   33.   33.   33.   33.   33.   33.   33.   33. 1080.   33.   33.   33.
   33.   33.   33. 1080. 1080. 1080. 1080. 1080. 1080. 1697. 1697. 1697.
 1697. 1697. 
 1697. 1697. 1080. 1080. 1080. 1080.   33.   33.   33.   33. 1080. 1080.
 1697. 1697. 1697. 1697. 1697. 1697. 1697. 1697. 1080.   33.   33.   33.
   33.   33. 
   33.   33.   33.   33.   33.   33.   33. 1080.   33.   33.   33.   33.
   33.   33.   33.   33.   33.   33.   33.   33.   33.   33.   33.   33.
   33.   33. 
   33.   33.   33.   33. 1080. 1080. 1080. 1080. 1080. 1697. 1697. 1697.
 1697. 1697. 1697. 1080. 1080. 1080. 1080.   33.   33.   33.   33.   33.
 1080. 1080. 
 1080. 1080. 1080. 1080. 1080. 1080. 1080. 1080. 1080.   33.   33.   33.
   33.   33.   33.   33.   33.   33.   33.   33.   33.   33.   33.   33.
   33.   33. 
   33.   33.   33.   33.   33.   33.   33.   33.   33.   33.   33.   33.
   33.   33.   33.   33.   33.   33.   33. 1080. 1080. 1080. 1080. 1080.
 1697. 1697. 
 1697. 1697. 1080. 1080. 1080.   33.   33.   33.   33.   33.   33.   33.
   33.   33.   33.   33.   33.   33. 1697. 1697. 1080. 1080.   33.   33.
   33.   33. 
 33. 33. 33. 33. 33. 33. 33. 33. 33. 33. 33. 33. 33. 33. 33. 33. 33. 33.
 33. 33. 33. 33. 33. 33. 33. 33. 
   33.   33.   33.   33.   33.   33.   33.   33. 1080. 1080. 1697. 1697.
 1697. 1697. 1080. 1080. 1080. 1080. 1080. 1080. 1080. 1080.   33.   33.
   33.   33. 
   33.   33.   33.   33. 1697. 1697. 1697. 1697. 1080. 1080. 1080. 1080.
 1080. 1080. 1080. 1080. 1080. 1080. 1080.   33.   33.   33.   33.   33.
   33.   33. 
   33.   33.   33.   33.   33.   33.   33.   33.   33.   33.   33.   33.
   33.   33.   33.   33.   33.   33.   33.   33.   33. 1080. 1080. 1697.
 1697. 1697. 
 1697. 1080. 1697. 1697. 1080. 1080. 1080. 1080. 1080. 1080.   33.   33.
   33.   33.   33.   33. 1697. 1697. 1697. 1697. 1697. 1080. 1080. 1697.
 1697. 1697. 
 1697. 1697. 1697. 1697. 1697. 1080. 1080.   33.   33.   33.   33.   33.
   33.   33.   33.   33.   33.   33.   33.   33.   33.   33.   33.   33.
   33.   33. 
   33.   33.   33.   33.   33.   33.   33. 1080. 1080. 1080. 1697. 1697.
 1697. 1697. 1697. 1697. 1697. 1697. 1697. 1697. 1080. 1080. 1080.   33.
   33.   33. 
   33.   33. 1080. 1697. 1697. 1697. 1697. 1697. 1697. 1697. 1697. 1697.
 1697. 1697. 1697. 1697. 1697. 1697. 1080.   33.   33.   33.   33.   33.
   33.   33. 
   33.   33.   33.   33.   33.   33.   33.   33.   33.   33.   33.   33.
   33.   33.   33.   33.   33.   33.   33.   33. 1080. 1080. 1697. 1697.
 1697. 1697. 
 1697. 1697. 1697. 1697. 1697. 1697. 1697. 1080. 1080. 1080. 1080.   33.
   33.   33. 1080. 1080. 1080. 1697. 1697. 1697. 1697. 1697. 1697. 1697.
 1697. 1697. 
 1697. 1697. 1697. 1697. 1080. 1080.   33.   33.   33.   33.   33.   33.
   33.   33.   33.   33.   33.   33.   33.   33.   33.   33.   33.   33.
   33.   33. 
   33.   33.   33.   33.   33.   33.   33. 1080. 1080. 1080. 1080. 1080.
 1080. 1697. 1697. 1697. 1697. 1697. 1697. 1697. 1697. 1080. 1080. 1080.
 1080.   33. 
   33.   33. 1080. 1080. 1697. 1697. 1697. 1697. 1697. 1697. 1080. 1080.
 1080. 1697. 1697. 1697. 1697. 1080.   33.   33.   33.   33.   33.   33.
   33.   33. 
   33.   33.   33.   33.   33.   33.   33.   33.   33.   33.   33.   33.
   33.   33.   33.   33.   33.   33.   33.   33. 1080. 1080. 1080. 1080.
 1080. 1080. 
 1080. 1080. 1080. 1697. 1697. 1697. 1697. 1697. 1697. 1080. 1080. 1080.
   33.   33.   33. 1080. 1080. 1080. 1080. 1080. 1080. 1080. 1080.   33.
 1080. 1080. 
 1697. 1697. 1697. 1080. 1080.   33.   33.   33.   33.   33.   33.   33.
   33.   33.   33.   33.   33.   33.   33.   33.   33.   33.   33.   33.
   33.   33. 
   33.   33.   33.   33.   33.   33.   33.   33.   33.   33. 1080. 1080.
 1080. 1080. 1080. 1080. 1697. 1697. 1697. 1697. 1697. 1697. 1697. 1697.
   33.   33. 
   33.   33.   33. 1080. 1080. 1080.   33.   33.   33.   33. 1080. 1080.
 1697. 1697. 1697. 1080. 1080.   33.   33.   33.   33.   33.   33.   33.
   33.   33. 
   33.   33.   33.   33.   33.   33.   33.   33.   33.   33.   33.   33.
   33.   33.   33.   33.   33.   33.   33.   33.   33.   33.   33.   33.
 1080. 1080. 
 1080. 1080. 1080. 1080. 1080. 1697. 1697. 1697. 1697. 1697.   33.   33.
   33.   33.   33.   33.   33.   33.   33.   33.   33.   33.   33. 1080.
 1697. 1697. 
 1697. 1697. 1080. 1080.   33.   33.   33.   33.   33.   33.   33.   33.
   33.   33.   33.   33.   33.   33.   33.   33.   33.   33.   33.   33.
   33.   33. 
   33.   33.   33.   33.   33.   33.   33.   33.   33.   33.   33.   33.
   33. 1080. 1080. 1080. 1080. 1080. 1080. 1697. 1697. 1697.   33.   33.
   33.   33. 
   33.   33.   33.   33.   33.   33.   33.   33.   33. 1080. 1080. 1697.
 1697. 1697. 1697. 1080. 1080. 1080.   33.   33.   33.   33.   33.   33.
   33.   33. 
 33. 33. 33. 33. 33. 33. 33. 33. 33. 33. 33. 33. 33. 33. 33. 33. 33. 33.
 33. 33. 33. 33. 33. 33. 33. 33. 
   33.   33. 1080. 1080. 1080. 1080. 1080. 1080.   33.   33.   33.   33.
   33.   33.   33.   33.   33.   33.   33.   33.   33. 1080. 1080. 1697.
 1697. 1697. 
 1697. 1697. 1697. 1080. 1080.   33.   33.   33.   33.   33.   33.   33.
   33.   33.   33.   33.   33.   33.   33.   33.   33.   33.   33.   33.
   33.   33. 
   33.   33.   33.   33.   33.   33.   33.   33.   33.   33.   33.   33.
   33.   33.   33. 1080. 1080. 1080. 1697. 1080.   33.   33.   33.   33.
   33.   33. 
   33.   33.   33.   33.   33.   33.   33.   33. 1080. 1080. 1697. 1697.
 1697. 1697. 1697. 1697. 1080. 1080. 1080.   33.   33.   33.   33.   33.
   33.   33. 
 33. 33. 33. 33. 33. 33. 33. 33. 33. 33. 33. 33. 33. 33. 33. 33. 33. 33.
 33. 33. 33. 33. 33. 33. 33. 33. 
   33.   33.   33. 1080. 1080. 1697.   33.   33.   33.   33.   33.   33.
   33.   33.   33.   33.   33.   33.   33.   33.   33. 1080. 1080. 1697.
 1697. 1697. 
 1697. 1697. 1697. 1697. 1080. 1080.   33.   33.   33.   33.   33.   33.
   33.   33.   33.   33.   33.   33.   33.   33.   33.   33.   33.   33.
   33.   33. 
   33.   33.   33.   33.   33.   33.   33.   33.   33.   33.   33.   33.
   33.   33.   33.   33. 1080. 1080.   33.   33.   33.   33.   33.   33.
   33.   33. 
   33.   33.   33.   33.   33.   33.   33.   33. 1080. 1080. 1080. 1697.
 1697. 1697. 1697. 1697. 1697. 1080. 1080.   33.   33.   33.   33.   33.
   33.   33. 
 33. 33. 33. 33. 33. 33. 33. 33. 33. 33. 33. 33. 33. 33. 33. 33. 33. 33.
 33. 33. 33. 33. 33. 33. 33. 33. 
   33.   33.   33. 1080.   33.   33.   33.   33.   33.   33.   33.   33.
   33.   33.   33.   33.   33.   33.   33.   33.   33.   33. 1080. 1080.
 1080. 1697. 
 1697. 1697. 1697. 1697. 1080. 1080.   33.   33.   33.   33.   33.   33.
   33.   33.   33.   33.   33.   33.   33.   33.   33.   33.   33.   33.
   33.   33. 
 33. 33. 33. 33. 33. 33. 33. 33. 33. 33. 33. 33. 33. 33. 33. 33. 33. 33.
 33. 33. 33. 33. 33. 33. 33. 33. 
   33.   33.   33.   33.   33.   33.   33.   33.   33.   33. 1080. 1080.
 1080. 1697. 1697. 1697. 1697. 1080. 1080.   33.   33.   33.   33.   33.
   33.   33. 
 33. 33. 33. 33. 33. 33. 33. 33. 33. 33. 33. 33. 33. 33. 33. 33. 33. 33.
 33. 33. 33. 33. 33. 33. 33. 33. 
   33.   33.   33.   33.   33.   33.   33.   33.   33.   33.   33.   33.
   33.   33.   33.   33.   33.   33.   33.   33.   33.   33.   33.   33.
 1080. 1697. 
 1697. 1697. 1697. 1697. 1080. 1080. 1080. 1080. 1080.   33.   33.   33.
   33.   33.   33.   33.   33.   33.   33.   33.   33.   33.   33.   33.
   33.   33. 
 33. 33. 33. 33. 33. 33. 33. 33. 33. 33. 33. 33. 33. 33. 33. 33. 33. 33.
 33. 33. 33. 33. 33. 33. 33. 33. 
   33.   33.   33.   33.   33.   33.   33.   33.   33.   33.   33. 1080.
 1697. 1697. 1697. 1697. 1697. 1080. 1080. 1697. 1080. 1080. 1080.   33.
   33.   33. 
 33. 33. 33. 33. 33. 33. 33. 33. 33. 33. 33. 33. 33. 33. 33. 33. 33. 33.
 33. 33. 33. 33. 33. 33. 33. 33. 
   33.   33.   33.   33.   33.   33.   33.   33.   33.   33.   33.   33.
   33.   33.   33.   33.   33.   33.   33.   33.   33.   33.   33.   33.
 1080. 1080. 
 1697. 1697. 1697. 1697. 1697. 1697. 1697. 1697. 1080. 1080.   33.   33.
   33.   33.   33.   33.   33.   33.   33.   33.   33.   33.   33.   33.
   33.   33. 
 33. 33. 33. 33. 33. 33. 33. 33. 33. 33. 33. 33. 33. 33. 33. 33. 33. 33.
 33. 33. 33. 33. 33. 33. 33. 33. 
   33.   33.   33.   33.   33.   33.   33.   33.   33.   33.   33. 1080.
 1697. 1697. 1697. 1697. 1697. 1697. 1697. 1697. 1697. 1080. 1080. 1080.
   33.   33. 
 33. 33. 33. 33. 33. 33. 33. 33. 33. 33. 33. 33. 33. 33. 33. 33. 33. 33.
 33. 33. 33. 33. 33. 33. 33. 33. 
   33.   33.   33.   33.   33.   33.   33.   33.   33.   33.   33.   33.
   33.   33.   33.   33.   33.   33.   33.   33.   33.   33.   33.   33.
 1080. 1080. 
 1697. 1697. 1080. 1080. 1697. 1697. 1697. 1697. 1697. 1080. 1080.   33.
   33.   33.   33.   33.   33.   33.   33.   33.   33.   33.   33.   33.
   33.   33. 
 33. 33. 33. 33. 33. 33. 33. 33. 33. 33. 33. 33. 33. 33. 33. 33. 33. 33.
 33. 33. 33. 33. 33. 33. 33. 33. 
   33.   33.   33.   33.   33.   33.   33.   33.   33.   33.   33. 1080.
 1080. 1080. 1080. 1080. 1080. 1080. 1697. 1697. 1697. 1697. 1080.   33.
   33.   33. 
 33. 33. 33. 33. 33. 33. 33. 33. 33. 33. 33. 33. 33. 33. 33. 33. 33. 33.
 33. 33. 33. 33. 33. 33. 33. 33. 
 33. 33. 33. 33. 33. 33. 33. 33. 33. 33. 33. 33. 33. 33. 33. 33. 33. 33.
 33. 33. 33. 33. 33. 33. 33. 33. 
   33.   33.   33. 1080. 1080. 1697. 1697. 1697. 1697. 1080.   33.   33.
   33.   33.   33.   33.   33.   33.   33.   33.   33.   33.   33.   33.
   33.   33. 
 33. 33. 33. 33. 33. 33. 33. 33. 33. 33. 33. 33. 33. 33. 33. 33. 33. 33.
 33. 33. 33. 33. 33. 33. 33. 33. 
   33.   33.   33.   33.   33.   33.   33.   33.   33.   33.   33.   33.
   33.   33.   33.   33. 1080. 1080. 1697. 1697. 1697. 1080.   33.   33.
   33.   33. 
 33. 33. 33. 33. 33. 33. 33. 33. 33. 33. 33. 33. 33. 33. 33. 33. 33. 33.
 33. 33. 33. 33. 33. 33. 33. 33. 
 33. 33. 33. 33. 33. 33. 33. 33. 33. 33. 33. 33. 33. 33. 33. 33. 33. 33.
 33. 33. 33. 33. 33. 33. 33. 33. 
   33.   33.   33. 1080. 1697. 1697. 1697. 1697. 1080.   33.   33.   33.
   33.   33.   33.   33.   33.   33.   33.   33.   33.   33.   33.   33.
   33.   33. 
 33. 33. 33. 33. 33. 33. 33. 33. 33. 33. 33. 33. 33. 33. 33. 33. 33. 33.
 33. 33. 33. 33. 33. 33. 33. 33. 
   33.   33.   33.   33.   33.   33.   33.   33.   33.   33.   33.   33.
   33.   33.   33.   33. 1080. 1697. 1697. 1697. 1080. 1080.   33.   33.
   33.   33. 
 33. 33. 33. 33. 33. 33. 33. 33. 33. 33. 33. 33. 33. 33. 33. 33. 33. 33.
 33. 33. 33. 33. 33. 33. 33. 33. 
 33. 33. 33. 33. 33. 33. 33. 33. 33. 33. 33. 33. 33. 33. 33. 33. 33. 33.
 33. 33. 33. 33. 33. 33. 33. 33. 
   33.   33. 1080. 1080. 1697. 1697. 1697. 1080. 1080. 1080. 1080. 1080.
 1080. 1080. 1080. 1080.   33.   33.   33.   33.   33.   33.   33.   33.
   33.   33. 
 33. 33. 33. 33. 33. 33. 33. 33. 33. 33. 33. 33. 33. 33. 33. 33. 33. 33.
 33. 33. 33. 33. 33. 33. 33. 33. 
   33.   33.   33.   33.   33.   33.   33.   33.   33.   33.   33.   33.
   33.   33.   33. 1080. 1080. 1697. 1697. 1697. 1697. 1697. 1697. 1697.
 1697. 1697. 
 1697. 1697. 1080. 1080. 1080. 1080.   33.   33.   33.   33.   33.   33.
   33.   33.   33.   33.   33.   33.   33.   33.   33.   33.   33.   33.
   33.   33. 
 33. 33. 33. 33. 33. 33. 33. 33. 33. 33. 33. 33. 33. 33. 33. 33. 33. 33.
 33. 33. 33. 33. 33. 33. 33. 33. 
   33.   33. 1080. 1697. 1697. 1697. 1697. 1697. 1697. 1697. 1697. 1697.
 1697. 1697. 1697. 1697. 1697. 1080. 1080.   33.   33.   33.   33.   33.
   33.   33. 
 33. 33. 33. 33. 33. 33. 33. 33. 33. 33. 33. 33. 33. 33. 33. 33. 33. 33.
 33. 33. 33. 33. 33. 33. 33. 33. 
   33.   33.   33.   33.   33.   33.   33.   33.   33.   33.   33.   33.
   33.   33.   33. 1080. 1080. 1697. 1697. 1697. 1697. 1697. 1697. 1697.
 1697. 1697. 
 1697. 1697. 1697. 1697. 1080. 1080.   33.   33.   33.   33.   33.   33.
   33.   33.   33.   33.   33.   33.   33.   33.   33.   33.   33.   33.
   33.   33. 
 33. 33. 33. 33. 33. 33. 33. 33. 33. 33. 33. 33. 33. 33. 33. 33. 33. 33.
 33. 33. 33. 33. 33. 33. 33. 33. 
   33.   33.   33. 1080. 1080. 1080. 1080. 1080. 1080. 1080. 1080. 1080.
 1697. 1697. 1697. 1697. 1697. 1080. 1080. 1080.   33.   33.   33.   33.
   33.   33. 
 33. 33. 33. 33. 33. 33. 33. 33. 33. 33. 33. 33. 33. 33. 33. 33. 33. 33.
 33. 33. 33. 33. 33. 33. 33. 33. 
   33.   33.   33.   33.   33.   33.   33.   33.   33.   33.   33.   33.
   33.   33.   33.   33.   33.   33. 1080.   33.   33.   33.   33. 1080.
 1080. 1697. 
 1697. 1697. 1697. 1697. 1697. 1080. 1080. 1080.   33.   33.   33.   33.
   33.   33.   33.   33.   33.   33.   33.   33.   33.   33.   33.   33.
   33.   33. 
 33. 33. 33. 33. 33. 33. 33. 33. 33. 33. 33. 33. 33. 33. 33. 33. 33. 33.
 33. 33. 33. 33. 33. 33. 33. 33. 
   33.   33.   33.   33.   33.   33.   33.   33.   33.   33. 1080. 1080.
 1080. 1697. 1697. 1697. 1697. 1697. 1697. 1080. 1080. 1080.   33.   33.
   33.   33. 
 33. 33. 33. 33. 33. 33. 33. 33. 33. 33. 33. 33. 33. 33. 33. 33. 33. 33.
 33. 33. 33. 33. 33. 33. 33. 33. 
   33.   33.   33.   33.   33.   33.   33.   33.   33.   33.   33.   33.
   33.   33.   33.   33.   33.   33.   33.   33.   33.   33.   33.   33.
 1080. 1080. 
 1697. 1697. 1697. 1697. 1697. 1697. 1697. 1080. 1080.   33.   33.   33.
   33.   33.   33.   33.   33.   33.   33.   33.   33.   33.   33.   33.
   33.   33. 
 33. 33. 33. 33. 33. 33. 33. 33. 33. 33. 33. 33. 33. 33. 33. 33. 33. 33.
 33. 33. 33. 33. 33. 33. 33. 33. 
   33.   33.   33.   33.   33.   33.   33.   33.   33.   33.   33. 1080.
 1080. 1080. 1080. 1697. 1697. 1697. 1697. 1697. 1080. 1080.   33.   33.
   33.   33. 
 33. 33. 33. 33. 33. 33. 33. 33. 33. 33. 33. 33. 33. 33. 33. 33. 33. 33.
 33. 33. 33. 33. 33. 33. 33. 33. 
   33.   33.   33.   33.   33.   33.   33.   33.   33.   33.   33.   33.
   33.   33.   33.   33.   33.   33.   33.   33.   33.   33.   33.   33.
   33. 1080. 
 1080. 1080. 1080. 1697. 1697. 1697. 1697. 1080.   33.   33.   33.   33.
   33.   33.   33.   33.   33.   33.   33.   33.   33.   33.   33.   33.
   33.   33. 
 33. 33. 33. 33. 33. 33. 33. 33. 33. 33. 33. 33. 33. 33. 33. 33. 33. 33.
 33. 33. 33. 33. 33. 33. 33. 33. 
   33.   33.   33.   33.   33.   33.   33.   33.   33.   33.   33.   33.
   33.   33. 1080. 1080. 1697. 1697. 1697. 1697.   33.   33.   33.   33.
   33.   33. 
 33. 33. 33. 33. 33. 33. 33. 33. 33. 33. 33. 33. 33. 33. 33. 33. 33. 33.
 33. 33. 33. 33. 33. 33. 33. 33. 
 33. 33. 33. 33. 33. 33. 33. 33. 33. 33. 33. 33. 33. 33. 33. 33. 33. 33.
 33. 33. 33. 33. 33. 33. 33. 33. 
   33. 1080. 1080. 1697. 1697. 1697.   33.   33.   33.   33.   33.   33.
   33.   33.   33.   33.   33.   33.   33.   33.   33.   33.   33.   33.
   33.   33. 
 33. 33. 33. 33. 33. 33. 33. 33. 33. 33. 33. 33. 33. 33. 33. 33. 33. 33.
 33. 33. 33. 33. 33. 33. 33. 33. 
   33.   33.   33.   33.   33.   33.   33.   33.   33.   33.   33.   33.
   33.   33. 1080. 1080. 1697. 1697.   33.   33.   33.   33.   33.   33.
   33.   33. 
 33. 33. 33. 33. 33. 33. 33. 33. 33. 33. 33. 33. 33. 33. 33. 33. 33. 33.
 33. 33. 33. 33. 33. 33. 33. 33. 
 33. 33. 33. 33. 33. 33. 33. 33. 33. 33. 33. 33. 33. 33. 33. 33. 33. 33.
 33. 33. 33. 33. 33. 33. 33. 33. 
   33. 1080. 1697. 1697.   33.   33.   33.   33.   33.   33.   33.   33.
   33.   33.   33.   33.   33.   33.   33.   33.   33.   33.   33.   33.
   33.   33. 
 33. 33. 33. 33. 33. 33. 33. 33. 33. 33. 33. 33. 33. 33. 33. 33. 33. 33.
 33. 33. 33. 33. 33. 33. 33. 33. 
   33.   33.   33.   33.   33.   33.   33.   33.   33.   33.   33.   33.
   33. 1080. 1080. 1697.   33.   33.   33.   33.   33.   33.   33.   33.
   33.   33. 
 33. 33. 33. 33. 33. 33. 33. 33. 33. 33. 33. 33. 33. 33. 33. 33. 33. 33.
 33. 33. 33. 33. 33. 33. 33. 33. 
 33. 33. 33. 33. 33. 33. 33. 33. 33. 33. 33. 33. 33. 33. 33. 33. 33. 33.
 33. 33. 33. 33. 33. 33. 33. 33. 
 1080. 1697.   33.   33.   33.   33.   33.   33.   33.   33.   33.   33.
   33.   33.   33.   33.   33.   33.   33.   33.   33.   33.   33.   33.
   33.   33. 
 33. 33. 33. 33. 33. 33. 33. 33. 33. 33. 33. 33. 33. 33. 33. 33. 33. 33.
 33. 33. 33. 33. 33. 33. 33. 33. 
   33.   33.   33.   33.   33.   33.   33.   33.   33.   33.   33.   33.
 1080. 1080.   33.   33.   33.   33.   33.   33.   33.   33.   33.   33.
   33.   33. 
 33. 33. 33. 33. 33. 33. 33. 33. 33. 33. 33. 33. 33. 33. 33. 33. 33. 33.
 33. 33. 33. 33. 33. 33. 33. 33. 
 33. 33. 33. 33. 33. 33. 33. 33. 33. 33. 33. 33. 33. 33. 33. 33. 33. 33.
 33. 33. 33. 33. 33. 33. 33. 33. 
 33. 33. 33. 33. 33. 33. 33. 33. 33. 33. 33. 33. 33. 33. 33. 33. 33. 33.
 33. 33. 33. 33. 33. 33. 33. 33. 
 33. 33. 33. 33. 33. 33. 33. 33. 33. 33. 33. 33. 33. 33. 33. 33. 33. 33.
 33. 33. 33. 33. 33. 33. 33. 33. 
 33. 33. 33. 33. 33. 33. 33. 33. 33. 33. 33. 33. 33. 33. 33. 33. 33. 33.
 33. 33. 33. 33. 33. 33. 33. 33. 
 33. 33. 33. 33. 33. 33. 33. 33. 33. 33. 33. 33. 33. 33. 33. 33. 33. 33.
 33. 33. 33. 33. 33. 33. 33. 33. 
 33. 33. 33. 33. 33. 33. 33. 33. 33. 33. 33. 33. 33. 33. 33. 33. 33. 33.
 33. 33. 33. 33. 33. 33. 33. 33. 
 33. 33. 33. 33. 33. 33. 33. 33. 33. 33. 33. 33. 33. 33. 33. 33. 33. 33.
 33. 33. 33. 33. 33. 33. 33. 33. 
 33. 33. 33. 33. 33. 33. 33. 33. 33. 33. 33. 33. 33. 33. 33. 33. 33. 33.
 33. 33. 33. 33. 33. 33. 33. 33. 
 33. 33. 33. 33. 33. 33. 33. 33. 33. 33. 33. 33. 33. 33. 33. 33. 33. 33.
 33. 33. 33. 33. 33. 33. 33. 33. 
 33. 33. 33. 33. 33. 33. 33. 33. 33. 33. 33. 33. 33. 33. 33. 33. 33. 33.
 33. 33. 33. 33. 33. 33. 33. 33. 
 33. 33. 33. 33. 33. 33. 33. 33. 33. 33. 33. 33. 33. 33. 33. 33. 33. 33.
 33. 33. 33. 33. 33. 33. 33. 33. 
 33. 33. 33. 33. 33. 33. 33. 33. 33. 33. 33. 33. 33. 33. 33. 33. 33. 33.
 33. 33. 33. 33. 33. 33. 33. 33. 
 33. 33. 33. 33. 33. 33. 33. 33. 33. 33. 33. 33. 33. 33. 33. 33. 33. 33.
 33. 33. 33. 33. 33. 33. 33. 33. 
 33. 33. 33. 33. 33. 33. 33. 33. 33. 33. 33. 33. 33. 33. 33. 33. 33. 33.
 33. 33. 33. 33. 33. 33. 33. 33. 
 33. 33. 33. 33. 33. 33. 33. 33. 33. 33. 33. 33. 33. 33. 33. 33. 33. 33.
 33. 33. 33. 33. 33. 33. 33. 33. 
 33. 33. 33. 33. 33. 33. 33. 33. 33. 33. 33. 33. 33. 33. 33. 33. 33. 33.
 33. 33. 33. 33. 33. 33. 33. 33. 
 33. 33. 33. 33. 33. 33. 33. 33. 33. 33. 33. 33. 33. 33. 33. 33. 33. 33.
 33. 33. 33. 33. 33. 33. 33. 33. 
 33. 33. 33. 33. 33. 33. 33. 33. 33. 33. 33. 33. 33. 33. 33. 33. 33. 33.
 33. 33. 33. 33. 33. 33. 33. 33. 
 33. 33. 33. 33. 33. 33. 33. 33. 33. 33. 33. 33. 33. 33. 33. 33. 33. 33.
 33. 33. 33. 33. 33. 33. 33. 33. 
 33. 33. 33. 33. 33. 33. 33. 33. 33. 33. 33. 33. 33. 33. 33. 33. 33. 33.
 33. 33. 33. 33. 33. 33. 33. 33. 
 33. 33. 33. 33. 33. 33. 33. 33. 33. 33. 33. 33. 33. 33. 33. 33. 33. 33.
 33. 33. 33. 33. 33. 33. 33. 33. 
 33. 33. 33. 33. 33. 33. 33. 33. 33. 33. 33. 33. 33. 33. 33. 33. 33. 33.
 33. 33. 33. 33. 33. 33. 33. 33. 
 33. 33. 33. 33. 33. 33. 33. 33. 33. 33. 33. 33. 33. 33. 33. 33. 33. 33.
 33. 33. 33. 33. 33. 33. 33. 33. 
 33. 33. 33. 33. 33. 33. 33. 33. 33. 33. 33. 33. 33. 33. 33. 33. 33. 33.
 33. 33. 33. 33. 33. 33. 33. 33. 
 33. 33. 33. 33. 33. 33. 33. 33. 33. 33. 33. 33. 33. 33. 33. 33. 33. 33.
 33. 33. 33. 33. 33. 33. 33. 33. 
 33. 33. 33. 33. 33. 33. 33. 33. 33. 33. 33. 33. 33. 33. 33. 33. 33. 33.
 33. 33. 33. 33. 33. 33. 33. 33. 
 33. 33. 33. 33. 33. 33. 33. 33. 33. 33. 33. 33. 33. 33. 33. 33. 33. 33.
 33. 33. 33. 33. 33. 33. 33. 33. 
 33. 33. 33. 33. 33. 33. 33. 33. 33. 33. 33. 33. 33. 33. 33. 33. 33. 33.
 33. 33. 33. 33. 33. 33. 33. 33. 
 33. 33. 33. 33. 33. 33. 33. 33. 33. 33. 33. 33. 33. 33. 33. 33. 33. 33.
 33. 33. 33. 33. 33. 33. 33. 33. 
 33. 33. 33. 33. 33. 33. 33. 33. 33. 33. 33. 33. 33. 33. 33. 33. 33. 33.
 33. 33. 33. 33. 33. 33. 33. 33. 
 33. 33. 33. 33. 33. 33. 33. 33. 33. 33. 33. 33. 33. 33. 
/