PERMI
 1748. 1748. 2332. 2332. 2332. 2332. 1748. 1748. 1748. 1748. 1748. 2332.
 2332. 2332. 2332. 1748. 1748. 2332. 2332. 1748. 1748. 1748. 1748. 1748.
 2332. 2332. 
 2332. 1748. 1748. 1748. 1748. 2332. 2332. 2332. 1748. 1748.   29.   29.
   29.   29.   29.   29.   29.   29.   29.   29.   29.   29.   29.   29.
   29.   29. 
   29.   29.   29.   29.   29.   29.   29.   29.   29.   29.   29.   29.
 1748. 1748. 2332. 2332. 2332. 1748. 1748. 2332. 2332. 1748. 2332. 2332.
 2332. 1748. 
 1748. 1748. 2332. 2332. 1748. 1748.   29.   29. 1748. 1748. 2332. 2332.
 2332. 1748. 1748. 1748. 1748. 1748. 2332. 2332. 1748. 1748.   29.   29.
   29.   29. 
   29.   29.   29.   29.   29.   29.   29.   29.   29.   29.   29.   29.
   29.   29.   29.   29.   29.   29.   29.   29.   29.   29. 1748. 1748.
   29. 1748. 
 1748. 1748. 1748. 2332. 2332. 2332. 2332. 1748. 2332. 2332. 2332. 1748.
 1748. 1748. 2332. 2332. 2332. 1748. 1748.   29. 1748. 1748. 2332. 2332.
 2332. 1748. 
 1748. 1748. 1748. 1748. 2332. 2332. 2332. 1748. 1748.   29.   29.   29.
   29.   29.   29.   29.   29.   29.   29.   29.   29.   29.   29.   29.
   29.   29. 
   29.   29.   29.   29.   29.   29.   29.   29. 1748. 2332.   29.   29.
   29. 1748. 2332. 2332. 2332. 2332. 2332. 1748. 2332. 2332. 2332. 2332.
 1748. 1748. 
 2332. 2332. 2332. 2332. 1748. 1748. 1748. 1748. 2332. 2332. 2332. 1748.
 1748. 1748. 1748. 1748. 2332. 2332. 2332. 1748. 1748.   29.   29.   29.
   29.   29. 
   29.   29.   29.   29.   29.   29.   29.   29.   29.   29.   29.   29.
   29.   29.   29.   29.   29.   29.   29. 1748. 2332. 2332.   29.   29.
 1748. 1748. 
 2332. 2332. 2332. 1748. 1748. 1748. 1748. 2332. 2332. 2332. 1748. 1748.
 1748. 2332. 1748. 1748. 1748. 1748. 1748. 2332. 2332. 2332. 2332. 1748.
 1748. 1748. 
 1748. 1748. 2332. 2332. 2332. 1748. 1748.   29.   29.   29.   29.   29.
   29.   29.   29.   29.   29.   29.   29.   29.   29.   29.   29.   29.
   29.   29. 
   29.   29.   29.   29.   29. 1748. 2332. 2332.   29.   29. 1748. 2332.
 2332. 2332. 1748. 1748. 2332. 1748. 1748. 2332. 2332. 2332. 2332. 1748.
 1748. 1748. 
 1748. 1748. 1748. 2332. 2332. 2332. 2332. 2332. 2332. 1748. 1748. 1748.
 1748. 1748. 1748. 2332. 2332. 2332. 1748.   29.   29.   29.   29.   29.
   29.   29. 
   29.   29.   29.   29.   29.   29.   29.   29.   29.   29.   29.   29.
   29.   29.   29.   29.   29. 1748. 2332. 2332.   29.   29. 1748. 2332.
 2332. 2332. 
 1748. 2332. 2332. 1748. 1748. 1748. 2332. 2332. 2332. 1748. 1748. 1748.
 1748. 2332. 2332. 2332. 2332. 2332. 2332. 2332. 1748. 1748. 1748. 1748.
 1748. 1748. 
 2332. 2332. 2332. 1748. 1748.   29.   29.   29.   29.   29.   29.   29.
   29.   29.   29.   29.   29.   29.   29.   29.   29.   29.   29.   29.
   29.   29. 
   29.   29.   29. 1748. 1748. 2332.   29.   29. 1748. 1748. 2332. 1748.
 1748. 1748. 1748. 1748. 1748. 1748. 1748. 2332. 2332. 2332. 1748. 1748.
 2332. 2332. 
 2332. 2332. 2332. 2332. 2332. 1748. 1748. 1748. 1748. 1748. 2332. 2332.
 2332. 2332. 2332. 1748. 1748.   29.   29.   29.   29.   29.   29.   29.
   29.   29. 
   29.   29.   29.   29.   29.   29.   29.   29.   29.   29.   29.   29.
   29.   29.   29.   29. 1748. 2332.   29.   29. 1748. 1748. 2332. 1748.
 2332. 2332. 
 2332. 2332. 2332. 2332. 2332. 2332. 2332. 1748. 1748. 2332. 2332. 2332.
 2332. 1748. 1748. 1748. 1748. 1748. 1748. 2332. 2332. 2332. 2332. 2332.
 2332. 2332. 
 2332. 1748. 1748.   29.   29.   29.   29.   29.   29.   29.   29.   29.
   29.   29.   29.   29.   29.   29.   29.   29.   29.   29.   29.   29.
   29.   29. 
   29.   29.   29. 1748.   29. 1748. 1748. 1748. 1748. 1748. 2332. 2332.
 2332. 2332. 2332. 2332. 2332. 2332. 2332. 1748. 1748. 2332. 2332. 2332.
 2332. 1748. 
 1748. 1748. 1748. 1748. 2332. 2332. 2332. 2332. 2332. 2332. 2332. 2332.
 1748. 1748.   29.   29.   29.   29.   29.   29.   29.   29.   29.   29.
   29.   29. 
   29.   29.   29.   29.   29.   29.   29.   29.   29.   29.   29.   29.
   29. 1748. 1748. 1748.   29. 1748. 1748. 1748. 1748. 1748. 2332. 2332.
 2332. 2332. 
 2332. 2332. 2332. 2332. 1748. 1748. 1748. 1748. 2332. 2332. 2332. 1748.
 1748. 1748. 1748. 1748. 2332. 2332. 2332. 2332. 1748. 1748. 1748. 1748.
 1748.   29. 
   29.   29.   29.   29.   29.   29.   29.   29.   29.   29.   29.   29.
   29.   29.   29.   29.   29.   29.   29.   29.   29.   29.   29.   29.
 1748. 1748. 
 2332. 2332.   29. 1748. 2332. 2332. 1748. 1748. 2332. 2332. 2332. 1748.
 1748. 1748. 1748. 1748. 1748. 2332. 1748. 1748. 2332. 2332. 2332. 2332.
 1748. 1748. 
 1748. 1748. 2332. 2332. 2332. 1748. 1748. 1748. 1748.   29.   29.   29.
   29.   29.   29.   29.   29.   29.   29.   29.   29.   29.   29.   29.
   29.   29. 
   29.   29.   29.   29.   29.   29.   29.   29.   29.   29. 1748. 2332.
 2332. 2332.   29. 1748. 2332. 1748. 1748. 1748. 1748. 2332. 2332. 2332.
 1748. 1748. 
   29. 1748. 2332. 2332. 2332. 1748. 1748. 2332. 2332. 2332. 2332. 1748.
 1748. 1748. 2332. 2332. 2332. 2332. 1748. 1748. 1748.   29.   29.   29.
   29.   29. 
   29.   29.   29.   29.   29.   29.   29.   29.   29.   29.   29.   29.
   29.   29.   29.   29.   29.   29.   29.   29.   29. 1748. 2332. 2332.
 2332. 2332. 
 1748. 1748. 1748. 2332. 2332. 2332. 1748. 2332. 2332. 2332. 2332. 1748.
 1748. 1748. 2332. 2332. 2332. 1748. 1748. 1748. 2332. 2332. 2332. 2332.
 1748. 1748. 
 1748. 2332. 2332. 2332. 2332. 1748. 1748. 1748.   29.   29.   29.   29.
   29.   29.   29.   29.   29.   29.   29.   29.   29.   29.   29.   29.
   29.   29. 
   29.   29.   29.   29.   29.   29.   29. 1748. 2332. 2332. 2332. 2332.
 2332. 2332. 2332. 2332. 2332. 2332. 1748. 1748. 2332. 2332. 2332. 1748.
 1748. 1748. 
 1748. 2332. 2332. 2332. 2332. 1748. 1748. 2332. 2332. 2332. 1748. 1748.
 1748. 1748. 2332. 2332. 2332. 2332. 2332. 1748.   29.   29.   29.   29.
   29.   29. 
   29.   29.   29.   29.   29.   29.   29.   29.   29.   29.   29.   29.
   29.   29.   29.   29.   29.   29.   29.   29. 1748. 2332. 2332. 2332.
 2332. 2332. 
 2332. 2332. 1748. 1748. 1748. 1748. 1748. 2332. 2332. 1748. 1748.   29.
 1748. 1748. 2332. 2332. 1748. 1748. 1748. 2332. 2332. 2332. 1748. 1748.
 1748. 1748. 
 1748. 2332. 2332. 2332. 2332. 1748. 1748.   29.   29.   29.   29.   29.
   29.   29.   29.   29.   29.   29.   29.   29.   29.   29.   29.   29.
   29.   29. 
   29.   29.   29.   29.   29.   29. 1748. 2332. 2332. 2332. 2332. 2332.
 1748. 1748. 1748. 1748. 2332. 2332. 2332. 2332. 2332. 1748. 1748. 1748.
 1748. 1748. 
 1748. 1748. 1748. 1748. 2332. 2332. 2332. 1748. 1748. 1748. 1748. 2332.
 1748. 1748. 2332. 2332. 2332. 1748. 1748.   29.   29.   29.   29.   29.
   29.   29. 
   29.   29.   29.   29.   29.   29.   29.   29.   29.   29.   29.   29.
   29.   29.   29.   29.   29.   29.   29. 1748. 2332. 2332. 2332. 1748.
 1748. 1748. 
 2332. 2332. 2332. 2332. 2332. 2332. 1748. 1748. 1748. 2332. 2332. 2332.
 1748. 1748. 1748. 2332. 2332. 2332. 2332. 1748. 1748. 1748. 2332. 1748.
 1748. 1748. 
 2332. 2332. 2332. 1748. 1748.   29.   29.   29.   29.   29.   29.   29.
   29.   29.   29.   29.   29.   29.   29.   29.   29.   29.   29.   29.
   29.   29. 
   29.   29.   29.   29.   29. 1748. 2332. 2332. 2332. 2332. 1748. 2332.
 2332. 2332. 2332. 2332. 1748. 1748. 1748. 1748. 2332. 2332. 2332. 1748.
 1748. 2332. 
 2332. 2332. 2332. 2332. 1748. 1748. 1748. 1748. 1748. 1748. 2332. 2332.
 2332. 2332. 1748. 1748.   29.   29.   29.   29.   29.   29.   29.   29.
   29.   29. 
   29.   29.   29.   29.   29.   29.   29.   29.   29.   29.   29.   29.
 1748. 1748. 1748. 1748. 1748. 1748. 2332. 2332. 2332. 2332. 1748. 2332.
 2332. 2332. 
 1748. 1748. 1748.   29. 1748. 2332. 2332. 2332. 2332. 1748. 1748. 2332.
 2332. 2332. 2332. 1748. 1748. 1748. 1748. 1748. 1748. 2332. 2332. 2332.
 2332. 1748. 
 1748. 1748.   29.   29.   29.   29.   29.   29.   29.   29.   29.   29.
   29.   29.   29.   29.   29.   29.   29.   29.   29.   29.   29.   29.
 1748. 2332. 
 2332. 2332. 2332. 2332. 2332. 2332. 1748. 2332. 1748. 2332. 2332. 2332.
 2332. 1748. 1748. 1748. 1748. 2332. 2332. 2332. 1748. 1748. 1748. 2332.
 2332. 2332. 
 1748. 1748. 1748. 1748. 1748. 2332. 2332. 2332. 2332. 2332. 2332. 1748.
   29.   29.   29.   29.   29.   29.   29.   29.   29.   29.   29.   29.
   29.   29. 
   29.   29.   29.   29.   29.   29.   29.   29.   29.   29. 1748. 2332.
 2332. 2332. 2332. 2332. 2332. 2332. 1748. 1748. 1748. 1748. 2332. 2332.
 2332. 2332. 
 2332. 2332. 1748. 1748. 2332. 2332. 1748. 1748. 1748. 2332. 2332. 2332.
 1748. 1748. 1748. 1748. 1748. 2332. 2332. 2332. 2332. 1748. 1748. 1748.
   29.   29. 
   29.   29.   29.   29.   29.   29.   29.   29.   29.   29.   29.   29.
   29.   29.   29.   29.   29.   29.   29.   29.   29.   29. 1748. 2332.
 2332. 2332. 
 2332. 2332. 2332. 1748. 1748. 1748. 2332. 1748. 1748. 2332. 2332. 2332.
 2332. 2332. 2332. 1748. 2332. 2332. 2332. 1748. 1748. 2332. 2332. 2332.
 2332. 1748. 
 1748. 1748. 2332. 2332. 2332. 2332. 1748. 1748.   29.   29.   29.   29.
   29.   29.   29.   29.   29.   29.   29.   29.   29.   29.   29.   29.
   29.   29. 
   29.   29.   29.   29.   29.   29.   29.   29. 1748. 2332. 2332. 2332.
 2332. 2332. 1748.   29. 2332. 1748. 2332. 2332. 1748. 1748. 1748. 1748.
 2332. 2332. 
 2332. 1748. 1748. 2332. 2332. 2332. 1748. 1748. 2332. 2332. 2332. 1748.
 1748. 1748. 1748. 2332. 2332. 2332. 2332. 1748. 1748.   29.   29.   29.
   29.   29. 
   29.   29.   29.   29.   29.   29.   29.   29.   29.   29.   29.   29.
   29.   29.   29.   29.   29.   29.   29.   29.   29. 1748. 2332. 2332.
 2332. 2332. 
 2332. 1748. 1748. 2332. 2332. 2332. 2332. 1748.   29. 1748. 2332. 2332.
 2332. 1748. 1748. 1748. 2332. 2332. 2332. 1748. 2332. 2332. 2332. 1748.
 1748. 1748. 
 1748. 1748. 2332. 2332. 2332. 2332. 1748. 1748.   29.   29.   29.   29.
   29.   29.   29.   29.   29.   29.   29.   29.   29.   29.   29.   29.
   29.   29. 
   29.   29.   29.   29.   29.   29.   29.   29. 1748. 1748. 2332. 2332.
 2332. 1748. 2332. 2332. 2332. 2332. 1748. 1748. 1748. 1748. 2332. 2332.
 2332. 1748. 
   29. 1748. 2332. 2332. 1748. 1748. 2332. 2332. 2332. 1748. 1748.   29.
 1748. 1748. 2332. 2332. 2332. 2332. 2332. 1748. 1748. 1748.   29.   29.
   29.   29. 
   29.   29.   29.   29.   29.   29.   29.   29.   29.   29.   29.   29.
   29.   29.   29.   29.   29.   29.   29. 1748. 1748. 2332. 2332. 2332.
 2332. 1748. 
 2332. 2332. 2332. 1748. 1748. 2332. 1748. 2332. 2332. 2332. 1748. 1748.
 1748. 2332. 2332. 1748. 1748. 1748. 2332. 2332. 2332. 1748. 1748.   29.
 1748. 1748. 
 1748. 2332. 2332. 2332. 2332. 2332. 2332. 1748.   29.   29.   29.   29.
   29.   29.   29.   29.   29.   29.   29.   29.   29.   29.   29.   29.
   29.   29. 
   29.   29. 1748. 1748. 1748. 2332. 2332. 2332. 2332. 2332. 2332. 1748.
 2332. 2332. 1748. 1748. 2332. 1748. 1748. 2332. 2332. 1748. 1748. 1748.
 2332. 2332. 
 1748. 1748. 2332. 2332. 2332. 2332. 2332. 1748.   29.   29.   29. 1748.
 1748. 1748. 2332. 2332. 2332. 2332. 2332. 1748.   29.   29.   29.   29.
   29.   29. 
   29.   29.   29.   29.   29.   29.   29.   29.   29.   29.   29.   29.
   29. 1748. 2332. 2332. 2332. 2332. 2332. 2332. 2332. 2332. 1748.   29.
 2332. 2332. 
 2332. 1748. 1748. 1748. 2332. 2332. 2332. 1748. 2332. 2332. 2332. 1748.
 1748. 2332. 2332. 2332. 2332. 2332. 1748. 1748.   29.   29.   29. 1748.
 1748. 1748. 
 1748. 2332. 2332. 2332. 2332. 1748.   29.   29.   29.   29.   29.   29.
   29.   29.   29.   29.   29.   29.   29.   29.   29.   29.   29.   29.
 1748. 2332. 
 2332. 2332. 2332. 2332. 2332. 1748. 1748.   29.   29.   29. 2332. 2332.
 2332. 2332. 2332. 1748. 2332. 2332. 2332. 1748. 1748. 1748. 2332. 1748.
 2332. 2332. 
 2332. 2332. 2332. 1748. 1748.   29.   29.   29. 1748. 1748. 1748. 1748.
 2332. 2332. 2332. 2332. 1748. 1748.   29.   29.   29.   29.   29.   29.
   29.   29. 
   29.   29.   29.   29.   29.   29.   29.   29.   29.   29. 1748. 2332.
 2332. 2332. 1748. 1748. 1748. 1748.   29.   29.   29.   29. 2332. 2332.
 2332. 2332. 
 2332. 1748. 2332. 2332. 2332. 2332. 1748. 1748. 1748. 1748. 2332. 2332.
 2332. 2332. 1748. 1748. 1748.   29.   29. 1748. 1748. 1748. 2332. 2332.
 2332. 2332. 
 2332. 2332. 1748.   29.   29.   29.   29.   29.   29.   29.   29.   29.
   29.   29.   29.   29.   29.   29.   29.   29.   29.   29. 1748. 2332.
 2332. 2332. 
 1748.   29.   29.   29.   29.   29.   29.   29. 1748. 1748. 2332. 2332.
 2332. 1748. 1748. 2332. 2332. 2332. 2332. 2332. 1748. 2332. 2332. 2332.
 2332. 1748. 
 1748.   29.   29.   29. 1748. 1748. 1748. 2332. 2332. 2332. 2332. 2332.
 1748. 1748. 1748.   29.   29.   29.   29.   29.   29.   29.   29.   29.
   29.   29. 
   29.   29.   29.   29.   29.   29.   29.   29. 1748. 2332. 2332. 2332.
 2332. 1748.   29.   29.   29.   29.   29.   29. 1748. 1748. 1748. 1748.
 2332. 2332. 
 1748. 1748. 1748. 2332. 2332. 2332. 1748. 2332. 2332. 2332. 2332. 1748.
 1748. 1748. 1748.   29. 1748. 1748. 2332. 2332. 2332. 2332. 2332. 1748.
 1748.   29. 
   29.   29.   29.   29.   29.   29.   29.   29.   29.   29.   29.   29.
   29.   29.   29.   29.   29.   29.   29.   29.   29. 1748. 2332. 2332.
 2332. 2332. 
 1748.   29.   29.   29.   29.   29. 1748. 2332. 2332. 2332. 2332. 2332.
 1748. 1748. 1748. 1748. 2332. 2332. 1748. 1748. 2332. 2332. 2332. 2332.
 2332. 2332. 
 1748. 1748. 1748. 2332. 2332. 2332. 2332. 1748. 1748. 1748. 1748. 1748.
   29.   29.   29.   29.   29.   29.   29.   29.   29.   29.   29.   29.
   29.   29. 
   29.   29.   29.   29.   29.   29.   29. 1748. 1748. 2332. 2332. 2332.
 2332. 1748.   29.   29.   29.   29. 2332. 2332. 2332. 2332. 2332. 1748.
 1748. 1748. 
 1748. 1748. 2332. 2332. 1748. 1748. 1748. 2332. 2332. 2332. 2332. 2332.
 2332. 1748. 1748. 2332. 2332. 2332. 2332. 1748. 1748. 1748. 1748. 1748.
 1748.   29. 
   29.   29.   29.   29.   29.   29.   29.   29.   29.   29.   29.   29.
   29.   29.   29.   29.   29.   29.   29.   29. 1748. 1748. 2332. 2332.
 2332. 1748. 
   29.   29.   29.   29. 2332. 2332. 2332. 2332. 1748. 1748. 2332. 2332.
 2332. 2332. 2332. 2332. 2332. 1748. 1748. 1748. 1748. 2332. 2332. 2332.
 2332. 2332. 
 1748. 1748. 2332. 2332. 2332. 2332. 2332. 1748. 1748. 1748. 1748. 1748.
   29.   29.   29.   29.   29.   29.   29.   29.   29.   29.   29.   29.
   29.   29. 
   29.   29.   29.   29.   29.   29.   29. 1748. 1748. 2332. 2332. 1748.
   29.   29.   29.   29. 2332. 2332. 1748. 1748. 1748. 2332. 2332. 2332.
 2332. 2332. 
 2332. 2332. 1748. 1748. 1748. 1748. 1748. 1748. 2332. 2332. 2332. 2332.
 1748. 1748. 1748. 2332. 2332. 2332. 2332. 2332. 1748. 1748. 1748. 1748.
   29.   29. 
   29.   29.   29.   29.   29.   29.   29.   29.   29.   29.   29.   29.
   29.   29.   29.   29.   29.   29.   29. 1748. 2332. 2332. 2332. 1748.
   29.   29. 
   29.   29. 2332. 1748. 1748. 1748. 1748. 2332. 2332. 1748. 1748. 1748.
 1748. 1748. 1748. 1748. 2332. 2332. 2332. 1748. 1748. 2332. 2332. 2332.
 1748. 1748. 
 1748. 1748. 2332. 2332. 2332. 2332. 2332. 1748. 1748. 1748.   29.   29.
   29.   29.   29.   29.   29.   29.   29.   29.   29.   29.   29.   29.
   29.   29. 
   29.   29.   29.   29. 1748. 2332. 2332. 2332. 1748.   29.   29.   29.
   29.   29. 2332. 1748. 1748. 1748. 1748. 2332. 2332. 2332. 1748. 1748.
 1748. 2332. 
 1748. 1748. 2332. 2332. 1748. 1748. 2332. 2332. 2332. 1748. 1748. 1748.
 1748. 1748. 1748. 1748. 2332. 2332. 2332. 2332. 1748. 1748.   29.   29.
   29.   29. 
   29.   29.   29.   29.   29.   29.   29.   29.   29.   29.   29.   29.
   29.   29.   29. 1748. 2332. 2332. 2332. 1748.   29.   29.   29.   29.
   29.   29. 
 2332. 2332. 1748. 1748. 1748. 2332. 2332. 2332. 2332. 1748. 1748. 2332.
 1748. 2332. 2332. 2332. 1748. 2332. 2332. 2332. 2332. 1748. 1748. 1748.
 1748. 1748. 
 1748. 1748. 2332. 2332. 2332. 2332. 1748.   29.   29.   29.   29.   29.
   29.   29.   29.   29.   29.   29.   29.   29.   29.   29.   29.   29.
   29.   29. 
   29. 1748. 2332. 2332. 1748.   29.   29.   29.   29.   29.   29.   29.
 2332. 2332. 2332. 1748. 1748. 1748. 2332. 2332. 2332. 2332. 1748. 1748.
 2332. 2332. 
 2332. 1748. 1748. 2332. 2332. 2332. 1748. 1748.   29. 1748. 2332. 1748.
 1748. 2332. 2332. 2332. 2332. 1748. 1748.   29.   29.   29.   29.   29.
   29.   29. 
   29.   29.   29.   29.   29.   29.   29.   29.   29.   29.   29.   29.
   29. 1748. 2332. 2332. 1748. 1748. 1748.   29.   29.   29.   29.   29.
 2332. 2332. 
 2332. 2332. 1748. 1748. 1748. 1748. 2332. 2332. 2332. 1748. 1748. 2332.
 2332. 1748. 1748. 2332. 2332. 2332. 1748. 1748.   29. 1748. 1748. 1748.
 2332. 2332. 
 2332. 2332. 1748. 1748.   29.   29.   29.   29.   29.   29.   29.   29.
   29.   29.   29.   29.   29.   29.   29.   29.   29.   29.   29.   29.
   29. 1748. 
 2332. 2332. 2332. 2332. 2332. 1748. 1748.   29.   29.   29. 1748. 2332.
 2332. 2332. 1748. 1748. 1748. 1748. 1748. 2332. 2332. 2332. 1748. 2332.
 1748. 1748. 
 2332. 2332. 2332. 1748. 1748.   29.   29. 1748. 1748. 2332. 2332. 2332.
 2332. 1748. 1748.   29.   29.   29.   29.   29.   29.   29.   29.   29.
   29.   29. 
   29.   29.   29.   29.   29.   29.   29.   29.   29.   29.   29.   29.
 1748. 2332. 2332. 2332. 2332. 2332. 1748. 1748.   29.   29. 2332. 2332.
 2332. 2332. 
 1748. 1748. 2332. 2332. 1748. 1748. 2332. 2332. 1748. 1748. 2332. 1748.
 2332. 2332. 2332. 1748. 1748. 1748.   29. 1748. 1748. 2332. 2332. 2332.
 1748. 1748. 
 1748. 1748.   29.   29.   29.   29.   29.   29.   29.   29.   29.   29.
   29.   29.   29.   29.   29.   29.   29.   29.   29.   29.   29.   29.
   29. 1748. 
 1748. 2332. 2332. 2332. 2332. 1748.   29.   29. 2332. 2332. 2332. 2332.
 1748. 1748. 2332. 1748. 1748. 2332. 2332. 2332. 1748. 1748. 2332. 1748.
 1748. 2332. 
 2332. 2332. 2332. 1748. 1748. 1748. 1748. 2332. 2332. 1748. 1748. 1748.
 1748. 1748.   29.   29.   29.   29.   29.   29.   29.   29.   29.   29.
   29.   29. 
   29.   29.   29.   29.   29.   29.   29.   29.   29.   29.   29.   29.
   29. 1748. 1748. 2332. 2332. 2332. 1748.   29. 2332. 2332. 2332. 1748.
 1748. 1748. 
 1748. 1748. 2332. 2332. 2332. 2332. 1748. 2332. 2332. 1748. 1748. 1748.
 2332. 2332. 2332. 2332. 1748. 1748. 1748. 2332. 2332. 2332. 2332. 2332.
 1748. 1748. 
 29. 29. 29. 29. 29. 29. 29. 29. 29. 29. 29. 29. 29. 29. 29. 29. 29. 29.
 29. 29. 29. 29. 29. 29. 29. 29. 
 1748. 2332. 2332. 2332. 1748.   29. 1748. 1748. 1748.   29. 1748. 1748.
 2332. 2332. 2332. 2332. 2332. 1748. 1748. 1748. 1748. 2332. 1748. 1748.
 2332. 2332. 
 2332. 2332. 2332. 1748. 1748. 1748. 2332. 2332. 2332. 2332. 2332. 1748.
 1748.   29.   29.   29.   29.   29.   29.   29.   29.   29.   29.   29.
   29.   29. 
   29.   29.   29.   29.   29.   29.   29.   29.   29.   29.   29. 1748.
 2332. 2332. 2332. 1748.   29.   29.   29.   29.   29.   29. 1748. 1748.
 2332. 2332. 
 2332. 1748. 1748. 1748. 1748.   29. 1748. 1748. 1748. 1748. 1748. 1748.
 2332. 2332. 2332. 2332. 1748. 1748. 1748. 1748. 2332. 2332. 2332. 2332.
 1748. 1748. 
   29.   29.   29.   29.   29.   29.   29.   29.   29.   29.   29.   29.
   29.   29.   29.   29.   29.   29.   29.   29.   29.   29. 1748. 2332.
 2332. 2332. 
 2332. 1748.   29.   29. 1748. 1748.   29.   29. 1748. 1748. 2332. 2332.
 2332. 1748. 1748. 1748. 1748. 1748. 1748. 1748. 1748. 2332. 2332. 1748.
 1748. 2332. 
 2332. 2332. 1748. 2332. 2332. 1748. 1748. 2332. 2332. 2332. 2332. 1748.
   29.   29.   29.   29.   29.   29.   29.   29.   29.   29.   29.   29.
   29.   29. 
   29.   29.   29.   29.   29.   29.   29. 1748. 2332. 2332. 2332. 2332.
 2332. 1748.   29.   29. 2332. 1748. 1748.   29. 1748. 1748. 2332. 2332.
 2332. 2332. 
 2332. 2332. 1748. 1748. 1748. 2332. 2332. 2332. 2332. 1748. 2332. 2332.
 2332. 2332. 1748. 2332. 2332. 2332. 1748. 1748. 2332. 2332. 2332. 1748.
 1748.   29. 
   29.   29.   29.   29.   29.   29.   29.   29.   29.   29.   29.   29.
   29.   29.   29.   29.   29.   29. 1748. 2332. 2332. 2332. 2332. 1748.
 1748.   29. 
   29.   29. 2332. 2332. 1748.   29. 1748. 1748. 1748. 2332. 2332. 2332.
 2332. 2332. 2332. 1748. 1748. 2332. 2332. 2332. 1748. 1748. 2332. 2332.
 2332. 1748. 
 1748. 2332. 1748. 1748. 1748. 1748. 2332. 2332. 2332. 1748.   29.   29.
   29.   29.   29.   29.   29.   29.   29.   29.   29.   29.   29.   29.
   29.   29. 
   29.   29.   29.   29. 1748. 2332. 2332. 2332. 1748. 1748.   29.   29.
   29.   29. 2332. 2332. 1748. 1748.   29. 1748. 1748. 1748. 1748. 2332.
 2332. 2332. 
 2332. 2332. 1748. 2332. 2332. 1748. 1748. 1748. 2332. 2332. 2332. 1748.
 1748. 1748. 1748. 1748. 1748. 2332. 2332. 2332. 2332. 1748.   29.   29.
   29.   29. 
   29.   29.   29.   29.   29.   29.   29.   29.   29.   29.   29.   29.
   29.   29.   29.   29. 1748. 2332. 2332. 2332. 2332. 1748. 1748.   29.
   29.   29. 
 2332. 2332. 1748. 1748.   29.   29.   29. 1748. 1748. 1748. 1748. 2332.
 2332. 2332. 1748. 2332. 1748. 1748. 1748. 2332. 2332. 2332. 2332. 1748.
 1748. 1748. 
 1748. 1748. 1748. 2332. 2332. 2332. 1748. 1748.   29.   29.   29.   29.
   29.   29.   29.   29.   29.   29.   29.   29.   29.   29.   29.   29.
   29.   29. 
   29.   29.   29. 1748. 2332. 2332. 2332. 2332. 2332. 1748. 1748.   29.
 2332. 2332. 1748.   29.   29. 1748. 1748. 1748. 1748. 1748. 2332. 2332.
 2332. 1748. 
 1748. 2332. 2332. 2332. 1748. 2332. 2332. 2332. 2332. 1748. 1748. 1748.
 1748. 1748. 2332. 2332. 2332. 1748. 1748.   29.   29.   29.   29.   29.
   29.   29. 
   29.   29.   29.   29.   29.   29.   29.   29.   29.   29.   29.   29.
   29.   29.   29.   29. 1748. 2332. 2332. 2332. 2332. 2332. 2332. 1748.
 2332. 1748. 
 1748.   29.   29. 1748. 1748. 2332. 2332. 1748. 2332. 2332. 2332. 1748.
 2332. 2332. 2332. 2332. 1748. 2332. 2332. 2332. 2332. 2332. 2332. 2332.
 2332. 1748. 
 1748. 2332. 2332. 1748. 1748.   29.   29.   29.   29.   29.   29.   29.
   29.   29.   29.   29.   29.   29.   29.   29.   29.   29.   29.   29.
   29.   29. 
   29.   29.   29. 1748. 1748. 2332. 2332. 2332. 2332. 2332. 1748. 1748.
   29.   29. 1748. 1748. 2332. 2332. 1748. 1748. 2332. 2332. 1748. 1748.
 1748. 2332. 
 2332. 2332. 1748. 1748. 2332. 2332. 2332. 2332. 2332. 2332. 2332. 2332.
 1748. 1748. 2332. 1748.   29.   29.   29.   29.   29.   29.   29.   29.
   29.   29. 
   29.   29.   29.   29.   29.   29.   29.   29.   29.   29.   29.   29.
   29.   29.   29.   29. 1748. 1748. 1748. 2332. 2332. 2332.   29.   29.
   29.   29. 
 1748. 1748. 2332. 2332. 1748. 1748. 2332. 2332. 1748. 1748. 1748. 1748.
 1748. 2332. 2332. 1748. 1748. 2332. 2332. 2332. 2332. 2332. 2332. 2332.
 2332. 1748. 
 1748. 1748.   29.   29.   29.   29.   29.   29.   29.   29.   29.   29.
   29.   29.   29.   29.   29.   29.   29.   29.   29.   29.   29.   29.
   29.   29. 
   29.   29.   29. 1748. 2332. 2332. 2332. 2332.   29.   29.   29.   29.
 1748. 1748. 2332. 2332. 1748. 1748. 2332. 2332. 2332. 1748. 1748. 1748.
 1748. 1748. 
 2332. 2332. 1748. 1748. 1748. 1748. 1748. 2332. 2332. 2332. 2332. 1748.
 2332. 1748. 1748.   29.   29.   29.   29.   29.   29.   29.   29.   29.
   29.   29. 
   29.   29.   29.   29.   29.   29.   29.   29.   29.   29.   29.   29.
   29.   29. 1748. 2332. 2332. 2332. 2332. 1748.   29.   29.   29.   29.
   29. 1748. 
 1748. 2332. 2332. 1748. 2332. 2332. 2332. 2332. 2332. 2332. 2332. 1748.
 1748. 2332. 2332. 1748. 1748. 1748. 2332. 2332. 2332. 2332. 1748. 1748.
 2332. 2332. 
 1748. 1748.   29.   29.   29.   29.   29.   29.   29.   29.   29.   29.
   29.   29.   29.   29.   29.   29.   29.   29.   29.   29.   29.   29.
   29.   29. 
 1748. 2332. 2332. 2332. 1748. 1748.   29.   29.   29.   29.   29. 1748.
 1748. 2332. 2332. 2332. 1748. 1748. 2332. 2332. 2332. 2332. 2332. 2332.
 1748. 2332. 
 1748. 1748. 1748. 2332. 2332. 2332. 2332. 1748. 1748. 1748. 2332. 2332.
 2332. 1748.   29.   29.   29.   29.   29.   29.   29.   29.   29.   29.
   29.   29. 
   29.   29.   29.   29.   29.   29.   29.   29.   29.   29.   29. 1748.
 2332. 2332. 2332. 1748. 1748.   29.   29.   29.   29.   29.   29.   29.
 1748. 1748. 
 1748. 2332. 2332. 2332. 1748. 1748. 1748. 1748. 2332. 2332. 1748. 1748.
 1748. 1748. 2332. 2332. 2332. 2332. 1748. 1748. 1748. 1748. 2332. 2332.
 2332. 1748. 
 1748.   29.   29.   29.   29.   29.   29.   29.   29.   29.   29.   29.
   29.   29.   29.   29.   29.   29.   29.   29.   29.   29.   29. 2332.
 2332. 2332. 
 1748.   29.   29.   29.   29.   29.   29.   29.   29.   29.   29. 1748.
 1748. 1748. 2332. 2332. 1748. 1748. 1748. 2332. 2332. 2332. 1748. 1748.
 1748. 1748. 
 2332. 2332. 2332. 1748. 1748. 1748.   29. 1748. 1748. 2332. 2332. 1748.
 1748.   29.   29.   29.   29.   29.   29.   29.   29.   29.   29.   29.
   29.   29. 
   29.   29.   29.   29.   29.   29.   29.   29.   29. 1748. 2332. 2332.
 2332. 1748. 1748.   29.   29.   29.   29.   29.   29. 1748. 1748. 1748.
 1748. 1748. 
 2332. 1748. 1748. 2332. 2332. 2332. 2332. 1748. 1748. 1748. 1748. 1748.
 2332. 2332. 2332. 2332. 1748. 1748. 1748. 1748. 1748. 2332. 2332. 1748.
   29.   29. 
   29.   29.   29.   29.   29.   29.   29.   29.   29.   29.   29.   29.
   29.   29.   29.   29.   29.   29.   29.   29.   29. 1748. 2332. 2332.
 2332. 2332. 
 2332. 1748.   29.   29.   29.   29. 1748. 1748. 1748. 2332. 2332. 2332.
 2332. 1748. 2332. 2332. 2332. 2332. 1748. 1748. 2332. 1748. 1748. 1748.
 1748. 2332. 
 2332. 2332. 2332. 1748. 1748. 2332. 2332. 2332. 2332. 1748.   29.   29.
   29.   29.   29.   29.   29.   29.   29.   29.   29.   29.   29.   29.
   29.   29. 
   29.   29.   29.   29.   29.   29.   29.   29. 1748. 2332. 2332. 2332.
 2332. 2332. 
/