PERMI
 2660. 1759. 1759.   40.   40.   40.   40.   40.   40.   40.   40.   40.
   40.   40.   40.   40.   40.   40. 1759. 1759. 2660. 2660. 2660. 1759.
 1759.   40. 
 1759. 1759. 2660. 2660. 2660. 1759. 1759. 1759. 1759. 1759. 1759. 1759.
   40.   40.   40.   40.   40.   40.   40.   40.   40.   40.   40.   40.
   40. 1759. 
 1759. 2660. 2660. 2660. 2660. 2660. 1759. 1759. 1759. 1759. 2660. 2660.
 2660. 2660. 1759.   40.   40.   40.   40.   40.   40.   40.   40.   40.
   40.   40. 
   40. 1759. 1759. 1759. 1759. 1759. 2660. 2660. 2660. 1759. 1759. 1759.
   40. 1759. 2660. 2660. 2660. 1759. 1759. 1759. 1759. 1759.   40.   40.
   40.   40. 
   40.   40.   40.   40.   40.   40.   40.   40.   40.   40.   40. 1759.
 1759. 2660. 2660. 2660. 2660. 2660. 2660. 2660. 2660. 2660. 2660. 2660.
 2660. 2660. 
 1759.   40.   40.   40.   40.   40.   40.   40.   40.   40.   40.   40.
 1759. 1759. 1759. 1759. 1759. 1759. 1759. 2660. 2660. 2660. 1759. 1759.
 1759. 1759. 
 1759. 2660. 2660. 1759. 1759.   40.   40.   40.   40.   40.   40.   40.
   40.   40.   40.   40.   40.   40.   40.   40.   40.   40.   40. 1759.
 2660. 2660. 
 2660. 2660. 2660. 2660. 2660. 2660. 2660. 2660. 2660. 2660. 2660. 2660.
 1759.   40.   40.   40.   40.   40.   40.   40.   40.   40.   40. 1759.
 1759. 2660. 
 2660. 2660. 2660. 2660. 2660. 2660. 2660. 2660. 1759. 1759. 2660. 1759.
 1759. 2660. 2660. 2660. 1759.   40.   40.   40.   40.   40.   40.   40.
   40.   40. 
   40.   40.   40.   40.   40.   40.   40.   40.   40. 1759. 2660. 2660.
 2660. 1759. 1759. 1759. 2660. 2660. 2660. 2660. 2660. 1759. 2660. 1759.
 1759.   40. 
   40.   40.   40.   40.   40.   40.   40.   40.   40. 1759. 2660. 2660.
 2660. 2660. 2660. 2660. 2660. 2660. 2660. 2660. 1759. 1759. 2660. 2660.
 1759. 2660. 
 2660. 2660. 1759.   40.   40.   40.   40.   40.   40.   40.   40.   40.
   40.   40.   40.   40.   40.   40.   40.   40.   40. 1759. 2660. 2660.
 2660. 1759. 
 1759. 1759. 1759. 1759. 1759. 1759. 1759. 1759. 1759. 1759. 1759.   40.
   40.   40.   40.   40.   40.   40.   40.   40.   40. 1759. 2660. 2660.
 2660. 2660. 
 2660. 2660. 2660. 2660. 2660. 1759. 1759. 2660. 2660. 2660. 2660. 2660.
 2660. 2660. 1759.   40.   40.   40.   40.   40.   40.   40.   40.   40.
   40.   40. 
   40.   40.   40.   40.   40.   40.   40. 1759. 2660. 2660. 2660. 1759.
 1759.   40.   40. 1759. 1759. 1759.   40.   40. 1759. 1759.   40.   40.
   40.   40. 
   40.   40.   40.   40.   40.   40.   40. 1759. 1759. 2660. 2660. 1759.
 1759. 1759. 1759. 1759. 1759. 1759. 1759. 1759. 1759. 2660. 2660. 2660.
 2660. 2660. 
 1759.   40.   40.   40.   40.   40.   40.   40.   40.   40.   40.   40.
   40.   40.   40.   40.   40.   40.   40. 1759. 1759. 2660. 2660. 1759.
 1759.   40. 
   40.   40.   40.   40.   40.   40.   40.   40.   40.   40.   40.   40.
   40.   40.   40.   40.   40.   40.   40. 1759. 1759. 2660. 2660. 2660.
 1759. 1759. 
 1759. 1759. 1759. 1759.   40.   40. 1759. 1759. 1759. 2660. 1759. 1759.
 1759.   40.   40.   40.   40.   40.   40.   40.   40.   40.   40. 1759.
 1759. 1759. 
 1759. 1759. 1759. 1759. 1759. 1759. 1759. 2660. 2660. 2660. 1759. 1759.
   40.   40.   40.   40.   40.   40.   40.   40.   40.   40.   40.   40.
   40.   40. 
   40.   40.   40.   40.   40.   40. 1759. 2660. 2660. 2660. 1759. 1759.
 1759. 2660. 2660. 1759. 1759.   40.   40. 1759. 1759. 1759. 1759. 1759.
   40.   40. 
   40.   40.   40.   40.   40.   40.   40.   40. 1759. 1759. 1759. 1759.
 1759. 1759. 1759. 1759. 1759. 1759. 1759. 2660. 2660. 2660. 1759. 1759.
   40.   40. 
   40.   40.   40.   40.   40.   40.   40.   40.   40.   40.   40.   40.
   40.   40.   40.   40.   40.   40. 1759. 1759. 2660. 2660. 1759. 1759.
 1759. 2660. 
 2660. 2660. 1759.   40.   40.   40.   40.   40.   40.   40.   40.   40.
   40.   40.   40.   40.   40.   40.   40. 1759. 1759. 1759. 2660. 2660.
 2660. 2660. 
 2660. 2660. 2660. 2660. 2660. 2660. 2660. 2660. 1759. 1759.   40.   40.
   40. 1759. 1759. 1759.   40.   40.   40.   40.   40.   40.   40.   40.
   40.   40. 
   40.   40.   40.   40. 1759. 1759. 2660. 2660. 1759. 1759. 1759. 2660.
 2660. 2660. 1759.   40.   40.   40.   40.   40.   40.   40.   40.   40.
   40.   40. 
   40.   40.   40.   40.   40. 1759. 1759. 2660. 2660. 2660. 2660. 2660.
 2660. 2660. 2660. 2660. 2660. 2660. 2660. 1759. 1759.   40.   40.   40.
 1759. 1759. 
 2660. 2660.   40.   40.   40.   40.   40.   40.   40.   40.   40.   40.
   40.   40.   40.   40. 1759. 1759. 2660. 2660. 2660. 1759. 2660. 2660.
 2660. 1759. 
 1759.   40.   40.   40.   40.   40.   40.   40.   40.   40.   40.   40.
   40.   40.   40.   40.   40. 1759. 1759. 2660. 2660. 1759. 1759. 1759.
 2660. 2660. 
 2660. 2660. 2660. 2660. 1759. 1759. 1759.   40.   40. 1759. 1759. 2660.
 2660. 2660.   40.   40.   40.   40.   40.   40.   40.   40.   40.   40.
   40.   40. 
 1759. 1759. 1759. 2660. 2660. 2660. 1759. 1759. 2660. 2660. 2660. 1759.
   40.   40.   40.   40.   40.   40.   40.   40.   40.   40.   40.   40.
   40.   40. 
   40.   40.   40. 1759. 1759. 2660. 2660. 2660. 1759. 1759. 1759. 1759.
 1759. 1759. 1759. 1759. 1759. 1759.   40.   40. 1759. 1759. 2660. 2660.
 2660. 2660. 
   40.   40.   40.   40.   40.   40.   40.   40.   40.   40.   40. 1759.
 1759. 1759. 2660. 2660. 2660. 2660. 1759. 1759. 2660. 2660. 1759. 1759.
   40.   40. 
   40.   40.   40.   40.   40.   40.   40.   40.   40.   40.   40.   40.
   40.   40.   40. 1759. 1759. 1759. 2660. 2660. 1759. 1759. 1759. 1759.
 1759. 1759. 
 1759. 1759.   40.   40.   40.   40. 1759. 2660. 2660. 2660. 2660. 1759.
   40.   40.   40.   40.   40.   40.   40.   40.   40.   40. 1759. 1759.
 2660. 2660. 
 2660. 2660. 2660. 1759. 1759. 1759. 1759. 1759. 1759.   40.   40.   40.
   40.   40.   40.   40.   40.   40.   40.   40.   40.   40.   40.   40.
   40.   40. 
   40.   40. 1759. 1759. 2660. 2660. 2660. 1759. 1759.   40.   40.   40.
   40.   40.   40.   40.   40.   40. 1759. 2660. 2660. 2660. 2660. 1759.
   40.   40. 
   40.   40.   40.   40.   40.   40.   40. 1759. 1759. 2660. 2660. 2660.
 2660. 1759. 1759. 1759. 2660. 1759. 1759.   40.   40.   40.   40.   40.
   40.   40. 
   40.   40.   40.   40.   40.   40.   40.   40.   40.   40.   40.   40.
   40.   40.   40. 1759. 2660. 2660. 2660. 1759. 1759.   40.   40.   40.
   40.   40. 
   40.   40.   40.   40. 1759. 1759. 2660. 2660. 2660. 2660.   40.   40.
   40.   40.   40.   40.   40.   40.   40. 1759. 2660. 2660. 2660. 1759.
 1759. 1759. 
 2660. 2660. 2660. 2660. 1759. 1759.   40.   40.   40.   40.   40.   40.
   40.   40.   40.   40.   40.   40.   40.   40.   40.   40. 1759. 1759.
 1759. 1759. 
 1759. 1759. 1759. 2660. 2660. 1759. 1759.   40.   40.   40.   40.   40.
   40.   40.   40.   40.   40. 1759. 1759. 2660. 2660. 2660.   40.   40.
   40.   40. 
   40.   40.   40.   40. 1759. 1759. 2660. 2660. 1759. 1759. 1759. 1759.
 1759. 2660. 2660. 2660. 1759. 1759.   40.   40.   40.   40.   40.   40.
   40.   40. 
   40.   40.   40.   40.   40.   40. 1759. 1759. 1759. 1759. 1759. 1759.
 1759. 1759. 1759. 2660. 2660. 1759. 1759.   40.   40.   40.   40.   40.
   40.   40. 
   40.   40.   40.   40. 1759. 1759. 2660. 2660.   40.   40.   40.   40.
   40.   40.   40.   40. 1759. 1759. 2660. 2660. 1759. 1759. 1759. 1759.
 1759. 1759. 
 2660. 2660. 1759. 1759.   40.   40.   40.   40.   40.   40.   40.   40.
   40.   40.   40.   40.   40. 1759. 1759. 1759. 2660. 2660. 2660. 2660.
 2660. 2660. 
 2660. 2660. 2660. 1759. 1759.   40.   40.   40.   40.   40.   40.   40.
   40.   40. 1759. 1759. 1759. 1759. 1759. 2660.   40.   40.   40.   40.
   40.   40. 
   40.   40. 1759. 1759. 2660. 2660. 1759. 1759. 1759. 1759. 2660. 2660.
 2660. 2660. 1759. 1759.   40.   40.   40.   40.   40.   40.   40.   40.
   40.   40. 
   40.   40.   40. 1759. 1759. 2660. 2660. 2660. 2660. 2660. 2660. 2660.
 2660. 2660. 1759. 1759. 1759.   40.   40.   40.   40.   40.   40.   40.
   40. 1759. 
 1759. 2660. 2660. 2660. 2660. 2660.   40.   40.   40.   40.   40.   40.
   40.   40.   40. 1759. 2660. 2660. 2660. 1759. 1759. 2660. 2660. 2660.
 2660. 2660. 
 1759. 1759.   40.   40.   40.   40.   40.   40.   40.   40.   40.   40.
   40.   40. 1759. 1759. 2660. 2660. 2660. 2660. 2660. 2660. 2660. 1759.
 1759. 1759. 
 1759. 1759.   40.   40.   40.   40.   40.   40.   40.   40. 1759. 1759.
 2660. 2660. 2660. 2660. 2660. 2660.   40.   40.   40.   40.   40.   40.
   40.   40. 
   40. 1759. 1759. 2660. 2660. 1759. 1759. 2660. 2660. 2660. 2660. 1759.
 1759.   40.   40.   40.   40.   40.   40.   40.   40.   40.   40.   40.
   40.   40. 
   40. 1759. 2660. 2660. 2660. 2660. 1759. 1759. 1759. 1759. 1759. 1759.
 1759.   40.   40.   40.   40.   40.   40.   40.   40.   40. 1759. 1759.
 2660. 2660. 
 2660. 2660. 2660. 2660.   40.   40.   40.   40. 1759. 1759. 1759.   40.
   40. 1759. 1759. 2660. 2660. 2660. 1759. 1759. 1759. 1759. 1759. 1759.
   40.   40. 
   40.   40.   40.   40.   40.   40.   40.   40.   40.   40.   40.   40.
   40. 1759. 1759. 2660. 2660. 2660. 2660. 1759. 1759.   40.   40.   40.
   40.   40. 
   40.   40.   40.   40.   40.   40.   40.   40. 1759. 1759. 2660. 2660.
 2660. 1759. 1759. 1759.   40.   40. 1759. 1759. 1759. 1759. 1759. 1759.
 1759. 1759. 
 1759. 1759. 2660. 2660. 2660. 1759. 1759.   40.   40.   40.   40.   40.
   40.   40.   40.   40.   40.   40.   40.   40.   40.   40.   40.   40.
   40.   40. 
 1759. 1759. 2660. 2660. 2660. 2660. 1759. 1759.   40.   40.   40.   40.
   40.   40.   40.   40.   40.   40.   40.   40. 1759. 1759. 2660. 2660.
 2660. 1759. 
 1759. 1759.   40. 1759. 1759. 2660. 2660. 2660. 2660. 2660. 1759. 1759.
 1759. 1759. 2660. 2660. 2660. 1759.   40.   40.   40.   40.   40.   40.
   40.   40. 
   40.   40.   40.   40.   40.   40.   40.   40.   40.   40.   40.   40.
 1759. 1759. 1759. 2660. 2660. 2660. 1759. 1759.   40.   40.   40.   40.
   40.   40. 
   40.   40.   40.   40.   40.   40.   40. 1759. 2660. 2660. 2660. 2660.
 1759.   40.   40. 1759. 1759. 2660. 2660. 2660. 2660. 2660. 2660. 2660.
 2660. 2660. 
 2660. 2660. 2660. 1759.   40.   40.   40.   40.   40.   40.   40.   40.
   40.   40.   40.   40.   40.   40.   40.   40.   40. 1759. 1759. 1759.
 1759. 1759. 
 1759. 1759. 2660. 2660. 2660. 1759.   40.   40.   40.   40.   40.   40.
   40.   40.   40.   40.   40.   40.   40. 1759. 1759. 2660. 2660. 2660.
 1759.   40. 
   40. 1759. 2660. 2660. 2660. 2660. 2660. 2660. 2660. 2660. 2660. 2660.
 2660. 2660. 1759. 1759.   40.   40.   40.   40.   40.   40.   40.   40.
   40.   40. 
   40.   40.   40.   40.   40.   40. 1759. 1759. 1759. 1759. 1759. 2660.
 2660. 2660. 2660. 2660. 2660. 1759. 1759.   40.   40.   40.   40.   40.
   40.   40. 
   40.   40.   40.   40.   40.   40. 1759. 2660. 2660. 2660. 1759. 1759.
   40. 1759. 2660. 2660. 2660. 2660. 1759. 1759. 1759. 1759. 2660. 2660.
 2660. 1759. 
 1759. 1759.   40.   40.   40.   40.   40.   40.   40.   40.   40.   40.
   40.   40.   40.   40.   40. 1759. 1759. 1759. 2660. 2660. 2660. 2660.
 2660. 2660. 
 2660. 2660. 1759. 1759.   40.   40.   40.   40.   40.   40.   40.   40.
   40.   40.   40.   40.   40.   40. 1759. 1759. 2660. 2660. 2660. 1759.
   40. 1759. 
 2660. 2660. 2660. 2660. 1759. 1759. 1759. 1759. 1759. 1759. 1759. 1759.
 1759. 1759.   40.   40.   40.   40.   40.   40.   40.   40.   40.   40.
   40.   40. 
   40.   40.   40. 1759. 1759. 2660. 2660. 2660. 2660. 2660. 2660. 2660.
 2660. 1759. 1759. 1759.   40.   40.   40.   40.   40.   40.   40.   40.
   40.   40. 
   40.   40.   40.   40.   40. 1759. 2660. 2660. 2660. 1759.   40. 1759.
 1759. 2660. 2660. 2660. 1759. 1759. 2660. 2660. 2660. 2660. 2660. 2660.
 1759.   40. 
   40.   40.   40.   40.   40.   40.   40.   40.   40.   40.   40.   40.
   40.   40.   40. 1759. 2660. 2660. 2660. 2660. 1759. 1759. 1759. 1759.
 1759. 1759. 
   40.   40.   40.   40.   40.   40.   40.   40.   40.   40.   40.   40.
   40.   40.   40.   40.   40. 1759. 1759. 2660. 2660. 1759.   40. 1759.
 1759. 2660. 
 2660. 2660. 1759. 1759. 1759. 2660. 2660. 2660. 1759. 1759. 1759.   40.
   40.   40.   40.   40.   40.   40.   40.   40.   40.   40.   40.   40.
   40.   40. 
   40. 1759. 1759. 2660. 2660. 2660. 1759. 1759. 1759.   40.   40.   40.
   40.   40.   40.   40.   40.   40.   40.   40.   40.   40.   40.   40.
   40.   40. 
   40.   40. 1759. 1759. 1759. 2660. 2660. 1759.   40. 1759. 1759. 2660.
 2660. 2660. 2660. 1759. 1759. 1759. 1759. 1759. 1759. 1759.   40.   40.
   40.   40. 
   40.   40.   40.   40.   40.   40.   40.   40.   40.   40.   40.   40.
   40. 1759. 1759. 2660. 2660. 2660. 2660. 1759. 1759.   40.   40.   40.
   40.   40. 
   40.   40.   40.   40.   40.   40.   40.   40.   40.   40.   40. 1759.
 1759. 1759. 2660. 2660. 2660. 2660. 2660. 1759. 1759. 1759. 1759. 2660.
 2660. 2660. 
 1759. 1759.   40.   40.   40.   40.   40.   40.   40.   40.   40.   40.
   40.   40.   40.   40.   40.   40.   40.   40.   40.   40.   40.   40.
   40. 1759. 
 1759. 2660. 2660. 2660. 2660. 1759. 1759. 1759.   40.   40.   40.   40.
   40.   40.   40.   40.   40.   40.   40.   40.   40.   40. 1759. 2660.
 2660. 2660. 
 2660. 2660. 2660. 2660. 1759. 1759. 1759. 1759. 2660. 2660. 2660. 2660.
 1759. 1759.   40.   40.   40.   40.   40.   40.   40.   40.   40.   40.
   40.   40. 
   40.   40.   40.   40.   40.   40.   40.   40.   40.   40. 1759. 1759.
 1759. 1759. 2660. 2660. 2660. 2660. 1759. 1759.   40.   40.   40.   40.
   40.   40. 
   40.   40.   40.   40.   40.   40.   40. 1759. 2660. 2660. 2660. 2660.
 2660. 2660. 1759. 1759.   40.   40. 2660. 2660. 2660. 2660. 2660. 2660.
 1759. 1759. 
   40.   40.   40.   40.   40.   40.   40.   40.   40.   40.   40.   40.
   40.   40.   40.   40.   40.   40.   40.   40. 1759. 1759. 1759. 1759.
 1759. 1759. 
 1759. 2660. 2660. 2660. 1759. 1759. 1759.   40.   40.   40.   40.   40.
   40.   40.   40.   40.   40.   40.   40. 1759. 2660. 2660. 2660. 1759.
 1759. 1759. 
 1759.   40.   40.   40. 2660. 2660. 2660. 2660. 2660. 1759. 1759.   40.
   40.   40.   40.   40.   40.   40.   40.   40.   40.   40.   40.   40.
   40.   40. 
   40.   40.   40.   40.   40. 1759. 1759. 1759. 2660. 2660. 2660. 2660.
 2660. 2660. 2660. 2660. 2660. 1759. 1759.   40.   40.   40.   40.   40.
   40.   40. 
   40.   40.   40.   40.   40. 1759. 2660. 2660. 1759. 1759.   40.   40.
   40.   40.   40.   40. 2660. 2660. 2660. 1759. 1759. 1759. 1759.   40.
   40.   40. 
   40.   40.   40.   40.   40.   40.   40.   40.   40.   40.   40.   40.
   40.   40.   40.   40.   40. 1759. 2660. 2660. 2660. 2660. 2660. 2660.
 2660. 2660. 
 2660. 2660. 2660. 1759. 1759.   40.   40.   40.   40.   40.   40.   40.
   40.   40.   40.   40.   40. 1759. 2660. 2660. 2660. 1759.   40.   40.
   40.   40. 
   40.   40. 1759. 1759. 1759. 1759. 1759. 1759.   40.   40.   40.   40.
   40.   40.   40.   40.   40.   40.   40.   40.   40.   40.   40.   40.
   40.   40. 
   40.   40. 1759. 1759. 2660. 2660. 2660. 2660. 2660. 2660. 2660. 2660.
 2660. 2660. 2660. 1759. 1759.   40.   40.   40.   40.   40.   40.   40.
   40.   40. 
   40.   40.   40.   40. 1759. 2660. 2660. 2660. 1759.   40.   40.   40.
   40.   40. 2660. 1759. 1759.   40.   40.   40.   40.   40.   40.   40.
   40.   40. 
   40.   40.   40.   40.   40.   40.   40.   40.   40.   40.   40.   40.
   40.   40. 1759. 1759. 2660. 2660. 2660. 1759. 1759. 2660. 2660. 2660.
 2660. 1759. 
 1759. 1759.   40.   40.   40.   40.   40.   40.   40.   40.   40.   40.
   40.   40.   40.   40. 1759. 2660. 2660. 2660. 1759.   40.   40.   40.
   40.   40. 
 2660. 2660. 1759. 1759.   40.   40.   40.   40.   40.   40.   40.   40.
   40.   40.   40.   40.   40.   40.   40.   40.   40.   40.   40.   40.
   40.   40. 
   40. 1759. 2660. 2660. 2660. 1759. 1759. 1759. 1759. 1759. 1759. 1759.
 1759.   40.   40.   40.   40.   40.   40.   40.   40.   40.   40.   40.
   40.   40. 
   40.   40. 1759. 1759. 2660. 2660. 1759. 1759.   40.   40.   40.   40.
 2660. 2660. 2660. 1759.   40.   40.   40.   40.   40.   40.   40.   40.
   40.   40. 
   40.   40.   40.   40.   40.   40.   40.   40.   40.   40.   40.   40.
   40. 1759. 1759. 2660. 2660. 2660. 1759. 1759. 1759. 1759. 1759.   40.
   40.   40. 
   40.   40.   40.   40.   40.   40.   40.   40.   40.   40.   40.   40.
   40.   40.   40. 1759. 2660. 2660. 2660. 1759.   40.   40.   40.   40.
 2660. 2660. 
 2660. 1759. 1759.   40.   40.   40.   40.   40.   40.   40.   40.   40.
   40.   40.   40.   40.   40.   40.   40.   40.   40.   40.   40.   40.
   40. 1759. 
 1759. 2660. 2660. 2660. 1759.   40.   40.   40.   40.   40.   40.   40.
   40.   40.   40.   40.   40.   40. 1759. 1759. 1759. 1759. 1759. 1759.
 1759.   40. 
   40. 1759. 2660. 2660. 2660. 1759.   40.   40.   40.   40. 2660. 2660.
 2660. 1759.   40.   40.   40.   40.   40.   40.   40.   40.   40.   40.
   40.   40. 
   40.   40.   40.   40.   40. 1759. 1759. 1759.   40.   40.   40. 1759.
 1759. 2660. 2660. 2660. 1759.   40.   40.   40.   40.   40.   40.   40.
   40.   40. 
   40.   40.   40. 1759. 1759. 2660. 2660. 2660. 2660. 2660. 2660. 1759.
 1759. 1759. 2660. 2660. 2660. 1759.   40.   40.   40.   40. 2660. 2660.
 1759. 1759. 
   40.   40.   40.   40.   40.   40.   40.   40.   40.   40.   40.   40.
   40.   40. 1759. 1759. 1759. 1759. 1759. 1759. 1759. 1759. 1759. 1759.
 2660. 2660. 
 2660. 1759. 1759.   40.   40.   40.   40.   40.   40.   40.   40.   40.
   40.   40.   40. 1759. 2660. 2660. 2660. 2660. 2660. 2660. 2660. 2660.
 2660. 2660. 
 2660. 2660. 2660. 1759.   40.   40.   40.   40. 1759. 1759. 1759.   40.
   40.   40.   40.   40.   40.   40.   40.   40.   40.   40.   40.   40.
   40.   40. 
 1759. 1759. 2660. 2660. 2660. 2660. 2660. 2660. 2660. 2660. 2660. 2660.
 2660. 1759. 1759.   40.   40.   40.   40.   40.   40.   40.   40.   40.
   40.   40. 
   40. 1759. 2660. 2660. 2660. 1759. 1759. 2660. 2660. 2660. 2660. 2660.
 2660. 2660. 1759.   40.   40.   40.   40.   40. 1759. 1759.   40.   40.
   40.   40. 
   40.   40.   40.   40.   40.   40.   40.   40.   40.   40.   40. 1759.
 1759. 2660. 2660. 2660. 2660. 2660. 2660. 2660. 2660. 2660. 2660. 2660.
 2660. 1759. 
 1759.   40.   40.   40.   40.   40.   40.   40.   40.   40.   40.   40.
   40. 1759. 2660. 2660. 2660. 1759. 1759. 1759. 1759. 1759. 2660. 2660.
 2660. 1759. 
 1759.   40.   40.   40.   40.   40.   40.   40.   40.   40.   40.   40.
   40.   40.   40.   40.   40.   40.   40.   40.   40.   40.   40. 1759.
 1759. 2660. 
 2660. 2660. 2660. 2660. 2660. 2660. 2660. 2660. 2660. 2660. 1759. 1759.
   40.   40.   40.   40.   40.   40.   40.   40. 1759. 1759. 1759.   40.
   40. 1759. 
 1759. 2660. 2660. 1759. 1759.   40.   40.   40. 1759. 1759. 1759.   40.
   40.   40.   40.   40.   40.   40.   40.   40.   40.   40.   40.   40.
   40.   40. 
   40.   40.   40.   40.   40.   40.   40.   40. 1759. 1759. 2660. 2660.
 2660. 1759. 1759. 1759. 1759. 1759. 1759. 1759. 1759. 1759. 1759.   40.
   40.   40. 
   40.   40.   40.   40.   40. 1759. 1759. 1759. 1759. 1759. 1759. 1759.
 1759. 2660. 2660. 2660. 1759.   40.   40.   40.   40.   40.   40.   40.
   40.   40. 
   40.   40.   40.   40.   40.   40.   40.   40.   40.   40.   40.   40.
   40.   40.   40.   40.   40.   40.   40.   40. 1759. 1759. 2660. 2660.
 2660. 1759. 
 1759.   40.   40. 1759. 1759. 1759. 1759. 1759.   40.   40.   40.   40.
   40.   40.   40.   40. 1759. 1759. 2660. 2660. 2660. 2660. 1759. 1759.
 1759. 2660. 
 2660. 2660. 1759.   40.   40.   40.   40.   40.   40.   40.   40.   40.
   40.   40.   40.   40.   40.   40.   40.   40.   40.   40.   40.   40.
   40.   40. 
   40.   40.   40.   40.   40.   40. 1759. 1759. 2660. 2660. 2660. 1759.
 1759.   40.   40.   40.   40.   40.   40.   40.   40.   40.   40.   40.
   40.   40. 
   40.   40. 1759. 1759. 2660. 2660. 2660. 2660. 2660. 1759. 1759. 2660.
 2660. 2660. 1759. 1759.   40.   40.   40.   40.   40.   40.   40.   40.
   40.   40. 
   40.   40.   40.   40.   40.   40.   40.   40.   40.   40.   40.   40.
   40.   40.   40. 1759.   40. 1759. 1759. 2660. 2660. 2660. 2660. 1759.
 1759.   40. 
   40.   40.   40.   40.   40.   40.   40.   40.   40.   40.   40.   40.
   40.   40. 1759. 2660. 2660. 2660. 2660. 2660. 2660. 2660. 2660. 2660.
 2660. 2660. 
 2660. 1759.   40.   40.   40.   40.   40.   40.   40.   40.   40.   40.
   40.   40.   40.   40.   40.   40.   40.   40.   40.   40.   40. 1759.
 1759. 1759. 
 1759. 1759. 1759. 1759. 1759. 2660. 2660. 2660. 1759. 1759.   40.   40.
   40.   40.   40.   40.   40.   40.   40.   40.   40.   40.   40.   40.
   40. 1759. 
 1759. 2660. 2660. 1759. 1759. 1759. 2660. 2660. 2660. 2660. 2660. 2660.
 1759. 1759.   40.   40.   40.   40.   40.   40.   40.   40.   40.   40.
   40.   40. 
   40.   40.   40.   40.   40.   40.   40.   40. 1759. 1759. 1759. 1759.
 2660. 2660. 2660. 2660. 2660. 2660. 2660. 2660. 1759. 1759.   40.   40.
   40.   40. 
   40.   40.   40.   40.   40.   40.   40.   40.   40.   40.   40. 1759.
 1759. 2660. 2660. 1759. 1759. 1759. 1759. 2660. 2660. 2660. 2660. 1759.
 1759.   40. 
   40.   40.   40.   40.   40.   40.   40.   40.   40.   40.   40.   40.
   40.   40.   40.   40.   40.   40.   40. 1759. 1759. 2660. 2660. 2660.
 2660. 2660. 
 2660. 2660. 2660. 2660. 2660. 2660. 1759. 1759.   40.   40.   40.   40.
   40.   40.   40.   40.   40.   40.   40.   40.   40.   40.   40. 1759.
 1759. 2660. 
 2660. 1759.   40.   40. 1759. 1759. 1759. 1759. 1759. 1759.   40.   40.
   40.   40.   40.   40.   40.   40.   40.   40.   40.   40.   40.   40.
   40.   40. 
   40.   40.   40.   40.   40. 1759. 1759. 2660. 2660. 2660. 2660. 2660.
 2660. 2660. 2660. 2660. 2660. 1759. 1759.   40.   40.   40.   40.   40.
   40.   40. 
   40.   40.   40.   40.   40.   40.   40.   40.   40. 1759. 2660. 2660.
 2660. 1759.   40.   40.   40.   40.   40.   40.   40.   40.   40.   40.
   40.   40. 
   40.   40.   40.   40.   40.   40.   40. 1759. 1759. 1759.   40.   40.
   40.   40.   40.   40. 1759. 1759. 2660. 2660. 2660. 2660. 2660. 1759.
 1759. 1759. 
 2660. 2660. 2660. 1759. 1759.   40.   40.   40.   40.   40.   40.   40.
   40.   40.   40. 1759. 1759. 1759. 1759. 1759. 1759. 1759. 2660. 2660.
 1759. 1759. 
   40.   40.   40.   40.   40.   40.   40.   40.   40.   40.   40.   40.
   40.   40.   40.   40.   40.   40. 1759. 1759. 2660. 2660.   40.   40.
   40.   40. 
   40.   40.   40. 1759. 1759. 2660. 2660. 2660. 1759. 1759. 1759. 1759.
 1759. 1759. 1759. 1759.   40.   40.   40.   40.   40.   40.   40.   40.
   40. 1759. 
 1759. 2660. 2660. 1759. 2660. 2660. 2660. 2660. 2660. 2660. 1759.   40.
   40.   40.   40.   40.   40.   40.   40.   40.   40.   40.   40.   40.
   40.   40. 
   40.   40.   40. 1759. 1759. 2660. 2660. 2660.   40.   40.   40.   40.
   40.   40.   40. 1759. 1759. 2660. 2660. 2660. 1759. 1759.   40.   40.
 1759. 1759. 
   40.   40.   40.   40.   40.   40.   40.   40.   40.   40. 1759. 1759.
 2660. 2660. 2660. 2660. 2660. 2660. 2660. 2660. 2660. 2660. 1759.   40.
   40.   40. 
   40.   40.   40.   40.   40.   40.   40.   40.   40.   40.   40.   40.
   40.   40.   40. 1759. 2660. 2660. 2660. 2660.   40.   40.   40.   40.
   40.   40. 
   40. 1759. 1759. 2660. 2660. 2660. 1759. 1759.   40.   40.   40.   40.
   40.   40.   40.   40.   40.   40.   40.   40.   40.   40. 1759. 2660.
 2660. 2660. 
 2660. 2660. 2660. 2660. 2660. 2660. 1759. 1759.   40.   40.   40.   40.
   40.   40.   40.   40.   40.   40.   40.   40.   40.   40.   40.   40.
   40.   40. 
   40. 1759. 2660. 2660. 2660. 1759. 1759. 1759.   40.   40.   40.   40.
   40. 1759. 1759. 2660. 2660. 2660. 1759. 1759.   40.   40.   40.   40.
   40.   40. 
   40.   40.   40.   40.   40.   40.   40. 1759. 1759. 2660. 2660. 2660.
 1759. 1759. 1759. 1759. 1759. 1759. 1759.   40.   40.   40.   40.   40.
   40.   40. 
   40.   40.   40.   40.   40.   40.   40.   40.   40.   40.   40.   40.
   40. 1759. 2660. 2660. 2660. 1759. 1759. 1759. 1759. 1759. 1759. 1759.
 1759. 1759. 
 1759. 2660. 2660. 2660. 1759. 1759.   40.   40.   40.   40.   40.   40.
   40.   40.   40.   40.   40.   40.   40. 1759. 1759. 2660. 2660. 2660.
 1759.   40. 
   40.   40.   40.   40.   40.   40.   40.   40.   40.   40.   40.   40.
   40.   40.   40.   40.   40.   40.   40.   40.   40.   40.   40.   40.
   40. 1759. 
 2660. 2660. 2660. 2660. 2660. 2660. 2660. 2660. 2660. 1759. 1759. 2660.
 2660. 2660. 2660. 2660. 1759. 1759.   40.   40.   40.   40.   40.   40.
   40.   40. 
   40.   40.   40.   40.   40.   40. 1759. 2660. 2660. 2660. 1759. 1759.
   40.   40.   40.   40.   40.   40.   40.   40.   40.   40.   40.   40.
   40.   40. 
   40.   40.   40.   40.   40.   40.   40.   40.   40.   40.   40. 1759.
 1759. 2660. 2660. 2660. 2660. 2660. 2660. 2660. 2660. 2660. 2660. 2660.
 2660. 2660. 
 2660. 2660. 1759. 1759.   40.   40.   40.   40.   40.   40.   40.   40.
   40.   40. 1759. 1759. 1759.   40. 1759. 1759. 2660. 2660. 2660. 1759.
   40.   40. 
   40.   40.   40.   40.   40.   40.   40.   40.   40.   40.   40.   40.
   40.   40.   40.   40.   40.   40.   40.   40.   40.   40.   40.   40.
 1759. 2660. 
 2660. 2660. 2660. 2660. 2660. 2660. 2660. 2660. 2660. 2660. 2660. 2660.
 2660. 1759. 1759.   40.   40.   40.   40.   40.   40.   40.   40.   40.
 1759. 1759. 
 1759. 1759. 1759. 1759. 1759. 1759. 2660. 2660. 2660. 1759. 1759.   40.
   40.   40.   40.   40.   40.   40.   40.   40.   40.   40.   40.   40.
   40.   40. 
   40.   40.   40.   40.   40.   40.   40.   40.   40.   40. 1759. 1759.
 2660. 2660. 
/