PERMI
 16. 16. 16. 16. 16. 16. 16. 16. 16. 16. 16. 16. 16. 16. 16. 16. 16. 16.
 16. 16. 16. 16. 16. 16. 16. 16. 
   16.   16.   16. 1735. 1735. 2121. 2121. 2121. 1735. 2121. 2121. 1735.
 1735.   16.   16.   16.   16. 1735. 2121. 2121. 2121. 1735.   16.   16.
   16.   16. 
   16.   16. 1735. 1735. 2121. 2121. 2121. 1735. 1735. 1735. 1735. 1735.
   16.   16.   16.   16.   16.   16.   16.   16.   16.   16.   16.   16.
   16.   16. 
   16.   16.   16.   16.   16.   16.   16.   16.   16.   16.   16.   16.
   16.   16. 1735. 1735. 2121. 2121. 2121. 2121. 1735. 2121. 2121. 1735.
   16. 1735. 
 1735.   16.   16. 1735. 1735. 2121. 2121. 1735. 1735.   16.   16.   16.
   16.   16. 1735. 1735. 1735. 2121. 2121. 2121. 2121. 1735. 1735. 1735.
   16.   16. 
 16. 16. 16. 16. 16. 16. 16. 16. 16. 16. 16. 16. 16. 16. 16. 16. 16. 16.
 16. 16. 16. 16. 16. 16. 16. 16. 
 1735. 1735. 1735. 1735. 1735. 1735. 1735. 2121. 2121. 1735. 1735. 1735.
 1735. 1735. 1735. 1735. 1735. 1735. 2121. 2121. 1735.   16.   16.   16.
   16.   16. 
 1735. 1735. 1735. 1735. 1735. 2121. 2121. 2121. 2121. 1735.   16.   16.
   16.   16.   16.   16.   16.   16.   16.   16.   16.   16.   16.   16.
   16.   16. 
   16.   16.   16.   16.   16.   16.   16.   16.   16.   16.   16. 1735.
 1735. 1735. 2121. 2121. 2121. 2121. 2121. 2121. 2121. 1735. 1735. 2121.
 2121. 2121. 
 2121. 2121. 1735. 1735. 2121. 2121. 1735.   16.   16.   16. 1735. 1735.
 1735. 1735. 1735. 1735. 1735. 1735. 1735. 2121. 2121. 1735.   16.   16.
   16.   16. 
   16.   16.   16.   16.   16.   16.   16.   16.   16.   16.   16.   16.
   16.   16.   16.   16.   16.   16.   16.   16.   16.   16. 1735. 1735.
 2121. 2121. 
 2121. 2121. 2121. 2121. 2121. 2121. 1735. 1735. 2121. 2121. 2121. 2121.
 2121. 2121. 2121. 2121. 2121. 1735. 1735.   16.   16. 1735. 1735. 2121.
 2121. 2121. 
 2121. 2121. 2121. 2121. 2121. 2121. 2121. 1735.   16.   16.   16.   16.
   16.   16.   16.   16.   16.   16.   16.   16.   16.   16.   16.   16.
   16.   16. 
   16.   16.   16.   16.   16.   16.   16.   16. 1735. 2121. 2121. 2121.
 2121. 2121. 2121. 1735. 1735. 1735.   16. 1735. 2121. 2121. 2121. 1735.
 2121. 2121. 
 2121. 2121. 2121. 1735.   16.   16.   16. 1735. 1735. 2121. 2121. 2121.
 2121. 2121. 2121. 2121. 2121. 2121. 2121. 1735.   16.   16.   16.   16.
   16.   16. 
   16.   16.   16.   16.   16.   16.   16.   16.   16.   16.   16.   16.
   16.   16.   16.   16.   16.   16.   16.   16. 1735. 2121. 2121. 1735.
 1735. 1735. 
 1735. 1735.   16.   16.   16. 1735. 1735. 2121. 2121. 1735. 1735. 1735.
 1735. 1735. 1735.   16.   16.   16.   16. 1735. 1735. 2121. 2121. 1735.
 1735. 1735. 
 1735. 1735. 1735. 1735. 1735. 1735.   16.   16.   16.   16.   16.   16.
   16.   16.   16.   16.   16.   16.   16.   16.   16.   16.   16.   16.
   16.   16. 
   16.   16.   16.   16.   16.   16. 1735. 2121. 2121. 1735. 1735. 2121.
 2121. 2121. 1735.   16.   16.   16. 1735. 2121. 2121. 2121. 1735.   16.
   16.   16. 
   16.   16.   16.   16.   16. 1735. 2121. 2121. 2121. 1735. 1735. 1735.
 1735. 1735. 1735. 1735. 1735.   16.   16.   16.   16.   16.   16.   16.
   16.   16. 
   16.   16.   16.   16.   16.   16.   16.   16.   16.   16.   16.   16.
   16.   16.   16.   16.   16.   16. 1735. 2121. 2121. 2121. 1735. 2121.
 2121. 2121. 
 1735.   16.   16.   16. 1735. 1735. 2121. 2121. 1735.   16.   16.   16.
   16.   16.   16.   16.   16. 1735. 1735. 2121. 2121. 2121. 1735.   16.
   16.   16. 
 16. 16. 16. 16. 16. 16. 16. 16. 16. 16. 16. 16. 16. 16. 16. 16. 16. 16.
 16. 16. 16. 16. 16. 16. 16. 16. 
   16.   16.   16.   16. 1735. 2121. 2121. 2121. 1735. 1735. 2121. 2121.
 2121. 1735.   16.   16.   16. 1735. 1735. 2121. 2121. 1735.   16.   16.
   16.   16. 
   16.   16.   16. 1735. 1735. 2121. 2121. 2121. 1735. 1735.   16.   16.
   16.   16.   16.   16.   16.   16.   16.   16.   16.   16.   16.   16.
   16.   16. 
   16.   16.   16.   16.   16.   16.   16.   16.   16.   16.   16.   16.
   16.   16.   16.   16.   16. 1735. 2121. 2121. 1735.   16. 1735. 2121.
 2121. 1735. 
   16.   16.   16. 1735. 1735. 2121. 2121. 1735.   16.   16.   16. 1735.
 1735. 1735. 1735.   16. 1735. 1735. 2121. 2121. 2121. 1735. 1735.   16.
   16.   16. 
 16. 16. 16. 16. 16. 16. 16. 16. 16. 16. 16. 16. 16. 16. 16. 16. 16. 16.
 16. 16. 16. 16. 16. 16. 16. 16. 
 1735. 1735. 1735. 1735. 2121. 2121. 1735. 1735. 2121. 2121. 2121. 1735.
   16. 1735. 1735. 1735. 2121. 2121. 2121. 1735.   16.   16. 1735. 1735.
 1735. 1735. 
 1735. 1735. 1735. 1735. 2121. 2121. 2121. 1735. 1735.   16.   16.   16.
   16.   16.   16.   16.   16.   16.   16.   16.   16.   16.   16.   16.
   16.   16. 
   16.   16.   16.   16.   16.   16.   16.   16.   16. 1735. 1735. 1735.
 2121. 2121. 2121. 2121. 2121. 2121. 1735. 2121. 2121. 2121. 1735. 1735.
 1735. 1735. 
 2121. 2121. 2121. 2121. 1735. 1735.   16. 1735. 1735. 2121. 2121. 2121.
 2121. 2121. 1735. 1735. 1735. 2121. 2121. 2121. 1735.   16.   16.   16.
   16.   16. 
   16.   16.   16.   16.   16.   16.   16.   16.   16.   16.   16.   16.
   16.   16.   16.   16.   16.   16.   16. 1735. 1735. 2121. 2121. 2121.
 2121. 2121. 
 2121. 2121. 2121. 1735. 2121. 2121. 2121. 1735. 1735. 1735. 1735. 2121.
 2121. 2121. 2121. 1735. 1735.   16.   16. 1735. 2121. 2121. 2121. 2121.
 2121. 2121. 
 2121. 2121. 2121. 2121. 2121. 2121. 1735.   16.   16.   16.   16.   16.
   16.   16.   16.   16.   16.   16.   16.   16.   16.   16.   16.   16.
   16.   16. 
   16.   16.   16.   16.   16. 1735. 2121. 2121. 2121. 2121. 1735. 1735.
 1735. 1735. 1735. 1735. 1735. 1735. 1735. 1735. 1735. 1735. 2121. 2121.
 2121. 1735. 
 1735.   16.   16.   16.   16. 1735. 2121. 2121. 2121. 2121. 2121. 2121.
 2121. 2121. 2121. 2121. 2121. 1735. 1735.   16.   16.   16.   16.   16.
   16.   16. 
   16.   16.   16.   16.   16.   16.   16.   16.   16.   16.   16.   16.
   16.   16.   16.   16.   16. 2121. 2121. 2121. 1735. 1735. 1735. 2121.
 2121. 1735. 
 1735.   16.   16.   16.   16.   16. 1735. 2121. 2121. 1735. 1735.   16.
   16.   16.   16.   16.   16. 1735. 1735. 2121. 2121. 1735. 1735. 1735.
 1735. 2121. 
 2121. 2121. 2121. 1735. 1735.   16.   16.   16.   16.   16.   16.   16.
   16.   16.   16.   16.   16.   16.   16.   16.   16.   16.   16.   16.
   16.   16. 
   16.   16. 1735. 2121. 2121. 1735.   16.   16. 1735. 2121. 2121. 2121.
 1735.   16.   16.   16.   16.   16. 1735. 2121. 2121. 1735. 1735.   16.
   16.   16. 
   16.   16.   16. 1735. 1735. 2121. 2121. 2121. 1735. 1735. 1735. 1735.
 1735. 1735. 1735. 1735.   16.   16.   16.   16.   16.   16.   16.   16.
   16.   16. 
   16.   16.   16.   16.   16.   16.   16.   16.   16.   16.   16.   16.
   16.   16. 1735. 2121. 2121. 2121. 1735.   16.   16. 1735. 2121. 2121.
 1735.   16. 
   16.   16.   16.   16. 1735. 1735. 2121. 2121. 2121. 1735. 1735. 1735.
   16.   16.   16.   16. 1735. 2121. 2121. 2121. 2121. 1735. 1735.   16.
 1735. 1735. 
 1735.   16.   16.   16.   16.   16.   16.   16.   16.   16.   16.   16.
   16.   16.   16.   16.   16.   16.   16.   16.   16.   16.   16.   16.
   16.   16. 
   16. 1735. 2121. 2121. 1735.   16.   16. 1735. 2121. 2121. 1735.   16.
   16.   16.   16.   16.   16. 1735. 1735. 2121. 2121. 2121. 2121. 1735.
 1735.   16. 
   16.   16. 1735. 1735. 2121. 2121. 2121. 2121. 1735.   16.   16.   16.
   16.   16.   16.   16.   16.   16.   16.   16.   16.   16.   16.   16.
   16.   16. 
   16.   16.   16.   16.   16.   16.   16.   16.   16.   16.   16.   16.
   16. 1735. 2121. 2121. 2121. 1735. 1735. 1735. 2121. 2121. 2121. 1735.
   16.   16. 
   16.   16.   16.   16. 1735. 1735. 1735. 2121. 2121. 2121. 1735. 1735.
   16.   16.   16. 1735. 1735. 2121. 2121. 2121. 1735.   16.   16.   16.
   16.   16. 
   16.   16.   16.   16.   16.   16.   16.   16.   16.   16.   16.   16.
   16.   16.   16.   16.   16.   16.   16.   16.   16.   16.   16.   16.
 1735. 1735. 
 1735. 2121. 2121. 1735. 2121. 1735. 1735. 2121. 2121. 1735.   16.   16.
   16.   16.   16.   16.   16.   16. 1735. 1735. 2121. 2121. 2121. 1735.
   16. 1735. 
 1735. 1735. 1735. 2121. 2121. 2121. 1735. 1735.   16.   16.   16.   16.
   16.   16.   16.   16.   16.   16.   16.   16.   16.   16.   16.   16.
   16.   16. 
   16.   16.   16.   16.   16.   16.   16.   16.   16. 1735. 1735. 2121.
 1735. 2121. 2121. 1735. 2121. 2121. 2121. 2121. 1735. 1735.   16.   16.
   16.   16. 
   16.   16.   16.   16. 1735. 1735. 2121. 2121. 1735. 1735. 1735. 1735.
 1735. 1735. 2121. 2121. 2121. 2121. 1735. 1735.   16.   16.   16.   16.
   16.   16. 
   16.   16.   16.   16.   16.   16.   16.   16.   16.   16.   16.   16.
   16.   16.   16.   16.   16.   16.   16.   16.   16. 1735. 1735. 1735.
 2121. 2121. 
 2121. 1735. 2121. 2121. 2121. 1735. 1735.   16.   16.   16.   16.   16.
   16.   16.   16. 1735. 1735. 2121. 2121. 1735. 1735. 1735. 2121. 2121.
 2121. 2121. 
 2121. 2121. 2121. 1735. 1735.   16.   16.   16.   16.   16.   16.   16.
   16.   16.   16.   16.   16.   16.   16.   16.   16.   16.   16.   16.
   16.   16. 
   16.   16.   16.   16. 1735. 1735. 1735. 2121. 2121. 2121. 2121. 2121.
 1735. 1735. 1735. 1735. 1735. 1735.   16.   16.   16.   16.   16.   16.
   16.   16. 
 1735. 1735. 2121. 2121. 1735. 1735. 2121. 2121. 2121. 2121. 2121. 2121.
 2121. 2121. 2121. 1735.   16.   16.   16.   16.   16.   16.   16.   16.
   16.   16. 
   16.   16.   16.   16.   16.   16.   16.   16.   16.   16.   16.   16.
   16.   16. 1735. 1735. 2121. 2121. 2121. 2121. 2121. 2121. 2121. 1735.
   16.   16. 
   16.   16.   16.   16.   16.   16.   16.   16.   16.   16.   16. 1735.
 2121. 2121. 2121. 1735. 1735. 1735. 2121. 2121. 2121. 2121. 2121. 2121.
 1735. 1735. 
 1735. 1735.   16.   16.   16.   16.   16.   16.   16.   16.   16.   16.
   16.   16.   16.   16.   16.   16.   16.   16.   16.   16.   16.   16.
   16.   16. 
 1735. 2121. 2121. 2121. 2121. 2121. 2121. 1735. 1735. 1735. 1735.   16.
   16.   16.   16.   16.   16.   16.   16.   16.   16.   16. 1735. 2121.
 2121. 2121. 
 1735. 1735. 1735. 1735. 2121. 2121. 1735. 1735. 1735. 1735. 1735. 1735.
   16.   16.   16.   16.   16.   16.   16.   16.   16.   16.   16.   16.
   16.   16. 
   16.   16.   16.   16.   16.   16.   16.   16.   16.   16.   16.   16.
 1735. 2121. 2121. 1735. 1735. 1735. 1735. 2121. 2121. 2121. 1735.   16.
   16.   16. 
   16.   16.   16.   16.   16.   16.   16.   16. 1735. 2121. 2121. 2121.
 1735.   16. 1735. 1735. 2121. 2121. 2121. 1735.   16.   16.   16.   16.
   16.   16. 
   16.   16.   16.   16.   16.   16.   16.   16.   16.   16.   16.   16.
   16.   16.   16.   16.   16.   16.   16.   16.   16.   16.   16.   16.
 1735. 2121. 
 2121. 2121. 1735. 1735. 1735. 1735. 2121. 2121. 2121. 1735.   16.   16.
   16.   16.   16.   16.   16.   16.   16.   16. 1735. 2121. 2121. 1735.
 1735.   16. 
   16. 1735. 2121. 2121. 2121. 1735. 1735. 1735.   16.   16.   16.   16.
   16.   16.   16.   16.   16.   16.   16.   16.   16.   16.   16.   16.
   16.   16. 
   16.   16.   16.   16.   16.   16.   16.   16.   16.   16. 1735. 2121.
 2121. 2121. 1735. 2121. 1735. 1735. 2121. 2121. 2121. 1735.   16.   16.
   16.   16. 
   16.   16.   16.   16.   16.   16. 1735. 2121. 2121. 2121. 1735.   16.
   16. 1735. 1735. 2121. 2121. 2121. 2121. 1735. 1735.   16.   16.   16.
   16.   16. 
   16.   16.   16.   16.   16.   16.   16.   16.   16.   16.   16.   16.
   16.   16.   16.   16.   16.   16.   16.   16.   16.   16. 1735. 1735.
 2121. 2121. 
 2121. 1735. 2121. 2121. 2121. 2121. 2121. 1735.   16.   16.   16.   16.
   16.   16.   16.   16.   16.   16. 1735. 1735. 2121. 2121. 1735. 1735.
   16.   16. 
 1735. 1735. 2121. 2121. 2121. 2121. 1735.   16.   16.   16.   16.   16.
   16.   16.   16.   16.   16.   16.   16.   16.   16.   16.   16.   16.
   16.   16. 
   16.   16.   16.   16.   16.   16.   16.   16. 1735. 1735. 1735. 2121.
 2121. 1735. 1735. 2121. 2121. 2121. 1735. 1735.   16.   16.   16.   16.
   16.   16. 
   16.   16.   16.   16.   16. 1735. 2121. 2121. 2121. 1735.   16.   16.
   16. 1735. 1735. 2121. 2121. 2121. 1735. 1735.   16.   16.   16.   16.
   16.   16. 
   16.   16.   16.   16.   16.   16.   16.   16.   16.   16.   16.   16.
   16.   16.   16.   16.   16.   16.   16.   16. 1735. 2121. 1735. 1735.
 2121. 2121. 
 1735. 1735. 1735. 1735. 1735.   16.   16.   16.   16.   16.   16.   16.
 1735. 1735. 1735. 1735. 1735. 1735. 1735. 2121. 2121. 1735. 1735. 1735.
 1735. 1735. 
 2121. 2121. 2121. 2121. 1735.   16.   16.   16.   16.   16.   16.   16.
   16.   16.   16.   16.   16.   16.   16.   16.   16.   16.   16.   16.
   16.   16. 
   16.   16.   16.   16.   16.   16. 1735. 1735. 1735. 1735. 2121. 2121.
 1735.   16.   16.   16.   16.   16.   16.   16.   16.   16.   16. 1735.
 1735. 2121. 
 2121. 2121. 2121. 1735. 1735. 1735. 2121. 1735. 1735. 1735. 2121. 2121.
 2121. 2121. 2121. 1735. 1735.   16.   16.   16.   16.   16.   16.   16.
   16.   16. 
   16.   16.   16.   16.   16.   16.   16.   16.   16.   16.   16.   16.
   16.   16.   16.   16.   16.   16.   16. 1735. 1735. 2121. 2121. 2121.
 1735.   16. 
   16.   16.   16.   16.   16.   16.   16.   16. 1735. 1735. 2121. 2121.
 2121. 2121. 2121. 2121. 2121. 2121. 1735. 1735. 2121. 2121. 2121. 2121.
 2121. 2121. 
 1735. 1735.   16.   16.   16.   16.   16.   16.   16.   16.   16.   16.
   16.   16.   16.   16.   16.   16.   16.   16.   16.   16.   16.   16.
   16.   16. 
   16.   16.   16.   16. 1735. 2121. 2121. 2121. 2121. 1735.   16.   16.
   16.   16.   16.   16.   16.   16.   16.   16. 1735. 1735. 2121. 2121.
 1735. 1735. 
 2121. 2121. 2121. 2121. 1735. 2121. 2121. 2121. 2121. 2121. 1735. 1735.
 1735.   16.   16.   16.   16.   16.   16.   16.   16.   16.   16.   16.
   16.   16. 
   16.   16.   16.   16.   16.   16.   16.   16.   16.   16.   16.   16.
   16. 1735. 1735. 1735. 2121. 2121. 2121. 1735. 1735. 1735.   16.   16.
   16.   16. 
   16.   16.   16.   16.   16.   16. 1735. 1735. 2121. 2121. 1735. 1735.
 1735. 1735. 1735. 1735. 1735. 2121. 2121. 2121. 1735. 1735. 1735. 1735.
   16.   16. 
   16.   16.   16.   16.   16.   16.   16.   16.   16.   16.   16.   16.
   16.   16.   16.   16.   16.   16.   16.   16.   16.   16.   16. 1735.
 1735. 1735. 
 2121. 1735. 2121. 2121. 1735. 2121. 2121. 1735.   16.   16.   16.   16.
   16.   16.   16.   16.   16.   16. 1735. 1735. 2121. 2121. 2121. 1735.
   16. 1735. 
 1735. 1735. 1735. 2121. 2121. 2121. 2121. 1735. 1735.   16.   16.   16.
   16.   16.   16.   16.   16.   16.   16.   16.   16.   16.   16.   16.
   16.   16. 
   16.   16.   16.   16.   16.   16.   16.   16. 1735. 1735. 2121. 2121.
 1735. 2121. 2121. 1735. 2121. 2121. 1735. 1735.   16.   16.   16.   16.
   16.   16. 
   16.   16.   16.   16.   16. 1735. 2121. 2121. 2121. 1735. 1735.   16.
   16.   16. 1735. 1735. 2121. 2121. 2121. 2121. 1735. 1735.   16.   16.
   16.   16. 
   16.   16.   16.   16.   16.   16.   16.   16.   16.   16.   16.   16.
   16.   16.   16.   16.   16.   16.   16.   16. 1735. 2121. 2121. 2121.
 1735. 2121. 
 2121. 1735. 1735. 1735. 1735.   16.   16.   16.   16.   16.   16.   16.
   16.   16.   16.   16.   16. 1735. 1735. 2121. 2121. 2121. 1735. 1735.
   16.   16. 
   16. 1735. 1735. 2121. 2121. 2121. 1735. 1735. 1735.   16.   16.   16.
   16.   16.   16.   16.   16.   16.   16.   16.   16.   16.   16.   16.
   16.   16. 
   16.   16.   16.   16.   16.   16. 1735. 2121. 2121. 1735. 1735. 1735.
 2121. 2121. 1735. 1735.   16.   16.   16.   16.   16.   16.   16.   16.
   16.   16. 
   16.   16.   16.   16. 1735. 1735. 2121. 2121. 2121. 1735.   16.   16.
   16. 1735. 1735. 1735. 2121. 2121. 2121. 2121. 1735.   16.   16.   16.
   16.   16. 
   16.   16.   16.   16.   16.   16.   16.   16.   16.   16.   16.   16.
   16.   16.   16.   16.   16.   16. 1735. 2121. 2121. 2121. 1735. 1735.
 2121. 2121. 
 2121. 1735. 1735.   16.   16.   16.   16.   16.   16.   16.   16.   16.
   16.   16.   16.   16.   16. 1735. 1735. 2121. 2121. 1735.   16.   16.
 1735. 1735. 
 1735. 1735. 1735. 2121. 2121. 2121. 1735. 1735.   16.   16.   16.   16.
   16.   16.   16.   16.   16.   16.   16.   16.   16.   16.   16.   16.
   16.   16. 
   16.   16.   16.   16.   16. 1735. 2121. 2121. 1735. 1735. 1735. 2121.
 2121. 2121. 1735.   16.   16.   16.   16.   16.   16.   16.   16.   16.
   16. 1735. 
 1735. 1735. 1735. 1735. 2121. 2121. 2121. 1735. 1735. 1735. 1735. 1735.
 1735. 1735. 1735. 2121. 2121. 2121. 1735. 1735.   16.   16.   16.   16.
   16.   16. 
   16.   16.   16.   16.   16.   16.   16.   16.   16.   16.   16.   16.
   16.   16.   16.   16.   16. 1735. 1735. 1735. 1735. 1735. 1735. 1735.
 2121. 2121. 
 2121. 1735.   16.   16.   16.   16.   16.   16.   16. 1735. 1735. 2121.
 2121. 2121. 2121. 2121. 2121. 2121. 2121. 1735. 1735. 1735. 2121. 2121.
 2121. 2121. 
 2121. 2121. 2121. 2121. 1735. 1735.   16.   16.   16.   16.   16.   16.
   16.   16.   16.   16.   16.   16.   16.   16.   16.   16.   16.   16.
 1735. 1735. 
 1735. 1735. 1735. 1735. 1735. 2121. 2121. 2121. 2121. 2121. 2121. 2121.
 2121. 1735.   16.   16.   16.   16.   16.   16.   16. 1735. 2121. 2121.
 2121. 2121. 
 2121. 2121. 2121. 1735. 1735. 1735. 1735. 2121. 2121. 2121. 2121. 2121.
 2121. 2121. 1735. 1735. 1735.   16.   16.   16.   16.   16.   16.   16.
   16.   16. 
   16.   16.   16.   16.   16.   16.   16.   16.   16.   16. 1735. 2121.
 2121. 2121. 2121. 1735. 2121. 2121. 2121. 2121. 2121. 2121. 2121. 2121.
 1735.   16. 
   16.   16.   16.   16.   16.   16. 1735. 2121. 2121. 2121. 1735. 1735.
 1735. 1735. 1735. 1735.   16. 1735. 1735. 2121. 2121. 1735. 1735. 1735.
 1735. 1735. 
 1735. 1735.   16.   16.   16.   16.   16.   16.   16.   16.   16.   16.
   16.   16.   16.   16.   16.   16.   16.   16.   16. 1735. 1735. 2121.
 2121. 2121. 
 2121. 2121. 2121. 2121. 2121. 1735. 2121. 2121. 1735. 1735. 1735.   16.
   16.   16.   16.   16.   16.   16. 1735. 2121. 2121. 2121. 1735.   16.
   16.   16. 
   16.   16.   16. 1735. 1735. 2121. 2121. 2121. 1735. 1735. 1735. 1735.
   16.   16.   16.   16.   16.   16.   16.   16.   16.   16.   16.   16.
   16.   16. 
   16.   16.   16.   16.   16.   16.   16. 1735. 2121. 2121. 1735. 1735.
 2121. 2121. 1735. 2121. 2121. 1735. 1735.   16.   16.   16.   16.   16.
   16.   16. 
   16.   16.   16.   16. 1735. 2121. 2121. 2121. 1735.   16.   16.   16.
   16.   16.   16.   16. 1735. 2121. 2121. 2121. 1735. 1735.   16.   16.
   16.   16. 
   16.   16.   16.   16.   16.   16.   16.   16.   16.   16.   16.   16.
   16.   16.   16.   16.   16.   16.   16. 1735. 1735. 2121. 1735. 1735.
 1735. 1735. 
 1735. 2121. 2121. 2121. 1735. 1735.   16.   16.   16.   16.   16.   16.
   16.   16.   16.   16.   16. 1735. 2121. 2121. 2121. 1735.   16. 1735.
 1735. 1735. 
 1735. 1735. 1735. 1735. 2121. 2121. 2121. 1735. 1735.   16.   16.   16.
   16.   16.   16.   16.   16.   16.   16.   16.   16.   16.   16.   16.
   16.   16. 
   16.   16.   16.   16.   16. 1735. 2121. 2121. 2121. 1735. 1735. 1735.
 1735. 1735. 2121. 2121. 2121. 1735.   16.   16.   16.   16.   16.   16.
   16.   16. 
   16.   16.   16. 1735. 2121. 2121. 1735. 1735. 1735. 1735. 1735. 1735.
 2121. 1735. 1735. 1735. 1735. 2121. 2121. 2121. 1735.   16.   16.   16.
   16.   16. 
   16.   16.   16.   16.   16.   16.   16.   16.   16.   16.   16.   16.
   16.   16.   16.   16.   16. 1735. 2121. 2121. 1735. 2121. 2121. 2121.
 2121. 1735. 
 2121. 2121. 2121. 2121. 1735.   16.   16.   16.   16.   16.   16.   16.
   16.   16.   16. 1735. 2121. 2121. 1735. 1735. 1735. 1735. 2121. 2121.
 2121. 2121. 
 2121. 2121. 1735. 2121. 2121. 2121. 1735. 1735.   16.   16.   16.   16.
   16.   16.   16.   16.   16.   16.   16.   16.   16.   16.   16.   16.
   16.   16. 
   16.   16.   16. 1735. 2121. 1735. 2121. 2121. 2121. 2121. 2121. 2121.
 2121. 2121. 2121. 2121. 1735.   16.   16.   16.   16. 1735. 1735. 1735.
 1735.   16. 
   16. 1735. 2121. 2121. 1735. 1735. 1735. 1735. 2121. 2121. 2121. 2121.
 2121. 2121. 2121. 2121. 2121. 2121. 1735. 1735.   16.   16.   16.   16.
   16.   16. 
   16.   16.   16.   16.   16.   16.   16.   16.   16.   16.   16.   16.
   16.   16. 1735. 1735. 2121. 1735. 2121. 2121. 1735. 2121. 2121. 2121.
 2121. 2121. 
 2121. 2121. 1735.   16.   16. 1735. 1735. 1735. 1735. 1735. 1735. 1735.
 1735. 1735. 2121. 2121. 1735. 1735. 1735. 2121. 2121. 2121. 1735. 1735.
 2121. 2121. 
 2121. 2121. 2121. 1735. 1735.   16.   16.   16.   16.   16.   16.   16.
   16.   16.   16.   16.   16.   16.   16.   16.   16.   16.   16.   16.
   16.   16. 
 2121. 2121. 1735. 2121. 2121. 2121. 1735. 1735. 2121. 2121. 2121. 2121.
 2121. 1735. 1735.   16. 1735. 1735. 2121. 2121. 2121. 2121. 2121. 2121.
 2121. 1735. 
 2121. 2121. 1735. 1735. 1735. 2121. 2121. 2121. 1735. 1735. 1735. 1735.
 1735. 1735. 1735. 1735. 1735.   16.   16.   16.   16.   16.   16.   16.
   16.   16. 
   16.   16.   16.   16.   16.   16.   16.   16.   16.   16.   16.   16.
 2121. 2121. 1735. 2121. 2121. 2121. 1735.   16. 1735. 1735. 1735. 1735.
 1735. 1735. 
   16.   16. 1735. 2121. 2121. 2121. 2121. 2121. 2121. 2121. 2121. 2121.
 2121. 2121. 1735. 1735. 1735. 2121. 2121. 2121. 1735. 1735. 1735. 1735.
 1735. 1735. 
 1735.   16.   16.   16.   16.   16.   16.   16.   16.   16.   16.   16.
   16.   16.   16.   16.   16.   16.   16.   16.   16.   16.   16.   16.
 1735. 1735. 
 1735. 2121. 2121. 1735.   16.   16.   16.   16.   16.   16.   16.   16.
   16.   16. 1735. 2121. 2121. 2121. 1735. 1735. 1735. 1735. 2121. 1735.
 1735. 1735. 
 1735. 1735. 1735. 1735. 2121. 2121. 1735. 1735.   16.   16.   16.   16.
   16.   16.   16.   16.   16.   16.   16.   16.   16.   16.   16.   16.
   16.   16. 
   16.   16.   16.   16.   16.   16.   16.   16.   16.   16.   16.   16.
 1735. 2121. 2121. 1735.   16.   16.   16.   16.   16.   16.   16.   16.
   16.   16. 
 1735. 1735. 2121. 2121. 2121. 1735. 1735. 1735. 1735. 1735. 1735. 1735.
 1735. 1735. 1735. 2121. 2121. 2121. 1735. 1735.   16.   16.   16.   16.
   16.   16. 
   16.   16.   16.   16.   16.   16.   16.   16.   16.   16.   16.   16.
   16.   16.   16.   16.   16.   16.   16.   16.   16.   16. 1735. 1735.
 1735. 2121. 
 2121. 1735.   16.   16.   16.   16.   16.   16.   16.   16.   16.   16.
   16. 1735. 1735. 2121. 2121. 2121. 2121. 1735. 1735. 2121. 2121. 2121.
 2121. 2121. 
 2121. 2121. 2121. 2121. 1735. 1735.   16.   16.   16.   16.   16.   16.
   16.   16.   16.   16.   16.   16.   16.   16.   16.   16.   16.   16.
   16.   16. 
   16.   16.   16.   16.   16.   16.   16.   16. 2121. 2121. 2121. 2121.
 2121. 1735.   16.   16.   16.   16.   16.   16.   16.   16.   16.   16.
   16. 1735. 
 1735. 1735. 2121. 2121. 1735. 1735. 2121. 2121. 2121. 2121. 2121. 2121.
 2121. 2121. 2121. 2121. 1735. 1735.   16.   16.   16.   16.   16.   16.
   16.   16. 
   16.   16.   16.   16.   16.   16.   16.   16.   16.   16.   16.   16.
   16.   16.   16.   16.   16.   16.   16.   16. 2121. 2121. 2121. 2121.
 2121.   16. 
   16.   16.   16.   16.   16.   16.   16.   16.   16. 1735. 1735. 1735.
 1735. 1735. 1735. 1735. 1735. 1735. 2121. 2121. 2121. 2121. 2121. 2121.
 2121. 2121. 
 2121. 1735. 1735.   16.   16.   16.   16.   16.   16.   16.   16.   16.
   16.   16.   16.   16.   16.   16.   16.   16.   16.   16.   16.   16.
   16.   16. 
   16.   16.   16.   16.   16.   16. 1735. 2121. 2121. 1735. 1735.   16.
   16.   16.   16.   16.   16.   16.   16.   16. 1735. 2121. 2121. 2121.
 2121. 2121. 
 2121. 2121. 1735. 1735. 2121. 2121. 2121. 1735. 1735. 1735. 1735. 1735.
 1735. 1735.   16.   16.   16.   16.   16.   16.   16.   16.   16.   16.
   16.   16. 
   16.   16.   16.   16.   16.   16.   16.   16.   16.   16.   16.   16.
   16.   16.   16.   16.   16.   16.   16.   16. 1735.   16.   16.   16.
   16.   16. 
   16.   16.   16.   16.   16.   16. 1735. 2121. 2121. 2121. 2121. 2121.
 2121. 2121. 1735. 1735. 2121. 2121. 2121. 1735. 1735.   16.   16. 1735.
   16.   16. 
 16. 16. 16. 16. 16. 16. 16. 16. 16. 16. 16. 16. 16. 16. 16. 16. 16. 16.
 16. 16. 16. 16. 16. 16. 16. 16. 
   16.   16.   16.   16.   16.   16.   16.   16.   16.   16.   16.   16.
   16.   16.   16.   16.   16.   16. 1735. 2121. 2121. 1735. 1735. 1735.
 1735. 1735. 
 1735. 1735. 1735. 2121. 2121. 2121. 1735. 1735.   16.   16.   16.   16.
   16.   16.   16.   16.   16.   16.   16.   16.   16.   16.   16.   16.
   16.   16. 
 16. 16. 16. 16. 16. 16. 16. 16. 16. 16. 16. 16. 16. 16. 16. 16. 16. 16.
 16. 16. 16. 16. 16. 16. 16. 16. 
   16.   16.   16.   16. 1735. 2121. 2121. 2121. 1735. 1735.   16.   16.
   16.   16. 1735. 1735. 2121. 2121. 1735. 1735.   16.   16.   16.   16.
   16.   16. 
 16. 16. 16. 16. 16. 16. 16. 16. 16. 16. 16. 16. 16. 16. 16. 16. 16. 16.
 16. 16. 16. 16. 16. 16. 16. 16. 
   16.   16.   16.   16.   16.   16.   16.   16.   16.   16.   16.   16.
   16.   16.   16.   16. 1735. 1735. 2121. 2121. 2121. 1735.   16.   16.
   16.   16. 
 1735. 1735. 2121. 2121. 2121. 1735. 1735.   16.   16.   16.   16.   16.
   16.   16.   16.   16.   16.   16.   16.   16.   16.   16.   16.   16.
   16.   16. 
 16. 16. 16. 16. 16. 16. 16. 16. 16. 16. 16. 16. 16. 16. 
/