PERMI
 3813. 3813. 3813. 3064. 3064.   28.   28.   28.   28. 3064. 3064. 3064.
 3064. 3064. 3064. 3064. 3064. 3064. 3813. 3064. 3813. 3813. 3813. 3064.
 3064.   28. 
   28.   28.   28.   28.   28.   28.   28.   28.   28.   28.   28.   28.
   28.   28.   28.   28.   28.   28.   28.   28.   28.   28.   28. 3064.
 3064. 3813. 
 3813. 3813. 3813. 3064. 3064. 3064.   28.   28.   28.   28.   28.   28.
 3813. 3813. 3813. 3813. 3064. 3064.   28.   28.   28.   28.   28. 3064.
 3064. 3064. 
 3064. 3064. 3064. 3064. 3813. 3064. 3813. 3813. 3813. 3064. 3064.   28.
   28.   28.   28.   28.   28.   28.   28.   28.   28.   28.   28.   28.
   28.   28. 
   28.   28.   28.   28.   28.   28.   28.   28.   28. 3064. 3064. 3813.
 3813. 3813. 3064. 3064.   28.   28.   28.   28.   28.   28.   28.   28.
 3813. 3813. 
 3813. 3813. 3813. 3064. 3064.   28.   28.   28.   28.   28.   28.   28.
   28. 3064. 3064. 3813. 3064. 3064. 3813. 3813. 3813. 3064. 3064.   28.
   28.   28. 
   28.   28.   28.   28.   28.   28.   28.   28.   28.   28.   28.   28.
   28.   28.   28.   28.   28.   28.   28.   28.   28. 3064. 3813. 3813.
 3813. 3813. 
 3064. 3064.   28.   28.   28.   28.   28.   28.   28.   28. 3064. 3813.
 3813. 3813. 3813. 3813. 3064.   28.   28.   28.   28.   28.   28.   28.
   28. 3064. 
 3064. 3813. 3064. 3064. 3813. 3813. 3813. 3064.   28.   28.   28.   28.
   28.   28.   28.   28.   28.   28.   28.   28.   28.   28.   28.   28.
   28.   28. 
   28.   28.   28.   28.   28.   28.   28. 3064. 3064. 3813. 3813. 3813.
 3813. 3064. 3064. 3064.   28.   28.   28.   28.   28.   28. 3064. 3064.
 3813. 3813. 
 3813. 3813. 3064.   28.   28.   28.   28.   28.   28.   28. 3064. 3064.
 3813. 3813. 3064. 3064. 3813. 3813. 3813. 3064. 3064.   28.   28.   28.
   28.   28. 
   28.   28.   28.   28.   28.   28.   28.   28.   28.   28.   28.   28.
   28.   28.   28.   28.   28.   28.   28.   28. 3064. 3813. 3813. 3813.
 3813. 3813. 
 3813. 3064. 3064. 3064. 3064.   28.   28.   28.   28.   28. 3064. 3813.
 3813. 3813. 3064.   28.   28.   28.   28.   28.   28.   28. 3064. 3064.
 3813. 3813. 
 3064. 3064. 3813. 3813. 3813. 3813. 3064. 3064. 3064.   28.   28.   28.
   28.   28.   28.   28.   28.   28.   28.   28.   28.   28.   28.   28.
   28.   28. 
   28.   28.   28.   28.   28.   28.   28. 3064. 3064. 3813. 3813. 3813.
 3813. 3813. 3813. 3064. 3064. 3064. 3064.   28.   28.   28. 3064. 3813.
 3813. 3813. 
 3064.   28.   28.   28.   28.   28.   28.   28. 3064. 3064. 3813. 3813.
 3064. 3064. 3813. 3813. 3813. 3813. 3813. 3064. 3064. 3064. 3064. 3064.
   28.   28. 
   28.   28.   28.   28.   28.   28.   28.   28.   28.   28.   28.   28.
   28.   28.   28.   28.   28.   28.   28.   28. 3064. 3064. 3064. 3813.
 3813. 3813. 
 3813. 3813. 3813. 3813. 3064. 3064.   28.   28. 3064. 3813. 3813. 3813.
 3064. 3064.   28.   28.   28.   28.   28.   28. 3064. 3813. 3813. 3813.
 3064. 3064. 
 3064. 3813. 3813. 3813. 3813. 3813. 3813. 3813. 3813. 3064. 3064.   28.
   28.   28.   28.   28.   28.   28.   28.   28.   28.   28.   28.   28.
   28.   28. 
   28.   28.   28.   28.   28.   28.   28.   28. 3064. 3064. 3813. 3813.
 3813. 3813. 3813. 3813. 3813. 3064.   28.   28. 3064. 3813. 3813. 3813.
 3064.   28. 
   28.   28.   28.   28.   28.   28. 3064. 3813. 3813. 3813. 3064. 3064.
 3064. 3064. 3813. 3813. 3813. 3813. 3813. 3813. 3813. 3813. 3064. 3064.
   28.   28. 
   28.   28.   28.   28.   28.   28.   28.   28.   28.   28.   28.   28.
   28.   28.   28.   28.   28.   28.   28.   28.   28. 3064. 3064. 3064.
 3064. 3813. 
 3813. 3813. 3813. 3813.   28.   28. 3064. 3813. 3813. 3813. 3064.   28.
   28.   28.   28.   28.   28.   28. 3064. 3064. 3813. 3813. 3813. 3813.
 3813. 3064. 
 3064. 3064. 3813. 3813. 3813. 3813. 3813. 3813. 3813. 3064.   28.   28.
   28.   28.   28.   28.   28.   28.   28.   28.   28.   28.   28.   28.
   28.   28. 
   28.   28.   28.   28.   28.   28.   28.   28.   28. 3064. 3064. 3064.
 3813. 3813. 3813. 3813.   28.   28. 3064. 3813. 3813. 3813. 3064.   28.
   28.   28. 
   28.   28.   28.   28.   28. 3064. 3064. 3813. 3813. 3813. 3813. 3813.
 3813. 3064. 3064. 3064. 3064. 3064. 3813. 3813. 3813. 3064.   28.   28.
   28.   28. 
   28.   28.   28.   28.   28.   28.   28.   28.   28.   28.   28.   28.
   28.   28.   28.   28.   28.   28.   28.   28.   28.   28.   28. 3064.
 3064. 3813. 
 3813. 3813.   28.   28. 3064. 3813. 3813. 3813. 3064.   28.   28.   28.
   28.   28.   28.   28.   28.   28. 3064. 3064. 3813. 3813. 3813. 3813.
 3813. 3813. 
 3813. 3813. 3064. 3813. 3813. 3813. 3813. 3064.   28.   28.   28.   28.
   28.   28.   28.   28.   28.   28.   28.   28.   28.   28.   28.   28.
   28.   28. 
   28.   28.   28.   28.   28.   28.   28.   28.   28. 3064. 3813. 3813.
 3813. 3813.   28.   28. 3064. 3813. 3813. 3813. 3813. 3064. 3064.   28.
   28.   28. 
   28.   28.   28.   28.   28. 3064. 3064. 3064. 3064. 3064. 3064. 3064.
 3064. 3064. 3813. 3813. 3813. 3813. 3064. 3064.   28.   28.   28.   28.
   28.   28. 
   28.   28.   28.   28.   28.   28.   28.   28.   28.   28.   28.   28.
   28.   28.   28.   28.   28.   28.   28.   28. 3064. 3064. 3813. 3813.
 3813. 3064. 
   28.   28. 3064. 3813. 3813. 3813. 3813. 3813. 3064. 3064.   28.   28.
   28.   28.   28.   28.   28.   28.   28.   28. 3064. 3064. 3064. 3064.
 3064. 3813. 
 3813. 3813. 3813. 3813. 3064.   28.   28.   28.   28.   28.   28.   28.
   28.   28.   28.   28.   28.   28.   28.   28.   28.   28.   28.   28.
   28.   28. 
   28.   28.   28.   28.   28.   28. 3064. 3813. 3813. 3813. 3813. 3064.
   28.   28. 3064. 3064. 3813. 3813. 3813. 3813. 3813. 3064. 3064.   28.
   28.   28. 
   28.   28.   28.   28.   28.   28.   28.   28.   28. 3064. 3813. 3813.
 3813. 3813. 3813. 3064. 3064.   28.   28.   28.   28.   28.   28.   28.
   28.   28. 
   28.   28.   28.   28.   28.   28.   28.   28.   28.   28.   28.   28.
   28.   28.   28.   28.   28.   28. 3064. 3813. 3813. 3813. 3813. 3064.
   28.   28. 
   28. 3064. 3064. 3813. 3813. 3813. 3813. 3813. 3064. 3064.   28.   28.
   28.   28.   28.   28.   28.   28.   28.   28. 3064. 3064. 3813. 3813.
 3813. 3813. 
 3064. 3064.   28. 3064. 3064. 3064.   28.   28.   28.   28.   28.   28.
   28.   28.   28.   28.   28.   28.   28.   28.   28.   28.   28.   28.
   28.   28. 
   28.   28.   28.   28. 3064. 3813. 3813. 3813. 3813. 3064.   28.   28.
   28.   28. 3064. 3064. 3813. 3813. 3813. 3813. 3813. 3064. 3064.   28.
   28.   28. 
   28.   28.   28.   28.   28.   28. 3064. 3813. 3813. 3813. 3813. 3064.
 3064. 3064. 3064. 3064. 3064. 3064. 3064. 3064.   28.   28.   28.   28.
   28.   28. 
   28.   28.   28.   28.   28.   28.   28.   28.   28.   28.   28.   28.
   28.   28.   28. 3064. 3064. 3813. 3813. 3813. 3064. 3064.   28.   28.
   28.   28. 
   28. 3064. 3064. 3813. 3813. 3813. 3813. 3813. 3064. 3064.   28.   28.
   28.   28.   28.   28.   28.   28. 3064. 3813. 3813. 3813. 3813. 3064.
 3813. 3813. 
 3813. 3813. 3813. 3813. 3813. 3064.   28.   28.   28.   28.   28.   28.
   28.   28.   28.   28.   28.   28.   28.   28.   28.   28.   28.   28.
   28.   28. 
   28. 3064. 3064. 3813. 3813. 3813. 3064. 3064.   28.   28.   28.   28.
   28.   28.   28. 3064. 3064. 3813. 3813. 3813. 3813. 3064.   28.   28.
   28.   28. 
   28.   28.   28.   28. 3064. 3813. 3813. 3813. 3813. 3813. 3813. 3813.
 3813. 3813. 3813. 3813. 3813. 3064. 3064.   28.   28.   28.   28.   28.
   28.   28. 
   28.   28.   28.   28.   28.   28.   28.   28.   28.   28.   28.   28.
   28.   28. 3064. 3813. 3813. 3813. 3813. 3813.   28.   28.   28.   28.
   28.   28. 
   28.   28. 3064. 3064. 3813. 3813. 3813. 3064.   28.   28.   28.   28.
   28.   28.   28.   28. 3064. 3813. 3813. 3813. 3813. 3813. 3813. 3813.
 3813. 3813. 
 3813. 3813. 3813. 3813. 3064. 3064.   28.   28.   28.   28.   28.   28.
   28.   28.   28.   28.   28.   28.   28.   28.   28.   28.   28.   28.
   28.   28. 
 3064. 3813. 3813. 3813. 3813. 3813.   28.   28.   28.   28.   28.   28.
   28.   28.   28. 3064. 3813. 3813. 3813. 3064.   28.   28.   28.   28.
   28.   28. 
   28.   28. 3064. 3064. 3813. 3813. 3813. 3813. 3813. 3064. 3064. 3064.
 3813. 3813. 3813. 3064. 3064. 3064. 3064.   28.   28.   28.   28.   28.
   28.   28. 
   28.   28.   28.   28.   28.   28.   28.   28.   28.   28.   28.   28.
 3064. 3064. 3813. 3813. 3813. 3813.   28.   28.   28.   28.   28.   28.
   28.   28. 
   28. 3064. 3813. 3813. 3813. 3064.   28.   28.   28.   28.   28.   28.
   28.   28.   28. 3064. 3064. 3064. 3064. 3064. 3064. 3064. 3064. 3064.
 3813. 3813. 
 3813. 3064. 3064. 3813. 3064. 3064.   28.   28.   28.   28.   28.   28.
   28.   28.   28.   28.   28.   28.   28.   28.   28.   28.   28.   28.
   28. 3064. 
 3064. 3064. 3064. 3064.   28.   28.   28.   28.   28.   28.   28.   28.
 3064. 3813. 3813. 3813. 3813. 3064.   28.   28.   28.   28.   28.   28.
   28.   28. 
   28. 3064. 3064. 3064. 3064. 3064. 3813. 3813. 3064. 3064. 3813. 3813.
 3813. 3064. 3813. 3813. 3064. 3064.   28.   28.   28.   28.   28.   28.
   28.   28. 
   28.   28.   28.   28.   28.   28.   28.   28.   28.   28.   28.   28.
   28.   28. 3064. 3064. 3064.   28.   28.   28.   28.   28.   28.   28.
 3064. 3813. 
 3813. 3813. 3813. 3064.   28.   28.   28.   28.   28.   28.   28.   28.
   28.   28. 3064. 3064. 3064. 3064. 3813. 3064. 3064. 3813. 3813. 3813.
 3813. 3064. 
 3813. 3813. 3813. 3064. 3064.   28.   28.   28.   28.   28.   28.   28.
   28.   28.   28.   28.   28.   28.   28.   28.   28.   28.   28.   28.
   28.   28. 
   28.   28. 3064. 3064.   28.   28.   28.   28.   28.   28. 3064. 3813.
 3813. 3813. 3813. 3064.   28.   28.   28.   28.   28.   28.   28.   28.
   28.   28. 
   28. 3064. 3064. 3064. 3064. 3064. 3064. 3813. 3813. 3813. 3813. 3064.
 3813. 3813. 3813. 3064. 3064.   28.   28.   28.   28.   28.   28.   28.
   28.   28. 
   28.   28.   28.   28.   28.   28.   28.   28.   28.   28.   28.   28.
   28.   28. 3813. 3064. 3064.   28.   28.   28.   28.   28. 3064. 3813.
 3813. 3813. 
 3813. 3064.   28.   28.   28.   28.   28.   28.   28.   28.   28.   28.
   28.   28.   28.   28.   28.   28. 3064. 3813. 3813. 3813. 3064. 3064.
 3813. 3813. 
 3813. 3064. 3064.   28.   28.   28.   28.   28.   28.   28.   28.   28.
   28.   28.   28.   28.   28.   28.   28.   28.   28.   28.   28.   28.
   28.   28. 
 3813. 3064. 3064.   28.   28.   28.   28.   28. 3064. 3064. 3813. 3813.
 3813. 3064. 3064.   28.   28.   28.   28.   28.   28.   28.   28.   28.
   28.   28. 
   28.   28.   28.   28. 3064. 3813. 3813. 3813. 3064. 3064. 3813. 3813.
 3813. 3064. 3064.   28.   28.   28.   28.   28.   28.   28.   28.   28.
   28.   28. 
   28.   28.   28.   28.   28.   28.   28.   28.   28.   28.   28. 3064.
 3813. 3813. 3064. 3064.   28.   28.   28.   28. 3064. 3064. 3813. 3813.
 3813. 3813. 
 3064.   28.   28.   28.   28.   28.   28.   28.   28.   28.   28.   28.
   28.   28.   28.   28. 3064. 3813. 3813. 3813. 3064. 3064. 3064. 3064.
 3064. 3064. 
 3064.   28.   28.   28.   28.   28.   28.   28.   28.   28.   28.   28.
   28.   28.   28.   28.   28.   28.   28.   28.   28.   28.   28. 3064.
 3813. 3813. 
 3064. 3064.   28.   28.   28.   28.   28. 3064. 3813. 3813. 3813. 3813.
 3064. 3064. 3064. 3064.   28.   28.   28.   28.   28.   28.   28.   28.
   28.   28. 
   28.   28. 3064. 3813. 3813. 3813. 3813. 3813. 3064. 3064. 3064. 3064.
 3064.   28.   28.   28.   28.   28.   28.   28.   28.   28.   28.   28.
   28.   28. 
   28.   28.   28.   28.   28.   28.   28.   28.   28. 3064. 3813. 3813.
 3064.   28.   28.   28.   28.   28.   28. 3064. 3813. 3813. 3813. 3813.
 3813. 3813. 
 3813. 3813. 3064. 3064. 3064.   28.   28.   28.   28.   28.   28.   28.
   28.   28. 3064. 3064. 3813. 3813. 3813. 3813. 3813. 3813. 3813. 3813.
 3064. 3064. 
   28.   28.   28.   28.   28.   28.   28.   28.   28.   28.   28.   28.
   28.   28.   28.   28.   28.   28.   28.   28.   28. 3064. 3813. 3064.
 3064.   28. 
   28.   28.   28.   28.   28. 3064. 3064. 3813. 3813. 3813. 3813. 3813.
 3813. 3813. 3813. 3813. 3064. 3064. 3064.   28.   28.   28.   28.   28.
   28.   28. 
   28. 3064. 3064. 3813. 3813. 3813. 3813. 3813. 3813. 3813. 3813. 3064.
 3064. 3064. 3064. 3064. 3064.   28.   28.   28.   28.   28.   28.   28.
   28.   28. 
   28.   28.   28.   28.   28.   28.   28. 3064. 3064. 3064. 3064.   28.
   28.   28.   28.   28.   28.   28. 3064. 3064. 3813. 3813. 3813. 3813.
 3813. 3813. 
 3813. 3813. 3813. 3813. 3064.   28.   28.   28.   28.   28.   28.   28.
   28.   28. 3064. 3064. 3064. 3813. 3813. 3813. 3813. 3813. 3813. 3813.
 3064. 3064. 
 3064. 3064. 3064. 3064. 3064. 3064.   28.   28.   28.   28.   28.   28.
   28.   28.   28.   28.   28.   28.   28. 3064. 3064. 3064.   28.   28.
   28.   28. 
   28.   28.   28.   28.   28. 3064. 3064. 3064. 3064. 3813. 3813. 3813.
 3813. 3813. 3813. 3813. 3813. 3064.   28.   28.   28.   28.   28.   28.
   28.   28. 
   28. 3064. 3064. 3064. 3064. 3064. 3064. 3813. 3813. 3813. 3064. 3064.
 3813. 3813. 3813. 3813. 3064. 3064. 3064.   28.   28.   28.   28.   28.
   28.   28. 
   28.   28.   28.   28.   28. 3064. 3064.   28.   28.   28.   28.   28.
   28.   28.   28.   28.   28.   28.   28. 3064. 3064. 3064. 3064. 3064.
 3064. 3064. 
 3813. 3813. 3813. 3064.   28.   28.   28.   28.   28.   28.   28.   28.
   28. 3064. 3064. 3813. 3813. 3064. 3064. 3813. 3813. 3813. 3064. 3064.
 3813. 3813. 
 3813. 3813. 3813. 3813. 3064.   28.   28.   28.   28.   28.   28.   28.
   28.   28.   28.   28.   28.   28.   28.   28.   28.   28.   28.   28.
   28.   28. 
   28.   28.   28.   28.   28.   28.   28.   28.   28.   28.   28. 3064.
 3813. 3813. 3813. 3064.   28.   28.   28.   28.   28.   28.   28.   28.
   28. 3064. 
 3064. 3813. 3064. 3064. 3813. 3813. 3813. 3813. 3064. 3813. 3813. 3813.
 3813. 3813. 3813. 3813. 3064. 3064.   28.   28.   28.   28.   28.   28.
   28.   28. 
   28.   28.   28.   28.   28.   28.   28.   28.   28.   28.   28.   28.
   28.   28.   28.   28.   28.   28.   28.   28.   28.   28.   28. 3064.
 3813. 3813. 
 3813. 3064.   28.   28.   28.   28.   28.   28.   28.   28.   28.   28.
 3064. 3064. 3064. 3813. 3813. 3813. 3813. 3064. 3064. 3064. 3064. 3064.
 3064. 3813. 
 3813. 3813. 3064. 3064.   28.   28.   28.   28.   28.   28.   28.   28.
   28.   28.   28.   28. 3064. 3064.   28.   28.   28.   28.   28.   28.
   28.   28. 
   28.   28.   28.   28.   28.   28.   28.   28. 3064. 3813. 3813. 3813.
 3064.   28.   28.   28.   28.   28.   28.   28.   28.   28.   28.   28.
   28. 3064. 
 3064. 3813. 3813. 3813. 3064. 3064. 3064. 3064. 3064. 3064. 3064. 3813.
 3813. 3813. 3064. 3064.   28.   28.   28.   28.   28.   28.   28.   28.
   28.   28. 
   28.   28. 3064. 3064. 3064. 3064.   28.   28.   28.   28.   28.   28.
   28.   28.   28.   28.   28.   28.   28.   28. 3064. 3813. 3813. 3813.
 3064.   28. 
   28.   28.   28.   28.   28.   28.   28.   28.   28.   28. 3064. 3064.
 3813. 3813. 3813. 3064. 3064.   28.   28.   28.   28. 3064. 3064. 3813.
 3813. 3813. 
 3064. 3064.   28.   28.   28.   28.   28.   28.   28.   28.   28.   28.
   28.   28. 3813. 3064. 3064. 3064. 3064.   28.   28.   28.   28.   28.
   28.   28. 
   28.   28.   28.   28.   28. 3064. 3064. 3813. 3813. 3064.   28.   28.
   28.   28.   28.   28.   28.   28.   28.   28.   28.   28. 3064. 3064.
 3813. 3813. 
 3813. 3064.   28.   28.   28.   28.   28. 3064. 3064. 3813. 3813. 3813.
 3064. 3064.   28.   28.   28.   28.   28.   28.   28.   28.   28.   28.
   28.   28. 
 3813. 3813. 3813. 3064. 3064. 3064.   28.   28.   28.   28.   28.   28.
   28.   28.   28.   28.   28. 3064. 3813. 3813. 3813. 3064.   28.   28.
   28.   28. 
   28.   28.   28.   28.   28.   28.   28.   28. 3064. 3813. 3813. 3813.
 3064. 3064.   28.   28.   28.   28.   28. 3064. 3813. 3813. 3813. 3813.
 3064. 3064. 
   28.   28.   28.   28.   28.   28.   28.   28.   28.   28.   28.   28.
 3813. 3813. 3813. 3813. 3064. 3064.   28.   28.   28.   28.   28.   28.
   28.   28. 
   28.   28.   28. 3064. 3813. 3813. 3813. 3064. 3064. 3064. 3064. 3064.
   28.   28.   28.   28.   28.   28.   28.   28. 3064. 3813. 3813. 3813.
 3064. 3064. 
   28.   28.   28.   28. 3064. 3064. 3813. 3813. 3813. 3813. 3064. 3064.
   28.   28.   28.   28.   28.   28.   28.   28.   28.   28.   28.   28.
 3813. 3813. 
 3813. 3813. 3813. 3064. 3064.   28.   28.   28.   28.   28.   28.   28.
   28.   28.   28. 3064. 3813. 3813. 3813. 3813. 3813. 3813. 3813. 3064.
 3064. 3064. 
   28.   28.   28.   28.   28.   28. 3064. 3813. 3813. 3813. 3813. 3064.
 3064.   28.   28.   28.   28. 3064. 3813. 3813. 3813. 3813. 3064.   28.
 3064. 3064. 
 3064. 3064. 3064. 3064.   28.   28.   28.   28.   28.   28. 3064. 3813.
 3813. 3813. 3813. 3064. 3064.   28.   28.   28.   28.   28.   28.   28.
   28.   28. 
   28.   28. 3064. 3813. 3813. 3813. 3813. 3813. 3813. 3813. 3813. 3064.
 3064.   28.   28.   28.   28.   28. 3064. 3064. 3813. 3813. 3813. 3813.
 3064. 3064. 
 3064.   28.   28. 3064. 3064. 3813. 3813. 3813. 3064. 3064. 3064. 3064.
 3064. 3064. 3064. 3064. 3064.   28.   28.   28.   28.   28. 3064. 3813.
 3813. 3813. 
 3813. 3064. 3064.   28.   28.   28.   28.   28.   28.   28.   28.   28.
   28.   28. 3064. 3064. 3064. 3813. 3813. 3813. 3813. 3813. 3813. 3813.
 3064.   28. 
   28.   28.   28.   28.   28. 3064. 3064. 3813. 3813. 3813. 3813. 3813.
 3064. 3064. 3064. 3064. 3064. 3813. 3813. 3813. 3064. 3064. 3813. 3813.
 3813. 3813. 
 3813. 3064. 3064. 3064.   28.   28.   28.   28. 3064. 3813. 3813. 3813.
 3064. 3064.   28.   28.   28.   28.   28.   28.   28.   28.   28.   28.
   28.   28. 
   28.   28. 3064. 3064. 3064. 3064. 3813. 3813. 3813. 3813. 3813. 3064.
   28.   28.   28.   28.   28.   28. 3064. 3064. 3813. 3813. 3813. 3813.
 3813. 3064. 
 3064. 3064. 3064. 3813. 3813. 3813. 3813. 3813. 3813. 3813. 3813. 3813.
 3813. 3813. 3813. 3064. 3064.   28.   28.   28. 3064. 3813. 3813. 3813.
 3064. 3064. 
   28.   28.   28.   28.   28.   28.   28.   28.   28.   28.   28.   28.
   28.   28.   28.   28.   28. 3064. 3064. 3813. 3813. 3813. 3813. 3064.
   28.   28. 
   28.   28.   28.   28.   28. 3064. 3064. 3064. 3813. 3813. 3813. 3813.
 3813. 3064. 3064. 3813. 3813. 3813. 3813. 3813. 3813. 3813. 3813. 3813.
 3813. 3813. 
 3813. 3064. 3064.   28.   28.   28. 3813. 3813. 3813. 3064. 3064.   28.
   28.   28.   28.   28.   28.   28.   28.   28.   28.   28.   28.   28.
   28.   28. 
   28.   28.   28.   28. 3064. 3064. 3813. 3813. 3813. 3813. 3064.   28.
   28.   28.   28.   28.   28.   28.   28. 3064. 3064. 3813. 3813. 3813.
 3813. 3813. 
 3064. 3064. 3813. 3813. 3813. 3813. 3813. 3813. 3813. 3813. 3813. 3813.
 3813. 3813. 3064. 3064.   28.   28. 3813. 3813. 3813. 3064. 3064.   28.
   28.   28. 
   28.   28.   28.   28.   28.   28.   28.   28.   28.   28.   28.   28.
   28.   28.   28.   28.   28. 3064. 3813. 3813. 3813. 3813. 3064.   28.
   28.   28. 
   28.   28.   28.   28.   28.   28. 3064. 3064. 3813. 3813. 3813. 3813.
 3064. 3064. 3064. 3064. 3064. 3064. 3064. 3064. 3064. 3064. 3813. 3813.
 3813. 3813. 
 3064. 3064.   28.   28. 3813. 3813. 3813. 3064. 3064.   28.   28.   28.
   28.   28.   28.   28.   28.   28.   28.   28.   28.   28.   28.   28.
   28.   28. 
   28.   28.   28. 3064. 3813. 3813. 3813. 3813. 3064.   28.   28.   28.
   28.   28.   28.   28.   28.   28.   28. 3064. 3064. 3813. 3813. 3813.
 3064.   28. 
 3064. 3064. 3064. 3064. 3064. 3064. 3064. 3813. 3813. 3813. 3813. 3813.
 3064. 3064.   28.   28. 3813. 3813. 3813. 3064. 3064.   28.   28.   28.
   28.   28. 
   28.   28.   28.   28.   28.   28.   28.   28.   28.   28.   28.   28.
   28.   28.   28. 3064. 3813. 3813. 3813. 3813. 3064.   28.   28.   28.
   28.   28. 
   28.   28.   28.   28.   28. 3064. 3064. 3813. 3813. 3813. 3064.   28.
   28.   28.   28.   28. 3064. 3064. 3064. 3813. 3813. 3813. 3813. 3064.
 3064.   28. 
   28.   28. 3813. 3813. 3064. 3064. 3064. 3064. 3064. 3064. 3064. 3064.
 3064.   28.   28.   28.   28.   28.   28.   28.   28.   28.   28.   28.
   28.   28. 
   28. 3064. 3813. 3813. 3813. 3813. 3064.   28.   28.   28.   28.   28.
   28.   28.   28.   28.   28. 3064. 3064. 3813. 3813. 3813. 3064.   28.
   28.   28. 
   28.   28. 3064. 3064. 3813. 3813. 3813. 3813. 3064. 3064.   28.   28.
   28.   28. 3813. 3813. 3064. 3064. 3064. 3064. 3064. 3064. 3064. 3064.
 3064. 3064. 
   28.   28.   28.   28.   28.   28.   28.   28.   28.   28.   28.   28.
 3064. 3813. 3813. 3813. 3813. 3064.   28.   28.   28.   28.   28.   28.
   28.   28. 
   28.   28. 3064. 3064. 3813. 3813. 3813. 3064. 3064.   28.   28.   28.
   28. 3064. 3064. 3813. 3813. 3813. 3813. 3064. 3064.   28.   28.   28.
   28.   28. 
 3813. 3064. 3064. 3064. 3813. 3813. 3813. 3813. 3813. 3813. 3064. 3064.
 3064.   28.   28.   28.   28.   28.   28.   28.   28.   28.   28.   28.
 3064. 3813. 
 3813. 3813. 3813. 3064.   28.   28.   28.   28.   28.   28.   28.   28.
   28. 3064. 3064. 3813. 3813. 3813. 3813. 3064. 3064.   28.   28.   28.
   28. 3064. 
 3064. 3813. 3813. 3813. 3813. 3064. 3064.   28.   28.   28.   28.   28.
 3813. 3813. 3813. 3813. 3813. 3813. 3813. 3813. 3813. 3813. 3813. 3064.
 3064.   28. 
   28.   28.   28.   28.   28.   28.   28.   28.   28. 3064. 3064. 3813.
 3813. 3813. 3064. 3064.   28.   28.   28.   28.   28.   28.   28.   28.
 3064. 3064. 
 3813. 3813. 3813. 3813. 3813. 3064.   28.   28.   28.   28.   28. 3064.
 3064. 3813. 3813. 3813. 3064. 3064.   28.   28.   28.   28.   28.   28.
 3813. 3813. 
 3813. 3813. 3813. 3813. 3813. 3813. 3813. 3813. 3813. 3064. 3064.   28.
   28.   28.   28.   28.   28.   28.   28.   28.   28. 3064. 3813. 3813.
 3813. 3813. 
 3064.   28.   28.   28.   28.   28.   28.   28.   28.   28. 3064. 3064.
 3813. 3813. 3813. 3813. 3064. 3064.   28.   28.   28.   28.   28. 3064.
 3064. 3813. 
 3813. 3813. 3064. 3064.   28.   28.   28.   28.   28.   28. 3064. 3813.
 3813. 3813. 3813. 3813. 3064. 3064. 3813. 3813. 3813. 3064. 3064. 3064.
   28.   28. 
   28.   28.   28.   28.   28.   28.   28. 3064. 3813. 3813. 3813. 3813.
 3064.   28.   28.   28.   28.   28.   28.   28.   28. 3064. 3064. 3813.
 3813. 3813. 
 3813. 3064. 3064.   28.   28.   28.   28.   28.   28. 3064. 3813. 3813.
 3813. 3064. 3064.   28.   28.   28.   28.   28.   28.   28. 3064. 3064.
 3064. 3064. 
 3064. 3064. 3064. 3064. 3813. 3813. 3813. 3064. 3064. 3064.   28.   28.
   28.   28.   28.   28.   28.   28.   28. 3064. 3813. 3813. 3813. 3813.
 3064. 3064. 
   28. 3064. 3064. 3064. 3064. 3064.   28. 3064. 3064. 3813. 3813. 3813.
 3064. 3064.   28.   28.   28.   28.   28.   28. 3064. 3064. 3813. 3813.
 3813. 3064. 
 3064. 3064.   28.   28.   28.   28.   28.   28.   28. 3064. 3064. 3064.
 3064. 3064. 3064. 3064. 3813. 3813. 3813. 3064. 3064. 3064.   28.   28.
   28.   28. 
   28.   28.   28.   28.   28. 3064. 3064. 3813. 3813. 3813. 3813. 3064.
 3064. 3064. 3813. 3813. 3813. 3813. 3064. 3064. 3813. 3813. 3813. 3813.
 3064. 3064. 
   28.   28.   28.   28.   28.   28. 3064. 3064. 3813. 3813. 3813. 3813.
 3064. 3064. 3064. 3064.   28.   28.   28.   28.   28.   28.   28.   28.
   28.   28. 
 3064. 3064. 3813. 3813. 3813. 3813. 3064. 3064.   28.   28.   28.   28.
   28.   28.   28.   28.   28.   28. 3064. 3813. 3813. 3813. 3813. 3813.
 3813. 3813. 
 3813. 3813. 3813. 3813. 3813. 3064. 3064. 3813. 3813. 3813. 3064. 3064.
 3064. 3064. 3064. 3064.   28.   28. 3064. 3064. 3813. 3813. 3813. 3813.
 3813. 3813. 
 3064. 3064. 3064.   28.   28.   28.   28.   28.   28.   28.   28.   28.
 3064. 3064. 3813. 3813. 3813. 3813. 3064. 3064.   28.   28.   28.   28.
   28.   28. 
   28.   28.   28.   28. 3064. 3064. 3064. 3813. 3813. 3813. 3813. 3813.
 3813. 3813. 3813. 3813. 3813. 3813. 3064. 3813. 3813. 3813. 3813. 3813.
 3813. 3813. 
 3813. 3064. 3064. 3064.   28. 3064. 3064. 3813. 3813. 3813. 3813. 3813.
 3813. 3813. 3064. 3064.   28.   28.   28.   28.   28.   28.   28.   28.
 3064. 3064. 
 3813. 3813. 3813. 3813. 3064. 3064. 3064. 3064. 3064. 3064.   28.   28.
   28.   28.   28.   28.   28.   28. 3064. 3064. 3064. 3813. 3813. 3813.
 3813. 3064. 
 3813. 3813. 3813. 3813. 3064. 3064. 3813. 3813. 3813. 3813. 3813. 3813.
 3813. 3813. 3064. 3064.   28. 3064. 3064. 3064. 3813. 3813. 3813. 3813.
 3813. 3813. 
 3813. 3064. 3064.   28.   28.   28.   28.   28.   28.   28. 3064. 3064.
 3813. 3813. 3813. 3813. 3064. 3064. 3064. 3064. 3064. 3064. 3064. 3064.
 3064.   28. 
   28.   28.   28.   28.   28.   28. 3064. 3064. 3064. 3064. 3064. 3064.
 3064. 3813. 3813. 3813. 3064. 3064. 3064. 3064. 3064. 3813. 3813. 3813.
 3813. 3813. 
 3813. 3064. 3064.   28. 3064. 3064. 3064. 3064. 3064. 3813. 3813. 3813.
 3813. 3813. 3064. 3064.   28.   28.   28.   28.   28.   28. 3064. 3064.
 3064. 3813. 
 3813. 3813. 3813. 3813. 3813. 3813. 3813. 3813. 3064. 3064. 3064. 3064.
   28.   28.   28.   28.   28.   28.   28.   28.   28.   28.   28.   28.
 3064. 3813. 
 3813. 3813. 3064. 3064. 3064. 3064. 3064. 3064. 3064. 3064. 3813. 3813.
 3813. 3813. 3064.   28.   28.   28. 3064. 3064. 3064. 3064. 3813. 3813.
 3813. 3813. 
 3813. 3064.   28.   28.   28.   28.   28.   28.   28. 3064. 3064. 3813.
 3813. 3813. 3813. 3813. 3813. 3813. 3813. 3813. 3813. 3813. 3064. 3064.
 3064.   28. 
   28.   28.   28.   28.   28.   28.   28.   28.   28.   28. 3064. 3813.
 3813. 3813. 3813. 3064.   28.   28.   28.   28. 3064. 3064. 3813. 3813.
 3813. 3813. 
 3064.   28.   28.   28.   28.   28.   28. 3064. 3064. 3813. 3813. 3813.
 3813. 3064. 
/