PERMI
   24.   24.   24.   24.   24.   24.   24.   24.   24.   24.   24.   24.
   24. 1028. 1628. 1628. 1628. 1628. 1628. 1628. 1628. 1628. 1628. 1628.
 1028. 1028. 
   24.   24.   24.   24.   24.   24.   24.   24.   24.   24.   24.   24.
   24. 1028. 1028. 1628. 1628. 1628. 1628. 1628. 1628. 1628. 1028. 1028.
   24.   24. 
   24.   24.   24.   24.   24.   24.   24.   24. 1028. 1028. 1028. 1628.
   24.   24.   24.   24.   24.   24.   24.   24.   24.   24.   24.   24.
 1028. 1028. 
 1628. 1628. 1628. 1628. 1628. 1628. 1628. 1628. 1628. 1628. 1028.   24.
   24.   24.   24.   24.   24.   24.   24.   24. 1028. 1028. 1028. 1028.
 1028. 1028. 
 1628. 1628. 1628. 1628. 1628. 1028. 1028. 1028. 1028.   24.   24.   24.
   24.   24.   24.   24.   24.   24. 1028. 1028. 1628. 1028. 1028. 1628.
   24.   24. 
   24.   24.   24.   24.   24.   24.   24.   24.   24.   24. 1028. 1628.
 1628. 1628. 1628. 1028. 1028. 1028. 1028. 1028. 1028. 1028. 1028.   24.
   24.   24. 
   24.   24.   24.   24.   24. 1028. 1028. 1028. 1028. 1028. 1028. 1628.
 1628. 1628. 1028. 1028. 1028. 1028. 1028.   24.   24.   24.   24.   24.
   24.   24. 
   24.   24.   24.   24. 1028. 1628. 1628. 1628. 1028. 1628.   24.   24.
   24.   24.   24.   24.   24.   24.   24.   24.   24.   24. 1028. 1628.
 1628. 1628. 
 1028. 1028. 1028. 1028. 1028. 1028. 1028.   24.   24.   24.   24.   24.
   24.   24.   24.   24. 1028. 1028. 1628. 1628. 1628. 1628. 1028. 1628.
 1628. 1628. 
 1028. 1028. 1628. 1028. 1028.   24.   24.   24.   24.   24.   24.   24.
   24.   24.   24.   24. 1028. 1028. 1028. 1028. 1028. 1028.   24.   24.
   24.   24. 
   24.   24.   24.   24.   24.   24.   24.   24. 1028. 1028. 1628. 1628.
 1628. 1028.   24.   24.   24.   24.   24.   24.   24.   24.   24.   24.
   24.   24. 
   24.   24. 1028. 1628. 1628. 1628. 1628. 1628. 1028. 1628. 1628. 1628.
 1028. 1628. 1628. 1028.   24.   24.   24.   24.   24.   24.   24.   24.
   24.   24. 
 1028. 1028. 1028. 1628. 1028. 1028. 1028. 1028.   24.   24.   24.   24.
   24.   24.   24.   24.   24.   24.   24.   24. 1028. 1028. 1628. 1628.
 1628. 1028. 
   24.   24.   24.   24.   24.   24.   24.   24.   24.   24.   24.   24.
   24. 1028. 1028. 1028. 1628. 1628. 1028. 1028. 1028. 1028. 1628. 1628.
 1028. 1028. 
 1028. 1028.   24.   24.   24.   24.   24.   24.   24.   24.   24. 1028.
 1028. 1628. 1628. 1628. 1628. 1628. 1628. 1628.   24.   24.   24.   24.
   24.   24. 
   24.   24.   24.   24.   24.   24.   24. 1028. 1628. 1628. 1628. 1028.
 1028.   24.   24.   24.   24.   24.   24.   24.   24.   24.   24. 1028.
 1028. 1628. 
 1628. 1628. 1028. 1028. 1028. 1028. 1028. 1028. 1628. 1628. 1628. 1028.
   24.   24.   24.   24.   24.   24.   24.   24.   24.   24.   24. 1028.
 1028. 1628. 
 1628. 1628. 1628. 1628. 1628. 1628.   24.   24.   24.   24.   24.   24.
   24.   24.   24.   24.   24.   24. 1028. 1028. 1628. 1628. 1628. 1028.
 1028.   24. 
   24.   24.   24.   24.   24. 1028. 1028. 1028. 1028. 1028. 1628. 1628.
 1628. 1628. 1628. 1628. 1028. 1028. 1028. 1028. 1628. 1628. 1628. 1028.
   24.   24. 
   24.   24.   24.   24.   24.   24.   24.   24.   24. 1028. 1628. 1628.
 1628. 1028. 1028. 1628. 1628. 1628.   24.   24.   24.   24.   24.   24.
   24.   24. 
   24. 1028. 1028. 1028. 1028. 1628. 1628. 1628. 1628. 1028.   24.   24.
   24.   24.   24. 1028. 1028. 1028. 1028. 1628. 1028. 1628. 1628. 1628.
 1028. 1628. 
 1628. 1628. 1628. 1628. 1028. 1028. 1628. 1628. 1628. 1028.   24.   24.
   24.   24.   24.   24.   24.   24.   24.   24.   24. 1028. 1028. 1628.
 1628. 1028. 
 1028. 1028. 1028. 1028.   24.   24.   24.   24.   24.   24. 1028. 1028.
 1028. 1028. 1028. 1628. 1628. 1628. 1628. 1628. 1028. 1028.   24.   24.
   24.   24. 
   24. 1028. 1628. 1628. 1628. 1028. 1028. 1628. 1628. 1628. 1028. 1028.
 1628. 1628. 1628. 1628. 1628. 1628. 1628. 1628. 1028. 1028.   24.   24.
   24.   24. 
   24.   24.   24.   24.   24.   24.   24. 1028. 1028. 1628. 1628. 1028.
 1028. 1628. 1628. 1628.   24.   24.   24.   24.   24. 1028. 1028. 1628.
 1628. 1628. 
 1628. 1628. 1628. 1628. 1628. 1628. 1028. 1028.   24.   24.   24.   24.
 1028. 1028. 1628. 1628. 1628. 1028. 1028. 1628. 1628. 1028. 1028. 1628.
 1028. 1028. 
 1028. 1628. 1628. 1628. 1628. 1628. 1028.   24.   24.   24.   24.   24.
   24.   24.   24.   24.   24.   24. 1028. 1028. 1028. 1628. 1628. 1628.
 1028. 1628. 
 1628. 1628.   24.   24.   24.   24. 1028. 1028. 1628. 1628. 1628. 1628.
 1628. 1628. 1628. 1628. 1028. 1028. 1028.   24.   24.   24. 1028. 1028.
 1028. 1028. 
 1028. 1028. 1628. 1028. 1028. 1628. 1628. 1028. 1028. 1628. 1628. 1028.
 1028. 1028. 1028. 1028. 1028. 1028. 1028.   24.   24.   24.   24.   24.
   24.   24. 
   24.   24. 1028. 1028. 1028. 1028. 1028. 1628. 1628. 1628. 1028. 1628.
 1628. 1028.   24.   24.   24.   24. 1028. 1628. 1628. 1628. 1628. 1628.
 1028. 1028. 
 1028. 1028. 1028. 1028.   24.   24.   24. 1028. 1028. 1628. 1628. 1628.
 1628. 1028. 1028. 1028. 1028. 1628. 1628. 1028. 1028. 1628. 1628. 1028.
   24.   24. 
   24. 1028.   24.   24.   24.   24.   24.   24.   24.   24.   24.   24.
 1028. 1028. 1028. 1028. 1628. 1628. 1628. 1628. 1628. 1628. 1028. 1028.
 1028. 1028. 
   24.   24.   24.   24. 1028. 1628. 1628. 1628. 1028. 1028. 1028. 1028.
 1028. 1028.   24.   24.   24.   24. 1028. 1028. 1028. 1628. 1628. 1628.
 1628. 1628. 
 1628. 1028. 1028. 1628. 1628. 1028. 1628. 1628. 1028. 1028.   24.   24.
   24.   24.   24.   24.   24.   24.   24. 1028. 1028. 1028.   24. 1028.
 1028. 1028. 
 1628. 1628. 1628. 1628. 1628. 1628. 1628. 1628. 1028. 1028.   24.   24.
   24.   24.   24.   24. 1028. 1028. 1628. 1628. 1028. 1028.   24.   24.
   24.   24. 
   24.   24.   24.   24. 1028. 1028. 1028. 1628. 1628. 1628. 1628. 1628.
 1628. 1628. 1628. 1628. 1628. 1028. 1028. 1028.   24.   24.   24.   24.
   24.   24. 
   24.   24.   24.   24. 1028. 1028. 1028. 1028. 1028. 1028. 1028. 1628.
 1628. 1628. 1628. 1628. 1628. 1628. 1628. 1028. 1028. 1028.   24.   24.
   24.   24. 
   24.   24. 1028. 1028. 1628. 1628. 1628. 1028.   24.   24.   24.   24.
   24.   24.   24.   24. 1028. 1028. 1028. 1628. 1628. 1028. 1028. 1628.
 1628. 1628. 
 1628. 1628. 1028. 1028.   24.   24.   24.   24.   24.   24.   24.   24.
   24.   24.   24. 1028. 1028. 1628. 1628. 1628. 1628. 1028. 1628. 1628.
 1628. 1628. 
 1028. 1028. 1028. 1028. 1028. 1028. 1628. 1028.   24.   24.   24.   24.
   24.   24.   24. 1028. 1628. 1628. 1628. 1028. 1028.   24.   24.   24.
   24.   24. 
   24.   24. 1028. 1028. 1028. 1628. 1628. 1628. 1028. 1028. 1028. 1028.
 1028. 1028. 1028.   24.   24.   24.   24.   24.   24.   24.   24.   24.
   24.   24. 
 1028. 1028. 1628. 1628. 1628. 1628. 1628. 1028. 1628. 1628. 1628. 1028.
 1028. 1028. 1028. 1028. 1028. 1628. 1628. 1028.   24.   24.   24.   24.
   24.   24. 
   24. 1028. 1028. 1628. 1628. 1028. 1028.   24.   24.   24.   24.   24.
   24.   24. 1028. 1628. 1028. 1628. 1628. 1628. 1028. 1628. 1028. 1028.
 1028. 1028. 
   24.   24.   24.   24.   24.   24.   24.   24.   24.   24.   24.   24.
 1028. 1028. 1628. 1628. 1028. 1028. 1628. 1028. 1628. 1628. 1628. 1028.
 1028. 1628. 
 1628. 1628. 1628. 1628. 1028.   24.   24.   24.   24. 1028. 1028.   24.
 1028. 1028. 1028. 1628. 1628. 1028. 1028.   24.   24. 1028. 1028. 1028.
 1028. 1028. 
 1028. 1028. 1028. 1628. 1628. 1628. 1028. 1028. 1628. 1028. 1028. 1028.
   24.   24.   24.   24.   24.   24.   24.   24.   24.   24.   24.   24.
 1028. 1028. 
 1628. 1628. 1028. 1028. 1028. 1028. 1628. 1628. 1628. 1628. 1028. 1028.
 1628. 1628. 1028. 1028.   24.   24.   24.   24. 1028. 1028. 1028. 1028.
 1028. 1628. 
 1628. 1628. 1628. 1028. 1028.   24. 1028. 1028. 1628. 1028. 1028. 1028.
 1028. 1028. 1028. 1028. 1628. 1628. 1628. 1028. 1028. 1028. 1028.   24.
   24.   24. 
   24.   24.   24.   24.   24.   24.   24.   24.   24.   24. 1028. 1028.
 1628. 1628. 1028. 1028. 1028. 1028. 1028. 1628. 1628. 1628. 1028. 1028.
 1028. 1028. 
   24.   24.   24.   24.   24.   24. 1628. 1628. 1628. 1628. 1628. 1628.
 1628. 1628. 1028. 1028.   24. 1028. 1028. 1028. 1028. 1628. 1028. 1628.
 1628. 1028. 
 1628. 1628. 1628. 1628. 1628. 1028.   24.   24.   24.   24.   24.   24.
   24.   24.   24.   24.   24.   24.   24.   24.   24.   24. 1028. 1028.
 1628. 1628. 
 1028. 1028. 1028. 1028. 1028. 1628. 1628. 1628. 1028. 1028. 1028.   24.
   24.   24.   24.   24.   24.   24. 1628. 1628. 1628. 1628. 1628. 1628.
 1628. 1028. 
 1028.   24.   24. 1028. 1028. 1628. 1628. 1628. 1628. 1628. 1628. 1628.
 1628. 1628. 1628. 1628. 1028. 1028.   24.   24.   24.   24.   24.   24.
   24.   24. 
   24.   24.   24.   24.   24.   24.   24.   24. 1028. 1028. 1628. 1028.
 1028. 1028. 1028. 1028. 1028. 1028. 1628. 1628. 1628. 1028.   24.   24.
   24.   24. 
   24.   24.   24.   24. 1628. 1628. 1628. 1628. 1628. 1028. 1028. 1028.
   24.   24.   24. 1028. 1628. 1628. 1628. 1628. 1628. 1628. 1628. 1628.
 1628. 1628. 
 1628. 1028. 1028.   24.   24.   24.   24.   24.   24.   24.   24.   24.
   24.   24.   24.   24.   24.   24.   24.   24.   24. 1028. 1028. 1028.
 1028. 1628. 
 1628. 1628. 1628. 1628. 1628. 1628. 1028. 1028.   24.   24.   24.   24.
   24.   24.   24.   24. 1628. 1028. 1028. 1028. 1028. 1028.   24.   24.
   24.   24. 
 1028. 1028. 1628. 1628. 1628. 1028. 1028. 1028. 1028. 1028. 1028. 1028.
 1028. 1028.   24.   24.   24.   24.   24.   24.   24.   24.   24.   24.
   24.   24. 
   24.   24. 1028. 1028. 1028. 1028. 1028. 1028. 1028. 1628. 1628. 1628.
 1628. 1628. 1628. 1628. 1628. 1628. 1028. 1028.   24.   24.   24.   24.
   24.   24. 
   24.   24. 1628. 1028. 1028.   24.   24.   24.   24.   24.   24.   24.
 1028. 1028. 1628. 1628. 1028. 1028.   24.   24.   24.   24. 1028. 1028.
   24.   24. 
   24.   24.   24.   24.   24.   24.   24.   24.   24.   24.   24.   24.
 1028. 1028. 1628. 1628. 1628. 1628. 1028. 1028. 1628. 1628. 1628. 1628.
 1628. 1028. 
 1028. 1028. 1028. 1028. 1028. 1028.   24.   24.   24.   24.   24.   24.
   24.   24. 1628. 1028. 1028.   24. 1028. 1028. 1028.   24.   24.   24.
 1028. 1028. 
 1628. 1628. 1028. 1028.   24.   24.   24.   24.   24.   24.   24.   24.
   24.   24.   24.   24.   24.   24.   24.   24.   24.   24.   24. 1028.
 1028. 1628. 
 1628. 1628. 1628. 1628. 1028. 1028. 1628. 1628. 1628. 1028. 1028. 1028.
 1028. 1028. 1028. 1028. 1028. 1028.   24.   24.   24.   24.   24.   24.
   24.   24. 
 1628. 1028. 1028. 1028. 1028. 1028. 1028. 1028. 1028. 1028. 1028. 1028.
 1628. 1628. 1028. 1028.   24.   24.   24.   24.   24.   24.   24.   24.
   24.   24. 
   24.   24.   24.   24.   24.   24.   24.   24.   24. 1028. 1628. 1628.
 1628. 1628. 1628. 1628. 1028. 1028. 1628. 1628. 1628. 1028. 1628. 1628.
 1628. 1628. 
 1628. 1628. 1028.   24.   24.   24.   24.   24.   24.   24.   24.   24.
 1628. 1028. 1028. 1028. 1028. 1028. 1028. 1028. 1028. 1028. 1028. 1028.
 1628. 1628. 
 1028. 1028.   24.   24.   24.   24.   24.   24.   24.   24.   24.   24.
   24.   24.   24.   24.   24.   24.   24.   24.   24. 1028. 1628. 1628.
 1628. 1628. 
 1028. 1028. 1028. 1028. 1628. 1628. 1028. 1028. 1028. 1028. 1028. 1028.
 1028. 1028.   24.   24.   24.   24.   24.   24.   24.   24.   24.   24.
 1628. 1028. 
 1028. 1628. 1628. 1628. 1628. 1628. 1628. 1628. 1028. 1028. 1628. 1628.
 1028.   24.   24.   24.   24.   24.   24.   24.   24.   24.   24.   24.
   24.   24. 
   24.   24.   24.   24.   24.   24.   24. 1028. 1628. 1628. 1628. 1628.
 1028.   24. 1028. 1028. 1628. 1628. 1028. 1028.   24.   24.   24.   24.
   24.   24. 
   24.   24.   24.   24.   24.   24.   24.   24.   24.   24. 1628. 1028.
 1028. 1628. 1628. 1628. 1628. 1628. 1628. 1628. 1628. 1628. 1628. 1628.
 1028.   24. 
   24.   24.   24.   24.   24.   24.   24.   24.   24.   24.   24.   24.
   24.   24.   24.   24.   24.   24. 1028. 1028. 1028. 1028. 1028. 1628.
 1028.   24. 
 1028. 1028. 1628. 1628. 1028. 1028.   24.   24.   24.   24.   24.   24.
   24.   24.   24.   24.   24.   24.   24.   24.   24.   24. 1028. 1028.
 1028. 1628. 
 1628. 1028. 1028. 1028. 1028. 1628. 1628. 1628. 1628. 1028. 1028.   24.
   24.   24.   24.   24.   24.   24.   24.   24.   24.   24.   24.   24.
   24.   24. 
   24.   24.   24. 1028. 1028. 1628. 1628. 1628. 1028. 1028. 1028. 1028.
 1028. 1028. 1628. 1628. 1028. 1028.   24.   24.   24.   24.   24.   24.
   24.   24. 
   24.   24.   24.   24.   24.   24.   24.   24.   24. 1028. 1628. 1628.
 1628. 1028. 1028.   24. 1028. 1028. 1028. 1028. 1028. 1028.   24.   24.
   24.   24. 
   24.   24.   24.   24.   24.   24.   24.   24.   24.   24.   24.   24.
   24.   24.   24. 1028. 1628. 1628. 1628. 1628. 1628. 1628. 1028. 1028.
 1028. 1028. 
 1628. 1628. 1028. 1028.   24.   24.   24.   24.   24.   24.   24.   24.
   24.   24.   24.   24.   24.   24.   24.   24. 1028. 1028. 1028. 1628.
 1628. 1628. 
 1028.   24.   24.   24. 1028. 1028.   24.   24.   24.   24.   24.   24.
   24.   24.   24.   24.   24.   24.   24.   24.   24.   24.   24.   24.
   24.   24. 
   24. 1028. 1628. 1628. 1628. 1628. 1028. 1028. 1028. 1028. 1628. 1628.
 1628. 1628. 1028. 1028.   24.   24.   24.   24.   24.   24.   24.   24.
   24.   24. 
   24.   24.   24.   24.   24.   24. 1028. 1028. 1028. 1628. 1628. 1628.
 1028. 1028.   24.   24.   24.   24.   24.   24.   24.   24.   24.   24.
   24.   24. 
   24.   24.   24.   24.   24.   24.   24.   24.   24.   24.   24.   24.
 1028. 1028. 1628. 1628. 1028. 1028. 1028. 1028. 1628. 1628. 1628. 1628.
 1628. 1028. 
 1028.   24.   24.   24.   24.   24.   24.   24.   24.   24.   24.   24.
   24.   24.   24.   24.   24.   24. 1628. 1028. 1028. 1028. 1628. 1628.
 1628. 1028. 
   24.   24.   24.   24.   24.   24.   24.   24.   24.   24.   24.   24.
   24.   24.   24.   24.   24.   24.   24.   24.   24.   24. 1028. 1028.
 1628. 1028. 
 1628. 1628. 1628. 1028. 1028. 1628. 1628. 1628. 1628. 1628. 1028. 1028.
   24.   24.   24.   24.   24.   24.   24.   24.   24.   24.   24.   24.
   24.   24. 
   24.   24.   24.   24. 1628. 1628. 1628. 1028. 1628. 1628. 1628. 1028.
   24.   24.   24.   24.   24.   24.   24.   24.   24.   24.   24.   24.
   24.   24. 
   24.   24.   24.   24.   24. 1028. 1028. 1028. 1028. 1028. 1028. 1028.
 1628. 1628. 1028. 1028. 1628. 1628. 1628. 1028. 1028. 1028. 1028.   24.
   24.   24. 
   24.   24.   24.   24.   24.   24.   24.   24.   24.   24.   24.   24.
   24.   24.   24.   24. 1628. 1628. 1628. 1628. 1628. 1628. 1628. 1028.
 1028.   24. 
   24.   24.   24.   24.   24.   24.   24.   24.   24.   24.   24.   24.
   24.   24.   24.   24. 1028. 1628. 1628. 1628. 1628. 1628. 1028. 1028.
 1628. 1628. 
 1028. 1028. 1628. 1628. 1628. 1028. 1028.   24.   24.   24.   24.   24.
   24.   24.   24.   24.   24.   24.   24.   24.   24.   24.   24.   24.
   24.   24. 
   24.   24. 1028. 1628. 1628. 1628. 1628. 1628. 1628. 1028. 1028.   24.
   24.   24.   24.   24.   24.   24.   24.   24.   24.   24.   24.   24.
   24.   24. 
   24.   24. 1028. 1628. 1628. 1628. 1628. 1628. 1628. 1628. 1628. 1628.
 1028. 1028. 1628. 1628. 1628. 1028. 1028. 1028.   24.   24.   24.   24.
   24.   24. 
   24.   24.   24.   24.   24.   24.   24.   24.   24.   24.   24.   24.
   24.   24. 1028. 1028. 1628. 1628. 1628. 1628. 1628. 1028.   24.   24.
   24.   24. 
   24.   24.   24.   24.   24.   24.   24.   24.   24.   24.   24.   24.
   24.   24. 1028. 1628. 1628. 1628. 1628. 1628. 1628. 1628. 1628. 1628.
 1628. 1028. 
 1028. 1628. 1628. 1628. 1628. 1028. 1028.   24.   24.   24.   24.   24.
   24.   24.   24.   24.   24.   24.   24.   24.   24.   24.   24.   24.
   24.   24. 
 1628. 1028. 1028. 1628. 1628. 1028. 1028. 1028.   24.   24.   24.   24.
   24.   24.   24.   24.   24.   24.   24.   24.   24. 1028.   24.   24.
   24.   24. 
 1028. 1628. 1628. 1628. 1028. 1028. 1628. 1628. 1628. 1028. 1028. 1028.
 1028. 1628. 1628. 1628. 1628. 1028. 1028.   24.   24.   24.   24.   24.
   24.   24. 
   24.   24.   24.   24.   24.   24.   24.   24.   24.   24.   24.   24.
 1628. 1028. 1028. 1028. 1028. 1028. 1028.   24.   24.   24.   24.   24.
   24.   24. 
   24.   24.   24.   24.   24. 1028. 1028. 1628. 1028. 1028. 1028. 1028.
 1028. 1628. 1628. 1628. 1028. 1028. 1028. 1028. 1028. 1028. 1028. 1028.
 1028. 1028. 
 1628. 1628. 1628. 1628. 1028.   24.   24.   24.   24.   24.   24.   24.
   24.   24.   24.   24.   24.   24.   24.   24.   24.   24.   24.   24.
 1628. 1628. 
 1028.   24.   24.   24.   24.   24.   24.   24.   24.   24.   24.   24.
   24.   24.   24.   24. 1028. 1628. 1628. 1628. 1628. 1628. 1628. 1028.
 1028. 1628. 
 1628. 1628. 1628. 1028. 1628. 1628. 1028. 1628. 1628. 1628. 1628. 1628.
 1628. 1628. 1628. 1628. 1028.   24.   24.   24.   24.   24.   24.   24.
   24.   24. 
   24.   24.   24.   24.   24.   24.   24.   24.   24.   24. 1628. 1628.
 1028. 1028.   24.   24.   24.   24.   24.   24.   24.   24.   24.   24.
   24.   24. 
   24. 1028. 1028. 1628. 1628. 1628. 1628. 1628. 1628. 1628. 1628. 1628.
 1628. 1628. 1628. 1028. 1628. 1028. 1028. 1628. 1628. 1628. 1628. 1628.
 1628. 1628. 
 1628. 1028. 1028.   24.   24.   24.   24.   24.   24.   24.   24.   24.
   24.   24.   24.   24.   24.   24.   24.   24.   24.   24. 1628. 1628.
 1628. 1028. 
   24.   24.   24.   24.   24.   24.   24.   24.   24.   24.   24.   24.
   24. 1028. 1628. 1628. 1628. 1628. 1628. 1628. 1628. 1628. 1628. 1628.
 1628. 1628. 
 1028. 1628. 1628. 1028. 1028. 1628. 1628. 1628. 1628. 1628. 1628. 1628.
 1028. 1028. 1028.   24.   24.   24.   24.   24.   24.   24.   24.   24.
   24.   24. 
   24.   24.   24.   24.   24.   24.   24.   24. 1628. 1628. 1628. 1028.
 1028.   24.   24.   24.   24.   24.   24.   24.   24.   24.   24.   24.
   24. 1028. 
 1628. 1628. 1628. 1028. 1028. 1028. 1628. 1628. 1628. 1628. 1628. 1628.
 1028. 1028. 1028. 1028. 1028. 1628. 1628. 1628. 1028. 1028. 1028. 1028.
 1028. 1028. 
   24.   24.   24.   24.   24.   24.   24.   24.   24.   24.   24.   24.
   24.   24.   24.   24.   24.   24.   24.   24. 1028. 1628. 1628. 1628.
 1028.   24. 
   24.   24.   24.   24.   24.   24.   24.   24.   24.   24.   24. 1028.
 1628. 1628. 1628. 1028.   24. 1028. 1028. 1028. 1028. 1028. 1028. 1028.
 1628. 1628. 
 1028. 1028. 1028. 1628. 1628. 1628. 1028. 1028. 1028. 1028.   24.   24.
   24.   24.   24.   24.   24.   24.   24.   24.   24.   24.   24.   24.
   24.   24. 
   24.   24.   24.   24.   24.   24. 1628. 1628. 1628. 1028. 1028.   24.
   24.   24.   24.   24.   24.   24.   24.   24.   24.   24.   24. 1028.
 1628. 1628. 
 1628. 1028.   24.   24.   24.   24. 1028. 1028. 1628. 1628. 1628. 1628.
 1628. 1028. 1028. 1028. 1628. 1628. 1628. 1028. 1028.   24.   24.   24.
   24.   24. 
   24.   24.   24.   24.   24.   24.   24.   24.   24.   24.   24.   24.
   24.   24.   24.   24.   24.   24. 1628. 1628. 1628. 1028.   24.   24.
   24.   24. 
   24.   24.   24.   24.   24.   24.   24.   24.   24. 1028. 1628. 1628.
 1628. 1028.   24.   24.   24. 1028. 1028. 1028. 1028. 1628. 1628. 1628.
 1628. 1628. 
 1028. 1028. 1628. 1628. 1628. 1028. 1028.   24.   24.   24.   24.   24.
   24.   24.   24.   24.   24.   24.   24.   24.   24.   24.   24.   24.
   24.   24. 
   24.   24.   24.   24. 1628. 1028. 1028. 1028.   24.   24.   24.   24.
   24.   24.   24.   24.   24.   24.   24.   24.   24. 1028. 1628. 1628.
 1628. 1028. 
   24.   24. 1028. 1028. 1028. 1028. 1028. 1028. 1628. 1628. 1628. 1028.
 1028. 1028. 1628. 1628. 1628. 1628. 1028. 1028.   24.   24.   24.   24.
   24.   24. 
   24.   24.   24.   24.   24.   24.   24.   24.   24.   24.   24.   24.
   24.   24.   24.   24. 1028. 1028.   24.   24.   24.   24.   24.   24.
   24.   24. 
   24. 1028. 1028. 1028. 1028.   24.   24. 1028. 1628. 1628. 1028.   24.
   24. 1028. 1028. 1628. 1628. 1628. 1628. 1628. 1628. 1628. 1628. 1028.
 1028. 1028. 
 1028. 1628. 1628. 1628. 1028. 1028.   24.   24.   24.   24.   24.   24.
   24.   24.   24.   24.   24.   24.   24.   24.   24.   24.   24.   24.
   24.   24. 
   24.   24.   24.   24.   24.   24.   24.   24.   24.   24.   24.   24.
 1028. 1028. 1628. 1628. 1028. 1028. 1028. 1028. 1628. 1628. 1028.   24.
   24. 1028. 
 1628. 1628. 1628. 1628. 1628. 1628. 1628. 1628. 1028. 1028. 1028. 1028.
 1028. 1628. 1628. 1628. 1628. 1028.   24.   24.   24.   24.   24.   24.
   24.   24. 
   24.   24.   24.   24.   24.   24.   24.   24.   24.   24.   24.   24.
   24.   24.   24.   24.   24.   24.   24.   24.   24.   24.   24. 1028.
 1628. 1628. 
 1628. 1628. 1628. 1628. 1628. 1628. 1628. 1628. 1028.   24. 1028. 1028.
 1628. 1628. 1628. 1628. 1628. 1628. 1628. 1028. 1028. 1028. 1628. 1628.
 1628. 1628. 
 1628. 1628. 1028. 1028.   24.   24.   24.   24.   24.   24.   24.   24.
   24.   24.   24.   24.   24.   24.   24.   24.   24.   24.   24.   24.
   24.   24. 
   24.   24.   24.   24.   24.   24.   24.   24.   24. 1028. 1628. 1628.
 1628. 1628. 1628. 1628. 1628. 1628. 1628. 1028. 1028.   24.   24. 1028.
 1628. 1628. 
 1628. 1028. 1028. 1028. 1028. 1028. 1028. 1628. 1628. 1628. 1628. 1628.
 1628. 1628. 1028. 1028.   24.   24.   24.   24.   24.   24.   24.   24.
   24.   24. 
   24.   24.   24.   24.   24.   24.   24.   24.   24.   24.   24.   24.
   24.   24.   24. 1028. 1028.   24.   24.   24.   24. 1028. 1628. 1628.
 1628. 1028. 
 1028. 1628. 1628. 1628. 1028. 1028.   24.   24.   24. 1028. 1628. 1628.
 1628. 1628. 1028. 1028. 1028. 1628. 1628. 1628. 1628. 1628. 1628. 1628.
 1028. 1028. 
 1028.   24.   24.   24.   24.   24.   24.   24.   24.   24.   24.   24.
   24.   24.   24.   24.   24.   24.   24.   24.   24.   24.   24.   24.
   24. 1028. 
 1028. 1028. 1028. 1028. 1028.   24.   24. 1028. 1628. 1628. 1628. 1028.
 1028. 1028. 1028. 1028. 1028. 1028. 1028. 1028.   24. 1028. 1628. 1628.
 1628. 1628. 
 1028. 1028. 1028. 1628. 1628. 1628. 1628. 1028. 1028. 1028. 1028.   24.
   24.   24.   24.   24.   24.   24.   24.   24.   24.   24.   24.   24.
   24.   24. 
   24.   24.   24.   24.   24.   24.   24.   24.   24.   24. 1028. 1028.
 1628. 1628. 1628. 1628. 1028. 1028. 1028. 1028. 1628. 1628. 1628. 1028.
   24.   24. 
 1028. 1028. 1028. 1628. 1628. 1028. 1028. 1028. 1028. 1628. 1628. 1628.
 1028.   24. 1028. 1628. 1628. 1628. 1628. 1028. 1028.   24.   24.   24.
   24.   24. 
   24.   24.   24.   24.   24.   24.   24.   24.   24.   24.   24.   24.
   24.   24.   24.   24.   24.   24.   24.   24.   24.   24. 1028. 1628.
 1628. 1628. 
 1628. 1628. 1628. 1628. 1028. 1028. 1628. 1628. 1628. 1028.   24. 1028.
 1028. 1628. 1628. 1628. 1628. 1628. 1628. 1028. 1028. 1628. 1628. 1028.
 1028. 1028. 
 1028. 1028. 1628. 1628. 1628. 1028. 1028.   24.   24.   24.   24.   24.
   24.   24.   24.   24.   24.   24.   24.   24.   24.   24.   24.   24.
   24.   24. 
   24.   24.   24.   24.   24.   24.   24.   24. 1028. 1628. 1628. 1628.
 1628. 1628. 1628. 1628. 1628. 1628. 1628. 1628. 1628. 1028.   24. 1028.
 1628. 1628. 
 1628. 1628. 1628. 1628. 1628. 1628. 1628. 1628. 1028. 1028. 1028. 1028.
 1028. 1028. 1628. 1628. 1628. 1028. 1028.   24.   24.   24.   24.   24.
   24.   24. 
   24.   24.   24.   24.   24.   24.   24.   24.   24.   24.   24.   24.
   24.   24.   24.   24.   24.   24.   24.   24. 1028. 1628. 1628. 1628.
 1028. 1628. 
 1628. 1628. 1628. 1628. 1628. 1628. 1628. 1028.   24. 1028. 1628. 1628.
 1628. 1028. 1028. 1628. 1628. 1628. 1628. 1028. 1028. 1628. 1628. 1628.
 1628. 1028. 
 1028. 1628. 1628. 1628. 1028. 1028.   24.   24.   24.   24.   24.   24.
   24.   24.   24.   24.   24.   24.   24.   24.   24.   24.   24.   24.
   24.   24. 
   24.   24.   24.   24.   24.   24. 1028. 1628. 1628. 1628. 1028. 1028.
 1028. 1028. 1628. 1628. 1628. 1628. 1028. 1028.   24. 1028. 1628. 1628.
 1628. 1028. 
 1028. 1028. 1028. 1628. 1028. 1028. 1028. 1628. 1628. 1628. 1628. 1628.
 1628. 1628. 1628. 1628. 1028. 1028.   24.   24.   24.   24.   24.   24.
   24.   24. 
   24.   24.   24.   24.   24.   24.   24.   24.   24.   24.   24.   24.
   24.   24.   24.   24.   24.   24. 1028. 1628. 1628. 1628. 1028.   24.
   24. 1028. 
 1028. 1628. 1628. 1028. 1028.   24.   24. 1028. 1628. 1628. 1628. 1028.
   24.   24. 1028. 1028. 1028. 1028. 1628. 1628. 1628. 1628. 1628. 1628.
 1628. 1628. 
 1628. 1628. 1028. 1028.   24.   24.   24.   24.   24.   24.   24.   24.
   24.   24.   24.   24.   24.   24.   24.   24.   24.   24.   24.   24.
   24.   24. 
   24.   24.   24.   24. 1028. 1628. 1628. 1628. 1028. 1028.   24.   24.
 1028. 1028. 1028. 1028.   24.   24.   24. 1028. 1628. 1628. 1628. 1028.
 1028.   24. 
   24.   24. 1028. 1028. 1628. 1628. 1628. 1028. 1028. 1628. 1628. 1628.
 1628. 1628. 1028. 1028.   24.   24.   24.   24.   24.   24.   24.   24.
   24.   24. 
   24.   24.   24.   24.   24.   24.   24.   24.   24.   24.   24.   24.
   24.   24.   24.   24. 1028. 1028. 1628. 1628. 1628. 1028.   24.   24.
   24.   24. 
   24.   24.   24.   24.   24. 1028. 1028. 1628. 1628. 1628. 1028.   24.
   24.   24. 1028. 1028. 1628. 1628. 1628. 1028. 1028. 1028. 1028. 1028.
 1028. 1028. 
 1028.   24.   24.   24.   24.   24.   24.   24.   24.   24.   24.   24.
   24.   24.   24.   24.   24.   24.   24.   24.   24.   24.   24.   24.
   24.   24. 
   24.   24. 1628. 1628. 1628. 1628. 1628. 1028.   24.   24.   24.   24.
   24.   24.   24.   24.   24.   24. 1028. 1628. 1028. 1028. 1028. 1028.
 1028. 1028. 
   24. 1028. 1628. 1628. 1628. 1028.   24. 1028. 1028. 1028. 1028. 1028.
   24.   24.   24.   24.   24.   24.   24.   24.   24.   24.   24.   24.
   24.   24. 
 24. 24. 24. 24. 24. 24. 24. 24. 24. 24. 24. 24. 24. 24. 
/