PERMI
 3576. 3576. 3576. 3576. 2975. 2975. 2975. 3576. 3576. 2975.   30.   30.
 2975. 3576. 3576. 3576. 3576. 3576. 3576. 2975.   30.   30.   30.   30.
   30.   30. 
   30.   30.   30.   30.   30.   30.   30.   30.   30.   30.   30.   30.
   30.   30.   30.   30.   30.   30. 2975. 3576. 3576. 3576. 3576. 3576.
 2975. 2975. 
   30.   30.   30. 2975. 3576. 3576. 2975.   30.   30.   30.   30.   30.
 3576. 2975. 2975. 2975. 2975.   30. 2975. 3576. 3576. 2975.   30. 2975.
 2975. 3576. 
 3576. 3576. 2975. 3576. 3576. 2975. 2975.   30.   30.   30.   30.   30.
   30.   30.   30.   30.   30.   30.   30.   30.   30.   30.   30.   30.
   30.   30. 
   30.   30.   30.   30.   30. 2975. 2975. 2975. 2975. 2975.   30.   30.
   30.   30.   30. 2975. 3576. 3576. 3576. 2975.   30.   30.   30.   30.
 2975. 2975. 
   30.   30.   30.   30. 2975. 3576. 3576. 2975. 2975. 2975. 3576. 3576.
 3576. 2975. 2975. 3576. 3576. 3576. 2975.   30.   30.   30.   30.   30.
   30.   30. 
 30. 30. 30. 30. 30. 30. 30. 30. 30. 30. 30. 30. 30. 30. 30. 30. 30. 30.
 30. 30. 30. 30. 30. 30. 30. 30. 
   30.   30. 2975. 3576. 3576. 2975.   30.   30.   30.   30. 2975.   30.
   30.   30.   30.   30. 2975. 3576. 3576. 3576. 2975. 2975. 3576. 3576.
 2975. 2975. 
 2975. 3576. 3576. 3576. 2975.   30.   30.   30.   30.   30.   30.   30.
   30.   30.   30.   30.   30.   30.   30.   30.   30.   30.   30.   30.
   30.   30. 
   30.   30.   30.   30.   30.   30.   30.   30.   30.   30.   30.   30.
   30.   30. 2975. 3576. 3576. 2975.   30.   30.   30.   30.   30.   30.
   30.   30. 
   30.   30. 2975. 3576. 3576. 3576. 2975. 3576. 3576. 3576. 2975.   30.
 2975. 3576. 3576. 3576. 2975.   30.   30.   30. 2975. 2975. 2975. 2975.
 2975. 2975. 
 30. 30. 30. 30. 30. 30. 30. 30. 30. 30. 30. 30. 30. 30. 30. 30. 30. 30.
 30. 30. 30. 30. 30. 30. 30. 30. 
 2975. 3576. 3576. 2975.   30.   30. 2975. 2975.   30.   30.   30.   30.
   30.   30.   30. 2975. 3576. 3576. 3576. 3576. 3576. 2975. 2975.   30.
 2975. 3576. 
 3576. 3576. 2975.   30. 2975. 2975. 2975. 3576. 3576. 3576. 3576. 2975.
   30.   30.   30.   30.   30.   30.   30.   30.   30.   30.   30.   30.
   30.   30. 
   30.   30.   30.   30.   30.   30.   30.   30.   30.   30.   30.   30.
 2975. 3576. 3576. 2975. 2975. 2975. 3576. 3576.   30.   30.   30.   30.
   30.   30. 
   30. 2975. 3576. 3576. 3576. 3576. 3576. 2975.   30.   30. 2975. 3576.
 3576. 3576. 2975. 2975. 3576. 3576. 3576. 3576. 3576. 3576. 3576. 3576.
 2975.   30. 
   30.   30.   30.   30.   30.   30.   30.   30.   30.   30.   30.   30.
   30.   30.   30.   30.   30.   30.   30.   30.   30.   30.   30.   30.
 2975. 3576. 
 3576. 2975. 3576. 3576. 3576. 3576.   30.   30.   30.   30.   30.   30.
   30.   30. 2975. 3576. 3576. 2975. 2975.   30.   30.   30. 2975. 3576.
 3576. 3576. 
 3576. 3576. 3576. 3576. 3576. 3576. 2975. 3576. 3576. 3576. 2975.   30.
   30.   30.   30. 2975. 2975.   30.   30.   30.   30.   30.   30.   30.
   30.   30. 
   30.   30.   30.   30.   30.   30.   30.   30.   30.   30. 2975. 3576.
 3576. 3576. 3576. 3576. 3576. 3576.   30.   30.   30.   30.   30.   30.
   30.   30. 
   30. 2975. 2975. 2975.   30.   30.   30.   30. 2975. 2975. 3576. 3576.
 3576. 3576. 3576. 3576. 2975. 2975. 2975. 3576. 3576. 3576. 2975.   30.
   30. 2975. 
 2975. 2975. 2975. 2975.   30.   30.   30.   30.   30.   30.   30.   30.
   30.   30.   30.   30.   30.   30.   30.   30.   30.   30.   30. 2975.
 3576. 3576. 
 3576. 3576. 2975. 2975.   30.   30.   30.   30.   30.   30.   30.   30.
   30.   30.   30.   30.   30.   30.   30.   30.   30. 2975. 2975. 3576.
 3576. 2975. 
 2975. 2975.   30.   30. 2975. 3576. 3576. 3576. 2975.   30. 2975. 2975.
 3576. 3576. 3576. 3576. 2975.   30.   30.   30.   30.   30.   30.   30.
   30.   30. 
   30.   30.   30.   30.   30.   30.   30.   30.   30.   30. 2975. 2975.
 2975. 2975.   30.   30.   30.   30.   30.   30.   30.   30.   30.   30.
   30.   30. 
   30.   30.   30.   30.   30.   30.   30.   30.   30. 2975. 2975. 2975.
   30.   30.   30. 2975. 2975. 3576. 3576. 2975.   30.   30. 2975. 3576.
 3576. 3576. 
 3576. 3576. 2975. 2975.   30.   30.   30.   30.   30.   30.   30.   30.
   30.   30.   30.   30.   30.   30.   30.   30.   30.   30.   30.   30.
   30.   30. 
 30. 30. 30. 30. 30. 30. 30. 30. 30. 30. 30. 30. 30. 30. 30. 30. 30. 30.
 30. 30. 30. 30. 30. 30. 30. 30. 
   30. 2975. 2975. 3576. 3576. 2975.   30. 2975. 3576. 3576. 3576. 2975.
 2975. 3576. 2975. 2975.   30.   30.   30.   30.   30.   30.   30.   30.
   30.   30. 
 30. 30. 30. 30. 30. 30. 30. 30. 30. 30. 30. 30. 30. 30. 30. 30. 30. 30.
 30. 30. 30. 30. 30. 30. 30. 30. 
   30.   30.   30.   30.   30.   30.   30.   30.   30.   30.   30.   30.
   30. 2975. 2975. 3576. 3576. 2975. 2975. 2975. 3576. 3576. 2975. 2975.
 2975. 3576. 
 3576. 2975.   30.   30.   30.   30.   30.   30.   30.   30.   30.   30.
   30.   30.   30.   30.   30.   30.   30.   30.   30.   30.   30.   30.
   30.   30. 
 30. 30. 30. 30. 30. 30. 30. 30. 30. 30. 30. 30. 30. 30. 30. 30. 30. 30.
 30. 30. 30. 30. 30. 30. 30. 30. 
 2975. 3576. 3576. 2975. 2975. 3576. 3576. 3576. 2975. 2975. 2975. 3576.
 3576. 2975.   30.   30.   30.   30.   30.   30.   30.   30.   30.   30.
   30.   30. 
 30. 30. 30. 30. 30. 30. 30. 30. 30. 30. 30. 30. 30. 30. 30. 30. 30. 30.
 30. 30. 30. 30. 30. 30. 30. 30. 
   30.   30.   30.   30.   30.   30.   30.   30.   30.   30.   30.   30.
 2975. 3576. 3576. 3576. 3576. 3576. 3576. 2975.   30.   30. 2975. 3576.
 3576. 2975. 
   30.   30.   30.   30.   30.   30. 2975. 2975.   30.   30.   30.   30.
   30.   30.   30.   30.   30.   30.   30.   30.   30.   30.   30.   30.
   30.   30. 
   30.   30.   30.   30.   30.   30.   30.   30.   30.   30.   30.   30.
   30.   30.   30.   30.   30.   30.   30.   30.   30.   30.   30.   30.
 2975. 2975. 
 3576. 3576. 3576. 3576. 2975. 2975.   30.   30. 2975. 3576. 3576. 2975.
   30.   30.   30. 2975. 2975. 2975. 3576. 2975. 2975.   30.   30.   30.
   30.   30. 
 30. 30. 30. 30. 30. 30. 30. 30. 30. 30. 30. 30. 30. 30. 30. 30. 30. 30.
 30. 30. 30. 30. 30. 30. 30. 30. 
   30.   30.   30.   30.   30.   30.   30.   30.   30.   30.   30. 2975.
 2975. 2975. 2975. 2975. 2975.   30.   30.   30. 2975. 3576. 3576. 2975.
   30.   30. 
   30. 2975. 3576. 3576. 3576. 3576. 2975. 2975.   30.   30.   30.   30.
   30.   30.   30.   30.   30.   30.   30.   30.   30.   30.   30.   30.
   30.   30. 
 30. 30. 30. 30. 30. 30. 30. 30. 30. 30. 30. 30. 30. 30. 30. 30. 30. 30.
 30. 30. 30. 30. 30. 30. 30. 30. 
   30.   30.   30.   30.   30.   30. 2975. 3576. 3576. 2975.   30. 2975.
 2975. 3576. 3576. 3576. 3576. 3576. 3576. 2975. 2975.   30.   30.   30.
   30.   30. 
 30. 30. 30. 30. 30. 30. 30. 30. 30. 30. 30. 30. 30. 30. 30. 30. 30. 30.
 30. 30. 30. 30. 30. 30. 30. 30. 
   30.   30.   30.   30.   30.   30.   30.   30.   30.   30.   30.   30.
   30.   30.   30.   30.   30.   30. 2975. 3576. 3576. 2975. 2975. 2975.
 3576. 3576. 
 3576. 2975. 2975. 3576. 3576. 3576. 2975.   30.   30.   30.   30.   30.
   30. 2975. 2975. 2975.   30.   30.   30.   30.   30.   30.   30.   30.
   30.   30. 
 30. 30. 30. 30. 30. 30. 30. 30. 30. 30. 30. 30. 30. 30. 30. 30. 30. 30.
 30. 30. 30. 30. 30. 30. 30. 30. 
   30.   30.   30.   30. 2975. 3576. 3576. 2975. 3576. 3576. 3576. 3576.
 2975. 2975.   30. 2975. 3576. 3576. 3576. 2975.   30.   30. 2975. 2975.
 2975. 3576. 
 3576. 3576. 2975. 2975.   30.   30.   30.   30.   30.   30.   30.   30.
   30.   30.   30.   30.   30.   30.   30.   30.   30.   30.   30.   30.
   30.   30. 
   30.   30.   30.   30.   30.   30.   30.   30.   30.   30.   30.   30.
   30.   30.   30.   30. 2975. 3576. 3576. 3576. 3576. 3576. 3576. 2975.
 2975.   30. 
   30.   30. 2975. 3576. 3576. 2975.   30. 2975. 2975. 3576. 3576. 3576.
 3576. 3576. 3576. 2975.   30.   30.   30.   30.   30.   30.   30.   30.
   30.   30. 
 30. 30. 30. 30. 30. 30. 30. 30. 30. 30. 30. 30. 30. 30. 30. 30. 30. 30.
 30. 30. 30. 30. 30. 30. 30. 30. 
   30.   30.   30. 2975. 3576. 3576. 3576. 2975. 2975. 2975.   30.   30.
   30.   30. 2975. 3576. 3576. 2975. 2975. 3576. 3576. 3576. 3576. 3576.
 3576. 3576. 
 3576. 2975. 2975.   30.   30.   30.   30.   30.   30.   30.   30.   30.
   30.   30.   30.   30.   30.   30.   30.   30.   30.   30.   30.   30.
   30.   30. 
   30.   30.   30.   30.   30.   30.   30.   30.   30.   30.   30.   30.
   30.   30.   30. 2975. 2975. 2975. 2975. 2975.   30.   30.   30.   30.
   30.   30. 
 2975. 3576. 3576. 3576. 3576. 3576. 3576. 3576. 2975. 2975. 2975. 3576.
 3576. 3576. 2975.   30.   30.   30.   30.   30.   30.   30.   30.   30.
   30.   30. 
 30. 30. 30. 30. 30. 30. 30. 30. 30. 30. 30. 30. 30. 30. 30. 30. 30. 30.
 30. 30. 30. 30. 30. 30. 30. 30. 
   30.   30.   30.   30.   30.   30.   30.   30.   30.   30.   30.   30.
 2975. 3576. 3576. 3576. 3576. 3576. 2975. 2975.   30.   30. 2975. 3576.
 3576. 2975. 
 30. 30. 30. 30. 30. 30. 30. 30. 30. 30. 30. 30. 30. 30. 30. 30. 30. 30.
 30. 30. 30. 30. 30. 30. 30. 30. 
   30.   30.   30.   30.   30.   30.   30.   30.   30.   30.   30.   30.
   30.   30.   30.   30.   30.   30.   30.   30.   30.   30.   30.   30.
   30. 2975. 
 2975. 3576. 3576. 2975.   30.   30.   30.   30. 2975. 3576. 3576. 2975.
   30.   30.   30.   30.   30.   30.   30.   30.   30.   30.   30.   30.
   30.   30. 
 30. 30. 30. 30. 30. 30. 30. 30. 30. 30. 30. 30. 30. 30. 30. 30. 30. 30.
 30. 30. 30. 30. 30. 30. 30. 30. 
   30.   30.   30.   30.   30.   30.   30.   30.   30.   30.   30.   30.
 2975. 2975.   30.   30.   30.   30.   30.   30. 2975. 3576. 3576. 2975.
 2975. 2975. 
 30. 30. 30. 30. 30. 30. 30. 30. 30. 30. 30. 30. 30. 30. 30. 30. 30. 30.
 30. 30. 30. 30. 30. 30. 30. 30. 
 30. 30. 30. 30. 30. 30. 30. 30. 30. 30. 30. 30. 30. 30. 30. 30. 30. 30.
 30. 30. 30. 30. 30. 30. 30. 30. 
   30.   30.   30.   30.   30.   30. 2975. 3576. 3576. 3576. 2975. 3576.
 2975.   30.   30.   30.   30.   30.   30. 2975. 2975. 2975. 2975.   30.
   30.   30. 
 30. 30. 30. 30. 30. 30. 30. 30. 30. 30. 30. 30. 30. 30. 30. 30. 30. 30.
 30. 30. 30. 30. 30. 30. 30. 30. 
   30.   30.   30.   30.   30.   30.   30.   30.   30.   30.   30.   30.
   30.   30.   30.   30.   30.   30. 2975. 3576. 3576. 2975. 3576. 3576.
 2975.   30. 
   30.   30. 2975. 2975. 2975. 2975. 3576. 3576. 2975. 2975. 2975.   30.
   30.   30.   30.   30.   30.   30.   30.   30.   30.   30.   30.   30.
   30.   30. 
 30. 30. 30. 30. 30. 30. 30. 30. 30. 30. 30. 30. 30. 30. 30. 30. 30. 30.
 30. 30. 30. 30. 30. 30. 30. 30. 
   30.   30.   30.   30. 2975. 3576. 3576. 3576. 3576. 3576. 2975. 2975.
 2975. 2975. 2975. 2975. 3576. 3576. 3576. 3576. 3576. 3576. 2975.   30.
   30.   30. 
 30. 30. 30. 30. 30. 30. 30. 30. 30. 30. 30. 30. 30. 30. 30. 30. 30. 30.
 30. 30. 30. 30. 30. 30. 30. 30. 
   30.   30.   30.   30.   30.   30.   30.   30.   30.   30.   30.   30.
   30.   30.   30.   30. 2975. 3576. 3576. 3576. 3576. 2975. 3576. 2975.
 2975. 3576. 
 3576. 3576. 3576. 3576. 3576. 3576. 3576. 3576. 2975. 2975.   30.   30.
   30.   30.   30.   30.   30.   30.   30.   30.   30.   30.   30.   30.
   30.   30. 
 30. 30. 30. 30. 30. 30. 30. 30. 30. 30. 30. 30. 30. 30. 30. 30. 30. 30.
 30. 30. 30. 30. 30. 30. 30. 30. 
   30.   30. 2975. 2975. 3576. 3576. 2975. 2975. 3576. 3576. 3576. 3576.
 3576. 3576. 3576. 2975. 2975. 2975. 3576. 3576. 3576. 2975. 2975.   30.
   30.   30. 
 30. 30. 30. 30. 30. 30. 30. 30. 30. 30. 30. 30. 30. 30. 30. 30. 30. 30.
 30. 30. 30. 30. 30. 30. 30. 30. 
   30.   30.   30.   30.   30.   30.   30.   30.   30.   30.   30.   30.
   30.   30.   30. 2975. 2975. 2975. 2975.   30. 3576. 3576. 3576. 3576.
 3576. 2975. 
 2975. 2975.   30. 2975. 2975. 3576. 3576. 3576. 2975. 2975.   30. 2975.
 2975. 2975. 2975. 2975. 2975.   30.   30.   30.   30.   30.   30.   30.
   30.   30. 
 30. 30. 30. 30. 30. 30. 30. 30. 30. 30. 30. 30. 30. 30. 30. 30. 30. 30.
 30. 30. 30. 30. 30. 30. 30. 30. 
   30.   30.   30.   30.   30.   30. 2975. 3576. 2975. 2975. 2975. 2975.
   30.   30.   30.   30. 2975. 2975. 3576. 3576. 3576. 2975. 2975. 2975.
 2975. 2975. 
 2975. 2975. 2975. 2975. 2975.   30.   30.   30.   30.   30.   30.   30.
   30.   30.   30.   30.   30.   30.   30.   30.   30.   30.   30.   30.
   30.   30. 
   30.   30.   30.   30.   30.   30.   30.   30.   30.   30.   30.   30.
   30.   30.   30.   30.   30.   30. 2975. 2975. 2975.   30.   30.   30.
   30.   30. 
   30.   30.   30. 2975. 3576. 3576. 3576. 3576. 3576. 3576. 3576. 3576.
 3576. 3576. 3576. 2975. 2975.   30.   30.   30.   30.   30.   30.   30.
   30.   30. 
 30. 30. 30. 30. 30. 30. 30. 30. 30. 30. 30. 30. 30. 30. 30. 30. 30. 30.
 30. 30. 30. 30. 30. 30. 30. 30. 
   30.   30.   30.   30.   30.   30.   30.   30.   30.   30.   30.   30.
   30.   30.   30. 2975. 2975. 3576. 3576. 3576. 3576. 3576. 3576. 2975.
 3576. 3576. 
 3576. 3576. 2975.   30.   30.   30.   30.   30.   30.   30.   30.   30.
   30.   30.   30.   30.   30.   30.   30.   30.   30.   30.   30.   30.
   30.   30. 
 30. 30. 30. 30. 30. 30. 30. 30. 30. 30. 30. 30. 30. 30. 30. 30. 30. 30.
 30. 30. 30. 30. 30. 30. 30. 30. 
   30.   30. 2975. 2975. 3576. 3576. 3576. 2975. 2975. 2975. 2975. 2975.
 3576. 3576. 2975.   30.   30.   30.   30.   30.   30.   30.   30.   30.
   30.   30. 
 30. 30. 30. 30. 30. 30. 30. 30. 30. 30. 30. 30. 30. 30. 30. 30. 30. 30.
 30. 30. 30. 30. 30. 30. 30. 30. 
   30.   30.   30.   30.   30.   30.   30.   30.   30.   30.   30.   30.
   30.   30.   30. 2975. 2975. 2975. 2975. 2975.   30. 2975. 2975. 3576.
 3576. 2975. 
 2975.   30. 2975. 2975. 2975. 2975.   30.   30.   30.   30.   30.   30.
   30.   30.   30.   30.   30.   30.   30.   30.   30.   30.   30.   30.
   30.   30. 
 30. 30. 30. 30. 30. 30. 30. 30. 30. 30. 30. 30. 30. 30. 30. 30. 30. 30.
 30. 30. 30. 30. 30. 30. 30. 30. 
   30.   30.   30.   30.   30.   30.   30. 2975. 3576. 3576. 3576. 2975.
 2975. 2975. 2975. 3576. 3576. 2975. 2975. 2975.   30.   30.   30.   30.
   30.   30. 
 30. 30. 30. 30. 30. 30. 30. 30. 30. 30. 30. 30. 30. 30. 30. 30. 30. 30.
 30. 30. 30. 30. 30. 30. 30. 30. 
   30.   30.   30.   30.   30.   30.   30.   30.   30.   30.   30.   30.
   30.   30.   30.   30.   30.   30. 2975. 2975. 3576. 3576. 2975. 2975.
 2975. 2975. 
 3576. 3576. 3576. 3576. 2975. 2975. 2975.   30.   30.   30.   30.   30.
   30.   30.   30. 2975.   30.   30.   30.   30.   30.   30.   30.   30.
   30.   30. 
 30. 30. 30. 30. 30. 30. 30. 30. 30. 30. 30. 30. 30. 30. 30. 30. 30. 30.
 30. 30. 30. 30. 30. 30. 30. 30. 
   30.   30.   30.   30. 2975. 3576. 3576. 3576. 2975. 2975. 2975. 3576.
 3576. 3576. 3576. 3576. 3576. 2975. 2975.   30.   30.   30.   30.   30.
 2975. 2975. 
 2975. 2975. 2975. 2975.   30.   30.   30.   30.   30.   30.   30.   30.
   30.   30.   30.   30.   30.   30.   30.   30.   30.   30.   30.   30.
   30.   30. 
   30.   30.   30.   30.   30.   30.   30.   30.   30.   30.   30.   30.
   30.   30.   30. 2975. 2975. 3576. 3576. 2975. 3576. 3576. 3576. 3576.
 3576. 2975. 
 2975. 3576. 3576. 3576. 2975. 2975.   30.   30.   30.   30. 2975. 2975.
 3576. 3576. 2975. 2975.   30.   30.   30.   30.   30.   30.   30.   30.
   30.   30. 
 30. 30. 30. 30. 30. 30. 30. 30. 30. 30. 30. 30. 30. 30. 30. 30. 30. 30.
 30. 30. 30. 30. 30. 30. 30. 30. 
   30. 2975. 2975. 3576. 3576. 3576. 3576. 3576. 3576. 3576. 2975. 2975.
 2975. 2975. 3576. 3576. 2975. 2975.   30.   30. 2975. 2975. 2975. 3576.
 3576. 3576. 
 3576. 2975. 2975.   30.   30.   30.   30.   30.   30.   30.   30.   30.
   30.   30.   30.   30.   30.   30.   30.   30.   30.   30.   30.   30.
   30.   30. 
   30.   30.   30.   30.   30.   30.   30.   30.   30.   30.   30.   30.
   30. 2975. 2975. 3576. 3576. 3576. 3576. 3576. 2975. 2975. 2975.   30.
   30. 2975. 
 2975. 3576. 3576. 2975.   30. 2975. 2975. 2975. 3576. 3576. 3576. 3576.
 3576. 2975. 2975.   30.   30.   30.   30.   30.   30.   30.   30.   30.
   30.   30. 
 30. 30. 30. 30. 30. 30. 30. 30. 30. 30. 30. 30. 30. 30. 30. 30. 30. 30.
 30. 30. 30. 30. 30. 30. 30. 30. 
 2975. 2975. 2975. 2975. 2975. 2975. 2975.   30.   30.   30.   30. 2975.
 2975. 3576. 3576. 2975.   30. 2975. 3576. 3576. 3576. 3576. 2975. 3576.
 3576. 3576. 
 2975.   30.   30.   30.   30.   30.   30.   30.   30.   30.   30.   30.
   30.   30.   30.   30.   30.   30.   30.   30.   30.   30.   30.   30.
   30.   30. 
   30.   30.   30.   30.   30.   30.   30.   30.   30.   30.   30.   30.
   30.   30. 2975. 2975.   30.   30.   30.   30.   30.   30.   30. 2975.
 2975. 3576. 
 3576. 2975. 2975. 2975. 3576. 3576. 3576. 2975. 2975. 3576. 3576. 3576.
 2975.   30.   30.   30.   30.   30.   30.   30.   30.   30.   30.   30.
   30.   30. 
 30. 30. 30. 30. 30. 30. 30. 30. 30. 30. 30. 30. 30. 30. 30. 30. 30. 30.
 30. 30. 30. 30. 30. 30. 30. 30. 
   30.   30.   30.   30.   30.   30.   30.   30.   30. 2975. 2975. 3576.
 3576. 3576. 2975. 3576. 3576. 3576. 2975. 2975. 2975. 3576. 3576. 3576.
 2975.   30. 
   30.   30.   30.   30.   30.   30.   30.   30.   30.   30.   30.   30.
   30.   30.   30.   30.   30.   30. 2975.   30.   30.   30.   30.   30.
   30.   30. 
   30.   30.   30.   30.   30.   30.   30.   30.   30.   30.   30.   30.
   30.   30.   30.   30.   30.   30.   30.   30.   30.   30. 2975. 2975.
 3576. 3576. 
 3576. 3576. 3576. 2975. 2975.   30. 2975. 2975. 3576. 3576. 2975.   30.
   30.   30.   30.   30.   30.   30.   30.   30.   30.   30.   30.   30.
   30.   30. 
   30.   30.   30.   30. 2975. 2975. 2975.   30.   30.   30.   30.   30.
   30.   30.   30.   30.   30.   30.   30.   30.   30.   30.   30.   30.
   30.   30. 
   30.   30.   30.   30.   30.   30.   30.   30. 2975. 2975. 2975. 3576.
 3576. 2975. 2975. 2975.   30.   30. 2975. 2975. 3576. 3576. 2975.   30.
   30.   30. 
   30.   30.   30.   30.   30.   30.   30.   30.   30.   30.   30.   30.
   30.   30.   30.   30. 3576. 2975. 2975.   30.   30.   30.   30.   30.
   30.   30. 
   30.   30.   30.   30.   30.   30.   30.   30.   30.   30.   30.   30.
   30.   30.   30.   30.   30.   30.   30.   30.   30. 2975. 2975. 2975.
 2975. 2975. 
 2975.   30.   30.   30. 2975. 2975. 3576. 3576. 2975.   30.   30.   30.
   30.   30.   30.   30.   30.   30.   30.   30.   30.   30.   30.   30.
   30.   30. 
   30.   30. 3576. 3576. 2975.   30.   30.   30.   30.   30.   30.   30.
   30.   30.   30.   30.   30.   30.   30.   30.   30.   30.   30.   30.
   30.   30. 
   30.   30.   30.   30.   30.   30.   30.   30.   30.   30.   30.   30.
   30.   30.   30.   30.   30. 2975. 3576. 3576. 2975. 2975.   30. 2975.
 2975. 2975. 
 2975. 2975. 2975. 2975. 2975.   30.   30.   30.   30.   30.   30.   30.
   30.   30. 3576. 3576. 2975. 2975.   30.   30.   30.   30.   30.   30.
   30.   30. 
 30. 30. 30. 30. 30. 30. 30. 30. 30. 30. 30. 30. 30. 30. 30. 30. 30. 30.
 30. 30. 30. 30. 30. 30. 30. 30. 
   30.   30.   30. 2975. 3576. 3576. 3576. 2975. 2975. 2975. 2975. 2975.
 3576. 3576. 3576. 3576. 3576. 2975. 2975.   30.   30.   30.   30.   30.
   30.   30. 
 3576. 3576. 2975. 2975.   30.   30.   30.   30.   30.   30.   30.   30.
   30.   30.   30.   30.   30.   30.   30.   30.   30.   30.   30.   30.
   30.   30. 
   30.   30.   30.   30.   30.   30.   30.   30.   30.   30.   30.   30.
   30.   30.   30. 2975. 3576. 3576. 3576. 3576. 3576. 3576. 3576. 3576.
 3576. 3576. 
 3576. 3576. 3576. 3576. 2975.   30.   30.   30.   30.   30.   30.   30.
 3576. 3576. 3576. 2975.   30.   30.   30.   30.   30.   30.   30.   30.
   30.   30. 
 30. 30. 30. 30. 30. 30. 30. 30. 30. 30. 30. 30. 30. 30. 30. 30. 30. 30.
 30. 30. 30. 30. 30. 30. 30. 30. 
   30. 2975. 2975. 3576. 3576. 3576. 3576. 3576. 3576. 3576. 3576. 2975.
 2975. 2975. 3576. 3576. 3576. 2975.   30.   30.   30.   30.   30.   30.
 3576. 3576. 
 3576. 2975.   30.   30.   30.   30. 2975. 2975. 2975. 2975. 2975. 2975.
   30.   30.   30.   30.   30.   30.   30.   30.   30.   30.   30.   30.
   30.   30. 
   30.   30.   30.   30.   30.   30.   30.   30.   30.   30.   30.   30.
   30.   30. 2975. 2975. 2975. 3576. 2975. 2975. 2975. 2975. 2975. 2975.
 2975. 2975. 
 2975. 3576. 3576. 2975. 2975.   30.   30.   30.   30.   30. 3576. 3576.
 3576. 2975.   30.   30.   30. 2975. 2975. 3576. 3576. 3576. 3576. 3576.
 2975.   30. 
 30. 30. 30. 30. 30. 30. 30. 30. 30. 30. 30. 30. 30. 30. 30. 30. 30. 30.
 30. 30. 30. 30. 30. 30. 30. 30. 
   30.   30. 2975. 2975. 2975. 2975.   30.   30.   30.   30.   30.   30.
 2975. 3576. 3576. 3576. 2975.   30.   30.   30.   30.   30. 3576. 3576.
 3576. 2975. 
   30.   30. 2975. 2975. 3576. 3576. 3576. 3576. 3576. 3576. 3576. 2975.
   30.   30.   30.   30.   30.   30.   30.   30.   30.   30.   30.   30.
   30.   30. 
   30.   30.   30.   30.   30.   30.   30.   30.   30.   30.   30.   30.
   30.   30.   30.   30.   30.   30.   30.   30.   30.   30.   30.   30.
   30. 2975. 
 3576. 3576. 2975. 2975.   30.   30.   30.   30. 2975. 3576. 3576. 2975.
 2975. 2975. 2975. 3576. 3576. 3576. 3576. 2975. 3576. 3576. 3576. 2975.
   30.   30. 
 30. 30. 30. 30. 30. 30. 30. 30. 30. 30. 30. 30. 30. 30. 30. 30. 30. 30.
 30. 30. 30. 30. 30. 30. 30. 30. 
   30.   30.   30.   30.   30.   30.   30.   30.   30.   30.   30. 2975.
 2975. 3576. 3576. 2975.   30.   30.   30.   30. 2975. 3576. 3576. 3576.
 2975. 3576. 
 3576. 3576. 3576. 3576. 2975. 2975. 2975. 3576. 3576. 2975.   30.   30.
   30.   30.   30.   30.   30.   30.   30.   30.   30.   30.   30.   30.
   30.   30. 
   30.   30.   30.   30.   30.   30.   30.   30.   30.   30.   30.   30.
   30.   30.   30.   30.   30.   30.   30.   30.   30.   30.   30.   30.
 2975. 3576. 
 3576. 3576. 2975. 2975. 2975. 2975. 2975. 2975. 3576. 3576. 3576. 3576.
 3576. 3576. 3576. 2975.   30.   30. 2975. 3576. 3576. 2975. 2975.   30.
   30.   30. 
 30. 30. 30. 30. 30. 30. 30. 30. 30. 30. 30. 30. 30. 30. 30. 30. 30. 30.
 30. 30. 30. 30. 30. 30. 30. 30. 
   30.   30.   30.   30.   30.   30.   30.   30.   30.   30. 2975. 2975.
 3576. 3576. 3576. 3576. 3576. 2975.   30. 2975. 2975. 3576. 3576. 3576.
 3576. 2975. 
 2975. 2975.   30.   30. 2975. 3576. 3576. 2975. 2975.   30.   30.   30.
   30.   30.   30.   30.   30.   30.   30.   30.   30.   30.   30.   30.
   30.   30. 
   30.   30.   30.   30.   30.   30.   30.   30.   30.   30.   30.   30.
   30.   30.   30.   30.   30.   30.   30.   30.   30.   30.   30. 2975.
 2975. 3576. 
 3576. 3576. 3576. 3576.   30.   30. 2975. 2975. 2975. 2975. 2975. 2975.
   30.   30.   30. 2975. 2975. 3576. 3576. 2975.   30.   30.   30.   30.
   30.   30. 
 30. 30. 30. 30. 30. 30. 30. 30. 30. 30. 30. 30. 30. 30. 30. 30. 30. 30.
 30. 30. 30. 30. 30. 30. 30. 30. 
   30.   30.   30.   30.   30.   30.   30.   30.   30.   30. 2975. 2975.
 3576. 3576. 3576. 3576.   30.   30.   30.   30.   30.   30.   30.   30.
   30.   30. 
   30. 2975. 3576. 3576. 3576. 2975.   30.   30.   30.   30.   30.   30.
   30.   30.   30.   30.   30.   30.   30.   30.   30.   30.   30.   30.
   30.   30. 
   30.   30.   30.   30.   30.   30.   30.   30.   30.   30.   30.   30.
   30.   30.   30.   30.   30.   30.   30.   30.   30.   30.   30. 2975.
 2975. 2975. 
 2975. 2975.   30.   30.   30.   30.   30.   30.   30.   30.   30.   30.
   30. 2975. 3576. 3576. 2975.   30.   30.   30.   30.   30.   30.   30.
   30.   30. 
 30. 30. 30. 30. 30. 30. 30. 30. 30. 30. 30. 30. 30. 30. 30. 30. 30. 30.
 30. 30. 30. 30. 30. 30. 30. 30. 
 30. 30. 30. 30. 30. 30. 30. 30. 30. 30. 30. 30. 30. 30. 
/