PERMI
  946.  946. 1259. 1259. 1259. 1259. 1259.  946.  946.  946.   39.   39.
   39.  946. 1259. 1259. 1259. 1259. 1259. 1259. 1259.  946. 1259. 1259.
 1259.  946. 
 946.  39.  39.  39.  39.  39.  39.  39.  39.  39.  39.  39.  39.  39.
  39.  39.  39.  39.  39.  39.  39.  39.  39.  39.  39.  39. 
   39.   39.   39.   39.   39.   39.   39.   39.   39.   39.   39.   39.
  946. 1259. 1259. 1259. 1259. 1259. 1259. 1259. 1259. 1259.  946.  946.
   39.  946. 
 1259. 1259. 1259.  946. 1259. 1259. 1259. 1259. 1259. 1259. 1259.  946.
   39.   39.   39.   39.   39.   39.   39.   39.   39.   39.   39.   39.
   39.   39. 
   39.   39.   39.   39.   39.   39.   39.   39.   39.   39.   39.   39.
   39.   39.   39.   39.   39.   39.   39.   39.   39.   39.   39.   39.
 1259. 1259. 
 1259. 1259. 1259. 1259. 1259. 1259. 1259. 1259. 1259.  946.  946.  946.
 1259. 1259. 1259.  946.  946. 1259. 1259. 1259. 1259. 1259.  946.  946.
   39.   39. 
 39. 39. 39. 39. 39. 39. 39. 39. 39. 39. 39. 39. 39. 39. 39. 39. 39. 39.
 39. 39. 39. 39. 39. 39. 39. 39. 
   39.   39.   39.   39.   39.   39.   39.   39.   39.   39. 1259. 1259.
 1259. 1259.  946.  946.  946. 1259. 1259. 1259. 1259. 1259.  946. 1259.
 1259. 1259. 
 1259.  946.  946.  946.  946.  946.  946.  946.  946.   39.   39.   39.
   39.   39.   39.   39.   39.   39.   39.   39.   39.   39.   39.   39.
   39.   39. 
   39.   39.   39.   39.   39.   39.   39.   39.   39.   39.   39.   39.
   39.   39.   39.   39.   39.   39.   39.   39.   39.   39. 1259. 1259.
 1259.  946. 
   39.   39.  946.  946.  946. 1259. 1259. 1259. 1259. 1259. 1259. 1259.
  946.  946.   39.   39.  946.  946.  946.   39.   39.   39.   39.   39.
   39.   39. 
 39. 39. 39. 39. 39. 39. 39. 39. 39. 39. 39. 39. 39. 39. 39. 39. 39. 39.
 39. 39. 39. 39. 39. 39. 39. 39. 
   39.   39.   39.   39.   39.   39.   39.   39. 1259. 1259.  946.   39.
   39.   39.   39.   39.  946.  946. 1259. 1259. 1259. 1259. 1259. 1259.
  946.   39. 
 39. 39. 39. 39. 39. 39. 39. 39. 39. 39. 39. 39. 39. 39. 39. 39. 39. 39.
 39. 39. 39. 39. 39. 39. 39. 39. 
   39.   39.   39.   39.   39.   39.   39.   39.   39.   39.   39.   39.
   39.   39.   39.   39.   39.   39.   39.   39. 1259.  946.   39.   39.
   39.   39. 
   39.   39.   39.  946.  946.  946. 1259. 1259.  946.  946.   39.   39.
   39.   39.   39.   39.   39.   39.   39.   39.   39.   39.   39.   39.
   39.   39. 
 39. 39. 39. 39. 39. 39. 39. 39. 39. 39. 39. 39. 39. 39. 39. 39. 39. 39.
 39. 39. 39. 39. 39. 39. 39. 39. 
  39.  39.  39.  39.  39.  39. 946. 946.  39.  39.  39.  39.  39.  39.
  39.  39.  39. 946. 946. 946. 946.  39.  39.  39.  39.  39. 
 39. 39. 39. 39. 39. 39. 39. 39. 39. 39. 39. 39. 39. 39. 39. 39. 39. 39.
 39. 39. 39. 39. 39. 39. 39. 39. 
 39. 39. 39. 39. 39. 39. 39. 39. 39. 39. 39. 39. 39. 39. 39. 39. 39. 39.
 39. 39. 39. 39. 39. 39. 39. 39. 
 39. 39. 39. 39. 39. 39. 39. 39. 39. 39. 39. 39. 39. 39. 39. 39. 39. 39.
 39. 39. 39. 39. 39. 39. 39. 39. 
 39. 39. 39. 39. 39. 39. 39. 39. 39. 39. 39. 39. 39. 39. 39. 39. 39. 39.
 39. 39. 39. 39. 39. 39. 39. 39. 
 39. 39. 39. 39. 39. 39. 39. 39. 39. 39. 39. 39. 39. 39. 39. 39. 39. 39.
 39. 39. 39. 39. 39. 39. 39. 39. 
 39. 39. 39. 39. 39. 39. 39. 39. 39. 39. 39. 39. 39. 39. 39. 39. 39. 39.
 39. 39. 39. 39. 39. 39. 39. 39. 
 39. 39. 39. 39. 39. 39. 39. 39. 39. 39. 39. 39. 39. 39. 39. 39. 39. 39.
 39. 39. 39. 39. 39. 39. 39. 39. 
 39. 39. 39. 39. 39. 39. 39. 39. 39. 39. 39. 39. 39. 39. 39. 39. 39. 39.
 39. 39. 39. 39. 39. 39. 39. 39. 
  39.  39.  39.  39.  39.  39.  39.  39.  39.  39.  39.  39.  39.  39.
  39.  39.  39.  39.  39.  39.  39. 946. 946.  39.  39.  39. 
 39. 39. 39. 39. 39. 39. 39. 39. 39. 39. 39. 39. 39. 39. 39. 39. 39. 39.
 39. 39. 39. 39. 39. 39. 39. 39. 
 39. 39. 39. 39. 39. 39. 39. 39. 39. 39. 39. 39. 39. 39. 39. 39. 39. 39.
 39. 39. 39. 39. 39. 39. 39. 39. 
  39.  39.  39.  39.  39.  39. 946. 946. 946. 946. 946.  39.  39.  39.
  39.  39.  39.  39.  39.  39.  39.  39.  39.  39.  39.  39. 
 39. 39. 39. 39. 39. 39. 39. 39. 39. 39. 39. 39. 39. 39. 39. 39. 39. 39.
 39. 39. 39. 39. 39. 39. 39. 39. 
   39.   39.   39.   39.   39.   39.   39.   39.   39.   39.   39.   39.
   39.   39.   39.   39.   39.  946.  946. 1259. 1259. 1259.  946.  946.
  946.   39. 
 39. 39. 39. 39. 39. 39. 39. 39. 39. 39. 39. 39. 39. 39. 39. 39. 39. 39.
 39. 39. 39. 39. 39. 39. 39. 39. 
 39. 39. 39. 39. 39. 39. 39. 39. 39. 39. 39. 39. 39. 39. 39. 39. 39. 39.
 39. 39. 39. 39. 39. 39. 39. 39. 
   39.   39.  946.  946. 1259. 1259. 1259. 1259. 1259. 1259.  946.  946.
   39.   39.   39.   39.   39.   39.   39.   39.   39.   39.   39.   39.
   39.   39. 
 39. 39. 39. 39. 39. 39. 39. 39. 39. 39. 39. 39. 39. 39. 39. 39. 39. 39.
 39. 39. 39. 39. 39. 39. 39. 39. 
   39.   39.   39.   39.   39.   39.   39.   39.   39.   39.  946.  946.
   39.   39.  946.  946. 1259. 1259. 1259. 1259. 1259. 1259. 1259. 1259.
   39.   39. 
 39. 39. 39. 39. 39. 39. 39. 39. 39. 39. 39. 39. 39. 39. 39. 39. 39. 39.
 39. 39. 39. 39. 39. 39. 39. 39. 
  39.  39.  39.  39.  39.  39.  39.  39.  39.  39.  39.  39.  39.  39.
  39.  39.  39.  39.  39.  39. 946. 946. 946. 946. 946. 946. 
  946.  946. 1259. 1259. 1259.  946. 1259. 1259. 1259. 1259.   39.   39.
   39.   39.   39.   39.   39.   39.   39.   39.   39.   39.   39.   39.
   39.   39. 
 39. 39. 39. 39. 39. 39. 39. 39. 39. 39. 39. 39. 39. 39. 39. 39. 39. 39.
 39. 39. 39. 39. 39. 39. 39. 39. 
   39.   39.   39.   39.   39.  946.  946. 1259. 1259. 1259. 1259.  946.
  946.  946. 1259. 1259. 1259.  946.  946. 1259. 1259. 1259.   39.   39.
   39.   39. 
  39.  39.  39.  39.  39.  39.  39.  39.  39.  39.  39.  39. 946. 946.
 946. 946. 946.  39.  39.  39.  39.  39.  39.  39.  39. 946. 
  946.  946.  946.  946.  946.   39.   39.   39.   39.   39.  946.  946.
  946.  946.   39.   39.   39.  946.  946. 1259. 1259. 1259. 1259. 1259.
  946.  946. 
 1259. 1259. 1259.  946.  946.  946.  946. 1259.   39.   39.   39.   39.
   39.   39.   39.   39.   39.   39.   39.   39.   39.   39.   39.  946.
  946. 1259. 
  946. 1259.  946.  946.  946.   39.   39.   39.   39.   39.  946.  946.
 1259. 1259. 1259.  946.  946.  946.   39.   39.   39.   39.  946.  946.
  946.  946. 
  946.  946.   39.  946.  946. 1259. 1259. 1259. 1259. 1259. 1259. 1259.
 1259. 1259. 1259.  946.   39.  946.  946.  946.   39.   39.   39.   39.
   39.   39. 
   39.   39.   39.   39.  946.  946.  946.   39.   39.  946. 1259. 1259.
 1259. 1259. 1259.  946.  946.   39.   39.   39.   39.  946.  946. 1259.
 1259. 1259. 
 1259. 1259.  946.  946.  946.   39.   39.  946.  946. 1259. 1259. 1259.
 1259.  946.  946.  946.  946. 1259. 1259.  946. 1259. 1259. 1259. 1259.
 1259. 1259. 
 1259.  946.   39.   39.   39.  946.   39.   39.   39.   39.   39.   39.
   39.   39.   39.  946.  946.  946.  946.  946.   39.  946. 1259. 1259.
 1259. 1259. 
 1259. 1259.  946.  946.   39.  946.  946.  946. 1259. 1259. 1259. 1259.
 1259. 1259. 1259.  946.  946.   39.  946.  946. 1259. 1259. 1259. 1259.
 1259. 1259. 
 1259.  946.  946. 1259. 1259. 1259.  946.  946. 1259. 1259. 1259. 1259.
  946.  946.   39.   39.   39.   39.   39.   39.   39.   39.   39.   39.
   39.   39. 
  946. 1259. 1259. 1259. 1259. 1259.  946.  946. 1259. 1259. 1259. 1259.
 1259. 1259. 1259.  946.  946.  946.  946. 1259. 1259. 1259. 1259. 1259.
 1259. 1259. 
 1259. 1259.  946.  946.  946. 1259. 1259. 1259.  946. 1259. 1259. 1259.
 1259.  946.  946. 1259. 1259. 1259.  946.  946.  946. 1259. 1259.  946.
  946.   39. 
   39.   39.   39.   39.   39.   39.   39.   39.   39.   39.   39.  946.
  946. 1259. 1259. 1259. 1259. 1259.  946.  946. 1259. 1259. 1259.  946.
 1259. 1259. 
 1259. 1259.  946. 1259. 1259. 1259. 1259. 1259. 1259.  946. 1259. 1259.
 1259. 1259.  946.  946.  946. 1259. 1259.  946.  946.  946.  946. 1259.
 1259. 1259. 
 1259. 1259. 1259. 1259.  946.  946.  946.  946.  946.  946.   39.   39.
   39.   39.   39.   39.   39.   39.   39.   39.   39.   39.   39.  946.
  946. 1259. 
 1259. 1259. 1259. 1259. 1259.  946. 1259. 1259. 1259. 1259.  946. 1259.
 1259. 1259. 1259. 1259. 1259. 1259. 1259. 1259.  946.  946.  946. 1259.
 1259. 1259. 
 1259.  946.  946. 1259. 1259.  946.  946.   39.  946.  946. 1259. 1259.
 1259. 1259. 1259. 1259. 1259.  946.   39.   39.   39.   39.   39.   39.
   39.   39. 
   39.   39.  946.  946.  946.  946.  946.  946.   39.  946. 1259. 1259.
 1259. 1259.  946. 1259. 1259. 1259. 1259. 1259. 1259. 1259.  946.  946.
 1259. 1259. 
 1259. 1259. 1259. 1259. 1259.  946.  946.  946.  946.  946. 1259. 1259.
 1259. 1259. 1259. 1259. 1259.  946.  946.   39.   39.  946. 1259. 1259.
 1259. 1259. 
 1259. 1259. 1259.  946.   39.   39.   39.   39.   39.   39.   39.   39.
   39.   39.  946. 1259. 1259. 1259. 1259.  946.  946.  946.  946. 1259.
 1259. 1259. 
  946. 1259. 1259. 1259. 1259. 1259. 1259. 1259. 1259.  946.  946. 1259.
 1259. 1259. 1259.  946.  946.  946.   39.   39.  946.  946. 1259. 1259.
 1259. 1259. 
 1259. 1259. 1259.  946.   39.   39.   39.  946.  946.  946. 1259. 1259.
 1259. 1259.  946.  946.   39.   39.   39.   39.   39.   39.   39.   39.
   39.   39. 
 1259. 1259. 1259. 1259. 1259. 1259.  946.  946.  946. 1259. 1259. 1259.
  946.  946. 1259. 1259. 1259. 1259. 1259. 1259. 1259.  946.  946.  946.
  946.  946. 
  946.  946.   39.   39.   39.   39.   39.  946.  946. 1259. 1259. 1259.
 1259. 1259.  946.  946.   39.   39.   39.   39.  946.  946.  946.  946.
  946.  946. 
  946.   39.   39.   39.   39.   39.   39.   39.   39.   39.   39.   39.
 1259. 1259. 1259. 1259. 1259. 1259. 1259.  946. 1259. 1259. 1259.  946.
  946.  946. 
  946. 1259. 1259. 1259. 1259. 1259.  946.  946.   39.   39.   39.   39.
   39.   39.   39.   39.   39.   39.   39.   39.  946.  946. 1259. 1259.
 1259.  946. 
  946.   39.   39.   39.   39.   39.   39.   39.  946.  946.  946.  946.
   39.   39.   39.   39.   39.   39.   39.   39.   39.   39.   39.   39.
 1259. 1259. 
  946.  946.  946. 1259. 1259. 1259. 1259. 1259. 1259.  946.  946.   39.
  946.  946.  946. 1259. 1259.  946.  946.   39.   39.   39.   39.   39.
   39.   39. 
  39.  39.  39.  39.  39.  39.  39. 946. 946. 946. 946. 946.  39.  39.
  39.  39.  39.  39.  39.  39.  39.  39.  39.  39.  39.  39. 
   39.   39.   39.   39.   39.   39.   39.   39.   39.   39. 1259.  946.
  946.  946.  946. 1259. 1259. 1259. 1259. 1259. 1259.  946.  946.   39.
   39.  946. 
 946. 946. 946. 946.  39.  39.  39.  39.  39.  39.  39.  39.  39.  39.
  39.  39.  39.  39.  39.  39.  39.  39.  39.  39.  39.  39. 
   39.   39.   39.   39.   39.   39.   39.   39.   39.   39.   39.   39.
   39.   39.   39.   39.   39.   39.   39.   39.   39.   39. 1259.  946.
  946.   39. 
  946.  946. 1259. 1259. 1259. 1259.  946.  946.   39.   39.   39.   39.
   39.   39.   39.   39.   39.   39.   39.   39.   39.   39.   39.   39.
   39.   39. 
 39. 39. 39. 39. 39. 39. 39. 39. 39. 39. 39. 39. 39. 39. 39. 39. 39. 39.
 39. 39. 39. 39. 39. 39. 39. 39. 
   39.   39.   39.   39.   39.   39.   39.   39. 1259.  946.   39.   39.
   39.  946.  946.  946.  946.  946.  946.   39.   39.   39.   39.   39.
   39.   39. 
 39. 39. 39. 39. 39. 39. 39. 39. 39. 39. 39. 39. 39. 39. 39. 39. 39. 39.
 39. 39. 39. 39. 39. 39. 39. 39. 
  39.  39.  39.  39.  39.  39.  39.  39.  39.  39.  39.  39.  39.  39.
  39.  39.  39.  39.  39.  39. 946. 946.  39.  39.  39.  39. 
  39.  39. 946.  39.  39.  39.  39.  39.  39.  39.  39.  39.  39.  39.
  39.  39.  39.  39.  39.  39.  39.  39.  39.  39.  39.  39. 
 39. 39. 39. 39. 39. 39. 39. 39. 39. 39. 39. 39. 39. 39. 39. 39. 39. 39.
 39. 39. 39. 39. 39. 39. 39. 39. 
  39.  39.  39.  39.  39.  39. 946.  39.  39.  39.  39.  39.  39.  39.
  39.  39.  39.  39.  39.  39.  39.  39.  39.  39.  39.  39. 
 39. 39. 39. 39. 39. 39. 39. 39. 39. 39. 39. 39. 39. 39. 39. 39. 39. 39.
 39. 39. 39. 39. 39. 39. 39. 39. 
 39. 39. 39. 39. 39. 39. 39. 39. 39. 39. 39. 39. 39. 39. 39. 39. 39. 39.
 39. 39. 39. 39. 39. 39. 39. 39. 
 39. 39. 39. 39. 39. 39. 39. 39. 39. 39. 39. 39. 39. 39. 39. 39. 39. 39.
 39. 39. 39. 39. 39. 39. 39. 39. 
 39. 39. 39. 39. 39. 39. 39. 39. 39. 39. 39. 39. 39. 39. 39. 39. 39. 39.
 39. 39. 39. 39. 39. 39. 39. 39. 
 39. 39. 39. 39. 39. 39. 39. 39. 39. 39. 39. 39. 39. 39. 39. 39. 39. 39.
 39. 39. 39. 39. 39. 39. 39. 39. 
 39. 39. 39. 39. 39. 39. 39. 39. 39. 39. 39. 39. 39. 39. 39. 39. 39. 39.
 39. 39. 39. 39. 39. 39. 39. 39. 
 39. 39. 39. 39. 39. 39. 39. 39. 39. 39. 39. 39. 39. 39. 39. 39. 39. 39.
 39. 39. 39. 39. 39. 39. 39. 39. 
 39. 39. 39. 39. 39. 39. 39. 39. 39. 39. 39. 39. 39. 39. 39. 39. 39. 39.
 39. 39. 39. 39. 39. 39. 39. 39. 
 39. 39. 39. 39. 39. 39. 39. 39. 39. 39. 39. 39. 39. 39. 39. 39. 39. 39.
 39. 39. 39. 39. 39. 39. 39. 39. 
 39. 39. 39. 39. 39. 39. 39. 39. 39. 39. 39. 39. 39. 39. 39. 39. 39. 39.
 39. 39. 39. 39. 39. 39. 39. 39. 
 39. 39. 39. 39. 39. 39. 39. 39. 39. 39. 39. 39. 39. 39. 39. 39. 39. 39.
 39. 39. 39. 39. 39. 39. 39. 39. 
  39.  39.  39.  39.  39.  39.  39.  39.  39.  39.  39. 946. 946. 946.
  39.  39.  39.  39.  39.  39.  39.  39.  39.  39.  39.  39. 
 39. 39. 39. 39. 39. 39. 39. 39. 39. 39. 39. 39. 39. 39. 39. 39. 39. 39.
 39. 39. 39. 39. 39. 39. 39. 39. 
   39.   39.   39.   39.   39.   39.   39.   39.   39.   39.   39.   39.
   39.   39.   39.   39.   39.   39.   39.   39.   39.   39.  946. 1259.
 1259. 1259. 
 39. 39. 39. 39. 39. 39. 39. 39. 39. 39. 39. 39. 39. 39. 39. 39. 39. 39.
 39. 39. 39. 39. 39. 39. 39. 39. 
 39. 39. 39. 39. 39. 39. 39. 39. 39. 39. 39. 39. 39. 39. 39. 39. 39. 39.
 39. 39. 39. 39. 39. 39. 39. 39. 
   39.   39.   39.  946.  946.  946.   39.   39.  946. 1259. 1259. 1259.
   39.   39.   39.   39.   39.   39.   39.   39.   39.   39.   39.   39.
   39.   39. 
 39. 39. 39. 39. 39. 39. 39. 39. 39. 39. 39. 39. 39. 39. 39. 39. 39. 39.
 39. 39. 39. 39. 39. 39. 39. 39. 
   39.   39.   39.   39.   39.   39.   39.   39.   39.   39.   39.   39.
   39.  946.  946. 1259. 1259. 1259.  946.  946.  946. 1259. 1259. 1259.
   39.   39. 
 39. 39. 39. 39. 39. 39. 39. 39. 39. 39. 39. 39. 39. 39. 39. 39. 39. 39.
 39. 39. 39. 39. 39. 39. 39. 39. 
  39.  39.  39.  39.  39.  39.  39.  39.  39.  39.  39.  39.  39.  39.
  39.  39.  39.  39.  39.  39.  39.  39.  39.  39.  39. 946. 
 1259. 1259. 1259. 1259. 1259.  946. 1259. 1259. 1259. 1259.   39.   39.
   39.   39.   39.   39.   39.   39.   39.   39.   39.   39.   39.   39.
   39.   39. 
 39. 39. 39. 39. 39. 39. 39. 39. 39. 39. 39. 39. 39. 39. 39. 39. 39. 39.
 39. 39. 39. 39. 39. 39. 39. 39. 
   39.   39.   39.   39.   39.   39.   39.   39.   39.   39.   39.  946.
 1259. 1259. 1259. 1259. 1259.  946. 1259. 1259. 1259. 1259.   39.   39.
   39.   39. 
 39. 39. 39. 39. 39. 39. 39. 39. 39. 39. 39. 39. 39. 39. 39. 39. 39. 39.
 39. 39. 39. 39. 39. 39. 39. 39. 
   39.   39.   39.   39.   39.   39.   39.   39.   39.   39.   39.   39.
   39.   39.   39.   39.   39.   39.   39.   39.   39.   39.   39.  946.
 1259. 1259. 
 1259. 1259. 1259. 1259. 1259. 1259. 1259. 1259.   39.   39.   39.   39.
   39.   39.   39.   39.   39.   39.   39.   39.   39.   39.   39.   39.
   39.   39. 
 39. 39. 39. 39. 39. 39. 39. 39. 39. 39. 39. 39. 39. 39. 39. 39. 39. 39.
 39. 39. 39. 39. 39. 39. 39. 39. 
   39.   39.  946.  946.  946.   39.   39.   39.   39.  946. 1259. 1259.
 1259. 1259. 1259. 1259. 1259. 1259. 1259.  946.   39.   39.   39.   39.
   39.   39. 
 39. 39. 39. 39. 39. 39. 39. 39. 39. 39. 39. 39. 39. 39. 39. 39. 39. 39.
 39. 39. 39. 39. 39. 39. 39. 39. 
   39.   39.   39.   39.   39.   39.   39.   39.   39.   39.   39.   39.
   39.  946.  946.  946.  946.  946.  946.   39.  946.  946. 1259. 1259.
 1259. 1259. 
 1259. 1259. 1259. 1259. 1259.  946.   39.   39.   39.   39.   39.   39.
   39.   39.   39.   39.   39.   39.   39.   39.   39.   39.   39.   39.
   39.   39. 
   39.   39.   39.   39.   39.   39.   39.   39.   39.   39.   39.   39.
   39.   39.   39.   39.   39.   39.   39.   39.   39.   39.   39.   39.
  946. 1259. 
 1259. 1259. 1259. 1259. 1259.  946.  946. 1259. 1259. 1259.  946.  946.
  946. 1259. 1259. 1259.  946.   39.   39.   39.   39.   39.   39.   39.
   39.   39. 
 39. 39. 39. 39. 39. 39. 39. 39. 39. 39. 39. 39. 39. 39. 39. 39. 39. 39.
 39. 39. 39. 39. 39. 39. 39. 39. 
   39.   39.   39.   39.   39.   39.   39.   39.   39.   39.  946. 1259.
 1259. 1259. 1259. 1259. 1259. 1259. 1259. 1259. 1259. 1259.  946.   39.
   39.  946. 
 946. 946. 946.  39.  39.  39.  39.  39.  39.  39.  39.  39.  39.  39.
  39.  39.  39.  39.  39.  39.  39.  39.  39.  39.  39.  39. 
   39.   39.   39.   39.   39.   39.   39.   39.   39.   39.   39.   39.
   39.   39.   39.   39.   39.   39.   39.   39.   39.  946.  946. 1259.
 1259. 1259. 
  946. 1259. 1259. 1259. 1259. 1259. 1259.  946.  946.   39.   39.   39.
   39.   39.   39.   39.   39.   39.   39.   39.   39.   39.   39.   39.
   39.   39. 
 39. 39. 39. 39. 39. 39. 39. 39. 39. 39. 39. 39. 39. 39. 39. 39. 39. 39.
 39. 39. 39. 39. 39. 39. 39. 39. 
   39.   39.   39.   39.   39.   39.   39.  946. 1259. 1259. 1259.  946.
  946.  946. 1259. 1259. 1259. 1259. 1259.  946.   39.   39.   39.   39.
   39.   39. 
 39. 39. 39. 39. 39. 39. 39. 39. 39. 39. 39. 39. 39. 39. 39. 39. 39. 39.
 39. 39. 39. 39. 39. 39. 39. 39. 
   39.   39.   39.   39.   39.   39.   39.   39.   39.   39.   39.   39.
   39.  946.   39.   39.   39.   39.   39.  946. 1259. 1259. 1259.  946.
   39.   39. 
  946.  946. 1259. 1259. 1259.  946.   39.   39.   39.   39.   39.   39.
   39.   39.   39.   39.   39.   39.   39.   39.   39.   39.   39.   39.
   39.   39. 
  39.  39.  39.  39.  39.  39.  39.  39.  39.  39.  39.  39.  39.  39.
  39.  39.  39.  39.  39.  39.  39.  39.  39. 946. 946. 946. 
  946.  946.  946.   39.   39.  946. 1259. 1259. 1259.  946.   39.   39.
   39.  946.  946.  946.  946.   39.   39.   39.   39.   39.   39.   39.
   39.   39. 
 39. 39. 39. 39. 39. 39. 39. 39. 39. 39. 39. 39. 39. 39. 39. 39. 39. 39.
 39. 39. 39. 39. 39. 39. 39. 39. 
   39.   39.   39.   39.   39.   39.   39.   39.  946.  946. 1259. 1259.
 1259. 1259.  946.  946.  946.  946. 1259. 1259.  946.  946.   39.   39.
   39.   39. 
  39.  39.  39.  39.  39.  39.  39.  39.  39.  39.  39.  39. 946. 946.
 946. 946.  39.  39.  39.  39.  39.  39.  39.  39.  39.  39. 
  946.   39.  946.   39.   39.   39.   39.   39.   39.   39.   39.   39.
  946.  946.  946.   39.   39.   39.   39.   39.  946. 1259. 1259. 1259.
 1259. 1259. 
 1259. 1259.  946.  946. 1259. 1259.  946.  946.   39.   39.   39.   39.
   39.   39.   39.   39.   39.   39.   39.   39.   39.   39.   39.   39.
 1259. 1259. 
 1259. 1259.  946.  946.   39.   39.   39.   39.   39.   39.  946.  946.
 1259.  946. 1259.  946.  946.   39.   39.   39.   39.   39.  946.  946.
 1259. 1259. 
 1259.  946.  946.  946.   39.  946.  946. 1259. 1259. 1259. 1259. 1259.
 1259. 1259. 1259. 1259. 1259. 1259.  946.   39.   39.   39.   39.   39.
   39.   39. 
   39.   39.   39.   39.   39.   39.   39.   39.   39.   39. 1259. 1259.
 1259. 1259. 1259.  946.  946.   39.   39.   39.   39.  946. 1259. 1259.
 1259. 1259. 
 1259. 1259.  946.   39.   39.   39.   39.   39.  946. 1259. 1259. 1259.
 1259. 1259. 1259.  946.  946.  946. 1259. 1259. 1259. 1259. 1259. 1259.
 1259. 1259. 
 1259. 1259. 1259. 1259.  946.   39.   39.   39.   39.   39.   39.   39.
   39.   39.   39.   39.   39.   39.   39.   39.   39.   39. 1259. 1259.
 1259. 1259. 
 1259. 1259. 1259.  946.   39.   39.  946. 1259. 1259. 1259. 1259. 1259.
 1259. 1259. 1259.  946.   39.   39.   39.  946.  946. 1259. 1259. 1259.
 1259. 1259. 
 1259. 1259.  946.  946. 1259. 1259. 1259.  946.  946.  946.  946. 1259.
 1259. 1259. 1259. 1259.  946.   39.   39.   39.   39.   39.   39.   39.
   39.   39. 
   39.   39.   39.   39.   39.   39.   39.   39.  946.  946.  946. 1259.
 1259. 1259. 1259. 1259.  946.  946. 1259. 1259. 1259. 1259.  946.  946.
 1259. 1259. 
 1259. 1259.  946.   39.   39.  946. 1259. 1259. 1259. 1259. 1259. 1259.
 1259. 1259. 1259. 1259. 1259. 1259. 1259.  946.  946.   39.  946.  946.
  946.  946. 
  946.  946.   39.   39.   39.   39.   39.   39.   39.   39.   39.   39.
   39.   39.   39.   39.   39.   39.   39.   39.  946.   39.   39.  946.
 1259. 1259. 
 1259. 1259. 1259.  946. 1259. 1259. 1259.  946.  946.  946.  946. 1259.
 1259. 1259.  946.  946.  946. 1259. 1259. 1259.  946.  946.  946.  946.
 1259. 1259. 
 1259. 1259. 1259. 1259. 1259.  946.   39.   39.   39.   39.   39.   39.
   39.   39.   39.   39.   39.   39.   39.   39.   39.   39.   39.   39.
   39.   39. 
   39.   39.   39.   39.   39.   39.   39.   39.   39.   39.  946. 1259.
 1259. 1259. 1259. 1259. 1259. 1259.  946.   39.   39.   39.  946.  946.
 1259. 1259. 
 1259. 1259.  946. 1259. 1259. 1259.  946.   39.   39.   39.  946. 1259.
 1259. 1259. 1259. 1259.  946.   39.   39.   39.   39.   39.   39.   39.
   39.   39. 
   39.   39.   39.   39.   39.   39.   39.   39.   39.   39.   39.   39.
   39.   39.   39.   39.   39.   39.   39.   39.   39.   39.   39.  946.
  946. 1259. 
 1259. 1259. 1259.  946.  946.   39.   39.   39.   39.  946.  946. 1259.
 1259. 1259. 1259. 1259. 1259. 1259.  946.   39.   39.   39.   39.  946.
  946.  946. 
 946. 946. 946.  39.  39.  39.  39.  39.  39.  39.  39.  39.  39.  39.
  39.  39.  39.  39.  39.  39.  39.  39.  39.  39.  39.  39. 
   39.   39.   39.   39.   39.   39.   39.   39.   39.   39.   39.  946.
  946.  946.  946.  946.   39.   39.   39.   39.   39.   39.  946.  946.
 1259. 1259. 
 1259. 1259. 1259.  946.   39.   39.   39.   39.   39.   39.   39.  946.
  946.   39.   39.   39.   39.   39.   39.   39.   39.   39.   39.   39.
   39.   39. 
  39.  39.  39.  39.  39.  39.  39.  39.  39.  39.  39.  39.  39.  39.
  39.  39.  39.  39.  39.  39.  39.  39.  39.  39. 946. 946. 
  39.  39.  39.  39.  39.  39.  39.  39.  39.  39. 946. 946. 946. 946.
 946.  39.  39.  39.  39.  39.  39.  39.  39.  39.  39.  39. 
 39. 39. 39. 39. 39. 39. 39. 39. 39. 39. 39. 39. 39. 39. 39. 39. 39. 39.
 39. 39. 39. 39. 39. 39. 39. 39. 
 39. 39. 39. 39. 39. 39. 39. 39. 39. 39. 39. 39. 39. 39. 39. 39. 39. 39.
 39. 39. 39. 39. 39. 39. 39. 39. 
 39. 39. 39. 39. 39. 39. 39. 39. 39. 39. 39. 39. 39. 39. 39. 39. 39. 39.
 39. 39. 39. 39. 39. 39. 39. 39. 
 39. 39. 39. 39. 39. 39. 39. 39. 39. 39. 39. 39. 39. 39. 
/