PERMI
 39. 39. 39. 39. 39. 39. 39. 39. 39. 39. 39. 39. 39. 39. 39. 39. 39. 39.
 39. 39. 39. 39. 39. 39. 39. 39. 
 39. 39. 39. 39. 39. 39. 39. 39. 39. 39. 39. 39. 39. 39. 39. 39. 39. 39.
 39. 39. 39. 39. 39. 39. 39. 39. 
 39. 39. 39. 39. 39. 39. 39. 39. 39. 39. 39. 39. 39. 39. 39. 39. 39. 39.
 39. 39. 39. 39. 39. 39. 39. 39. 
 39. 39. 39. 39. 39. 39. 39. 39. 39. 39. 39. 39. 39. 39. 39. 39. 39. 39.
 39. 39. 39. 39. 39. 39. 39. 39. 
   39.   39.   39.   39.   39.   39.   39.   39.   39.   39.   39.   39.
   39.   39.   39.   39.   39.   39.   39.   39.   39.   39.   39. 1172.
   39.   39. 
 39. 39. 39. 39. 39. 39. 39. 39. 39. 39. 39. 39. 39. 39. 39. 39. 39. 39.
 39. 39. 39. 39. 39. 39. 39. 39. 
 39. 39. 39. 39. 39. 39. 39. 39. 39. 39. 39. 39. 39. 39. 39. 39. 39. 39.
 39. 39. 39. 39. 39. 39. 39. 39. 
   39.   39.   39.   39.   39.   39.   39. 1172. 1172. 1172.   39.   39.
   39.   39.   39.   39.   39.   39.   39.   39.   39.   39.   39.   39.
   39.   39. 
 39. 39. 39. 39. 39. 39. 39. 39. 39. 39. 39. 39. 39. 39. 39. 39. 39. 39.
 39. 39. 39. 39. 39. 39. 39. 39. 
   39.   39.   39.   39.   39.   39.   39.   39.   39.   39.   39.   39.
   39.   39.   39.   39.   39.   39. 1172. 1172. 1472. 1472.   39.   39.
   39.   39. 
 39. 39. 39. 39. 39. 39. 39. 39. 39. 39. 39. 39. 39. 39. 39. 39. 39. 39.
 39. 39. 39. 39. 39. 39. 39. 39. 
 39. 39. 39. 39. 39. 39. 39. 39. 39. 39. 39. 39. 39. 39. 39. 39. 39. 39.
 39. 39. 39. 39. 39. 39. 39. 39. 
   39.   39.   39. 1172. 1172. 1472. 1472. 1472.   39.   39.   39.   39.
   39.   39.   39.   39.   39.   39.   39.   39.   39.   39.   39.   39.
   39.   39. 
 39. 39. 39. 39. 39. 39. 39. 39. 39. 39. 39. 39. 39. 39. 39. 39. 39. 39.
 39. 39. 39. 39. 39. 39. 39. 39. 
   39.   39.   39.   39.   39.   39.   39.   39.   39.   39.   39.   39.
   39.   39. 1172. 1172. 1472. 1472. 1472. 1472.   39.   39.   39.   39.
   39.   39. 
 39. 39. 39. 39. 39. 39. 39. 39. 39. 39. 39. 39. 39. 39. 39. 39. 39. 39.
 39. 39. 39. 39. 39. 39. 39. 39. 
   39.   39.   39.   39.   39.   39.   39.   39.   39.   39.   39.   39.
   39.   39.   39.   39.   39.   39.   39.   39.   39.   39. 1172. 1172.
 1172. 1172. 
 1172. 1472. 1472. 1472. 1472. 1172.   39.   39.   39.   39.   39.   39.
   39.   39.   39.   39.   39.   39.   39.   39.   39.   39.   39.   39.
   39.   39. 
 39. 39. 39. 39. 39. 39. 39. 39. 39. 39. 39. 39. 39. 39. 39. 39. 39. 39.
 39. 39. 39. 39. 39. 39. 39. 39. 
   39.   39.   39.   39.   39. 1172. 1172. 1172. 1172. 1172. 1172. 1472.
 1472. 1172. 1172. 1472. 1172. 1172.   39.   39.   39.   39.   39.   39.
   39.   39. 
 39. 39. 39. 39. 39. 39. 39. 39. 39. 39. 39. 39. 39. 39. 39. 39. 39. 39.
 39. 39. 39. 39. 39. 39. 39. 39. 
   39.   39.   39.   39.   39.   39.   39.   39.   39.   39.   39.   39.
   39.   39.   39.   39. 1172. 1172. 1472. 1472. 1472. 1472. 1172. 1172.
 1172. 1172. 
 1172. 1172. 1172. 1172.   39.   39.   39.   39.   39.   39.   39.   39.
   39.   39.   39.   39.   39.   39.   39.   39.   39.   39.   39.   39.
   39.   39. 
 39. 39. 39. 39. 39. 39. 39. 39. 39. 39. 39. 39. 39. 39. 39. 39. 39. 39.
 39. 39. 39. 39. 39. 39. 39. 39. 
   39. 1172. 1172. 1472. 1472. 1472. 1472. 1172. 1172. 1172. 1172. 1472.
 1472. 1472. 1472. 1172.   39.   39.   39.   39.   39.   39.   39.   39.
   39.   39. 
 39. 39. 39. 39. 39. 39. 39. 39. 39. 39. 39. 39. 39. 39. 39. 39. 39. 39.
 39. 39. 39. 39. 39. 39. 39. 39. 
   39.   39.   39.   39.   39.   39.   39.   39.   39.   39.   39.   39.
   39. 1172. 1472. 1472. 1472. 1472. 1172. 1172. 1172. 1472. 1472. 1472.
 1472. 1472. 
 1472. 1472.   39.   39.   39.   39.   39.   39.   39.   39.   39.   39.
   39.   39.   39.   39.   39.   39.   39.   39.   39.   39.   39.   39.
   39.   39. 
   39.   39.   39.   39.   39.   39.   39.   39.   39.   39.   39.   39.
   39.   39.   39.   39.   39.   39.   39.   39.   39.   39.   39.   39.
 1172. 1172. 
 1472. 1472. 1472. 1172. 1172. 1172. 1472. 1472. 1472. 1472. 1472. 1472.
 1472. 1472.   39.   39.   39.   39.   39.   39.   39.   39.   39.   39.
   39.   39. 
 39. 39. 39. 39. 39. 39. 39. 39. 39. 39. 39. 39. 39. 39. 39. 39. 39. 39.
 39. 39. 39. 39. 39. 39. 39. 39. 
   39.   39.   39.   39.   39.   39.   39.   39.   39. 1172. 1172. 1472.
 1472. 1472. 1172. 1172. 1172. 1172. 1472. 1472. 1472. 1472. 1172. 1472.
 1472. 1472. 
 39. 39. 39. 39. 39. 39. 39. 39. 39. 39. 39. 39. 39. 39. 39. 39. 39. 39.
 39. 39. 39. 39. 39. 39. 39. 39. 
   39.   39.   39.   39.   39.   39.   39.   39.   39.   39.   39.   39.
   39.   39.   39.   39.   39.   39.   39.   39. 1172. 1172. 1172. 1472.
 1472. 1472. 
 1172. 1172. 1172. 1172. 1472. 1472. 1472. 1172. 1172. 1172. 1172. 1172.
   39.   39.   39.   39.   39.   39.   39.   39.   39.   39.   39.   39.
   39.   39. 
 39. 39. 39. 39. 39. 39. 39. 39. 39. 39. 39. 39. 39. 39. 39. 39. 39. 39.
 39. 39. 39. 39. 39. 39. 39. 39. 
   39.   39.   39.   39.   39. 1172. 1172. 1472. 1172. 1172. 1172. 1472.
 1172. 1172. 1172. 1472. 1472. 1472. 1472. 1172. 1172. 1172. 1172. 1172.
   39.   39. 
 39. 39. 39. 39. 39. 39. 39. 39. 39. 39. 39. 39. 39. 39. 39. 39. 39. 39.
 39. 39. 39. 39. 39. 39. 39. 39. 
   39.   39.   39.   39.   39.   39.   39.   39.   39.   39.   39.   39.
   39.   39.   39.   39. 1172. 1172. 1172. 1172. 1172. 1172. 1172. 1172.
 1172. 1172. 
 1172. 1472. 1472. 1472. 1472. 1172. 1172.   39.   39.   39.   39.   39.
   39.   39.   39.   39.   39.   39.   39.   39.   39.   39.   39.   39.
   39.   39. 
   39.   39.   39.   39.   39.   39.   39.   39.   39.   39.   39.   39.
   39.   39.   39.   39.   39.   39.   39.   39.   39.   39. 1172. 1172.
 1172. 1172. 
 1172. 1172. 1172. 1172. 1172. 1172. 1472. 1472. 1472. 1472. 1172. 1172.
 1172. 1472. 1472. 1472. 1172. 1172.   39. 1172.   39.   39.   39.   39.
   39.   39. 
   39.   39.   39.   39.   39.   39.   39.   39.   39.   39.   39.   39.
   39.   39.   39.   39.   39.   39.   39.   39.   39.   39.   39.   39.
   39. 1172. 
 1172. 1172. 1172. 1172.   39.   39.   39. 1172. 1172. 1472. 1472. 1172.
 1172. 1472. 1472. 1172. 1172. 1472. 1472. 1472. 1472. 1472. 1472. 1472.
 1472. 1472. 
 1472. 1472. 1172. 1172. 1172. 1172. 1172. 1172.   39.   39.   39.   39.
   39.   39.   39.   39.   39.   39.   39.   39.   39.   39.   39.   39.
   39.   39. 
   39.   39.   39.   39.   39.   39.   39.   39.   39.   39. 1172. 1172.
 1472. 1472. 1472. 1172. 1172.   39. 1172. 1172. 1472. 1472. 1172. 1172.
 1472. 1472. 
 1172. 1172. 1472. 1472. 1472. 1472. 1472. 1472. 1472. 1472. 1472. 1472.
 1472. 1472. 1172. 1172. 1472. 1472. 1172. 1172.   39.   39.   39.   39.
   39.   39. 
   39.   39.   39.   39.   39.   39.   39.   39.   39.   39.   39.   39.
   39.   39.   39.   39.   39.   39.   39.   39.   39. 1172. 1172. 1472.
 1472. 1472. 
 1472. 1472. 1172. 1172. 1172. 1472. 1472. 1472. 1172. 1472. 1472. 1472.
 1172. 1172. 1472. 1472. 1472. 1472. 1472. 1472. 1472. 1472. 1472. 1472.
 1472. 1172. 
 1172. 1472. 1472. 1472. 1472. 1472.   39.   39.   39.   39.   39.   39.
   39.   39.   39.   39.   39.   39.   39.   39.   39.   39.   39.   39.
   39.   39. 
   39.   39.   39.   39.   39.   39.   39. 1172. 1472. 1472. 1472. 1472.
 1472. 1472. 1472. 1172. 1472. 1472. 1472. 1172. 1172. 1472. 1472. 1472.
 1172. 1172. 
 1472. 1472. 1472. 1172. 1172. 1172. 1172. 1472. 1472. 1172. 1172. 1172.
 1472. 1472. 1472. 1472. 1472. 1472.   39.   39.   39.   39.   39.   39.
   39.   39. 
   39.   39.   39.   39.   39.   39.   39.   39.   39.   39.   39. 1172.
 1172. 1172. 1172. 1172.   39.   39. 1172. 1172. 1472. 1472. 1472. 1172.
 1472. 1472. 
 1472. 1472. 1472. 1472. 1472. 1172. 1472. 1472. 1472. 1172. 1172. 1472.
 1472. 1472. 1172. 1172.   39. 1172. 1172. 1172. 1172. 1172. 1172. 1172.
 1472. 1472. 
 1472. 1472. 1472. 1472.   39.   39.   39.   39.   39.   39.   39.   39.
   39.   39.   39.   39.   39.   39.   39.   39.   39. 1172. 1172. 1172.
 1472. 1472. 
 1472. 1172. 1172. 1172. 1172. 1172. 1472. 1472. 1172. 1172. 1172. 1172.
 1172. 1472. 1472. 1472. 1172. 1172. 1472. 1472. 1472. 1172. 1172. 1472.
 1472. 1472. 
 1172. 1172.   39.   39. 1172. 1172. 1172. 1172. 1172. 1172. 1472. 1472.
 1472. 1172. 1172. 1472.   39.   39.   39.   39.   39.   39.   39.   39.
   39.   39. 
   39.   39.   39.   39.   39.   39. 1172. 1172. 1472. 1472. 1472. 1472.
 1472. 1472. 1472. 1172. 1172. 1472. 1472. 1472. 1172. 1172. 1172. 1172.
 1172. 1172. 
 1172. 1172. 1172. 1172. 1472. 1472. 1172. 1172. 1172. 1472. 1472. 1472.
 1172. 1172. 1172. 1172. 1172. 1172. 1172. 1172. 1172. 1472. 1472. 1472.
 1472. 1172. 
 1172. 1172.   39.   39.   39.   39.   39.   39.   39.   39.   39. 1172.
 1172. 1172. 1172. 1172. 1172. 1172. 1172. 1472. 1472. 1472. 1472. 1472.
 1472. 1472. 
 1472. 1472. 1472. 1472. 1472. 1472. 1172. 1472. 1472. 1472. 1472. 1472.
 1472. 1472. 1472. 1172. 1172. 1172. 1172. 1172. 1472. 1472. 1472. 1172.
 1172. 1172. 
 1172. 1172. 1472. 1472. 1472. 1472. 1472. 1472. 1472. 1472. 1472. 1172.
 1172.   39.   39.   39.   39.   39.   39.   39.   39.   39. 1172. 1172.
 1472. 1472. 
 1472. 1472. 1472. 1172. 1472. 1472. 1472. 1472. 1472. 1172. 1172. 1172.
 1172. 1172. 1172. 1472. 1472. 1172. 1172. 1472. 1472. 1472. 1472. 1472.
 1472. 1472. 
 1172. 1172. 1172. 1172. 1472. 1472. 1472. 1472. 1472. 1172. 1172. 1172.
 1472. 1472. 1472. 1472. 1472. 1472. 1472. 1472. 1472. 1472. 1172. 1172.
   39.   39. 
   39.   39.   39.   39.   39.   39.   39.   39. 1172. 1472. 1472. 1472.
 1472. 1472. 1472. 1472. 1472. 1472. 1472. 1172. 1172. 1172. 1472. 1472.
 1472. 1472. 
 1172. 1172. 1172. 1172. 1472. 1472. 1472. 1472. 1472. 1472. 1472. 1172.
 1172. 1172. 1472. 1472. 1472. 1472. 1472. 1472. 1172. 1172. 1172. 1472.
 1472. 1472. 
 1472. 1472. 1472. 1472. 1472. 1472. 1472. 1472. 1172. 1172.   39.   39.
   39.   39.   39.   39.   39.   39.   39. 1172. 1172. 1472. 1472. 1472.
 1472. 1472. 
 1472. 1472. 1472. 1472. 1172. 1172. 1172. 1472. 1472. 1472. 1472. 1472.
 1472. 1472. 1472. 1472. 1472. 1472. 1172. 1172. 1172. 1172. 1172. 1172.
 1472. 1472. 
 1472. 1472. 1472. 1472. 1472. 1172. 1172. 1172. 1172. 1472. 1472. 1472.
 1172. 1172. 1472. 1472. 1472. 1172. 1172. 1172. 1172.   39.   39.   39.
   39. 1172. 
 1172. 1172. 1172. 1172. 1172. 1172. 1472. 1472. 1472. 1172. 1172. 1172.
 1472. 1472. 1472. 1472. 1172. 1172. 1472. 1472. 1472. 1472. 1472. 1472.
 1472. 1472. 
 1472. 1472. 1472. 1172. 1172.   39. 1172.   39. 1172. 1172. 1472. 1472.
 1472. 1472. 1172. 1172. 1172. 1172. 1172. 1172. 1172. 1472. 1472. 1472.
 1172. 1172. 
 1172. 1172. 1172. 1172. 1172. 1172.   39.   39.   39.   39. 1172. 1172.
 1172. 1172. 1172. 1172. 1172. 1172. 1472. 1472. 1472. 1172.   39. 1172.
 1172. 1172. 
 1172. 1172. 1172. 1172. 1472. 1472. 1472. 1172. 1172. 1172. 1472. 1472.
 1472. 1472. 1172. 1172. 1172. 1172. 1172. 1172. 1172. 1172. 1472. 1472.
 1472. 1172. 
 1172. 1172. 1172.   39.   39. 1172. 1172. 1472. 1472. 1472. 1172. 1172.
   39.   39.   39.   39.   39.   39.   39.   39.   39.   39. 1172. 1472.
 1472. 1472. 
 1472. 1472. 1472. 1472. 1472. 1472. 1172. 1172.   39.   39. 1172. 1172.
 1172. 1172. 1172. 1472. 1472. 1472. 1472. 1172.   39. 1172. 1172. 1172.
 1172. 1172. 
 1172. 1172. 1172. 1472. 1472. 1172. 1172. 1472. 1472. 1472. 1172. 1172.
 1172.   39.   39.   39.   39. 1172. 1172. 1472. 1472. 1472. 1172. 1172.
   39.   39. 
   39.   39.   39.   39.   39.   39.   39.   39. 1472. 1472. 1472. 1472.
 1472. 1472. 1472. 1472. 1472. 1472. 1172.   39. 1172. 1172. 1172. 1172.
 1472. 1472. 
 1472. 1472. 1472. 1472. 1172. 1172.   39.   39.   39.   39.   39. 1172.
 1172. 1472. 1472. 1472. 1472. 1472. 1172. 1472. 1472. 1472. 1172. 1172.
   39. 1172. 
 1172. 1172. 1172. 1172. 1172. 1472. 1472. 1472. 1172. 1172.   39.   39.
   39.   39.   39.   39.   39.   39.   39.   39. 1472. 1472. 1472. 1472.
 1472. 1472. 
 1472. 1472. 1472. 1172. 1172. 1172. 1172. 1472. 1472. 1472. 1472. 1472.
 1472. 1472. 1472. 1172. 1172. 1172. 1172. 1172. 1172.   39.   39. 1172.
 1172. 1472. 
 1472. 1472. 1472. 1472. 1472. 1472. 1472. 1472. 1172. 1172. 1172. 1172.
 1172. 1172. 1172. 1172. 1472. 1472. 1472. 1472. 1172. 1172.   39.   39.
   39.   39. 
   39.   39.   39.   39.   39.   39. 1472. 1472. 1472. 1172. 1172. 1172.
 1172. 1172. 1172. 1172.   39. 1172. 1472. 1472. 1472. 1472. 1472. 1472.
 1472. 1472. 
 1172. 1172. 1172. 1172. 1172. 1172. 1172. 1172. 1172. 1172. 1472. 1472.
 1472. 1472. 1472. 1472. 1472. 1472. 1472. 1472. 1172. 1172. 1172. 1172.
 1472. 1472. 
 1472. 1472. 1472. 1472. 1472. 1472. 1172. 1172.   39.   39.   39.   39.
   39.   39.   39.   39.   39.   39. 1472. 1472. 1472. 1172. 1172. 1172.
   39.   39. 
   39.   39.   39. 1172. 1472. 1472. 1472. 1472. 1172. 1172. 1172. 1172.
 1172. 1172. 1172. 1472. 1472. 1472. 1472. 1472. 1172. 1172. 1472. 1472.
 1472. 1172. 
 1172. 1472. 1472. 1472. 1472. 1472. 1172. 1172. 1472. 1472. 1472. 1472.
 1472. 1472. 1472. 1472. 1472. 1172. 1172. 1172.   39.   39.   39.   39.
   39.   39. 
   39.   39.   39.   39. 1472. 1472. 1472. 1172.   39.   39.   39.   39.
   39.   39.   39. 1172. 1472. 1472. 1472. 1172. 1172.   39.   39.   39.
 1172. 1172. 
 1472. 1472. 1472. 1472. 1472. 1472. 1472. 1472. 1472. 1472. 1472. 1172.
 1172. 1172. 1472. 1472. 1472. 1172. 1172. 1472. 1472. 1472. 1472. 1472.
 1472. 1472. 
 1472. 1472. 1172. 1172. 1172.   39.   39.   39.   39.   39.   39.   39.
   39.   39.   39.   39. 1472. 1472. 1172. 1172.   39.   39.   39. 1172.
 1172. 1172. 
 1172. 1172. 1472. 1472. 1472. 1172. 1172.   39.   39.   39. 1172. 1472.
 1472. 1472. 1472. 1472. 1472. 1472. 1472. 1472. 1472. 1472. 1472. 1172.
   39. 1172. 
 1172. 1172. 1172. 1172. 1172. 1472. 1472. 1472. 1472. 1172. 1172. 1172.
 1172. 1172. 1172. 1172.   39.   39.   39.   39.   39.   39.   39.   39.
   39.   39. 
   39.   39. 1472. 1472. 1172.   39.   39. 1172. 1172. 1472. 1472. 1472.
 1172. 1172. 1172. 1472. 1472. 1172. 1172.   39.   39.   39. 1172. 1472.
 1472. 1472. 
 1172. 1172. 1472. 1472. 1472. 1472. 1472. 1472. 1172. 1172. 1172. 1172.
 1172. 1172. 1172. 1172. 1472. 1472. 1472. 1472. 1172. 1172. 1172. 1172.
 1172. 1172. 
   39.   39.   39.   39.   39.   39.   39.   39.   39.   39.   39.   39.
   39.   39. 1472. 1172. 1172.   39. 1172. 1172. 1472. 1472. 1472. 1472.
 1472. 1472. 
 1472. 1472. 1472. 1172. 1172.   39.   39. 1172. 1172. 1472. 1472. 1472.
 1172. 1172. 1172. 1172. 1172. 1472. 1172. 1172. 1172. 1172. 1172. 1172.
 1172. 1172. 
 1172. 1172. 1472. 1472. 1472. 1472. 1172. 1172.   39.   39.   39.   39.
   39.   39.   39.   39.   39.   39.   39.   39.   39.   39.   39.   39.
   39.   39. 
 1472. 1172.   39.   39. 1172. 1472. 1472. 1472. 1472. 1472. 1472. 1472.
 1472. 1172. 1172. 1172. 1172. 1172. 1172. 1172. 1172. 1472. 1472. 1472.
 1172. 1172. 
   39. 1172. 1172. 1172. 1172. 1172. 1472. 1472. 1472. 1472. 1172. 1172.
 1172. 1472. 1472. 1472. 1472. 1172. 1172. 1172.   39.   39.   39.   39.
   39.   39. 
   39.   39.   39.   39.   39.   39.   39.   39.   39.   39.   39.   39.
 1172.   39.   39.   39. 1172. 1472. 1472. 1472. 1472. 1472. 1472. 1172.
 1172. 1172. 
 1172. 1172. 1172. 1172. 1172. 1172. 1472. 1472. 1472. 1472. 1172.   39.
   39.   39.   39. 1172. 1172. 1472. 1472. 1472. 1472. 1472. 1472. 1472.
 1472. 1472. 
 1472. 1472. 1472. 1172. 1172.   39.   39.   39.   39.   39.   39.   39.
   39.   39.   39.   39.   39.   39.   39.   39.   39.   39.   39.   39.
   39.   39. 
   39.   39. 1172. 1472. 1472. 1472. 1172. 1172. 1172. 1172. 1172. 1472.
 1472. 1472. 1472. 1472. 1472. 1472. 1472. 1472. 1472. 1172. 1172.   39.
   39.   39. 
 1172. 1172. 1472. 1472. 1472. 1472. 1472. 1472. 1472. 1472. 1472. 1472.
 1472. 1472. 1172. 1172. 1172.   39.   39.   39.   39.   39.   39.   39.
   39.   39. 
   39.   39.   39.   39.   39.   39.   39.   39.   39.   39. 1172. 1172.
 1172.   39. 1172. 1472. 1472. 1472. 1172. 1172. 1172. 1172. 1172. 1472.
 1472. 1472. 
 1472. 1472. 1472. 1472. 1472. 1472. 1472. 1172. 1172.   39.   39.   39.
 1172. 1172. 1472. 1472. 1472. 1472. 1172. 1472. 1472. 1472. 1472. 1472.
 1472. 1172. 
 1172. 1172.   39.   39.   39.   39.   39.   39.   39.   39.   39.   39.
   39.   39.   39.   39.   39.   39.   39.   39.   39.   39. 1172. 1172.
 1172. 1172. 
 1172. 1472. 1472. 1472. 1172.   39. 1172. 1172. 1472. 1472. 1472. 1472.
 1472. 1472. 1472. 1472. 1472. 1472. 1172. 1172.   39.   39.   39.   39.
 1172. 1172. 
 1472. 1472. 1472. 1172. 1172. 1172. 1172. 1472. 1172. 1472. 1172. 1172.
 1172.   39.   39.   39.   39.   39.   39.   39.   39.   39.   39.   39.
   39.   39. 
   39.   39.   39.   39.   39.   39.   39.   39. 1472. 1472. 1472. 1472.
 1472. 1472. 1472. 1472. 1172.   39. 1172. 1172. 1472. 1472. 1472. 1172.
 1172. 1172. 
 1172. 1172. 1172. 1172. 1172.   39.   39.   39.   39.   39. 1172. 1172.
 1472. 1472. 1472. 1172. 1172. 1172. 1172. 1172. 1172. 1172. 1172. 1172.
   39.   39. 
   39.   39.   39.   39.   39.   39.   39.   39.   39.   39.   39.   39.
   39.   39.   39.   39.   39.   39.   39.   39. 1472. 1472. 1472. 1472.
 1472. 1472. 
 1472. 1172. 1172.   39. 1172. 1172. 1472. 1472. 1472. 1172. 1172. 1172.
 1172.   39.   39.   39.   39.   39.   39.   39.   39.   39. 1172. 1172.
 1472. 1472. 
 1472. 1472. 1172. 1172.   39.   39.   39. 1172.   39.   39.   39.   39.
   39.   39.   39.   39.   39.   39.   39.   39.   39.   39.   39.   39.
   39.   39. 
   39.   39.   39.   39.   39.   39. 1472. 1472. 1472. 1472. 1472. 1472.
 1172. 1172.   39.   39. 1172. 1172. 1472. 1472. 1472. 1172. 1172.   39.
   39.   39. 
   39.   39.   39.   39.   39.   39. 1172. 1172. 1172. 1172. 1472. 1472.
 1472. 1472. 1172. 1172.   39.   39.   39.   39.   39.   39.   39.   39.
   39.   39. 
   39.   39.   39.   39.   39.   39.   39.   39.   39.   39.   39.   39.
   39.   39.   39.   39.   39.   39. 1172. 1172. 1172. 1172. 1172. 1172.
 1172.   39. 
   39.   39. 1172. 1172. 1472. 1472. 1472. 1172. 1172.   39.   39.   39.
   39.   39.   39.   39. 1172. 1172. 1172. 1172. 1172. 1472. 1472. 1472.
 1472. 1172. 
 1172.   39.   39.   39.   39.   39.   39.   39.   39.   39.   39.   39.
   39.   39.   39.   39.   39.   39.   39.   39.   39.   39.   39.   39.
   39.   39. 
   39.   39.   39.   39.   39.   39.   39.   39.   39.   39. 1172. 1172.
 1172. 1172. 1172. 1172. 1472. 1472. 1472. 1172. 1172.   39.   39.   39.
   39.   39. 
 1172. 1172. 1172. 1172. 1472. 1472. 1472. 1472. 1472. 1472. 1472. 1172.
 1172.   39.   39.   39.   39.   39.   39.   39.   39.   39.   39.   39.
   39.   39. 
   39.   39.   39.   39.   39.   39.   39.   39.   39.   39.   39.   39.
   39.   39.   39.   39.   39.   39.   39. 1172. 1172. 1172. 1172. 1172.
 1172. 1172. 
 1172. 1472. 1472. 1472. 1472. 1172.   39.   39.   39.   39.   39. 1172.
 1172. 1172. 1472. 1472. 1472. 1472. 1472. 1472. 1472. 1472. 1172. 1172.
   39.   39. 
 39. 39. 39. 39. 39. 39. 39. 39. 39. 39. 39. 39. 39. 39. 39. 39. 39. 39.
 39. 39. 39. 39. 39. 39. 39. 39. 
   39.   39.   39.   39. 1172. 1172. 1172. 1472. 1472. 1472. 1472. 1472.
 1472. 1472. 1472. 1472. 1172. 1172.   39.   39.   39.   39.   39. 1172.
 1172. 1472. 
 1472. 1472. 1472. 1472. 1472. 1472. 1472. 1172. 1172. 1172.   39.   39.
   39.   39.   39.   39.   39.   39.   39.   39.   39.   39.   39.   39.
   39.   39. 
   39.   39.   39.   39.   39.   39.   39.   39.   39.   39.   39.   39.
 1172. 1172.   39. 1172. 1172. 1472. 1472. 1472. 1472. 1472. 1472. 1472.
 1472. 1472. 
 1472. 1172. 1172. 1172.   39.   39.   39.   39.   39. 1172. 1172. 1472.
 1472. 1472. 1472. 1472. 1472. 1172. 1172. 1172. 1172.   39.   39.   39.
   39.   39. 
   39.   39.   39.   39.   39.   39.   39.   39.   39.   39.   39.   39.
   39.   39.   39.   39.   39.   39.   39.   39.   39.   39.   39. 1172.
 1172. 1172. 
   39. 1172. 1472. 1472. 1472. 1472. 1472. 1472. 1472. 1472. 1472. 1172.
 1172. 1172.   39.   39.   39.   39.   39.   39. 1172. 1172. 1172. 1472.
 1472. 1472. 
 1472. 1172. 1172. 1172. 1172.   39.   39.   39.   39.   39.   39.   39.
   39.   39.   39.   39.   39.   39.   39.   39.   39.   39.   39.   39.
   39.   39. 
   39.   39.   39.   39.   39.   39.   39.   39. 1172. 1172. 1472. 1472.
 1172. 1172. 1472. 1472. 1472. 1472. 1472. 1172. 1172. 1172. 1172. 1172.
 1172.   39. 
   39.   39.   39.   39.   39.   39. 1172. 1172. 1472. 1472. 1472. 1472.
 1172. 1172. 1172.   39.   39.   39.   39.   39.   39.   39.   39.   39.
   39.   39. 
   39.   39.   39.   39.   39.   39.   39.   39.   39.   39.   39.   39.
   39.   39.   39.   39.   39.   39.   39.   39. 1172. 1472. 1472. 1472.
 1172. 1472. 
 1472. 1472. 1472. 1172. 1172. 1172. 1172.   39.   39.   39.   39.   39.
   39. 1172. 1172. 1172. 1172. 1172. 1172. 1172. 1172. 1472. 1472. 1472.
 1172. 1172. 
 39. 39. 39. 39. 39. 39. 39. 39. 39. 39. 39. 39. 39. 39. 39. 39. 39. 39.
 39. 39. 39. 39. 39. 39. 39. 39. 
   39.   39.   39.   39.   39. 1172. 1172. 1472. 1472. 1472. 1472. 1472.
 1472. 1472. 1472. 1172.   39.   39.   39.   39.   39.   39.   39.   39.
 1172. 1172. 
 1172. 1172. 1172. 1172. 1172. 1172. 1472. 1472. 1472. 1172. 1172. 1172.
   39.   39.   39.   39.   39.   39.   39.   39.   39.   39.   39.   39.
   39.   39. 
   39.   39.   39.   39.   39.   39.   39.   39.   39.   39. 1172. 1172.
 1172. 1172. 1172. 1172. 1172. 1172. 1472. 1472. 1172. 1172. 1472. 1472.
 1472. 1172. 
 1172. 1172.   39.   39.   39.   39.   39.   39.   39. 1172. 1172. 1172.
 1472. 1472. 1472. 1472. 1472. 1472. 1472. 1472. 1472. 1172. 1172.   39.
   39.   39. 
   39.   39.   39.   39.   39.   39.   39.   39.   39.   39.   39.   39.
   39.   39.   39.   39.   39.   39.   39.   39.   39. 1172. 1472. 1472.
 1472. 1472. 
 1472. 1472. 1172. 1172. 1172. 1172. 1172. 1172. 1472. 1472. 1472. 1172.
 1172.   39.   39.   39.   39.   39.   39.   39. 1172. 1172. 1172. 1472.
 1472. 1472. 
 1472. 1472. 1472. 1472. 1472. 1472. 1172. 1172. 1172.   39.   39.   39.
   39.   39.   39.   39.   39.   39.   39.   39.   39.   39.   39.   39.
   39.   39. 
   39.   39.   39.   39.   39.   39. 1172. 1172. 1472. 1472. 1472. 1472.
 1472. 1472. 1472. 1172. 1172. 1472. 1472. 1472. 1172. 1172. 1172. 1172.
   39.   39. 
   39.   39.   39.   39.   39. 1172. 1172. 1172. 1472. 1472. 1472. 1472.
 1472. 1472. 1472. 1472. 1472. 1172. 1172. 1172.   39.   39.   39.   39.
   39.   39. 
   39.   39.   39.   39.   39.   39.   39.   39. 1172. 1172. 1172. 1172.
 1172.   39.   39.   39.   39. 1172. 1172. 1472. 1472. 1472. 1472. 1472.
 1472. 1472. 
 1472. 1172. 1472. 1472. 1472. 1472.   39.   39.   39.   39.   39.   39.
   39.   39.   39.   39.   39. 1172. 1172. 1472. 1472. 1472. 1172. 1172.
 1172. 1172. 
 1172. 1172. 1172. 1172. 1172.   39.   39.   39.   39.   39.   39.   39.
   39.   39.   39.   39.   39.   39.   39. 1172. 1172. 1472. 1472. 1472.
 1172. 1172. 
 1172.   39.   39. 1172. 1472. 1472. 1472. 1472. 1172. 1172. 1172. 1472.
 1472. 1172. 1472. 1472. 1472. 1472.   39.   39.   39.   39.   39. 1172.
 1172. 1172. 
 1172.   39. 1172. 1172. 1172. 1472. 1472. 1472. 1172. 1172. 1172. 1172.
 1172. 1172. 1172. 1172.   39.   39.   39.   39.   39.   39.   39.   39.
   39.   39. 
   39.   39.   39.   39. 1172. 1172. 1472. 1472. 1472. 1472. 1472. 1472.
 1172. 1172. 1172. 1172. 1472. 1472. 1472. 1472. 1172. 1172. 1172. 1172.
 1172. 1172. 
 1472. 1472. 1472. 1172.   39.   39.   39. 1172. 1172. 1172. 1172. 1172.
 1172. 1172. 1172. 1172. 1472. 1472. 1472. 1172. 1172. 1172.   39.   39.
   39.   39. 
   39.   39.   39.   39.   39.   39.   39.   39.   39.   39.   39.   39.
   39.   39.   39.   39. 1172. 1472. 1472. 1472. 1472. 1472. 1472. 1472.
 1472. 1472. 
 1172. 1472. 1472. 1472. 1472. 1172. 1172. 1172. 1172. 1172. 1172. 1172.
 1472. 1472. 1472. 1172.   39.   39. 1172. 1172. 1172. 1172. 1472. 1472.
 1472. 1472. 
 1472. 1472. 1472. 1472. 1472. 1172. 1172.   39.   39.   39.   39.   39.
   39.   39.   39.   39.   39.   39.   39.   39.   39.   39.   39.   39.
   39.   39. 
   39.   39. 1172. 1472. 1472. 1472. 1172. 1172. 1472. 1472. 1472. 1472.
 1472. 1472. 1472. 1172. 1172. 1172. 1172. 1472. 1472. 1472. 1472. 1472.
 1472. 1472. 
 1472. 1172.   39. 1172. 1172. 1172. 1472. 1472. 1472. 1472. 1472. 1472.
 1472. 1472. 1472. 1472. 1472. 1172. 1172.   39.   39.   39.   39.   39.
   39.   39. 
   39.   39.   39.   39.   39.   39.   39. 1172. 1172. 1172. 1172. 1172.
 1172. 1172. 1172. 1472. 1472. 1472. 1172. 1172. 1172. 1472. 1472. 1472.
 1472. 1472. 
 1472. 1172. 1172. 1472. 1472. 1472. 1472. 1472. 1472. 1472. 1472. 1472.
 1472. 1172. 
/