PERMI
 2386. 2386. 3459. 3459. 3459. 3459. 2386.   26.   26.   26.   26.   26.
   26.   26.   26. 2386. 3459. 3459. 3459. 2386. 2386. 2386. 3459. 2386.
 2386. 2386. 
 2386. 2386. 2386. 2386. 2386. 2386. 2386. 3459. 3459. 2386.   26.   26.
   26.   26.   26.   26.   26.   26.   26.   26.   26.   26.   26.   26.
   26.   26. 
   26.   26.   26.   26.   26.   26.   26.   26.   26.   26.   26.   26.
 2386. 3459. 3459. 3459. 3459. 2386. 2386.   26.   26.   26.   26.   26.
   26.   26. 
   26. 2386. 3459. 3459. 3459. 3459. 3459. 2386. 2386. 3459. 3459. 3459.
 3459. 3459. 2386. 2386. 2386.   26. 2386. 3459. 3459. 2386.   26.   26.
   26.   26. 
   26.   26.   26.   26.   26.   26.   26.   26.   26.   26.   26.   26.
   26.   26.   26.   26.   26.   26.   26.   26.   26.   26.   26.   26.
 3459. 3459. 
 3459. 2386. 2386. 2386.   26.   26.   26.   26.   26.   26.   26.   26.
   26. 2386. 2386. 3459. 3459. 3459. 3459. 3459. 2386. 2386. 3459. 3459.
 3459. 3459. 
 3459. 3459. 2386. 2386. 3459. 3459. 3459. 2386.   26.   26.   26.   26.
   26.   26.   26.   26.   26.   26.   26.   26.   26.   26.   26.   26.
   26.   26. 
   26.   26.   26.   26.   26.   26.   26.   26.   26.   26. 3459. 3459.
 3459. 2386.   26.   26.   26.   26.   26.   26.   26.   26.   26.   26.
   26.   26. 
 2386. 2386. 2386. 3459. 3459. 3459. 3459. 3459. 2386. 2386. 2386. 3459.
 3459. 3459. 2386. 3459. 3459. 3459. 3459.   26.   26.   26.   26.   26.
   26.   26. 
   26.   26.   26.   26.   26.   26.   26.   26.   26.   26.   26.   26.
   26.   26.   26.   26.   26.   26.   26.   26.   26.   26. 3459. 2386.
 2386. 2386. 
   26.   26.   26.   26.   26.   26.   26.   26.   26.   26.   26.   26.
   26.   26.   26. 2386. 2386. 3459. 3459. 3459. 3459. 2386. 2386. 2386.
 2386. 2386. 
 3459. 3459. 3459. 3459. 2386.   26.   26.   26.   26.   26.   26.   26.
   26.   26.   26.   26.   26.   26.   26.   26.   26.   26.   26.   26.
   26.   26. 
   26.   26.   26.   26.   26.   26.   26.   26. 3459. 3459. 2386. 2386.
 2386. 2386. 2386. 2386.   26.   26.   26.   26.   26.   26.   26.   26.
   26.   26. 
   26.   26. 2386. 2386. 3459. 3459. 3459. 3459. 2386. 2386. 3459. 3459.
 3459. 3459. 2386. 2386.   26.   26.   26.   26.   26.   26.   26.   26.
   26.   26. 
   26.   26.   26.   26.   26.   26.   26.   26.   26.   26.   26.   26.
   26.   26.   26.   26.   26.   26.   26.   26. 3459. 3459. 3459. 3459.
 3459. 3459. 
 3459. 2386. 2386.   26.   26.   26.   26.   26.   26.   26.   26.   26.
   26.   26.   26.   26. 2386. 2386. 3459. 3459. 2386. 3459. 3459. 3459.
 3459. 2386. 
 26. 26. 26. 26. 26. 26. 26. 26. 26. 26. 26. 26. 26. 26. 26. 26. 26. 26.
 26. 26. 26. 26. 26. 26. 26. 26. 
   26.   26.   26.   26.   26.   26. 3459. 3459. 3459. 3459. 3459. 3459.
 3459. 3459. 2386. 2386.   26.   26.   26.   26.   26.   26.   26.   26.
   26.   26. 
   26.   26.   26.   26. 2386. 2386. 3459. 3459. 3459. 3459. 2386. 2386.
   26.   26.   26.   26.   26.   26.   26.   26.   26.   26.   26.   26.
   26.   26. 
   26.   26.   26.   26.   26.   26.   26.   26.   26.   26.   26.   26.
   26.   26.   26.   26.   26.   26. 2386. 2386. 2386. 2386. 3459. 2386.
 3459. 3459. 
 3459. 2386.   26.   26.   26.   26.   26.   26.   26.   26.   26.   26.
   26.   26.   26. 2386. 3459. 2386. 3459. 3459. 3459. 2386. 2386.   26.
   26.   26. 
 26. 26. 26. 26. 26. 26. 26. 26. 26. 26. 26. 26. 26. 26. 26. 26. 26. 26.
 26. 26. 26. 26. 26. 26. 26. 26. 
   26.   26.   26.   26.   26.   26.   26. 2386. 2386. 2386. 2386. 3459.
 3459. 2386.   26.   26.   26.   26.   26.   26.   26.   26.   26.   26.
   26.   26. 
   26. 2386. 3459. 2386. 3459. 3459. 3459. 2386.   26.   26.   26.   26.
   26.   26.   26.   26.   26.   26.   26.   26.   26.   26.   26.   26.
   26.   26. 
   26.   26.   26.   26.   26.   26.   26.   26.   26.   26.   26.   26.
   26.   26.   26.   26.   26.   26.   26.   26.   26.   26. 2386. 3459.
 3459. 3459. 
 2386.   26.   26.   26.   26.   26.   26.   26.   26.   26.   26.   26.
 2386. 2386. 3459. 2386. 3459. 3459. 3459. 3459. 2386. 2386. 2386. 2386.
 2386.   26. 
 26. 26. 26. 26. 26. 26. 26. 26. 26. 26. 26. 26. 26. 26. 26. 26. 26. 26.
 26. 26. 26. 26. 26. 26. 26. 26. 
   26.   26.   26.   26.   26.   26.   26.   26. 2386. 3459. 3459. 3459.
 2386.   26.   26.   26.   26.   26.   26.   26.   26.   26. 2386. 2386.
 3459. 3459. 
 2386. 2386. 2386. 3459. 3459. 3459. 3459. 3459. 3459. 3459. 3459. 3459.
 2386.   26.   26.   26.   26.   26.   26.   26.   26.   26.   26.   26.
   26.   26. 
   26.   26.   26.   26.   26.   26.   26.   26.   26.   26.   26.   26.
   26.   26.   26.   26.   26.   26.   26.   26. 2386. 3459. 3459. 2386.
 2386.   26. 
   26.   26.   26.   26.   26.   26.   26. 2386. 2386. 3459. 3459. 3459.
 2386. 3459. 3459. 2386. 2386. 3459. 3459. 3459. 3459. 3459. 3459. 3459.
 3459. 2386. 
 26. 26. 26. 26. 26. 26. 26. 26. 26. 26. 26. 26. 26. 26. 26. 26. 26. 26.
 26. 26. 26. 26. 26. 26. 26. 26. 
   26.   26.   26.   26.   26. 2386. 3459. 3459. 3459. 2386.   26.   26.
   26.   26.   26.   26.   26.   26. 2386. 3459. 3459. 3459. 3459. 2386.
 2386. 2386. 
 3459. 3459. 3459. 2386. 2386. 2386. 2386. 2386. 2386. 3459. 3459. 3459.
 2386.   26.   26.   26.   26.   26.   26.   26.   26.   26.   26.   26.
   26.   26. 
   26.   26.   26.   26.   26.   26.   26.   26.   26.   26.   26.   26.
   26.   26.   26.   26.   26. 2386. 3459. 3459. 2386. 2386.   26.   26.
   26.   26. 
   26.   26.   26. 2386. 3459. 3459. 3459. 3459. 2386.   26. 2386. 2386.
 2386. 2386. 2386. 2386. 2386. 2386. 2386. 2386. 3459. 2386. 3459. 3459.
 2386.   26. 
   26.   26.   26.   26.   26.   26.   26.   26.   26.   26.   26.   26.
   26.   26.   26.   26.   26.   26.   26.   26.   26.   26.   26.   26.
 2386.   26. 
   26.   26. 2386. 3459. 3459. 3459. 2386.   26.   26.   26.   26.   26.
   26.   26.   26. 2386. 3459. 3459. 2386. 2386.   26.   26.   26.   26.
   26.   26. 
   26.   26.   26. 2386. 2386. 3459. 3459. 2386. 3459. 3459. 2386.   26.
   26.   26.   26.   26.   26.   26.   26.   26.   26.   26.   26.   26.
   26.   26. 
   26.   26.   26.   26.   26.   26.   26.   26.   26.   26. 3459. 2386.
   26. 2386. 2386. 3459. 3459. 2386.   26.   26.   26.   26.   26.   26.
   26.   26. 
   26. 2386. 3459. 3459. 2386.   26.   26.   26.   26.   26.   26.   26.
   26.   26. 2386. 2386. 3459. 3459. 3459. 2386. 3459. 3459. 2386.   26.
   26.   26. 
   26.   26.   26.   26.   26.   26.   26.   26.   26.   26.   26.   26.
   26.   26.   26.   26.   26.   26.   26.   26.   26.   26. 3459. 2386.
 2386. 2386. 
 3459. 3459. 3459. 2386. 2386. 2386. 2386. 2386. 2386.   26.   26.   26.
   26. 2386. 3459. 3459. 3459. 2386. 2386.   26.   26.   26.   26.   26.
   26.   26. 
 2386. 3459. 3459. 3459. 2386. 3459. 3459. 3459. 2386.   26.   26.   26.
   26.   26.   26.   26.   26.   26.   26.   26.   26.   26.   26.   26.
   26.   26. 
   26.   26.   26.   26.   26.   26.   26.   26. 3459. 3459. 2386. 2386.
 3459. 3459. 3459. 3459. 3459. 3459. 3459. 2386. 2386. 2386. 2386.   26.
   26.   26. 
 2386. 3459. 3459. 3459. 2386. 2386.   26.   26.   26.   26.   26. 2386.
 2386. 3459. 3459. 3459. 2386. 3459. 3459. 2386.   26.   26.   26.   26.
   26.   26. 
   26.   26.   26.   26.   26.   26.   26.   26.   26.   26.   26.   26.
   26.   26.   26.   26.   26.   26.   26.   26. 3459. 3459. 2386. 2386.
 2386. 3459. 
 3459. 3459. 3459. 3459. 3459. 3459. 3459. 3459. 2386. 2386.   26.   26.
 2386. 2386. 3459. 3459. 3459. 3459. 2386.   26.   26.   26.   26. 2386.
 3459. 3459. 
 3459. 2386. 3459. 3459. 3459. 2386.   26.   26.   26.   26.   26.   26.
   26.   26.   26.   26.   26.   26.   26.   26.   26.   26.   26.   26.
   26.   26. 
   26.   26.   26.   26.   26.   26. 3459. 3459. 2386. 2386. 2386. 2386.
 2386. 2386. 2386. 3459. 3459. 3459. 3459. 3459. 3459. 2386. 2386.   26.
   26. 2386. 
 2386. 3459. 3459. 3459. 3459. 2386.   26.   26.   26. 2386. 3459. 3459.
 2386. 2386. 3459. 3459. 3459. 2386.   26.   26.   26.   26.   26.   26.
   26.   26. 
   26.   26.   26.   26.   26.   26.   26.   26.   26.   26.   26.   26.
   26.   26.   26.   26.   26.   26. 3459. 3459. 2386. 2386.   26.   26.
 2386. 2386. 
 2386. 2386. 2386. 2386. 3459. 3459. 3459. 3459. 2386.   26.   26.   26.
   26. 2386. 2386. 3459. 3459. 3459. 2386.   26.   26. 2386. 3459. 3459.
 2386. 2386. 
 3459. 3459. 3459. 2386. 2386. 2386. 2386. 2386. 2386.   26.   26.   26.
   26.   26.   26.   26.   26.   26.   26.   26.   26.   26.   26.   26.
   26.   26. 
   26.   26.   26.   26. 3459. 3459. 2386. 2386.   26.   26.   26.   26.
   26.   26.   26.   26. 2386. 3459. 3459. 3459. 2386.   26.   26.   26.
   26. 2386. 
 2386. 2386. 3459. 3459. 2386.   26.   26. 2386. 3459. 3459. 3459. 2386.
 3459. 3459. 3459. 3459. 3459. 3459. 3459. 3459. 2386. 2386.   26.   26.
   26.   26. 
   26.   26.   26.   26.   26.   26.   26.   26.   26.   26.   26.   26.
   26.   26.   26.   26. 3459. 3459. 2386.   26.   26.   26.   26.   26.
   26.   26. 
   26.   26. 2386. 3459. 3459. 3459. 2386.   26. 2386. 2386. 2386. 2386.
 3459. 3459. 3459. 3459. 2386.   26.   26. 2386. 2386. 3459. 3459. 2386.
 3459. 3459. 
 2386. 3459. 3459. 3459. 3459. 3459. 3459. 2386. 2386.   26.   26.   26.
   26.   26.   26.   26.   26.   26.   26.   26.   26.   26.   26.   26.
   26.   26. 
   26.   26. 3459. 2386.   26.   26.   26.   26.   26.   26.   26.   26.
   26. 2386. 2386. 3459. 3459. 3459. 2386. 2386. 2386. 3459. 3459. 3459.
 3459. 3459. 
 2386. 2386.   26.   26.   26.   26. 2386. 2386. 3459. 2386. 3459. 3459.
 3459. 2386. 3459. 3459. 3459. 3459. 3459. 2386. 2386.   26.   26.   26.
   26.   26. 
   26.   26.   26.   26.   26.   26.   26.   26.   26.   26.   26.   26.
   26.   26. 3459. 2386.   26.   26.   26.   26.   26.   26.   26.   26.
   26. 2386. 
 3459. 3459. 3459. 3459. 2386. 3459. 3459. 3459. 3459. 3459. 2386. 2386.
 2386.   26.   26.   26.   26.   26.   26.   26. 2386. 2386. 3459. 3459.
 3459. 3459. 
 2386. 2386. 2386. 3459. 3459. 2386. 2386.   26.   26.   26.   26.   26.
   26.   26.   26.   26.   26.   26.   26.   26.   26.   26.   26.   26.
   26.   26. 
 2386. 2386.   26.   26.   26.   26.   26.   26.   26.   26. 2386. 2386.
 3459. 3459. 3459. 2386. 3459. 3459. 3459. 2386. 2386. 2386.   26.   26.
   26.   26. 
   26.   26.   26.   26.   26.   26.   26.   26. 2386. 3459. 3459. 3459.
 3459. 3459. 3459. 2386. 2386. 2386.   26.   26.   26.   26.   26.   26.
   26.   26. 
   26.   26.   26.   26.   26.   26.   26.   26.   26.   26.   26.   26.
 2386. 2386.   26.   26.   26.   26.   26.   26.   26.   26. 2386. 3459.
 3459. 3459. 
 3459. 2386. 3459. 3459. 3459. 2386. 2386. 2386.   26.   26.   26.   26.
   26.   26.   26.   26.   26.   26.   26.   26.   26. 2386. 2386. 3459.
 3459. 3459. 
 3459. 3459. 3459. 2386.   26.   26.   26.   26.   26.   26.   26.   26.
   26.   26.   26.   26.   26.   26.   26.   26.   26.   26.   26.   26.
 2386. 2386. 
   26.   26.   26.   26.   26.   26.   26.   26. 2386. 3459. 3459. 3459.
 2386. 2386. 2386. 3459. 3459. 3459. 3459. 3459. 2386. 2386.   26.   26.
   26.   26. 
   26.   26.   26.   26.   26.   26.   26.   26.   26. 2386. 2386. 3459.
 3459. 3459. 3459. 3459. 2386.   26.   26.   26.   26.   26.   26.   26.
   26.   26. 
   26.   26.   26.   26.   26.   26.   26.   26.   26.   26. 2386. 2386.
 2386.   26.   26.   26.   26.   26.   26. 2386. 2386. 3459. 3459. 3459.
 2386.   26. 
   26. 2386. 3459. 3459. 3459. 3459. 3459. 3459. 2386. 2386.   26.   26.
   26.   26.   26.   26.   26.   26.   26.   26.   26. 2386. 2386. 2386.
 2386. 3459. 
 3459. 3459. 2386.   26.   26.   26.   26.   26.   26.   26.   26.   26.
   26.   26.   26.   26.   26.   26.   26.   26.   26.   26. 3459. 3459.
 2386. 2386. 
 2386.   26.   26.   26.   26. 2386. 2386. 3459. 3459. 3459. 2386. 2386.
 2386.   26. 2386. 2386. 2386. 3459. 3459. 3459. 3459. 3459. 2386.   26.
   26.   26. 
   26.   26.   26.   26.   26.   26. 2386. 2386. 3459. 3459. 3459. 2386.
 3459. 3459. 2386.   26.   26.   26.   26.   26.   26.   26.   26.   26.
   26.   26. 
   26.   26.   26.   26.   26.   26.   26.   26. 3459. 3459. 3459. 2386.
 2386. 2386.   26.   26.   26. 2386. 2386. 3459. 3459. 3459. 3459. 2386.
 2386. 2386. 
 2386. 2386. 2386. 2386. 2386. 3459. 3459. 3459. 2386. 2386.   26.   26.
   26.   26.   26.   26.   26.   26. 2386. 2386. 3459. 3459. 2386. 2386.
 3459. 3459. 
 2386.   26.   26.   26.   26.   26.   26.   26.   26.   26.   26.   26.
   26.   26.   26.   26.   26.   26.   26.   26. 3459. 3459. 3459. 3459.
 3459. 2386. 
 2386.   26.   26.   26. 2386. 3459. 3459. 3459. 3459. 3459. 3459. 3459.
 2386. 2386. 2386. 2386. 2386. 2386. 3459. 3459. 3459. 2386.   26.   26.
   26.   26. 
   26.   26.   26.   26. 2386. 3459. 3459. 3459. 2386. 2386. 3459. 3459.
 2386.   26.   26.   26.   26.   26.   26.   26.   26.   26.   26.   26.
   26.   26. 
   26.   26.   26.   26.   26.   26. 2386. 2386. 3459. 3459. 3459. 3459.
 2386. 2386. 2386.   26. 2386. 2386. 3459. 3459. 3459. 3459. 3459. 3459.
 3459. 3459. 
 3459. 3459. 2386. 2386. 2386. 3459. 3459. 2386.   26.   26.   26.   26.
   26.   26.   26.   26. 2386. 3459. 3459. 2386. 2386. 3459. 3459. 3459.
 2386.   26. 
   26.   26.   26.   26.   26.   26.   26.   26.   26.   26.   26.   26.
   26.   26.   26.   26.   26.   26. 3459. 3459. 2386. 2386. 3459. 3459.
 3459. 2386. 
 2386.   26.   26. 2386. 2386. 2386. 2386. 3459. 3459. 3459. 3459. 3459.
 3459. 3459. 3459. 2386. 2386. 3459. 2386.   26.   26.   26.   26.   26.
   26.   26. 
   26.   26. 2386. 2386. 3459. 3459. 3459. 3459. 3459. 2386. 2386. 2386.
 2386. 2386. 2386.   26.   26.   26.   26.   26.   26.   26.   26.   26.
   26.   26. 
   26.   26.   26.   26. 2386. 2386. 2386. 2386. 2386. 3459. 3459. 3459.
 2386. 2386.   26.   26.   26. 2386. 2386. 2386. 2386. 2386. 2386. 2386.
 3459. 3459. 
 3459. 3459. 2386. 2386. 2386.   26.   26.   26.   26.   26.   26.   26.
   26.   26. 2386. 3459. 3459. 3459. 3459. 3459. 2386. 3459. 3459. 3459.
 3459. 3459. 
 2386. 2386.   26.   26.   26.   26.   26.   26.   26.   26.   26.   26.
   26.   26.   26.   26. 2386. 2386. 2386. 2386. 2386. 2386. 3459. 3459.
 3459. 2386. 
   26.   26.   26.   26.   26.   26.   26.   26. 2386. 2386. 2386. 2386.
 3459. 3459. 3459. 2386.   26.   26.   26.   26.   26.   26.   26.   26.
   26.   26. 
 2386. 3459. 3459. 2386. 2386. 2386. 2386. 3459. 3459. 3459. 3459. 3459.
 3459. 2386.   26.   26.   26.   26.   26.   26.   26.   26.   26.   26.
   26.   26. 
   26.   26. 2386. 2386. 3459. 2386. 2386. 2386. 2386. 3459. 3459. 2386.
   26.   26.   26.   26.   26.   26.   26.   26.   26.   26. 2386. 2386.
 3459. 3459. 
 2386. 2386.   26.   26.   26.   26.   26.   26.   26.   26.   26. 2386.
 3459. 3459. 3459.   26.   26. 2386. 2386. 2386. 2386. 2386. 3459. 3459.
 3459. 2386. 
   26.   26.   26.   26.   26.   26.   26.   26.   26.   26.   26.   26.
   26.   26. 2386. 2386. 2386. 2386. 2386. 2386. 3459. 3459. 3459. 2386.
   26.   26. 
   26.   26.   26.   26.   26.   26.   26. 2386. 2386. 3459. 3459. 3459.
 2386.   26.   26.   26.   26.   26.   26.   26.   26.   26.   26. 2386.
 3459. 3459. 
 3459. 3459. 2386. 2386.   26.   26.   26. 2386. 2386. 3459. 3459. 2386.
   26.   26.   26.   26.   26.   26.   26.   26.   26.   26.   26.   26.
   26.   26. 
 2386. 2386. 2386. 2386. 2386. 3459. 3459. 3459. 2386. 2386.   26.   26.
   26.   26.   26.   26.   26.   26. 2386. 2386. 3459. 2386. 3459. 2386.
 2386.   26. 
   26.   26.   26.   26.   26.   26.   26.   26.   26.   26. 2386. 3459.
 3459. 3459. 3459. 3459. 2386. 2386. 2386. 2386. 3459. 3459. 3459. 2386.
   26.   26. 
   26.   26.   26.   26.   26.   26.   26.   26.   26.   26.   26.   26.
 3459. 2386. 2386. 3459. 3459. 3459. 3459. 2386. 2386. 2386.   26.   26.
   26.   26. 
   26.   26.   26. 2386. 2386. 3459. 3459. 3459. 2386. 2386. 2386. 2386.
 2386. 2386. 2386. 2386.   26.   26.   26.   26.   26.   26. 2386. 2386.
 3459. 3459. 
 3459. 3459. 3459. 2386. 2386. 2386. 3459. 3459. 2386. 2386.   26.   26.
   26.   26.   26.   26.   26.   26.   26.   26.   26.   26.   26.   26.
 2386. 3459. 
 3459. 3459. 3459. 2386. 2386. 2386. 2386.   26.   26.   26.   26.   26.
   26.   26.   26. 2386. 3459. 3459. 3459. 2386. 2386. 3459. 3459. 3459.
 3459. 3459. 
 3459. 3459. 2386. 2386.   26.   26.   26.   26.   26.   26. 2386. 2386.
 2386. 3459. 3459. 3459. 3459. 3459. 2386. 2386. 2386.   26.   26.   26.
   26.   26. 
   26.   26.   26.   26.   26.   26.   26.   26.   26.   26. 2386. 3459.
 3459. 2386. 2386. 2386. 2386. 2386.   26.   26.   26.   26.   26.   26.
   26.   26. 
 2386. 2386. 3459. 3459. 3459. 2386. 3459. 3459. 3459. 3459. 3459. 3459.
 3459. 3459. 3459. 3459. 2386.   26.   26.   26.   26.   26.   26.   26.
   26. 2386. 
 2386. 3459. 3459. 3459. 3459. 2386.   26.   26.   26.   26.   26.   26.
   26.   26.   26.   26.   26.   26.   26.   26.   26.   26. 3459. 3459.
 2386. 2386. 
 2386.   26.   26.   26.   26.   26.   26.   26.   26.   26.   26.   26.
 2386. 3459. 3459. 3459. 2386. 2386. 2386. 3459. 3459. 2386. 2386. 2386.
 3459. 3459. 
 3459. 3459. 3459.   26.   26.   26.   26.   26.   26.   26.   26. 2386.
 3459. 2386. 2386. 3459. 2386. 2386.   26.   26.   26.   26.   26.   26.
   26.   26. 
   26.   26.   26.   26.   26.   26.   26.   26. 3459. 2386. 2386. 2386.
 2386. 2386. 2386.   26.   26.   26.   26.   26.   26.   26.   26.   26.
 2386. 3459. 
 3459. 2386. 2386. 2386. 2386. 2386. 2386. 2386. 2386. 2386. 2386. 2386.
 3459. 3459. 3459. 2386.   26.   26.   26.   26.   26.   26.   26. 2386.
 3459. 3459. 
 2386. 3459. 3459. 2386.   26.   26.   26.   26.   26.   26.   26.   26.
   26.   26.   26.   26.   26.   26.   26.   26. 3459. 3459. 3459. 2386.
 2386. 2386. 
 2386. 2386.   26.   26.   26.   26.   26.   26.   26.   26. 2386. 3459.
 3459. 3459. 3459. 3459. 3459. 3459. 3459. 3459. 3459. 3459. 3459. 2386.
 2386. 3459. 
 3459. 2386.   26.   26.   26.   26.   26.   26.   26. 2386. 2386. 3459.
 2386. 3459. 3459. 2386. 2386. 2386.   26.   26.   26.   26.   26.   26.
   26.   26. 
   26.   26.   26.   26.   26.   26. 3459. 3459. 3459. 3459. 3459. 2386.
 2386. 2386.   26.   26.   26.   26.   26.   26.   26.   26. 2386. 3459.
 3459. 3459. 
 3459. 3459. 3459. 3459. 3459. 3459. 3459. 3459. 3459. 3459. 2386. 3459.
 3459. 2386.   26.   26.   26.   26.   26.   26.   26.   26. 2386. 2386.
 3459. 3459. 
 2386. 3459. 3459. 2386. 2386.   26.   26.   26.   26.   26.   26.   26.
   26.   26.   26.   26.   26.   26. 2386. 2386. 3459. 3459. 3459. 3459.
 2386. 2386. 
 2386.   26.   26.   26.   26.   26.   26.   26. 2386. 2386. 3459. 3459.
 3459. 3459. 3459. 2386. 3459. 3459. 2386. 3459. 3459. 3459. 2386. 3459.
 2386.   26. 
   26.   26.   26.   26.   26.   26.   26. 2386. 2386. 3459. 3459. 3459.
 2386. 3459. 3459. 3459. 3459. 2386.   26.   26.   26.   26.   26.   26.
   26.   26. 
   26.   26.   26.   26. 2386. 2386. 2386. 2386. 3459. 3459. 3459. 2386.
 2386.   26.   26.   26.   26.   26.   26.   26.   26. 2386. 2386. 2386.
 2386. 2386. 
 2386. 2386. 2386. 2386. 2386. 3459. 3459. 3459. 2386. 2386.   26.   26.
   26.   26.   26.   26.   26.   26. 2386. 3459. 3459. 3459. 3459. 2386.
 2386. 2386. 
 3459. 3459. 3459. 2386.   26.   26.   26.   26.   26.   26.   26.   26.
   26.   26.   26.   26. 2386. 2386. 2386. 2386. 2386. 3459. 3459. 3459.
 2386.   26. 
   26.   26.   26.   26.   26.   26.   26.   26.   26.   26.   26.   26.
   26. 2386. 2386. 2386. 3459. 3459. 3459. 3459. 2386.   26.   26.   26.
   26.   26. 
   26.   26.   26. 2386. 3459. 3459. 3459. 3459. 2386.   26.   26.   26.
 2386. 3459. 3459. 2386.   26.   26.   26.   26.   26.   26.   26.   26.
   26.   26. 
   26.   26. 2386. 2386. 2386. 2386. 2386. 2386. 3459. 3459. 2386.   26.
   26.   26.   26.   26.   26.   26.   26.   26.   26.   26.   26.   26.
 2386. 2386. 
 3459. 3459. 3459. 3459. 3459. 2386. 2386.   26.   26.   26.   26.   26.
   26.   26.   26. 2386. 3459. 3459. 2386. 2386.   26.   26. 2386. 2386.
 3459. 3459. 
 3459. 2386.   26.   26.   26.   26.   26.   26.   26.   26.   26.   26.
   26.   26.   26. 2386. 2386. 3459. 3459. 2386. 3459. 3459. 2386.   26.
   26.   26. 
   26.   26.   26.   26.   26.   26.   26.   26.   26. 2386. 3459. 3459.
 3459. 3459. 3459. 3459. 2386. 2386.   26.   26.   26.   26.   26.   26.
   26.   26. 
   26. 2386. 3459. 3459. 3459. 2386. 2386. 2386. 2386. 3459. 3459. 3459.
 2386.   26.   26.   26.   26.   26.   26.   26.   26.   26.   26.   26.
   26.   26. 
 2386. 2386. 3459. 3459. 2386. 3459. 3459. 3459. 2386.   26.   26.   26.
   26.   26.   26.   26.   26.   26.   26.   26. 2386. 2386. 3459. 3459.
 3459. 3459. 
 2386. 2386. 2386. 2386.   26.   26.   26.   26.   26.   26.   26.   26.
   26.   26. 2386. 3459. 3459. 3459. 3459. 3459. 2386. 2386. 3459. 2386.
 2386.   26. 
   26.   26.   26.   26.   26.   26.   26.   26.   26.   26.   26.   26.
 2386. 3459. 3459. 2386. 2386. 3459. 3459. 2386. 2386.   26.   26.   26.
   26.   26. 
   26.   26.   26.   26.   26.   26. 2386. 3459. 3459. 3459. 2386. 2386.
 2386. 3459. 3459. 2386. 2386. 2386.   26.   26.   26.   26.   26.   26.
   26.   26. 
 2386. 2386. 3459. 3459. 3459. 3459. 3459. 3459. 2386. 2386.   26.   26.
   26.   26.   26.   26.   26.   26.   26.   26.   26.   26.   26.   26.
 3459. 3459. 
 3459. 2386. 3459. 3459. 3459. 2386.   26.   26.   26.   26.   26.   26.
   26.   26.   26.   26.   26.   26. 2386. 2386. 3459. 3459. 3459. 2386.
 2386. 2386. 
 3459. 3459. 3459. 3459. 2386. 2386. 2386.   26.   26.   26.   26.   26.
   26. 2386. 2386. 2386. 2386. 3459. 3459. 3459. 3459. 3459. 2386.   26.
   26.   26. 
   26.   26.   26.   26.   26.   26.   26.   26.   26.   26. 3459. 3459.
 2386. 2386. 3459. 3459. 2386.   26.   26.   26.   26.   26.   26.   26.
   26.   26. 
   26.   26.   26.   26. 2386. 2386. 3459. 3459. 3459. 3459. 3459. 2386.
 2386. 2386. 3459. 3459. 3459. 3459. 3459. 2386. 2386.   26.   26.   26.
   26. 2386. 
 3459. 3459. 3459. 2386. 2386. 3459. 3459. 3459. 3459. 2386.   26.   26.
   26.   26.   26.   26.   26.   26.   26.   26.   26.   26. 3459. 2386.
 2386. 3459. 
 3459. 3459. 2386.   26.   26. 2386. 2386.   26.   26.   26.   26.   26.
   26.   26.   26.   26.   26. 2386. 2386. 3459. 3459. 3459. 3459. 3459.
 3459. 2386. 
 2386. 3459. 3459. 3459. 3459. 3459. 2386. 2386.   26.   26.   26. 2386.
 2386. 3459. 3459. 3459. 3459. 2386. 2386. 3459. 3459. 2386. 2386.   26.
   26.   26. 
   26.   26.   26.   26.   26.   26.   26.   26. 3459. 2386. 3459. 3459.
 3459. 2386. 2386. 2386. 2386. 3459. 3459. 3459. 2386.   26.   26.   26.
   26.   26. 
   26.   26.   26.   26. 2386. 2386. 2386. 2386. 3459. 3459. 3459. 3459.
 3459. 2386. 2386. 2386. 3459. 3459. 3459. 2386.   26.   26.   26.   26.
 2386. 2386. 
 3459. 3459. 3459. 2386. 2386. 3459. 3459. 2386. 2386. 2386. 2386.   26.
   26.   26.   26.   26.   26.   26.   26.   26. 2386. 3459. 3459. 3459.
 3459. 2386. 
 3459. 3459. 3459. 3459. 3459. 3459. 3459. 2386.   26.   26.   26.   26.
   26.   26.   26.   26.   26.   26. 2386. 2386. 2386. 2386. 3459. 3459.
 3459. 3459. 
 2386. 2386. 2386. 3459. 3459. 2386.   26.   26.   26.   26.   26. 2386.
 2386. 2386. 2386. 3459. 3459. 3459. 3459. 2386. 3459. 3459. 2386.   26.
   26.   26. 
   26.   26.   26.   26.   26.   26. 2386. 3459. 3459. 3459. 3459. 3459.
 3459. 3459. 3459. 3459. 3459. 3459. 3459. 2386.   26.   26.   26.   26.
   26.   26. 
   26.   26.   26.   26.   26.   26.   26. 2386. 2386. 3459. 3459. 3459.
 2386. 2386. 2386. 3459. 3459. 2386.   26.   26.   26.   26. 2386. 2386.
 3459. 3459. 
 3459. 3459. 3459. 3459. 2386. 2386. 3459. 3459. 2386.   26.   26.   26.
   26.   26.   26.   26.   26.   26. 2386. 3459. 3459. 3459. 3459. 3459.
 3459. 3459. 
 3459. 2386. 3459. 3459. 3459. 2386.   26.   26.   26.   26.   26.   26.
   26.   26.   26.   26.   26.   26.   26.   26. 2386. 2386. 3459. 3459.
 2386. 2386. 
 3459. 3459. 3459. 2386.   26.   26.   26. 2386. 3459. 3459. 3459. 3459.
 3459. 3459. 3459. 2386. 2386. 2386. 3459. 3459. 2386.   26.   26.   26.
   26.   26. 
   26.   26.   26.   26. 2386. 2386. 3459. 3459. 3459. 3459. 2386. 2386.
 2386. 2386. 3459. 3459. 3459. 2386.   26.   26.   26.   26.   26.   26.
   26.   26. 
   26.   26.   26.   26.   26. 2386. 2386. 3459. 3459. 3459. 2386. 3459.
 3459. 3459. 2386.   26.   26.   26.   26. 2386. 3459. 3459. 3459. 2386.
 2386. 2386. 
   26.   26. 2386. 3459. 3459. 2386. 2386.   26.   26.   26.   26.   26.
   26.   26.   26.   26. 2386. 2386. 2386. 2386. 2386. 2386. 3459. 3459.
 2386. 3459. 
 3459. 3459. 2386. 2386.   26.   26.   26.   26.   26.   26.   26.   26.
   26.   26.   26.   26.   26. 2386. 3459. 3459. 3459. 2386. 2386. 3459.
 3459. 2386. 
 2386.   26.   26.   26. 2386. 3459. 3459. 3459. 2386.   26.   26.   26.
   26.   26. 2386. 3459. 3459. 2386.   26.   26.   26.   26.   26.   26.
   26.   26. 
   26.   26. 2386. 2386. 2386. 2386. 2386. 2386. 2386. 2386. 2386. 3459.
 3459. 2386. 2386. 2386.   26.   26.   26.   26.   26.   26.   26.   26.
   26.   26. 
   26.   26. 2386. 2386. 3459. 3459. 3459. 2386. 3459. 2386. 2386.   26.
   26.   26.   26.   26. 2386. 3459. 3459. 3459. 2386.   26.   26.   26.
   26. 2386. 
 2386. 3459. 3459. 2386.   26.   26.   26.   26.   26.   26.   26.   26.
   26.   26. 
/