PERMI
   22.   22.   22.   22.   22.   22.   22.   22.   22.   22. 1617. 2267.
 2267. 2267. 1617. 1617. 2267. 2267. 2267. 1617. 2267. 1617. 1617. 1617.
 2267. 2267. 
 2267. 1617. 1617.   22.   22.   22.   22.   22.   22.   22.   22.   22.
   22.   22.   22.   22. 1617. 2267. 2267. 2267. 1617.   22.   22.   22.
   22.   22. 
   22.   22.   22.   22.   22.   22.   22.   22.   22.   22.   22.   22.
   22.   22.   22.   22.   22.   22.   22.   22.   22.   22. 1617. 1617.
 1617. 2267. 
 2267. 1617. 1617. 2267. 2267. 2267. 1617. 2267. 1617. 1617. 2267. 2267.
 1617. 1617.   22.   22.   22.   22.   22.   22.   22.   22.   22.   22.
   22.   22. 
   22.   22. 1617. 2267. 2267. 1617. 1617.   22.   22.   22.   22.   22.
   22.   22.   22.   22.   22.   22.   22.   22.   22.   22.   22.   22.
   22.   22. 
   22.   22.   22.   22.   22.   22.   22.   22.   22.   22. 1617. 1617.
 1617. 2267. 1617. 1617. 2267. 2267. 2267. 1617. 1617. 1617. 2267. 2267.
 1617. 1617. 
   22.   22.   22.   22.   22.   22.   22.   22.   22.   22.   22.   22.
   22.   22. 1617. 2267. 2267. 1617. 1617.   22.   22.   22.   22.   22.
   22.   22. 
   22.   22.   22.   22.   22.   22.   22.   22.   22.   22.   22.   22.
   22.   22.   22.   22.   22.   22.   22.   22.   22.   22.   22.   22.
 1617. 1617. 
 2267. 1617. 2267. 2267. 2267. 1617. 1617. 1617. 2267. 2267. 1617. 1617.
   22.   22.   22.   22.   22.   22.   22.   22.   22.   22.   22.   22.
   22.   22. 
 1617. 2267. 2267. 2267. 1617. 1617.   22.   22.   22.   22.   22.   22.
   22.   22.   22.   22.   22.   22.   22.   22.   22.   22.   22.   22.
   22.   22. 
   22.   22.   22.   22.   22.   22.   22.   22.   22.   22. 1617. 2267.
 2267. 1617. 2267. 2267. 2267. 1617. 1617. 1617. 2267. 2267. 1617. 1617.
   22.   22. 
   22.   22.   22.   22.   22.   22.   22.   22.   22.   22.   22.   22.
 1617. 2267. 2267. 2267. 2267. 1617. 1617. 1617.   22.   22.   22.   22.
   22.   22. 
   22.   22.   22.   22.   22.   22.   22.   22.   22.   22.   22.   22.
   22.   22.   22.   22.   22.   22.   22.   22.   22.   22. 1617. 2267.
 2267. 2267. 
 1617. 2267. 2267. 1617. 1617. 1617. 1617. 2267. 2267. 1617. 1617.   22.
   22.   22.   22.   22.   22.   22.   22.   22.   22.   22.   22.   22.
   22. 1617. 
 2267. 2267. 2267. 2267. 2267. 1617. 1617.   22.   22.   22.   22.   22.
   22.   22.   22.   22.   22.   22.   22.   22.   22.   22.   22.   22.
   22.   22. 
   22.   22.   22.   22.   22.   22.   22.   22. 1617. 2267. 2267. 2267.
 1617. 2267. 2267. 1617. 1617. 1617. 1617. 1617. 2267. 2267. 1617.   22.
   22.   22. 
   22.   22.   22.   22.   22.   22.   22.   22.   22.   22.   22. 1617.
 1617. 2267. 2267. 2267. 2267. 2267. 1617.   22.   22.   22.   22.   22.
   22.   22. 
   22.   22.   22.   22.   22.   22.   22.   22.   22.   22.   22.   22.
   22.   22.   22.   22.   22.   22.   22.   22. 1617. 2267. 2267. 2267.
 1617. 1617. 
 2267. 2267. 2267. 2267. 2267. 1617. 1617. 2267. 1617. 1617.   22.   22.
   22.   22.   22.   22.   22.   22.   22.   22.   22.   22.   22.   22.
   22. 1617. 
 1617. 2267. 2267. 2267. 2267. 1617.   22.   22.   22.   22.   22.   22.
   22.   22.   22.   22.   22.   22.   22.   22.   22.   22.   22.   22.
   22.   22. 
   22.   22.   22.   22.   22.   22. 1617. 2267. 2267. 2267. 1617. 1617.
 1617. 1617. 2267. 2267. 2267. 2267. 2267. 1617. 2267. 1617. 1617.   22.
   22.   22. 
   22.   22.   22.   22.   22.   22.   22.   22.   22.   22.   22.   22.
 1617. 1617. 2267. 2267. 2267. 1617.   22.   22.   22.   22.   22.   22.
   22.   22. 
   22.   22.   22.   22.   22.   22.   22.   22.   22.   22.   22.   22.
   22.   22.   22.   22.   22.   22. 1617. 1617. 2267. 2267. 1617. 1617.
 1617. 1617. 
 1617. 1617. 2267. 2267. 2267. 2267. 1617. 1617. 1617.   22.   22.   22.
   22.   22.   22.   22.   22.   22.   22.   22.   22.   22.   22.   22.
   22. 1617. 
 1617. 2267. 2267. 1617.   22.   22.   22.   22.   22.   22.   22.   22.
   22.   22.   22.   22.   22.   22.   22.   22.   22.   22.   22.   22.
   22.   22. 
   22.   22.   22.   22.   22. 1617. 2267. 2267. 2267. 1617. 1617. 2267.
 2267. 2267. 1617. 1617. 2267. 2267. 1617. 2267. 1617.   22.   22.   22.
   22.   22. 
   22.   22.   22.   22.   22.   22.   22.   22.   22.   22.   22. 1617.
 1617. 2267. 2267. 1617.   22.   22.   22.   22.   22.   22.   22.   22.
   22.   22. 
   22.   22.   22.   22.   22.   22.   22.   22.   22.   22.   22.   22.
   22.   22.   22.   22.   22. 1617. 1617. 2267. 2267. 2267. 1617. 1617.
 2267. 2267. 
 2267. 1617. 2267. 2267. 1617. 1617. 1617.   22.   22.   22.   22.   22.
   22.   22.   22.   22.   22.   22.   22.   22.   22.   22.   22. 1617.
 1617. 2267. 
 2267. 1617.   22.   22.   22.   22.   22.   22.   22.   22.   22.   22.
   22.   22.   22.   22.   22.   22.   22.   22.   22.   22.   22.   22.
   22.   22. 
   22.   22.   22.   22. 1617. 1617. 2267. 2267. 2267. 1617. 2267. 2267.
 2267. 1617. 2267. 2267. 1617. 1617. 1617.   22.   22.   22.   22.   22.
   22.   22. 
   22.   22.   22.   22.   22.   22.   22.   22.   22. 1617. 2267. 2267.
 2267. 1617.   22.   22.   22.   22.   22.   22.   22.   22.   22.   22.
   22.   22. 
   22.   22.   22.   22.   22.   22.   22.   22.   22.   22.   22.   22.
   22.   22.   22.   22.   22. 1617. 1617. 2267. 2267. 1617. 2267. 2267.
 1617. 1617. 
 2267. 2267. 1617. 2267. 1617.   22.   22.   22.   22.   22.   22.   22.
   22.   22.   22.   22.   22.   22.   22.   22.   22. 1617. 2267. 2267.
 2267. 1617. 
 22. 22. 22. 22. 22. 22. 22. 22. 22. 22. 22. 22. 22. 22. 22. 22. 22. 22.
 22. 22. 22. 22. 22. 22. 22. 22. 
   22.   22.   22.   22. 1617. 1617. 2267. 1617. 2267. 2267. 1617. 1617.
 2267. 2267. 1617. 2267. 1617.   22.   22.   22.   22.   22.   22.   22.
   22.   22. 
   22.   22.   22.   22.   22.   22.   22. 1617. 2267. 2267. 2267. 1617.
   22.   22.   22.   22.   22.   22.   22.   22.   22.   22.   22.   22.
   22.   22. 
   22.   22.   22.   22.   22.   22.   22.   22.   22.   22.   22.   22.
   22.   22.   22.   22.   22. 1617. 2267. 2267. 1617. 2267. 1617. 2267.
 2267. 2267. 
 1617. 2267. 1617. 1617.   22.   22.   22.   22.   22.   22.   22.   22.
   22.   22.   22.   22.   22.   22.   22.   22. 1617. 2267. 2267. 1617.
   22.   22. 
 22. 22. 22. 22. 22. 22. 22. 22. 22. 22. 22. 22. 22. 22. 22. 22. 22. 22.
 22. 22. 22. 22. 22. 22. 22. 22. 
   22.   22.   22. 1617. 1617. 2267. 1617. 2267. 1617. 2267. 2267. 1617.
 1617. 2267. 1617. 1617.   22.   22.   22.   22.   22.   22.   22.   22.
   22.   22. 
   22.   22.   22.   22.   22.   22. 1617. 2267. 2267. 2267. 1617.   22.
   22.   22.   22.   22.   22.   22.   22.   22.   22.   22.   22.   22.
   22.   22. 
   22.   22.   22.   22.   22.   22.   22.   22.   22.   22.   22.   22.
   22.   22.   22. 1617. 1617. 2267. 1617. 2267. 1617. 2267. 2267. 2267.
 1617. 2267. 
 2267. 1617. 1617. 1617.   22.   22.   22.   22.   22.   22.   22.   22.
   22.   22.   22.   22.   22.   22.   22. 1617. 2267. 2267. 1617.   22.
   22.   22. 
 22. 22. 22. 22. 22. 22. 22. 22. 22. 22. 22. 22. 22. 22. 22. 22. 22. 22.
 22. 22. 22. 22. 22. 22. 22. 22. 
   22. 1617. 2267. 2267. 1617. 2267. 1617. 1617. 2267. 2267. 1617. 1617.
 2267. 2267. 1617. 1617. 1617.   22.   22.   22.   22.   22.   22.   22.
   22.   22. 
   22.   22.   22.   22.   22. 1617. 2267. 2267. 1617.   22.   22.   22.
   22.   22.   22.   22.   22.   22.   22.   22.   22.   22.   22.   22.
   22.   22. 
   22.   22.   22.   22.   22.   22.   22.   22.   22.   22.   22.   22.
   22. 1617. 2267. 2267. 2267. 1617. 2267. 1617. 2267. 2267. 2267. 1617.
 2267. 2267. 
 2267. 1617. 1617.   22.   22.   22.   22.   22.   22.   22.   22.   22.
   22.   22.   22.   22.   22. 1617. 2267. 2267. 1617.   22.   22.   22.
   22.   22. 
   22.   22.   22.   22.   22.   22.   22.   22.   22.   22.   22.   22.
   22.   22.   22.   22.   22.   22.   22.   22.   22.   22.   22.   22.
   22. 1617. 
 2267. 2267. 1617. 1617. 2267. 1617. 1617. 2267. 2267. 1617. 1617. 2267.
 2267. 1617. 1617. 1617.   22.   22.   22.   22.   22.   22.   22.   22.
   22.   22. 
   22.   22.   22. 1617. 2267. 2267. 1617.   22.   22.   22.   22.   22.
   22.   22.   22.   22.   22.   22.   22.   22.   22.   22.   22.   22.
   22.   22. 
   22.   22.   22.   22.   22.   22.   22.   22.   22.   22.   22. 1617.
 2267. 2267. 1617. 1617. 1617. 2267. 1617. 2267. 2267. 1617. 1617. 1617.
 1617. 2267. 
 2267. 1617. 1617.   22.   22.   22.   22.   22.   22.   22.   22.   22.
   22.   22.   22. 1617. 2267. 2267. 1617.   22.   22.   22.   22.   22.
   22.   22. 
   22.   22.   22.   22.   22.   22.   22.   22.   22.   22.   22.   22.
   22.   22.   22.   22.   22.   22.   22.   22.   22.   22.   22. 1617.
 1617. 2267. 
 2267. 1617. 1617. 1617. 1617. 2267. 2267. 1617. 1617. 1617. 1617. 2267.
 2267. 1617. 1617.   22.   22.   22.   22.   22.   22.   22.   22.   22.
   22.   22. 
   22. 1617. 2267. 2267. 1617.   22.   22.   22.   22.   22.   22.   22.
   22.   22.   22.   22.   22.   22.   22.   22.   22.   22.   22.   22.
   22.   22. 
   22.   22.   22.   22.   22.   22.   22.   22.   22. 1617. 1617. 2267.
 2267. 2267. 1617. 1617. 1617. 2267. 2267. 1617. 2267. 1617. 1617. 1617.
 2267. 2267. 
 1617. 1617.   22.   22.   22.   22.   22.   22.   22.   22.   22.   22.
 1617. 2267. 2267. 1617. 1617.   22.   22.   22.   22.   22.   22.   22.
   22.   22. 
   22.   22.   22.   22.   22.   22.   22.   22.   22.   22.   22.   22.
   22.   22.   22.   22.   22.   22.   22.   22.   22.   22. 1617. 2267.
 2267. 2267. 
 1617. 1617. 2267. 2267. 2267. 1617. 2267. 2267. 1617. 1617. 2267. 2267.
 1617. 1617.   22.   22.   22.   22.   22.   22.   22.   22.   22.   22.
 1617. 2267. 
 2267. 1617.   22.   22.   22.   22.   22.   22.   22.   22.   22.   22.
   22.   22.   22.   22.   22.   22.   22.   22.   22.   22.   22.   22.
   22.   22. 
   22.   22.   22.   22.   22.   22.   22.   22.   22. 1617. 1617. 2267.
 1617. 2267. 2267. 2267. 1617. 1617. 2267. 2267. 1617. 1617. 2267. 2267.
 1617. 1617. 
   22.   22.   22.   22.   22.   22.   22.   22.   22. 1617. 2267. 2267.
 2267. 1617.   22.   22.   22.   22.   22.   22.   22.   22.   22.   22.
   22.   22. 
   22.   22.   22.   22.   22.   22.   22.   22.   22.   22.   22.   22.
   22.   22.   22.   22.   22.   22.   22.   22.   22.   22. 1617. 1617.
 1617. 2267. 
 2267. 1617. 1617. 1617. 2267. 2267. 1617. 1617. 2267. 2267. 1617. 1617.
   22.   22.   22.   22.   22.   22.   22.   22.   22. 1617. 2267. 2267.
 1617.   22. 
 22. 22. 22. 22. 22. 22. 22. 22. 22. 22. 22. 22. 22. 22. 22. 22. 22. 22.
 22. 22. 22. 22. 22. 22. 22. 22. 
   22.   22.   22.   22.   22.   22.   22.   22.   22. 1617. 2267. 2267.
 2267. 1617.   22. 1617. 2267. 2267. 1617. 1617. 2267. 2267. 1617. 1617.
 1617.   22. 
   22.   22.   22.   22.   22.   22. 1617. 2267. 2267. 2267. 1617.   22.
   22.   22.   22.   22.   22.   22.   22.   22.   22.   22.   22.   22.
   22.   22. 
   22.   22.   22.   22.   22.   22.   22.   22.   22.   22.   22.   22.
   22.   22.   22.   22.   22.   22.   22.   22.   22. 1617. 2267. 2267.
 2267. 1617. 
   22. 1617. 2267. 2267. 1617. 1617. 2267. 2267. 2267. 1617. 1617. 1617.
 1617.   22.   22.   22.   22.   22. 1617. 2267. 2267. 2267. 1617.   22.
   22.   22. 
 22. 22. 22. 22. 22. 22. 22. 22. 22. 22. 22. 22. 22. 22. 22. 22. 22. 22.
 22. 22. 22. 22. 22. 22. 22. 22. 
   22.   22.   22.   22.   22.   22.   22. 1617. 2267. 2267. 2267. 1617.
 1617. 1617. 2267. 2267. 2267. 1617. 1617. 2267. 2267. 2267. 2267. 1617.
 1617. 1617. 
   22.   22.   22.   22. 1617. 2267. 2267. 2267. 1617.   22.   22.   22.
   22.   22.   22.   22.   22.   22.   22.   22.   22.   22.   22.   22.
   22.   22. 
   22.   22.   22.   22.   22.   22.   22.   22.   22.   22.   22.   22.
   22.   22.   22.   22.   22.   22.   22. 1617. 2267. 2267. 2267. 2267.
 1617. 2267. 
 2267. 2267. 1617. 1617. 1617. 1617. 1617. 2267. 2267. 2267. 1617. 1617.
 1617.   22.   22.   22.   22. 1617. 2267. 2267. 1617.   22.   22.   22.
   22.   22. 
 22. 22. 22. 22. 22. 22. 22. 22. 22. 22. 22. 22. 22. 22. 22. 22. 22. 22.
 22. 22. 22. 22. 22. 22. 22. 22. 
   22.   22.   22.   22.   22. 1617. 1617. 2267. 2267. 2267. 2267. 1617.
 2267. 1617. 1617.   22. 1617. 1617. 1617. 1617. 1617. 2267. 2267. 1617.
 1617. 1617. 
   22.   22.   22. 1617. 2267. 2267. 1617. 1617.   22.   22.   22.   22.
   22.   22.   22.   22.   22.   22.   22.   22.   22.   22.   22.   22.
   22.   22. 
   22.   22.   22.   22.   22.   22.   22.   22.   22.   22.   22.   22.
   22.   22.   22.   22.   22.   22. 1617. 1617. 2267. 2267. 2267. 1617.
 1617. 1617. 
   22.   22.   22.   22. 1617. 1617. 1617. 1617. 2267. 2267. 1617. 1617.
   22.   22.   22. 1617. 2267. 2267. 2267. 1617.   22.   22.   22.   22.
   22.   22. 
 22. 22. 22. 22. 22. 22. 22. 22. 22. 22. 22. 22. 22. 22. 22. 22. 22. 22.
 22. 22. 22. 22. 22. 22. 22. 22. 
   22.   22.   22.   22. 1617. 1617. 1617. 2267. 2267. 2267. 1617. 1617.
   22.   22.   22.   22.   22.   22. 1617. 1617. 1617. 2267. 2267. 1617.
 1617.   22. 
   22. 1617. 2267. 2267. 2267. 1617.   22.   22.   22.   22.   22.   22.
   22.   22.   22.   22.   22.   22.   22.   22.   22.   22.   22.   22.
   22.   22. 
   22.   22.   22.   22.   22.   22.   22.   22.   22.   22.   22.   22.
   22.   22.   22.   22.   22.   22. 1617. 2267. 2267. 2267. 1617. 1617.
 1617.   22. 
   22.   22.   22.   22.   22. 1617. 1617. 2267. 2267. 2267. 1617. 1617.
 1617. 1617. 2267. 2267. 1617. 1617.   22.   22.   22.   22.   22.   22.
   22.   22. 
 22. 22. 22. 22. 22. 22. 22. 22. 22. 22. 22. 22. 22. 22. 22. 22. 22. 22.
 22. 22. 22. 22. 22. 22. 22. 22. 
   22.   22.   22.   22. 1617. 2267. 2267. 2267. 1617. 1617. 1617.   22.
   22.   22.   22.   22.   22.   22. 1617. 1617. 2267. 2267. 1617. 1617.
 1617. 2267. 
 2267. 2267. 1617.   22.   22.   22.   22.   22.   22.   22.   22.   22.
   22.   22.   22.   22.   22.   22.   22.   22.   22.   22.   22.   22.
   22.   22. 
   22.   22.   22.   22.   22.   22.   22.   22.   22.   22.   22.   22.
   22.   22.   22.   22. 1617. 2267. 2267. 2267. 1617. 2267. 1617. 1617.
   22.   22. 
   22.   22.   22.   22.   22. 1617. 2267. 2267. 1617. 1617. 1617. 2267.
 2267. 2267. 1617.   22.   22.   22.   22.   22.   22.   22.   22.   22.
   22.   22. 
 22. 22. 22. 22. 22. 22. 22. 22. 22. 22. 22. 22. 22. 22. 22. 22. 22. 22.
 22. 22. 22. 22. 22. 22. 22. 22. 
   22. 1617. 1617. 2267. 2267. 1617. 1617. 2267. 2267. 1617. 1617.   22.
   22.   22.   22.   22.   22. 1617. 1617. 2267. 2267. 1617. 1617. 2267.
 2267. 1617. 
 22. 22. 22. 22. 22. 22. 22. 22. 22. 22. 22. 22. 22. 22. 22. 22. 22. 22.
 22. 22. 22. 22. 22. 22. 22. 22. 
   22.   22.   22.   22.   22.   22.   22.   22.   22.   22.   22.   22.
   22. 1617. 1617. 2267. 2267. 1617. 1617. 2267. 2267. 2267. 1617. 1617.
   22.   22. 
   22.   22.   22. 1617. 1617. 2267. 2267. 2267. 1617. 1617. 2267. 1617.
   22.   22.   22.   22.   22.   22.   22.   22.   22.   22.   22.   22.
   22.   22. 
   22.   22.   22.   22.   22.   22.   22.   22.   22.   22.   22.   22.
   22.   22.   22.   22.   22.   22.   22.   22.   22.   22.   22.   22.
   22. 1617. 
 1617. 2267. 2267. 1617. 1617. 1617. 2267. 2267. 2267. 1617.   22.   22.
   22.   22.   22.   22. 1617. 1617. 2267. 2267. 1617. 1617. 1617. 1617.
   22.   22. 
 22. 22. 22. 22. 22. 22. 22. 22. 22. 22. 22. 22. 22. 22. 22. 22. 22. 22.
 22. 22. 22. 22. 22. 22. 22. 22. 
   22.   22.   22.   22.   22.   22.   22.   22.   22.   22.   22. 1617.
 1617. 2267. 2267. 1617. 2267. 1617. 2267. 2267. 2267. 1617. 1617.   22.
   22.   22. 
   22.   22. 1617. 1617. 1617. 2267. 2267. 2267. 1617. 1617. 1617.   22.
   22.   22.   22.   22.   22.   22.   22.   22.   22.   22.   22.   22.
   22.   22. 
   22.   22.   22.   22.   22.   22.   22.   22.   22.   22.   22.   22.
   22.   22.   22.   22.   22.   22.   22.   22.   22.   22.   22. 1617.
 1617. 2267. 
 2267. 1617. 1617. 1617. 1617. 2267. 2267. 2267. 1617.   22.   22.   22.
   22.   22.   22. 1617. 1617. 1617. 2267. 2267. 2267. 2267. 1617. 1617.
   22.   22. 
 22. 22. 22. 22. 22. 22. 22. 22. 22. 22. 22. 22. 22. 22. 22. 22. 22. 22.
 22. 22. 22. 22. 22. 22. 22. 22. 
   22.   22.   22.   22.   22.   22.   22.   22.   22.   22. 1617. 2267.
 2267. 2267. 1617. 1617. 1617. 2267. 2267. 2267. 1617.   22.   22.   22.
   22.   22. 
   22.   22. 1617. 1617. 1617. 2267. 2267. 2267. 2267. 1617. 1617.   22.
   22.   22.   22.   22.   22.   22.   22.   22.   22.   22.   22.   22.
   22.   22. 
   22.   22.   22.   22.   22.   22.   22.   22.   22.   22.   22.   22.
   22.   22.   22.   22.   22.   22.   22.   22.   22.   22. 1617. 1617.
 2267. 2267. 
 2267. 1617. 1617. 1617. 2267. 2267. 1617. 1617.   22.   22.   22.   22.
   22.   22.   22.   22. 1617. 1617. 2267. 2267. 2267. 1617. 1617.   22.
   22.   22. 
 22. 22. 22. 22. 22. 22. 22. 22. 22. 22. 22. 22. 22. 22. 22. 22. 22. 22.
 22. 22. 22. 22. 22. 22. 22. 22. 
   22.   22.   22.   22.   22.   22.   22.   22.   22. 1617. 1617. 2267.
 2267. 2267. 1617. 1617. 2267. 2267. 1617. 1617.   22.   22.   22.   22.
   22.   22. 
   22.   22.   22. 1617. 1617. 2267. 2267. 2267. 1617. 1617.   22.   22.
   22.   22.   22.   22.   22.   22.   22.   22.   22.   22.   22.   22.
   22.   22. 
   22.   22.   22.   22.   22.   22.   22.   22.   22.   22.   22.   22.
   22.   22.   22.   22.   22.   22.   22.   22.   22.   22. 1617. 1617.
 2267. 2267. 
 1617. 1617. 2267. 2267. 2267. 1617.   22.   22.   22.   22.   22.   22.
   22.   22.   22.   22. 1617. 1617. 2267. 2267. 1617. 1617. 1617.   22.
   22.   22. 
 22. 22. 22. 22. 22. 22. 22. 22. 22. 22. 22. 22. 22. 22. 22. 22. 22. 22.
 22. 22. 22. 22. 22. 22. 22. 22. 
   22.   22.   22.   22.   22.   22.   22.   22.   22. 1617. 2267. 2267.
 1617. 1617. 2267. 2267. 2267. 1617.   22.   22.   22.   22.   22.   22.
   22.   22. 
   22.   22. 1617. 1617. 2267. 2267. 1617. 1617. 1617. 1617.   22.   22.
   22.   22.   22.   22.   22.   22.   22.   22.   22.   22.   22.   22.
   22.   22. 
   22.   22.   22.   22.   22.   22.   22.   22.   22.   22.   22.   22.
   22.   22.   22.   22.   22.   22.   22.   22. 1617. 1617. 2267. 2267.
 1617. 1617. 
 1617. 2267. 2267. 1617.   22.   22.   22.   22.   22.   22.   22.   22.
   22.   22. 1617. 2267. 2267. 2267. 1617. 2267. 2267. 1617.   22.   22.
   22.   22. 
 22. 22. 22. 22. 22. 22. 22. 22. 22. 22. 22. 22. 22. 22. 22. 22. 22. 22.
 22. 22. 22. 22. 22. 22. 22. 22. 
   22.   22.   22.   22.   22.   22. 1617. 1617. 2267. 2267. 1617. 1617.
 1617. 2267. 2267. 1617. 1617.   22.   22.   22.   22.   22.   22.   22.
   22.   22. 
 1617. 1617. 2267. 2267. 1617. 2267. 2267. 1617.   22.   22.   22.   22.
   22.   22.   22.   22.   22.   22.   22.   22.   22.   22.   22.   22.
   22.   22. 
   22.   22.   22.   22.   22.   22.   22.   22.   22.   22.   22.   22.
   22.   22.   22.   22.   22.   22. 1617. 2267. 2267. 2267. 1617. 1617.
 1617. 1617. 
 2267. 2267. 1617. 1617.   22.   22.   22.   22.   22.   22.   22.   22.
 1617. 1617. 2267. 2267. 1617. 1617. 2267. 1617. 1617.   22.   22.   22.
   22.   22. 
 22. 22. 22. 22. 22. 22. 22. 22. 22. 22. 22. 22. 22. 22. 22. 22. 22. 22.
 22. 22. 22. 22. 22. 22. 22. 22. 
   22.   22.   22.   22. 1617. 2267. 2267. 2267. 1617. 1617. 1617. 1617.
 2267. 2267. 2267. 1617.   22.   22.   22.   22.   22.   22.   22.   22.
 1617. 1617. 
 2267. 2267. 1617. 1617. 2267. 1617. 1617.   22.   22.   22.   22.   22.
   22.   22.   22.   22.   22.   22.   22.   22.   22.   22.   22.   22.
   22.   22. 
   22.   22.   22.   22.   22.   22.   22.   22.   22.   22.   22.   22.
   22.   22.   22.   22. 1617. 2267. 2267. 2267. 1617. 1617. 1617. 1617.
 2267. 2267. 
 2267. 1617. 1617.   22.   22.   22.   22.   22.   22.   22.   22. 1617.
 2267. 2267. 2267. 1617. 2267. 2267. 1617. 1617.   22.   22.   22.   22.
   22.   22. 
 22. 22. 22. 22. 22. 22. 22. 22. 22. 22. 22. 22. 22. 22. 22. 22. 22. 22.
 22. 22. 22. 22. 22. 22. 22. 22. 
   22.   22. 1617. 2267. 2267. 2267. 1617.   22. 1617. 1617. 1617. 2267.
 2267. 2267. 1617.   22.   22.   22.   22.   22.   22.   22.   22. 1617.
 2267. 2267. 
 2267. 1617. 1617. 2267. 2267. 1617. 1617.   22.   22.   22.   22.   22.
   22.   22.   22.   22.   22.   22.   22.   22.   22.   22.   22.   22.
   22.   22. 
   22.   22.   22.   22.   22.   22.   22.   22.   22.   22.   22.   22.
   22.   22. 1617. 1617. 2267. 2267. 1617.   22. 1617. 2267. 1617. 2267.
 2267. 2267. 
 1617. 1617. 1617.   22.   22.   22.   22.   22.   22.   22. 1617. 2267.
 2267. 2267. 1617. 2267. 2267. 2267. 1617. 1617. 1617.   22.   22.   22.
   22.   22. 
 22. 22. 22. 22. 22. 22. 22. 22. 22. 22. 22. 22. 22. 22. 22. 22. 22. 22.
 22. 22. 22. 22. 22. 22. 22. 22. 
 1617. 1617. 2267. 2267. 1617.   22.   22. 1617. 1617. 1617. 2267. 2267.
 1617. 2267. 1617. 1617.   22.   22.   22.   22.   22.   22. 1617. 1617.
 2267. 2267. 
 1617. 1617. 2267. 2267. 2267. 2267. 1617. 1617. 1617.   22.   22.   22.
   22.   22.   22.   22.   22.   22.   22.   22.   22.   22.   22.   22.
   22.   22. 
   22.   22.   22.   22.   22.   22.   22.   22.   22.   22.   22.   22.
   22. 1617. 2267. 2267. 1617.   22.   22. 1617. 1617. 1617. 2267. 2267.
 1617. 1617. 
 2267. 1617. 1617.   22.   22.   22.   22.   22.   22. 1617. 2267. 2267.
 1617. 1617. 1617. 2267. 2267. 2267. 2267. 2267. 1617. 1617.   22.   22.
   22.   22. 
   22.   22.   22.   22.   22.   22.   22.   22.   22.   22.   22.   22.
   22.   22.   22.   22.   22.   22.   22.   22.   22.   22.   22.   22.
   22. 1617. 
 2267. 2267. 1617.   22.   22.   22.   22. 1617. 2267. 2267. 2267. 1617.
 1617. 2267. 1617.   22.   22.   22.   22.   22.   22. 1617. 1617. 2267.
 2267. 1617. 
 1617. 1617. 2267. 2267. 2267. 2267. 2267. 1617.   22.   22.   22.   22.
   22.   22.   22.   22.   22.   22.   22.   22.   22.   22.   22.   22.
   22.   22. 
   22.   22.   22.   22.   22.   22.   22.   22.   22.   22.   22. 1617.
 2267. 2267. 1617. 1617.   22.   22.   22. 1617. 1617. 2267. 2267. 2267.
 1617. 2267. 
 1617. 1617.   22.   22.   22.   22.   22. 1617. 1617. 2267. 2267. 1617.
   22. 1617. 1617. 1617. 2267. 2267. 2267. 2267.   22.   22.   22.   22.
   22.   22. 
   22.   22.   22.   22.   22.   22.   22.   22.   22.   22.   22.   22.
   22.   22.   22.   22.   22.   22.   22.   22.   22.   22.   22. 1617.
 1617. 2267. 
 2267. 1617.   22.   22.   22.   22. 1617. 2267. 2267. 2267. 1617. 1617.
 2267. 1617.   22.   22.   22.   22.   22. 1617. 1617. 2267. 1617. 1617.
   22.   22. 
   22. 1617. 1617. 2267. 2267. 2267.   22.   22.   22.   22.   22.   22.
   22.   22.   22.   22.   22.   22.   22.   22.   22.   22.   22.   22.
   22.   22. 
   22.   22.   22.   22.   22.   22.   22.   22.   22.   22. 1617. 2267.
 2267. 2267. 1617.   22.   22.   22. 1617. 1617. 2267. 2267. 2267. 1617.
 2267. 1617. 
   22.   22.   22.   22.   22. 1617. 2267. 2267. 1617. 1617.   22.   22.
   22.   22. 1617. 1617. 2267. 2267.   22.   22.   22.   22.   22.   22.
   22.   22. 
   22.   22.   22.   22.   22.   22.   22.   22.   22.   22.   22.   22.
   22.   22.   22.   22.   22.   22.   22.   22.   22.   22. 1617. 2267.
 2267. 2267. 
 1617.   22.   22.   22.   22. 1617. 2267. 2267. 2267. 1617. 1617. 1617.
 1617.   22.   22.   22. 1617. 1617. 2267. 2267. 1617. 1617.   22.   22.
   22.   22. 
   22. 1617. 2267. 2267.   22.   22.   22.   22.   22.   22.   22.   22.
   22.   22.   22.   22.   22.   22.   22.   22.   22.   22.   22.   22.
   22.   22. 
   22.   22.   22.   22.   22.   22.   22.   22.   22. 1617. 2267. 2267.
 1617.   22.   22.   22.   22. 1617. 1617. 2267. 2267. 2267. 2267. 1617.
 1617. 1617. 
   22.   22. 1617. 1617. 2267. 2267. 1617.   22.   22.   22.   22.   22.
   22. 1617. 1617. 2267.   22.   22.   22.   22.   22.   22.   22.   22.
   22.   22. 
   22.   22.   22.   22.   22.   22.   22.   22.   22.   22.   22.   22.
   22.   22.   22.   22.   22.   22.   22.   22. 1617. 1617. 2267. 2267.
 1617.   22. 
   22.   22.   22.   22. 1617. 1617. 2267. 2267. 2267. 1617. 1617. 1617.
 1617.   22. 1617. 1617. 2267. 2267. 1617.   22.   22.   22.   22.   22.
   22.   22. 
 1617. 2267.   22.   22.   22.   22.   22.   22.   22.   22.   22.   22.
   22.   22.   22.   22.   22.   22.   22.   22.   22.   22.   22.   22.
   22.   22. 
   22.   22.   22.   22.   22. 1617. 1617. 2267. 2267. 1617.   22.   22.
   22.   22.   22.   22.   22. 1617. 1617. 2267. 2267. 2267. 2267. 1617.
 1617. 1617. 
 1617. 1617. 2267. 1617. 1617.   22.   22.   22.   22.   22.   22.   22.
 1617. 2267. 
/