PERMI
   16. 2170. 2170. 2715. 2715. 2170.   16.   16.   16.   16.   16.   16.
   16. 2170. 2170. 2170. 2170. 2715. 2715. 2715. 2715. 2715. 2715. 2715.
 2715. 2170. 
 2170. 2170.   16.   16. 2170. 2170. 2715. 2715. 2715. 2715. 2170. 2170.
 2170.   16.   16. 2170. 2715. 2715. 2715. 2715. 2170.   16.   16.   16.
   16.   16. 
   16.   16.   16.   16.   16.   16. 2170. 2170. 2715. 2715. 2715. 2170.
   16. 2170. 2170. 2715. 2715. 2170.   16.   16.   16.   16.   16.   16.
   16. 2170. 
 2170. 2170. 2715. 2715. 2715. 2715. 2715. 2715. 2715. 2170. 2170. 2170.
 2170.   16.   16. 2170. 2170. 2715. 2715. 2715. 2715. 2170. 2170.   16.
   16.   16. 
 2170. 2170. 2715. 2715. 2170. 2170. 2170.   16.   16.   16.   16.   16.
   16.   16.   16.   16.   16.   16.   16. 2170. 2170. 2715. 2715. 2715.
   16. 2170. 
 2715. 2715. 2170. 2170.   16.   16.   16.   16.   16.   16.   16.   16.
 2170. 2170. 2715. 2715. 2170. 2170. 2170. 2170. 2170. 2170. 2170.   16.
   16.   16. 
   16. 2170. 2170. 2715. 2715. 2715. 2170. 2170.   16.   16.   16.   16.
 2170. 2715. 2715. 2715. 2170.   16.   16.   16.   16.   16.   16.   16.
   16.   16. 
   16.   16.   16.   16.   16.   16. 2170. 2170. 2715. 2715. 2170. 2170.
 2715. 2715. 2170.   16.   16.   16.   16.   16.   16.   16.   16.   16.
 2170. 2170. 
 2715. 2715. 2170. 2170. 2170. 2170.   16.   16.   16.   16.   16.   16.
   16. 2170. 2170. 2715. 2715. 2715. 2170. 2170.   16.   16.   16.   16.
 2170. 2715. 
 2715. 2715. 2170. 2170. 2170. 2170.   16.   16.   16.   16.   16.   16.
   16.   16.   16.   16.   16.   16.   16.   16. 2170. 2715. 2170. 2715.
 2715. 2715. 
 2170.   16.   16.   16.   16.   16.   16.   16.   16.   16.   16. 2170.
 2715. 2715. 2715. 2170. 2170. 2170. 2170. 2170.   16.   16.   16.   16.
   16. 2170. 
 2170. 2715. 2715. 2715. 2715. 2170. 2170.   16.   16.   16. 2170. 2715.
 2715. 2715. 2715. 2170. 2170. 2170. 2170. 2170.   16.   16.   16.   16.
   16.   16. 
   16.   16.   16.   16.   16.   16.   16. 2170. 2170. 2715. 2715. 2170.
 2170.   16.   16.   16.   16.   16.   16.   16.   16.   16.   16. 2170.
 2170. 2715. 
 2715. 2715. 2715. 2715. 2170. 2170. 2170. 2170.   16.   16.   16.   16.
 2170. 2170. 2715. 2715. 2715. 2170. 2170. 2170.   16.   16. 2170. 2170.
 2715. 2715. 
 2715. 2715. 2715. 2715. 2170. 2170. 2170. 2170.   16.   16.   16.   16.
   16.   16.   16.   16.   16.   16. 2170. 2170. 2170. 2715. 2715. 2170.
   16.   16. 
   16.   16.   16.   16.   16.   16.   16.   16.   16.   16. 2170. 2170.
 2715. 2715. 2715. 2715. 2715. 2715. 2170. 2170. 2170.   16.   16.   16.
   16. 2170. 
 2170. 2715. 2715. 2715. 2170. 2170. 2170.   16.   16. 2170. 2170. 2715.
 2715. 2715. 2715. 2715. 2715. 2715. 2715. 2170. 2170.   16.   16.   16.
   16.   16. 
   16.   16. 2170. 2170. 2715. 2715. 2715. 2715. 2715. 2170.   16.   16.
   16.   16.   16.   16.   16.   16.   16.   16.   16.   16.   16. 2170.
 2170. 2170. 
 2170. 2715. 2715. 2715. 2715. 2715. 2170. 2170.   16.   16.   16. 2170.
 2170. 2170. 2715. 2715. 2715. 2715. 2170. 2170.   16.   16. 2170. 2170.
 2170. 2170. 
 2715. 2715. 2715. 2715. 2715. 2170. 2170.   16.   16.   16.   16.   16.
 2170. 2170. 2170. 2715. 2715. 2715. 2715. 2715. 2715. 2170. 2170.   16.
   16.   16. 
   16.   16.   16.   16.   16.   16.   16.   16. 2170. 2170. 2170. 2170.
 2170. 2170. 2170. 2715. 2715. 2715. 2715. 2170.   16.   16.   16.   16.
 2170. 2170. 
 2170. 2715. 2715. 2715. 2715. 2170. 2170.   16.   16.   16.   16. 2170.
 2170. 2170. 2170. 2715. 2715. 2170. 2170.   16.   16.   16.   16. 2170.
 2170. 2715. 
 2715. 2715. 2715. 2715. 2170. 2715. 2715. 2715. 2170. 2170.   16.   16.
   16.   16.   16.   16.   16.   16. 2170. 2170. 2170. 2170. 2715. 2715.
 2715. 2170. 
 2170. 2170. 2715. 2715. 2715. 2170.   16.   16.   16.   16.   16. 2170.
 2170. 2170. 2715. 2715. 2715. 2715. 2170.   16.   16. 2170. 2170. 2170.
 2170. 2715. 
 2715. 2715. 2715. 2170. 2170.   16.   16.   16. 2170. 2170. 2715. 2715.
 2715. 2715. 2170. 2170. 2170. 2715. 2715. 2715. 2715. 2170. 2170.   16.
   16.   16. 
   16.   16.   16. 2170. 2170. 2715. 2715. 2715. 2715. 2715. 2170. 2170.
 2170. 2715. 2715. 2715. 2170. 2170.   16.   16.   16.   16.   16.   16.
   16. 2170. 
 2170. 2715. 2715. 2715. 2170. 2170. 2170. 2170. 2170. 2715. 2715. 2715.
 2715. 2715. 2170. 2170.   16.   16.   16. 2170. 2715. 2715. 2715. 2715.
 2170. 2170. 
   16.   16. 2170. 2170. 2170. 2715. 2715. 2715. 2170. 2170. 2170.   16.
   16.   16. 2170. 2170. 2715. 2715. 2715. 2715. 2170. 2170. 2170. 2715.
 2715. 2715. 
 2715. 2170. 2170.   16.   16.   16.   16.   16.   16.   16.   16. 2170.
 2170. 2715. 2715. 2715. 2170. 2170. 2715. 2715. 2715. 2715. 2715. 2715.
 2170. 2170. 
 2170.   16.   16.   16. 2170. 2170. 2715. 2715. 2715. 2170. 2170.   16.
   16.   16. 2170. 2170. 2170. 2170. 2715. 2715. 2715. 2715. 2170. 2170.
   16.   16. 
 2170. 2170. 2715. 2715. 2715. 2170. 2170. 2170. 2715. 2715. 2715. 2715.
 2170. 2170. 2170.   16.   16.   16.   16.   16.   16.   16. 2170. 2170.
 2715. 2715. 
 2715. 2170. 2170. 2715. 2715. 2715. 2715. 2170. 2170. 2170. 2170. 2170.
   16.   16.   16.   16. 2170. 2715. 2715. 2170. 2170. 2170.   16.   16.
   16.   16. 
 2170.   16.   16. 2170. 2170. 2715. 2715. 2715. 2715. 2170. 2170.   16.
 2170. 2170. 2715. 2715. 2170. 2170. 2170. 2715. 2715. 2715. 2170. 2170.
 2170.   16. 
   16.   16.   16.   16.   16.   16.   16. 2170. 2170. 2715. 2715. 2715.
 2170. 2170. 2170. 2715. 2715. 2715. 2170. 2170.   16.   16.   16.   16.
   16.   16. 
   16.   16. 2170. 2715. 2715. 2170. 2170.   16.   16.   16.   16.   16.
 2170.   16.   16.   16. 2170. 2170. 2715. 2715. 2715. 2715. 2170.   16.
   16. 2170. 
 2170. 2715. 2170. 2170. 2715. 2715. 2170. 2170. 2170. 2170. 2170. 2170.
 2170. 2170. 2170.   16.   16.   16. 2170. 2170. 2715. 2715. 2715. 2715.
 2170. 2170. 
 2170. 2715. 2715. 2715. 2170. 2170.   16.   16.   16.   16.   16.   16.
   16.   16. 2170. 2715. 2715. 2715. 2170.   16.   16.   16.   16.   16.
 2170.   16. 
   16. 2170. 2170. 2170. 2170. 2715. 2715. 2715. 2170. 2170.   16.   16.
 2170. 2170. 2170. 2170. 2715. 2715. 2170. 2170. 2170. 2170. 2715. 2715.
 2170. 2170. 
 2170. 2170.   16.   16. 2170. 2170. 2715. 2715. 2715. 2170. 2170.   16.
 2170. 2170. 2715. 2715. 2715. 2170. 2170.   16.   16.   16.   16.   16.
   16.   16. 
 2170. 2715. 2715. 2715. 2170.   16.   16.   16.   16.   16.   16. 2170.
 2170. 2170. 2170. 2715. 2715. 2715. 2715. 2715. 2170.   16.   16.   16.
   16.   16. 
 2170. 2170. 2715. 2715. 2715. 2715. 2715. 2715. 2715. 2715. 2715. 2715.
 2715. 2170. 2170. 2170. 2170. 2715. 2715. 2715. 2170. 2170.   16.   16.
   16. 2170. 
 2170. 2715. 2715. 2715. 2715. 2170. 2170.   16.   16.   16.   16.   16.
   16. 2170. 2715. 2715. 2170. 2170.   16.   16.   16.   16. 2170. 2170.
 2715. 2715. 
 2715. 2715. 2715. 2715. 2715. 2170. 2170.   16.   16.   16.   16.   16.
   16. 2170. 2170. 2170. 2715. 2715. 2715. 2715. 2170. 2170. 2715. 2715.
 2715. 2715. 
 2170. 2170. 2170. 2715. 2715. 2170. 2170.   16.   16.   16.   16.   16.
 2170. 2170. 2715. 2715. 2715. 2715. 2170. 2170.   16.   16.   16.   16.
   16. 2170. 
 2715. 2715. 2715. 2170. 2170.   16.   16.   16. 2170. 2715. 2715. 2715.
 2715. 2715. 2715. 2715. 2170. 2170.   16.   16.   16.   16.   16.   16.
   16. 2170. 
 2170. 2170. 2170. 2170. 2170. 2170. 2170. 2170. 2170. 2715. 2715. 2715.
 2170. 2170. 2170. 2715. 2715. 2170. 2170.   16.   16.   16.   16.   16.
 2170. 2170. 
 2170. 2715. 2715. 2715. 2715. 2170. 2170.   16.   16.   16.   16. 2170.
 2170. 2715. 2715. 2715. 2170. 2170.   16.   16. 2715. 2715. 2715. 2715.
 2715. 2170. 
 2170. 2170.   16.   16.   16.   16.   16.   16.   16.   16.   16.   16.
 2170. 2170. 2715. 2715. 2715. 2170.   16. 2170. 2170. 2715. 2715. 2715.
 2170. 2170. 
 2170. 2715. 2715. 2715. 2170. 2170. 2170. 2170. 2170. 2170.   16.   16.
 2170. 2170. 2170. 2715. 2715. 2715. 2170.   16.   16.   16.   16.   16.
 2170. 2170. 
 2715. 2715. 2715. 2170.   16.   16. 2715. 2715. 2715. 2170. 2170. 2170.
   16.   16.   16.   16.   16.   16.   16.   16.   16.   16.   16. 2170.
 2170. 2715. 
 2715. 2715. 2170. 2170.   16. 2170. 2170. 2715. 2715. 2170. 2170.   16.
 2170. 2170. 2715. 2715. 2715. 2715. 2170. 2170. 2170. 2170. 2170. 2170.
   16.   16. 
 2170. 2170. 2715. 2715. 2170.   16.   16.   16.   16.   16.   16. 2170.
 2170. 2715. 2715. 2170.   16.   16. 2715. 2170. 2170.   16.   16.   16.
   16.   16. 
   16.   16.   16.   16.   16.   16.   16. 2170. 2170. 2170. 2715. 2715.
 2715. 2715. 2170.   16. 2170. 2170. 2170. 2715. 2715. 2170. 2170.   16.
 2170. 2170. 
 2170. 2715. 2715. 2715. 2715. 2715. 2715. 2715. 2170. 2170.   16.   16.
 2170. 2715. 2715. 2715. 2170.   16.   16.   16.   16.   16.   16.   16.
 2170. 2715. 
 2715. 2170.   16.   16. 2715. 2715. 2170. 2170. 2170.   16.   16.   16.
   16.   16.   16.   16.   16.   16. 2170. 2170. 2715. 2715. 2715. 2715.
 2170. 2170. 
   16. 2170. 2170. 2715. 2715. 2715. 2715. 2170.   16.   16.   16. 2170.
 2170. 2170. 2170. 2715. 2715. 2715. 2715. 2715. 2715. 2170. 2170. 2170.
 2715. 2715. 
 2715. 2715. 2170.   16.   16.   16.   16.   16.   16. 2170. 2170. 2715.
 2715. 2170.   16.   16. 2715. 2715. 2715. 2715. 2170. 2170. 2170.   16.
   16.   16. 
   16.   16.   16. 2170. 2715. 2715. 2715. 2715. 2715. 2170. 2170.   16.
 2170. 2170. 2715. 2715. 2715. 2715. 2170. 2170.   16.   16.   16.   16.
   16. 2170. 
 2170. 2170. 2170. 2170. 2170. 2715. 2715. 2170. 2170. 2715. 2715. 2715.
 2715. 2170. 2170.   16.   16.   16.   16.   16. 2170. 2170. 2715. 2715.
 2715. 2170. 
   16.   16. 2715. 2715. 2715. 2715. 2715. 2170. 2170. 2170.   16.   16.
   16.   16. 2170. 2715. 2715. 2715. 2715. 2715. 2170. 2170.   16. 2170.
 2170. 2715. 
 2715. 2715. 2715. 2170. 2170.   16.   16.   16.   16.   16.   16.   16.
   16. 2170. 2170. 2170. 2170. 2170. 2170. 2170. 2715. 2715. 2715. 2715.
 2170. 2170. 
   16.   16.   16.   16.   16. 2170. 2170. 2715. 2715. 2715. 2170. 2170.
   16.   16. 2170. 2170. 2715. 2715. 2715. 2715. 2715. 2170. 2170.   16.
   16.   16. 
 2170. 2715. 2715. 2715. 2170. 2170. 2170.   16.   16. 2170. 2170. 2715.
 2715. 2715. 2170. 2170.   16.   16.   16.   16.   16.   16.   16.   16.
   16.   16. 
 2170. 2170. 2170. 2170. 2715. 2715. 2715. 2715. 2715. 2170. 2170.   16.
   16.   16.   16.   16. 2170. 2170. 2715. 2715. 2715. 2170. 2170.   16.
   16.   16. 
 2170. 2170. 2170. 2715. 2715. 2715. 2715. 2715. 2170. 2170.   16. 2170.
 2715. 2715. 2715. 2715. 2170.   16.   16.   16.   16. 2170. 2170. 2715.
 2715. 2170. 
 2170. 2170. 2170. 2170.   16.   16.   16.   16.   16.   16.   16. 2170.
 2170. 2170. 2170. 2170. 2715. 2715. 2715. 2170. 2170. 2170. 2170.   16.
   16.   16. 
   16. 2170. 2170. 2715. 2715. 2715. 2170. 2170.   16.   16.   16.   16.
 2715. 2170. 2170. 2170. 2170. 2715. 2715. 2715. 2715. 2170. 2170. 2170.
 2170. 2715. 
 2715. 2170.   16.   16.   16.   16.   16. 2170. 2170. 2715. 2715. 2715.
 2715. 2170. 2170. 2170. 2170.   16.   16.   16.   16.   16.   16. 2170.
 2170. 2715. 
 2170. 2170. 2715. 2715. 2170. 2170. 2170. 2170. 2170. 2170. 2170. 2170.
 2170. 2170. 2715. 2715. 2715. 2170. 2170.   16.   16.   16.   16.   16.
 2715. 2715. 
 2715. 2170. 2170. 2170. 2170. 2715. 2715. 2170. 2170.   16. 2170. 2715.
 2715. 2170. 2170.   16.   16.   16.   16.   16. 2170. 2170. 2715. 2715.
 2715. 2715. 
 2715. 2715. 2170. 2170.   16.   16.   16.   16. 2170. 2170. 2715. 2715.
 2170. 2170. 2715. 2715. 2715. 2715. 2715. 2715. 2715. 2715. 2715. 2715.
 2170. 2715. 
 2715. 2715. 2170. 2170.   16.   16.   16.   16.   16.   16. 2715. 2715.
 2715. 2170.   16. 2170. 2170. 2715. 2715. 2715. 2170.   16. 2170. 2715.
 2715. 2715. 
 2170. 2170.   16.   16.   16.   16.   16. 2170. 2170. 2170. 2715. 2715.
 2715. 2715. 2715. 2170. 2170.   16.   16. 2170. 2170. 2715. 2715. 2715.
 2170. 2170. 
 2715. 2715. 2715. 2715. 2715. 2715. 2715. 2715. 2715. 2715. 2170. 2715.
 2715. 2170. 2170.   16.   16.   16.   16.   16.   16.   16. 2715. 2715.
 2170. 2170. 
 2170. 2170. 2715. 2715. 2715. 2170. 2170.   16. 2170. 2170. 2715. 2715.
 2715. 2170. 2170.   16.   16.   16.   16.   16. 2170. 2170. 2170. 2170.
 2170. 2715. 
 2715. 2170. 2170.   16.   16. 2170. 2170. 2715. 2715. 2170. 2170.   16.
 2170. 2170. 2170. 2170. 2170. 2170. 2170. 2170. 2170. 2715. 2170. 2715.
 2715. 2170. 
   16.   16.   16.   16.   16.   16.   16.   16. 2715. 2715. 2170. 2170.
 2170. 2715. 2715. 2715. 2715. 2170.   16.   16.   16. 2170. 2170. 2715.
 2715. 2715. 
 2170.   16.   16.   16.   16.   16.   16.   16. 2170. 2170. 2170. 2170.
 2715. 2715. 2170. 2170. 2170. 2170. 2715. 2715. 2715. 2170. 2170.   16.
   16.   16. 
   16.   16.   16.   16.   16. 2170. 2715. 2715. 2170. 2715. 2715. 2715.
 2170.   16.   16.   16.   16.   16.   16.   16. 2170. 2170. 2170. 2170.
 2170. 2715. 
 2715. 2715. 2170. 2170.   16.   16.   16.   16. 2170. 2715. 2715. 2715.
 2715. 2170.   16.   16.   16.   16.   16.   16.   16.   16. 2170. 2170.
 2715. 2715. 
 2170. 2170. 2170. 2170. 2715. 2715. 2170. 2170. 2170. 2170. 2170.   16.
   16.   16.   16.   16. 2170. 2715. 2715. 2715. 2170. 2170. 2715. 2715.
 2715. 2170. 
 2170.   16.   16.   16.   16.   16. 2170. 2170. 2170. 2170. 2715. 2715.
 2170. 2170. 2170.   16.   16.   16.   16.   16.   16. 2170. 2715. 2715.
 2715. 2715. 
 2170.   16.   16.   16.   16.   16. 2170. 2170. 2170. 2715. 2715. 2715.
 2170. 2170. 2170. 2170. 2715. 2715. 2715. 2715. 2170. 2170. 2170. 2170.
 2170.   16. 
   16. 2170. 2715. 2715. 2715. 2715. 2170. 2170. 2715. 2715. 2715. 2715.
 2170. 2170.   16.   16.   16.   16. 2170. 2170. 2715. 2715. 2715. 2715.
 2170. 2170. 
   16.   16.   16.   16.   16.   16.   16. 2170. 2170. 2715. 2715. 2715.
 2170.   16.   16.   16.   16. 2170. 2170. 2170. 2715. 2715. 2715. 2170.
 2170. 2170. 
   16. 2170. 2170. 2715. 2715. 2715. 2715. 2715. 2715. 2170. 2170. 2170.
 2170. 2170. 2715. 2715. 2715. 2170. 2170.   16. 2170. 2715. 2715. 2715.
 2715. 2170. 
 2170.   16.   16.   16. 2170. 2715. 2715. 2715. 2170. 2170. 2170.   16.
   16.   16.   16.   16.   16.   16.   16.   16. 2170. 2170. 2715. 2715.
 2170.   16. 
   16.   16. 2170. 2170. 2715. 2715. 2715. 2715. 2170. 2170. 2170.   16.
   16.   16. 2170. 2170. 2715. 2715. 2715. 2715. 2715. 2715. 2715. 2170.
 2170. 2715. 
 2715. 2715. 2170. 2170.   16.   16. 2170. 2170. 2715. 2715. 2715. 2715.
 2715. 2170.   16.   16. 2715. 2715. 2715. 2170. 2170. 2170.   16.   16.
   16.   16. 
   16.   16.   16.   16.   16.   16. 2170. 2715. 2715. 2715. 2170.   16.
   16. 2170. 2170. 2715. 2715. 2715. 2715. 2170. 2170. 2170.   16.   16.
   16.   16. 
   16. 2170. 2170. 2170. 2170. 2170. 2715. 2715. 2715. 2170. 2715. 2715.
 2715. 2170. 2170.   16.   16.   16.   16. 2170. 2170. 2170. 2715. 2715.
 2715. 2715. 
 2170.   16. 2715. 2715. 2170. 2170.   16.   16.   16.   16.   16.   16.
   16.   16.   16.   16.   16. 2170. 2170. 2715. 2715. 2170. 2170.   16.
   16. 2170. 
 2170. 2715. 2715. 2170. 2170. 2170. 2170.   16.   16.   16.   16.   16.
   16.   16.   16. 2170. 2170. 2170. 2170. 2715. 2170. 2170. 2715. 2715.
 2715. 2170. 
   16.   16.   16.   16.   16.   16.   16. 2170. 2170. 2715. 2715. 2715.
 2170.   16. 2715. 2715. 2170. 2170. 2170. 2170. 2170. 2170.   16.   16.
   16.   16. 
   16.   16. 2170. 2170. 2715. 2715. 2170. 2170.   16.   16.   16. 2170.
 2170. 2170. 2715. 2170. 2170.   16.   16.   16.   16.   16.   16.   16.
   16.   16. 
   16.   16.   16.   16. 2170. 2170. 2170. 2170. 2715. 2715. 2170. 2170.
   16.   16.   16.   16.   16.   16.   16.   16. 2170. 2170. 2715. 2715.
 2170. 2170. 
 2715. 2715. 2715. 2715. 2170. 2170. 2170. 2170.   16.   16.   16.   16.
   16. 2170. 2170. 2715. 2715. 2715. 2170.   16.   16.   16.   16. 2170.
 2170. 2715. 
 2715. 2170. 2170. 2170.   16.   16.   16.   16.   16.   16.   16.   16.
   16.   16. 2170. 2170. 2170. 2170. 2170. 2170. 2715. 2715. 2170. 2170.
 2170.   16. 
   16.   16.   16.   16.   16. 2170. 2170. 2715. 2715. 2715. 2170.   16.
 2170. 2715. 2715. 2715. 2170. 2170. 2715. 2170.   16.   16.   16.   16.
 2170. 2170. 
 2715. 2715. 2715. 2170. 2170.   16.   16.   16.   16. 2170. 2170. 2715.
 2715. 2715. 2170. 2170. 2170. 2170. 2170.   16.   16.   16.   16.   16.
   16. 2170. 
 2170. 2170. 2715. 2715. 2715. 2170. 2715. 2715. 2715. 2715. 2170. 2170.
 2170.   16.   16.   16. 2170. 2170. 2715. 2715. 2715. 2170. 2170.   16.
 2170. 2170. 
 2715. 2715. 2715. 2715. 2170. 2170. 2170.   16.   16. 2170. 2170. 2715.
 2715. 2715. 2170. 2170.   16.   16.   16.   16.   16.   16. 2170. 2170.
 2715. 2715. 
 2715. 2715. 2170. 2170. 2170. 2170.   16.   16.   16. 2170. 2170. 2170.
 2170. 2715. 2715. 2715. 2715. 2170. 2170. 2715. 2715. 2715. 2715. 2715.
 2170. 2170. 
 2170. 2170. 2170. 2715. 2715. 2715. 2715. 2170.   16.   16. 2170. 2170.
 2170. 2715. 2715. 2715. 2170. 2170. 2170.   16. 2170. 2170. 2715. 2715.
 2715. 2715. 
 2170.   16.   16.   16.   16.   16.   16.   16. 2170. 2170. 2170. 2715.
 2715. 2715. 2715. 2715. 2715. 2170. 2170.   16.   16. 2170. 2170. 2715.
 2715. 2715. 
 2715. 2170. 2170. 2170. 2170. 2170. 2170. 2715. 2715. 2715. 2715. 2170.
 2170. 2170. 2715. 2715. 2715. 2715. 2170.   16.   16.   16.   16.   16.
 2170. 2170. 
 2715. 2715. 2715. 2170. 2170. 2170. 2170. 2715. 2715. 2715. 2170. 2170.
 2170.   16.   16.   16.   16.   16.   16.   16.   16. 2170. 2170. 2170.
 2170. 2715. 
 2715. 2715. 2715. 2715. 2170. 2170. 2170. 2170. 2715. 2715. 2715. 2715.
 2170. 2170. 2170.   16.   16.   16. 2170. 2170. 2715. 2715. 2170. 2170.
 2715. 2715. 
 2715. 2715. 2170. 2170.   16.   16.   16.   16.   16. 2170. 2170. 2170.
 2170. 2715. 2715. 2170. 2170. 2170. 2715. 2715. 2715. 2170. 2170.   16.
   16.   16. 
   16.   16.   16.   16.   16.   16.   16.   16.   16. 2170. 2170. 2170.
 2170. 2170. 2715. 2715. 2715. 2170. 2170. 2170. 2715. 2715. 2715. 2170.
 2170. 2170. 
   16.   16.   16.   16.   16.   16. 2170. 2170. 2170. 2715. 2715. 2715.
 2715. 2170. 2170.   16.   16.   16.   16.   16. 2170. 2170. 2170. 2715.
 2170. 2715. 
 2715. 2715. 2170. 2170. 2715. 2715. 2170. 2170.   16.   16.   16.   16.
   16.   16.   16.   16.   16.   16.   16.   16.   16.   16.   16.   16.
 2170. 2170. 
 2715. 2715. 2715. 2170. 2170. 2715. 2715. 2715. 2170. 2170. 2170.   16.
   16.   16.   16.   16.   16.   16.   16. 2170. 2170. 2715. 2715. 2170.
 2170. 2170. 
   16.   16.   16.   16.   16.   16. 2170. 2170. 2715. 2715. 2170. 2170.
 2715. 2715. 2170. 2170. 2715. 2715. 2170.   16.   16.   16.   16.   16.
   16.   16. 
   16.   16.   16.   16.   16.   16.   16.   16.   16.   16.   16. 2170.
 2170. 2715. 2715. 2715. 2170. 2715. 2715. 2715. 2170. 2170. 2170. 2170.
   16.   16. 
   16.   16.   16.   16.   16. 2170. 2715. 2715. 2715. 2170. 2170.   16.
   16.   16.   16.   16.   16.   16. 2170. 2715. 2715. 2715. 2170. 2170.
 2715. 2715. 
 2170. 2170. 2715. 2715. 2170. 2170.   16.   16.   16.   16.   16.   16.
   16.   16.   16.   16.   16.   16.   16.   16. 2170. 2170. 2170. 2170.
 2170. 2715. 
 2715. 2170. 2170. 2715. 2715. 2715. 2715. 2715. 2170. 2170. 2170.   16.
   16.   16.   16.   16.   16. 2170. 2715. 2715. 2715. 2170. 2170.   16.
   16.   16. 
   16.   16.   16.   16. 2715. 2715. 2715. 2170. 2170. 2715. 2715. 2715.
 2170. 2170. 2715. 2715. 2715. 2170. 2170.   16.   16.   16.   16.   16.
   16.   16. 
   16.   16.   16.   16. 2170. 2170. 2170. 2715. 2715. 2715. 2715. 2715.
 2715. 2170. 2170. 2170. 2170. 2715. 2715. 2715. 2715. 2170. 2170. 2170.
   16.   16. 
   16. 2170. 2170. 2170. 2715. 2715. 2715. 2170. 2170.   16.   16.   16.
   16.   16.   16.   16. 2715. 2715. 2170. 2170. 2715. 2715. 2715. 2170.
 2170. 2170. 
 2715. 2715. 2715. 2715. 2170. 2170.   16.   16.   16.   16.   16.   16.
   16.   16. 2170. 2170. 2170. 2715. 2715. 2715. 2715. 2715. 2715. 2715.
 2170. 2170. 
   16. 2170. 2170. 2170. 2715. 2715. 2715. 2715. 2715. 2170. 2170. 2170.
 2170. 2170. 2715. 2170. 2170. 2715. 2715. 2170. 2170.   16.   16.   16.
   16.   16. 
   16.   16. 2715. 2170. 2170. 2715. 2715. 2715. 2170. 2170.   16. 2170.
 2170. 2170. 2715. 2715. 2715. 2170. 2170. 2170.   16.   16.   16.   16.
   16.   16. 
 2170. 2715. 2715. 2715. 2715. 2715. 2715. 2715. 2170. 2170. 2170.   16.
   16.   16. 2170. 2170. 2170. 2170. 2715. 2715. 2715. 2715. 2170. 2170.
 2170. 2715. 
 2715. 2715. 2170. 2715. 2715. 2715. 2170.   16.   16.   16.   16.   16.
   16.   16. 2715. 2170. 2715. 2715. 2715. 2715. 2170. 2170. 2170.   16.
   16. 2170. 
 2170. 2715. 2715. 2715. 2170. 2170. 2170.   16.   16.   16.   16. 2170.
 2170. 2715. 2715. 2715. 2715. 2715. 2170. 2170. 2170.   16.   16.   16.
   16.   16. 
   16.   16. 2170. 2170. 2170. 2715. 2715. 2715. 2715. 2170. 2715. 2715.
 2715. 2715. 2170. 2170. 2715. 2715. 2170. 2170.   16.   16.   16.   16.
   16.   16. 
 2170. 2170. 2715. 2715. 2715. 2170. 2170. 2170. 2170. 2170. 2170.   16.
 2170. 2170. 2715. 2715. 2715. 2715. 2170. 2170.   16.   16.   16. 2170.
 2715. 2715. 
 2715. 2170. 2170. 2170. 2170. 2170.   16.   16.   16.   16.   16.   16.
   16.   16.   16. 2170. 2170. 2170. 2170. 2715. 2170. 2715. 2715. 2715.
 2170. 2170. 
   16. 2170. 2715. 2715. 2715. 2170.   16.   16.   16.   16.   16.   16.
 2715. 2715. 2715. 2715. 2170. 2170. 2715. 2715. 2715. 2170. 2170. 2170.
   16. 2170. 
 2170. 2715. 2715. 2715. 2715. 2170.   16.   16.   16. 2170. 2715. 2715.
 2170. 2170.   16.   16.   16.   16.   16.   16.   16.   16.   16.   16.
   16.   16. 
   16.   16.   16. 2170. 2170. 2170. 2170. 2715. 2715. 2170. 2170.   16.
   16. 2170. 2170. 2715. 2715. 2170.   16.   16.   16.   16.   16.   16.
 2715. 2715. 
 2715. 2170. 2170. 2715. 2715. 2715. 2715. 2715. 2715. 2170. 2170.   16.
 2170. 2170. 2715. 2715. 2715. 2170. 2170.   16.   16. 2170. 2715. 2715.
 2715. 2170. 
   16.   16.   16.   16.   16.   16.   16.   16.   16.   16.   16.   16.
   16.   16.   16.   16. 2170. 2170. 2715. 2715. 2715. 2170. 2170.   16.
   16.   16. 
 2170. 2715. 2715. 2170.   16.   16.   16.   16.   16.   16. 2715. 2715.
 2170. 2170. 2170. 2170. 2715. 2715. 2715. 2715. 2715. 2715. 2170.   16.
 2170. 2170. 
 2715. 2715. 2715. 2170. 2170.   16.   16. 2170. 2170. 2715. 2715. 2170.
 2170.   16.   16.   16.   16.   16.   16.   16.   16.   16.   16.   16.
   16.   16. 
   16.   16. 2170. 2170. 2715. 2715. 2170. 2170. 2170.   16.   16.   16.
 2170. 2170. 2715. 2170. 2170.   16.   16.   16.   16.   16. 2715. 2170.
 2170. 2170. 
 2170. 2170. 2170. 2170. 2170. 2170. 2715. 2715. 2170. 2170. 2170. 2170.
 2715. 2715. 2715. 2170.   16.   16.   16.   16. 2170. 2715. 2715. 2715.
 2170. 2170. 
   16.   16.   16.   16.   16.   16.   16.   16.   16.   16.   16.   16.
   16.   16. 2170. 2170. 2715. 2715. 2715. 2170. 2170. 2170. 2170. 2170.
 2170. 2170. 
 2715. 2715. 2170.   16.   16.   16.   16.   16. 2170. 2170.   16.   16.
   16.   16. 2170. 2170. 2170. 2170. 2715. 2715. 2170. 2170. 2170. 2170.
 2715. 2715. 
 2170. 2170.   16.   16.   16.   16. 2170. 2170. 2715. 2715. 2715. 2170.
 2170.   16.   16.   16.   16.   16.   16.   16.   16.   16.   16.   16.
   16. 2170. 
 2170. 2170. 2170. 2715. 2715. 2715. 2715. 2715. 2715. 2170. 2170. 2715.
 2715. 2715. 2170.   16.   16.   16.   16.   16. 2715. 2170. 2170. 2170.
 2170. 2170. 
   16.   16. 2170. 2170. 2715. 2715. 2170. 2170. 2170. 2715. 2715. 2715.
 2170. 2170.   16.   16.   16.   16.   16. 2170. 2170. 2715. 2715. 2715.
 2170. 2170. 
   16.   16.   16.   16.   16.   16.   16.   16.   16.   16. 2170. 2170.
 2715. 2715. 2170. 2170. 2715. 2715. 2715. 2715. 2170. 2170. 2715. 2715.
 2715. 2170. 
 2170.   16.   16.   16.   16.   16. 2715. 2715. 2170. 2170. 2170. 2170.
 2170. 2170. 2170. 2715. 2715. 2715. 2170. 2170. 2170. 2715. 2715. 2715.
 2170.   16. 
   16.   16.   16.   16.   16.   16. 2170. 2170. 2715. 2715. 2715. 2170.
   16.   16.   16.   16.   16.   16.   16.   16.   16.   16. 2170. 2715.
 2715. 2715. 
 2715. 2170. 2170. 2170. 2170. 2170. 2170. 2715. 2715. 2715. 2170. 2170.
 2170.   16.   16.   16.   16.   16. 2715. 2715. 2715. 2715. 2715. 2715.
 2715. 2170. 
 2170. 2170. 2715. 2170. 2170. 2170. 2715. 2715. 2715. 2170. 2170.   16.
   16.   16.   16.   16.   16.   16.   16. 2170. 2170. 2715. 2715. 2170.
 2170.   16. 
   16.   16.   16.   16.   16.   16.   16. 2170. 2170. 2715. 2715. 2715.
 2170. 2170. 2170.   16. 2170. 2170. 2715. 2715. 2715. 2170. 2170. 2715.
 2170. 2170. 
   16.   16.   16.   16. 2170. 2715. 2715. 2715. 2715. 2715. 2715. 2715.
 2170. 2170. 2170. 2170. 2170. 2170. 2715. 2715. 2715. 2170.   16.   16.
   16.   16. 
   16.   16.   16.   16.   16.   16. 2170. 2170. 2715. 2715. 2170.   16.
   16.   16.   16.   16.   16.   16. 2170. 2170. 2715. 2715. 2715. 2170.
 2170.   16. 
   16. 2170. 2715. 2715. 2715. 2715. 2170. 2170. 2715. 2715. 2715. 2170.
   16.   16.   16.   16. 2170. 2170. 2170. 2170. 2170. 2170. 2170. 2715.
 2715. 2170. 
 2170. 2170. 2170. 2170. 2715. 2715. 2170. 2170.   16.   16.   16.   16.
   16.   16.   16.   16.   16. 2170. 2170. 2170. 2715. 2715. 2170.   16.
   16.   16. 
   16.   16.   16. 2170. 2170. 2715. 2715. 2715. 2170. 2170. 2170.   16.
 2170. 2170. 2715. 2715. 2715. 2170. 2170. 2170. 2715. 2715. 2715. 2170.
   16.   16. 
   16.   16.   16.   16.   16.   16.   16. 2170. 2170. 2715. 2715. 2170.
 2170.   16. 2170. 2170. 2715. 2715. 2170. 2170.   16.   16.   16.   16.
   16.   16. 
 2170. 2170. 2170. 2170. 2170. 2715. 2715. 2715. 2170.   16.   16.   16.
   16.   16.   16. 2170. 2170. 2715. 2715. 2170. 2170.   16.   16.   16.
 2170. 2715. 
 2715. 2715. 2170. 2170. 2170. 2715. 2715. 2715. 2170. 2170.   16.   16.
   16.   16. 
/