PERMI
 34. 34. 34. 34. 34. 34. 34. 34. 34. 34. 34. 34. 34. 34. 34. 34. 34. 34.
 34. 34. 34. 34. 34. 34. 34. 34. 
   34.   34. 2156. 2156. 3245. 3245. 2156. 2156.   34.   34.   34.   34.
   34.   34.   34.   34.   34.   34.   34.   34.   34.   34.   34.   34.
   34.   34. 
   34.   34.   34.   34.   34.   34.   34. 2156. 2156. 3245. 3245. 3245.
   34.   34.   34.   34.   34.   34.   34.   34.   34.   34.   34.   34.
   34.   34. 
   34.   34.   34.   34.   34.   34.   34.   34.   34.   34.   34.   34.
   34.   34. 2156. 2156. 3245. 3245. 2156. 2156.   34.   34.   34.   34.
   34.   34. 
   34.   34.   34.   34.   34.   34.   34.   34.   34.   34.   34.   34.
   34.   34.   34.   34.   34.   34.   34. 2156. 2156. 3245. 3245. 2156.
   34.   34. 
 34. 34. 34. 34. 34. 34. 34. 34. 34. 34. 34. 34. 34. 34. 34. 34. 34. 34.
 34. 34. 34. 34. 34. 34. 34. 34. 
 2156. 3245. 3245. 3245. 2156. 2156.   34.   34.   34.   34.   34.   34.
   34.   34.   34.   34.   34.   34.   34.   34.   34.   34.   34.   34.
   34.   34. 
   34.   34.   34.   34. 2156. 2156. 3245. 3245. 3245. 2156.   34.   34.
   34.   34.   34.   34.   34.   34.   34.   34.   34.   34.   34.   34.
   34.   34. 
   34.   34.   34.   34.   34.   34.   34.   34.   34.   34.   34. 2156.
 2156. 3245. 3245. 3245. 2156. 2156.   34.   34.   34.   34.   34.   34.
   34.   34. 
   34.   34.   34.   34.   34.   34.   34.   34.   34.   34.   34.   34.
   34.   34.   34. 2156. 2156. 3245. 3245. 3245. 2156. 2156.   34.   34.
   34.   34. 
   34.   34.   34.   34.   34.   34.   34.   34.   34.   34.   34.   34.
   34.   34.   34.   34.   34.   34.   34.   34.   34.   34.   34. 2156.
 2156. 3245. 
 3245. 3245. 2156.   34.   34.   34.   34.   34.   34.   34.   34.   34.
   34.   34.   34.   34.   34.   34.   34.   34.   34.   34.   34.   34.
   34. 2156. 
 2156. 2156. 3245. 3245. 3245. 3245. 2156. 2156.   34.   34.   34.   34.
   34.   34.   34.   34.   34.   34.   34.   34.   34.   34.   34.   34.
   34.   34. 
   34.   34.   34.   34.   34.   34.   34.   34. 2156. 2156. 3245. 3245.
 3245. 2156. 2156.   34.   34.   34.   34.   34.   34.   34.   34.   34.
   34.   34. 
   34.   34.   34.   34.   34.   34.   34.   34. 2156. 2156. 2156. 2156.
 2156. 3245. 3245. 3245. 3245. 2156. 2156.   34.   34.   34.   34.   34.
   34.   34. 
   34.   34.   34.   34.   34.   34.   34.   34.   34.   34.   34.   34.
   34.   34.   34.   34.   34.   34.   34.   34. 2156. 2156. 3245. 3245.
 3245. 2156. 
   34.   34.   34.   34.   34.   34.   34.   34.   34.   34.   34.   34.
   34.   34.   34.   34.   34.   34.   34. 2156. 2156. 2156. 3245. 3245.
 3245. 3245. 
 3245. 3245. 2156. 2156.   34.   34.   34.   34.   34.   34.   34.   34.
   34.   34.   34.   34.   34.   34.   34.   34.   34.   34.   34.   34.
   34.   34. 
   34.   34.   34.   34. 2156. 2156. 2156. 3245. 3245. 3245. 2156. 2156.
   34.   34.   34.   34.   34.   34.   34.   34.   34.   34.   34.   34.
   34.   34. 
   34.   34.   34.   34. 2156. 2156. 2156. 3245. 3245. 3245. 3245. 3245.
 3245. 2156. 2156.   34.   34.   34.   34.   34.   34.   34.   34.   34.
   34.   34. 
   34.   34.   34.   34.   34.   34.   34.   34.   34.   34.   34.   34.
   34.   34. 2156. 2156. 2156. 2156. 3245. 3245. 3245. 3245. 2156.   34.
   34.   34. 
   34.   34.   34.   34.   34.   34.   34.   34.   34.   34.   34.   34.
   34.   34.   34.   34. 2156. 2156. 3245. 3245. 3245. 3245. 3245. 2156.
 2156. 2156. 
   34.   34.   34.   34.   34.   34.   34.   34.   34.   34.   34.   34.
   34.   34.   34.   34.   34.   34.   34.   34.   34.   34.   34.   34.
   34. 2156. 
 2156. 2156. 2156. 3245. 3245. 3245. 3245. 2156. 2156.   34.   34.   34.
   34.   34.   34.   34.   34.   34.   34.   34.   34.   34.   34.   34.
   34.   34. 
   34. 2156. 2156. 3245. 3245. 3245. 3245. 2156. 2156. 2156. 2156.   34.
   34.   34.   34.   34.   34.   34.   34.   34.   34.   34.   34.   34.
   34.   34. 
   34.   34.   34.   34.   34.   34.   34.   34.   34.   34.   34. 2156.
 2156. 3245. 3245. 3245. 3245. 3245. 2156. 2156. 2156.   34.   34.   34.
   34.   34. 
   34.   34.   34.   34.   34.   34.   34.   34.   34.   34.   34.   34.
   34. 2156. 3245. 3245. 3245. 3245. 2156. 2156. 2156.   34.   34.   34.
   34.   34. 
   34.   34.   34.   34.   34.   34.   34.   34.   34.   34.   34.   34.
   34.   34.   34.   34.   34.   34.   34.   34.   34.   34. 2156. 2156.
 3245. 3245. 
 3245. 3245. 2156. 2156. 2156. 2156.   34.   34.   34.   34.   34.   34.
   34.   34.   34.   34.   34.   34.   34.   34.   34.   34.   34.   34.
   34. 2156. 
 3245. 3245. 3245. 2156. 2156.   34.   34.   34.   34.   34.   34.   34.
   34.   34.   34.   34.   34.   34.   34.   34.   34.   34.   34.   34.
   34.   34. 
   34.   34.   34.   34.   34.   34.   34. 2156. 2156. 2156. 3245. 3245.
 3245. 2156. 2156. 2156. 2156.   34.   34.   34.   34.   34.   34.   34.
   34.   34. 
   34.   34.   34.   34.   34.   34.   34.   34.   34.   34. 2156. 2156.
 3245. 3245. 3245. 2156.   34.   34.   34.   34.   34.   34.   34.   34.
   34.   34. 
   34.   34.   34.   34.   34.   34.   34.   34.   34.   34.   34.   34.
   34.   34.   34.   34.   34.   34. 2156. 2156. 2156. 3245. 3245. 3245.
 2156. 2156. 
 2156.   34.   34.   34.   34.   34.   34.   34.   34.   34.   34.   34.
   34.   34.   34.   34.   34.   34.   34.   34.   34.   34. 2156. 2156.
 3245. 3245. 
 3245. 2156.   34.   34.   34.   34.   34.   34.   34.   34.   34.   34.
   34.   34.   34.   34.   34.   34.   34.   34.   34.   34.   34.   34.
   34.   34. 
 2156. 2156. 2156. 2156. 2156. 2156. 3245. 3245. 3245. 3245. 2156. 2156.
   34.   34.   34.   34.   34.   34.   34.   34.   34.   34.   34.   34.
   34.   34. 
   34.   34.   34.   34.   34.   34.   34.   34. 2156. 3245. 3245. 3245.
 3245. 2156.   34.   34.   34.   34.   34.   34.   34.   34.   34.   34.
   34.   34. 
   34.   34.   34.   34.   34.   34.   34.   34.   34.   34.   34. 2156.
 2156. 2156. 2156. 3245. 3245. 3245. 3245. 3245. 3245. 2156. 2156.   34.
   34.   34. 
   34.   34.   34.   34.   34.   34.   34.   34.   34.   34.   34.   34.
   34.   34.   34.   34.   34.   34.   34. 2156. 2156. 3245. 3245. 3245.
 2156. 2156. 
   34.   34.   34.   34.   34.   34.   34.   34.   34.   34.   34.   34.
   34.   34.   34.   34.   34.   34.   34.   34.   34.   34. 2156. 2156.
 3245. 3245. 
 3245. 3245. 3245. 3245. 3245. 3245. 2156. 2156. 2156.   34.   34.   34.
   34.   34.   34.   34.   34.   34.   34.   34.   34.   34.   34.   34.
   34.   34. 
   34.   34.   34.   34.   34. 2156. 3245. 3245. 3245. 3245. 2156.   34.
   34.   34.   34.   34.   34.   34.   34.   34.   34.   34.   34.   34.
   34.   34. 
   34.   34.   34.   34.   34.   34.   34. 2156. 2156. 3245. 3245. 3245.
 3245. 3245. 3245. 3245. 3245. 2156. 2156. 2156.   34.   34.   34.   34.
   34.   34. 
   34.   34.   34.   34.   34.   34.   34.   34.   34.   34.   34.   34.
   34.   34.   34.   34. 2156. 2156. 3245. 3245. 3245. 2156. 2156.   34.
   34.   34. 
   34.   34.   34.   34.   34.   34.   34.   34.   34.   34.   34.   34.
   34.   34.   34.   34.   34.   34. 2156. 2156. 3245. 3245. 3245. 3245.
 2156. 2156. 
 2156. 2156. 2156. 2156. 2156.   34.   34.   34.   34.   34.   34.   34.
   34.   34.   34.   34.   34.   34.   34.   34.   34.   34.   34.   34.
   34.   34. 
   34. 2156. 2156. 3245. 3245. 3245. 3245. 2156.   34.   34.   34.   34.
   34.   34.   34.   34.   34.   34.   34.   34.   34.   34.   34.   34.
   34.   34. 
   34.   34.   34. 2156. 2156. 2156. 3245. 3245. 3245. 2156. 2156. 2156.
 2156. 2156.   34.   34.   34.   34.   34.   34.   34.   34.   34.   34.
   34.   34. 
   34.   34.   34.   34.   34.   34.   34.   34.   34.   34.   34.   34.
   34. 2156. 2156. 3245. 3245. 3245. 2156. 2156.   34.   34.   34.   34.
   34.   34. 
   34.   34.   34.   34.   34.   34.   34.   34.   34.   34.   34.   34.
   34.   34.   34. 2156. 2156. 3245. 3245. 3245. 2156. 2156. 2156.   34.
   34.   34. 
   34.   34.   34.   34.   34.   34.   34.   34.   34.   34.   34.   34.
   34.   34.   34.   34.   34.   34.   34.   34.   34.   34.   34.   34.
 2156. 2156. 
 3245. 3245. 3245. 2156. 2156.   34.   34.   34.   34.   34.   34.   34.
   34.   34.   34.   34.   34.   34.   34.   34.   34.   34.   34.   34.
   34.   34. 
   34. 2156. 2156. 3245. 3245. 3245. 2156. 2156.   34.   34.   34.   34.
   34.   34.   34.   34.   34.   34.   34.   34.   34.   34.   34.   34.
   34.   34. 
   34.   34.   34.   34.   34.   34.   34.   34.   34.   34. 2156. 2156.
 3245. 3245. 3245. 2156. 2156.   34.   34.   34.   34.   34.   34.   34.
   34.   34. 
   34.   34.   34.   34.   34.   34.   34.   34.   34.   34.   34.   34.
   34. 2156. 2156. 3245. 3245. 3245. 2156.   34.   34.   34.   34.   34.
   34.   34. 
   34.   34.   34.   34.   34.   34.   34.   34.   34.   34.   34.   34.
   34.   34.   34.   34.   34.   34.   34.   34.   34.   34. 2156. 3245.
 3245. 3245. 
 2156. 2156.   34.   34.   34.   34.   34.   34.   34.   34.   34.   34.
   34.   34.   34.   34.   34.   34.   34.   34.   34.   34.   34.   34.
   34. 2156. 
 3245. 3245. 3245. 3245. 2156.   34.   34.   34.   34.   34.   34.   34.
   34.   34.   34.   34.   34.   34.   34.   34.   34.   34.   34.   34.
   34.   34. 
   34.   34.   34.   34.   34.   34.   34.   34. 2156. 3245. 3245. 3245.
 2156. 2156.   34.   34.   34.   34.   34.   34.   34.   34.   34.   34.
   34.   34. 
   34.   34.   34.   34.   34.   34.   34.   34.   34.   34.   34. 2156.
 3245. 3245. 3245. 3245. 2156.   34.   34.   34.   34.   34.   34.   34.
   34.   34. 
   34.   34.   34.   34.   34.   34.   34.   34.   34.   34.   34.   34.
   34.   34.   34.   34.   34.   34.   34. 2156. 2156. 3245. 3245. 3245.
 2156.   34. 
   34.   34.   34.   34.   34.   34.   34.   34.   34.   34.   34.   34.
   34.   34.   34.   34.   34.   34.   34.   34.   34.   34.   34. 2156.
 3245. 3245. 
 3245. 2156. 2156.   34.   34.   34.   34.   34.   34.   34.   34.   34.
   34.   34.   34.   34.   34.   34.   34.   34.   34.   34.   34.   34.
   34.   34. 
   34.   34.   34.   34.   34. 2156. 3245. 3245. 3245. 2156. 2156.   34.
   34.   34.   34.   34.   34.   34.   34.   34.   34.   34.   34.   34.
   34.   34. 
   34.   34.   34.   34.   34.   34.   34.   34.   34. 2156. 3245. 3245.
 3245. 2156. 2156.   34.   34.   34.   34.   34.   34.   34.   34.   34.
   34.   34. 
   34.   34.   34.   34.   34.   34.   34.   34.   34.   34.   34.   34.
   34.   34.   34.   34.   34. 2156. 3245. 3245. 3245. 2156.   34.   34.
   34.   34. 
   34.   34.   34.   34.   34.   34.   34.   34.   34.   34.   34.   34.
   34.   34.   34.   34.   34.   34.   34.   34. 2156. 2156. 3245. 3245.
 3245. 2156. 
 2156.   34.   34.   34.   34.   34.   34.   34.   34.   34.   34.   34.
   34.   34.   34.   34.   34.   34.   34.   34.   34.   34.   34.   34.
   34.   34. 
   34.   34. 2156. 2156. 3245. 3245. 3245. 2156.   34.   34.   34.   34.
   34.   34.   34.   34.   34.   34.   34.   34.   34.   34.   34.   34.
   34.   34. 
   34.   34.   34.   34.   34. 2156. 2156. 2156. 3245. 3245. 3245. 2156.
 2156.   34.   34.   34.   34.   34.   34.   34.   34.   34.   34.   34.
   34.   34. 
   34.   34.   34.   34.   34.   34.   34.   34.   34.   34.   34.   34.
   34.   34. 2156. 3245. 3245. 3245. 2156. 2156.   34.   34.   34.   34.
   34.   34. 
   34.   34.   34.   34.   34.   34.   34.   34.   34.   34.   34.   34.
   34.   34.   34.   34. 2156. 2156. 2156. 3245. 3245. 3245. 3245. 2156.
 2156.   34. 
   34.   34.   34.   34.   34.   34.   34.   34.   34.   34.   34.   34.
   34.   34.   34.   34.   34.   34.   34.   34.   34.   34.   34.   34.
   34. 2156. 
 2156. 3245. 3245. 3245. 2156.   34.   34.   34.   34.   34.   34.   34.
   34.   34.   34.   34.   34.   34.   34.   34.   34.   34.   34.   34.
   34.   34. 
   34. 2156. 2156. 2156. 3245. 3245. 3245. 3245. 2156. 2156.   34.   34.
   34.   34.   34.   34.   34.   34.   34.   34.   34.   34.   34.   34.
   34.   34. 
   34.   34.   34.   34.   34.   34.   34.   34.   34.   34. 2156. 2156.
 3245. 3245. 3245. 2156. 2156.   34.   34.   34.   34.   34.   34.   34.
   34.   34. 
   34.   34.   34.   34.   34.   34.   34.   34.   34.   34.   34. 2156.
 2156. 2156. 2156. 3245. 3245. 3245. 3245. 2156. 2156. 2156.   34.   34.
   34.   34. 
   34.   34.   34.   34.   34.   34.   34.   34.   34.   34.   34.   34.
   34.   34.   34.   34.   34.   34.   34.   34. 2156. 2156. 2156. 3245.
 3245. 3245. 
 3245. 2156.   34.   34.   34.   34.   34.   34.   34.   34.   34.   34.
   34.   34.   34.   34.   34.   34.   34.   34.   34.   34. 2156. 2156.
 2156. 3245. 
 3245. 3245. 3245. 3245. 2156. 2156. 2156.   34.   34.   34.   34.   34.
   34.   34.   34.   34.   34.   34.   34.   34.   34.   34.   34.   34.
   34.   34. 
   34.   34.   34.   34.   34. 2156. 2156. 2156. 3245. 3245. 3245. 3245.
 2156. 2156.   34.   34.   34.   34.   34.   34.   34.   34.   34.   34.
   34.   34. 
   34.   34.   34.   34.   34.   34.   34. 2156. 2156. 2156. 3245. 3245.
 3245. 3245. 3245. 2156. 2156. 2156.   34.   34.   34.   34.   34.   34.
   34.   34. 
   34.   34.   34.   34.   34.   34.   34.   34.   34.   34.   34.   34.
   34.   34.   34.   34. 2156. 2156. 2156. 3245. 3245. 3245. 3245. 2156.
 2156.   34. 
   34.   34.   34.   34.   34.   34.   34.   34.   34.   34.   34.   34.
   34.   34.   34.   34.   34.   34.   34. 2156. 2156. 3245. 3245. 3245.
 3245. 3245. 
 2156. 2156. 2156.   34.   34.   34.   34.   34.   34.   34.   34.   34.
   34.   34.   34.   34.   34.   34.   34.   34.   34.   34.   34.   34.
   34.   34. 
   34.   34. 2156. 2156. 3245. 3245. 3245. 3245. 2156. 2156.   34.   34.
   34.   34.   34.   34.   34.   34.   34.   34.   34.   34.   34.   34.
   34.   34. 
   34.   34.   34.   34.   34. 2156. 2156. 3245. 3245. 3245. 2156. 2156.
 2156. 2156.   34.   34.   34.   34.   34.   34.   34.   34.   34.   34.
   34.   34. 
   34.   34.   34.   34.   34.   34.   34.   34.   34.   34.   34.   34.
   34. 2156. 2156. 3245. 3245. 3245. 2156. 2156. 2156.   34.   34.   34.
   34.   34. 
   34.   34.   34.   34.   34.   34.   34.   34.   34.   34.   34.   34.
   34.   34.   34.   34.   34. 2156. 2156. 3245. 3245. 3245. 2156. 2156.
 2156.   34. 
   34.   34.   34.   34.   34.   34.   34.   34.   34.   34.   34.   34.
   34.   34.   34.   34.   34.   34.   34.   34.   34.   34.   34.   34.
   34. 2156. 
 2156. 3245. 3245. 2156. 2156. 2156.   34.   34.   34.   34.   34.   34.
   34.   34.   34.   34.   34.   34.   34.   34.   34.   34.   34.   34.
   34.   34. 
   34.   34.   34. 2156. 2156. 3245. 3245. 3245. 2156. 2156.   34.   34.
   34.   34.   34.   34.   34.   34.   34.   34.   34.   34.   34.   34.
   34.   34. 
   34.   34.   34.   34.   34.   34.   34.   34.   34.   34.   34. 2156.
 2156. 3245. 3245. 2156. 2156.   34.   34.   34.   34.   34.   34.   34.
   34.   34. 
   34.   34.   34.   34.   34.   34.   34.   34.   34.   34.   34.   34.
   34.   34.   34. 2156. 2156. 3245. 3245. 3245. 2156. 2156.   34.   34.
   34.   34. 
   34.   34.   34.   34.   34.   34.   34.   34.   34.   34.   34.   34.
   34.   34.   34.   34.   34.   34.   34.   34.   34.   34.   34. 2156.
 2156. 3245. 
 3245. 2156. 2156.   34.   34.   34.   34.   34.   34.   34.   34.   34.
   34.   34.   34.   34.   34.   34.   34.   34.   34.   34.   34.   34.
   34.   34. 
 2156. 2156. 3245. 3245. 3245. 3245. 2156. 2156.   34.   34.   34.   34.
   34.   34.   34.   34.   34.   34.   34.   34.   34.   34.   34.   34.
   34.   34. 
   34.   34.   34.   34.   34.   34.   34.   34.   34. 2156. 2156. 3245.
 3245. 3245. 2156.   34.   34.   34.   34.   34.   34.   34.   34.   34.
   34.   34. 
   34.   34.   34.   34.   34.   34.   34.   34.   34.   34.   34.   34.
 2156. 2156. 3245. 3245. 3245. 2156. 2156.   34.   34.   34.   34.   34.
   34.   34. 
   34.   34.   34.   34.   34.   34.   34.   34.   34.   34.   34.   34.
   34.   34.   34.   34.   34.   34.   34.   34.   34.   34. 2156. 3245.
 3245. 3245. 
 2156.   34.   34.   34.   34.   34.   34.   34.   34.   34.   34.   34.
   34.   34.   34.   34.   34.   34.   34.   34.   34.   34.   34.   34.
 2156. 3245. 
 3245. 3245. 3245. 2156. 2156.   34.   34.   34.   34.   34.   34.   34.
   34.   34.   34.   34.   34.   34.   34.   34.   34.   34.   34.   34.
   34.   34. 
   34.   34.   34.   34.   34.   34.   34.   34. 2156. 2156. 3245. 3245.
 2156. 2156.   34.   34.   34.   34.   34.   34.   34.   34.   34.   34.
   34.   34. 
   34.   34.   34.   34.   34.   34.   34.   34.   34.   34. 2156. 3245.
 3245. 3245. 2156. 2156.   34.   34.   34.   34.   34.   34.   34.   34.
   34.   34. 
   34.   34.   34.   34.   34.   34.   34.   34.   34.   34.   34.   34.
   34.   34.   34.   34.   34.   34.   34.   34. 2156. 2156. 3245. 3245.
 2156. 2156. 
   34.   34.   34.   34.   34.   34.   34.   34.   34.   34.   34.   34.
   34.   34.   34.   34.   34.   34.   34.   34.   34.   34. 2156. 3245.
 3245. 3245. 
 2156. 2156.   34.   34.   34.   34.   34.   34.   34.   34.   34.   34.
   34.   34.   34.   34.   34.   34.   34.   34.   34.   34.   34.   34.
   34.   34. 
   34.   34.   34.   34.   34. 2156. 2156. 3245. 3245. 3245. 2156.   34.
   34.   34.   34.   34.   34.   34.   34.   34.   34.   34.   34.   34.
   34.   34. 
   34.   34.   34.   34.   34.   34.   34.   34. 3245. 3245. 3245. 2156.
 2156.   34.   34.   34.   34.   34.   34.   34.   34.   34.   34.   34.
   34.   34. 
   34.   34.   34.   34.   34.   34.   34.   34.   34.   34.   34.   34.
   34.   34.   34.   34. 2156. 2156. 3245. 3245. 3245. 2156. 2156.   34.
   34.   34. 
   34.   34.   34.   34.   34.   34.   34.   34.   34.   34.   34.   34.
   34.   34.   34.   34.   34.   34.   34.   34. 3245. 3245. 3245. 2156.
   34.   34. 
 34. 34. 34. 34. 34. 34. 34. 34. 34. 34. 34. 34. 34. 34. 34. 34. 34. 34.
 34. 34. 34. 34. 34. 34. 34. 34. 
   34. 2156. 3245. 3245. 3245. 3245. 2156. 2156.   34.   34.   34.   34.
   34.   34.   34.   34.   34.   34.   34.   34.   34.   34.   34.   34.
   34.   34. 
   34.   34.   34.   34.   34. 2156. 3245. 3245. 2156. 2156.   34.   34.
   34.   34.   34.   34.   34.   34.   34.   34.   34.   34.   34.   34.
   34.   34. 
   34.   34.   34.   34.   34.   34.   34.   34.   34.   34.   34. 2156.
 2156. 3245. 3245. 3245. 3245. 2156. 2156.   34.   34.   34.   34.   34.
   34.   34. 
   34.   34.   34.   34.   34.   34.   34.   34.   34.   34.   34.   34.
   34.   34.   34.   34. 2156. 2156. 2156. 2156. 2156.   34.   34.   34.
   34.   34. 
   34.   34.   34.   34.   34.   34.   34.   34.   34.   34.   34.   34.
   34.   34.   34.   34.   34.   34.   34.   34.   34.   34.   34. 2156.
 3245. 3245. 
 3245. 3245. 2156. 2156.   34.   34.   34.   34.   34.   34.   34.   34.
   34.   34.   34.   34.   34.   34.   34.   34.   34.   34.   34.   34.
   34.   34. 
   34. 2156. 2156. 2156. 2156. 2156.   34.   34.   34.   34.   34.   34.
   34.   34.   34.   34.   34.   34.   34.   34.   34.   34.   34.   34.
   34.   34. 
   34.   34.   34.   34.   34.   34.   34.   34. 2156. 2156. 3245. 3245.
 3245. 2156. 2156.   34.   34.   34.   34.   34.   34.   34.   34.   34.
   34.   34. 
   34.   34.   34.   34.   34.   34.   34.   34.   34.   34.   34.   34.
 2156. 2156. 2156. 3245. 2156.   34.   34.   34.   34.   34.   34.   34.
   34.   34. 
   34.   34.   34.   34.   34.   34.   34.   34.   34.   34.   34.   34.
   34.   34.   34.   34.   34.   34.   34.   34. 2156. 3245. 3245. 3245.
 2156. 2156. 
   34.   34.   34.   34.   34.   34.   34.   34.   34.   34.   34.   34.
   34.   34.   34.   34.   34.   34.   34.   34.   34.   34.   34. 2156.
 2156. 2156. 
 3245. 3245.   34.   34.   34.   34.   34.   34.   34.   34.   34.   34.
   34.   34.   34.   34.   34.   34.   34.   34.   34.   34.   34.   34.
   34.   34. 
   34.   34.   34.   34.   34.   34. 2156. 3245. 3245. 3245. 2156.   34.
   34.   34.   34.   34.   34.   34.   34.   34.   34.   34.   34.   34.
   34.   34. 
   34.   34.   34.   34.   34.   34.   34.   34. 2156. 2156. 2156. 3245.
 3245. 3245.   34.   34.   34.   34.   34.   34.   34.   34.   34.   34.
   34.   34. 
   34.   34.   34.   34.   34.   34.   34.   34.   34.   34.   34.   34.
   34.   34.   34.   34.   34. 2156. 2156. 3245. 3245. 3245. 2156.   34.
   34.   34. 
   34.   34.   34.   34.   34.   34.   34.   34.   34.   34.   34.   34.
   34.   34.   34.   34.   34.   34.   34.   34. 2156. 2156. 3245. 3245.
 3245. 3245. 
 34. 34. 34. 34. 34. 34. 34. 34. 34. 34. 34. 34. 34. 34. 34. 34. 34. 34.
 34. 34. 34. 34. 34. 34. 34. 34. 
   34.   34. 2156. 2156. 3245. 3245. 3245. 2156. 2156.   34.   34.   34.
   34.   34.   34.   34.   34.   34.   34.   34.   34.   34.   34.   34.
   34.   34. 
   34.   34.   34.   34.   34. 2156. 2156. 3245. 3245. 3245. 3245. 2156.
   34.   34.   34.   34.   34.   34.   34.   34.   34.   34.   34.   34.
   34.   34. 
   34.   34.   34.   34.   34.   34.   34.   34.   34.   34.   34.   34.
 2156. 2156. 2156. 3245. 3245. 3245. 3245. 2156. 2156.   34.   34.   34.
   34.   34. 
   34.   34.   34.   34.   34.   34.   34.   34.   34.   34.   34.   34.
   34.   34.   34. 2156. 2156. 2156. 3245. 3245. 3245. 3245. 2156. 2156.
   34.   34. 
   34.   34.   34.   34.   34.   34.   34.   34.   34.   34.   34.   34.
   34.   34.   34.   34.   34.   34.   34.   34.   34. 2156. 2156. 2156.
 2156. 3245. 
 3245. 3245. 3245. 3245. 2156. 2156.   34.   34.   34.   34.   34.   34.
   34.   34.   34.   34.   34.   34.   34.   34.   34.   34.   34.   34.
   34.   34. 
 2156. 2156. 2156. 3245. 3245. 3245. 3245. 2156. 2156. 2156.   34.   34.
   34.   34.   34.   34.   34.   34.   34.   34.   34.   34.   34.   34.
   34.   34. 
   34.   34.   34.   34.   34.   34. 2156. 2156. 2156. 3245. 3245. 3245.
 3245. 3245. 3245. 2156. 2156.   34.   34.   34.   34.   34.   34.   34.
   34.   34. 
   34.   34.   34.   34.   34.   34.   34.   34.   34.   34. 2156. 2156.
 2156. 3245. 3245. 3245. 3245. 3245. 2156. 2156. 2156. 3245.   34.   34.
   34.   34. 
   34.   34.   34.   34.   34.   34.   34.   34.   34.   34.   34.   34.
   34.   34.   34.   34. 2156. 2156. 3245. 3245. 3245. 3245. 3245. 3245.
 3245. 3245. 
 2156. 2156.   34.   34.   34.   34.   34.   34.   34.   34.   34.   34.
   34.   34.   34.   34.   34.   34.   34.   34.   34. 2156. 2156. 3245.
 3245. 3245. 
 3245. 3245. 3245. 2156. 2156. 3245. 3245. 3245.   34.   34.   34.   34.
   34.   34.   34.   34.   34.   34.   34.   34.   34.   34.   34.   34.
   34.   34. 
   34. 2156. 2156. 3245. 3245. 3245. 3245. 3245. 3245. 3245. 2156. 2156.
 2156.   34.   34.   34.   34.   34.   34.   34.   34.   34.   34.   34.
   34.   34. 
   34.   34.   34.   34.   34.   34. 2156. 2156. 3245. 3245. 3245. 3245.
 3245. 2156. 2156. 2156. 3245. 3245. 3245. 2156.   34.   34.   34.   34.
   34.   34. 
   34.   34.   34.   34.   34.   34.   34.   34.   34.   34.   34.   34.
 2156. 2156. 2156. 3245. 3245. 3245. 3245. 2156. 2156. 2156. 2156.   34.
   34.   34. 
   34.   34.   34.   34.   34.   34.   34.   34.   34.   34.   34.   34.
   34.   34.   34.   34.   34.   34. 2156. 2156. 3245. 3245. 3245. 2156.
 2156. 2156. 
 2156. 2156. 3245. 3245. 2156. 2156.   34.   34.   34.   34.   34.   34.
   34.   34.   34.   34.   34.   34.   34.   34.   34.   34.   34.   34.
 2156. 3245. 
 3245. 3245. 3245. 3245. 2156. 2156.   34.   34.   34.   34.   34.   34.
   34.   34.   34.   34.   34.   34.   34.   34.   34.   34.   34.   34.
   34.   34. 
   34.   34.   34. 2156. 2156. 3245. 3245. 3245. 2156. 2156. 2156.   34.
 2156. 2156. 3245. 3245. 2156.   34.   34.   34.   34.   34.   34.   34.
   34.   34. 
   34.   34.   34.   34.   34.   34.   34.   34. 2156. 2156. 3245. 3245.
 3245. 3245. 3245. 2156. 2156.   34.   34.   34.   34.   34.   34.   34.
   34.   34. 
   34.   34.   34.   34.   34.   34.   34.   34.   34.   34.   34.   34.
   34.   34.   34. 2156. 2156. 3245. 3245. 2156. 2156.   34.   34.   34.
 2156. 3245. 
 3245. 3245. 2156.   34.   34.   34.   34.   34.   34.   34.   34.   34.
   34.   34.   34. 2156. 2156. 2156. 2156. 2156. 2156. 3245. 3245. 3245.
 3245. 3245. 
 2156. 2156.   34.   34.   34.   34.   34.   34.   34.   34.   34.   34.
   34.   34.   34.   34.   34.   34.   34.   34.   34.   34.   34.   34.
   34.   34. 
 2156. 2156. 3245. 3245. 3245. 2156. 2156.   34.   34.   34. 2156. 3245.
 3245. 3245. 2156.   34.   34.   34.   34.   34.   34.   34.   34.   34.
   34. 2156. 
 2156. 2156. 3245. 3245. 3245. 3245. 3245. 3245. 3245. 3245. 3245. 2156.
 2156.   34.   34.   34.   34.   34.   34.   34.   34.   34.   34.   34.
   34.   34. 
   34.   34.   34.   34.   34.   34.   34.   34.   34.   34.   34.   34.
 2156. 2156. 3245. 3245. 2156. 2156.   34.   34.   34.   34. 2156. 3245.
 3245. 3245. 
 2156.   34.   34.   34.   34.   34.   34.   34.   34. 2156. 2156. 3245.
 3245. 3245. 3245. 3245. 3245. 3245. 3245. 3245. 3245. 3245. 2156. 2156.
   34.   34. 
   34.   34.   34.   34.   34.   34.   34.   34.   34.   34.   34.   34.
   34.   34.   34.   34.   34.   34.   34.   34.   34.   34.   34. 2156.
 2156. 3245. 
 3245. 3245. 2156. 2156.   34.   34.   34. 2156. 2156. 3245. 3245. 3245.
 2156.   34. 
/