PERMI
   38.   38.   38. 1900. 1900. 2323. 2323. 1900. 2323. 2323. 2323. 2323.
 1900. 1900. 1900. 1900. 1900. 2323. 2323. 2323. 1900.   38.   38.   38.
   38.   38. 
 38. 38. 38. 38. 38. 38. 38. 38. 38. 38. 38. 38. 38. 38. 38. 38. 38. 38.
 38. 38. 38. 38. 38. 38. 38. 38. 
   38.   38.   38.   38.   38.   38.   38.   38.   38.   38.   38.   38.
   38.   38.   38. 1900. 1900. 2323. 1900. 1900. 2323. 2323. 2323. 2323.
 2323. 2323. 
 1900. 1900. 1900. 2323. 2323. 1900. 1900.   38.   38.   38.   38.   38.
   38.   38.   38.   38.   38.   38.   38.   38.   38.   38.   38.   38.
   38.   38. 
   38.   38.   38.   38.   38.   38.   38.   38.   38.   38.   38.   38.
   38.   38.   38.   38.   38.   38.   38.   38.   38.   38.   38.   38.
 1900. 1900. 
   38. 1900. 2323. 1900. 1900. 2323. 2323. 2323. 2323. 2323. 2323. 2323.
 2323. 1900. 1900. 2323. 2323. 1900. 1900.   38.   38.   38.   38.   38.
   38.   38. 
 38. 38. 38. 38. 38. 38. 38. 38. 38. 38. 38. 38. 38. 38. 38. 38. 38. 38.
 38. 38. 38. 38. 38. 38. 38. 38. 
   38.   38.   38.   38.   38.   38.   38.   38.   38.   38. 2323. 1900.
 1900. 1900. 2323. 1900. 1900. 2323. 2323. 2323. 1900. 1900. 2323. 2323.
 2323. 2323. 
 2323. 2323. 2323. 1900. 1900.   38.   38.   38.   38.   38.   38.   38.
   38.   38.   38.   38.   38.   38.   38.   38.   38.   38.   38.   38.
   38.   38. 
   38.   38.   38.   38.   38.   38.   38.   38.   38.   38.   38.   38.
   38.   38.   38.   38.   38.   38.   38.   38.   38.   38. 2323. 2323.
 2323. 1900. 
 1900. 1900. 2323. 2323. 2323. 1900. 1900. 1900. 1900. 2323. 2323. 2323.
 2323. 2323. 2323. 1900.   38.   38.   38.   38.   38.   38.   38.   38.
   38.   38. 
 38. 38. 38. 38. 38. 38. 38. 38. 38. 38. 38. 38. 38. 38. 38. 38. 38. 38.
 38. 38. 38. 38. 38. 38. 38. 38. 
   38.   38.   38.   38.   38.   38.   38.   38. 2323. 2323. 2323. 2323.
 1900. 1900. 2323. 2323. 2323. 1900.   38.   38. 1900. 1900. 2323. 2323.
 2323. 2323. 
 1900. 1900.   38.   38.   38.   38.   38.   38.   38.   38.   38.   38.
   38.   38.   38.   38.   38.   38.   38.   38.   38.   38.   38.   38.
   38.   38. 
   38.   38.   38.   38.   38.   38.   38.   38.   38.   38.   38.   38.
   38.   38.   38.   38.   38.   38.   38.   38. 1900. 2323. 2323. 2323.
 2323. 1900. 
 2323. 2323. 2323. 1900.   38.   38.   38. 1900. 1900. 1900. 1900. 1900.
 1900.   38.   38.   38.   38.   38.   38.   38.   38.   38.   38.   38.
   38.   38. 
 38. 38. 38. 38. 38. 38. 38. 38. 38. 38. 38. 38. 38. 38. 38. 38. 38. 38.
 38. 38. 38. 38. 38. 38. 38. 38. 
   38.   38.   38.   38.   38.   38. 1900. 1900. 2323. 2323. 2323. 2323.
 2323. 2323. 2323. 1900.   38.   38.   38.   38.   38. 1900. 1900.   38.
   38.   38. 
 38. 38. 38. 38. 38. 38. 38. 38. 38. 38. 38. 38. 38. 38. 38. 38. 38. 38.
 38. 38. 38. 38. 38. 38. 38. 38. 
   38.   38.   38.   38.   38.   38.   38.   38.   38.   38.   38.   38.
   38.   38.   38.   38.   38.   38.   38. 1900. 1900. 2323. 2323. 2323.
 2323. 2323. 
 1900.   38.   38.   38.   38.   38.   38.   38.   38.   38.   38.   38.
   38.   38.   38.   38.   38.   38.   38.   38.   38.   38.   38.   38.
   38.   38. 
 38. 38. 38. 38. 38. 38. 38. 38. 38. 38. 38. 38. 38. 38. 38. 38. 38. 38.
 38. 38. 38. 38. 38. 38. 38. 38. 
   38.   38.   38.   38.   38.   38. 1900. 1900. 2323. 2323. 1900. 1900.
   38.   38.   38.   38.   38.   38.   38.   38.   38.   38.   38.   38.
   38.   38. 
 38. 38. 38. 38. 38. 38. 38. 38. 38. 38. 38. 38. 38. 38. 38. 38. 38. 38.
 38. 38. 38. 38. 38. 38. 38. 38. 
   38.   38.   38.   38.   38.   38.   38.   38.   38.   38.   38.   38.
   38.   38.   38.   38.   38.   38.   38. 1900. 1900. 1900. 1900.   38.
   38.   38. 
 38. 38. 38. 38. 38. 38. 38. 38. 38. 38. 38. 38. 38. 38. 38. 38. 38. 38.
 38. 38. 38. 38. 38. 38. 38. 38. 
 38. 38. 38. 38. 38. 38. 38. 38. 38. 38. 38. 38. 38. 38. 38. 38. 38. 38.
 38. 38. 38. 38. 38. 38. 38. 38. 
 38. 38. 38. 38. 38. 38. 38. 38. 38. 38. 38. 38. 38. 38. 38. 38. 38. 38.
 38. 38. 38. 38. 38. 38. 38. 38. 
 38. 38. 38. 38. 38. 38. 38. 38. 38. 38. 38. 38. 38. 38. 38. 38. 38. 38.
 38. 38. 38. 38. 38. 38. 38. 38. 
 38. 38. 38. 38. 38. 38. 38. 38. 38. 38. 38. 38. 38. 38. 38. 38. 38. 38.
 38. 38. 38. 38. 38. 38. 38. 38. 
 38. 38. 38. 38. 38. 38. 38. 38. 38. 38. 38. 38. 38. 38. 38. 38. 38. 38.
 38. 38. 38. 38. 38. 38. 38. 38. 
 38. 38. 38. 38. 38. 38. 38. 38. 38. 38. 38. 38. 38. 38. 38. 38. 38. 38.
 38. 38. 38. 38. 38. 38. 38. 38. 
 38. 38. 38. 38. 38. 38. 38. 38. 38. 38. 38. 38. 38. 38. 38. 38. 38. 38.
 38. 38. 38. 38. 38. 38. 38. 38. 
 38. 38. 38. 38. 38. 38. 38. 38. 38. 38. 38. 38. 38. 38. 38. 38. 38. 38.
 38. 38. 38. 38. 38. 38. 38. 38. 
 38. 38. 38. 38. 38. 38. 38. 38. 38. 38. 38. 38. 38. 38. 38. 38. 38. 38.
 38. 38. 38. 38. 38. 38. 38. 38. 
 38. 38. 38. 38. 38. 38. 38. 38. 38. 38. 38. 38. 38. 38. 38. 38. 38. 38.
 38. 38. 38. 38. 38. 38. 38. 38. 
 38. 38. 38. 38. 38. 38. 38. 38. 38. 38. 38. 38. 38. 38. 38. 38. 38. 38.
 38. 38. 38. 38. 38. 38. 38. 38. 
 38. 38. 38. 38. 38. 38. 38. 38. 38. 38. 38. 38. 38. 38. 38. 38. 38. 38.
 38. 38. 38. 38. 38. 38. 38. 38. 
 38. 38. 38. 38. 38. 38. 38. 38. 38. 38. 38. 38. 38. 38. 38. 38. 38. 38.
 38. 38. 38. 38. 38. 38. 38. 38. 
   38.   38.   38.   38. 1900. 1900. 1900. 1900. 1900. 1900.   38.   38.
   38.   38.   38.   38.   38.   38.   38.   38.   38.   38.   38.   38.
   38.   38. 
 38. 38. 38. 38. 38. 38. 38. 38. 38. 38. 38. 38. 38. 38. 38. 38. 38. 38.
 38. 38. 38. 38. 38. 38. 38. 38. 
   38.   38.   38.   38.   38.   38.   38.   38.   38.   38.   38.   38.
   38.   38.   38.   38. 1900. 2323. 2323. 2323. 2323. 1900.   38.   38.
   38.   38. 
 38. 38. 38. 38. 38. 38. 38. 38. 38. 38. 38. 38. 38. 38. 38. 38. 38. 38.
 38. 38. 38. 38. 38. 38. 38. 38. 
 38. 38. 38. 38. 38. 38. 38. 38. 38. 38. 38. 38. 38. 38. 38. 38. 38. 38.
 38. 38. 38. 38. 38. 38. 38. 38. 
   38. 1900. 2323. 2323. 2323. 2323. 2323. 2323.   38.   38.   38.   38.
   38.   38.   38.   38.   38.   38.   38.   38.   38.   38.   38.   38.
   38.   38. 
 38. 38. 38. 38. 38. 38. 38. 38. 38. 38. 38. 38. 38. 38. 38. 38. 38. 38.
 38. 38. 38. 38. 38. 38. 38. 38. 
   38.   38.   38.   38.   38.   38.   38.   38.   38.   38.   38.   38.
 1900. 1900. 2323. 2323. 2323. 2323. 2323. 2323.   38.   38.   38.   38.
   38.   38. 
 38. 38. 38. 38. 38. 38. 38. 38. 38. 38. 38. 38. 38. 38. 38. 38. 38. 38.
 38. 38. 38. 38. 38. 38. 38. 38. 
   38.   38.   38.   38.   38.   38.   38.   38.   38.   38.   38.   38.
   38.   38.   38.   38.   38.   38.   38.   38.   38.   38.   38.   38.
 1900. 2323. 
 2323. 2323. 1900. 1900. 1900. 1900.   38.   38.   38.   38.   38.   38.
   38.   38.   38.   38.   38.   38.   38.   38.   38.   38.   38.   38.
   38.   38. 
 38. 38. 38. 38. 38. 38. 38. 38. 38. 38. 38. 38. 38. 38. 38. 38. 38. 38.
 38. 38. 38. 38. 38. 38. 38. 38. 
   38.   38.   38.   38.   38.   38.   38.   38.   38.   38. 1900. 2323.
 2323. 2323. 1900.   38.   38. 1900.   38.   38.   38.   38.   38.   38.
   38.   38. 
 38. 38. 38. 38. 38. 38. 38. 38. 38. 38. 38. 38. 38. 38. 38. 38. 38. 38.
 38. 38. 38. 38. 38. 38. 38. 38. 
   38.   38.   38.   38.   38.   38.   38.   38.   38.   38.   38.   38.
   38.   38.   38.   38.   38. 1900. 1900. 1900. 1900. 1900. 1900. 2323.
 2323. 2323. 
 1900.   38.   38.   38.   38.   38.   38.   38.   38.   38.   38.   38.
   38.   38.   38.   38.   38.   38.   38.   38.   38.   38.   38.   38.
   38.   38. 
 38. 38. 38. 38. 38. 38. 38. 38. 38. 38. 38. 38. 38. 38. 38. 38. 38. 38.
 38. 38. 38. 38. 38. 38. 38. 38. 
   38. 1900. 1900. 1900. 1900. 1900. 1900. 1900. 2323. 2323. 2323. 1900.
 1900.   38.   38.   38.   38.   38.   38.   38.   38.   38.   38.   38.
   38.   38. 
 38. 38. 38. 38. 38. 38. 38. 38. 38. 38. 38. 38. 38. 38. 38. 38. 38. 38.
 38. 38. 38. 38. 38. 38. 38. 38. 
   38.   38.   38.   38.   38.   38.   38.   38.   38.   38.   38.   38.
 1900. 1900. 2323. 2323. 2323. 2323. 2323. 2323. 2323. 2323. 2323. 1900.
   38.   38. 
 38. 38. 38. 38. 38. 38. 38. 38. 38. 38. 38. 38. 38. 38. 38. 38. 38. 38.
 38. 38. 38. 38. 38. 38. 38. 38. 
   38.   38.   38.   38.   38.   38.   38.   38.   38.   38.   38.   38.
   38.   38.   38.   38.   38.   38.   38.   38.   38.   38.   38. 1900.
 1900. 2323. 
 2323. 2323. 2323. 2323. 2323. 2323. 2323. 2323. 1900. 1900.   38.   38.
   38.   38.   38.   38.   38.   38.   38.   38.   38.   38.   38.   38.
   38.   38. 
 38. 38. 38. 38. 38. 38. 38. 38. 38. 38. 38. 38. 38. 38. 38. 38. 38. 38.
 38. 38. 38. 38. 38. 38. 38. 38. 
   38.   38.   38.   38.   38.   38.   38.   38.   38. 1900. 2323. 2323.
 2323. 2323. 2323. 2323. 2323. 2323. 2323. 1900. 1900.   38.   38.   38.
   38.   38. 
 38. 38. 38. 38. 38. 38. 38. 38. 38. 38. 38. 38. 38. 38. 38. 38. 38. 38.
 38. 38. 38. 38. 38. 38. 38. 38. 
   38.   38.   38.   38.   38.   38.   38.   38.   38.   38.   38.   38.
   38.   38.   38.   38.   38.   38.   38.   38.   38. 1900. 2323. 2323.
 2323. 1900. 
 1900. 1900. 1900. 1900. 1900. 1900.   38.   38.   38.   38.   38.   38.
   38.   38.   38.   38.   38.   38.   38.   38.   38.   38.   38.   38.
   38.   38. 
 38. 38. 38. 38. 38. 38. 38. 38. 38. 38. 38. 38. 38. 38. 38. 38. 38. 38.
 38. 38. 38. 38. 38. 38. 38. 38. 
   38.   38.   38.   38.   38.   38.   38. 1900. 2323. 2323. 2323. 1900.
 1900.   38.   38.   38.   38.   38.   38.   38.   38.   38.   38.   38.
   38.   38. 
 38. 38. 38. 38. 38. 38. 38. 38. 38. 38. 38. 38. 38. 38. 38. 38. 38. 38.
 38. 38. 38. 38. 38. 38. 38. 38. 
   38.   38.   38.   38.   38.   38.   38.   38.   38.   38.   38.   38.
   38.   38.   38.   38.   38.   38.   38. 1900. 1900. 2323. 2323. 1900.
 1900.   38. 
 38. 38. 38. 38. 38. 38. 38. 38. 38. 38. 38. 38. 38. 38. 38. 38. 38. 38.
 38. 38. 38. 38. 38. 38. 38. 38. 
   38.   38.   38.   38.   38.   38.   38.   38.   38.   38.   38.   38.
   38.   38.   38.   38.   38.   38.   38.   38.   38.   38.   38.   38.
 1900. 1900. 
 1900. 1900. 1900. 1900. 1900. 1900. 1900. 2323. 2323. 1900. 1900.   38.
   38.   38.   38.   38.   38.   38.   38.   38.   38.   38.   38.   38.
   38.   38. 
 38. 38. 38. 38. 38. 38. 38. 38. 38. 38. 38. 38. 38. 38. 38. 38. 38. 38.
 38. 38. 38. 38. 38. 38. 38. 38. 
   38.   38.   38.   38.   38.   38.   38.   38.   38.   38. 1900. 1900.
 2323. 2323. 2323. 1900. 1900. 1900. 1900. 2323. 2323. 1900. 1900.   38.
   38.   38. 
 38. 38. 38. 38. 38. 38. 38. 38. 38. 38. 38. 38. 38. 38. 38. 38. 38. 38.
 38. 38. 38. 38. 38. 38. 38. 38. 
   38.   38.   38.   38.   38.   38.   38.   38.   38.   38.   38.   38.
   38.   38.   38.   38.   38.   38.   38.   38.   38. 1900. 1900. 2323.
 2323. 2323. 
 2323. 2323. 2323. 2323. 2323. 2323. 2323. 1900. 1900.   38.   38.   38.
   38.   38.   38.   38.   38.   38.   38.   38.   38.   38.   38.   38.
   38.   38. 
   38.   38.   38.   38.   38.   38.   38.   38.   38.   38.   38.   38.
   38.   38.   38.   38.   38.   38.   38.   38.   38.   38.   38.   38.
   38. 1900. 
 1900. 1900. 1900. 1900.   38.   38.   38. 1900. 2323. 2323. 2323. 2323.
 2323. 2323. 2323. 2323. 2323. 2323. 2323. 1900.   38.   38.   38.   38.
   38.   38. 
 38. 38. 38. 38. 38. 38. 38. 38. 38. 38. 38. 38. 38. 38. 38. 38. 38. 38.
 38. 38. 38. 38. 38. 38. 38. 38. 
   38.   38.   38.   38.   38.   38.   38.   38.   38.   38. 1900. 1900.
 1900. 2323. 1900. 1900. 1900. 1900. 1900. 1900. 2323. 2323. 2323. 1900.
 1900. 1900. 
 2323. 2323. 2323. 2323. 1900. 1900.   38.   38.   38.   38.   38.   38.
   38.   38.   38.   38.   38.   38.   38.   38.   38.   38.   38.   38.
   38.   38. 
   38.   38.   38.   38.   38.   38.   38.   38.   38.   38.   38.   38.
   38.   38.   38.   38.   38.   38.   38.   38.   38. 1900. 1900. 2323.
 2323. 2323. 
 2323. 2323. 1900. 1900. 1900. 2323. 2323. 2323. 1900. 1900. 1900. 1900.
 1900. 1900. 1900. 1900. 1900.   38.   38.   38.   38.   38.   38.   38.
   38.   38. 
 38. 38. 38. 38. 38. 38. 38. 38. 38. 38. 38. 38. 38. 38. 38. 38. 38. 38.
 38. 38. 38. 38. 38. 38. 38. 38. 
   38.   38.   38.   38.   38.   38.   38. 1900. 2323. 2323. 2323. 2323.
 2323. 2323. 2323. 2323. 2323. 2323. 2323. 2323. 1900.   38.   38.   38.
   38.   38. 
 38. 38. 38. 38. 38. 38. 38. 38. 38. 38. 38. 38. 38. 38. 38. 38. 38. 38.
 38. 38. 38. 38. 38. 38. 38. 38. 
   38.   38.   38.   38.   38.   38.   38.   38.   38.   38.   38.   38.
   38.   38.   38.   38.   38.   38. 1900. 1900. 2323. 2323. 1900. 1900.
 1900. 2323. 
 2323. 2323. 2323. 2323. 2323. 1900. 1900.   38.   38.   38.   38.   38.
   38.   38.   38.   38.   38.   38.   38.   38.   38.   38.   38.   38.
   38.   38. 
 38. 38. 38. 38. 38. 38. 38. 38. 38. 38. 38. 38. 38. 38. 38. 38. 38. 38.
 38. 38. 38. 38. 38. 38. 38. 38. 
   38.   38.   38.   38. 1900. 1900. 2323. 2323. 1900. 1900. 1900. 1900.
 2323. 2323. 2323. 1900. 1900. 1900.   38.   38.   38.   38.   38.   38.
   38.   38. 
 38. 38. 38. 38. 38. 38. 38. 38. 38. 38. 38. 38. 38. 38. 38. 38. 38. 38.
 38. 38. 38. 38. 38. 38. 38. 38. 
   38.   38.   38.   38.   38.   38.   38.   38.   38.   38.   38.   38.
   38.   38. 1900. 1900. 1900. 1900. 2323. 2323. 1900. 1900.   38. 1900.
 1900. 1900. 
 1900. 1900.   38.   38.   38.   38.   38.   38.   38.   38.   38.   38.
   38.   38.   38.   38.   38.   38.   38.   38.   38.   38.   38.   38.
   38.   38. 
   38.   38.   38.   38.   38.   38.   38.   38.   38.   38.   38.   38.
   38.   38.   38.   38.   38.   38.   38.   38.   38.   38. 1900. 1900.
 1900. 1900. 
 1900. 1900. 1900. 2323. 2323. 2323. 1900. 1900.   38.   38.   38.   38.
   38.   38.   38.   38.   38.   38.   38.   38.   38.   38.   38.   38.
   38.   38. 
 38. 38. 38. 38. 38. 38. 38. 38. 38. 38. 38. 38. 38. 38. 38. 38. 38. 38.
 38. 38. 38. 38. 38. 38. 38. 38. 
   38.   38.   38.   38.   38.   38.   38. 1900. 1900. 1900. 2323. 2323.
 2323. 2323. 2323. 2323. 2323. 2323. 1900.   38.   38.   38.   38.   38.
   38.   38. 
 38. 38. 38. 38. 38. 38. 38. 38. 38. 38. 38. 38. 38. 38. 38. 38. 38. 38.
 38. 38. 38. 38. 38. 38. 38. 38. 
   38.   38.   38.   38.   38.   38.   38.   38.   38.   38.   38.   38.
   38.   38.   38.   38.   38.   38.   38. 1900. 2323. 2323. 2323. 2323.
 2323. 2323. 
 2323. 2323. 1900. 1900. 1900.   38.   38.   38.   38.   38.   38.   38.
   38.   38.   38.   38.   38.   38.   38.   38.   38.   38.   38.   38.
   38.   38. 
 38. 38. 38. 38. 38. 38. 38. 38. 38. 38. 38. 38. 38. 38. 38. 38. 38. 38.
 38. 38. 38. 38. 38. 38. 38. 38. 
   38.   38.   38.   38.   38. 1900. 2323. 2323. 2323. 1900. 1900. 1900.
 1900. 1900. 1900. 1900.   38.   38.   38.   38.   38.   38.   38.   38.
   38.   38. 
 38. 38. 38. 38. 38. 38. 38. 38. 38. 38. 38. 38. 38. 38. 38. 38. 38. 38.
 38. 38. 38. 38. 38. 38. 38. 38. 
   38.   38.   38.   38.   38.   38.   38.   38.   38.   38. 1900. 1900.
 1900. 1900.   38.   38. 1900. 1900. 2323. 2323. 1900. 1900.   38.   38.
   38.   38. 
 38. 38. 38. 38. 38. 38. 38. 38. 38. 38. 38. 38. 38. 38. 38. 38. 38. 38.
 38. 38. 38. 38. 38. 38. 38. 38. 
   38.   38.   38.   38.   38.   38.   38.   38.   38.   38. 1900. 1900.
 1900.   38.   38.   38.   38.   38.   38.   38. 1900. 1900. 1900. 1900.
 2323. 1900. 
 1900. 1900. 1900. 1900. 2323. 2323. 1900. 1900.   38.   38.   38.   38.
   38.   38.   38.   38.   38.   38.   38.   38.   38.   38.   38.   38.
   38.   38. 
   38.   38.   38.   38.   38.   38.   38.   38.   38.   38.   38.   38.
   38.   38.   38.   38.   38.   38.   38.   38. 1900. 1900. 1900. 1900.
 1900. 1900. 
 1900.   38.   38.   38.   38. 1900. 1900. 2323. 2323. 2323. 2323. 2323.
 1900. 1900. 1900. 1900. 2323. 2323. 1900.   38.   38.   38.   38.   38.
   38.   38. 
 38. 38. 38. 38. 38. 38. 38. 38. 38. 38. 38. 38. 38. 38. 38. 38. 38. 38.
 38. 38. 38. 38. 38. 38. 38. 38. 
   38.   38.   38.   38.   38.   38. 1900. 2323. 2323. 2323. 2323. 1900.
 1900. 1900.   38.   38. 1900. 1900. 2323. 2323. 2323. 2323. 2323. 2323.
 2323. 1900. 
 1900. 2323. 2323. 2323. 1900.   38.   38.   38.   38.   38.   38.   38.
   38.   38.   38.   38.   38.   38.   38.   38.   38.   38.   38.   38.
   38.   38. 
   38.   38.   38.   38.   38.   38.   38.   38.   38.   38.   38.   38.
   38.   38.   38.   38.   38.   38. 1900. 2323. 2323. 2323. 2323. 2323.
 2323. 1900. 
 1900. 1900. 1900. 2323. 2323. 2323. 1900. 1900. 1900. 2323. 2323. 2323.
 1900. 2323. 2323. 2323. 1900.   38.   38.   38.   38.   38.   38.   38.
   38.   38. 
 38. 38. 38. 38. 38. 38. 38. 38. 38. 38. 38. 38. 38. 38. 38. 38. 38. 38.
 38. 38. 38. 38. 38. 38. 38. 38. 
   38.   38.   38.   38. 1900. 2323. 2323. 1900. 2323. 2323. 2323. 2323.
 1900. 1900. 2323. 2323. 2323. 1900. 1900. 1900. 1900. 1900. 1900. 2323.
 2323. 2323. 
 2323. 1900. 1900.   38.   38.   38.   38.   38.   38.   38.   38.   38.
   38.   38.   38.   38.   38.   38.   38.   38.   38.   38.   38.   38.
   38.   38. 
   38.   38.   38.   38.   38.   38.   38.   38.   38.   38.   38.   38.
   38.   38.   38.   38. 1900. 2323. 2323. 1900. 1900. 1900. 2323. 2323.
 2323. 2323. 
 2323. 2323. 1900. 1900. 1900.   38.   38. 1900. 1900. 1900. 1900. 2323.
 1900. 1900. 1900.   38.   38.   38.   38.   38.   38.   38.   38.   38.
   38.   38. 
 38. 38. 38. 38. 38. 38. 38. 38. 38. 38. 38. 38. 38. 38. 38. 38. 38. 38.
 38. 38. 38. 38. 38. 38. 38. 38. 
   38.   38. 1900. 2323. 2323. 1900. 1900. 1900. 1900. 2323. 2323. 2323.
 2323. 1900. 1900.   38.   38.   38.   38.   38.   38. 1900. 1900. 1900.
 1900. 1900. 
 38. 38. 38. 38. 38. 38. 38. 38. 38. 38. 38. 38. 38. 38. 38. 38. 38. 38.
 38. 38. 38. 38. 38. 38. 38. 38. 
   38.   38.   38.   38.   38.   38.   38.   38.   38.   38.   38.   38.
   38.   38. 2323. 2323. 2323. 1900.   38.   38. 1900. 1900. 1900. 1900.
 1900. 1900. 
 38. 38. 38. 38. 38. 38. 38. 38. 38. 38. 38. 38. 38. 38. 38. 38. 38. 38.
 38. 38. 38. 38. 38. 38. 38. 38. 
 38. 38. 38. 38. 38. 38. 38. 38. 38. 38. 38. 38. 38. 38. 38. 38. 38. 38.
 38. 38. 38. 38. 38. 38. 38. 38. 
 2323. 2323. 1900. 1900.   38.   38.   38. 1900. 1900. 1900. 1900.   38.
   38.   38.   38.   38.   38.   38.   38.   38.   38.   38.   38.   38.
   38.   38. 
 38. 38. 38. 38. 38. 38. 38. 38. 38. 38. 38. 38. 38. 38. 38. 38. 38. 38.
 38. 38. 38. 38. 38. 38. 38. 38. 
   38.   38.   38.   38.   38.   38.   38.   38.   38.   38.   38.   38.
 2323. 2323. 1900. 1900.   38.   38.   38.   38.   38.   38.   38.   38.
   38.   38. 
 38. 38. 38. 38. 38. 38. 38. 38. 38. 38. 38. 38. 38. 38. 38. 38. 38. 38.
 38. 38. 38. 38. 38. 38. 38. 38. 
   38.   38.   38.   38.   38.   38.   38.   38.   38.   38.   38.   38.
   38.   38.   38.   38.   38.   38.   38.   38.   38.   38.   38.   38.
 2323. 1900. 
 1900.   38.   38.   38.   38.   38.   38.   38.   38.   38.   38.   38.
   38.   38.   38.   38.   38.   38.   38.   38.   38.   38.   38.   38.
   38.   38. 
 38. 38. 38. 38. 38. 38. 38. 38. 38. 38. 38. 38. 38. 38. 38. 38. 38. 38.
 38. 38. 38. 38. 38. 38. 38. 38. 
   38.   38.   38.   38.   38.   38.   38.   38.   38.   38. 1900. 1900.
   38.   38.   38.   38.   38.   38.   38.   38.   38.   38.   38.   38.
   38.   38. 
 38. 38. 38. 38. 38. 38. 38. 38. 38. 38. 38. 38. 38. 38. 38. 38. 38. 38.
 38. 38. 38. 38. 38. 38. 38. 38. 
 38. 38. 38. 38. 38. 38. 38. 38. 38. 38. 38. 38. 38. 38. 38. 38. 38. 38.
 38. 38. 38. 38. 38. 38. 38. 38. 
 38. 38. 38. 38. 38. 38. 38. 38. 38. 38. 38. 38. 38. 38. 38. 38. 38. 38.
 38. 38. 38. 38. 38. 38. 38. 38. 
 38. 38. 38. 38. 38. 38. 38. 38. 38. 38. 38. 38. 38. 38. 38. 38. 38. 38.
 38. 38. 38. 38. 38. 38. 38. 38. 
 38. 38. 38. 38. 38. 38. 38. 38. 38. 38. 38. 38. 38. 38. 38. 38. 38. 38.
 38. 38. 38. 38. 38. 38. 38. 38. 
 38. 38. 38. 38. 38. 38. 38. 38. 38. 38. 38. 38. 38. 38. 38. 38. 38. 38.
 38. 38. 38. 38. 38. 38. 38. 38. 
 38. 38. 38. 38. 38. 38. 38. 38. 38. 38. 38. 38. 38. 38. 38. 38. 38. 38.
 38. 38. 38. 38. 38. 38. 38. 38. 
 38. 38. 38. 38. 38. 38. 38. 38. 38. 38. 38. 38. 38. 38. 38. 38. 38. 38.
 38. 38. 38. 38. 38. 38. 38. 38. 
 38. 38. 38. 38. 38. 38. 38. 38. 38. 38. 38. 38. 38. 38. 38. 38. 38. 38.
 38. 38. 38. 38. 38. 38. 38. 38. 
 38. 38. 38. 38. 38. 38. 38. 38. 38. 38. 38. 38. 38. 38. 38. 38. 38. 38.
 38. 38. 38. 38. 38. 38. 38. 38. 
 38. 38. 38. 38. 38. 38. 38. 38. 38. 38. 38. 38. 38. 38. 38. 38. 38. 38.
 38. 38. 38. 38. 38. 38. 38. 38. 
 38. 38. 38. 38. 38. 38. 38. 38. 38. 38. 38. 38. 38. 38. 38. 38. 38. 38.
 38. 38. 38. 38. 38. 38. 38. 38. 
 38. 38. 38. 38. 38. 38. 38. 38. 38. 38. 38. 38. 38. 38. 38. 38. 38. 38.
 38. 38. 38. 38. 38. 38. 38. 38. 
 38. 38. 38. 38. 38. 38. 38. 38. 38. 38. 38. 38. 38. 38. 38. 38. 38. 38.
 38. 38. 38. 38. 38. 38. 38. 38. 
 38. 38. 38. 38. 38. 38. 38. 38. 38. 38. 38. 38. 38. 38. 38. 38. 38. 38.
 38. 38. 38. 38. 38. 38. 38. 38. 
 38. 38. 38. 38. 38. 38. 38. 38. 38. 38. 38. 38. 38. 38. 38. 38. 38. 38.
 38. 38. 38. 38. 38. 38. 38. 38. 
 38. 38. 38. 38. 38. 38. 38. 38. 38. 38. 38. 38. 38. 38. 38. 38. 38. 38.
 38. 38. 38. 38. 38. 38. 38. 38. 
 38. 38. 38. 38. 38. 38. 38. 38. 38. 38. 38. 38. 38. 38. 38. 38. 38. 38.
 38. 38. 38. 38. 38. 38. 38. 38. 
 38. 38. 38. 38. 38. 38. 38. 38. 38. 38. 38. 38. 38. 38. 38. 38. 38. 38.
 38. 38. 38. 38. 38. 38. 38. 38. 
 38. 38. 38. 38. 38. 38. 38. 38. 38. 38. 38. 38. 38. 38. 38. 38. 38. 38.
 38. 38. 38. 38. 38. 38. 38. 38. 
 38. 38. 38. 38. 38. 38. 38. 38. 38. 38. 38. 38. 38. 38. 38. 38. 38. 38.
 38. 38. 38. 38. 38. 38. 38. 38. 
 38. 38. 38. 38. 38. 38. 38. 38. 38. 38. 38. 38. 38. 38. 
/