PERMI
   36.   36. 2737. 2737. 2737. 2737.   36.   36.   36.   36.   36.   36.
   36.   36.   36.   36.   36.   36.   36.   36.   36.   36.   36.   36.
   36.   36. 
 36. 36. 36. 36. 36. 36. 36. 36. 36. 36. 36. 36. 36. 36. 36. 36. 36. 36.
 36. 36. 36. 36. 36. 36. 36. 36. 
   36.   36.   36.   36.   36.   36.   36.   36.   36.   36.   36.   36.
   36. 2737. 2737. 3809. 3809. 3809. 2737. 2737.   36.   36.   36.   36.
   36.   36. 
 36. 36. 36. 36. 36. 36. 36. 36. 36. 36. 36. 36. 36. 36. 36. 36. 36. 36.
 36. 36. 36. 36. 36. 36. 36. 36. 
   36.   36.   36.   36.   36.   36.   36.   36.   36.   36.   36.   36.
   36.   36.   36.   36.   36.   36.   36.   36.   36.   36.   36.   36.
 2737. 3809. 
 3809. 3809. 3809. 3809. 3809. 2737.   36.   36.   36.   36.   36.   36.
   36.   36.   36.   36.   36.   36.   36.   36.   36.   36.   36.   36.
   36.   36. 
 36. 36. 36. 36. 36. 36. 36. 36. 36. 36. 36. 36. 36. 36. 36. 36. 36. 36.
 36. 36. 36. 36. 36. 36. 36. 36. 
   36.   36.   36.   36.   36.   36.   36.   36.   36.   36. 3809. 3809.
 3809. 3809. 3809. 3809. 3809. 2737. 2737.   36.   36.   36.   36.   36.
   36.   36. 
 36. 36. 36. 36. 36. 36. 36. 36. 36. 36. 36. 36. 36. 36. 36. 36. 36. 36.
 36. 36. 36. 36. 36. 36. 36. 36. 
   36.   36.   36.   36.   36.   36.   36.   36.   36.   36.   36.   36.
   36.   36.   36.   36.   36.   36.   36.   36.   36.   36. 3809. 3809.
 3809. 3809. 
 2737. 3809. 3809. 3809. 2737.   36.   36.   36.   36.   36.   36.   36.
   36.   36.   36.   36.   36.   36.   36.   36.   36.   36.   36.   36.
   36.   36. 
 36. 36. 36. 36. 36. 36. 36. 36. 36. 36. 36. 36. 36. 36. 36. 36. 36. 36.
 36. 36. 36. 36. 36. 36. 36. 36. 
   36.   36.   36.   36.   36.   36.   36.   36. 3809. 3809. 3809. 2737.
 2737. 3809. 3809. 3809. 2737.   36.   36.   36.   36.   36. 2737. 2737.
 2737. 2737. 
 2737.   36.   36.   36.   36.   36.   36.   36.   36.   36.   36.   36.
   36.   36.   36.   36.   36.   36.   36.   36.   36.   36.   36.   36.
   36.   36. 
   36.   36.   36.   36.   36.   36.   36.   36.   36.   36.   36.   36.
   36.   36.   36.   36.   36.   36.   36.   36. 3809. 2737. 2737. 2737.
 2737. 2737. 
 3809. 3809. 2737. 2737.   36.   36. 2737. 2737. 2737. 3809. 3809. 3809.
 2737. 2737.   36.   36.   36.   36.   36.   36.   36.   36.   36.   36.
   36.   36. 
 36. 36. 36. 36. 36. 36. 36. 36. 36. 36. 36. 36. 36. 36. 36. 36. 36. 36.
 36. 36. 36. 36. 36. 36. 36. 36. 
   36.   36.   36.   36.   36.   36. 3809. 2737.   36.   36.   36. 2737.
 3809. 3809. 3809. 2737.   36. 2737. 2737. 3809. 3809. 3809. 3809. 3809.
 3809. 2737. 
 2737.   36.   36.   36.   36.   36.   36.   36.   36.   36.   36.   36.
   36.   36.   36.   36.   36.   36.   36.   36.   36.   36.   36.   36.
   36.   36. 
   36.   36.   36.   36.   36.   36.   36.   36.   36.   36.   36.   36.
   36.   36.   36.   36.   36.   36. 2737. 2737.   36.   36.   36. 2737.
 2737. 3809. 
 3809. 2737. 2737. 3809. 3809. 3809. 3809. 3809. 3809. 3809. 3809. 3809.
 2737.   36.   36.   36.   36.   36.   36.   36.   36.   36.   36.   36.
   36.   36. 
 36. 36. 36. 36. 36. 36. 36. 36. 36. 36. 36. 36. 36. 36. 36. 36. 36. 36.
 36. 36. 36. 36. 36. 36. 36. 36. 
   36.   36.   36.   36. 2737.   36.   36.   36.   36.   36. 2737. 3809.
 3809. 3809. 3809. 3809. 3809. 3809. 3809. 2737. 2737. 3809. 3809. 3809.
 2737.   36. 
 36. 36. 36. 36. 36. 36. 36. 36. 36. 36. 36. 36. 36. 36. 36. 36. 36. 36.
 36. 36. 36. 36. 36. 36. 36. 36. 
   36.   36.   36.   36.   36.   36.   36.   36.   36.   36.   36.   36.
   36.   36.   36.   36.   36.   36.   36.   36.   36.   36. 2737. 2737.
 3809. 3809. 
 3809. 3809. 2737. 2737. 2737. 2737. 2737. 3809. 3809. 2737. 2737.   36.
   36.   36. 2737. 2737. 2737. 2737. 2737. 2737.   36.   36.   36.   36.
   36.   36. 
 36. 36. 36. 36. 36. 36. 36. 36. 36. 36. 36. 36. 36. 36. 36. 36. 36. 36.
 36. 36. 36. 36. 36. 36. 36. 36. 
   36.   36.   36.   36.   36.   36.   36.   36.   36. 2737. 2737. 2737.
 2737. 2737. 2737.   36.   36.   36. 2737. 3809. 3809. 2737.   36.   36.
   36. 2737. 
 2737. 3809. 3809. 3809. 3809. 2737. 2737.   36.   36.   36.   36.   36.
   36.   36.   36.   36.   36.   36.   36.   36.   36.   36.   36.   36.
   36.   36. 
   36.   36.   36.   36.   36.   36.   36.   36.   36.   36.   36.   36.
   36.   36.   36.   36.   36.   36.   36.   36.   36.   36.   36. 2737.
 2737.   36. 
   36.   36.   36. 2737. 2737. 3809. 3809. 2737.   36. 2737. 2737. 2737.
 3809. 3809. 3809. 3809. 3809. 3809. 2737.   36.   36.   36.   36.   36.
   36.   36. 
 36. 36. 36. 36. 36. 36. 36. 36. 36. 36. 36. 36. 36. 36. 36. 36. 36. 36.
 36. 36. 36. 36. 36. 36. 36. 36. 
   36.   36.   36.   36.   36.   36.   36.   36.   36.   36.   36.   36.
   36.   36.   36. 2737. 2737. 3809. 3809. 2737. 2737. 2737. 3809. 3809.
 3809. 3809. 
 2737. 2737. 3809. 3809. 3809. 2737.   36.   36.   36.   36.   36.   36.
   36.   36.   36.   36.   36.   36.   36.   36.   36.   36.   36.   36.
   36.   36. 
 36. 36. 36. 36. 36. 36. 36. 36. 36. 36. 36. 36. 36. 36. 36. 36. 36. 36.
 36. 36. 36. 36. 36. 36. 36. 36. 
   36. 2737. 3809. 3809. 3809. 2737. 3809. 3809. 3809. 3809. 3809. 2737.
 2737.   36. 2737. 3809. 3809. 2737.   36.   36.   36.   36.   36.   36.
   36.   36. 
 36. 36. 36. 36. 36. 36. 36. 36. 36. 36. 36. 36. 36. 36. 36. 36. 36. 36.
 36. 36. 36. 36. 36. 36. 36. 36. 
   36.   36.   36.   36.   36.   36.   36.   36.   36.   36.   36.   36.
   36. 2737. 3809. 3809. 3809. 3809. 3809. 3809. 3809. 3809. 2737. 2737.
   36.   36. 
 2737. 3809. 3809. 2737.   36.   36.   36.   36.   36. 2737. 2737. 2737.
   36.   36.   36.   36.   36.   36.   36.   36.   36.   36.   36.   36.
   36.   36. 
 36. 36. 36. 36. 36. 36. 36. 36. 36. 36. 36. 36. 36. 36. 36. 36. 36. 36.
 36. 36. 36. 36. 36. 36. 36. 36. 
 2737. 3809. 3809. 3809. 3809. 3809. 3809. 2737. 2737.   36.   36.   36.
 2737. 3809. 3809. 2737.   36.   36.   36. 2737. 2737. 3809. 2737. 2737.
 2737.   36. 
 36. 36. 36. 36. 36. 36. 36. 36. 36. 36. 36. 36. 36. 36. 36. 36. 36. 36.
 36. 36. 36. 36. 36. 36. 36. 36. 
   36.   36.   36.   36.   36.   36.   36.   36.   36.   36.   36.   36.
 2737. 2737. 3809. 2737. 2737. 2737. 2737.   36.   36.   36.   36.   36.
 2737. 3809. 
 3809. 2737.   36. 2737. 2737. 3809. 3809. 3809. 3809. 3809. 3809. 2737.
   36.   36.   36.   36.   36.   36.   36.   36.   36.   36.   36.   36.
   36.   36. 
 36. 36. 36. 36. 36. 36. 36. 36. 36. 36. 36. 36. 36. 36. 36. 36. 36. 36.
 36. 36. 36. 36. 36. 36. 36. 36. 
 2737. 2737.   36.   36.   36.   36.   36.   36.   36.   36. 2737. 3809.
 3809. 2737. 2737. 3809. 3809. 3809. 3809. 3809. 3809. 3809. 3809. 2737.
   36.   36. 
 36. 36. 36. 36. 36. 36. 36. 36. 36. 36. 36. 36. 36. 36. 36. 36. 36. 36.
 36. 36. 36. 36. 36. 36. 36. 36. 
   36.   36.   36.   36.   36.   36.   36.   36.   36.   36.   36.   36.
   36.   36.   36.   36.   36.   36.   36.   36.   36.   36. 2737. 2737.
 3809. 3809. 
 3809. 3809. 3809. 3809. 2737. 2737. 3809. 3809. 3809. 2737.   36.   36.
   36.   36.   36. 2737. 2737. 2737. 2737.   36.   36.   36.   36.   36.
   36.   36. 
 36. 36. 36. 36. 36. 36. 36. 36. 36. 36. 36. 36. 36. 36. 36. 36. 36. 36.
 36. 36. 36. 36. 36. 36. 36. 36. 
   36.   36.   36.   36.   36.   36.   36.   36.   36. 2737. 3809. 3809.
 3809. 3809. 2737. 2737.   36. 2737. 3809. 3809. 3809. 2737.   36.   36.
   36. 2737. 
 2737. 2737. 3809. 3809. 2737. 2737.   36.   36.   36.   36.   36.   36.
   36.   36.   36.   36.   36.   36.   36.   36.   36.   36. 2737. 2737.
 2737.   36. 
   36.   36.   36.   36.   36.   36.   36.   36.   36.   36.   36.   36.
   36.   36.   36.   36.   36.   36.   36.   36.   36.   36. 2737. 2737.
 2737. 2737. 
 2737.   36.   36. 2737. 3809. 3809. 3809. 2737.   36.   36. 2737. 2737.
 3809. 3809. 3809. 3809. 3809. 2737. 2737.   36.   36.   36.   36.   36.
   36.   36. 
   36.   36.   36.   36.   36.   36.   36. 2737. 2737. 3809. 2737. 2737.
   36.   36.   36.   36.   36.   36.   36.   36.   36.   36.   36.   36.
   36.   36. 
   36.   36.   36.   36.   36.   36.   36.   36.   36. 2737.   36.   36.
   36.   36.   36. 2737. 3809. 3809. 3809. 2737.   36. 2737. 3809. 3809.
 3809. 3809. 
 3809. 3809. 3809. 3809. 3809. 2737.   36.   36.   36.   36.   36.   36.
   36.   36.   36. 2737.   36.   36. 2737. 3809. 3809. 3809. 3809. 3809.
 2737.   36. 
 36. 36. 36. 36. 36. 36. 36. 36. 36. 36. 36. 36. 36. 36. 36. 36. 36. 36.
 36. 36. 36. 36. 36. 36. 36. 36. 
   36. 2737. 3809. 3809. 3809. 2737. 2737. 3809. 3809. 3809. 3809. 2737.
 2737. 2737. 3809. 3809. 3809. 3809. 2737.   36.   36.   36.   36.   36.
   36.   36. 
 2737. 2737.   36. 2737. 2737. 3809. 3809. 2737. 3809. 3809. 2737. 2737.
   36.   36.   36.   36. 2737. 2737. 2737. 2737. 2737.   36.   36.   36.
   36.   36. 
   36.   36.   36.   36.   36.   36.   36.   36.   36.   36.   36.   36.
   36. 2737. 3809. 3809. 3809. 2737. 3809. 3809. 3809. 3809. 2737. 2737.
   36. 2737. 
 2737. 3809. 3809. 3809. 3809. 2737.   36.   36.   36. 2737. 2737. 2737.
 2737. 3809. 2737. 2737. 3809. 3809. 2737. 2737. 2737. 3809. 3809. 2737.
   36.   36. 
   36. 2737. 2737. 3809. 3809. 3809. 3809. 2737.   36.   36.   36.   36.
   36.   36.   36.   36.   36.   36.   36.   36.   36.   36.   36.   36.
   36. 2737. 
 2737. 3809. 3809. 3809. 3809. 3809. 3809. 2737. 2737.   36.   36.   36.
   36. 2737. 3809. 3809. 3809. 3809. 2737. 2737. 2737. 2737. 3809. 3809.
 3809. 3809. 
 2737. 3809. 3809. 3809. 2737.   36. 2737. 3809. 3809. 2737. 2737.   36.
 2737. 2737. 3809. 3809. 3809. 3809. 3809. 2737. 2737.   36.   36.   36.
   36.   36. 
   36.   36.   36.   36.   36.   36.   36.   36.   36.   36.   36.   36.
 2737. 3809. 3809. 3809. 3809. 3809. 2737. 2737.   36.   36.   36.   36.
   36.   36. 
 2737. 3809. 3809. 3809. 3809. 3809. 3809. 3809. 3809. 3809. 3809. 3809.
 3809. 3809. 3809. 2737. 2737.   36. 2737. 3809. 3809. 3809. 2737. 2737.
 2737. 3809. 
 3809. 3809. 3809. 3809. 3809. 3809. 2737.   36.   36.   36.   36.   36.
   36.   36.   36.   36.   36.   36.   36.   36.   36.   36.   36.   36.
 2737. 2737. 
 3809. 3809. 2737. 2737.   36.   36.   36.   36.   36.   36.   36.   36.
   36. 2737. 3809. 3809. 3809. 3809. 3809. 3809. 3809. 3809. 3809. 3809.
 3809. 2737. 
 2737. 2737.   36.   36. 2737. 2737. 3809. 3809. 2737. 2737. 3809. 3809.
 3809. 3809. 2737. 3809. 3809. 3809. 2737.   36.   36.   36.   36.   36.
   36.   36. 
   36.   36.   36.   36.   36.   36.   36.   36.   36.   36.   36.   36.
 2737. 2737. 2737.   36.   36.   36.   36.   36.   36.   36.   36.   36.
   36.   36. 
 2737. 2737. 3809. 3809. 3809. 3809. 2737. 2737. 2737. 2737. 2737. 2737.
   36.   36.   36.   36.   36. 2737. 3809. 3809. 3809. 3809. 3809. 3809.
 3809. 2737. 
 2737. 3809. 3809. 3809. 2737.   36.   36.   36. 2737. 2737. 2737. 2737.
   36.   36.   36.   36.   36.   36.   36.   36.   36.   36.   36.   36.
   36.   36. 
   36.   36.   36.   36.   36.   36.   36.   36.   36.   36.   36.   36.
   36.   36. 2737. 2737. 2737. 2737. 2737.   36.   36.   36.   36.   36.
   36.   36. 
   36.   36.   36. 2737. 3809. 3809. 3809. 3809. 3809. 2737. 2737.   36.
 2737. 3809. 3809. 3809. 2737.   36. 2737. 2737. 3809. 3809. 3809. 2737.
 2737.   36. 
 36. 36. 36. 36. 36. 36. 36. 36. 36. 36. 36. 36. 36. 36. 36. 36. 36. 36.
 36. 36. 36. 36. 36. 36. 36. 36. 
   36.   36.   36.   36.   36.   36.   36.   36.   36.   36.   36.   36.
   36.   36.   36.   36. 2737. 3809. 3809. 3809. 2737. 2737.   36.   36.
 2737. 3809. 
 3809. 3809. 2737. 2737. 3809. 3809. 3809. 3809. 3809. 3809. 2737.   36.
   36.   36.   36.   36.   36.   36.   36.   36.   36.   36.   36.   36.
   36.   36. 
 36. 36. 36. 36. 36. 36. 36. 36. 36. 36. 36. 36. 36. 36. 36. 36. 36. 36.
 36. 36. 36. 36. 36. 36. 36. 36. 
   36.   36.   36. 2737. 2737. 2737.   36.   36.   36.   36. 2737. 3809.
 3809. 3809. 2737. 3809. 3809. 3809. 3809. 3809. 3809. 3809. 2737.   36.
   36.   36. 
 36. 36. 36. 36. 36. 36. 36. 36. 36. 36. 36. 36. 36. 36. 36. 36. 36. 36.
 36. 36. 36. 36. 36. 36. 36. 36. 
   36.   36.   36.   36.   36.   36.   36.   36.   36.   36.   36.   36.
   36.   36.   36.   36.   36.   36.   36.   36.   36.   36. 2737. 3809.
 3809. 3809. 
 3809. 3809. 3809. 3809. 2737. 2737. 3809. 3809. 3809. 2737.   36.   36.
   36.   36.   36.   36.   36.   36.   36.   36.   36.   36.   36.   36.
   36.   36. 
 36. 36. 36. 36. 36. 36. 36. 36. 36. 36. 36. 36. 36. 36. 36. 36. 36. 36.
 36. 36. 36. 36. 36. 36. 36. 36. 
   36.   36.   36.   36.   36.   36.   36.   36. 2737. 2737. 3809. 3809.
 3809. 3809. 2737. 2737. 2737. 2737. 3809. 3809. 2737. 2737.   36.   36.
   36.   36. 
 36. 36. 36. 36. 36. 36. 36. 36. 36. 36. 36. 36. 36. 36. 36. 36. 36. 36.
 36. 36. 36. 36. 36. 36. 36. 36. 
   36.   36.   36.   36.   36.   36.   36.   36.   36.   36.   36.   36.
   36.   36.   36.   36.   36.   36.   36.   36.   36. 2737. 2737. 3809.
 3809. 2737. 
 2737.   36.   36. 2737. 3809. 3809. 3809. 2737.   36.   36.   36.   36.
   36.   36.   36.   36.   36.   36.   36.   36.   36.   36.   36.   36.
   36.   36. 
 36. 36. 36. 36. 36. 36. 36. 36. 36. 36. 36. 36. 36. 36. 36. 36. 36. 36.
 36. 36. 36. 36. 36. 36. 36. 36. 
   36.   36.   36.   36.   36.   36.   36.   36. 2737. 2737. 2737. 2737.
   36.   36.   36. 2737. 3809. 3809. 3809. 2737.   36.   36.   36.   36.
   36.   36. 
 36. 36. 36. 36. 36. 36. 36. 36. 36. 36. 36. 36. 36. 36. 36. 36. 36. 36.
 36. 36. 36. 36. 36. 36. 36. 36. 
   36.   36.   36.   36. 2737. 2737. 2737. 2737. 2737. 2737.   36.   36.
   36.   36.   36.   36.   36.   36.   36.   36.   36.   36.   36.   36.
   36.   36. 
   36. 2737. 2737. 3809. 3809. 2737.   36.   36.   36.   36.   36.   36.
   36.   36.   36.   36.   36.   36.   36.   36.   36.   36.   36.   36.
   36.   36. 
   36.   36.   36.   36.   36.   36.   36.   36.   36.   36.   36.   36.
   36.   36. 2737. 2737. 3809. 3809. 3809. 3809. 3809. 3809. 2737.   36.
   36.   36. 
   36.   36.   36.   36.   36.   36.   36.   36.   36.   36.   36.   36.
   36.   36. 2737. 3809. 3809. 2737. 2737.   36.   36.   36. 2737. 2737.
 2737. 2737. 
 2737. 2737.   36.   36.   36.   36.   36.   36.   36.   36.   36.   36.
   36.   36.   36.   36.   36.   36.   36.   36.   36.   36.   36.   36.
   36.   36. 
 2737. 3809. 3809. 3809. 3809. 3809. 3809. 3809. 3809. 2737.   36.   36.
   36.   36.   36.   36.   36.   36.   36.   36.   36.   36.   36.   36.
   36.   36. 
 2737. 3809. 3809. 2737. 2737. 2737. 2737. 2737. 3809. 3809. 3809. 3809.
 3809. 2737. 2737.   36.   36.   36.   36.   36.   36.   36.   36.   36.
   36.   36. 
   36.   36.   36.   36.   36.   36.   36.   36.   36.   36.   36.   36.
 2737. 3809. 3809. 2737. 2737. 2737. 3809. 3809. 3809. 2737.   36.   36.
   36.   36. 
   36.   36. 2737. 2737. 2737. 2737.   36.   36.   36.   36.   36.   36.
 2737. 2737. 2737. 3809. 3809. 3809. 3809. 3809. 3809. 3809. 3809. 3809.
 3809. 3809. 
 2737.   36.   36.   36.   36.   36.   36.   36.   36.   36.   36.   36.
   36.   36.   36.   36.   36.   36.   36.   36.   36.   36.   36.   36.
 3809. 3809. 
 3809. 3809. 2737.   36. 2737. 3809. 3809. 2737.   36.   36.   36.   36.
 2737. 2737. 3809. 3809. 3809. 3809. 2737.   36.   36.   36.   36.   36.
   36. 2737. 
 2737. 3809. 3809. 3809. 3809. 3809. 3809. 2737. 2737. 3809. 3809. 3809.
 2737.   36.   36.   36.   36.   36.   36.   36.   36.   36.   36.   36.
   36.   36. 
   36.   36.   36.   36.   36.   36.   36.   36.   36.   36. 3809. 3809.
 3809. 3809. 2737.   36. 2737. 3809. 3809. 2737.   36.   36.   36. 2737.
 2737. 3809. 
 3809. 3809. 3809. 3809. 3809. 2737.   36.   36.   36.   36.   36.   36.
 2737. 2737. 2737. 2737. 2737. 2737. 2737. 2737. 2737. 2737. 3809. 3809.
 2737.   36. 
   36.   36.   36.   36.   36.   36.   36.   36.   36.   36.   36.   36.
   36.   36.   36.   36.   36.   36.   36.   36.   36.   36. 3809. 3809.
 3809. 3809. 
 3809.   36. 2737. 3809. 3809. 2737.   36. 2737. 2737. 2737. 2737. 3809.
 3809. 3809. 2737. 3809. 3809. 2737. 2737.   36.   36.   36.   36. 2737.
 2737. 2737. 
 2737. 2737.   36.   36.   36.   36. 2737. 2737. 3809. 3809. 2737.   36.
   36.   36.   36.   36.   36.   36.   36.   36.   36.   36.   36.   36.
   36.   36. 
   36.   36.   36.   36.   36.   36.   36.   36. 3809. 2737. 2737. 3809.
 3809. 2737. 2737. 3809. 3809. 3809. 2737. 3809. 3809. 3809. 2737. 3809.
 2737. 2737. 
 2737. 3809. 3809. 3809. 2737.   36.   36.   36. 2737. 3809. 3809. 3809.
 3809. 2737.   36.   36.   36.   36.   36. 2737. 3809. 3809. 2737.   36.
   36.   36. 
 2737. 2737. 2737. 2737. 2737. 2737. 2737.   36.   36.   36.   36.   36.
   36.   36.   36.   36.   36.   36.   36.   36. 3809. 2737. 2737. 3809.
 3809. 2737. 
   36. 2737. 3809. 2737. 3809. 3809. 3809. 3809. 2737. 3809. 2737.   36.
   36. 2737. 3809. 3809. 2737. 2737.   36. 2737. 3809. 3809. 3809. 3809.
 3809. 2737. 
   36.   36.   36.   36. 2737. 2737. 3809. 3809. 2737.   36. 2737. 2737.
 2737. 3809. 3809. 3809. 3809. 3809. 2737. 2737.   36.   36.   36.   36.
   36.   36. 
   36.   36.   36.   36.   36.   36. 3809. 2737. 2737. 3809. 3809. 2737.
   36. 2737. 3809. 3809. 3809. 3809. 2737. 3809. 2737. 2737.   36.   36.
   36. 2737. 
 3809. 3809. 3809. 2737. 2737. 2737. 3809. 3809. 3809. 3809. 3809. 2737.
   36.   36.   36.   36.   36. 2737. 3809. 3809. 2737. 2737. 2737. 3809.
 3809. 3809. 
 3809. 3809. 3809. 3809. 3809. 2737. 2737.   36.   36.   36.   36.   36.
   36.   36.   36.   36.   36.   36. 3809.   36. 2737. 3809. 3809. 2737.
 2737. 3809. 
 3809. 3809. 3809. 2737. 3809. 3809. 2737.   36.   36.   36.   36.   36.
 2737. 3809. 3809. 2737. 2737. 3809. 3809. 3809. 3809. 3809. 3809. 2737.
   36.   36. 
   36.   36.   36. 2737. 3809. 3809. 2737. 3809. 3809. 3809. 2737. 2737.
 2737. 2737. 2737. 3809. 3809. 3809. 2737.   36.   36.   36.   36.   36.
   36.   36. 
   36.   36.   36.   36. 2737.   36.   36. 3809. 3809. 2737. 2737. 3809.
 3809. 2737. 2737. 2737. 3809. 3809. 2737.   36.   36.   36.   36.   36.
 2737. 3809. 
 3809. 3809. 2737. 3809. 3809. 2737. 3809. 3809. 2737. 2737.   36.   36.
   36.   36.   36. 2737. 2737. 3809. 3809. 3809. 3809. 2737. 2737. 2737.
   36.   36. 
 2737. 2737. 3809. 3809. 2737. 2737.   36.   36.   36.   36.   36.   36.
   36.   36.   36.   36.   36.   36.   36. 3809. 3809. 3809. 3809. 3809.
 3809. 2737. 
 2737. 2737. 3809. 3809. 2737.   36.   36.   36.   36.   36. 2737. 2737.
 2737. 3809. 3809. 3809. 3809. 3809. 3809. 3809. 2737.   36.   36.   36.
 2737. 2737. 
 2737. 3809. 2737. 3809. 3809. 3809. 2737. 2737.   36.   36.   36.   36.
   36. 2737. 3809. 3809. 3809. 2737.   36.   36.   36.   36. 2737. 2737.
   36.   36. 
   36.   36.   36.   36.   36. 2737. 3809. 3809. 3809. 3809. 2737.   36.
   36. 2737. 3809. 3809. 2737.   36.   36.   36. 2737. 2737. 3809. 3809.
 3809. 3809. 
 2737. 3809. 2737. 3809. 3809. 2737.   36. 2737. 2737. 2737. 2737. 3809.
 3809. 3809. 3809. 2737. 2737. 2737. 2737.   36.   36.   36.   36.   36.
   36. 2737. 
 2737. 3809. 3809. 2737.   36. 2737. 2737. 2737. 2737. 2737. 2737. 2737.
 2737.   36.   36.   36.   36.   36.   36. 2737. 2737. 2737.   36.   36.
   36. 2737. 
 3809. 3809. 2737.   36.   36. 2737. 3809. 3809. 3809. 3809. 3809. 3809.
 3809. 2737. 2737. 3809. 3809. 2737. 2737. 2737. 3809. 3809. 3809. 3809.
 3809. 3809. 
 2737. 2737. 2737.   36.   36.   36.   36.   36.   36.   36.   36.   36.
 2737. 3809. 3809. 3809. 2737. 2737. 3809. 3809. 3809. 3809. 3809. 3809.
 3809. 2737. 
   36.   36.   36.   36.   36.   36.   36.   36.   36.   36.   36. 2737.
 3809. 3809. 2737. 2737. 2737. 3809. 3809. 3809. 3809. 2737. 3809. 3809.
 3809. 2737. 
 2737. 3809. 3809. 3809. 3809. 3809. 3809. 3809. 3809. 3809. 2737. 2737.
 3809. 3809. 3809. 2737.   36.   36.   36.   36.   36.   36.   36.   36.
 2737. 3809. 
 3809. 3809. 3809. 3809. 3809. 3809. 3809. 3809. 3809. 3809. 3809. 2737.
   36.   36.   36.   36.   36.   36.   36.   36.   36.   36.   36. 2737.
 3809. 3809. 
 3809. 3809. 3809. 3809. 3809. 2737. 2737.   36. 2737. 3809. 3809. 3809.
 2737. 3809. 3809. 3809. 3809. 3809. 2737. 2737. 2737. 2737.   36. 2737.
 2737. 3809. 
 3809. 2737.   36.   36.   36.   36.   36.   36.   36.   36.   36. 2737.
 3809. 3809. 3809. 3809. 3809. 3809. 3809. 2737. 2737. 3809. 3809. 2737.
   36.   36. 
   36.   36.   36.   36.   36.   36.   36.   36.   36. 2737. 3809. 3809.
 3809. 3809. 3809. 2737. 2737.   36.   36.   36.   36. 3809. 3809. 3809.
 2737. 2737. 
 2737. 2737. 2737. 2737. 2737.   36.   36.   36.   36.   36. 2737. 3809.
 3809. 2737. 2737.   36.   36.   36.   36.   36.   36.   36.   36. 2737.
 2737. 3809. 
 3809. 3809. 2737. 2737. 2737. 2737. 3809. 3809. 3809. 2737.   36.   36.
   36.   36.   36.   36.   36.   36.   36.   36.   36.   36. 2737. 2737.
 2737. 2737. 
 2737.   36.   36.   36.   36.   36.   36.   36. 3809. 3809. 3809. 2737.
 2737. 2737.   36.   36.   36.   36.   36.   36. 2737. 2737. 2737. 3809.
 3809. 3809. 
 2737.   36.   36.   36.   36.   36. 2737. 2737.   36.   36.   36. 2737.
 2737. 2737.   36.   36.   36. 2737. 3809. 3809. 3809. 2737.   36.   36.
   36.   36. 
   36.   36.   36.   36.   36.   36.   36.   36.   36.   36.   36.   36.
   36.   36.   36.   36.   36.   36.   36.   36. 2737. 3809. 3809. 3809.
   36.   36. 
   36.   36.   36.   36. 2737. 2737. 3809. 3809. 2737. 2737. 3809. 3809.
 2737.   36.   36. 2737. 2737. 2737. 3809. 3809. 2737.   36.   36.   36.
   36.   36. 
   36.   36.   36. 2737. 3809. 3809. 3809. 2737.   36.   36.   36.   36.
   36.   36.   36.   36.   36.   36.   36.   36.   36.   36.   36.   36.
   36.   36. 
   36.   36.   36.   36.   36.   36.   36. 2737. 3809. 3809. 2737.   36.
   36.   36.   36. 2737. 3809. 3809. 3809. 3809. 3809. 2737. 3809. 3809.
 2737. 2737. 
 2737. 2737. 3809. 3809. 3809. 3809. 3809. 2737.   36.   36.   36.   36.
   36.   36.   36. 2737. 2737. 3809. 3809. 2737.   36.   36.   36.   36.
   36.   36. 
   36.   36.   36.   36.   36.   36.   36.   36.   36.   36.   36.   36.
   36.   36.   36.   36.   36.   36.   36. 2737. 3809. 3809. 3809. 3809.
 3809. 2737. 
 3809. 3809. 3809. 3809. 2737. 3809. 3809. 2737. 3809. 3809. 2737. 2737.
 3809. 3809. 3809. 3809. 3809. 3809. 3809. 2737.   36.   36.   36.   36.
   36.   36. 
   36.   36. 2737. 3809. 3809. 3809.   36.   36.   36.   36.   36.   36.
   36.   36.   36.   36.   36.   36.   36.   36.   36.   36.   36.   36.
   36.   36. 
   36.   36.   36.   36.   36.   36. 2737. 3809. 3809. 3809. 3809. 3809.
 3809. 3809. 3809. 2737.   36. 2737. 3809. 3809. 2737. 3809. 3809. 3809.
 3809. 3809. 
 3809. 2737. 2737. 3809. 3809. 2737.   36.   36.   36.   36.   36.   36.
   36.   36. 2737. 2737. 3809. 3809.   36.   36.   36.   36.   36.   36.
   36.   36. 
   36.   36.   36.   36.   36.   36.   36.   36.   36.   36.   36.   36.
   36.   36.   36.   36.   36.   36.   36. 2737. 2737. 3809. 3809. 3809.
 2737. 2737. 
 2737.   36.   36. 2737. 3809. 3809. 2737. 3809. 3809. 3809. 3809. 3809.
 2737. 2737. 2737. 3809. 3809. 2737. 2737.   36.   36.   36.   36.   36.
   36.   36. 
   36. 2737. 2737. 3809.   36.   36.   36.   36.   36.   36.   36.   36.
   36.   36.   36.   36.   36.   36.   36.   36.   36.   36.   36.   36.
   36.   36. 
   36.   36.   36.   36.   36.   36.   36.   36. 2737.   36.   36.   36.
   36.   36.   36. 2737. 3809. 3809. 2737. 2737. 3809. 3809. 2737. 2737.
 2737. 2737. 
 2737. 2737. 3809. 3809. 2737.   36.   36.   36.   36.   36. 2737. 2737.
 2737.   36. 2737. 2737.   36.   36.   36.   36.   36.   36.   36.   36.
   36.   36. 
 36. 36. 36. 36. 36. 36. 36. 36. 36. 36. 36. 36. 36. 36. 36. 36. 36. 36.
 36. 36. 36. 36. 36. 36. 36. 36. 
   36. 2737. 3809. 3809. 2737. 2737. 2737. 2737. 2737. 3809. 3809. 3809.
 3809. 3809. 2737. 3809. 2737.   36.   36.   36. 2737. 2737. 2737. 3809.
 3809. 2737. 
 36. 36. 36. 36. 36. 36. 36. 36. 36. 36. 36. 36. 36. 36. 36. 36. 36. 36.
 36. 36. 36. 36. 36. 36. 36. 36. 
   36.   36.   36.   36.   36.   36.   36.   36.   36.   36.   36.   36.
   36. 2737. 3809. 3809. 2737. 2737. 2737. 3809. 3809. 3809. 3809. 3809.
 3809. 3809. 
 3809. 2737. 2737.   36.   36. 2737. 2737. 3809. 3809. 3809. 3809. 3809.
 2737.   36. 
/