PERMI
  738.   10.   10.   10.  738. 1110. 1110. 1110.  738.  738.   10.   10.
   10.   10.   10.   10.   10.   10.   10.   10.   10.   10.   10.   10.
   10.   10. 
   10.   10.   10.   10.   10.   10.   10.   10.   10.   10.  738.   10.
  738.   10.   10.   10.   10.   10.   10.   10.  738.  738.  738. 1110.
 1110. 1110. 
 1110. 1110. 1110. 1110. 1110.  738.  738.  738.   10.   10.   10.   10.
   10.   10.   10.   10.  738.  738. 1110. 1110. 1110.  738.  738.   10.
   10.   10. 
  10.  10.  10.  10.  10.  10.  10.  10.  10.  10.  10.  10.  10.  10.
  10.  10.  10.  10.  10. 738. 738. 738. 738. 738. 738. 738. 
  738.  738.  738.  738.  738.  738.  738.  738. 1110. 1110. 1110. 1110.
  738.  738.  738. 1110. 1110. 1110. 1110.  738.  738.  738.   10.   10.
   10.   10. 
   10.   10.   10.  738.  738. 1110. 1110. 1110.  738.  738.   10.   10.
   10.  738.  738.  738.  738.  738.   10.   10.   10.   10.   10.   10.
   10.   10. 
   10.   10.   10.   10.  738.  738.  738. 1110. 1110. 1110. 1110. 1110.
 1110.  738.  738.  738.  738.  738. 1110. 1110. 1110. 1110.  738.  738.
  738.  738. 
  738.  738. 1110. 1110. 1110. 1110.  738.  738.  738.  738.   10.   10.
   10.   10.   10.   10.  738. 1110. 1110. 1110.  738.  738.  738.  738.
  738.  738. 
  738.  738.  738.  738.  738.  738.   10.   10.   10.   10.   10.   10.
   10.   10.  738.  738.  738. 1110. 1110. 1110. 1110. 1110. 1110. 1110.
 1110. 1110. 
 1110. 1110. 1110. 1110. 1110. 1110. 1110.  738.  738.   10.   10.   10.
  738.  738.  738. 1110. 1110. 1110. 1110.  738.  738.  738.   10.   10.
   10.   10. 
   10.   10.  738.  738. 1110. 1110. 1110.  738.  738.  738.  738. 1110.
 1110. 1110. 1110. 1110.  738.  738.  738.   10.   10.   10.   10.   10.
   10.  738. 
  738.  738. 1110. 1110. 1110. 1110. 1110. 1110. 1110. 1110. 1110. 1110.
 1110. 1110. 1110. 1110. 1110. 1110.  738.  738.  738.   10.   10.   10.
   10.  738. 
  738.  738. 1110. 1110. 1110. 1110. 1110. 1110.   10.   10.   10.   10.
   10.   10.  738.  738. 1110. 1110. 1110. 1110. 1110. 1110. 1110. 1110.
 1110. 1110. 
 1110. 1110. 1110. 1110.  738.  738.   10.   10.   10.   10.   10.  738.
  738. 1110. 1110. 1110. 1110.  738.  738.  738.  738.  738.  738.  738.
  738. 1110. 
 1110. 1110.  738.  738.  738.   10.   10.   10.   10.   10.   10.   10.
   10.  738.  738.  738. 1110. 1110. 1110. 1110.   10.   10.   10.   10.
   10.   10. 
   10.  738.  738. 1110. 1110. 1110. 1110. 1110. 1110. 1110. 1110. 1110.
 1110. 1110. 1110. 1110. 1110.  738.  738.   10.   10.   10.  738.  738.
 1110. 1110. 
 1110. 1110.  738.  738.   10.  738.  738.  738.  738.  738.  738.  738.
  738.  738.  738.  738.   10.   10.   10.   10.   10.   10.   10.   10.
   10.   10. 
  738.  738.  738.  738. 1110. 1110.   10.   10.   10.   10.   10.   10.
   10.   10.  738.  738.  738.  738. 1110. 1110. 1110.  738.  738.  738.
  738.  738. 
 1110. 1110. 1110. 1110.  738.  738.   10.  738.  738. 1110. 1110. 1110.
 1110.  738.  738.   10.   10.   10.   10.   10.   10.   10.   10.   10.
   10.   10. 
  10.  10.  10.  10.  10.  10.  10.  10.  10.  10.  10.  10.  10. 738.
 738. 738. 738. 738.  10.  10.  10.  10.  10.  10.  10.  10. 
   10.   10.  738.  738.  738.  738.  738.  738.  738.   10.  738.  738.
  738. 1110. 1110. 1110. 1110.  738.  738. 1110. 1110. 1110. 1110. 1110.
  738.  738. 
 10. 10. 10. 10. 10. 10. 10. 10. 10. 10. 10. 10. 10. 10. 10. 10. 10. 10.
 10. 10. 10. 10. 10. 10. 10. 10. 
  10.  10.  10. 738.  10.  10.  10.  10.  10.  10.  10.  10.  10.  10.
  10.  10.  10.  10.  10.  10.  10.  10.  10. 738. 738. 738. 
 1110. 1110. 1110. 1110. 1110. 1110. 1110. 1110.  738.  738.  738.   10.
   10.   10.   10.   10.   10.   10.   10.   10.   10.   10.   10.   10.
   10.   10. 
 10. 10. 10. 10. 10. 10. 10. 10. 10. 10. 10. 10. 10. 10. 10. 10. 10. 10.
 10. 10. 10. 10. 10. 10. 10. 10. 
   10.   10.   10.   10.   10.   10.   10.   10.   10.   10.   10.  738.
  738.  738. 1110. 1110. 1110. 1110. 1110. 1110.  738.   10.   10.   10.
   10.   10. 
 10. 10. 10. 10. 10. 10. 10. 10. 10. 10. 10. 10. 10. 10. 10. 10. 10. 10.
 10. 10. 10. 10. 10. 10. 10. 10. 
  10.  10.  10.  10.  10.  10.  10.  10.  10.  10.  10.  10.  10.  10.
  10.  10.  10.  10.  10.  10.  10.  10.  10.  10. 738. 738. 
 738. 738. 738. 738. 738. 738.  10.  10.  10.  10.  10.  10.  10.  10.
  10.  10.  10.  10.  10.  10.  10.  10.  10.  10.  10.  10. 
 10. 10. 10. 10. 10. 10. 10. 10. 10. 10. 10. 10. 10. 10. 10. 10. 10. 10.
 10. 10. 10. 10. 10. 10. 10. 10. 
  10.  10.  10.  10.  10.  10.  10.  10.  10.  10.  10.  10.  10. 738.
 738.  10.  10.  10.  10.  10.  10.  10.  10.  10.  10.  10. 
 10. 10. 10. 10. 10. 10. 10. 10. 10. 10. 10. 10. 10. 10. 10. 10. 10. 10.
 10. 10. 10. 10. 10. 10. 10. 10. 
 10. 10. 10. 10. 10. 10. 10. 10. 10. 10. 10. 10. 10. 10. 10. 10. 10. 10.
 10. 10. 10. 10. 10. 10. 10. 10. 
 10. 10. 10. 10. 10. 10. 10. 10. 10. 10. 10. 10. 10. 10. 10. 10. 10. 10.
 10. 10. 10. 10. 10. 10. 10. 10. 
 10. 10. 10. 10. 10. 10. 10. 10. 10. 10. 10. 10. 10. 10. 10. 10. 10. 10.
 10. 10. 10. 10. 10. 10. 10. 10. 
 10. 10. 10. 10. 10. 10. 10. 10. 10. 10. 10. 10. 10. 10. 10. 10. 10. 10.
 10. 10. 10. 10. 10. 10. 10. 10. 
 10. 10. 10. 10. 10. 10. 10. 10. 10. 10. 10. 10. 10. 10. 10. 10. 10. 10.
 10. 10. 10. 10. 10. 10. 10. 10. 
 10. 10. 10. 10. 10. 10. 10. 10. 10. 10. 10. 10. 10. 10. 10. 10. 10. 10.
 10. 10. 10. 10. 10. 10. 10. 10. 
 10. 10. 10. 10. 10. 10. 10. 10. 10. 10. 10. 10. 10. 10. 10. 10. 10. 10.
 10. 10. 10. 10. 10. 10. 10. 10. 
 10. 10. 10. 10. 10. 10. 10. 10. 10. 10. 10. 10. 10. 10. 10. 10. 10. 10.
 10. 10. 10. 10. 10. 10. 10. 10. 
 10. 10. 10. 10. 10. 10. 10. 10. 10. 10. 10. 10. 10. 10. 10. 10. 10. 10.
 10. 10. 10. 10. 10. 10. 10. 10. 
 10. 10. 10. 10. 10. 10. 10. 10. 10. 10. 10. 10. 10. 10. 10. 10. 10. 10.
 10. 10. 10. 10. 10. 10. 10. 10. 
 10. 10. 10. 10. 10. 10. 10. 10. 10. 10. 10. 10. 10. 10. 10. 10. 10. 10.
 10. 10. 10. 10. 10. 10. 10. 10. 
 10. 10. 10. 10. 10. 10. 10. 10. 10. 10. 10. 10. 10. 10. 10. 10. 10. 10.
 10. 10. 10. 10. 10. 10. 10. 10. 
 10. 10. 10. 10. 10. 10. 10. 10. 10. 10. 10. 10. 10. 10. 10. 10. 10. 10.
 10. 10. 10. 10. 10. 10. 10. 10. 
 10. 10. 10. 10. 10. 10. 10. 10. 10. 10. 10. 10. 10. 10. 10. 10. 10. 10.
 10. 10. 10. 10. 10. 10. 10. 10. 
 10. 10. 10. 10. 10. 10. 10. 10. 10. 10. 10. 10. 10. 10. 10. 10. 10. 10.
 10. 10. 10. 10. 10. 10. 10. 10. 
 10. 10. 10. 10. 10. 10. 10. 10. 10. 10. 10. 10. 10. 10. 10. 10. 10. 10.
 10. 10. 10. 10. 10. 10. 10. 10. 
 10. 10. 10. 10. 10. 10. 10. 10. 10. 10. 10. 10. 10. 10. 10. 10. 10. 10.
 10. 10. 10. 10. 10. 10. 10. 10. 
 10. 10. 10. 10. 10. 10. 10. 10. 10. 10. 10. 10. 10. 10. 10. 10. 10. 10.
 10. 10. 10. 10. 10. 10. 10. 10. 
 10. 10. 10. 10. 10. 10. 10. 10. 10. 10. 10. 10. 10. 10. 10. 10. 10. 10.
 10. 10. 10. 10. 10. 10. 10. 10. 
 10. 10. 10. 10. 10. 10. 10. 10. 10. 10. 10. 10. 10. 10. 10. 10. 10. 10.
 10. 10. 10. 10. 10. 10. 10. 10. 
 10. 10. 10. 10. 10. 10. 10. 10. 10. 10. 10. 10. 10. 10. 10. 10. 10. 10.
 10. 10. 10. 10. 10. 10. 10. 10. 
 10. 10. 10. 10. 10. 10. 10. 10. 10. 10. 10. 10. 10. 10. 10. 10. 10. 10.
 10. 10. 10. 10. 10. 10. 10. 10. 
 10. 10. 10. 10. 10. 10. 10. 10. 10. 10. 10. 10. 10. 10. 10. 10. 10. 10.
 10. 10. 10. 10. 10. 10. 10. 10. 
 10. 10. 10. 10. 10. 10. 10. 10. 10. 10. 10. 10. 10. 10. 10. 10. 10. 10.
 10. 10. 10. 10. 10. 10. 10. 10. 
 10. 10. 10. 10. 10. 10. 10. 10. 10. 10. 10. 10. 10. 10. 10. 10. 10. 10.
 10. 10. 10. 10. 10. 10. 10. 10. 
 10. 10. 10. 10. 10. 10. 10. 10. 10. 10. 10. 10. 10. 10. 10. 10. 10. 10.
 10. 10. 10. 10. 10. 10. 10. 10. 
 10. 10. 10. 10. 10. 10. 10. 10. 10. 10. 10. 10. 10. 10. 10. 10. 10. 10.
 10. 10. 10. 10. 10. 10. 10. 10. 
 10. 10. 10. 10. 10. 10. 10. 10. 10. 10. 10. 10. 10. 10. 10. 10. 10. 10.
 10. 10. 10. 10. 10. 10. 10. 10. 
 10. 10. 10. 10. 10. 10. 10. 10. 10. 10. 10. 10. 10. 10. 10. 10. 10. 10.
 10. 10. 10. 10. 10. 10. 10. 10. 
 10. 10. 10. 10. 10. 10. 10. 10. 10. 10. 10. 10. 10. 10. 10. 10. 10. 10.
 10. 10. 10. 10. 10. 10. 10. 10. 
 10. 10. 10. 10. 10. 10. 10. 10. 10. 10. 10. 10. 10. 10. 10. 10. 10. 10.
 10. 10. 10. 10. 10. 10. 10. 10. 
 10. 10. 10. 10. 10. 10. 10. 10. 10. 10. 10. 10. 10. 10. 10. 10. 10. 10.
 10. 10. 10. 10. 10. 10. 10. 10. 
 10. 10. 10. 10. 10. 10. 10. 10. 10. 10. 10. 10. 10. 10. 10. 10. 10. 10.
 10. 10. 10. 10. 10. 10. 10. 10. 
 10. 10. 10. 10. 10. 10. 10. 10. 10. 10. 10. 10. 10. 10. 10. 10. 10. 10.
 10. 10. 10. 10. 10. 10. 10. 10. 
 10. 10. 10. 10. 10. 10. 10. 10. 10. 10. 10. 10. 10. 10. 10. 10. 10. 10.
 10. 10. 10. 10. 10. 10. 10. 10. 
 10. 10. 10. 10. 10. 10. 10. 10. 10. 10. 10. 10. 10. 10. 10. 10. 10. 10.
 10. 10. 10. 10. 10. 10. 10. 10. 
 10. 10. 10. 10. 10. 10. 10. 10. 10. 10. 10. 10. 10. 10. 10. 10. 10. 10.
 10. 10. 10. 10. 10. 10. 10. 10. 
 10. 10. 10. 10. 10. 10. 10. 10. 10. 10. 10. 10. 10. 10. 10. 10. 10. 10.
 10. 10. 10. 10. 10. 10. 10. 10. 
 10. 10. 10. 10. 10. 10. 10. 10. 10. 10. 10. 10. 10. 10. 10. 10. 10. 10.
 10. 10. 10. 10. 10. 10. 10. 10. 
 10. 10. 10. 10. 10. 10. 10. 10. 10. 10. 10. 10. 10. 10. 10. 10. 10. 10.
 10. 10. 10. 10. 10. 10. 10. 10. 
 10. 10. 10. 10. 10. 10. 10. 10. 10. 10. 10. 10. 10. 10. 10. 10. 10. 10.
 10. 10. 10. 10. 10. 10. 10. 10. 
 10. 10. 10. 10. 10. 10. 10. 10. 10. 10. 10. 10. 10. 10. 10. 10. 10. 10.
 10. 10. 10. 10. 10. 10. 10. 10. 
 10. 10. 10. 10. 10. 10. 10. 10. 10. 10. 10. 10. 10. 10. 10. 10. 10. 10.
 10. 10. 10. 10. 10. 10. 10. 10. 
 10. 10. 10. 10. 10. 10. 10. 10. 10. 10. 10. 10. 10. 10. 10. 10. 10. 10.
 10. 10. 10. 10. 10. 10. 10. 10. 
 10. 10. 10. 10. 10. 10. 10. 10. 10. 10. 10. 10. 10. 10. 10. 10. 10. 10.
 10. 10. 10. 10. 10. 10. 10. 10. 
 10. 10. 10. 10. 10. 10. 10. 10. 10. 10. 10. 10. 10. 10. 10. 10. 10. 10.
 10. 10. 10. 10. 10. 10. 10. 10. 
 10. 10. 10. 10. 10. 10. 10. 10. 10. 10. 10. 10. 10. 10. 10. 10. 10. 10.
 10. 10. 10. 10. 10. 10. 10. 10. 
 10. 10. 10. 10. 10. 10. 10. 10. 10. 10. 10. 10. 10. 10. 10. 10. 10. 10.
 10. 10. 10. 10. 10. 10. 10. 10. 
 10. 10. 10. 10. 10. 10. 10. 10. 10. 10. 10. 10. 10. 10. 10. 10. 10. 10.
 10. 10. 10. 10. 10. 10. 10. 10. 
 10. 10. 10. 10. 10. 10. 10. 10. 10. 10. 10. 10. 10. 10. 10. 10. 10. 10.
 10. 10. 10. 10. 10. 10. 10. 10. 
 10. 10. 10. 10. 10. 10. 10. 10. 10. 10. 10. 10. 10. 10. 10. 10. 10. 10.
 10. 10. 10. 10. 10. 10. 10. 10. 
 10. 10. 10. 10. 10. 10. 10. 10. 10. 10. 10. 10. 10. 10. 10. 10. 10. 10.
 10. 10. 10. 10. 10. 10. 10. 10. 
 10. 10. 10. 10. 10. 10. 10. 10. 10. 10. 10. 10. 10. 10. 10. 10. 10. 10.
 10. 10. 10. 10. 10. 10. 10. 10. 
 10. 10. 10. 10. 10. 10. 10. 10. 10. 10. 10. 10. 10. 10. 10. 10. 10. 10.
 10. 10. 10. 10. 10. 10. 10. 10. 
 10. 10. 10. 10. 10. 10. 10. 10. 10. 10. 10. 10. 10. 10. 10. 10. 10. 10.
 10. 10. 10. 10. 10. 10. 10. 10. 
 10. 10. 10. 10. 10. 10. 10. 10. 10. 10. 10. 10. 10. 10. 10. 10. 10. 10.
 10. 10. 10. 10. 10. 10. 10. 10. 
 10. 10. 10. 10. 10. 10. 10. 10. 10. 10. 10. 10. 10. 10. 10. 10. 10. 10.
 10. 10. 10. 10. 10. 10. 10. 10. 
 10. 10. 10. 10. 10. 10. 10. 10. 10. 10. 10. 10. 10. 10. 10. 10. 10. 10.
 10. 10. 10. 10. 10. 10. 10. 10. 
 10. 10. 10. 10. 10. 10. 10. 10. 10. 10. 10. 10. 10. 10. 10. 10. 10. 10.
 10. 10. 10. 10. 10. 10. 10. 10. 
 10. 10. 10. 10. 10. 10. 10. 10. 10. 10. 10. 10. 10. 10. 10. 10. 10. 10.
 10. 10. 10. 10. 10. 10. 10. 10. 
 10. 10. 10. 10. 10. 10. 10. 10. 10. 10. 10. 10. 10. 10. 10. 10. 10. 10.
 10. 10. 10. 10. 10. 10. 10. 10. 
 10. 10. 10. 10. 10. 10. 10. 10. 10. 10. 10. 10. 10. 10. 10. 10. 10. 10.
 10. 10. 10. 10. 10. 10. 10. 10. 
  10.  10.  10.  10.  10.  10.  10.  10.  10.  10.  10.  10.  10.  10.
  10.  10.  10.  10.  10.  10.  10.  10.  10.  10.  10. 738. 
 738. 738. 738. 738.  10.  10.  10.  10.  10.  10.  10.  10.  10.  10.
  10.  10.  10.  10.  10.  10.  10.  10.  10.  10.  10.  10. 
  10.  10.  10.  10.  10.  10.  10.  10.  10.  10.  10.  10.  10.  10.
  10.  10.  10.  10.  10.  10. 738. 738. 738. 738. 738. 738. 
   10.   10.   10.   10.   10.   10.   10.   10.   10.   10.  738.  738.
 1110. 1110. 1110.  738.  738.   10.   10.   10.   10.   10.   10.   10.
   10.   10. 
 738. 738. 738. 738. 738. 738.  10.  10.  10.  10.  10.  10.  10.  10.
  10.  10.  10.  10.  10.  10.  10.  10.  10.  10.  10.  10. 
   10.   10.   10.   10.   10.  738.  738. 1110. 1110. 1110. 1110.  738.
  738.   10.   10.   10.   10.   10.   10.   10.   10.  738.  738. 1110.
 1110. 1110. 
 1110. 1110.  738.  738.   10.   10.   10.   10.   10.   10.  738.  738.
 1110. 1110. 1110. 1110. 1110. 1110.  738.   10.   10.   10.   10.   10.
   10.   10. 
   10.   10.   10.   10.   10.   10.   10.   10.   10.   10.   10.   10.
   10.   10.   10.   10.  738. 1110. 1110. 1110. 1110. 1110. 1110. 1110.
 1110.  738. 
   10.   10.   10.   10.   10.   10.  738.  738. 1110. 1110. 1110. 1110.
 1110. 1110. 1110.  738.   10.   10.   10.   10.   10.  738.  738. 1110.
 1110. 1110. 
 1110. 1110. 1110. 1110. 1110.  738.   10.   10.   10.   10.   10.   10.
   10.   10.   10.   10.   10.   10.   10.   10.   10.   10.   10.   10.
   10.   10. 
   10.  738. 1110. 1110. 1110. 1110. 1110. 1110. 1110. 1110. 1110. 1110.
  738.   10.   10.   10.   10.  738.  738. 1110. 1110. 1110.  738.  738.
 1110. 1110. 
 1110.  738.  738.   10.   10.   10.  738.  738. 1110. 1110. 1110.  738.
  738.  738.  738. 1110. 1110.  738.  738.   10.   10.   10.   10.   10.
   10.  738. 
  738.   10.   10.   10.   10.   10.   10.   10.   10.   10.   10.   10.
  738. 1110. 1110. 1110. 1110.  738.  738.  738.  738. 1110. 1110. 1110.
 1110.  738. 
   10.   10.   10.  738. 1110. 1110. 1110. 1110.  738.   10.  738. 1110.
 1110. 1110.  738.  738.  738.  738.  738.  738. 1110. 1110.  738.  738.
   10.   10. 
  738. 1110. 1110. 1110.  738.   10.   10.   10.   10.  738.  738.  738.
  738.  738.  738.  738.   10.   10.   10.   10.   10.   10.   10.  738.
 1110. 1110. 
 1110. 1110.  738.  738.   10.   10.   10.  738. 1110. 1110. 1110.  738.
  738.  738.  738.  738.  738. 1110. 1110.  738.  738.   10.  738. 1110.
 1110.  738. 
  738. 1110. 1110. 1110. 1110. 1110.  738.  738.  738.   10.   10.   10.
   10.  738. 1110. 1110. 1110.  738.   10.   10.  738.  738. 1110. 1110.
 1110. 1110. 
 1110.  738.  738.  738.  738.  738.   10.   10.  738.  738. 1110. 1110.
 1110. 1110.  738.   10.   10.   10.   10.  738.  738.  738.  738. 1110.
 1110. 1110. 
 1110. 1110.  738.  738. 1110.  738.   10.   10.   10.  738. 1110.  738.
 1110. 1110. 1110. 1110. 1110. 1110. 1110.  738.   10.   10.   10.   10.
   10.   10. 
  738. 1110. 1110. 1110.  738.  738.  738. 1110. 1110. 1110. 1110. 1110.
 1110. 1110. 1110. 1110. 1110. 1110.  738.  738. 1110. 1110. 1110. 1110.
 1110.  738. 
   10.   10.   10.   10.   10.   10.  738.  738. 1110. 1110. 1110. 1110.
 1110. 1110. 1110. 1110.  738.  738.   10.   10.   10.  738.  738. 1110.
 1110. 1110. 
 1110. 1110. 1110. 1110. 1110. 1110.  738.   10.   10.   10.   10.   10.
   10.  738. 1110. 1110. 1110. 1110. 1110. 1110. 1110. 1110.  738. 1110.
 1110. 1110. 
 1110. 1110. 1110. 1110. 1110. 1110. 1110. 1110. 1110. 1110.  738.   10.
   10.   10.   10.   10.   10.  738.  738. 1110. 1110. 1110.  738.  738.
 1110. 1110. 
 1110. 1110.  738.  738.   10.   10.   10.  738.  738. 1110. 1110. 1110.
  738.  738. 1110. 1110. 1110. 1110.  738.   10.   10.   10.   10.   10.
   10.  738. 
 1110. 1110. 1110. 1110. 1110. 1110.  738.  738.  738.  738.  738.  738.
 1110. 1110. 1110. 1110. 1110. 1110. 1110. 1110. 1110.  738.   10.   10.
   10.   10. 
   10.   10.  738.  738. 1110. 1110. 1110. 1110.  738. 1110.  738.  738.
 1110. 1110. 1110.  738.  738.   10.  738. 1110. 1110. 1110. 1110. 1110.
  738.  738. 
  738. 1110. 1110. 1110.  738.   10.   10.   10.   10.   10.   10.   10.
  738.  738.  738.  738.  738.  738.  738.   10.   10.   10.   10.   10.
  738.  738. 
 1110. 1110.  738.  738.  738.  738.  738.  738.  738.  738.  738.  738.
  738.  738. 1110. 1110. 1110. 1110. 1110.  738.  738. 1110.  738.  738.
  738. 1110. 
 1110. 1110.  738.  738. 1110. 1110. 1110. 1110. 1110.  738.  738.  738.
  738. 1110. 1110. 1110. 1110.  738.   10.   10.   10.   10.  738.  738.
 1110. 1110. 
 1110. 1110. 1110. 1110.  738.   10.   10.   10.   10.   10.   10.   10.
  738.  738. 1110. 1110. 1110. 1110. 1110. 1110. 1110. 1110. 1110. 1110.
 1110. 1110. 
 1110. 1110. 1110. 1110.  738.   10.   10.  738.  738.   10.  738. 1110.
 1110. 1110. 1110. 1110. 1110. 1110. 1110. 1110.  738.   10.   10.   10.
  738. 1110. 
 1110. 1110. 1110.  738.   10.   10.   10.  738.  738. 1110. 1110. 1110.
 1110. 1110. 1110. 1110.  738.  738.   10.   10.   10.   10.   10.  738.
 1110. 1110. 
 1110. 1110. 1110. 1110. 1110. 1110. 1110. 1110. 1110. 1110. 1110. 1110.
 1110. 1110. 1110.  738.  738.   10.   10.   10.   10.   10.   10.  738.
 1110. 1110. 
 1110. 1110. 1110. 1110.  738.  738.   10.   10.   10.   10.   10.  738.
 1110. 1110. 1110.  738.  738.  738.  738.  738. 1110. 1110. 1110. 1110.
  738. 1110. 
 1110. 1110. 1110.  738.  738.   10.   10.   10.   10.  738. 1110. 1110.
 1110. 1110. 1110. 1110.  738. 1110. 1110. 1110. 1110. 1110. 1110. 1110.
 1110. 1110. 
  738.  738.   10.   10.   10.   10.   10.   10.   10.   10.  738.  738.
 1110. 1110.  738.  738.   10.   10.   10.   10.   10.   10.   10.  738.
 1110. 1110. 
 1110. 1110. 1110. 1110. 1110. 1110. 1110. 1110. 1110.  738.  738.  738.
  738. 1110. 1110. 1110.  738.   10.   10.   10.  738. 1110. 1110. 1110.
  738.  738. 
 738. 738. 738. 738. 738. 738. 738. 738. 738. 738. 738. 738.  10.  10.
  10.  10.  10.  10.  10.  10.  10.  10.  10. 738. 738. 738. 
   10.   10.   10.   10.   10.   10.   10.   10.   10.   10.  738. 1110.
 1110. 1110. 1110. 1110. 1110. 1110. 1110.  738.  738.   10.   10.   10.
  738.  738. 
 1110. 1110. 1110.  738.   10.  738.  738. 1110. 1110. 1110.  738.   10.
   10.   10.   10.   10.   10.   10.   10.   10.   10.   10.   10.   10.
   10.   10. 
   10.   10.   10.   10.   10.   10.   10.   10.   10.   10.   10.   10.
   10.   10.   10.   10.   10.   10.   10.   10.   10.   10.   10.  738.
 1110. 1110. 
 1110. 1110. 1110. 1110.  738.  738.   10.   10.   10.   10.   10.  738.
 1110. 1110. 1110. 1110.  738.  738. 1110. 1110. 1110.  738.   10.   10.
   10.   10. 
 10. 10. 10. 10. 10. 10. 10. 10. 10. 10. 10. 10. 10. 10. 10. 10. 10. 10.
 10. 10. 10. 10. 10. 10. 10. 10. 
   10.   10.   10.   10.   10.   10.   10.   10.   10.   10.  738.  738.
  738.  738.  738.  738.  738.   10.   10.   10.   10.   10.   10.  738.
 1110. 1110. 
 1110. 1110. 1110. 1110. 1110. 1110. 1110.  738.   10.   10.   10.   10.
   10.   10.   10.   10.   10.   10.   10.   10.   10.   10.   10.   10.
   10.   10. 
 10. 10. 10. 10. 10. 10. 10. 10. 10. 10. 10. 10. 10. 10. 10. 10. 10. 10.
 10. 10. 10. 10. 10. 10. 10. 10. 
   10.   10.   10.   10.   10.   10.   10.   10.   10.   10.  738.  738.
 1110. 1110. 1110. 1110. 1110. 1110.  738.   10.   10.   10.   10.   10.
   10.   10. 
 10. 10. 10. 10. 10. 10. 10. 10. 10. 10. 10. 10. 10. 10. 10. 10. 10. 10.
 10. 10. 10. 10. 10. 10. 10. 10. 
  10.  10.  10.  10.  10.  10.  10.  10.  10.  10.  10.  10.  10.  10.
  10.  10.  10.  10.  10.  10.  10.  10.  10. 738. 738. 738. 
 1110. 1110.  738.  738.   10.   10.   10.   10.   10.   10.   10.   10.
   10.   10.   10.   10.   10.   10.   10.   10.   10.   10.   10.   10.
   10.   10. 
 10. 10. 10. 10. 10. 10. 10. 10. 10. 10. 10. 10. 10. 10. 10. 10. 10. 10.
 10. 10. 10. 10. 10. 10. 10. 10. 
  10.  10.  10.  10.  10.  10.  10.  10.  10.  10.  10.  10. 738. 738.
  10.  10.  10.  10.  10.  10.  10.  10.  10.  10.  10.  10. 
 10. 10. 10. 10. 10. 10. 10. 10. 10. 10. 10. 10. 10. 10. 10. 10. 10. 10.
 10. 10. 10. 10. 10. 10. 10. 10. 
 10. 10. 10. 10. 10. 10. 10. 10. 10. 10. 10. 10. 10. 10. 10. 10. 10. 10.
 10. 10. 10. 10. 10. 10. 10. 10. 
 10. 10. 10. 10. 10. 10. 10. 10. 10. 10. 10. 10. 10. 10. 10. 10. 10. 10.
 10. 10. 10. 10. 10. 10. 10. 10. 
 10. 10. 10. 10. 10. 10. 10. 10. 10. 10. 10. 10. 10. 10. 10. 10. 10. 10.
 10. 10. 10. 10. 10. 10. 10. 10. 
 10. 10. 10. 10. 10. 10. 10. 10. 10. 10. 10. 10. 10. 10. 10. 10. 10. 10.
 10. 10. 10. 10. 10. 10. 10. 10. 
 10. 10. 10. 10. 10. 10. 10. 10. 10. 10. 10. 10. 10. 10. 10. 10. 10. 10.
 10. 10. 10. 10. 10. 10. 10. 10. 
 10. 10. 10. 10. 10. 10. 10. 10. 10. 10. 10. 10. 10. 10. 10. 10. 10. 10.
 10. 10. 10. 10. 10. 10. 10. 10. 
 10. 10. 10. 10. 10. 10. 10. 10. 10. 10. 10. 10. 10. 10. 10. 10. 10. 10.
 10. 10. 10. 10. 10. 10. 10. 10. 
 10. 10. 10. 10. 10. 10. 10. 10. 10. 10. 10. 10. 10. 10. 10. 10. 10. 10.
 10. 10. 10. 10. 10. 10. 10. 10. 
 10. 10. 10. 10. 10. 10. 10. 10. 10. 10. 10. 10. 10. 10. 10. 10. 10. 10.
 10. 10. 10. 10. 10. 10. 10. 10. 
 10. 10. 10. 10. 10. 10. 10. 10. 10. 10. 10. 10. 10. 10. 10. 10. 10. 10.
 10. 10. 10. 10. 10. 10. 10. 10. 
 10. 10. 10. 10. 10. 10. 10. 10. 10. 10. 10. 10. 10. 10. 
/