PERMI
   21.   21. 2118. 2118. 2554. 2554. 2554. 2118.   21.   21.   21.   21.
   21.   21.   21.   21.   21.   21.   21.   21.   21.   21.   21.   21.
   21.   21. 
   21.   21.   21.   21.   21.   21. 2118. 2118. 2554. 2554. 2554. 2118.
   21. 2118. 2118. 2554. 2554. 2554. 2118.   21.   21.   21.   21.   21.
   21.   21. 
   21.   21.   21.   21.   21.   21.   21.   21.   21.   21.   21.   21.
   21.   21.   21. 2118. 2554. 2554. 2554. 2118. 2118.   21.   21.   21.
   21.   21. 
   21.   21.   21.   21.   21.   21.   21.   21.   21.   21.   21.   21.
   21.   21.   21.   21.   21.   21.   21. 2118. 2118. 2554. 2554. 2554.
 2118.   21. 
 2118. 2554. 2554. 2554. 2118.   21.   21.   21.   21.   21.   21.   21.
   21.   21.   21.   21.   21.   21.   21.   21.   21.   21.   21.   21.
 2118. 2118. 
   21. 2118. 2118. 2554. 2554. 2554. 2118.   21.   21.   21.   21.   21.
   21.   21.   21.   21.   21.   21.   21.   21.   21.   21.   21.   21.
   21.   21. 
   21.   21.   21.   21. 2118. 2118. 2118. 2554. 2554. 2554. 2118. 2118.
 2118. 2554. 2554. 2554. 2118. 2118.   21.   21.   21.   21.   21.   21.
   21.   21. 
   21.   21.   21.   21.   21.   21.   21.   21.   21.   21. 2554. 2118.
 2118. 2118. 2118. 2118. 2554. 2554. 2118. 2118.   21.   21.   21.   21.
   21.   21. 
   21.   21.   21.   21.   21.   21.   21.   21.   21.   21. 2118. 2118.
 2118. 2118. 2118. 2118. 2118. 2118. 2118. 2118. 2554. 2554. 2118. 2118.
 2554. 2554. 
 2554. 2554. 2118. 2118.   21.   21.   21.   21.   21.   21.   21.   21.
   21.   21.   21.   21.   21.   21.   21.   21.   21.   21. 2554. 2554.
 2554. 2554. 
 2118. 2118. 2554. 2554. 2554. 2118.   21.   21.   21.   21.   21.   21.
   21.   21.   21.   21.   21.   21.   21.   21.   21. 2118. 2118. 2554.
 2554. 2554. 
 2554. 2118. 2118. 2118. 2118. 2118. 2554. 2554. 2554. 2118. 2554. 2554.
 2554. 2554. 2118. 2118.   21.   21.   21.   21.   21.   21.   21.   21.
   21.   21. 
   21.   21.   21.   21.   21.   21.   21.   21. 2554. 2554. 2554. 2554.
 2554. 2554. 2554. 2554. 2118. 2118.   21.   21.   21.   21.   21.   21.
   21.   21. 
   21.   21.   21.   21.   21.   21.   21. 2118. 2554. 2554. 2554. 2554.
 2554. 2554. 2554. 2554. 2554. 2554. 2554. 2554. 2118. 2118. 2554. 2554.
 2118. 2118. 
 2118.   21.   21.   21.   21.   21.   21.   21.   21.   21.   21.   21.
   21.   21.   21.   21.   21.   21.   21.   21. 2118. 2554. 2554. 2554.
 2554. 2554. 
 2554. 2554. 2118.   21.   21.   21.   21.   21.   21.   21.   21.   21.
   21.   21.   21.   21.   21.   21. 2118. 2118. 2554. 2554. 2554. 2554.
 2554. 2554. 
 2554. 2554. 2554. 2554. 2554. 2554. 2118. 2118. 2118. 2118. 2118.   21.
   21.   21.   21.   21.   21.   21.   21.   21.   21.   21.   21.   21.
   21.   21. 
   21.   21.   21.   21.   21.   21. 2118. 2118. 2118. 2118. 2554. 2118.
 2118. 2118. 2118.   21.   21.   21.   21.   21.   21.   21.   21.   21.
   21.   21. 
   21.   21.   21.   21. 2118. 2118. 2554. 2554. 2118. 2118. 2118. 2118.
 2118. 2554. 2554. 2554. 2118. 2118. 2118. 2118.   21.   21.   21.   21.
   21.   21. 
   21.   21.   21.   21.   21.   21.   21.   21.   21.   21.   21.   21.
   21.   21.   21.   21.   21. 2118.   21.   21. 2118. 2118. 2118. 2118.
 2118.   21. 
   21.   21.   21.   21.   21.   21.   21.   21.   21.   21.   21.   21.
   21.   21.   21.   21.   21. 2118. 2554. 2554. 2118. 2118.   21. 2118.
 2118. 2118. 
 2118. 2118. 2118. 2554. 2118. 2118.   21.   21.   21.   21.   21.   21.
   21.   21.   21.   21.   21.   21.   21.   21.   21.   21.   21.   21.
   21.   21. 
   21.   21.   21. 2118.   21.   21.   21.   21.   21.   21.   21.   21.
   21.   21.   21.   21.   21.   21.   21.   21.   21.   21.   21.   21.
   21.   21. 
   21.   21.   21. 2118. 2554. 2554. 2554. 2118. 2118. 2118. 2118. 2118.
 2118. 2118. 2554. 2554. 2554. 2118. 2118.   21.   21.   21.   21.   21.
   21.   21. 
   21.   21.   21.   21.   21.   21.   21.   21.   21.   21.   21.   21.
   21.   21.   21. 2118.   21.   21.   21.   21.   21.   21.   21.   21.
   21.   21. 
   21.   21.   21.   21.   21.   21.   21.   21.   21.   21.   21.   21.
   21.   21.   21. 2118. 2118. 2554. 2554. 2118. 2118. 2554. 2554. 2554.
 2554. 2118. 
 2118. 2554. 2554. 2554. 2118.   21.   21.   21.   21.   21.   21.   21.
   21.   21.   21.   21.   21.   21.   21.   21. 2118. 2118. 2118. 2118.
   21.   21. 
   21. 2118.   21.   21.   21.   21.   21.   21.   21.   21.   21.   21.
   21.   21.   21.   21.   21.   21.   21.   21.   21.   21.   21.   21.
   21.   21. 
   21.   21. 2118. 2554. 2554. 2554. 2118. 2554. 2554. 2554. 2554. 2554.
 2554. 2554. 2554. 2554. 2118.   21.   21.   21.   21.   21.   21.   21.
   21.   21. 
   21.   21.   21.   21.   21. 2118. 2118. 2118. 2118. 2118. 2118. 2118.
 2118.   21.   21.   21.   21.   21.   21.   21.   21.   21.   21.   21.
   21.   21. 
   21.   21.   21.   21.   21.   21.   21.   21.   21.   21. 2118. 2118.
 2118. 2118. 2118. 2554. 2554. 2554. 2118. 2118. 2554. 2554. 2554. 2554.
 2554. 2554. 
 2554. 2118. 2118.   21.   21.   21.   21.   21.   21.   21.   21.   21.
   21.   21.   21.   21. 2118. 2118. 2554. 2554. 2554. 2554. 2554. 2118.
 2118. 2118. 
   21.   21.   21.   21.   21.   21.   21.   21.   21.   21.   21.   21.
   21.   21.   21.   21.   21.   21.   21. 2118. 2118. 2118. 2118. 2118.
 2554. 2554. 
 2554. 2554. 2554. 2554. 2118. 2118. 2118. 2118. 2118. 2118. 2118. 2118.
 2118. 2118.   21.   21.   21.   21.   21.   21.   21.   21.   21.   21.
   21.   21. 
   21.   21. 2118. 2118. 2554. 2554. 2554. 2554. 2554. 2554. 2554. 2118.
   21.   21.   21.   21.   21.   21.   21.   21.   21.   21.   21.   21.
   21.   21. 
   21.   21.   21.   21. 2118. 2118. 2554. 2554. 2554. 2554. 2554. 2554.
 2554. 2554. 2554. 2118. 2118. 2118. 2118. 2118. 2118. 2118. 2118. 2118.
 2118.   21. 
   21.   21.   21.   21.   21.   21.   21.   21.   21.   21.   21.   21.
   21.   21. 2118. 2118. 2554. 2554. 2118. 2554. 2554. 2554. 2554. 2554.
   21.   21. 
   21.   21.   21.   21.   21.   21.   21.   21.   21.   21.   21.   21.
   21.   21.   21. 2118. 2118. 2554. 2554. 2554. 2554. 2554. 2554. 2554.
 2554. 2554. 
 2554. 2118. 2118. 2554. 2118. 2118.   21.   21.   21.   21.   21.   21.
   21.   21.   21.   21.   21.   21.   21.   21.   21.   21.   21.   21.
   21.   21. 
 2118. 2118. 2554. 2554. 2554. 2118. 2554. 2554. 2554. 2554.   21.   21.
   21.   21.   21.   21.   21.   21.   21.   21.   21.   21.   21.   21.
   21.   21. 
   21. 2118. 2554. 2554. 2554. 2554. 2554. 2118. 2118. 2118. 2118. 2118.
 2118. 2118. 2554. 2554. 2554. 2118. 2118.   21.   21.   21.   21.   21.
   21.   21. 
   21.   21.   21.   21.   21.   21.   21. 2118. 2118. 2118. 2118.   21.
 2118. 2118. 2554. 2554. 2554. 2118. 2118. 2118. 2118. 2118.   21.   21.
   21.   21. 
   21.   21.   21.   21.   21.   21.   21.   21.   21.   21.   21.   21.
   21. 2118. 2554. 2554. 2554. 2118. 2118. 2118. 2118.   21.   21.   21.
   21. 2118. 
 2554. 2554. 2554. 2118. 2118.   21.   21.   21.   21.   21.   21.   21.
   21.   21.   21.   21.   21. 2118. 2118. 2118. 2118. 2118. 2118. 2118.
 2118. 2118. 
 2554. 2554. 2554. 2118. 2118. 2118. 2118. 2118.   21.   21.   21.   21.
   21.   21.   21.   21.   21.   21.   21.   21.   21.   21.   21.   21.
   21. 2118. 
 2554. 2554. 2554. 2118.   21.   21.   21.   21.   21.   21.   21. 2118.
 2118. 2554. 2554. 2554. 2118. 2118.   21.   21.   21.   21.   21.   21.
   21.   21. 
   21.   21. 2118. 2118. 2554. 2554. 2554. 2554. 2554. 2118. 2118. 2118.
 2554. 2554. 2554. 2118. 2118.   21.   21.   21.   21.   21.   21.   21.
   21.   21. 
   21.   21.   21.   21.   21.   21.   21.   21.   21.   21.   21. 2118.
 2554. 2554. 2554. 2118.   21.   21.   21.   21.   21.   21.   21.   21.
 2118. 2118. 
 2554. 2554. 2118. 2118.   21.   21.   21.   21.   21.   21.   21.   21.
   21. 2118. 2118. 2554. 2554. 2554. 2554. 2554. 2554. 2554. 2554. 2118.
 2118. 2554. 
 2554. 2118. 2118.   21.   21.   21.   21.   21.   21.   21.   21.   21.
   21.   21.   21.   21.   21.   21.   21.   21.   21.   21.   21. 2118.
 2554. 2554. 
 2554. 2118.   21.   21.   21.   21.   21.   21.   21.   21. 2118. 2118.
 2554. 2554. 2118. 2118.   21.   21.   21.   21.   21.   21.   21.   21.
   21. 2118. 
 2118. 2554. 2554. 2554. 2118. 2118. 2554. 2554. 2554. 2554. 2554. 2554.
 2554. 2118. 2118.   21.   21.   21.   21.   21.   21.   21.   21.   21.
   21.   21. 
   21.   21.   21.   21.   21.   21.   21.   21.   21. 2118. 2554. 2554.
 2554. 2118.   21.   21.   21.   21.   21. 2118. 2118. 2118. 2118. 2554.
 2554. 2554. 
 2118. 2118.   21.   21. 2118. 2118.   21.   21.   21.   21.   21. 2118.
 2554. 2554. 2554. 2118. 2118. 2118. 2118. 2554. 2554. 2554. 2554. 2554.
 2554. 2118. 
 2118. 2118. 2118. 2118.   21.   21.   21.   21.   21.   21.   21.   21.
   21.   21.   21.   21.   21.   21.   21.   21.   21. 2118. 2118. 2554.
 2554. 2118. 
   21. 2118. 2118. 2118. 2118. 2118. 2118. 2554. 2554. 2554. 2554. 2118.
 2118.   21. 2118. 2118. 2118. 2118. 2118. 2118. 2118.   21.   21. 2118.
 2554. 2554. 
 2118. 2118.   21.   21. 2118. 2118. 2118. 2554. 2554. 2554. 2118. 2118.
 2118. 2118. 2554. 2554.   21.   21.   21.   21.   21.   21.   21.   21.
   21.   21. 
   21.   21.   21.   21.   21.   21.   21. 2118. 2118. 2554. 2554. 2118.
 2118. 2118. 2554. 2554. 2554. 2554. 2554. 2554. 2554. 2554. 2118. 2118.
 2118. 2118. 
 2118. 2118. 2554. 2554. 2554. 2118. 2118. 2118. 2118. 2118. 2554. 2554.
 2118. 2118.   21.   21.   21. 2118. 2118. 2118. 2118. 2118. 2118. 2554.
 2554. 2554. 
 2118. 2118.   21.   21.   21.   21.   21.   21.   21.   21.   21.   21.
   21.   21.   21.   21. 2118. 2118. 2118. 2118. 2118. 2554. 2554. 2118.
 2554. 2554. 
 2554. 2554. 2554. 2554. 2554. 2554. 2554. 2118. 2118. 2118.   21. 2118.
 2118. 2554. 2554. 2554. 2554. 2554. 2554. 2118. 2118. 2118. 2554. 2554.
 2118. 2118. 
   21.   21.   21.   21. 2118. 2118. 2554. 2554. 2554. 2554. 2554. 2554.
 2554. 2118.   21.   21.   21.   21.   21.   21.   21.   21.   21.   21.
 2118. 2118. 
 2118. 2118. 2554. 2554. 2554. 2118. 2554. 2554. 2554. 2118. 2554. 2554.
 2554. 2554. 2554. 2118. 2118. 2118. 2118. 2118.   21.   21.   21. 2118.
 2118. 2554. 
 2554. 2554. 2554. 2554. 2554. 2554. 2118. 2118. 2554. 2554. 2554. 2118.
   21.   21.   21.   21. 2118. 2554. 2554. 2118. 2118. 2554. 2554. 2554.
 2554. 2554. 
   21.   21.   21.   21.   21.   21.   21.   21.   21. 2118. 2118. 2554.
 2554. 2554. 2554. 2554. 2554. 2554. 2554. 2554. 2554. 2118. 2554. 2554.
 2118. 2118. 
 2118. 2118. 2118. 2118.   21.   21.   21.   21.   21. 2118. 2554. 2554.
 2554. 2118. 2118. 2554. 2554. 2554. 2554. 2554. 2554. 2554. 2554. 2118.
   21.   21. 
   21.   21. 2118. 2554. 2554. 2118. 2118. 2118. 2118. 2554. 2554. 2554.
   21.   21.   21.   21.   21.   21.   21.   21. 2118. 2554. 2554. 2554.
 2554. 2554. 
 2554. 2554. 2554. 2554. 2554. 2554. 2118. 2118. 2554. 2554. 2118. 2118.
   21.   21.   21.   21.   21.   21.   21.   21.   21. 2118. 2554. 2554.
 2554. 2118. 
 2118. 2118. 2118. 2554. 2554. 2554. 2554. 2554. 2118. 2118.   21.   21.
 2118. 2118. 2118. 2554. 2554. 2554. 2118. 2118. 2554. 2118. 2118. 2554.
   21.   21. 
   21.   21.   21.   21.   21.   21. 2118. 2554. 2554. 2554. 2554. 2554.
 2118. 2118. 2118. 2118. 2118. 2118. 2118. 2554. 2554. 2554. 2118.   21.
   21.   21. 
   21.   21.   21.   21.   21.   21.   21. 2118. 2118. 2554. 2554. 2554.
 2118. 2118. 2118. 2118. 2554. 2554. 2554. 2554. 2118. 2118.   21. 2118.
 2554. 2554. 
 2118. 2118. 2554. 2554. 2118. 2118. 2554. 2554. 2554. 2118.   21.   21.
   21.   21.   21.   21.   21.   21. 2118. 2554. 2554. 2554. 2118. 2118.
 2118.   21. 
   21.   21.   21. 2118. 2118. 2554. 2554. 2554. 2118.   21.   21.   21.
   21.   21.   21.   21.   21.   21.   21. 2118. 2118. 2554. 2554. 2554.
 2118.   21. 
   21. 2118. 2118. 2118. 2118. 2118. 2118.   21. 2118. 2554. 2554. 2554.
 2554. 2118. 2554. 2554. 2554. 2118. 2554. 2554. 2554. 2118.   21.   21.
   21.   21. 
   21.   21.   21.   21. 2118. 2554. 2554. 2554. 2118.   21.   21.   21.
   21.   21.   21. 2118. 2118. 2554. 2554. 2554. 2118.   21.   21.   21.
   21.   21. 
   21.   21.   21.   21.   21. 2118. 2118. 2554. 2554. 2554. 2118.   21.
   21.   21. 2118. 2118. 2118. 2118.   21. 2118. 2554. 2554. 2554. 2554.
 2554. 2118. 
 2118. 2554. 2554. 2554. 2118. 2554. 2554. 2118.   21.   21.   21.   21.
   21.   21.   21.   21.   21. 2118. 2554. 2554. 2554. 2118. 2118.   21.
   21.   21. 
   21.   21. 2118. 2554. 2554. 2554. 2118.   21.   21.   21.   21.   21.
   21.   21.   21.   21.   21. 2118. 2118. 2554. 2554. 2554. 2118.   21.
   21.   21. 
   21.   21.   21.   21.   21. 2118. 2554. 2554. 2554. 2118. 2118. 2554.
 2118. 2118. 2554. 2554. 2118. 2554. 2554. 2118.   21.   21.   21.   21.
   21.   21. 
   21.   21.   21. 2118. 2118. 2554. 2554. 2118. 2118. 2118. 2118. 2118.
   21.   21. 2118. 2554. 2554. 2554. 2118.   21.   21.   21.   21.   21.
   21.   21. 
   21.   21.   21. 2118. 2554. 2554. 2554. 2554. 2118.   21.   21.   21.
   21.   21.   21.   21.   21. 2118. 2118. 2118. 2118. 2118. 2118. 2118.
 2118. 2554. 
 2554. 2554. 2118. 2554. 2554. 2118.   21.   21.   21.   21.   21.   21.
   21.   21.   21. 2118. 2118. 2554. 2554. 2118. 2554. 2554. 2118. 2118.
 2118. 2118. 
 2118. 2554. 2554. 2554. 2118.   21.   21.   21.   21.   21.   21.   21.
   21.   21. 2118. 2118. 2554. 2554. 2554. 2118. 2118. 2118. 2118. 2118.
   21.   21. 
   21.   21.   21. 2118. 2554. 2554. 2554. 2554. 2554. 2554. 2554. 2554.
 2554. 2554. 2118. 2118. 2118.   21.   21.   21.   21.   21.   21.   21.
   21.   21. 
 2118. 2118. 2118. 2554. 2554. 2554. 2118. 2554. 2554. 2554. 2554. 2118.
 2118. 2554. 2554. 2554. 2118.   21.   21.   21.   21. 2118. 2118. 2118.
 2118. 2118. 
 2118. 2554. 2554. 2554. 2554. 2118. 2118. 2118. 2554. 2118. 2118.   21.
   21.   21. 2118. 2554. 2554. 2554. 2554. 2554. 2554. 2554. 2554. 2554.
 2118. 2118. 
   21.   21.   21.   21.   21.   21.   21.   21.   21.   21.   21.   21.
 2118. 2118. 2118. 2554. 2554. 2554. 2118. 2554. 2554. 2554. 2554. 2554.
 2554. 2554. 
 2554. 2118. 2118.   21.   21.   21. 2118. 2118. 2118. 2554. 2118. 2554.
 2554. 2554. 2554. 2554. 2554. 2118. 2554. 2554. 2554. 2554. 2118. 2118.
   21.   21. 
 2118. 2554. 2554. 2554. 2118. 2118. 2118. 2118. 2118. 2118. 2118.   21.
   21.   21.   21.   21. 2118. 2118. 2118. 2118.   21. 2118. 2118. 2118.
 2118. 2118. 
 2118. 2554. 2554. 2554. 2118. 2118. 2554. 2554. 2554. 2554. 2554. 2554.
 2554. 2118. 2118.   21.   21. 2118. 2118. 2554. 2554. 2554. 2554. 2554.
 2554. 2554. 
 2554. 2118. 2118. 2118. 2554. 2554. 2118. 2118. 2118. 2118. 2118. 2118.
 2118. 2554. 2554. 2554. 2118.   21.   21.   21.   21.   21.   21.   21.
   21.   21. 
   21.   21. 2118. 2554. 2554. 2118. 2118. 2554. 2554. 2554. 2118. 2554.
 2554. 2554. 2554. 2118. 2118. 2118. 2118. 2118. 2118. 2118. 2118. 2118.
 2118. 2118. 
   21.   21.   21. 2118. 2554. 2554. 2554. 2554. 2554. 2554. 2118. 2118.
 2118. 2118. 2118. 2554. 2554. 2118. 2554. 2554. 2554. 2554. 2118. 2118.
 2118. 2554. 
 2554. 2554. 2118.   21.   21.   21.   21.   21.   21.   21.   21.   21.
   21.   21. 2554. 2554. 2118. 2554. 2554. 2554. 2554. 2554. 2554. 2554.
 2554. 2554. 
 2118. 2118.   21.   21.   21. 2118. 2118. 2118. 2118. 2118. 2118.   21.
   21.   21.   21. 2118. 2554. 2554. 2554. 2118. 2118. 2118. 2118. 2118.
   21.   21. 
 2118. 2118. 2554. 2118. 2554. 2554. 2554. 2554. 2118. 2118. 2118. 2554.
 2554. 2554. 2118.   21.   21.   21.   21.   21.   21.   21.   21.   21.
   21.   21. 
 2554. 2554. 2118. 2554. 2554. 2554. 2554. 2554. 2554. 2554. 2118. 2118.
 2118. 2118.   21.   21.   21.   21.   21.   21.   21.   21.   21.   21.
   21.   21. 
   21. 2118. 2554. 2554. 2554. 2118. 2118.   21.   21.   21.   21.   21.
 2118. 2118. 2554. 2118. 2554. 2554. 2554. 2554. 2554. 2118. 2118. 2554.
 2554. 2554. 
 2118.   21.   21.   21.   21.   21.   21.   21.   21.   21.   21.   21.
 2554. 2118. 2118. 2554. 2554. 2118. 2118. 2118. 2118. 2118. 2554. 2554.
 2118.   21. 
   21.   21.   21.   21.   21.   21.   21.   21.   21.   21. 2118.   21.
   21. 2118. 2554. 2554. 2554. 2554. 2118.   21.   21.   21.   21.   21.
   21. 2118. 
 2118. 2554. 2554. 2554. 2554. 2554. 2554. 2554. 2118. 2554. 2554. 2554.
 2118.   21.   21.   21.   21.   21.   21.   21.   21.   21.   21.   21.
 2118. 2118. 
 2118. 2554. 2554. 2118. 2554. 2554. 2554. 2554. 2554. 2118. 2118.   21.
   21.   21.   21.   21.   21.   21.   21. 2118. 2118. 2118. 2118. 2118.
 2118. 2118. 
 2118. 2554. 2554. 2554. 2118.   21.   21.   21.   21.   21.   21. 2118.
 2118. 2554. 2554. 2554. 2118. 2118. 2554. 2554. 2554. 2554. 2554. 2554.
 2118.   21. 
   21.   21.   21.   21.   21.   21.   21.   21.   21.   21. 2554. 2118.
 2118. 2554. 2554. 2118. 2554. 2554. 2554. 2554. 2554. 2118. 2118.   21.
   21.   21. 
   21.   21.   21.   21. 2118. 2118. 2118. 2554. 2554. 2118. 2118. 2118.
 2118. 2554. 2554. 2554. 2118. 2118. 2118. 2118. 2118.   21.   21. 2118.
 2554. 2554. 
 2554. 2554. 2118. 2118. 2118. 2554. 2554. 2554. 2554. 2118.   21.   21.
   21.   21.   21.   21.   21.   21.   21.   21.   21.   21. 2554. 2118.
 2118. 2554. 
 2554. 2118. 2118. 2554. 2554. 2554. 2118. 2118.   21.   21.   21.   21.
   21.   21.   21.   21. 2118. 2554. 2554. 2554. 2554. 2554. 2554. 2118.
 2118. 2554. 
 2554. 2554. 2118. 2118. 2554. 2554. 2118. 2118.   21. 2118. 2554. 2118.
 2554. 2554. 2118.   21. 2118. 2118. 2554. 2554. 2118. 2118.   21.   21.
   21.   21. 
   21.   21.   21.   21.   21.   21.   21.   21. 2554. 2554. 2118. 2554.
 2554. 2118. 2118. 2118. 2118. 2118. 2118.   21.   21.   21.   21.   21.
   21.   21. 
   21. 2118. 2118. 2554. 2554. 2554. 2554. 2554. 2554. 2554. 2554. 2554.
 2554. 2554. 2118. 2118. 2554. 2554. 2554. 2554. 2118. 2118. 2118. 2118.
 2554. 2554. 
 2118.   21.   21.   21. 2118. 2118. 2118.   21.   21.   21.   21.   21.
   21.   21.   21.   21.   21.   21.   21.   21. 2554. 2118. 2118. 2554.
 2554. 2118. 
 2118. 2118. 2118. 2118.   21.   21.   21.   21.   21.   21.   21.   21.
   21. 2118. 2118. 2554. 2554. 2554. 2118. 2554. 2554. 2554. 2554. 2554.
 2554. 2554. 
 2118. 2118. 2554. 2554. 2554. 2554. 2554. 2554. 2554. 2554. 2554. 2554.
 2118.   21.   21.   21.   21.   21.   21.   21.   21.   21.   21.   21.
   21.   21. 
   21.   21.   21.   21.   21.   21. 2554. 2118. 2118. 2554. 2554. 2118.
 2118.   21.   21.   21. 2118. 2118.   21.   21.   21.   21.   21.   21.
   21. 2118. 
 2118. 2554. 2554. 2118. 2118. 2118. 2118. 2118. 2554. 2554. 2554. 2118.
 2118. 2118. 2554. 2118. 2554. 2554. 2554. 2554. 2554. 2554. 2554. 2554.
 2118.   21. 
   21.   21.   21.   21.   21.   21.   21.   21.   21.   21.   21.   21.
   21.   21.   21.   21.   21.   21. 2118. 2118. 2118. 2554. 2554. 2118.
 2118.   21. 
 2118. 2118. 2118. 2118. 2118. 2118.   21.   21.   21.   21.   21. 2118.
 2118. 2554. 2554. 2118. 2118. 2118. 2118. 2118. 2118. 2118. 2118. 2118.
 2118. 2554. 
 2554. 2118. 2118. 2118. 2118. 2118. 2118. 2554. 2118. 2118.   21.   21.
   21.   21.   21.   21.   21.   21.   21.   21.   21.   21.   21.   21.
   21.   21. 
   21.   21.   21.   21. 2554. 2554. 2554. 2554. 2554. 2118. 2118. 2118.
 2118. 2554. 2554. 2554. 2554. 2118. 2118. 2118.   21.   21.   21. 2118.
 2118. 2554. 
 2554. 2118. 2118.   21.   21.   21. 2118. 2118. 2554. 2554. 2118. 2554.
 2554. 2118. 2118. 2118. 2118. 2118. 2118.   21.   21.   21.   21.   21.
   21.   21. 
   21.   21.   21.   21.   21.   21.   21.   21.   21.   21.   21.   21.
   21.   21.   21.   21. 2554. 2554. 2554. 2554. 2554. 2118. 2118. 2118.
 2554. 2554. 
 2554. 2554. 2554. 2554. 2554. 2118. 2118.   21.   21. 2118. 2554. 2554.
 2554. 2118. 2118.   21.   21.   21.   21. 2118. 2118. 2554. 2118. 2554.
 2554. 2118. 
 2118. 2118. 2118. 2118.   21.   21.   21.   21.   21.   21.   21.   21.
   21.   21.   21.   21.   21.   21.   21.   21.   21.   21.   21.   21.
   21.   21. 
   21.   21. 2554. 2554. 2554. 2554. 2118. 2118. 2118. 2554. 2554. 2554.
 2554. 2554. 2554. 2554. 2554. 2554. 2118. 2118. 2118. 2118. 2554. 2554.
 2554. 2118. 
 2118.   21.   21.   21.   21. 2118. 2118. 2554. 2118. 2554. 2554. 2554.
 2118.   21.   21.   21.   21.   21.   21.   21.   21.   21.   21.   21.
   21.   21. 
   21.   21.   21.   21.   21.   21.   21.   21.   21.   21.   21.   21.
   21.   21. 2118. 2118. 2118. 2118.   21.   21. 2118. 2554. 2554. 2554.
 2118. 2118. 
 2118. 2554. 2554. 2554. 2554. 2554. 2118. 2118. 2554. 2554. 2554. 2118.
 2118.   21.   21.   21.   21.   21. 2118. 2554. 2118. 2554. 2554. 2554.
 2118.   21. 
 21. 21. 21. 21. 21. 21. 21. 21. 21. 21. 21. 21. 21. 21. 21. 21. 21. 21.
 21. 21. 21. 21. 21. 21. 21. 21. 
   21.   21.   21.   21.   21. 2118. 2118. 2554. 2554. 2554. 2118. 2118.
 2118. 2118. 2554. 2554. 2554. 2554. 2554. 2554. 2554. 2554. 2118. 2118.
   21.   21. 
   21. 2118. 2118. 2118. 2118. 2118. 2554. 2554. 2554. 2554. 2118.   21.
   21.   21.   21.   21.   21.   21.   21.   21.   21.   21.   21.   21.
   21.   21. 
   21.   21.   21.   21.   21.   21.   21.   21.   21.   21.   21.   21.
 2118. 2118. 2118. 2118. 2118. 2118. 2118. 2554. 2554. 2554. 2118. 2118.
   21. 2118. 
 2118. 2118. 2554. 2554. 2554. 2554. 2554. 2118. 2118.   21.   21. 2118.
 2118. 2554. 2554. 2554. 2554. 2554. 2554. 2554. 2554. 2554. 2118.   21.
   21.   21. 
   21.   21.   21.   21.   21.   21.   21.   21.   21.   21.   21.   21.
   21.   21.   21.   21.   21.   21.   21.   21.   21.   21.   21.   21.
 2554. 2554. 
 2554. 2118. 2118. 2118. 2118. 2554. 2554. 2554. 2118. 2118.   21.   21.
   21. 2118. 2118. 2118. 2118. 2118. 2118. 2118.   21. 2118. 2118. 2554.
 2554. 2554. 
 2554. 2554. 2554. 2554. 2554. 2554. 2554. 2118.   21.   21.   21.   21.
   21.   21.   21.   21.   21.   21.   21.   21.   21.   21.   21.   21.
   21.   21. 
   21.   21.   21.   21.   21.   21.   21.   21.   21.   21. 2554. 2554.
 2554. 2554. 2554. 2554. 2118. 2554. 2554. 2554. 2118. 2118.   21.   21.
   21.   21. 
 2118. 2118. 2118. 2118.   21. 2118. 2118. 2554. 2118. 2554. 2554. 2554.
 2554. 2554. 2554. 2554. 2118. 2118. 2118. 2118.   21.   21.   21.   21.
   21.   21. 
   21.   21.   21.   21.   21.   21.   21.   21.   21.   21.   21.   21.
   21.   21.   21.   21.   21.   21.   21.   21.   21.   21. 2554. 2554.
 2554. 2554. 
 2554. 2554. 2554. 2554. 2554. 2554. 2118. 2118.   21.   21.   21.   21.
   21.   21.   21.   21.   21. 2118. 2554. 2554. 2554. 2118. 2554. 2554.
 2118. 2118. 
 2118. 2118. 2554. 2554. 2118.   21.   21.   21.   21.   21.   21.   21.
   21.   21.   21.   21.   21.   21.   21.   21.   21.   21.   21.   21.
   21.   21. 
   21.   21.   21.   21.   21.   21.   21.   21. 2554. 2118. 2118. 2554.
 2554. 2554. 2554. 2554. 2554. 2118. 2118.   21.   21.   21.   21.   21.
   21.   21. 
   21.   21.   21. 2118. 2554. 2554. 2554. 2118. 2554. 2554. 2554. 2118.
 2554. 2554. 2554. 2118. 2118.   21.   21.   21.   21.   21.   21.   21.
   21.   21. 
   21.   21.   21.   21.   21.   21.   21.   21.   21.   21.   21.   21.
   21.   21.   21.   21.   21.   21.   21.   21. 2554. 2118. 2118. 2118.
 2118. 2118. 
 2554. 2118. 2118. 2118. 2118.   21.   21.   21.   21.   21.   21.   21.
   21.   21.   21. 2118. 2554. 2554. 2118. 2118. 2554. 2554. 2554. 2554.
 2118. 2554. 
 2118. 2118.   21.   21.   21.   21.   21.   21.   21.   21.   21.   21.
   21.   21.   21.   21.   21.   21.   21.   21.   21.   21.   21.   21.
   21.   21. 
   21.   21.   21.   21.   21.   21. 2554. 2118. 2118.   21. 2118. 2118.
 2118. 2118. 2118. 2118.   21.   21.   21.   21.   21.   21.   21.   21.
   21.   21. 
 2118. 2118. 2118. 2118. 2118. 2118. 2118. 2554. 2554. 2554. 2118. 2118.
 2118.   21.   21.   21.   21.   21.   21.   21.   21.   21.   21.   21.
   21.   21. 
   21.   21.   21.   21.   21.   21.   21.   21.   21.   21.   21.   21.
   21.   21.   21.   21.   21.   21. 2554. 2554. 2118.   21.   21.   21.
   21.   21. 
   21.   21.   21.   21.   21.   21.   21.   21.   21.   21.   21. 2118.
 2118. 2554. 2554. 2554. 2554. 2554. 2118. 2554. 2554. 2554. 2554. 2118.
   21.   21. 
 21. 21. 21. 21. 21. 21. 21. 21. 21. 21. 21. 21. 21. 21. 21. 21. 21. 21.
 21. 21. 21. 21. 21. 21. 21. 21. 
   21.   21.   21.   21. 2554. 2554. 2118.   21.   21.   21.   21.   21.
   21.   21.   21.   21.   21.   21.   21.   21.   21.   21. 2118. 2554.
 2554. 2554. 
 2554. 2554. 2554. 2554. 2554. 2554. 2554. 2554. 2554. 2118.   21.   21.
   21.   21.   21.   21.   21.   21.   21.   21.   21.   21.   21.   21.
   21.   21. 
   21.   21.   21.   21.   21.   21.   21.   21.   21.   21.   21.   21.
   21.   21.   21.   21. 2554. 2554. 2118.   21.   21.   21.   21.   21.
   21.   21. 
   21.   21.   21.   21.   21.   21.   21.   21. 2118. 2554. 2554. 2554.
 2554. 2554. 2554. 2554. 2554. 2554. 2554. 2554. 2554. 2118.   21.   21.
   21.   21. 
 21. 21. 21. 21. 21. 21. 21. 21. 21. 21. 21. 21. 21. 21. 21. 21. 21. 21.
 21. 21. 21. 21. 21. 21. 21. 21. 
   21.   21. 2554. 2118. 2118.   21.   21.   21.   21.   21.   21.   21.
   21.   21.   21.   21.   21. 2118. 2118. 2118. 2118. 2554. 2554. 2118.
 2118. 2118. 
 2118. 2118. 2554. 2554. 2554. 2554. 2554. 2118.   21.   21.   21.   21.
   21.   21.   21.   21.   21.   21.   21.   21.   21.   21.   21.   21.
   21.   21. 
 21. 21. 21. 21. 21. 21. 21. 21. 21. 21. 21. 21. 21. 21. 
/