PERMI
   37.   37.   37.   37.   37.  902. 1405. 1405. 1405.  902.   37.   37.
   37.   37.   37.   37.   37.   37.  902.  902. 1405. 1405. 1405. 1405.
  902.   37. 
   37.   37.   37.   37.   37.   37.   37.   37.  902.  902. 1405. 1405.
 1405.  902.   37.   37.   37.  902.  902. 1405. 1405.  902.   37.   37.
   37.   37. 
   37.   37.   37.   37.   37.   37.   37.   37.   37.   37.   37.   37.
   37.   37.   37.   37.   37.   37.  902. 1405. 1405.  902.   37.   37.
   37.   37. 
   37.   37.   37.   37.   37.   37.  902. 1405. 1405. 1405.  902.   37.
   37.   37.   37.   37.   37.   37.   37.   37.  902.  902. 1405. 1405.
  902.  902. 
   37.   37.   37.  902.  902. 1405. 1405.  902.   37.   37.   37.   37.
   37.   37.   37.   37.   37.   37.   37.   37.   37.   37.   37.   37.
   37.   37. 
   37.   37.   37.   37.  902. 1405. 1405.  902.   37.   37.   37.   37.
   37.   37.   37.   37.   37.   37.  902. 1405. 1405. 1405.  902.   37.
   37.   37. 
   37.   37.   37.   37.   37.   37.  902.  902. 1405. 1405. 1405.  902.
  902.  902.   37.  902. 1405. 1405. 1405.  902.  902.  902.   37.   37.
   37.   37. 
   37.   37.   37.   37.   37.   37.   37.   37.   37.   37.   37.   37.
   37.   37.   37.  902. 1405. 1405.  902.   37.   37.   37.   37.   37.
   37.   37. 
   37.   37.   37.  902.  902. 1405. 1405. 1405.  902.   37.   37.   37.
   37.   37.   37.   37.   37.   37.   37.  902. 1405. 1405. 1405. 1405.
 1405.  902. 
  902.  902.  902. 1405. 1405. 1405. 1405.  902.  902.  902.   37.   37.
   37.   37.   37.   37.   37.   37.   37.   37.   37.   37.   37.   37.
   37.   37. 
  902. 1405. 1405. 1405.  902.   37.   37.   37.   37.   37.   37.   37.
   37.   37.   37.  902. 1405. 1405. 1405.  902.  902.   37.   37.   37.
   37.   37. 
   37.   37.   37.   37.   37.  902.  902. 1405. 1405. 1405. 1405. 1405.
 1405.  902.  902. 1405. 1405. 1405. 1405. 1405. 1405.  902.  902.   37.
   37.   37. 
   37.   37.   37.   37.   37.   37.   37.   37.   37.   37.   37.   37.
  902. 1405. 1405.  902.   37.   37.   37.   37.   37.   37.   37.   37.
   37.   37. 
   37.  902. 1405. 1405. 1405.  902.  902.   37.   37.   37.   37.   37.
   37.   37.   37.   37.   37.   37.  902.  902. 1405. 1405. 1405. 1405.
 1405. 1405. 
  902.  902.  902. 1405. 1405. 1405. 1405. 1405. 1405.  902.   37.   37.
   37.   37.   37.   37.   37.   37.   37.   37.   37.   37.   37.   37.
  902. 1405. 
 1405.  902.  902.   37.   37.   37.   37.   37.   37.   37.   37.   37.
   37.  902.  902. 1405. 1405. 1405.  902.  902.  902.   37.   37.   37.
   37.   37. 
   37.   37.   37.   37.   37.  902.  902.  902.  902.  902. 1405. 1405.
 1405.  902.  902.  902.  902. 1405. 1405. 1405. 1405.  902.  902.   37.
   37.   37. 
   37.   37.   37.   37.   37.   37.   37.   37.   37.   37.  902. 1405.
 1405. 1405. 1405.  902.  902.   37.   37.   37.   37.   37.   37.   37.
   37.  902. 
  902. 1405. 1405. 1405. 1405. 1405.  902.  902.   37.   37.   37.   37.
   37.   37.   37.   37.   37.   37.   37.   37.   37.  902.  902. 1405.
 1405.  902. 
   37.   37.  902.  902.  902. 1405. 1405. 1405.  902.   37.   37.   37.
   37.   37.   37.   37.   37.   37.   37.   37.   37.   37.  902.  902.
 1405. 1405. 
 1405. 1405. 1405.  902.   37.   37.   37.   37.   37.   37.   37.   37.
  902.  902. 1405. 1405. 1405. 1405.  902.  902.   37.   37.   37.   37.
   37.   37. 
   37.   37.   37.   37.   37.   37.   37.   37.  902. 1405. 1405.  902.
  902.   37.   37.  902.  902. 1405. 1405. 1405.  902.   37.   37.   37.
   37.   37. 
   37.   37.   37.   37.   37.   37.   37.   37.   37.  902.  902. 1405.
 1405. 1405. 1405. 1405.  902.   37.   37.   37.   37.   37.   37.   37.
   37.  902. 
  902.  902. 1405. 1405. 1405.  902.  902.   37.   37.   37.   37.   37.
   37.   37.   37.   37.   37.   37.   37.  902.  902. 1405. 1405.  902.
   37.   37. 
   37.  902.  902. 1405. 1405. 1405.  902.   37.   37.   37.   37.   37.
   37.   37.   37.   37.   37.   37.   37.   37.   37.   37.   37.  902.
  902. 1405. 
 1405. 1405.  902.  902.   37.   37.   37.   37.   37.   37.   37.   37.
   37.  902.  902. 1405. 1405.  902.   37.   37.   37.   37.   37.   37.
   37.   37. 
   37.   37.   37.   37.  902.  902. 1405. 1405.  902.  902.   37.   37.
  902. 1405. 1405. 1405. 1405.  902.  902.   37.   37.   37.   37.   37.
   37.   37. 
   37.   37.   37.   37.   37.   37.   37.   37.   37.   37.   37.  902.
 1405. 1405. 1405.  902.   37.   37.   37.   37.   37.   37.   37.   37.
  902.  902. 
 1405. 1405. 1405.  902.   37.   37.   37.   37.   37.   37.   37.   37.
   37.   37.   37.   37.  902. 1405. 1405. 1405.  902.   37.   37.  902.
  902. 1405. 
 1405. 1405.  902.  902.   37.   37.   37.   37.   37.   37.   37.   37.
   37.   37.   37.   37.   37.   37.   37.   37.   37.   37.   37.  902.
 1405. 1405. 
 1405.  902.   37.   37.   37.   37.   37.   37.   37.   37.  902.  902.
 1405. 1405.  902.  902.   37.   37.   37.   37.   37.   37.   37.   37.
   37.   37. 
   37.  902.  902. 1405. 1405.  902.   37.   37.   37.  902. 1405. 1405.
  902.  902.  902.   37.   37.   37.   37.   37.   37.   37.   37.   37.
   37.   37. 
   37.   37.   37.   37.   37.   37.   37.   37.   37.  902. 1405. 1405.
  902.   37.   37.   37.   37.   37.   37.   37.   37.   37.  902. 1405.
 1405. 1405. 
  902.  902.   37.   37.   37.   37.   37.   37.   37.   37.   37.   37.
   37.  902. 1405. 1405. 1405.  902.   37.   37.  902.  902. 1405. 1405.
  902.   37. 
   37.   37.   37.   37.   37.   37.   37.   37.   37.   37.   37.   37.
   37.   37.   37.   37.   37.   37.   37.   37.  902. 1405. 1405. 1405.
  902.   37. 
   37.   37.   37.   37.   37.   37.   37.   37.  902. 1405. 1405. 1405.
 1405.  902.  902.   37.   37.   37.   37.   37.   37.   37.   37.   37.
   37.  902. 
  902. 1405. 1405.  902.  902.  902.  902.  902. 1405. 1405.  902.   37.
   37.   37.   37.   37.   37.   37.   37.   37.   37.   37.   37.   37.
   37.   37. 
   37.   37.   37.   37.   37.   37.  902. 1405. 1405. 1405.  902.   37.
   37.   37.   37.   37.   37.   37.   37.   37.  902.  902. 1405. 1405.
 1405. 1405. 
  902.  902.   37.   37.   37.   37.   37.   37.   37.   37.   37.   37.
  902. 1405. 1405. 1405. 1405.  902.  902.  902. 1405. 1405. 1405.  902.
  902.   37. 
   37.   37.   37.   37.   37.   37.   37.   37.   37.   37.   37.   37.
   37.   37.   37.   37.   37.   37.  902. 1405. 1405. 1405.  902.   37.
   37.   37. 
   37.   37.   37.   37.   37.   37.   37.  902.  902. 1405. 1405. 1405.
 1405.  902.   37.   37.   37.   37.   37.   37.   37.   37.   37.   37.
   37.  902. 
 1405. 1405. 1405. 1405.  902.  902.  902. 1405. 1405. 1405.  902.  902.
   37.   37.   37.   37.   37.   37.   37.   37.   37.   37.   37.   37.
   37.   37. 
   37.   37.   37.   37.  902. 1405. 1405. 1405.  902.   37.   37.   37.
   37.   37.   37.   37.   37.   37.   37.   37.  902.  902.  902. 1405.
 1405.  902. 
  902.   37.   37.   37.   37.   37.   37.   37.   37.   37.   37.   37.
  902.  902. 1405. 1405. 1405.  902.  902.  902. 1405. 1405. 1405.  902.
  902.   37. 
   37.   37.   37.   37.   37.   37.   37.   37.  902.   37.   37.   37.
   37.   37.   37.   37.   37.  902. 1405. 1405.  902.   37.   37.   37.
   37.   37. 
   37.   37.   37.   37.   37.   37.  902.  902. 1405. 1405. 1405.  902.
   37.   37.   37.   37.   37.   37.   37.   37.   37.   37.   37.   37.
   37.  902. 
  902. 1405.  902.  902.   37.  902.  902. 1405. 1405. 1405.  902.   37.
   37.   37.   37.   37.   37.   37.   37.   37.  902.  902.   37.   37.
   37.   37. 
   37.   37.   37.  902. 1405. 1405. 1405.  902.   37.   37.   37.   37.
   37.   37.   37.   37.   37.   37.  902. 1405. 1405. 1405.  902.  902.
   37.   37. 
   37.   37.   37.   37.   37.   37.   37.   37.   37.   37.   37.  902.
 1405. 1405. 1405.  902.   37.   37.  902.  902. 1405. 1405.  902.   37.
   37.   37. 
   37.   37.   37.   37.   37.   37. 1405.  902.   37.   37.   37.   37.
   37.   37.   37.   37.  902. 1405. 1405. 1405.  902.   37.   37.   37.
   37.   37. 
   37.   37.   37.  902. 1405. 1405. 1405.  902.  902.   37.   37.   37.
   37.   37.   37.   37.   37.   37.   37.   37.   37.   37.   37.  902.
 1405. 1405. 
 1405.  902.   37.  902.  902. 1405. 1405. 1405.  902.   37.   37.   37.
   37.   37.   37.   37.   37.   37. 1405.  902.   37.   37.   37.   37.
   37.   37. 
   37.   37.  902. 1405. 1405. 1405.  902.   37.   37.   37.   37.   37.
   37.   37.   37.  902.  902. 1405. 1405.  902.   37.   37.   37.   37.
   37.   37. 
   37.   37.   37.   37.   37.   37.   37.   37.  902.  902. 1405. 1405.
  902.   37.  902.  902. 1405. 1405. 1405.  902.  902.   37.   37.   37.
   37.   37. 
   37.   37.   37.   37. 1405.  902.   37.   37.   37.   37.   37.   37.
   37.   37.   37.  902. 1405. 1405.  902.   37.   37.   37.   37.   37.
   37.   37. 
   37.  902.  902. 1405. 1405.  902.  902.  902.   37.   37.   37.   37.
   37.   37.   37.   37.   37.   37.   37.   37.  902.  902. 1405. 1405.
  902.   37. 
  902. 1405. 1405. 1405.  902.  902.   37.   37.   37.   37.   37.   37.
   37.   37.   37.   37. 1405.  902.   37.   37.   37.   37.   37.   37.
   37.   37. 
   37.  902. 1405. 1405.  902.   37.   37.   37.   37.   37.   37.   37.
   37.   37.  902. 1405. 1405. 1405. 1405.  902.  902.   37.   37.   37.
   37.   37. 
   37.   37.   37.   37.   37.   37.  902. 1405. 1405.  902.  902.  902.
  902. 1405. 1405. 1405.  902.   37.   37.   37.   37.   37.   37.   37.
   37.   37. 
   37.   37.  902.  902.   37.   37.   37.   37.   37.   37.   37.   37.
  902. 1405. 1405. 1405.  902.   37.   37.   37.   37.   37.   37.   37.
   37.   37. 
   37.  902.  902. 1405. 1405. 1405.  902.  902.   37.   37.   37.   37.
   37.   37.   37.   37.   37.   37.  902. 1405. 1405.  902.  902.  902.
 1405. 1405. 
 1405.  902.   37.   37.   37.   37.   37.   37.   37.   37.   37.   37.
   37.   37.  902.   37.   37.   37.   37.   37.   37.   37.   37.   37.
  902. 1405. 
 1405. 1405.  902.   37.   37.   37.   37.   37.   37.   37.   37.   37.
   37.   37.  902.  902. 1405. 1405.  902.  902.   37.   37.   37.   37.
   37.   37. 
   37.   37.   37.   37.  902. 1405. 1405. 1405.  902.  902.  902. 1405.
  902.  902.  902.   37.   37.   37.   37.   37.   37.   37.   37.   37.
   37.   37. 
  902.   37.   37.   37.   37.   37.   37.   37.   37.   37.  902. 1405.
 1405.  902.  902.   37.   37.   37.   37.   37.   37.   37.   37.   37.
   37.   37. 
  902.  902. 1405. 1405. 1405.  902.   37.   37.   37.   37.   37.   37.
   37.   37.   37.   37.   37.  902. 1405. 1405. 1405.  902.  902. 1405.
 1405. 1405. 
  902.  902.  902.   37.   37.   37.   37.   37.   37.   37.   37.   37.
   37.   37.   37.   37.   37.   37.   37.   37.   37.   37.  902. 1405.
 1405. 1405. 
  902.   37.   37.   37.   37.   37.   37.   37.   37.   37.   37.   37.
  902. 1405. 1405. 1405.  902.  902.   37.   37.   37.   37.   37.   37.
   37.   37. 
   37.   37.   37.   37.  902.  902. 1405. 1405.  902. 1405. 1405. 1405.
 1405. 1405.  902.  902.  902.   37.   37.   37.   37.   37.   37.   37.
   37.   37. 
   37.   37.   37.   37.   37.   37.   37.   37.  902. 1405. 1405. 1405.
 1405.  902.  902.  902.  902.  902.   37.   37.   37.   37.   37.  902.
  902. 1405. 
 1405. 1405.  902.   37.   37.   37.   37.   37.   37.   37.   37.   37.
   37.   37.   37.   37.   37.   37.  902.  902. 1405.  902.  902. 1405.
 1405. 1405. 
 1405.  902.  902.   37.   37.   37.   37.   37.   37.   37.   37.   37.
   37.   37.   37.   37.   37.   37.   37.   37.   37.  902. 1405. 1405.
 1405. 1405. 
 1405. 1405. 1405. 1405.  902.  902.   37.   37.   37.  902. 1405. 1405.
 1405.  902.  902.   37.   37.   37.   37.   37.   37.   37.   37.   37.
   37.   37. 
   37.   37.   37.   37.   37.  902. 1405. 1405.  902.  902.  902. 1405.
 1405. 1405.  902.  902.   37.   37.   37.   37.   37.   37.  902.   37.
   37.   37. 
   37.   37.   37.   37.   37.   37.   37.   37.  902.  902. 1405. 1405.
 1405. 1405. 1405. 1405. 1405.  902.   37.   37.   37.  902. 1405. 1405.
 1405. 1405. 
  902.  902.   37.   37.   37.   37.   37.   37.   37.   37.   37.   37.
   37.   37.   37.   37.  902. 1405. 1405. 1405.  902.   37.  902.  902.
 1405. 1405. 
 902. 902.  37.  37.  37.  37.  37.  37. 902. 902.  37.  37.  37.  37.
  37.  37.  37.  37.  37.  37.  37.  37. 902. 902. 902. 902. 
 1405. 1405. 1405.  902.  902.   37.   37.  902.  902. 1405. 1405. 1405.
 1405.  902.  902.  902.   37.   37.   37.   37.   37.   37.   37.   37.
   37.   37. 
   37.  902. 1405. 1405. 1405.  902.   37.   37.   37.  902. 1405. 1405.
 1405.  902.   37.   37.   37.   37.   37.   37. 1405.  902.   37.   37.
   37.   37. 
   37.   37.   37.   37.   37.   37.   37.   37.   37.   37.   37.   37.
  902. 1405. 1405. 1405.  902.   37.   37.   37.  902.  902. 1405. 1405.
 1405. 1405. 
 1405.  902.   37.   37.   37.   37.   37.   37.   37.   37.   37.   37.
   37.  902. 1405. 1405.  902.  902.   37.   37.  902.  902. 1405. 1405.
  902.  902. 
   37.   37.   37.   37.   37.   37. 1405.  902.  902.   37.   37.   37.
   37.   37.   37.   37.   37.   37.   37.   37.   37.   37.   37.   37.
  902. 1405. 
 1405. 1405.  902.   37.   37.   37.   37.  902.  902.  902. 1405. 1405.
 1405.  902.  902.   37.   37.   37.   37.   37.   37.   37.   37.   37.
   37.  902. 
 1405. 1405.  902.   37.   37.   37.   37.  902. 1405. 1405. 1405.  902.
   37.   37.   37.  902.   37.   37. 1405. 1405.  902.   37.   37.   37.
   37.   37. 
   37.   37.   37.   37.   37.   37.   37.   37.   37.   37.  902. 1405.
 1405.  902.  902.   37.   37.   37.   37.   37.   37.  902.  902. 1405.
 1405. 1405. 
  902.   37.   37.   37.   37.   37.   37.   37.   37.   37.   37.  902.
 1405. 1405.  902.  902.   37.   37.   37.  902. 1405. 1405. 1405.  902.
  902.  902. 
  902.  902.  902.  902. 1405. 1405.  902.   37.   37.   37.   37.   37.
   37.   37.   37.   37.   37.   37.   37.   37.   37.   37.  902. 1405.
 1405.  902. 
   37.   37.   37.   37.   37.   37.   37.  902.  902. 1405. 1405.  902.
  902.   37.   37.   37.   37.   37.   37.   37.   37.   37.   37.  902.
  902. 1405. 
 1405. 1405.  902.   37.   37.  902.  902. 1405. 1405. 1405. 1405. 1405.
 1405. 1405. 1405.  902. 1405. 1405.  902.   37.   37.   37.   37.   37.
   37.   37. 
   37.   37.   37.   37.   37.   37.   37.   37.  902. 1405. 1405.  902.
  902.   37.   37.   37.   37.   37.   37.  902. 1405. 1405. 1405.  902.
   37.   37. 
   37.   37.   37.   37.   37.   37.   37.   37.   37.   37.  902.  902.
 1405. 1405. 1405.  902.   37.  902.  902. 1405. 1405. 1405. 1405. 1405.
 1405. 1405. 
 1405. 1405. 1405.  902.  902.   37.   37.   37.   37.   37.   37.   37.
   37.   37.   37.   37.   37.   37.   37.   37.  902. 1405. 1405. 1405.
  902.  902. 
   37.   37.   37.   37.   37.  902. 1405. 1405.  902.  902.  902.   37.
   37.   37.   37.   37.   37.   37.   37.   37.   37.   37.   37.  902.
  902. 1405. 
 1405.  902.   37.   37.  902.  902.  902. 1405. 1405. 1405.  902.  902.
 1405. 1405. 1405.  902.   37.   37.   37.   37.   37.   37.   37.   37.
   37.   37. 
   37.   37.   37.   37.   37.   37.   37.  902. 1405. 1405. 1405.  902.
  902.  902.   37.   37.   37.  902. 1405. 1405. 1405. 1405.  902.  902.
  902.  902. 
   37.   37.   37.   37.   37.   37.   37.   37.   37.  902.  902. 1405.
 1405.  902.   37.   37.   37.  902.  902.  902.  902.  902.  902.  902.
 1405. 1405. 
  902.  902.   37.   37.   37.   37.   37.   37.   37.   37.   37.   37.
   37.   37.   37.   37.   37.   37.   37.  902.  902. 1405. 1405. 1405.
  902.  902. 
  902.   37.   37.  902.  902. 1405. 1405. 1405. 1405. 1405. 1405.  902.
  902.   37.   37.   37.   37.   37.   37.   37.  902.  902. 1405. 1405.
  902.  902. 
   37.   37.   37.   37.   37.   37.   37.   37.   37.  902. 1405. 1405.
  902.   37.   37.   37.   37.   37.   37.   37.   37.   37.   37.   37.
   37.   37. 
   37.   37.   37.   37.   37.   37.  902.  902. 1405. 1405. 1405. 1405.
  902.  902.   37.   37.  902.  902.  902. 1405. 1405. 1405. 1405. 1405.
  902.   37. 
   37.   37.   37.   37.   37.  902.  902. 1405. 1405.  902.  902.   37.
   37.   37.   37.   37.   37.   37.   37.   37.   37.  902.  902. 1405.
  902.   37. 
   37.   37.   37.   37.   37.   37.   37.   37.   37.   37.   37.   37.
   37.   37.   37.   37.   37.   37.   37.  902.  902. 1405. 1405. 1405.
 1405.  902. 
   37.   37.   37.   37.  902.  902.  902.  902. 1405. 1405.  902.   37.
   37.   37.   37.   37.   37.  902. 1405. 1405. 1405.  902.   37.   37.
   37.   37. 
   37.   37.   37.   37.   37.   37.   37.  902.  902. 1405.  902.  902.
   37.   37.   37.   37.   37.   37.   37.   37.   37.   37.   37.   37.
   37.   37. 
   37.   37.   37.   37.   37.   37.  902.  902. 1405. 1405. 1405.  902.
   37.   37.   37.   37.   37.   37.   37.  902. 1405. 1405.  902.  902.
   37.   37. 
   37.   37.   37.  902. 1405. 1405.  902.  902.   37.   37.   37.   37.
   37.   37.   37.   37.   37.   37.   37.   37.  902. 1405. 1405.  902.
  902.   37. 
   37.   37.   37.   37.   37.   37.   37.   37.   37.   37.   37.   37.
   37.   37.   37.   37.   37.   37.   37.  902. 1405. 1405. 1405.  902.
   37.   37. 
   37.   37.   37.   37.   37.  902. 1405. 1405.  902.  902.   37.   37.
   37.   37.   37.  902. 1405. 1405. 1405.  902.  902.  902.  902.   37.
   37.   37. 
   37.   37.   37.   37.   37.   37.  902.  902. 1405. 1405.  902.   37.
   37.   37.   37.   37.   37.   37.   37.   37.   37.   37.   37.   37.
   37.   37. 
   37.   37.   37.   37.  902. 1405. 1405. 1405.  902.   37.   37.   37.
   37.   37.   37.   37.   37.  902. 1405. 1405.  902.  902.  902.  902.
   37.   37. 
   37.  902.  902. 1405. 1405. 1405. 1405. 1405.  902.  902.   37.   37.
   37.   37.   37.   37.   37.   37.   37.  902. 1405. 1405.  902.  902.
   37.   37. 
   37.   37.   37.   37.   37.   37.   37.   37.   37.   37.   37.   37.
   37.   37.   37.   37.  902. 1405. 1405. 1405.  902.   37.   37.   37.
   37.   37. 
   37.   37.   37.  902.  902. 1405. 1405. 1405.  902.  902.  902.  902.
   37.   37.  902.  902. 1405. 1405. 1405. 1405. 1405.  902.  902.   37.
   37.   37. 
   37.   37.   37.   37.   37.   37. 1405. 1405.  902.  902.   37.   37.
   37.   37.   37.   37.   37.   37.   37.   37.   37.   37.   37.   37.
   37.   37. 
   37.   37.  902. 1405. 1405. 1405.  902.   37.   37.   37.   37.   37.
   37.   37.   37.   37.  902.  902. 1405. 1405. 1405. 1405. 1405.  902.
  902.   37. 
   37.  902.  902.  902.  902. 1405. 1405. 1405.  902.   37.   37.   37.
   37.   37.   37.   37.   37.   37. 1405. 1405. 1405.  902.   37.   37.
   37.   37. 
   37.   37.   37.   37.   37.   37.   37.   37.   37.   37.   37.   37.
   37.   37.  902. 1405. 1405.  902.  902.  902.   37.   37.   37.   37.
   37.   37. 
   37.   37.   37.  902.  902. 1405. 1405. 1405. 1405. 1405.  902.  902.
   37.   37.   37.   37.  902.  902. 1405. 1405.  902.  902.   37.   37.
   37.   37. 
   37.   37.   37.   37. 1405. 1405. 1405.  902.  902.   37.   37.   37.
   37.   37.   37.   37.   37.   37.   37.   37.   37.   37.   37.   37.
   37.   37. 
  902. 1405. 1405. 1405. 1405.  902.  902.   37.   37.   37.   37.   37.
   37.   37.   37.   37.  902.  902.  902.  902. 1405. 1405. 1405.  902.
   37.   37. 
   37.   37.   37.  902. 1405. 1405. 1405.  902.   37.   37.   37.   37.
   37.   37.   37.   37.  902. 1405. 1405.  902.  902.   37.   37.   37.
   37.   37. 
   37.   37.   37.   37.   37.   37.   37.   37.   37.   37.   37.   37.
  902. 1405. 1405. 1405. 1405. 1405. 1405.  902.   37.   37.   37.   37.
   37.   37. 
   37.   37.   37.   37.   37.  902.  902. 1405. 1405.  902.  902.   37.
   37.   37.   37.  902. 1405. 1405. 1405.  902.   37.   37.   37.   37.
   37.   37. 
   37.   37.  902. 1405. 1405. 1405.  902.  902.  902.  902.  902.   37.
   37.   37.   37.   37.   37.   37.   37.   37.   37.   37.   37.   37.
   37.  902. 
  902. 1405. 1405. 1405. 1405.  902.  902.   37.   37.   37.   37.   37.
   37.   37.   37.   37.   37.   37.  902. 1405. 1405. 1405.  902.   37.
   37.   37. 
   37.  902. 1405. 1405. 1405.  902.   37.   37.   37.   37.   37.   37.
   37.   37.  902.  902. 1405. 1405. 1405. 1405.  902.  902.  902.  902.
  902.   37. 
   37.   37.   37.   37.   37.   37.   37.   37.   37.   37.   37.   37.
  902.  902.  902. 1405. 1405. 1405.  902.   37.   37.   37.   37.   37.
   37.   37. 
   37.   37.   37.   37.  902. 1405. 1405. 1405.  902.   37.   37.   37.
   37.  902. 1405. 1405. 1405.  902.   37.   37.   37.   37.   37.   37.
   37.   37. 
  902.  902. 1405. 1405. 1405. 1405. 1405. 1405. 1405. 1405.  902.  902.
   37.   37.   37.   37.   37.   37.   37.   37.   37.   37.   37.   37.
   37.   37. 
  902. 1405. 1405. 1405.  902.   37.   37.   37.   37.   37.   37.   37.
   37.   37.   37.   37.  902.  902. 1405. 1405.  902.  902.   37.   37.
   37.  902. 
 1405. 1405.  902.   37.   37.   37.   37.   37.   37.   37.   37.   37.
   37.  902.  902.  902. 1405. 1405. 1405. 1405. 1405. 1405. 1405.  902.
   37.   37. 
   37.   37.   37.   37.   37.   37.   37.   37.   37.   37.   37.   37.
  902. 1405. 1405. 1405.  902.   37.   37.   37.   37.   37.   37.   37.
   37.   37. 
   37.   37.   37.  902. 1405. 1405. 1405.  902.   37.   37.   37.  902.
 1405. 1405.  902.  902.  902.   37.  902.  902.   37.   37.   37.   37.
   37.   37. 
  902.  902.  902.  902.  902.  902. 1405. 1405. 1405.  902.  902.   37.
   37.   37.   37.   37.   37.   37.   37.   37.   37.   37.   37.  902.
 1405. 1405. 
 1405. 1405.  902.   37.   37.   37.   37.   37.   37.   37.   37.   37.
   37.   37.   37.  902.  902. 1405. 1405.  902.  902.  902.   37.  902.
 1405. 1405. 
 1405. 1405. 1405.  902. 1405. 1405.  902.  902.   37.   37.   37.   37.
   37.   37.   37.  902.  902.  902. 1405. 1405. 1405.  902.  902.   37.
   37.   37. 
   37.   37.   37.   37.   37.   37.   37.   37.   37.  902. 1405. 1405.
 1405.  902.   37.   37.   37.   37.   37.   37.   37.   37.   37.   37.
   37.   37. 
   37.  902.  902. 1405. 1405. 1405.  902.  902.  902.  902.  902. 1405.
 1405. 1405. 1405. 1405. 1405. 1405. 1405. 1405.  902.   37.   37.   37.
   37.   37. 
   37.   37.  902.  902. 1405. 1405. 1405.  902.  902.   37.   37.   37.
   37.   37.   37.   37.   37.   37.   37.   37.  902. 1405. 1405. 1405.
  902.   37. 
   37.   37.   37.   37.   37.   37.   37.   37.   37.   37.   37.   37.
   37.   37.  902. 1405. 1405. 1405. 1405. 1405.  902.  902.  902.  902.
  902. 1405. 
  902. 1405.  902. 1405. 1405. 1405. 1405.  902.   37.   37.   37.   37.
   37.   37.  902.  902. 1405. 1405. 1405.  902.   37.   37.   37.   37.
   37.   37. 
   37.   37.   37.   37.   37.   37.  902. 1405. 1405. 1405.  902.   37.
   37.   37.   37.   37.   37.   37.   37.   37.   37.   37.   37.   37.
   37.   37. 
  902.  902.  902. 1405. 1405. 1405. 1405.  902.  902.   37.  902.  902.
   37.  902.  902.  902. 1405. 1405. 1405.  902.   37.   37.   37.   37.
   37.   37. 
  902.  902. 1405. 1405. 1405.  902.  902.  902.   37.   37.   37.   37.
   37.   37.   37.   37.   37.   37.  902. 1405. 1405. 1405.  902.   37.
   37.   37. 
   37.   37.   37.   37.   37.   37.   37.   37.   37.   37.   37.   37.
   37.  902.  902.  902. 1405. 1405. 1405. 1405.  902.  902.   37.   37.
   37.   37. 
   37.   37.  902. 1405. 1405. 1405.   37.   37.   37.   37.   37.   37.
  902.  902. 1405. 1405. 1405. 1405. 1405.  902.  902.   37.   37.   37.
   37.   37. 
   37.   37.   37.   37.   37.  902. 1405. 1405. 1405.  902.  902.   37.
   37.   37.   37.   37.   37.   37.   37.   37.   37.   37.   37.   37.
   37.   37. 
   37.  902.  902. 1405. 1405. 1405.  902.  902.   37.   37.   37.   37.
   37.   37.  902. 1405. 1405. 1405.   37.   37.   37.   37.   37.   37.
   37.  902. 
  902. 1405. 1405. 1405. 1405. 1405.  902.  902.   37.   37.   37.   37.
   37.   37.   37.   37.   37.  902.  902. 1405. 1405. 1405.  902.  902.
   37.   37. 
   37.   37.   37.   37.   37.   37.   37.   37.   37.   37.   37.   37.
   37.  902.  902. 1405. 1405. 1405.  902.  902.   37.   37.   37.   37.
   37.   37. 
  902. 1405. 1405. 1405.   37.   37.   37.   37.   37.   37.   37.   37.
  902.  902. 1405. 1405. 1405. 1405. 1405.  902.  902.   37.   37.   37.
   37.   37. 
   37.   37.   37.   37.  902.  902. 1405. 1405. 1405.  902.  902.   37.
   37.   37.   37.   37.   37.   37.   37.   37.   37.   37.   37.   37.
  902.  902. 
 1405. 1405. 1405. 1405.  902.   37.   37.   37.   37.   37.   37.   37.
  902. 1405. 1405. 1405.   37.   37.   37.   37.   37.   37.   37.   37.
   37.  902. 
  902.  902. 1405. 1405. 1405.  902.  902.   37.   37.   37.   37.   37.
   37.   37.   37.   37.   37.  902.  902. 1405. 1405. 1405.  902.   37.
   37.   37. 
   37.   37.   37.   37.   37.   37.   37.   37.   37.   37.  902. 1405.
 1405. 1405. 1405.  902.  902.   37.   37.   37.   37.   37.   37.   37.
  902. 1405. 
 1405.  902.   37.   37.   37.   37.   37.   37.   37.   37.   37.   37.
   37.  902. 1405. 1405. 1405.  902.  902.   37.   37.   37.   37.   37.
   37.   37. 
   37.   37.   37.   37.  902. 1405. 1405. 1405.  902.   37.   37.   37.
   37.   37.   37.   37.   37.   37.   37.   37.   37.   37.  902. 1405.
 1405. 1405. 
  902.  902.   37.   37.   37.   37.   37.   37.   37.   37.  902. 1405.
 1405. 1405. 
/