PERMI
 11. 11. 11. 11. 11. 11. 11. 11. 11. 11. 11. 11. 11. 11. 11. 11. 11. 11.
 11. 11. 11. 11. 11. 11. 11. 11. 
 11. 11. 11. 11. 11. 11. 11. 11. 11. 11. 11. 11. 11. 11. 11. 11. 11. 11.
 11. 11. 11. 11. 11. 11. 11. 11. 
   11. 1006. 1006. 1006. 1006. 1006. 1006.   11.   11.   11.   11.   11.
   11.   11.   11.   11.   11.   11.   11.   11.   11.   11.   11.   11.
   11.   11. 
 11. 11. 11. 11. 11. 11. 11. 11. 11. 11. 11. 11. 11. 11. 11. 11. 11. 11.
 11. 11. 11. 11. 11. 11. 11. 11. 
   11.   11.   11.   11.   11.   11.   11.   11.   11.   11.   11. 1006.
 1006. 1006. 1424. 1424. 1424. 1424. 1006. 1006.   11.   11.   11.   11.
   11.   11. 
 11. 11. 11. 11. 11. 11. 11. 11. 11. 11. 11. 11. 11. 11. 11. 11. 11. 11.
 11. 11. 11. 11. 11. 11. 11. 11. 
   11.   11.   11.   11.   11.   11.   11.   11.   11.   11.   11. 1006.
 1006. 1006. 1006. 1006. 1006. 1006. 1006.   11.   11.   11. 1006. 1006.
 1424. 1424. 
 1424. 1424. 1424. 1424. 1424. 1006. 1006. 1006.   11.   11.   11.   11.
   11.   11.   11.   11.   11.   11.   11.   11.   11.   11.   11.   11.
   11.   11. 
   11.   11.   11.   11.   11.   11.   11.   11.   11.   11.   11.   11.
   11.   11.   11.   11.   11.   11.   11.   11.   11.   11. 1006. 1006.
 1006. 1424. 
 1424. 1424. 1424. 1006. 1006. 1006. 1006. 1006. 1006. 1424. 1424. 1424.
 1424. 1424. 1424. 1424. 1424. 1424. 1006. 1006.   11.   11.   11.   11.
   11.   11. 
 11. 11. 11. 11. 11. 11. 11. 11. 11. 11. 11. 11. 11. 11. 11. 11. 11. 11.
 11. 11. 11. 11. 11. 11. 11. 11. 
   11.   11.   11.   11.   11.   11. 1006. 1006. 1006. 1424. 1424. 1424.
 1424. 1424. 1424. 1424. 1424. 1424. 1006. 1006. 1424. 1424. 1424. 1424.
 1424. 1006. 
 1006. 1424. 1424. 1424. 1424. 1006. 1006. 1006.   11.   11.   11.   11.
   11.   11.   11.   11.   11.   11.   11.   11.   11.   11.   11.   11.
   11.   11. 
   11.   11.   11.   11.   11.   11.   11.   11.   11.   11.   11.   11.
   11.   11.   11.   11.   11.   11. 1006. 1006. 1424. 1424. 1424. 1424.
 1424. 1424. 
 1424. 1424. 1424. 1424. 1424. 1424. 1424. 1424. 1424. 1006. 1006. 1006.
 1006. 1006. 1424. 1424. 1424. 1006. 1006. 1006.   11.   11.   11.   11.
   11.   11. 
   11.   11.   11.   11.   11.   11.   11.   11.   11.   11.   11.   11.
   11.   11.   11.   11.   11.   11. 1006. 1006. 1006. 1006. 1006. 1006.
   11.   11. 
   11.   11.   11. 1006. 1006. 1424. 1424. 1424. 1006. 1006. 1006. 1006.
 1424. 1424. 1424. 1424. 1424. 1424. 1424. 1424. 1006. 1006.   11.   11.
   11. 1006. 
 1424. 1424. 1424. 1424. 1424. 1424.   11.   11.   11.   11.   11.   11.
   11.   11.   11.   11.   11.   11.   11.   11.   11.   11.   11.   11.
   11.   11. 
   11.   11.   11. 1006. 1006. 1006. 1424. 1424. 1006. 1006. 1006. 1006.
   11.   11.   11. 1006. 1424. 1424. 1424. 1424. 1006. 1006. 1006. 1006.
 1006. 1006. 
 1424. 1424. 1424. 1424. 1424. 1006. 1006. 1006.   11.   11.   11. 1006.
 1006. 1424. 1424. 1424. 1424. 1424. 1006. 1006. 1006. 1006. 1006. 1006.
   11.   11. 
   11.   11.   11.   11.   11.   11.   11.   11.   11.   11.   11.   11.
   11.   11. 1006. 1006. 1424. 1424. 1424. 1424. 1424. 1424. 1424. 1006.
 1006.   11. 
 1006. 1006. 1424. 1424. 1424. 1006. 1006.   11.   11.   11. 1006. 1006.
 1006. 1006. 1006. 1006. 1006. 1006. 1006.   11.   11.   11.   11. 1006.
 1006. 1424. 
 1424. 1424. 1424. 1424. 1006. 1006. 1424. 1006. 1006. 1006. 1006. 1006.
   11.   11.   11.   11.   11.   11.   11.   11.   11.   11.   11.   11.
   11. 1006. 
 1006. 1424. 1424. 1424. 1424. 1424. 1424. 1424. 1424. 1424. 1006. 1006.
 1006. 1424. 1424. 1424. 1006. 1006.   11.   11.   11.   11.   11.   11.
 1006. 1006. 
 1006. 1006. 1006.   11.   11.   11.   11.   11.   11.   11. 1006. 1006.
 1006. 1424. 1424. 1424. 1424. 1424. 1424. 1424. 1424. 1424. 1424. 1006.
 1006. 1006. 
   11.   11.   11.   11.   11.   11.   11.   11.   11.   11. 1006. 1006.
 1424. 1424. 1424. 1424. 1006. 1006. 1424. 1424. 1424. 1424. 1424. 1006.
 1424. 1424. 
 1424. 1424. 1006. 1006.   11.   11.   11.   11.   11.   11.   11.   11.
   11.   11.   11.   11.   11.   11.   11.   11.   11.   11.   11. 1006.
 1006. 1006. 
 1006. 1006. 1424. 1424. 1424. 1424. 1424. 1424. 1424. 1424. 1424. 1006.
 1006. 1006.   11.   11.   11.   11.   11.   11.   11.   11. 1006. 1424.
 1424. 1424. 
 1424. 1006. 1006. 1006. 1006. 1006. 1424. 1424. 1424. 1424. 1424. 1424.
 1424. 1006. 1006.   11.   11.   11.   11.   11.   11.   11.   11.   11.
   11.   11. 
   11.   11.   11.   11.   11.   11.   11.   11.   11.   11.   11.   11.
 1006. 1006. 1424. 1424. 1424. 1424. 1424. 1424. 1424. 1424. 1424. 1424.
 1424. 1006. 
 1006.   11.   11. 1006. 1006. 1006. 1006. 1006. 1006. 1424. 1424. 1424.
 1006. 1006.   11.   11.   11. 1006. 1006. 1424. 1424. 1424. 1424. 1424.
 1424. 1006. 
 1006. 1006. 1006. 1006. 1006.   11.   11.   11.   11.   11.   11.   11.
   11.   11.   11.   11.   11.   11.   11.   11.   11.   11.   11. 1006.
 1006. 1424. 
 1006. 1006. 1006. 1006. 1006. 1006. 1424. 1424. 1424. 1424. 1424. 1424.
 1006. 1006. 1006. 1006. 1006. 1006. 1006. 1006. 1424. 1424. 1424. 1006.
 1006. 1006. 
 1006. 1006.   11.   11. 1006. 1006. 1006. 1006. 1006. 1006. 1006. 1006.
 1006. 1424. 1424. 1006. 1006. 1006.   11.   11.   11.   11. 1006. 1006.
 1006. 1006. 
 1006. 1006.   11.   11.   11.   11.   11.   11. 1006. 1006. 1424. 1424.
   11.   11.   11.   11.   11. 1006. 1006. 1006. 1424. 1424. 1006. 1006.
 1006. 1006. 
 1006. 1006. 1006. 1006. 1006. 1006. 1424. 1424. 1424. 1006. 1006. 1424.
 1424. 1006. 1006.   11.   11.   11.   11. 1006. 1006. 1006. 1006. 1006.
 1424. 1424. 
 1424. 1424. 1424. 1006. 1006.   11.   11. 1006. 1006. 1424. 1424. 1424.
 1424. 1006. 1006. 1006.   11.   11. 1006. 1006. 1006. 1424. 1006. 1006.
   11.   11. 
   11.   11.   11.   11.   11. 1006. 1006. 1006. 1006. 1006. 1006. 1006.
 1006. 1006. 1006. 1424. 1424. 1424. 1424. 1424. 1006. 1006. 1424. 1424.
 1424. 1424. 
 1006. 1006.   11.   11.   11.   11.   11. 1006. 1006. 1006. 1424. 1424.
 1424. 1424. 1424. 1424. 1006. 1006. 1006. 1006. 1424. 1424. 1006. 1006.
 1006. 1006. 
 1006. 1006. 1006. 1006. 1006. 1006. 1424. 1424. 1006. 1424.   11.   11.
   11.   11.   11.   11. 1006. 1006. 1424. 1424. 1424. 1424. 1424. 1424.
 1424. 1424. 
 1424. 1424. 1424. 1424. 1424. 1424. 1006. 1006. 1424. 1424. 1424. 1424.
 1424. 1006. 1006.   11. 1006. 1006. 1006. 1006. 1006. 1006. 1006. 1006.
 1006. 1424. 
 1424. 1424. 1424. 1006. 1424. 1424. 1006. 1006. 1006. 1424. 1424. 1424.
 1424. 1006. 1006. 1006. 1424. 1424. 1424. 1006. 1006. 1424.   11.   11.
   11.   11. 
   11. 1006. 1006. 1424. 1424. 1424. 1424. 1424. 1424. 1424. 1424. 1424.
 1424. 1424. 1424. 1424. 1424. 1006. 1006. 1006. 1006. 1006. 1424. 1424.
 1424. 1424. 
 1006. 1006. 1006. 1006. 1424. 1424. 1424. 1424. 1424. 1006. 1006. 1006.
 1006. 1424. 1424. 1424. 1424. 1424. 1006. 1424. 1424. 1424. 1424. 1424.
 1424. 1424. 
 1424. 1006. 1006. 1424. 1006. 1006. 1424. 1424.   11.   11.   11. 1006.
 1006. 1006. 1424. 1424. 1424. 1424. 1424. 1006. 1006. 1006. 1424. 1424.
 1424. 1006. 
 1006. 1006. 1006. 1006.   11.   11.   11. 1006. 1006. 1006. 1424. 1424.
 1006. 1006. 1424. 1424. 1424. 1424. 1424. 1424. 1424. 1424. 1424. 1006.
 1006. 1006. 
 1006. 1424. 1424. 1006. 1006. 1424. 1424. 1424. 1424. 1424. 1424. 1424.
 1424. 1006. 1006. 1006. 1006. 1424. 1424. 1424. 1006. 1006. 1006. 1006.
 1006. 1424. 
 1424. 1424. 1424. 1006. 1006. 1006. 1006. 1006. 1006. 1006. 1006. 1006.
 1006. 1006.   11.   11.   11.   11.   11.   11.   11. 1006. 1006. 1006.
 1006. 1424. 
 1424. 1424. 1424. 1424. 1424. 1424. 1424. 1424. 1424. 1424. 1424. 1424.
 1006. 1006. 1006. 1006. 1424. 1424. 1424. 1424. 1006. 1006. 1006. 1424.
 1424. 1424. 
 1424. 1424. 1424. 1424. 1424. 1424. 1006. 1006. 1006. 1424. 1424. 1424.
 1424. 1424. 1006. 1006.   11.   11.   11.   11.   11.   11.   11.   11.
   11.   11. 
   11.   11.   11.   11.   11.   11.   11. 1006. 1006. 1006. 1424. 1424.
 1424. 1424. 1424. 1006. 1006. 1006. 1424. 1424. 1424. 1424. 1424. 1424.
 1424. 1424. 
 1424. 1424. 1424. 1424. 1424. 1006. 1006. 1006. 1006. 1424. 1424. 1424.
 1424. 1424. 1424. 1424. 1424. 1006. 1424. 1424. 1424. 1424. 1424. 1424.
 1006. 1006. 
 1006.   11.   11.   11.   11.   11.   11.   11.   11. 1006. 1006. 1006.
 1006. 1006.   11.   11.   11.   11.   11.   11. 1006. 1006. 1424. 1424.
 1424. 1424. 
 1006. 1006. 1006. 1006. 1006. 1006. 1006. 1424. 1424. 1424. 1424. 1424.
 1424. 1424. 1424. 1424. 1006. 1006.   11.   11. 1006. 1006. 1424. 1424.
 1424. 1424. 
 1424. 1424. 1424. 1006. 1424. 1424. 1424. 1424. 1424. 1006. 1006. 1006.
 1006. 1006.   11.   11.   11.   11.   11. 1006. 1006. 1006. 1424. 1424.
 1424. 1006. 
 1006.   11.   11.   11.   11. 1006. 1006. 1424. 1424. 1424. 1424. 1006.
 1006. 1006.   11.   11.   11. 1006. 1006. 1006. 1006. 1424. 1424. 1424.
 1424. 1424. 
 1424. 1006. 1006.   11.   11.   11.   11. 1006. 1006. 1006. 1424. 1424.
 1424. 1006. 1006. 1006. 1424. 1424. 1424. 1424. 1006. 1006. 1006. 1006.
 1006. 1006. 
 1006. 1006.   11. 1006. 1006. 1006. 1424. 1424. 1424. 1424. 1006. 1006.
 1006. 1006. 1006. 1006.   11. 1006. 1424. 1424. 1424. 1424. 1006. 1006.
   11.   11. 
   11.   11.   11.   11.   11.   11. 1006. 1006. 1006. 1006. 1006. 1006.
 1006. 1006.   11.   11.   11.   11.   11.   11. 1006. 1006. 1006. 1006.
 1006. 1006. 
   11.   11. 1006. 1006. 1006. 1006. 1006. 1006. 1424. 1424. 1424. 1424.
 1006. 1006. 1006. 1006. 1424. 1424. 1424. 1424. 1006. 1006. 1006. 1006.
 1006. 1006. 
 1006. 1006. 1006. 1006. 1424. 1424. 1424. 1424. 1006. 1006.   11.   11.
   11.   11.   11.   11.   11.   11.   11.   11.   11. 1006.   11.   11.
   11.   11. 
   11.   11.   11.   11.   11.   11.   11.   11.   11.   11.   11.   11.
   11.   11. 1006. 1006. 1006. 1006. 1006. 1424. 1424. 1424. 1424. 1424.
 1424. 1424. 
 1006. 1006. 1424. 1424. 1424. 1006. 1006. 1006. 1424. 1424. 1424. 1424.
 1424. 1006. 1006. 1006. 1424. 1424. 1424. 1424. 1006.   11.   11.   11.
   11.   11. 
 11. 11. 11. 11. 11. 11. 11. 11. 11. 11. 11. 11. 11. 11. 11. 11. 11. 11.
 11. 11. 11. 11. 11. 11. 11. 11. 
   11.   11. 1006. 1006. 1424. 1424. 1424. 1424. 1424. 1424. 1424. 1424.
 1424. 1006. 1006. 1424. 1006. 1006. 1006. 1424. 1424. 1424. 1424. 1424.
 1424. 1424. 
 1006. 1006. 1006. 1424. 1424. 1006. 1006.   11.   11.   11.   11.   11.
   11.   11.   11.   11.   11.   11.   11.   11.   11.   11.   11.   11.
   11.   11. 
   11.   11.   11.   11.   11.   11.   11.   11.   11.   11.   11.   11.
   11. 1006. 1006. 1424. 1424. 1424. 1424. 1006. 1006. 1006. 1424. 1424.
 1424. 1424. 
 1006. 1006. 1006. 1006. 1424. 1424. 1424. 1424. 1424. 1424. 1424. 1424.
 1424. 1006. 1006. 1424. 1006. 1006.   11.   11.   11.   11. 1006. 1006.
 1006. 1006. 
 1006. 1006.   11.   11.   11.   11.   11.   11.   11.   11.   11.   11.
   11.   11.   11.   11.   11.   11.   11.   11.   11.   11.   11.   11.
 1006. 1006. 
 1424. 1424. 1424. 1424. 1006. 1006. 1006. 1006. 1006. 1424. 1424. 1424.
 1006. 1006. 1006. 1424. 1424. 1424. 1424. 1424. 1006. 1424. 1424. 1424.
 1424. 1424. 
 1006. 1006. 1006.   11.   11.   11.   11. 1006. 1006. 1006. 1006. 1006.
 1006. 1006. 1006. 1006.   11.   11.   11.   11.   11.   11.   11.   11.
   11.   11. 
   11.   11.   11.   11.   11.   11.   11.   11.   11.   11. 1006. 1006.
 1424. 1424. 1424. 1006. 1006. 1006. 1424. 1006. 1006. 1006. 1424. 1424.
 1424. 1424. 
 1424. 1424. 1424. 1424. 1006. 1006. 1006. 1006. 1424. 1424. 1424. 1424.
 1006. 1006.   11.   11.   11. 1006. 1006. 1006. 1424. 1424. 1424. 1424.
 1424. 1424. 
 1006. 1006. 1006.   11.   11.   11.   11.   11.   11.   11.   11.   11.
   11.   11.   11.   11.   11.   11.   11.   11.   11.   11. 1006. 1424.
 1424. 1424. 
 1006. 1006. 1006. 1424. 1424. 1424. 1006. 1006. 1424. 1424. 1424. 1424.
 1424. 1424. 1424. 1006. 1006. 1006.   11. 1006. 1424. 1424. 1424. 1424.
 1006. 1006. 
   11.   11. 1006. 1006. 1006. 1424. 1424. 1424. 1424. 1424. 1424. 1424.
 1424. 1006. 1006. 1006.   11.   11.   11.   11.   11.   11.   11.   11.
 1006. 1006. 
 1006. 1006. 1006. 1006. 1006.   11.   11.   11. 1424. 1424. 1424. 1424.
 1006. 1006. 1424. 1424. 1424. 1006. 1006. 1006. 1006. 1424. 1424. 1424.
 1424. 1424. 
 1006. 1006. 1006.   11.   11. 1006. 1006. 1424. 1424. 1424. 1424. 1006.
 1006. 1006. 1006. 1424. 1424. 1424. 1424. 1424. 1424. 1424. 1424. 1424.
 1424. 1424. 
 1006. 1006. 1006. 1006.   11.   11. 1006. 1006. 1006. 1006. 1006. 1006.
 1424. 1424. 1424. 1424. 1006. 1006. 1006. 1006. 1424. 1424. 1424. 1424.
 1006. 1006. 
 1006. 1006. 1006. 1006. 1006. 1006. 1006. 1006. 1006. 1006. 1006. 1006.
 1006. 1006.   11.   11.   11. 1006. 1006. 1424. 1424. 1424. 1424. 1424.
 1006. 1006. 
 1006. 1424. 1424. 1424. 1006. 1006. 1006. 1006. 1006. 1424. 1424. 1424.
 1424. 1006. 1006. 1006. 1006. 1006. 1006. 1006. 1006. 1006. 1424. 1424.
 1424. 1424. 
 1424. 1424. 1006. 1006. 1006. 1006. 1424. 1424. 1006. 1006. 1006. 1006.
   11.   11.   11.   11.   11.   11.   11. 1006. 1006. 1006. 1006. 1006.
   11.   11. 
   11.   11.   11.   11. 1006. 1006. 1006. 1424. 1424. 1424. 1424. 1424.
 1424. 1424. 1424. 1424. 1006. 1006.   11. 1006. 1006. 1006. 1424. 1424.
 1006. 1006. 
 1006. 1424. 1424. 1424. 1424. 1424. 1424. 1424. 1424. 1424. 1424. 1424.
 1424. 1006. 1006. 1006. 1424. 1424. 1424. 1424. 1006. 1006. 1006.   11.
 1006. 1006. 
 1006. 1006. 1006. 1006.   11.   11.   11.   11.   11.   11.   11.   11.
   11.   11.   11.   11.   11. 1006. 1006. 1424. 1424. 1424. 1424. 1424.
 1424. 1424. 
 1006. 1006. 1006.   11.   11.   11. 1006. 1006. 1006. 1006. 1006. 1006.
 1006. 1006. 1006. 1006. 1006. 1424. 1424. 1424. 1424. 1006. 1006. 1006.
 1006. 1006. 
 1424. 1424. 1424. 1424. 1006. 1006. 1006.   11. 1006. 1006. 1006. 1424.
 1424. 1424. 1424. 1424. 1006. 1006.   11.   11.   11.   11.   11.   11.
   11.   11. 
   11.   11.   11.   11. 1006. 1006. 1006. 1424. 1424. 1424. 1424. 1006.
 1006. 1006.   11.   11.   11.   11.   11. 1006. 1006. 1006. 1424. 1424.
 1424. 1424. 
 1006. 1006. 1006. 1006. 1424. 1006. 1006. 1006. 1006. 1006. 1006. 1006.
 1424. 1424. 1424. 1006. 1006. 1006. 1006. 1006. 1424. 1424. 1424. 1424.
 1424. 1424. 
 1424. 1424. 1424. 1006. 1006.   11.   11.   11.   11.   11.   11.   11.
   11.   11. 1006. 1006. 1006. 1006. 1006. 1006. 1006. 1006. 1006. 1006.
 1006.   11. 
   11.   11.   11.   11. 1006. 1006. 1006. 1424. 1424. 1424. 1424. 1424.
 1424. 1424. 1006. 1006. 1006. 1006. 1006.   11.   11. 1006. 1424. 1424.
 1424. 1424. 
 1006. 1006. 1424. 1424. 1424. 1424. 1424. 1424. 1424. 1424. 1424. 1424.
 1424. 1424. 1424. 1424. 1424. 1006.   11.   11.   11.   11.   11.   11.
   11. 1006. 
 1424. 1424. 1424. 1424. 1006. 1006. 1006. 1006. 1006. 1006.   11.   11.
   11.   11.   11.   11. 1006. 1006. 1424. 1424. 1424. 1424. 1424. 1424.
 1424. 1424. 
 1424. 1424. 1006. 1006.   11. 1006. 1006. 1006. 1424. 1424. 1424. 1006.
 1006. 1006. 1424. 1424. 1424. 1424. 1424. 1424. 1424. 1424. 1424. 1006.
 1424. 1424. 
 1424. 1424. 1424. 1424. 1006.   11.   11.   11.   11.   11. 1006. 1006.
 1424. 1424. 1424. 1424. 1424. 1424. 1424. 1424. 1006.   11.   11.   11.
   11.   11. 
   11.   11. 1006. 1424. 1424. 1424. 1424. 1006. 1006. 1006. 1006. 1424.
 1424. 1424. 1424. 1006. 1006. 1006. 1006. 1424. 1424. 1424. 1424. 1006.
 1006. 1006. 
 1424. 1424. 1424. 1424. 1424. 1424. 1006. 1006. 1006. 1006. 1006. 1006.
 1424. 1424. 1424. 1424. 1006. 1006.   11.   11.   11. 1006. 1006. 1424.
 1424. 1424. 
 1424. 1424. 1424. 1424. 1424. 1424. 1006. 1006.   11.   11.   11.   11.
   11. 1006. 1006. 1424. 1424. 1424. 1006. 1006. 1006. 1006. 1006. 1006.
 1424. 1424. 
 1424. 1424. 1424. 1006. 1424. 1424. 1424. 1006. 1006. 1006. 1006.   11.
 1006. 1006. 1006. 1006. 1006. 1006.   11.   11.   11.   11.   11.   11.
 1006. 1424. 
 1424. 1424. 1424. 1424. 1006. 1006. 1006. 1424. 1424. 1424. 1424. 1424.
 1006. 1006. 1006. 1006. 1006. 1006. 1006. 1006. 1006. 1006.   11.   11.
   11. 1006. 
 1424. 1424. 1424. 1006. 1006. 1424. 1006.   11. 1006. 1006. 1006. 1424.
 1424. 1424. 1424. 1424. 1424. 1424. 1424. 1006. 1424. 1006.   11.   11.
   11.   11. 
   11.   11.   11.   11.   11.   11.   11.   11.   11.   11.   11. 1006.
 1424. 1424. 1424. 1424. 1424. 1424. 1424. 1424. 1424. 1424. 1424. 1006.
 1006. 1006. 
 1424. 1424. 1424. 1424. 1006. 1006. 1006. 1006. 1006.   11. 1006. 1006.
 1424. 1424. 1424. 1006. 1006. 1006.   11.   11.   11.   11. 1006. 1006.
 1424. 1424. 
 1424. 1424. 1424. 1006. 1006. 1006. 1006. 1006.   11.   11.   11.   11.
   11.   11.   11.   11.   11.   11.   11.   11.   11.   11.   11. 1006.
 1006. 1424. 
 1424. 1424. 1424. 1424. 1424. 1424. 1424. 1424. 1006. 1006. 1006. 1424.
 1424. 1424. 1424. 1424. 1424. 1006. 1006. 1006. 1424. 1006. 1006. 1006.
 1424. 1424. 
 1424. 1006. 1006.   11.   11.   11.   11.   11.   11. 1006. 1006. 1006.
 1006. 1006. 1006. 1006. 1006. 1006. 1006.   11.   11.   11.   11.   11.
   11.   11. 
   11.   11.   11.   11.   11.   11.   11.   11.   11.   11.   11. 1006.
 1006. 1006. 1424. 1424. 1424. 1424. 1424. 1006. 1006. 1006. 1424. 1424.
 1424. 1424. 
 1424. 1424. 1424. 1424. 1424. 1006. 1006. 1006. 1006. 1424. 1424. 1424.
 1424. 1006.   11.   11.   11.   11.   11.   11.   11.   11.   11. 1006.
 1006. 1006. 
 1006. 1006. 1006.   11.   11.   11.   11.   11.   11.   11.   11.   11.
   11.   11.   11.   11.   11.   11.   11.   11.   11. 1006. 1006. 1006.
 1006.   11. 
 1006. 1006. 1006. 1006. 1006.   11. 1006. 1424. 1424. 1424. 1424. 1006.
 1006. 1006. 1424. 1424. 1424. 1424. 1424. 1424. 1424. 1424. 1424. 1424.
 1006.   11. 
 11. 11. 11. 11. 11. 11. 11. 11. 11. 11. 11. 11. 11. 11. 11. 11. 11. 11.
 11. 11. 11. 11. 11. 11. 11. 11. 
   11.   11.   11.   11.   11.   11. 1006. 1006. 1424. 1006. 1006. 1006.
 1006. 1006.   11.   11.   11. 1006. 1006. 1424. 1424. 1424. 1006. 1006.
 1006. 1006. 
 1006. 1424. 1424. 1424. 1424. 1424. 1424. 1424. 1424. 1006. 1006.   11.
   11.   11.   11.   11.   11.   11.   11.   11.   11.   11.   11.   11.
   11.   11. 
   11.   11.   11.   11.   11.   11.   11.   11.   11.   11.   11.   11.
   11.   11.   11.   11.   11. 1006. 1006. 1424. 1424. 1424. 1424. 1424.
 1006. 1006. 
 1006. 1006. 1006. 1006. 1424. 1424. 1424. 1006. 1006.   11.   11. 1006.
 1006. 1006. 1424. 1424. 1424. 1424. 1424. 1424. 1006. 1006.   11.   11.
   11.   11. 
   11.   11.   11.   11.   11.   11.   11.   11.   11.   11.   11.   11.
   11.   11.   11.   11.   11.   11.   11. 1006. 1006. 1006. 1006.   11.
   11.   11. 
   11.   11.   11. 1006. 1424. 1424. 1424. 1424. 1424. 1424. 1424. 1424.
 1424. 1424. 1006. 1006. 1424. 1424. 1006. 1006.   11.   11.   11.   11.
   11. 1006. 
 1006. 1006. 1006. 1006. 1006. 1006. 1006.   11.   11.   11.   11.   11.
   11.   11.   11.   11.   11.   11.   11.   11.   11.   11.   11.   11.
   11.   11. 
   11.   11.   11.   11. 1006. 1006. 1006. 1006. 1006. 1006.   11.   11.
   11.   11. 1006. 1006. 1424. 1424. 1424. 1424. 1424. 1424. 1424. 1424.
 1424. 1424. 
 1424. 1424. 1424. 1424. 1006. 1006.   11.   11.   11.   11.   11.   11.
   11.   11.   11.   11.   11.   11.   11.   11.   11.   11.   11.   11.
   11.   11. 
   11.   11.   11.   11.   11.   11.   11.   11.   11.   11.   11.   11.
   11.   11.   11.   11. 1424. 1424. 1424. 1424. 1424. 1006. 1006. 1006.
   11.   11. 
 1006. 1006. 1424. 1424. 1424. 1006. 1006. 1006. 1006. 1006. 1424. 1424.
 1424. 1424. 1424. 1424. 1006.   11.   11.   11.   11.   11.   11.   11.
   11.   11. 
 11. 11. 11. 11. 11. 11. 11. 11. 11. 11. 11. 11. 11. 11. 11. 11. 11. 11.
 11. 11. 11. 11. 11. 11. 11. 11. 
   11.   11. 1424. 1424. 1424. 1424. 1424. 1424. 1006. 1006. 1006. 1006.
 1006. 1006. 1424. 1424. 1424. 1006. 1006. 1006. 1006. 1006. 1006. 1006.
 1424. 1424. 
 1424. 1006. 1006.   11.   11.   11.   11.   11.   11.   11.   11.   11.
   11.   11.   11.   11.   11.   11.   11.   11.   11.   11.   11.   11.
   11.   11. 
   11.   11.   11.   11.   11.   11.   11.   11.   11.   11.   11.   11.
   11.   11. 1424. 1424. 1424. 1424. 1424. 1424. 1424. 1424. 1006. 1006.
 1006. 1424. 
 1424. 1424. 1424. 1006. 1006.   11.   11.   11. 1006. 1006. 1006. 1006.
 1006. 1006.   11.   11.   11.   11.   11.   11.   11.   11.   11.   11.
   11.   11. 
 11. 11. 11. 11. 11. 11. 11. 11. 11. 11. 11. 11. 11. 11. 11. 11. 11. 11.
 11. 11. 11. 11. 11. 11. 11. 11. 
 1424. 1424. 1424. 1424. 1424. 1424. 1424. 1424. 1424. 1424. 1424. 1424.
 1424. 1424. 1006. 1006.   11.   11.   11.   11.   11.   11.   11. 1006.
   11.   11. 
 11. 11. 11. 11. 11. 11. 11. 11. 11. 11. 11. 11. 11. 11. 11. 11. 11. 11.
 11. 11. 11. 11. 11. 11. 11. 11. 
   11.   11.   11.   11.   11.   11.   11.   11.   11.   11.   11.   11.
 1006. 1006. 1006. 1006. 1006. 1424. 1424. 1424. 1424. 1424. 1424. 1424.
 1424. 1006. 
 1006. 1006.   11.   11.   11.   11.   11.   11.   11.   11.   11.   11.
   11.   11.   11.   11.   11.   11.   11.   11.   11.   11.   11.   11.
   11.   11. 
   11.   11.   11.   11.   11.   11.   11.   11.   11.   11.   11.   11.
   11.   11.   11.   11.   11.   11.   11.   11.   11.   11.   11.   11.
 1006.   11. 
   11. 1006. 1006. 1006. 1006. 1424. 1424. 1424. 1424. 1424. 1006. 1006.
 1006.   11.   11.   11.   11.   11.   11.   11.   11.   11.   11.   11.
   11.   11. 
 11. 11. 11. 11. 11. 11. 11. 11. 11. 11. 11. 11. 11. 11. 11. 11. 11. 11.
 11. 11. 11. 11. 11. 11. 11. 11. 
   11.   11.   11.   11.   11.   11.   11.   11.   11.   11. 1006.   11.
   11.   11.   11. 1006. 1006. 1006. 1006. 1006. 1006. 1006. 1006.   11.
   11.   11. 
 11. 11. 11. 11. 11. 11. 11. 11. 11. 11. 11. 11. 11. 11. 11. 11. 11. 11.
 11. 11. 11. 11. 11. 11. 11. 11. 
   11.   11.   11.   11.   11.   11.   11.   11.   11.   11.   11.   11.
   11.   11.   11.   11.   11.   11.   11.   11.   11.   11. 1006.   11.
   11.   11. 
   11.   11.   11.   11. 1006. 1006. 1006.   11.   11.   11.   11.   11.
   11.   11.   11.   11.   11.   11.   11.   11.   11.   11.   11.   11.
   11.   11. 
 11. 11. 11. 11. 11. 11. 11. 11. 11. 11. 11. 11. 11. 11. 11. 11. 11. 11.
 11. 11. 11. 11. 11. 11. 11. 11. 
 11. 11. 11. 11. 11. 11. 11. 11. 11. 11. 11. 11. 11. 11. 11. 11. 11. 11.
 11. 11. 11. 11. 11. 11. 11. 11. 
 11. 11. 11. 11. 11. 11. 11. 11. 11. 11. 11. 11. 11. 11. 11. 11. 11. 11.
 11. 11. 11. 11. 11. 11. 11. 11. 
 11. 11. 11. 11. 11. 11. 11. 11. 11. 11. 11. 11. 11. 11. 11. 11. 11. 11.
 11. 11. 11. 11. 11. 11. 11. 11. 
 11. 11. 11. 11. 11. 11. 11. 11. 11. 11. 11. 11. 11. 11. 11. 11. 11. 11.
 11. 11. 11. 11. 11. 11. 11. 11. 
 11. 11. 11. 11. 11. 11. 11. 11. 11. 11. 11. 11. 11. 11. 11. 11. 11. 11.
 11. 11. 11. 11. 11. 11. 11. 11. 
 11. 11. 11. 11. 11. 11. 11. 11. 11. 11. 11. 11. 11. 11. 11. 11. 11. 11.
 11. 11. 11. 11. 11. 11. 11. 11. 
 11. 11. 11. 11. 11. 11. 11. 11. 11. 11. 11. 11. 11. 11. 11. 11. 11. 11.
 11. 11. 11. 11. 11. 11. 11. 11. 
 11. 11. 11. 11. 11. 11. 11. 11. 11. 11. 11. 11. 11. 11. 11. 11. 11. 11.
 11. 11. 11. 11. 11. 11. 11. 11. 
 11. 11. 11. 11. 11. 11. 11. 11. 11. 11. 11. 11. 11. 11. 11. 11. 11. 11.
 11. 11. 11. 11. 11. 11. 11. 11. 
 11. 11. 11. 11. 11. 11. 11. 11. 11. 11. 11. 11. 11. 11. 11. 11. 11. 11.
 11. 11. 11. 11. 11. 11. 11. 11. 
 11. 11. 11. 11. 11. 11. 11. 11. 11. 11. 11. 11. 11. 11. 11. 11. 11. 11.
 11. 11. 11. 11. 11. 11. 11. 11. 
 11. 11. 11. 11. 11. 11. 11. 11. 11. 11. 11. 11. 11. 11. 11. 11. 11. 11.
 11. 11. 11. 11. 11. 11. 11. 11. 
 11. 11. 11. 11. 11. 11. 11. 11. 11. 11. 11. 11. 11. 11. 11. 11. 11. 11.
 11. 11. 11. 11. 11. 11. 11. 11. 
 11. 11. 11. 11. 11. 11. 11. 11. 11. 11. 11. 11. 11. 11. 11. 11. 11. 11.
 11. 11. 11. 11. 11. 11. 11. 11. 
 11. 11. 11. 11. 11. 11. 11. 11. 11. 11. 11. 11. 11. 11. 11. 11. 11. 11.
 11. 11. 11. 11. 11. 11. 11. 11. 
 11. 11. 11. 11. 11. 11. 11. 11. 11. 11. 11. 11. 11. 11. 11. 11. 11. 11.
 11. 11. 11. 11. 11. 11. 11. 11. 
 11. 11. 11. 11. 11. 11. 11. 11. 11. 11. 11. 11. 11. 11. 11. 11. 11. 11.
 11. 11. 11. 11. 11. 11. 11. 11. 
 11. 11. 11. 11. 11. 11. 11. 11. 11. 11. 11. 11. 11. 11. 
/