PERMI
   29.   29.   29.   29.   29.   29.   29.   29.   29.   29.   29. 1649.
 1649. 1649. 1649. 2573. 2573. 2573. 2573. 2573. 1649. 1649. 2573. 2573.
 2573. 2573. 
 1649. 2573. 2573. 2573. 1649. 1649. 1649. 1649.   29.   29.   29.   29.
   29.   29.   29.   29.   29.   29.   29.   29.   29.   29.   29.   29.
   29.   29. 
   29.   29.   29.   29.   29.   29.   29.   29. 1649. 1649. 2573. 2573.
   29.   29.   29.   29.   29.   29.   29.   29.   29.   29.   29. 1649.
 1649. 2573. 
 2573. 2573. 2573. 2573. 2573. 1649. 1649. 2573. 2573. 2573. 2573. 1649.
 1649. 1649. 1649. 1649. 1649. 1649. 1649.   29.   29.   29.   29.   29.
   29.   29. 
   29.   29.   29.   29.   29.   29.   29.   29.   29.   29.   29.   29.
   29.   29.   29.   29.   29.   29.   29. 1649. 1649. 2573. 2573. 2573.
   29.   29. 
   29.   29.   29.   29.   29.   29.   29.   29.   29. 1649. 2573. 2573.
 2573. 2573. 2573. 1649. 1649. 1649. 2573. 2573. 2573. 2573. 1649. 1649.
 2573. 2573. 
 1649. 1649.   29.   29.   29.   29.   29.   29.   29.   29.   29.   29.
   29.   29.   29.   29.   29.   29.   29.   29.   29.   29.   29.   29.
   29.   29. 
   29.   29.   29.   29.   29. 1649. 1649. 2573. 2573. 2573.   29.   29.
   29.   29.   29.   29.   29.   29.   29.   29. 1649. 1649. 2573. 2573.
 2573. 1649. 
 1649. 1649. 1649. 1649. 2573. 2573. 2573. 1649. 1649. 2573. 2573. 2573.
 2573. 1649. 1649. 1649.   29.   29.   29.   29.   29.   29.   29.   29.
   29.   29. 
   29.   29.   29.   29.   29.   29.   29.   29.   29.   29.   29.   29.
   29.   29.   29.   29.   29. 1649. 1649. 2573. 2573. 2573.   29.   29.
   29.   29. 
   29.   29.   29.   29.   29.   29. 1649. 2573. 2573. 2573. 1649. 1649.
 2573. 2573. 1649. 2573. 2573. 2573. 1649. 1649. 1649. 2573. 2573. 2573.
 2573. 2573. 
 1649. 1649. 1649. 1649.   29.   29.   29.   29.   29.   29.   29.   29.
   29.   29.   29.   29.   29.   29.   29.   29.   29.   29.   29.   29.
   29.   29. 
   29.   29.   29.   29. 1649. 2573. 2573. 2573.   29.   29.   29.   29.
   29.   29.   29.   29.   29.   29. 1649. 2573. 2573. 2573. 1649. 1649.
 1649. 2573. 
 1649. 2573. 2573. 2573. 1649. 1649. 1649. 1649. 2573. 2573. 2573. 2573.
 2573. 2573. 1649. 1649. 1649.   29.   29.   29.   29.   29.   29.   29.
   29.   29. 
   29.   29.   29.   29.   29.   29.   29.   29.   29.   29.   29.   29.
   29.   29.   29.   29. 1649. 1649. 2573. 2573.   29.   29.   29.   29.
   29.   29. 
   29.   29.   29.   29. 1649. 2573. 2573. 2573. 2573. 1649. 1649. 1649.
 1649. 2573. 2573. 2573. 2573. 1649. 1649. 1649. 1649. 1649. 2573. 2573.
 2573. 2573. 
 2573. 1649. 1649.   29.   29.   29.   29.   29.   29.   29.   29.   29.
   29.   29.   29.   29.   29.   29.   29.   29.   29.   29.   29.   29.
   29.   29. 
   29.   29. 1649. 1649. 2573. 2573.   29.   29.   29.   29.   29.   29.
   29.   29.   29.   29. 1649. 1649. 2573. 2573. 2573. 2573. 1649. 1649.
 1649. 1649. 
 2573. 2573. 2573. 2573. 1649. 1649. 1649. 1649. 1649. 1649. 2573. 2573.
 2573. 1649. 1649.   29.   29.   29.   29.   29.   29.   29.   29.   29.
   29.   29. 
   29.   29.   29.   29.   29.   29.   29.   29.   29.   29.   29.   29.
   29.   29.   29. 1649. 1649. 2573.   29.   29.   29.   29.   29.   29.
   29.   29. 
   29.   29.   29. 1649. 1649. 2573. 2573. 2573. 2573. 1649. 1649. 1649.
 1649. 2573. 2573. 2573. 2573. 1649. 1649. 1649. 1649. 1649. 2573. 2573.
 2573. 1649. 
 1649.   29.   29.   29.   29.   29.   29.   29.   29.   29.   29.   29.
   29.   29.   29.   29.   29.   29.   29.   29.   29.   29.   29.   29.
   29.   29. 
   29.   29. 1649. 1649.   29.   29.   29.   29.   29.   29.   29.   29.
   29.   29.   29.   29. 1649. 1649. 2573. 2573. 2573. 1649. 1649. 1649.
 1649. 1649. 
 2573. 2573. 2573. 2573. 1649. 1649. 1649. 1649. 2573. 2573. 2573. 1649.
 1649.   29.   29.   29.   29.   29.   29.   29.   29.   29.   29.   29.
   29.   29. 
   29.   29.   29.   29.   29.   29.   29.   29.   29.   29.   29.   29.
   29.   29. 1649. 1649.   29.   29.   29.   29.   29.   29.   29.   29.
   29.   29. 
 1649. 1649. 1649. 1649. 2573. 2573. 2573. 2573. 1649. 1649.   29. 1649.
 1649. 2573. 2573. 2573. 2573. 1649. 1649. 2573. 2573. 2573. 2573. 1649.
 1649.   29. 
   29.   29.   29.   29.   29.   29.   29.   29.   29.   29.   29.   29.
   29.   29.   29.   29.   29.   29.   29.   29.   29.   29.   29. 1649.
 1649. 1649. 
 1649. 2573.   29.   29.   29.   29.   29.   29.   29.   29.   29. 1649.
 1649. 2573. 2573. 1649. 1649. 2573. 2573. 2573. 1649. 1649.   29.   29.
 1649. 1649. 
 1649. 2573. 2573. 2573. 1649. 2573. 2573. 2573. 1649. 1649. 1649.   29.
   29.   29.   29.   29.   29.   29.   29.   29.   29.   29.   29.   29.
   29.   29. 
   29.   29.   29.   29.   29.   29.   29.   29. 1649. 1649. 2573. 2573.
 2573. 2573.   29.   29.   29.   29.   29.   29.   29.   29. 1649. 1649.
 2573. 2573. 
 2573. 2573. 1649. 2573. 2573. 2573. 2573. 1649.   29. 1649. 1649. 1649.
 2573. 2573. 2573. 1649. 1649. 2573. 1649. 1649. 1649. 1649.   29.   29.
   29.   29. 
   29.   29.   29.   29.   29.   29.   29.   29.   29.   29.   29.   29.
   29.   29.   29.   29.   29.   29.   29. 1649. 1649. 2573. 2573. 2573.
 2573. 2573. 
   29.   29.   29.   29.   29.   29.   29.   29. 1649. 1649. 2573. 2573.
 2573. 1649. 1649. 2573. 2573. 2573. 1649. 1649. 1649. 1649. 1649. 2573.
 2573. 2573. 
 2573. 1649. 1649. 1649. 1649. 1649.   29.   29.   29.   29.   29.   29.
   29.   29.   29.   29.   29.   29.   29.   29.   29.   29.   29.   29.
   29.   29. 
   29.   29.   29.   29.   29. 1649. 2573. 2573. 2573. 2573. 2573. 2573.
   29.   29.   29.   29.   29.   29.   29.   29. 1649. 2573. 2573. 2573.
 1649. 1649. 
 2573. 2573. 2573. 2573. 1649. 1649. 1649. 2573. 2573. 2573. 2573. 2573.
 1649. 1649. 1649. 1649. 1649.   29.   29.   29.   29.   29.   29.   29.
   29.   29. 
   29.   29.   29.   29.   29.   29.   29.   29.   29.   29.   29.   29.
   29.   29.   29.   29.   29. 1649. 2573. 2573. 2573. 2573. 1649. 1649.
   29.   29. 
   29.   29.   29.   29.   29.   29. 1649. 1649. 2573. 2573. 1649. 2573.
 2573. 2573. 2573. 1649. 1649. 1649. 1649. 2573. 2573. 2573. 2573. 1649.
 1649. 1649. 
 2573. 2573. 1649. 1649.   29.   29.   29.   29.   29.   29.   29.   29.
   29.   29.   29.   29.   29.   29.   29.   29.   29.   29.   29.   29.
   29.   29. 
   29.   29.   29. 1649. 1649. 2573. 2573. 2573. 1649. 1649.   29.   29.
   29.   29.   29.   29.   29.   29.   29. 1649. 2573. 1649. 1649. 2573.
 2573. 2573. 
 2573. 1649. 1649. 1649. 2573. 2573. 2573. 2573. 1649. 1649. 1649. 2573.
 2573. 2573. 2573. 1649. 1649.   29.   29.   29.   29.   29.   29.   29.
   29.   29. 
   29.   29.   29.   29.   29.   29.   29.   29.   29.   29.   29.   29.
   29.   29.   29. 1649. 1649. 2573. 2573. 2573. 2573. 1649.   29.   29.
   29.   29. 
   29.   29.   29.   29.   29. 1649. 1649. 1649. 2573. 2573. 2573. 2573.
 1649. 1649. 1649. 1649. 2573. 2573. 2573. 1649. 1649. 1649. 2573. 2573.
 2573. 2573. 
 2573. 1649. 1649.   29.   29.   29.   29.   29.   29.   29.   29.   29.
   29.   29.   29.   29.   29.   29.   29.   29.   29.   29.   29.   29.
   29.   29. 
   29.   29. 1649. 1649. 2573. 2573. 2573. 2573.   29.   29.   29.   29.
   29.   29.   29.   29.   29.   29. 1649. 2573. 2573. 2573. 2573. 1649.
 1649. 1649. 
 1649. 2573. 2573. 2573. 2573. 1649. 1649. 1649. 1649. 1649. 2573. 2573.
 2573. 2573. 1649. 1649.   29.   29.   29.   29.   29.   29.   29.   29.
   29.   29. 
   29.   29.   29.   29.   29.   29.   29.   29.   29.   29.   29.   29.
   29.   29.   29. 1649. 2573. 2573. 2573. 2573.   29.   29.   29.   29.
   29.   29. 
   29.   29.   29. 1649. 1649. 2573. 2573. 2573. 2573. 1649. 1649. 1649.
 1649. 2573. 2573. 2573. 2573. 1649. 1649. 1649. 1649. 1649. 1649. 2573.
 2573. 2573. 
 1649. 1649.   29.   29.   29.   29.   29.   29.   29.   29.   29.   29.
   29.   29.   29.   29.   29.   29.   29.   29.   29.   29.   29.   29.
   29.   29. 
   29. 1649. 1649. 2573. 2573. 2573.   29.   29.   29.   29.   29.   29.
   29.   29.   29. 1649. 2573. 2573. 2573. 2573. 1649. 2573. 2573. 1649.
 1649. 1649. 
 2573. 2573. 2573. 1649. 1649. 1649. 1649. 2573. 2573. 2573. 2573. 2573.
 1649. 1649.   29.   29.   29.   29.   29.   29.   29.   29.   29.   29.
   29.   29. 
   29.   29.   29.   29.   29.   29.   29.   29.   29.   29.   29. 1649.
 1649. 1649. 2573. 2573. 2573. 2573.   29.   29.   29.   29.   29.   29.
   29.   29. 
 1649. 1649. 2573. 2573. 2573. 1649. 1649. 2573. 2573. 1649. 1649. 1649.
 1649. 2573. 2573. 2573. 1649. 1649. 1649. 1649. 2573. 2573. 2573. 1649.
 1649. 1649. 
   29.   29.   29.   29.   29.   29.   29.   29.   29.   29.   29.   29.
   29.   29.   29.   29.   29.   29.   29.   29.   29. 1649. 1649. 2573.
 2573. 2573. 
 2573. 2573. 2573. 2573.   29.   29.   29.   29.   29.   29.   29.   29.
 1649. 1649. 2573. 2573. 2573. 1649. 1649. 2573. 1649. 1649.   29. 1649.
 1649. 2573. 
 2573. 2573. 2573. 2573. 1649. 1649. 1649. 2573. 1649. 1649. 1649.   29.
   29.   29.   29.   29.   29.   29.   29.   29.   29.   29.   29.   29.
   29.   29. 
   29.   29.   29.   29.   29.   29. 1649. 1649. 2573. 2573. 2573. 2573.
 2573. 2573. 1649. 1649.   29.   29.   29.   29.   29.   29.   29. 1649.
 1649. 1649. 
 2573. 2573. 2573. 2573. 1649. 1649. 1649.   29.   29. 1649. 1649. 1649.
 2573. 2573. 2573. 2573. 2573. 2573. 1649. 1649. 1649. 1649.   29.   29.
   29.   29. 
   29.   29.   29.   29.   29.   29.   29.   29.   29.   29.   29.   29.
   29.   29.   29.   29.   29. 1649. 1649. 2573. 2573. 2573. 2573. 1649.
 1649. 1649. 
 1649.   29.   29.   29.   29.   29.   29.   29. 1649. 1649. 2573. 1649.
 1649. 2573. 2573. 2573. 2573. 1649. 1649.   29.   29.   29. 1649. 1649.
 1649. 2573. 
 2573. 2573. 2573. 2573. 1649. 1649.   29.   29.   29.   29.   29.   29.
   29.   29.   29.   29.   29.   29.   29.   29.   29.   29.   29.   29.
   29.   29. 
   29.   29.   29. 1649. 2573. 2573. 2573. 1649. 1649. 1649. 1649.   29.
   29.   29.   29.   29.   29.   29.   29.   29. 1649. 2573. 2573. 2573.
 1649. 2573. 
 2573. 2573. 2573. 1649. 1649.   29.   29.   29. 1649. 1649. 1649. 1649.
 1649. 2573. 2573. 2573. 1649. 1649.   29.   29.   29.   29.   29.   29.
   29.   29. 
   29.   29.   29.   29.   29.   29.   29.   29.   29.   29.   29.   29.
   29.   29.   29. 1649. 2573. 2573. 2573. 1649.   29.   29.   29.   29.
   29.   29. 
   29.   29.   29.   29.   29.   29. 1649. 2573. 2573. 2573. 1649. 1649.
 2573. 2573. 2573. 2573. 1649.   29.   29.   29. 1649. 1649. 1649. 2573.
 2573. 2573. 
 2573. 2573. 1649. 1649.   29.   29.   29.   29.   29.   29.   29.   29.
   29.   29.   29.   29.   29.   29.   29.   29.   29.   29.   29.   29.
   29.   29. 
   29. 1649. 2573. 2573. 2573. 1649.   29.   29.   29.   29.   29.   29.
   29.   29.   29.   29.   29.   29. 1649. 2573. 2573. 2573. 1649. 1649.
 1649. 2573. 
 2573. 2573. 1649. 1649.   29. 1649. 1649. 2573. 2573. 2573. 2573. 2573.
 2573. 1649. 1649. 1649.   29.   29.   29.   29.   29.   29.   29.   29.
   29.   29. 
   29.   29.   29.   29.   29.   29.   29.   29.   29.   29.   29.   29.
   29. 1649. 2573. 2573. 2573. 1649. 1649.   29.   29.   29.   29.   29.
   29.   29. 
   29.   29.   29.   29. 1649. 2573. 2573. 2573. 1649.   29. 1649. 1649.
 2573. 2573. 2573. 1649. 1649. 1649. 2573. 2573. 2573. 2573. 2573. 2573.
 1649. 1649. 
 1649.   29.   29.   29.   29.   29.   29.   29.   29.   29.   29.   29.
   29.   29.   29.   29.   29.   29.   29.   29.   29.   29.   29.   29.
   29. 1649. 
 1649. 2573. 2573. 2573. 1649.   29.   29.   29.   29.   29.   29.   29.
   29.   29.   29.   29. 1649. 2573. 2573. 2573. 1649. 1649. 1649. 1649.
 2573. 2573. 
 2573. 1649. 1649. 2573. 2573. 2573. 2573. 2573. 1649. 1649. 1649. 1649.
   29.   29.   29.   29.   29.   29.   29.   29.   29.   29.   29.   29.
   29.   29. 
   29.   29.   29.   29.   29.   29.   29.   29.   29.   29.   29.   29.
 1649. 2573. 2573. 2573. 1649.   29.   29.   29.   29.   29.   29.   29.
   29.   29. 
   29.   29. 1649. 1649. 2573. 1649. 1649. 1649. 2573. 2573. 2573. 2573.
 1649. 1649. 1649. 2573. 2573. 2573. 2573. 1649. 1649. 1649.   29.   29.
   29.   29. 
   29.   29.   29.   29.   29.   29.   29.   29.   29.   29.   29.   29.
   29.   29.   29.   29.   29.   29.   29.   29.   29.   29.   29.   29.
 1649. 2573. 
 2573. 2573. 1649.   29.   29.   29.   29.   29.   29.   29.   29.   29.
   29.   29.   29. 1649. 1649. 1649. 2573. 2573. 2573. 2573. 2573. 2573.
 1649. 1649. 
 1649. 2573. 2573. 2573. 1649. 1649. 1649.   29.   29.   29.   29.   29.
   29.   29.   29.   29.   29.   29.   29.   29.   29.   29.   29.   29.
   29.   29. 
   29.   29.   29.   29.   29.   29.   29.   29.   29.   29. 1649. 1649.
 2573. 2573. 1649. 1649.   29.   29.   29. 1649.   29.   29.   29.   29.
   29. 1649. 
 1649. 1649. 2573. 2573. 2573. 2573. 2573. 2573. 1649. 1649. 1649. 1649.
 1649. 2573. 2573. 2573. 1649. 1649.   29.   29.   29.   29.   29.   29.
   29.   29. 
   29.   29.   29.   29.   29.   29.   29.   29.   29.   29.   29.   29.
   29.   29.   29.   29.   29.   29.   29.   29.   29.   29. 1649. 2573.
 2573. 2573. 
 2573. 1649.   29.   29.   29. 1649.   29.   29.   29.   29. 1649. 1649.
 1649. 1649. 2573. 2573. 2573. 2573. 1649. 1649. 1649. 1649. 2573. 2573.
 1649. 2573. 
 2573. 2573. 2573. 1649. 1649.   29.   29.   29.   29.   29.   29.   29.
   29.   29.   29.   29.   29.   29.   29.   29.   29.   29.   29.   29.
   29.   29. 
   29.   29.   29.   29.   29.   29.   29.   29. 1649. 1649. 2573. 2573.
 2573. 1649.   29.   29. 1649. 1649.   29.   29. 1649. 1649. 1649. 2573.
 1649. 2573. 
 2573. 2573. 1649. 1649. 1649. 1649. 2573. 2573. 2573. 1649. 1649. 1649.
 2573. 2573. 2573. 2573. 1649. 1649.   29.   29.   29.   29.   29.   29.
   29.   29. 
   29.   29.   29.   29.   29.   29.   29.   29.   29.   29.   29.   29.
   29.   29.   29.   29.   29.   29.   29.   29. 1649. 1649. 2573. 2573.
 2573. 1649. 
   29.   29. 1649. 1649.   29. 1649. 1649. 2573. 2573. 2573. 1649. 2573.
 2573. 2573. 2573. 1649. 1649. 2573. 2573. 2573. 2573. 1649. 1649. 1649.
 1649. 2573. 
 2573. 2573. 1649. 1649. 1649.   29.   29.   29.   29.   29.   29.   29.
   29.   29.   29.   29.   29.   29.   29.   29.   29.   29.   29.   29.
   29.   29. 
   29.   29.   29. 1649. 1649. 1649. 1649. 2573. 2573. 2573. 2573. 1649.
   29.   29. 1649. 1649.   29. 1649. 2573. 2573. 2573. 2573. 1649. 1649.
 2573. 2573. 
 2573. 1649. 1649. 1649. 2573. 2573. 1649. 1649.   29. 1649. 1649. 1649.
 2573. 2573. 2573. 1649. 1649. 1649.   29.   29.   29.   29.   29.   29.
   29.   29. 
   29.   29.   29.   29.   29.   29.   29.   29.   29.   29.   29.   29.
   29.   29. 1649. 1649. 2573. 2573. 2573. 2573. 2573. 2573. 1649. 1649.
   29.   29. 
 1649. 1649. 1649. 1649. 2573. 2573. 2573. 1649. 1649. 1649. 2573. 2573.
 2573. 2573. 1649. 1649. 2573. 2573. 1649. 1649.   29.   29. 1649. 1649.
 2573. 2573. 
 2573. 2573. 2573. 1649. 1649.   29.   29.   29.   29.   29.   29.   29.
   29.   29.   29.   29.   29.   29.   29.   29.   29.   29.   29.   29.
 1649. 1649. 
 1649. 2573. 2573. 2573. 2573. 2573. 2573. 2573. 1649.   29.   29.   29.
 1649. 1649.   29. 1649. 2573. 2573. 2573. 1649.   29. 1649. 1649. 2573.
 2573. 2573. 
 1649. 1649. 2573. 2573. 1649. 1649. 1649. 1649. 1649. 1649. 1649. 2573.
 2573. 2573. 2573. 1649. 1649.   29.   29.   29.   29.   29.   29.   29.
   29.   29. 
   29.   29.   29.   29.   29.   29.   29.   29.   29. 1649. 1649. 2573.
 2573. 2573. 2573. 2573. 2573. 2573. 1649. 1649. 1649.   29.   29.   29.
   29. 1649. 
 1649. 1649. 2573. 2573. 2573. 1649.   29.   29. 1649. 1649. 2573. 2573.
 2573. 1649. 1649. 1649. 1649. 1649. 1649. 1649. 1649. 1649. 1649. 1649.
 2573. 2573. 
 2573. 2573. 1649. 1649.   29.   29.   29.   29.   29.   29.   29.   29.
   29.   29.   29.   29.   29.   29.   29.   29.   29. 1649. 2573. 2573.
 2573. 2573. 
 2573. 1649. 1649. 1649. 1649.   29.   29.   29.   29.   29.   29. 1649.
 1649. 1649. 2573. 2573. 2573. 1649. 1649.   29. 1649. 1649. 1649. 2573.
 2573. 2573. 
 1649. 1649. 2573. 2573. 2573. 2573. 2573. 2573. 2573. 2573. 2573. 2573.
 2573. 2573. 1649.   29.   29.   29.   29.   29.   29.   29.   29.   29.
   29.   29. 
   29.   29.   29.   29.   29.   29. 1649. 1649. 2573. 2573. 2573. 1649.
 1649. 1649. 1649.   29.   29.   29.   29.   29.   29.   29.   29. 1649.
   29. 1649. 
 2573. 2573. 2573. 1649. 1649. 1649. 1649. 1649. 1649. 2573. 2573. 2573.
 1649. 2573. 2573. 2573. 2573. 2573. 2573. 2573. 2573. 2573. 2573. 2573.
 2573. 1649. 
 1649.   29.   29.   29.   29.   29.   29.   29.   29.   29.   29.   29.
   29.   29.   29.   29.   29.   29.   29. 1649. 2573. 2573. 2573. 1649.
 1649.   29. 
   29.   29.   29.   29.   29.   29.   29. 1649. 1649. 1649.   29. 1649.
 1649. 2573. 2573. 1649. 1649. 1649. 2573. 1649. 1649. 2573. 2573. 2573.
 1649. 2573. 
 2573. 2573. 2573. 2573. 2573. 2573. 2573. 2573. 2573. 2573. 1649. 1649.
 1649.   29.   29.   29.   29.   29.   29.   29.   29.   29.   29.   29.
   29.   29. 
   29.   29.   29.   29.   29. 1649. 2573. 2573. 2573. 2573. 1649.   29.
   29.   29.   29.   29.   29. 1649. 1649. 1649. 1649. 1649.   29. 1649.
 1649. 2573. 
 2573. 2573. 1649. 2573. 1649. 1649. 1649. 2573. 2573. 2573. 1649. 2573.
 2573. 2573. 1649. 1649. 1649. 1649. 1649. 1649. 1649. 1649. 1649. 1649.
   29.   29. 
   29.   29.   29.   29.   29.   29.   29.   29.   29.   29.   29.   29.
   29.   29.   29.   29.   29. 1649. 1649. 2573. 2573. 2573. 2573. 1649.
   29.   29. 
   29. 1649. 1649. 1649. 1649. 1649. 2573. 2573.   29.   29. 1649. 2573.
 2573. 2573. 1649. 1649. 1649. 2573. 2573. 2573. 2573. 1649. 1649. 2573.
 2573. 2573. 
 1649. 1649.   29.   29.   29.   29.   29.   29.   29.   29.   29.   29.
   29.   29.   29.   29.   29.   29.   29.   29.   29.   29.   29.   29.
   29.   29. 
   29.   29.   29.   29. 1649. 1649. 2573. 2573. 2573. 1649. 1649. 1649.
 1649. 1649. 1649. 2573. 2573. 2573. 2573. 2573.   29.   29. 1649. 1649.
 1649. 1649. 
 1649. 1649. 2573. 2573. 2573. 2573. 2573. 1649. 1649. 2573. 2573. 2573.
 2573. 1649. 1649.   29.   29.   29.   29.   29.   29.   29.   29.   29.
   29.   29. 
   29.   29.   29.   29.   29.   29.   29.   29.   29.   29.   29.   29.
   29.   29.   29.   29.   29. 1649. 1649. 2573. 2573. 2573. 1649. 1649.
 1649. 1649. 
 2573. 2573. 2573. 2573. 2573. 2573.   29. 1649. 1649. 2573. 1649. 1649.
 2573. 2573. 2573. 2573. 2573. 2573. 1649. 1649. 1649. 1649. 2573. 2573.
 2573. 2573. 
 1649.   29.   29.   29.   29.   29.   29.   29.   29.   29.   29.   29.
   29.   29.   29.   29.   29.   29.   29.   29.   29.   29.   29.   29.
   29.   29. 
   29.   29.   29.   29. 1649. 1649. 2573. 2573. 2573. 1649. 1649. 2573.
 2573. 2573. 2573. 2573. 1649. 1649. 1649. 1649. 2573. 1649. 1649. 2573.
 2573. 2573. 
 2573. 2573. 1649. 1649. 1649.   29.   29. 1649. 1649. 2573. 2573. 2573.
 1649.   29.   29.   29.   29.   29.   29.   29.   29.   29.   29.   29.
   29.   29. 
   29.   29.   29.   29.   29.   29.   29.   29.   29.   29.   29.   29.
   29.   29.   29.   29.   29. 1649. 2573. 2573. 2573. 1649. 1649. 2573.
 2573. 2573. 
 1649. 1649. 1649. 1649. 1649. 2573. 2573. 1649. 1649. 2573. 2573. 2573.
 1649. 1649. 1649. 1649.   29.   29.   29.   29. 1649. 2573. 2573. 2573.
 1649. 1649. 
 29. 29. 29. 29. 29. 29. 29. 29. 29. 29. 29. 29. 29. 29. 29. 29. 29. 29.
 29. 29. 29. 29. 29. 29. 29. 29. 
   29.   29.   29. 1649. 2573. 2573. 2573. 2573. 1649. 1649. 2573. 2573.
 2573. 1649. 1649. 2573. 2573. 2573. 2573. 1649. 2573. 2573. 2573. 2573.
 1649. 1649. 
 1649. 1649. 1649. 1649. 1649. 1649. 1649. 2573. 2573. 2573. 1649. 1649.
   29.   29.   29.   29.   29.   29.   29.   29.   29.   29.   29.   29.
   29.   29. 
   29.   29.   29.   29.   29.   29.   29.   29.   29.   29.   29.   29.
   29.   29.   29. 1649. 1649. 2573. 2573. 2573. 1649. 1649. 2573. 2573.
 1649. 1649. 
 2573. 2573. 2573. 2573. 1649. 1649. 2573. 2573. 2573. 2573. 1649. 1649.
 1649. 1649. 1649. 1649. 1649. 2573. 1649. 2573. 2573. 2573. 1649. 1649.
   29.   29. 
   29.   29.   29.   29.   29.   29.   29.   29.   29.   29.   29.   29.
   29.   29.   29.   29.   29.   29.   29.   29.   29.   29.   29.   29.
   29. 1649. 
 1649. 1649. 2573. 2573. 2573. 2573. 1649. 1649. 1649. 1649. 2573. 2573.
 2573. 2573. 2573. 1649. 1649. 1649. 1649. 2573. 2573. 2573. 1649. 1649.
 1649. 2573. 
 2573. 2573. 2573. 2573. 2573. 2573. 2573. 2573. 1649. 1649.   29.   29.
   29.   29.   29.   29.   29.   29.   29.   29.   29.   29.   29.   29.
   29.   29. 
   29.   29.   29.   29.   29.   29.   29.   29.   29. 1649. 1649. 1649.
 2573. 2573. 2573. 2573. 2573. 1649. 1649. 1649. 1649. 1649. 2573. 2573.
 2573. 2573. 
 1649. 1649.   29.   29. 1649. 2573. 2573. 2573. 2573. 1649. 2573. 2573.
 2573. 2573. 2573. 2573. 2573. 2573. 2573. 2573. 1649. 1649.   29.   29.
   29.   29. 
   29.   29.   29.   29.   29.   29.   29.   29.   29.   29.   29.   29.
   29.   29.   29.   29.   29.   29.   29. 1649. 1649. 1649. 2573. 2573.
 2573. 2573. 
 2573. 2573. 1649. 1649. 1649. 1649. 1649. 1649. 2573. 2573. 2573. 1649.
 1649.   29.   29.   29. 1649. 1649. 2573. 2573. 2573. 1649. 1649. 2573.
 2573. 2573. 
 2573. 2573. 2573. 2573. 1649. 1649. 1649.   29.   29.   29.   29.   29.
   29.   29.   29.   29.   29.   29.   29.   29.   29.   29.   29.   29.
   29.   29. 
   29.   29.   29.   29.   29. 1649. 2573. 2573. 2573. 2573. 2573. 2573.
 2573. 1649. 1649. 1649. 2573. 2573. 2573. 1649. 2573. 2573. 2573. 1649.
 1649.   29. 
   29. 1649. 1649. 1649. 2573. 2573. 2573. 2573. 1649. 1649. 1649. 1649.
 1649. 1649. 1649. 1649. 1649. 1649.   29.   29.   29.   29.   29.   29.
   29.   29. 
   29.   29.   29.   29.   29.   29.   29.   29.   29.   29.   29.   29.
   29.   29.   29.   29.   29. 1649. 2573. 2573. 2573. 2573. 2573. 2573.
 1649. 1649. 
 1649. 2573. 2573. 2573. 2573. 1649. 2573. 2573. 2573. 1649. 1649. 1649.
 1649. 1649. 1649. 1649. 1649. 2573. 2573. 2573. 1649. 1649. 2573. 1649.
 1649. 1649. 
 1649.   29.   29.   29.   29.   29.   29.   29.   29.   29.   29.   29.
   29.   29.   29.   29.   29.   29.   29.   29.   29.   29.   29.   29.
   29.   29. 
   29.   29. 1649. 1649. 2573. 2573. 2573. 1649. 1649. 1649. 1649. 2573.
 2573. 2573. 2573. 2573. 2573. 2573. 1649. 2573. 2573. 1649. 1649. 1649.
 1649. 2573. 
 2573. 2573. 2573. 2573. 2573. 2573. 1649. 1649. 2573. 2573. 1649. 1649.
 1649.   29.   29.   29.   29.   29.   29.   29.   29.   29.   29.   29.
   29.   29. 
   29.   29.   29.   29.   29.   29.   29.   29.   29.   29.   29.   29.
   29.   29. 1649. 1649. 2573. 2573. 2573. 1649. 1649.   29. 1649. 1649.
 2573. 2573. 
 2573. 1649. 1649. 1649. 1649. 2573. 2573. 2573. 1649. 1649. 2573. 2573.
 2573. 2573. 2573. 2573. 2573. 2573. 1649. 2573. 2573. 2573. 2573. 1649.
 1649. 1649. 
 29. 29. 29. 29. 29. 29. 29. 29. 29. 29. 29. 29. 29. 29. 29. 29. 29. 29.
 29. 29. 29. 29. 29. 29. 29. 29. 
   29. 1649. 2573. 2573. 2573. 2573. 1649.   29. 1649. 1649. 2573. 2573.
 2573. 2573. 1649. 1649. 1649. 2573. 2573. 2573. 1649. 2573. 2573. 2573.
 2573. 2573. 
 2573. 2573. 2573. 1649. 1649. 1649. 2573. 2573. 2573. 2573. 2573. 1649.
   29.   29.   29.   29.   29.   29.   29.   29.   29.   29.   29.   29.
   29.   29. 
   29.   29.   29.   29.   29.   29.   29.   29.   29.   29.   29.   29.
   29. 1649. 1649. 2573. 2573. 2573. 1649. 1649. 1649. 1649. 1649. 2573.
 2573. 2573. 
 1649. 1649. 1649. 1649. 2573. 2573. 1649. 2573. 2573. 1649. 1649. 1649.
 1649. 1649. 1649. 1649.   29. 1649. 1649. 1649. 2573. 2573. 2573. 1649.
 1649.   29. 
 29. 29. 29. 29. 29. 29. 29. 29. 29. 29. 29. 29. 29. 29. 29. 29. 29. 29.
 29. 29. 29. 29. 29. 29. 29. 29. 
 1649. 2573. 2573. 2573. 2573. 1649.   29. 1649. 1649. 1649. 2573. 2573.
 2573. 1649. 1649. 1649. 2573. 2573. 1649. 2573. 2573. 2573. 1649. 1649.
   29.   29. 
   29.   29.   29.   29.   29. 1649. 2573. 2573. 2573. 1649.   29.   29.
   29.   29.   29.   29.   29.   29.   29.   29.   29.   29.   29.   29.
   29.   29. 
   29.   29.   29.   29.   29.   29.   29.   29.   29.   29.   29.   29.
   29. 1649. 2573. 2573. 2573. 1649.   29. 1649. 1649. 1649. 2573. 2573.
 2573. 1649. 
 1649. 1649. 2573. 2573. 1649. 1649. 2573. 2573. 2573. 1649. 1649.   29.
   29.   29.   29. 1649. 1649. 1649. 2573. 2573. 1649. 1649.   29.   29.
   29.   29. 
   29.   29.   29.   29.   29.   29.   29.   29.   29.   29.   29.   29.
   29.   29.   29.   29.   29.   29.   29.   29.   29.   29. 1649. 1649.
 1649. 1649. 
 2573. 2573. 2573. 1649. 1649. 1649. 1649. 2573. 2573. 2573. 2573. 1649.
 1649. 2573. 2573. 2573. 2573. 1649. 1649. 2573. 2573. 2573. 1649.   29.
   29.   29. 
 1649. 1649. 2573. 2573. 2573. 2573. 1649.   29.   29.   29.   29.   29.
   29.   29.   29.   29.   29.   29.   29.   29.   29.   29.   29.   29.
   29.   29. 
   29.   29.   29.   29.   29.   29. 1649. 1649. 1649. 2573. 2573. 2573.
 2573. 2573. 2573. 1649. 1649. 2573. 2573. 2573. 2573. 2573. 1649. 1649.
 2573. 2573. 
 2573. 2573. 1649. 1649. 1649. 2573. 2573. 2573. 1649. 1649.   29. 1649.
 1649. 2573. 2573. 2573. 2573. 1649. 1649.   29.   29.   29.   29.   29.
   29.   29. 
   29.   29.   29.   29.   29.   29.   29.   29.   29.   29.   29.   29.
   29.   29.   29.   29.   29. 1649. 1649. 2573. 2573. 2573. 2573. 2573.
 2573. 2573. 
 1649. 1649. 2573. 2573. 2573. 2573. 2573. 1649. 1649. 2573. 2573. 2573.
 2573. 1649. 
/