PERMI
 20. 20. 20. 20. 20. 20. 20. 20. 20. 20. 20. 20. 20. 20. 20. 20. 20. 20.
 20. 20. 20. 20. 20. 20. 20. 20. 
   20.   20.   20.   20.   20.   20.   20.   20.   20.   20. 2828. 2828.
 3519. 3519. 2828.   20.   20.   20. 2828. 2828. 3519. 3519. 3519. 3519.
 3519. 3519. 
 3519. 3519. 2828. 2828.   20.   20.   20.   20.   20.   20.   20.   20.
   20.   20.   20.   20.   20.   20.   20.   20.   20.   20.   20.   20.
   20.   20. 
   20.   20.   20.   20.   20.   20.   20.   20.   20.   20.   20.   20.
   20.   20. 2828. 2828.   20.   20.   20.   20.   20.   20. 2828. 2828.
 3519. 3519. 
 2828.   20.   20.   20.   20. 2828. 2828. 3519. 3519. 3519. 3519. 3519.
 3519. 3519. 2828.   20.   20.   20.   20.   20.   20.   20.   20.   20.
   20.   20. 
   20.   20.   20.   20.   20.   20.   20.   20.   20.   20.   20.   20.
   20.   20.   20.   20.   20.   20.   20.   20.   20.   20.   20.   20.
 2828. 2828. 
 2828. 2828. 2828. 2828. 2828.   20.   20.   20.   20. 2828. 3519. 3519.
 2828.   20.   20.   20.   20.   20. 2828. 2828. 3519. 3519. 3519. 3519.
 3519. 2828. 
 20. 20. 20. 20. 20. 20. 20. 20. 20. 20. 20. 20. 20. 20. 20. 20. 20. 20.
 20. 20. 20. 20. 20. 20. 20. 20. 
   20.   20.   20.   20.   20.   20.   20.   20.   20.   20. 2828. 3519.
 3519. 3519. 3519. 3519. 3519. 2828. 2828.   20.   20. 3519. 3519. 3519.
 2828.   20. 
   20.   20.   20.   20.   20. 2828. 2828. 2828. 2828. 2828. 2828. 2828.
   20.   20.   20.   20.   20.   20.   20.   20.   20.   20.   20.   20.
   20.   20. 
   20.   20.   20.   20.   20.   20.   20.   20.   20.   20.   20.   20.
   20.   20.   20.   20.   20.   20.   20.   20.   20. 2828. 2828. 3519.
 3519. 3519. 
 3519. 3519. 3519. 3519. 2828. 2828. 2828. 2828. 3519. 3519. 2828.   20.
   20.   20.   20.   20.   20.   20.   20.   20.   20.   20.   20.   20.
   20.   20. 
 20. 20. 20. 20. 20. 20. 20. 20. 20. 20. 20. 20. 20. 20. 20. 20. 20. 20.
 20. 20. 20. 20. 20. 20. 20. 20. 
   20.   20.   20.   20.   20.   20.   20. 2828. 2828. 3519. 3519. 2828.
 2828. 3519. 3519. 3519. 3519. 3519. 2828. 2828. 3519. 3519. 2828.   20.
   20.   20. 
   20.   20.   20.   20.   20.   20.   20.   20.   20.   20.   20.   20.
   20. 2828. 2828. 2828. 2828. 2828. 2828. 2828.   20.   20.   20.   20.
   20.   20. 
   20.   20.   20.   20.   20.   20.   20.   20.   20.   20.   20.   20.
   20.   20.   20.   20.   20.   20.   20.   20. 2828. 3519. 3519. 3519.
 2828. 2828. 
 2828. 3519. 3519. 3519. 3519. 3519. 3519. 3519. 2828.   20.   20.   20.
   20.   20.   20.   20.   20.   20.   20.   20.   20.   20.   20.   20.
   20. 2828. 
 3519. 3519. 3519. 3519. 3519. 3519.   20.   20.   20.   20.   20.   20.
   20.   20.   20.   20.   20.   20.   20.   20.   20.   20.   20.   20.
   20.   20. 
   20.   20.   20.   20.   20.   20. 2828. 3519. 3519. 3519. 2828. 2828.
 2828. 2828. 2828. 3519. 3519. 3519. 3519. 3519. 2828.   20.   20.   20.
   20.   20. 
   20.   20.   20.   20.   20.   20.   20.   20.   20.   20. 2828. 3519.
 3519. 3519. 3519. 3519. 3519. 3519.   20.   20.   20.   20.   20.   20.
   20.   20. 
   20.   20.   20.   20.   20.   20.   20.   20.   20.   20.   20.   20.
   20.   20.   20.   20.   20.   20. 2828. 2828. 3519. 3519. 3519. 2828.
 2828.   20. 
 2828. 2828. 2828. 2828. 2828. 2828.   20.   20.   20.   20.   20.   20.
   20.   20.   20.   20.   20.   20.   20.   20.   20.   20. 2828. 3519.
 3519. 2828. 
 2828. 2828. 2828. 2828.   20.   20.   20.   20.   20.   20.   20.   20.
   20.   20.   20.   20.   20.   20.   20.   20.   20.   20.   20.   20.
   20.   20. 
   20.   20.   20.   20.   20. 2828. 2828. 3519. 3519. 3519. 2828.   20.
   20.   20.   20.   20.   20.   20.   20.   20.   20.   20.   20.   20.
   20.   20. 
   20.   20.   20.   20.   20.   20.   20.   20. 2828. 3519. 3519. 2828.
   20.   20.   20.   20.   20.   20.   20.   20.   20.   20.   20.   20.
   20.   20. 
   20.   20.   20.   20.   20.   20.   20.   20. 2828. 2828. 2828. 2828.
 2828. 2828. 2828.   20.   20.   20. 2828. 3519. 3519. 3519. 2828. 2828.
   20.   20. 
   20.   20.   20.   20.   20.   20.   20.   20.   20.   20.   20.   20.
   20.   20.   20.   20.   20.   20.   20.   20. 2828. 3519. 3519. 2828.
   20.   20. 
   20.   20.   20.   20.   20.   20.   20.   20.   20.   20.   20.   20.
   20.   20.   20.   20.   20.   20.   20. 2828. 2828. 3519. 3519. 3519.
 3519. 3519. 
 2828. 2828. 2828.   20.   20. 2828. 3519. 3519. 2828. 2828.   20.   20.
   20.   20.   20.   20.   20.   20.   20.   20.   20.   20.   20.   20.
   20.   20. 
   20.   20.   20.   20.   20.   20. 2828. 3519. 3519. 2828.   20.   20.
   20.   20.   20.   20.   20.   20.   20.   20.   20.   20.   20.   20.
   20.   20. 
   20.   20.   20.   20. 2828. 3519. 3519. 3519. 3519. 3519. 3519. 3519.
 3519. 3519. 2828. 2828. 2828. 2828. 3519. 3519. 3519. 2828.   20.   20.
   20.   20. 
   20.   20.   20.   20.   20.   20.   20.   20.   20.   20.   20.   20.
   20.   20.   20.   20.   20.   20. 2828. 3519. 3519. 2828.   20.   20.
   20.   20. 
   20.   20.   20.   20.   20.   20.   20.   20.   20.   20.   20.   20.
   20.   20.   20.   20. 2828. 3519. 3519. 3519. 3519. 3519. 3519. 3519.
 3519. 3519. 
 3519. 3519. 3519. 3519. 3519. 3519. 3519. 2828.   20.   20.   20.   20.
   20.   20.   20.   20.   20.   20.   20.   20.   20.   20.   20.   20.
   20.   20. 
   20.   20.   20.   20.   20. 2828. 3519. 3519. 2828.   20.   20.   20.
   20.   20.   20.   20.   20.   20.   20.   20.   20.   20.   20.   20.
   20.   20. 
   20. 2828. 2828. 3519. 3519. 2828. 2828. 2828. 2828. 2828. 2828. 3519.
 3519. 3519. 3519. 3519. 3519. 3519. 2828. 2828.   20.   20.   20.   20.
   20.   20. 
   20.   20.   20.   20.   20.   20.   20.   20.   20.   20.   20.   20.
   20.   20.   20.   20.   20. 2828. 3519. 3519. 2828.   20.   20. 2828.
   20.   20. 
   20.   20.   20.   20.   20.   20.   20.   20.   20.   20.   20.   20.
   20. 2828. 2828. 3519. 3519. 2828.   20.   20.   20.   20.   20. 2828.
 2828. 2828. 
 3519. 2828. 2828. 2828. 2828.   20.   20.   20.   20.   20.   20.   20.
   20.   20.   20.   20.   20.   20.   20.   20.   20.   20.   20.   20.
   20.   20. 
   20.   20.   20. 2828. 3519. 3519. 2828. 2828. 2828. 3519.   20.   20.
   20.   20.   20.   20.   20.   20.   20.   20.   20.   20.   20.   20.
   20.   20. 
 2828. 3519. 3519. 2828.   20.   20.   20.   20.   20.   20.   20. 2828.
 2828. 2828. 2828.   20.   20.   20.   20.   20.   20.   20.   20.   20.
   20.   20. 
   20.   20.   20.   20.   20.   20.   20.   20.   20.   20.   20.   20.
   20.   20.   20. 2828. 3519. 3519. 2828. 2828. 3519. 3519.   20.   20.
   20.   20. 
   20.   20.   20.   20.   20.   20.   20.   20.   20.   20.   20.   20.
 2828. 3519. 3519. 3519. 2828.   20.   20.   20.   20.   20.   20.   20.
   20.   20. 
   20.   20.   20.   20.   20.   20.   20.   20.   20.   20.   20.   20.
   20.   20.   20.   20.   20.   20.   20.   20. 2828. 2828.   20.   20.
 2828. 2828. 
 2828. 3519. 3519. 3519. 2828. 3519. 3519. 3519.   20.   20.   20.   20.
   20.   20.   20.   20.   20.   20.   20.   20.   20.   20.   20.   20.
 2828. 3519. 
 3519. 3519. 2828.   20.   20.   20.   20.   20.   20.   20.   20.   20.
   20.   20.   20.   20.   20.   20.   20.   20.   20.   20.   20.   20.
   20.   20. 
   20.   20.   20.   20. 2828. 2828. 3519. 3519. 3519. 3519. 3519. 3519.
 3519. 3519. 3519. 2828. 2828. 3519. 3519. 2828.   20.   20.   20.   20.
   20.   20. 
   20.   20.   20.   20.   20.   20.   20.   20.   20.   20. 2828. 2828.
 3519. 3519. 2828. 2828.   20.   20.   20.   20.   20.   20.   20.   20.
   20.   20. 
   20.   20.   20.   20.   20.   20.   20.   20.   20.   20.   20.   20.
   20.   20.   20.   20. 2828. 3519. 3519. 3519. 3519. 3519. 3519. 3519.
 3519. 3519. 
 2828. 2828. 3519. 3519. 3519. 2828.   20.   20.   20.   20.   20.   20.
   20.   20.   20.   20.   20.   20.   20.   20.   20.   20.   20. 2828.
 3519. 3519. 
 3519. 2828.   20.   20.   20.   20.   20.   20.   20.   20.   20.   20.
   20.   20.   20.   20.   20.   20.   20.   20.   20.   20.   20.   20.
   20.   20. 
   20. 2828. 3519. 3519. 3519. 2828. 2828. 3519. 2828. 2828. 2828. 2828.
 3519. 2828. 3519. 3519. 2828. 2828.   20.   20.   20.   20.   20.   20.
   20.   20. 
   20.   20.   20.   20.   20.   20.   20.   20.   20. 2828. 2828. 3519.
 3519. 2828. 2828.   20.   20.   20.   20.   20.   20.   20.   20.   20.
   20.   20. 
   20.   20.   20.   20.   20.   20.   20.   20.   20.   20.   20.   20.
   20. 2828. 3519. 3519. 3519. 2828.   20.   20.   20. 2828. 2828. 3519.
 3519. 2828. 
 3519. 3519. 2828.   20.   20.   20.   20.   20.   20.   20.   20.   20.
 2828. 2828. 2828. 2828.   20.   20.   20.   20.   20.   20. 2828. 3519.
 3519. 3519. 
 2828.   20.   20.   20.   20.   20.   20.   20.   20.   20.   20.   20.
   20.   20.   20.   20.   20.   20.   20.   20.   20.   20.   20.   20.
   20.   20. 
 2828. 3519. 3519. 2828.   20.   20.   20.   20. 2828. 3519. 3519. 2828.
 3519. 3519. 2828.   20.   20.   20.   20.   20.   20.   20.   20. 2828.
 2828. 3519. 
 3519. 3519. 2828. 2828. 2828. 2828. 2828.   20. 2828. 3519. 3519. 3519.
 2828.   20.   20.   20.   20.   20.   20.   20.   20.   20.   20.   20.
   20.   20. 
   20.   20.   20.   20.   20. 2828.   20.   20.   20.   20.   20.   20.
 2828. 3519. 3519. 2828.   20.   20.   20.   20. 2828. 3519. 2828. 3519.
 3519. 3519. 
 2828.   20.   20.   20.   20.   20.   20.   20. 2828. 2828. 3519. 3519.
 3519. 3519. 3519. 3519. 3519. 2828. 2828. 2828. 2828. 2828. 3519. 3519.
 2828. 2828. 
   20.   20.   20.   20.   20.   20.   20.   20.   20.   20.   20.   20.
   20.   20.   20. 2828. 2828. 3519. 2828. 2828.   20.   20.   20.   20.
   20. 2828. 
 3519. 3519. 2828.   20.   20.   20. 2828. 2828. 2828. 3519. 3519. 3519.
 2828.   20.   20.   20.   20.   20.   20.   20. 2828. 3519. 3519. 3519.
 2828. 3519. 
 3519. 3519. 3519. 3519. 3519. 3519. 3519. 3519. 3519. 3519. 2828.   20.
   20.   20.   20.   20.   20.   20.   20.   20.   20.   20.   20.   20.
   20.   20. 
   20. 2828. 3519. 3519. 3519. 3519. 2828.   20. 2828. 2828. 2828. 2828.
 2828. 2828. 2828.   20.   20.   20.   20. 2828. 3519. 3519. 3519. 2828.
 2828. 2828. 
   20.   20.   20.   20.   20.   20. 2828. 3519. 3519. 3519. 2828. 2828.
 2828. 2828. 3519. 3519. 3519. 3519. 3519. 3519. 3519. 2828. 2828.   20.
   20.   20. 
   20.   20.   20.   20.   20.   20.   20.   20.   20.   20.   20.   20.
 2828. 3519. 3519. 3519. 3519. 3519. 3519. 2828. 3519. 3519. 3519. 3519.
 3519. 2828. 
 2828. 2828. 2828. 2828. 2828. 2828. 3519. 3519. 3519. 2828. 3519. 3519.
   20.   20.   20.   20.   20.   20. 2828. 2828. 3519. 3519. 2828.   20.
   20. 2828. 
 2828. 2828. 2828. 2828. 2828. 2828. 2828. 2828.   20.   20.   20.   20.
   20.   20.   20.   20.   20.   20.   20.   20.   20.   20.   20.   20.
 2828. 3519. 
 3519. 2828. 3519. 3519. 3519. 2828. 3519. 3519. 3519. 3519. 3519. 3519.
 3519. 3519. 3519. 2828. 2828. 3519. 3519. 3519. 2828. 2828. 3519. 3519.
   20.   20. 
   20.   20.   20.   20.   20. 2828. 3519. 3519. 2828. 2828.   20.   20.
   20.   20. 2828. 2828. 2828. 2828. 2828.   20.   20.   20.   20.   20.
   20. 2828. 
 2828. 2828. 2828.   20.   20.   20.   20.   20.   20. 2828. 3519. 3519.
 3519. 2828. 2828. 2828. 2828. 2828. 3519. 3519. 2828. 2828. 2828. 3519.
 3519. 3519. 
 3519. 3519. 3519. 3519. 3519. 3519. 2828. 2828. 3519. 3519.   20. 2828.
 2828. 2828. 2828.   20.   20. 2828. 2828. 3519. 3519. 2828.   20.   20.
   20.   20. 
   20.   20.   20.   20.   20.   20.   20.   20.   20.   20. 2828. 3519.
 3519. 3519. 3519. 2828. 2828.   20.   20.   20.   20. 2828. 3519. 3519.
 2828.   20. 
   20.   20. 2828. 3519. 3519. 3519. 2828. 3519. 3519. 2828. 2828. 2828.
 3519. 3519. 3519. 3519. 2828. 2828. 3519. 2828. 3519. 2828. 2828. 2828.
 3519. 3519. 
 3519. 2828. 2828.   20. 2828. 3519. 3519. 3519. 2828.   20.   20.   20.
   20.   20.   20.   20.   20.   20.   20.   20.   20. 2828. 3519. 3519.
 3519. 3519. 
 3519. 3519. 2828. 2828. 2828.   20.   20. 2828. 3519. 3519. 2828.   20.
   20.   20. 2828. 3519. 3519. 2828. 2828. 2828. 2828. 3519. 3519. 2828.
 2828. 2828. 
 2828. 2828. 2828. 3519. 3519. 2828. 3519. 2828. 3519. 3519. 3519. 3519.
 3519. 3519. 2828. 2828. 2828. 2828. 3519. 3519. 2828.   20.   20.   20.
   20.   20. 
   20.   20.   20.   20.   20.   20. 2828. 3519. 3519. 3519. 3519. 3519.
 3519. 3519. 3519. 3519. 2828. 2828. 2828. 3519. 3519. 3519. 2828.   20.
   20.   20. 
 2828. 3519. 3519. 2828. 3519. 3519. 3519. 3519. 3519. 3519. 3519. 3519.
 3519. 2828. 3519. 3519. 3519. 2828. 3519. 2828. 3519. 3519. 2828. 2828.
 2828. 3519. 
 3519. 2828. 2828. 2828. 3519. 3519. 2828.   20.   20.   20.   20.   20.
   20.   20.   20.   20.   20.   20. 2828. 3519. 3519. 3519. 2828. 2828.
 2828. 3519. 
 3519. 3519. 3519. 3519. 2828. 3519. 3519. 3519. 2828.   20.   20.   20.
 2828. 3519. 3519. 3519. 2828. 2828. 2828. 2828. 2828. 2828. 3519. 3519.
 3519. 3519. 
 3519. 3519. 2828. 2828. 3519. 2828. 3519. 3519. 3519. 2828. 2828. 2828.
 3519. 3519. 2828. 2828. 3519. 3519. 2828.   20.   20.   20.   20.   20.
   20.   20. 
   20.   20.   20.   20. 2828. 3519. 3519. 2828.   20.   20. 2828. 2828.
 3519. 3519. 3519. 3519. 3519. 3519. 3519. 2828.   20.   20.   20.   20.
 2828. 3519. 
 3519. 3519. 2828.   20.   20.   20. 2828. 2828. 2828. 2828. 2828. 3519.
 2828. 2828. 2828. 3519. 3519. 2828. 2828. 3519. 3519. 2828. 2828. 2828.
 3519. 3519. 
 3519. 2828. 3519. 3519. 2828.   20.   20.   20.   20.   20.   20.   20.
   20.   20.   20.   20. 2828. 3519. 3519. 2828.   20.   20.   20.   20.
 2828. 2828. 
 2828. 2828. 2828. 3519. 3519. 2828.   20.   20.   20.   20. 2828. 3519.
 3519. 2828. 2828.   20.   20. 2828. 2828. 2828. 2828. 2828.   20. 2828.
   20.   20. 
 2828. 3519. 3519. 2828. 2828. 3519. 3519. 3519. 2828.   20. 2828. 2828.
 3519. 3519. 3519. 3519. 2828.   20.   20.   20.   20.   20.   20.   20.
   20.   20. 
   20.   20. 2828. 3519. 3519. 2828.   20.   20.   20.   20.   20. 2828.
 2828. 3519. 2828. 2828. 2828.   20.   20.   20.   20.   20. 2828. 3519.
 3519. 2828. 
 2828.   20. 2828. 3519. 3519. 3519. 3519. 2828. 2828.   20.   20.   20.
 2828. 3519. 3519. 2828. 2828. 2828. 3519. 3519. 2828.   20.   20. 2828.
 2828. 2828. 
 2828. 2828.   20.   20.   20.   20.   20.   20.   20.   20.   20.   20.
   20.   20. 2828. 3519. 3519. 2828.   20.   20.   20.   20. 2828. 3519.
 3519. 3519. 
 3519. 3519. 2828. 2828.   20.   20.   20.   20. 2828. 3519. 3519. 2828.
 2828. 2828. 2828. 3519. 3519. 3519. 3519. 3519. 3519. 2828. 2828.   20.
 2828. 3519. 
 3519. 2828.   20. 2828. 3519. 3519. 2828.   20.   20.   20.   20.   20.
   20.   20.   20.   20.   20. 2828. 2828. 2828. 2828.   20.   20.   20.
   20. 2828. 
 3519. 3519. 3519. 2828.   20.   20.   20.   20. 2828. 3519. 3519. 2828.
 3519. 3519. 3519. 2828. 2828. 2828. 2828. 2828. 3519. 3519. 3519. 2828.
 2828. 2828. 
 3519. 3519. 3519. 3519. 3519. 3519. 3519. 3519. 2828. 2828. 2828. 3519.
 3519. 2828. 2828. 2828. 3519. 3519. 2828.   20.   20.   20.   20.   20.
   20.   20. 
   20.   20. 2828. 3519. 3519. 3519. 3519. 2828. 2828. 2828.   20. 2828.
 3519. 3519. 3519. 2828.   20.   20.   20.   20. 2828. 3519. 3519. 2828.
 2828. 3519. 
 3519. 3519. 3519. 3519. 3519. 2828. 3519. 3519. 2828. 3519. 2828. 3519.
 3519. 3519. 2828. 2828. 2828. 3519. 3519. 3519. 3519. 2828. 2828. 3519.
 3519. 2828. 
 2828. 3519. 3519. 3519. 2828.   20.   20.   20.   20.   20.   20.   20.
   20. 2828. 3519. 3519. 3519. 3519. 3519. 3519. 3519. 3519. 2828. 2828.
 3519. 3519. 
 3519.   20.   20.   20.   20. 2828. 2828. 3519. 3519. 2828. 2828. 2828.
 3519. 3519. 3519. 3519. 3519. 3519. 3519. 2828. 2828. 2828. 2828. 3519.
 3519. 3519. 
 2828.   20. 2828. 2828. 3519. 3519. 3519. 3519. 3519. 3519. 3519. 2828.
 2828. 3519. 3519. 3519. 2828.   20.   20.   20.   20.   20.   20.   20.
   20. 2828. 
 3519. 3519. 3519. 3519. 3519. 3519. 3519. 3519. 3519. 3519. 3519. 3519.
 2828.   20.   20.   20.   20. 2828. 2828. 3519. 3519. 2828. 3519. 3519.
 2828. 2828. 
 2828. 2828. 2828. 2828. 2828. 3519. 3519. 2828. 2828. 3519. 3519. 2828.
   20.   20.   20. 2828. 2828. 2828. 2828. 3519. 3519. 3519. 2828. 2828.
 2828. 3519. 
 3519. 2828. 2828.   20.   20.   20.   20.   20.   20.   20.   20. 2828.
 3519. 3519. 3519. 2828. 2828. 2828. 3519. 3519. 2828. 2828. 2828. 2828.
 2828. 2828. 
   20.   20.   20.   20. 2828. 3519. 2828. 2828. 2828. 2828. 3519. 3519.
 3519. 3519. 3519. 3519. 3519. 3519. 3519. 2828. 3519. 3519. 3519. 2828.
   20.   20. 
   20.   20.   20. 2828. 2828. 2828. 2828. 2828. 2828. 3519. 3519. 3519.
 3519. 2828.   20.   20.   20.   20.   20.   20.   20.   20.   20.   20.
 2828. 3519. 
 3519. 3519. 2828.   20. 2828. 2828. 2828. 3519. 3519. 3519. 3519. 3519.
 2828. 2828.   20. 2828. 2828. 3519. 3519. 2828. 2828. 2828. 2828. 2828.
 3519. 3519. 
 3519. 3519. 3519. 3519. 2828. 2828. 3519. 3519. 2828. 2828.   20.   20.
   20.   20.   20.   20.   20.   20. 2828. 3519. 3519. 3519. 3519. 3519.
 2828. 2828. 
   20.   20.   20.   20.   20.   20.   20.   20.   20.   20.   20. 2828.
 3519. 3519. 2828.   20. 2828. 2828. 3519. 3519. 3519. 3519. 3519. 3519.
 3519. 3519. 
 2828. 2828. 2828. 3519. 3519. 2828. 3519. 3519. 3519. 3519. 2828. 2828.
 2828. 2828. 2828. 2828. 2828. 2828. 3519. 3519. 2828.   20.   20.   20.
   20.   20. 
   20.   20.   20.   20. 2828. 3519. 3519. 3519. 2828. 2828. 2828.   20.
   20.   20.   20.   20. 2828. 2828.   20.   20.   20.   20.   20. 2828.
 3519. 3519. 
 3519. 2828. 2828. 3519. 3519. 3519. 2828. 2828. 2828. 3519. 3519. 3519.
 3519. 3519. 2828. 3519. 3519. 2828. 3519. 3519. 3519. 3519. 3519. 3519.
 3519. 3519. 
 3519. 2828. 2828. 3519. 3519. 2828. 2828.   20.   20.   20.   20.   20.
   20.   20.   20.   20. 2828. 3519. 3519. 3519.   20.   20.   20.   20.
 2828. 2828. 
 2828. 3519. 3519. 3519. 2828. 2828. 2828. 2828.   20. 2828. 3519. 3519.
 3519. 2828. 2828. 3519. 3519. 2828. 2828. 3519. 2828. 2828. 2828. 3519.
 3519. 3519. 
 3519. 3519. 2828. 2828. 2828. 2828. 2828. 2828. 3519. 3519. 3519. 3519.
 3519. 3519. 3519. 3519. 3519. 2828.   20.   20.   20.   20.   20.   20.
   20.   20. 
   20.   20. 2828. 3519. 3519. 3519.   20.   20.   20. 2828. 2828. 3519.
 3519. 3519. 3519. 3519. 3519. 3519. 3519. 3519. 2828. 2828. 3519. 3519.
 3519. 2828. 
 2828. 3519. 3519. 2828. 3519. 3519. 3519. 2828.   20. 2828. 2828. 3519.
 3519. 2828. 2828.   20.   20.   20.   20.   20. 2828. 2828. 2828. 3519.
 3519. 3519. 
 3519. 3519. 2828.   20.   20.   20.   20.   20.   20.   20.   20.   20.
   20.   20.   20. 2828. 3519. 3519.   20.   20.   20. 2828. 3519. 3519.
 3519. 3519. 
 3519. 3519. 3519. 3519. 3519. 3519. 3519. 3519. 3519. 3519. 3519. 2828.
 2828. 3519. 3519. 2828. 2828. 3519. 3519. 3519. 2828.   20. 2828. 2828.
 2828. 2828. 
 2828.   20.   20.   20.   20.   20.   20.   20. 2828. 2828. 2828. 2828.
 2828. 2828.   20.   20.   20.   20.   20.   20.   20.   20.   20.   20.
   20.   20. 
   20. 2828. 2828. 3519.   20.   20.   20. 2828. 3519. 3519. 2828. 2828.
 2828. 2828. 2828. 3519. 3519. 3519. 3519. 3519. 3519. 3519. 2828. 3519.
 2828. 3519. 
 3519. 2828. 2828. 3519. 3519. 3519. 3519. 2828. 2828. 2828. 3519. 3519.
 2828.   20.   20.   20.   20.   20.   20.   20.   20.   20.   20.   20.
   20.   20. 
   20.   20.   20.   20.   20.   20.   20.   20.   20.   20.   20.   20.
   20.   20. 2828. 3519.   20.   20.   20. 2828. 3519. 3519. 3519. 2828.
 3519. 3519. 
 3519. 2828. 2828. 2828. 2828. 2828. 2828. 2828. 2828. 3519. 2828. 3519.
 3519. 3519. 2828. 2828. 3519. 3519. 3519. 3519. 3519. 3519. 3519. 3519.
 2828.   20. 
 20. 20. 20. 20. 20. 20. 20. 20. 20. 20. 20. 20. 20. 20. 20. 20. 20. 20.
 20. 20. 20. 20. 20. 20. 20. 20. 
 2828. 2828.   20.   20.   20. 2828. 3519. 3519. 2828. 3519. 3519. 3519.
 3519. 3519. 3519. 3519. 3519. 2828. 2828.   20. 2828. 3519. 2828. 3519.
 3519. 3519. 
 2828.   20. 2828. 3519. 3519. 3519. 3519. 3519. 3519. 2828. 2828.   20.
   20.   20.   20.   20.   20.   20.   20.   20.   20.   20.   20.   20.
   20.   20. 
   20.   20.   20.   20.   20. 2828. 2828. 2828. 2828. 2828. 2828. 2828.
 2828. 2828.   20.   20.   20. 2828. 3519. 3519. 2828. 3519. 3519. 2828.
 2828. 3519. 
 3519. 3519. 3519. 3519. 3519. 2828. 2828. 3519. 3519. 2828. 3519. 3519.
 2828.   20.   20. 2828. 2828. 2828. 2828. 3519. 2828. 2828.   20.   20.
   20.   20. 
   20.   20.   20.   20.   20.   20.   20.   20.   20.   20.   20.   20.
   20.   20.   20. 2828. 2828. 3519. 3519. 3519. 3519. 3519. 2828. 3519.
 2828. 2828. 
   20.   20.   20. 2828. 3519. 3519. 2828. 3519. 2828.   20.   20. 2828.
 2828. 3519. 3519. 3519. 3519. 3519. 3519. 3519. 3519. 2828. 3519. 3519.
 3519. 2828. 
   20.   20.   20. 2828. 2828. 2828. 3519. 2828.   20.   20.   20.   20.
   20.   20.   20.   20.   20.   20.   20.   20.   20.   20.   20.   20.
   20.   20. 
 2828. 2828. 3519. 3519. 3519. 3519. 3519. 3519. 3519. 3519. 3519. 3519.
 2828.   20.   20. 2828. 3519. 3519. 2828. 3519. 2828.   20.   20.   20.
   20. 2828. 
 2828. 2828. 3519. 3519. 3519. 3519. 3519. 2828. 3519. 3519. 3519. 2828.
   20.   20.   20. 2828. 3519. 3519. 3519. 2828.   20.   20.   20.   20.
   20.   20. 
   20.   20.   20.   20.   20.   20.   20.   20.   20.   20.   20.   20.
 2828. 3519. 3519. 3519. 3519. 3519. 3519. 3519. 3519. 3519. 3519. 3519.
 3519. 2828. 
 2828. 2828. 3519. 3519. 2828. 3519. 2828.   20.   20.   20. 2828. 2828.
 2828. 2828. 2828. 2828. 2828. 2828. 2828. 3519. 3519. 3519. 3519. 2828.
   20.   20. 
 2828. 2828. 3519. 3519. 3519. 2828.   20.   20.   20.   20.   20.   20.
   20.   20.   20.   20.   20.   20.   20.   20.   20.   20.   20.   20.
 2828. 3519. 
 3519. 2828. 2828. 2828. 2828. 2828. 2828. 2828. 2828. 3519. 3519. 3519.
 3519. 3519. 3519. 3519. 2828. 2828.   20.   20. 2828. 2828. 2828. 3519.
 3519. 2828. 
 2828. 2828. 2828. 3519. 3519. 3519. 3519. 3519. 2828. 2828. 2828. 2828.
 2828. 3519. 3519. 3519. 3519. 2828.   20.   20.   20.   20.   20.   20.
   20.   20. 
   20.   20.   20.   20.   20.   20.   20.   20.   20.   20. 2828. 3519.
 3519. 2828.   20.   20.   20.   20.   20. 2828. 2828. 2828. 3519. 3519.
 3519. 3519. 
 3519. 2828. 3519. 2828.   20. 2828. 3519. 3519. 3519. 3519. 3519. 3519.
 3519. 3519. 3519. 3519. 3519. 3519. 3519. 2828. 2828. 3519. 3519. 3519.
 3519. 3519. 
 3519. 3519. 2828.   20.   20.   20.   20.   20.   20.   20.   20.   20.
   20.   20.   20.   20.   20.   20.   20.   20.   20.   20. 2828. 3519.
 3519. 2828. 
   20.   20.   20.   20.   20.   20.   20.   20. 2828. 2828. 2828. 2828.
 2828. 3519. 3519. 2828.   20. 2828. 3519. 3519. 3519. 3519. 3519. 3519.
 3519. 3519. 
 3519. 3519. 3519. 2828. 2828. 2828. 3519. 3519. 3519. 3519. 3519. 3519.
 2828. 2828.   20.   20.   20.   20.   20.   20.   20.   20.   20.   20.
   20.   20. 
   20.   20.   20.   20.   20.   20.   20. 2828. 2828. 3519. 3519. 2828.
   20.   20.   20.   20.   20.   20.   20.   20. 3519. 3519. 2828. 2828.
 3519. 3519. 
 3519. 2828.   20. 2828. 3519. 3519. 2828. 2828. 2828. 2828. 2828. 2828.
 2828. 2828. 2828. 2828. 2828. 3519. 3519. 3519. 3519. 3519. 2828. 2828.
 2828.   20. 
   20.   20.   20.   20.   20.   20.   20.   20.   20.   20.   20.   20.
   20.   20.   20.   20.   20.   20.   20. 2828. 2828. 3519. 3519. 2828.
   20.   20. 
   20.   20.   20.   20.   20.   20. 3519. 3519. 3519. 3519. 3519. 3519.
 2828.   20.   20. 2828. 3519. 3519. 2828.   20.   20.   20.   20. 2828.
 2828. 3519. 
 3519. 2828. 2828. 2828. 2828. 2828. 2828. 2828.   20.   20.   20.   20.
   20.   20.   20.   20.   20.   20.   20.   20.   20.   20.   20.   20.
   20.   20. 
   20.   20.   20.   20.   20.   20. 2828. 3519. 3519. 2828.   20.   20.
   20.   20.   20.   20.   20.   20. 2828. 3519. 3519. 3519. 3519. 3519.
 2828.   20. 
   20. 2828. 3519. 3519. 2828.   20.   20.   20.   20. 2828. 3519. 3519.
 2828. 2828.   20.   20.   20.   20.   20.   20.   20.   20.   20.   20.
   20.   20. 
   20.   20.   20.   20.   20.   20.   20.   20.   20.   20.   20.   20.
   20.   20.   20.   20.   20.   20. 2828. 3519. 3519. 2828.   20.   20.
   20.   20. 
   20.   20.   20.   20. 2828. 2828. 3519. 3519. 3519. 2828.   20.   20.
   20. 2828. 3519. 3519. 2828.   20.   20.   20.   20. 2828. 3519. 3519.
 3519. 2828. 
   20.   20.   20.   20.   20.   20.   20.   20.   20.   20.   20.   20.
   20.   20.   20.   20.   20.   20.   20.   20.   20. 2828. 2828. 2828.
 2828. 2828. 
   20.   20.   20.   20. 2828. 3519. 3519. 2828.   20.   20.   20.   20.
   20.   20.   20.   20.   20. 2828. 2828. 2828. 2828.   20.   20.   20.
   20. 2828. 
 3519. 3519. 2828.   20.   20.   20.   20. 2828. 3519. 3519. 3519. 2828.
   20.   20.   20.   20.   20.   20.   20.   20.   20.   20.   20.   20.
   20.   20. 
   20.   20.   20.   20.   20.   20. 2828. 3519. 3519. 3519. 3519. 3519.
 2828.   20.   20.   20. 2828. 3519. 3519. 3519. 2828.   20.   20.   20.
   20.   20. 
   20.   20.   20.   20.   20.   20.   20.   20.   20.   20.   20. 2828.
 3519. 3519. 2828. 2828.   20.   20.   20. 2828. 2828. 3519. 3519. 2828.
   20.   20. 
   20.   20.   20.   20.   20.   20.   20.   20.   20.   20.   20.   20.
   20.   20.   20.   20.   20. 2828. 2828. 3519. 3519. 3519. 3519. 3519.
 3519. 2828. 
 2828.   20. 2828. 3519. 3519. 3519. 2828.   20.   20.   20.   20.   20.
   20.   20. 
/