PERMI
 1036.  753.  753. 1036. 1036. 1036. 1036. 1036. 1036. 1036.  753.  753.
   39.  753.  753. 1036. 1036.  753.  753.  753.  753. 1036. 1036. 1036.
 1036.  753. 
 753.  39.  39.  39.  39.  39.  39.  39.  39.  39.  39.  39.  39.  39.
  39.  39.  39.  39.  39.  39.  39.  39.  39.  39.  39.  39. 
   39.   39.   39.   39.   39.   39.   39.   39.   39.   39.   39.   39.
  753.  753.  753.  753. 1036. 1036. 1036. 1036. 1036. 1036. 1036.  753.
   39.  753. 
  753. 1036. 1036.  753.  753.  753. 1036. 1036. 1036. 1036. 1036. 1036.
  753.   39.   39.   39.   39.   39.   39.   39.   39.   39.   39.   39.
   39.   39. 
  39.  39.  39.  39.  39.  39.  39.  39.  39.  39.  39.  39.  39.  39.
  39.  39.  39.  39.  39.  39.  39.  39.  39.  39. 753. 753. 
  753.  753.  753.  753.  753.  753.  753. 1036. 1036.  753.  753.  753.
  753. 1036. 1036.  753.  753.  753.  753.  753.  753.  753.  753.  753.
  753.   39. 
 39. 39. 39. 39. 39. 39. 39. 39. 39. 39. 39. 39. 39. 39. 39. 39. 39. 39.
 39. 39. 39. 39. 39. 39. 39. 39. 
   39.   39.   39.   39.   39.   39.   39.   39.   39.   39.  753.  753.
  753.  753.  753.  753.  753.  753.  753.  753. 1036. 1036.  753.   39.
  753. 1036. 
 1036. 1036. 1036. 1036. 1036. 1036. 1036. 1036. 1036. 1036.  753.  753.
   39.   39.   39.   39.   39.   39.   39.   39.   39.   39.   39.   39.
   39.   39. 
   39.   39.   39.   39.   39.   39.   39.   39.   39.   39.   39.   39.
   39.   39.   39.   39.   39.   39.   39.   39.   39.   39. 1036. 1036.
 1036. 1036. 
 1036. 1036. 1036. 1036. 1036.  753. 1036.  753.  753.   39.  753.  753.
 1036. 1036. 1036. 1036. 1036. 1036. 1036. 1036. 1036. 1036. 1036.  753.
   39.   39. 
 39. 39. 39. 39. 39. 39. 39. 39. 39. 39. 39. 39. 39. 39. 39. 39. 39. 39.
 39. 39. 39. 39. 39. 39. 39. 39. 
   39.   39.   39.   39.   39.   39.   39.   39. 1036. 1036. 1036. 1036.
 1036. 1036. 1036. 1036. 1036.  753.  753.  753.  753.   39.   39.   39.
  753.  753. 
  753.  753.  753.  753.  753.  753.  753. 1036. 1036.  753.   39.   39.
   39.   39.   39.   39.   39.   39.   39.   39.   39.   39.   39.   39.
   39.   39. 
   39.   39.   39.   39.   39.   39.   39.   39.   39.   39.   39.   39.
   39.   39.   39.   39.   39.   39.   39.   39. 1036. 1036.  753.  753.
  753.  753. 
  753. 1036. 1036.  753.  753.  753.   39.   39.   39.   39.   39.   39.
   39.  753.  753.  753.  753. 1036.  753. 1036. 1036.  753.   39.   39.
   39.   39. 
 39. 39. 39. 39. 39. 39. 39. 39. 39. 39. 39. 39. 39. 39. 39. 39. 39. 39.
 39. 39. 39. 39. 39. 39. 39. 39. 
   39.   39.   39.   39.   39.   39.  753.  753.  753.  753.  753.  753.
  753. 1036. 1036.  753.  753.  753.   39.  753.  753.  753.  753.  753.
  753.   39. 
   39.   39.  753. 1036.  753.  753. 1036.  753.  753.  753.  753.  753.
  753.  753.   39.   39.   39.   39.   39.   39.   39.   39.   39.   39.
   39.   39. 
   39.   39.   39.   39.   39.   39.   39.   39.   39.   39.   39.   39.
   39.   39.   39.   39.   39.   39.  753. 1036. 1036. 1036. 1036.  753.
  753. 1036. 
 1036.  753.  753.  753.  753.  753.  753.  753. 1036. 1036.  753.  753.
   39.   39.  753. 1036.  753.  753. 1036. 1036.  753. 1036. 1036. 1036.
 1036.  753. 
 753.  39.  39.  39.  39.  39.  39.  39.  39.  39.  39.  39.  39.  39.
  39.  39.  39.  39.  39.  39.  39.  39.  39.  39.  39.  39. 
   39.   39.   39.   39.  753.  753.  753. 1036. 1036.  753.  753. 1036.
 1036.  753.  753.  753. 1036.  753.  753.  753.  753. 1036. 1036.  753.
   39.   39. 
   39.  753.  753.  753. 1036. 1036.  753.  753. 1036. 1036. 1036. 1036.
  753.  753.   39.   39.   39.   39.   39.   39.   39.   39.   39.   39.
   39.   39. 
   39.   39.   39.   39.   39.   39.   39.   39.   39.   39.   39.   39.
   39.   39.   39.   39.  753.  753.  753.  753. 1036.  753.  753. 1036.
 1036.  753. 
  753.  753.  753.  753.  753.  753.  753.  753. 1036.  753.   39.   39.
   39.   39.  753.  753.  753. 1036. 1036.  753.  753.  753.  753.  753.
  753.  753. 
 39. 39. 39. 39. 39. 39. 39. 39. 39. 39. 39. 39. 39. 39. 39. 39. 39. 39.
 39. 39. 39. 39. 39. 39. 39. 39. 
   39.   39.   39.   39.  753. 1036. 1036.  753. 1036. 1036. 1036.  753.
  753.  753. 1036. 1036. 1036. 1036. 1036.  753.  753.  753.  753.   39.
   39.   39. 
   39.   39.  753. 1036. 1036. 1036. 1036. 1036. 1036. 1036.  753.  753.
  753.  753.   39.   39.   39.   39.   39.   39.   39.   39.   39.   39.
   39.   39. 
   39.   39.   39.   39.   39.   39.   39.   39.   39.   39.   39.   39.
   39.   39.   39.  753.  753. 1036. 1036.  753. 1036. 1036. 1036. 1036.
 1036. 1036. 
 1036. 1036. 1036. 1036. 1036.  753.  753. 1036.  753.   39.   39.   39.
   39.   39.  753.  753. 1036. 1036. 1036. 1036. 1036. 1036. 1036. 1036.
 1036.  753. 
 753.  39.  39.  39.  39.  39.  39.  39.  39.  39.  39.  39.  39.  39.
  39.  39.  39.  39.  39.  39.  39.  39.  39.  39.  39.  39. 
   39.  753.  753. 1036. 1036.  753.  753. 1036. 1036. 1036. 1036. 1036.
 1036.  753.  753. 1036. 1036.  753.  753. 1036.  753.  753.   39.   39.
   39.  753. 
  753.  753.  753.  753. 1036. 1036. 1036. 1036. 1036. 1036. 1036. 1036.
  753.   39.   39.   39.   39.   39.   39.   39.   39.   39.   39.   39.
   39.   39. 
   39.   39.   39.   39.   39.   39.   39.   39.   39.   39.   39.   39.
   39.  753.  753. 1036. 1036.  753.  753.  753.  753.  753.  753.  753.
  753.  753. 
  753.  753. 1036. 1036.  753. 1036. 1036.  753.  753.  753.  753.  753.
  753.  753.  753.  753.  753.  753.  753.  753.  753. 1036. 1036. 1036.
 1036.  753. 
  39.  39.  39.  39.  39.  39.  39.  39.  39.  39.  39.  39.  39.  39.
  39.  39.  39.  39.  39.  39.  39.  39.  39.  39.  39. 753. 
  753. 1036. 1036. 1036.  753.  753.  753.  753.  753.   39.   39.   39.
  753. 1036. 1036.  753.  753. 1036. 1036.  753.  753. 1036. 1036. 1036.
 1036. 1036. 
 1036. 1036.  753. 1036. 1036. 1036.  753.  753. 1036. 1036. 1036.  753.
  753.  753.   39.   39.   39.   39.   39.   39.   39.   39.   39.   39.
   39.   39. 
   39.   39.   39.   39.   39.   39.   39.   39.   39.   39.   39.  753.
  753. 1036. 1036. 1036. 1036.  753.  753.  753.  753.  753.  753.   39.
  753. 1036. 
 1036.  753.  753.  753.  753.  753.  753.  753.  753. 1036. 1036. 1036.
 1036. 1036.  753. 1036. 1036. 1036.  753.  753. 1036. 1036. 1036.  753.
 1036.  753. 
 753.  39.  39.  39.  39.  39.  39.  39.  39.  39.  39.  39.  39.  39.
  39.  39.  39.  39.  39.  39.  39.  39.  39.  39. 753. 753. 
 1036. 1036. 1036. 1036. 1036. 1036. 1036.  753.  753.  753.  753. 1036.
 1036.  753.  753.  753.  753. 1036. 1036.  753.  753.  753.  753.  753.
  753.  753. 
  753. 1036. 1036.  753.  753.  753. 1036. 1036.  753. 1036. 1036. 1036.
  753.   39.   39.   39.   39.   39.   39.   39.   39.   39.   39.   39.
   39.   39. 
   39.   39.   39.   39.   39.   39.   39.   39.   39.   39.   39.  753.
  753. 1036. 1036. 1036. 1036. 1036. 1036. 1036. 1036.  753. 1036. 1036.
 1036. 1036. 
 1036. 1036. 1036. 1036. 1036. 1036. 1036.  753.  753.  753.  753.  753.
  753. 1036. 1036. 1036.  753.  753. 1036. 1036.  753.  753. 1036. 1036.
  753.   39. 
  39.  39.  39.  39.  39.  39.  39.  39.  39.  39.  39.  39.  39.  39.
  39.  39.  39.  39.  39.  39.  39.  39.  39.  39. 753. 753. 
  753.  753. 1036. 1036. 1036. 1036.  753.  753. 1036. 1036. 1036. 1036.
 1036. 1036. 1036. 1036. 1036. 1036. 1036.  753.  753.  753.  753. 1036.
  753. 1036. 
 1036. 1036.  753. 1036. 1036. 1036.  753.  753. 1036. 1036.  753.  753.
   39.   39.   39.   39.   39.   39.   39.   39.   39.   39.   39.   39.
   39.   39. 
   39.   39.   39.   39.   39.   39.   39.   39.   39.   39.   39.   39.
  753.  753.  753.  753.  753. 1036. 1036.  753.  753. 1036. 1036. 1036.
 1036.  753. 
  753.  753.  753. 1036. 1036. 1036.  753.  753. 1036. 1036.  753.  753.
 1036. 1036.  753. 1036. 1036.  753.  753.  753. 1036. 1036.  753.  753.
   39.   39. 
 39. 39. 39. 39. 39. 39. 39. 39. 39. 39. 39. 39. 39. 39. 39. 39. 39. 39.
 39. 39. 39. 39. 39. 39. 39. 39. 
   39.  753.  753. 1036. 1036.  753.  753.  753.  753.  753.  753.  753.
  753.   39.  753.  753. 1036. 1036.  753.  753. 1036. 1036. 1036.  753.
  753.  753. 
  753. 1036. 1036.  753.  753.  753.  753.  753.  753.  753.  753.  753.
   39.   39.   39.   39.   39.   39.   39.   39.   39.   39.   39.   39.
   39.   39. 
   39.   39.   39.   39.   39.   39.   39.   39.   39.   39.   39.   39.
   39.  753.  753. 1036. 1036.  753.  753.  753.  753.  753.   39.   39.
   39.   39. 
  753.  753. 1036. 1036.  753.  753.  753. 1036. 1036.  753.  753.  753.
  753. 1036. 1036. 1036. 1036. 1036. 1036. 1036. 1036. 1036. 1036.  753.
  753.   39. 
  39.  39.  39.  39.  39.  39.  39.  39.  39.  39.  39.  39.  39.  39.
  39.  39.  39.  39.  39.  39.  39.  39.  39.  39. 753. 753. 
 1036. 1036. 1036.  753.  753.  753.  753.  753.   39.   39.   39.   39.
  753.  753. 1036. 1036. 1036.  753.  753. 1036.  753.  753.  753.  753.
  753.  753. 
 1036. 1036. 1036. 1036. 1036. 1036. 1036. 1036. 1036. 1036.  753.  753.
  753.   39.   39.   39.   39.   39.   39.   39.   39.   39.   39.   39.
   39.   39. 
   39.   39.   39.   39.   39.   39.   39.   39.   39.   39.  753.  753.
 1036. 1036.  753.  753.  753.  753.  753.  753.  753.  753.   39.   39.
   39.  753. 
  753. 1036. 1036.  753.  753.  753.  753.  753. 1036. 1036. 1036.  753.
  753.  753. 1036. 1036.  753.  753.  753.  753. 1036. 1036. 1036.  753.
  753.  753. 
   39.   39.   39.   39.   39.   39.   39.   39.   39.   39.   39.   39.
   39.   39.   39.   39.   39.   39.   39.   39.   39.  753.  753. 1036.
 1036. 1036. 
  753.  753.  753.  753. 1036. 1036.  753.  753.  753.   39.   39.  753.
  753. 1036. 1036. 1036. 1036. 1036. 1036. 1036. 1036. 1036. 1036. 1036.
 1036. 1036. 
  753.  753.  753.  753. 1036.  753.  753. 1036. 1036.  753.  753.  753.
  753.   39.   39.   39.   39.   39.   39.   39.   39.   39.   39.   39.
   39.   39. 
   39.   39.   39.   39.   39.   39.   39.   39.  753.  753. 1036. 1036.
 1036. 1036. 1036. 1036. 1036. 1036. 1036.  753.  753.   39.   39.   39.
  753.  753. 
 1036. 1036. 1036. 1036. 1036. 1036. 1036.  753.  753.  753.  753. 1036.
 1036. 1036.  753.  753. 1036. 1036.  753. 1036. 1036. 1036.  753.  753.
  753.   39. 
  753.  753.  753.  753.  753.   39.   39.   39.   39.   39.   39.   39.
   39.   39.   39.   39.   39.   39.   39.   39.  753.  753. 1036. 1036.
 1036. 1036. 
 1036. 1036.  753. 1036. 1036. 1036.  753.  753.   39.   39.   39.  753.
  753.  753. 1036.  753.  753.  753.  753.  753.  753.  753.  753. 1036.
 1036. 1036. 
  753.  753.  753.  753.  753. 1036. 1036. 1036.  753. 1036.  753.  753.
  753. 1036. 1036. 1036.  753.  753.   39.   39.   39.   39.   39.   39.
   39.   39. 
   39.   39.   39.   39.   39.   39.  753.  753.  753.  753.  753.  753.
  753.  753.  753. 1036. 1036. 1036.  753.  753.   39.   39.   39.   39.
  753.  753. 
  753.  753.  753.  753.   39.   39.   39.   39.  753.  753. 1036. 1036.
 1036.  753.  753.  753.  753. 1036. 1036. 1036.  753.  753. 1036. 1036.
 1036. 1036. 
 1036. 1036. 1036.  753.   39.   39.   39.   39.   39.   39.   39.   39.
   39.   39.   39.   39.   39.   39.   39.   39.  753.  753.  753.  753.
  753.  753. 
  753.  753. 1036. 1036.  753.  753.   39.   39.   39.   39.   39.   39.
   39.   39.   39.   39.   39.   39.   39.   39.  753.  753. 1036. 1036.
 1036.  753. 
  753.  753.  753.  753. 1036. 1036. 1036. 1036. 1036. 1036. 1036. 1036.
 1036. 1036. 1036.  753.  753.   39.   39.   39.   39.   39.   39.   39.
   39.   39. 
   39.   39.   39.   39.   39.   39.   39.   39.   39.   39.   39.   39.
  753.  753. 1036. 1036.  753.  753.   39.   39.   39.   39.   39.   39.
   39.   39. 
   39.   39.   39.   39.   39.   39.  753.  753. 1036. 1036. 1036.  753.
  753. 1036. 1036.  753.  753. 1036. 1036. 1036. 1036. 1036. 1036.  753.
  753. 1036. 
 1036. 1036.  753.   39.   39.   39.   39.   39.   39.   39.   39.   39.
   39.   39.   39.   39.   39.   39.   39.   39.   39.   39.   39.   39.
  753. 1036. 
 1036. 1036.  753.  753.   39.   39.   39.   39.   39.   39.   39.   39.
   39.   39.   39.   39.   39.   39.   39.  753. 1036. 1036. 1036.  753.
  753.  753. 
  753.  753.  753.  753. 1036. 1036.  753.  753.  753.  753.   39.  753.
 1036. 1036.  753.  753.  753.  753.  753.  753.   39.   39.   39.   39.
   39.   39. 
   39.   39.   39.   39.   39.   39.   39.   39.   39.   39.  753. 1036.
 1036. 1036.  753.  753.   39.   39.   39.   39.   39.   39.   39.   39.
   39.   39. 
   39.   39.   39.   39.   39.  753.  753. 1036. 1036.  753.  753.  753.
  753.  753. 1036. 1036.  753.  753.  753.  753.  753.  753.  753.  753.
 1036. 1036. 
 1036.  753.  753.  753. 1036. 1036.   39.   39.   39.   39.   39.   39.
   39.   39.   39.   39.   39.   39.   39.   39.   39.   39.  753. 1036.
 1036. 1036. 
  753.  753.  753.  753.  753.   39.   39.   39.   39.   39.   39.   39.
   39.   39.   39.   39.   39.  753.  753. 1036. 1036.  753. 1036. 1036.
 1036. 1036. 
 1036. 1036. 1036. 1036. 1036.  753.  753. 1036. 1036.  753.  753. 1036.
 1036. 1036. 1036. 1036. 1036. 1036.   39.   39.   39.   39.   39.   39.
   39.   39. 
   39.   39.   39.   39.   39.   39.   39.   39.  753.  753. 1036. 1036.
 1036. 1036. 1036.  753.  753.  753.  753.  753.   39.   39.   39.   39.
   39.   39. 
   39.   39.   39.  753.  753. 1036. 1036. 1036. 1036. 1036. 1036. 1036.
 1036. 1036. 1036. 1036. 1036.  753. 1036. 1036. 1036. 1036.  753. 1036.
 1036. 1036. 
 1036. 1036. 1036.  753.   39.   39.   39.   39.   39.   39.   39.   39.
   39.   39.   39.   39.   39.   39.   39.   39.   39.  753.  753. 1036.
 1036. 1036. 
 1036. 1036. 1036.  753.  753.  753.  753.  753.   39.   39.   39.   39.
   39.   39.   39.   39.  753.  753. 1036. 1036. 1036.  753.  753.  753.
  753.  753. 
 1036. 1036. 1036.  753. 1036. 1036. 1036. 1036. 1036.  753.  753. 1036.
 1036.  753.  753.  753.   39.   39.   39.   39.   39.   39.   39.   39.
   39.   39. 
   39.   39.   39.   39.   39.   39.   39.  753.  753.  753. 1036. 1036.
 1036. 1036. 1036. 1036. 1036. 1036.  753.  753.  753.   39.   39.   39.
   39.   39. 
   39.   39.   39.  753.  753.  753.  753.  753.  753.  753.  753.  753.
 1036. 1036.  753.  753.  753.  753.  753. 1036. 1036. 1036.  753.  753.
  753. 1036. 
 753. 753.  39.  39.  39.  39.  39.  39.  39.  39.  39.  39.  39.  39.
  39.  39.  39.  39.  39.  39. 753. 753. 753. 753. 753. 753. 
 1036. 1036. 1036. 1036. 1036.  753.  753.   39.   39.   39.   39.   39.
   39.   39.   39.   39.   39.  753.  753.   39.   39.   39.  753.  753.
 1036. 1036. 
  753.  753.  753.  753.  753.  753.  753. 1036. 1036. 1036.  753.  753.
 1036.  753.   39.   39.   39.   39.   39.   39.   39.   39.   39.   39.
   39.   39. 
   39.   39.   39.   39.   39.   39.   39.   39.   39.   39.  753.  753.
  753.  753. 1036. 1036. 1036.  753.  753.   39.   39.   39.   39.   39.
   39.   39. 
   39.   39.   39.   39.   39.   39.   39.   39.  753. 1036. 1036. 1036.
  753.  753.  753.  753. 1036.  753.  753.  753. 1036. 1036. 1036.  753.
 1036.  753. 
 753. 753.  39.  39.  39.  39.  39.  39.  39.  39.  39.  39.  39.  39.
  39.  39.  39.  39.  39.  39.  39.  39.  39.  39. 753. 753. 
  753. 1036. 1036. 1036.  753.   39.   39.   39.   39.   39.   39.   39.
   39.   39.   39.   39.   39.   39.   39.  753.  753. 1036. 1036. 1036.
  753.   39. 
  753.  753.  753.  753.  753.  753. 1036. 1036. 1036.  753. 1036. 1036.
 1036.  753.  753.   39.   39.   39.   39.   39.   39.   39.   39.   39.
   39.   39. 
   39.   39.   39.   39.   39.   39.   39.   39.   39.   39.   39.  753.
  753. 1036. 1036. 1036.  753.   39.   39.   39.   39.   39.   39.   39.
   39.   39. 
   39.   39.   39.   39.   39.  753.  753. 1036. 1036.  753.  753.   39.
   39.   39.   39.   39.   39.  753. 1036. 1036. 1036.  753. 1036. 1036.
 1036. 1036. 
  753.   39.   39.   39.   39.   39.   39.   39.   39.   39.   39.   39.
   39.   39.   39.   39.   39.   39.   39.   39.   39.   39.   39.  753.
  753. 1036. 
 1036.  753.  753.  753.   39.   39.   39.   39.   39.   39.   39.   39.
   39.   39.   39.   39.   39.  753.  753. 1036. 1036.  753.  753.   39.
   39.   39. 
   39.   39.   39.  753. 1036. 1036. 1036.  753.  753.  753. 1036. 1036.
  753.  753.   39.   39.   39.   39.   39.   39.   39.   39.   39.   39.
   39.   39. 
   39.   39.   39.   39.   39.   39.   39.   39.   39.  753.  753. 1036.
 1036. 1036.  753.  753.  753.  753.  753.   39.   39.   39.   39.   39.
   39.   39. 
   39.   39.   39.  753.  753. 1036. 1036.  753.  753.  753.  753.  753.
  753.  753.  753.  753. 1036. 1036. 1036.  753.  753.  753. 1036. 1036.
  753.   39. 
   39.   39.   39.   39.   39.   39.   39.   39.   39.   39.   39.   39.
   39.   39.   39.   39.   39.   39.   39.   39.   39.  753.  753. 1036.
 1036. 1036. 
 1036.  753.  753.  753.  753.  753.  753.  753.  753.  753.  753.   39.
   39.   39.   39.  753.  753. 1036. 1036. 1036.  753.  753. 1036. 1036.
 1036. 1036. 
 1036.  753.  753. 1036. 1036.  753.  753.  753. 1036. 1036.  753.   39.
   39.   39.   39.   39.   39.   39.   39.   39.   39.   39.   39.   39.
   39.   39. 
   39.   39.   39.   39.   39.   39.   39.   39.  753.  753. 1036. 1036.
 1036. 1036. 1036. 1036. 1036. 1036. 1036. 1036. 1036.  753.  753.  753.
   39.   39. 
   39.   39.  753.  753. 1036. 1036. 1036. 1036. 1036. 1036. 1036. 1036.
 1036. 1036.  753.  753. 1036.  753. 1036. 1036. 1036. 1036.  753.   39.
   39.   39. 
   39.   39.   39.   39.   39.   39.   39.   39.   39.   39.   39.   39.
   39.   39.   39.   39.   39.   39.   39.   39.  753.  753.  753. 1036.
 1036. 1036. 
 1036. 1036. 1036. 1036. 1036. 1036. 1036. 1036. 1036.  753.  753.   39.
   39.   39.   39.  753.  753. 1036. 1036. 1036. 1036. 1036. 1036. 1036.
 1036. 1036. 
 1036.  753.  753. 1036. 1036. 1036. 1036. 1036.  753.   39.   39.   39.
  753.  753.  753.  753.  753.  753.   39.   39.   39.   39.   39.   39.
   39.   39. 
   39.   39.   39.   39.   39.   39.   39.  753.  753.  753.  753. 1036.
 1036. 1036. 1036. 1036. 1036. 1036. 1036. 1036. 1036.  753.  753.   39.
   39.   39. 
   39.   39.  753.  753.  753.  753.  753.  753.  753.  753.  753. 1036.
 1036.  753.  753. 1036. 1036. 1036. 1036. 1036.  753.  753.  753.  753.
  753. 1036. 
 1036.  753.  753.  753.  753.   39.   39.   39.   39.   39.   39.   39.
   39.   39.   39.   39.   39.   39.   39.   39.  753.  753.  753.  753.
  753.  753. 
  753.  753.  753.  753.  753. 1036. 1036.  753.  753.   39.   39.   39.
   39.   39.   39.   39.  753.  753.  753.  753.   39.  753.  753. 1036.
 1036.  753. 
  753. 1036.  753.  753. 1036. 1036.  753.  753. 1036. 1036. 1036. 1036.
 1036. 1036. 1036. 1036.  753.  753.   39.   39.   39.   39.   39.   39.
   39.   39. 
   39.   39.   39.   39.   39.   39.   39.   39.   39.  753.  753.  753.
  753.   39.   39.  753.  753. 1036. 1036.  753.  753.   39.   39.   39.
   39.   39. 
   39.   39.   39.   39.   39.   39.   39.  753.  753. 1036. 1036.  753.
  753.  753.  753.  753. 1036. 1036. 1036. 1036. 1036. 1036. 1036. 1036.
 1036. 1036. 
 1036. 1036. 1036.  753.   39.   39.   39.   39.   39.   39.   39.   39.
   39.   39.   39.   39.   39.   39.   39.   39.   39.   39.   39.   39.
   39.   39. 
   39.  753.  753. 1036. 1036.  753.  753.   39.   39.   39.  753.  753.
  753.   39.   39.   39.   39.   39.  753.  753. 1036. 1036. 1036.  753.
  753.   39. 
   39.   39.  753. 1036. 1036. 1036. 1036.  753.  753.  753.  753.  753.
 1036. 1036. 1036.  753.   39.   39.   39.   39.   39.   39.   39.   39.
   39.   39. 
   39.   39.   39.   39.   39.   39.   39.   39.   39.   39.   39.   39.
  753.  753. 1036. 1036. 1036.  753.  753.   39.  753.  753.  753.  753.
  753.  753. 
   39.   39.   39.   39.  753.  753. 1036. 1036. 1036.  753.   39.   39.
   39.  753.  753.  753.  753.  753.  753.  753.   39.   39.  753.  753.
 1036. 1036. 
 753. 753.  39.  39.  39.  39.  39.  39.  39.  39.  39.  39.  39.  39.
  39.  39.  39.  39.  39.  39.  39.  39.  39.  39. 753. 753. 
 1036. 1036.  753.  753.  753.  753.  753.  753. 1036. 1036. 1036.  753.
  753.   39.   39.  753.  753. 1036. 1036. 1036.  753.  753.  753.  753.
  753.  753. 
   39.  753.  753.  753.   39.   39.   39.   39.  753. 1036. 1036. 1036.
  753.   39.   39.   39.   39.   39.   39.   39.   39.   39.   39.   39.
   39.   39. 
   39.   39.   39.   39.   39.   39.   39.   39.   39.   39.  753. 1036.
 1036. 1036.  753.  753.  753. 1036. 1036. 1036. 1036. 1036. 1036. 1036.
  753.   39. 
   39.  753.  753. 1036. 1036. 1036.  753.  753. 1036. 1036. 1036. 1036.
   39.   39.   39.   39.   39.   39.   39.  753. 1036. 1036. 1036.  753.
  753.   39. 
  753.  753.   39.   39.   39.   39.   39.   39.   39.   39.   39.   39.
   39.   39.   39.   39.   39.   39.   39.   39.   39.   39.  753.  753.
 1036. 1036. 
 1036. 1036. 1036. 1036. 1036. 1036. 1036.  753. 1036. 1036.  753.  753.
   39.  753.  753. 1036. 1036. 1036. 1036. 1036. 1036. 1036. 1036. 1036.
   39.   39. 
   39.   39.   39.   39.  753.  753. 1036. 1036. 1036.  753.  753.  753.
  753.  753.  753.  753.   39.   39.   39.   39.   39.   39.   39.   39.
   39.   39. 
   39.   39.   39.   39.   39.   39.   39.   39.  753.  753. 1036. 1036.
 1036. 1036. 1036.  753.  753.  753.  753.  753. 1036. 1036.  753.  753.
  753.  753. 
  753.  753. 1036. 1036. 1036. 1036. 1036. 1036.  753.  753.   39.   39.
   39.   39.   39.   39.  753. 1036. 1036. 1036.  753.  753. 1036. 1036.
 1036. 1036. 
 1036.  753.  753.   39.   39.   39.   39.   39.   39.   39.   39.   39.
   39.   39.   39.   39.   39.   39.   39.   39.   39.  753.  753.  753.
  753.  753. 
  753.  753.  753.  753.   39.  753. 1036. 1036.  753.  753.  753. 1036.
  753.  753.  753.  753.  753.  753.  753.  753.  753.  753.   39.   39.
   39.   39. 
   39.   39.  753. 1036. 1036. 1036. 1036. 1036. 1036. 1036. 1036. 1036.
 1036. 1036.  753.   39.   39.   39.   39.   39.   39.   39.   39.   39.
   39.   39. 
   39.   39.   39.   39.   39.   39.   39.   39.  753.  753.  753.  753.
  753.   39.   39.   39.   39.  753. 1036. 1036. 1036.  753. 1036. 1036.
 1036.  753. 
  753.  753.  753.  753.  753.   39.  753.  753.   39.   39.   39.   39.
   39.   39.  753.  753. 1036. 1036. 1036. 1036. 1036.  753.  753.  753.
 1036. 1036. 
 753. 753.  39.  39.  39.  39.  39.  39.  39.  39.  39.  39.  39.  39.
  39.  39.  39.  39.  39.  39.  39.  39.  39.  39.  39.  39. 
   39.   39.   39.  753. 1036. 1036. 1036. 1036. 1036. 1036. 1036.  753.
 1036. 1036. 1036.  753.  753.   39.   39.  753.   39.   39.   39.   39.
   39.   39. 
   39.  753.  753.  753.  753.  753.  753.  753.  753.  753. 1036. 1036.
  753.  753.   39.   39.   39.   39.   39.   39.   39.   39.   39.   39.
   39.   39. 
   39.   39.   39.   39.   39.   39.   39.   39.   39.   39.   39.   39.
   39.   39.   39.  753. 1036. 1036. 1036. 1036. 1036. 1036.  753.  753.
  753. 1036. 
 1036.  753.  753.   39.   39.  753.  753.  753.   39.   39.   39.   39.
   39.   39.  753.  753.  753.   39.   39.   39.  753.  753. 1036. 1036.
  753.   39. 
  39.  39.  39. 753. 753. 753. 753.  39.  39.  39.  39.  39.  39.  39.
  39.  39.  39.  39.  39.  39.  39.  39.  39.  39.  39.  39. 
   39.  753.  753. 1036. 1036. 1036.  753.  753.  753.  753.  753. 1036.
 1036.  753.  753.   39.   39.   39. 1036.  753.   39.   39.   39.   39.
   39.   39. 
   39.   39.   39.   39.   39.   39.  753.  753. 1036. 1036.  753.   39.
   39.   39.  753.  753.  753.  753.  753.  753.  753.   39.   39.   39.
   39.   39. 
   39.   39.   39.   39.   39.   39.   39.   39.   39.   39.   39.   39.
   39.   39.  753.  753.  753.  753.  753.   39.   39.  753.  753. 1036.
 1036.  753. 
  753.   39.   39.   39. 1036.  753.   39.   39.   39.   39.   39.   39.
   39.   39.   39.   39.   39.   39.  753. 1036. 1036. 1036.  753.   39.
  753.  753. 
  753. 1036. 1036. 1036. 1036.  753.  753.   39.   39.   39.   39.   39.
   39.   39.   39.   39.   39.   39.   39.   39.   39.   39.   39.   39.
   39.   39. 
   39.   39.   39.   39.   39.   39.   39.  753. 1036. 1036. 1036.  753.
  753.   39.   39.   39. 1036.  753.  753.   39.   39.   39.   39.   39.
   39.   39. 
   39.   39.   39.   39.  753.  753. 1036. 1036.  753.  753.  753. 1036.
 1036. 1036. 1036. 1036. 1036. 1036.  753.  753.   39.   39.   39.   39.
   39.   39. 
   39.   39.   39.   39.   39.   39.   39.   39.   39.   39.   39.   39.
   39.   39.   39.   39.   39.   39.   39.  753. 1036. 1036. 1036.  753.
   39.   39. 
   39.   39. 1036. 1036.  753.  753.   39.   39.   39.   39.   39.   39.
   39.   39.   39.   39.  753.  753. 1036. 1036. 1036. 1036. 1036. 1036.
 1036. 1036. 
 1036. 1036. 1036. 1036.  753.  753.   39.   39.   39.   39.   39.   39.
   39.   39.   39.   39.   39.   39.   39.   39.   39.   39.   39.   39.
   39.   39. 
   39.   39.   39.   39.  753.  753. 1036. 1036.  753.  753.   39.   39.
   39.   39. 
/