PERMI
   19.   19.   19.   19.   19. 2802. 3444. 3444. 3444. 3444. 2802. 2802.
 2802.   19.   19.   19.   19.   19.   19.   19.   19.   19.   19.   19.
 2802. 3444. 
 3444. 3444. 2802. 2802.   19.   19.   19.   19.   19.   19.   19.   19.
   19.   19.   19.   19.   19. 2802. 2802. 2802. 2802. 2802. 2802. 3444.
 3444. 3444. 
 2802.   19.   19.   19. 2802. 2802. 3444. 3444. 3444. 3444. 2802. 2802.
   19.   19.   19.   19.   19. 2802. 3444. 3444. 3444. 2802. 2802.   19.
   19.   19. 
   19.   19.   19.   19.   19.   19.   19.   19.   19. 2802. 2802. 3444.
 3444. 3444. 2802. 2802.   19.   19.   19.   19.   19.   19.   19.   19.
   19.   19. 
   19.   19. 2802. 2802. 2802. 2802. 2802. 2802. 3444. 3444. 3444. 3444.
 2802.   19. 2802. 2802. 2802. 3444. 3444. 3444. 3444. 2802. 2802. 2802.
   19.   19. 
   19.   19.   19. 2802. 2802. 3444. 3444. 3444. 2802.   19.   19.   19.
   19.   19.   19.   19.   19.   19.   19.   19.   19.   19. 2802. 3444.
 3444. 3444. 
 3444. 2802. 2802.   19.   19.   19.   19.   19.   19.   19.   19.   19.
 2802. 2802. 2802. 2802. 2802. 2802. 2802. 3444. 3444. 3444. 3444. 2802.
 2802.   19. 
 2802. 2802. 3444. 3444. 3444. 3444. 3444. 2802. 2802.   19.   19.   19.
   19.   19.   19. 2802. 2802. 3444. 3444. 3444. 2802. 2802.   19.   19.
   19.   19. 
   19.   19.   19.   19.   19.   19.   19.   19. 2802. 2802. 3444. 3444.
 3444. 2802. 2802.   19.   19.   19.   19.   19.   19.   19.   19.   19.
 2802. 3444. 
 2802. 2802. 2802. 2802. 3444. 3444. 3444. 3444. 3444. 2802. 2802. 2802.
 2802. 3444. 3444. 3444. 3444. 2802. 2802. 2802.   19.   19.   19.   19.
   19.   19. 
   19. 2802. 2802. 3444. 3444. 3444. 2802. 2802.   19.   19.   19.   19.
   19.   19.   19.   19.   19.   19.   19.   19. 2802. 2802. 3444. 3444.
 3444. 3444. 
 2802. 2802.   19.   19.   19.   19.   19.   19.   19. 2802. 2802. 2802.
 2802. 2802. 3444. 3444. 3444. 3444. 3444. 3444. 2802. 2802. 2802. 2802.
 2802. 3444. 
 3444. 3444. 2802. 2802. 2802.   19.   19.   19.   19.   19.   19.   19.
   19.   19. 2802. 3444. 3444. 3444. 3444. 2802.   19.   19.   19.   19.
   19.   19. 
   19.   19.   19.   19.   19.   19.   19. 2802. 2802. 3444. 3444. 3444.
 2802. 2802.   19.   19.   19.   19.   19.   19.   19. 2802. 2802. 2802.
 3444. 3444. 
 3444. 3444. 3444. 3444. 3444. 2802. 2802. 2802.   19. 2802. 2802. 3444.
 3444. 3444. 2802. 2802.   19.   19.   19.   19.   19.   19.   19.   19.
   19.   19. 
 2802. 3444. 3444. 3444. 3444. 2802. 2802.   19.   19.   19.   19.   19.
   19.   19.   19.   19.   19. 2802. 2802. 2802. 3444. 3444. 3444. 3444.
 2802. 2802. 
   19.   19.   19.   19.   19.   19.   19. 2802. 2802. 3444. 3444. 3444.
 3444. 3444. 3444. 2802. 2802. 2802. 2802.   19.   19.   19. 2802. 2802.
 3444. 3444. 
 3444. 2802. 2802.   19.   19.   19.   19.   19.   19.   19.   19.   19.
 2802. 2802. 3444. 3444. 3444. 2802. 2802.   19.   19.   19.   19.   19.
   19.   19. 
   19.   19.   19. 2802. 2802. 3444. 3444. 3444. 3444. 3444. 2802. 2802.
   19.   19.   19.   19.   19.   19.   19. 2802. 2802. 3444. 3444. 3444.
 3444. 2802. 
 2802. 2802. 2802. 2802.   19.   19.   19.   19. 2802. 2802. 3444. 3444.
 3444. 3444. 2802. 2802.   19.   19.   19.   19.   19.   19.   19.   19.
   19. 2802. 
 2802. 3444. 3444. 3444. 2802.   19.   19.   19.   19.   19.   19.   19.
   19.   19. 2802. 2802. 3444. 3444. 3444. 3444. 3444. 2802. 2802. 2802.
   19.   19. 
   19.   19.   19.   19.   19. 2802. 2802. 3444. 3444. 3444. 2802. 2802.
 2802. 2802. 2802. 2802. 2802.   19.   19.   19.   19. 2802. 2802. 3444.
 3444. 3444. 
 2802. 2802.   19.   19.   19.   19.   19.   19.   19.   19.   19. 2802.
 2802. 3444. 3444. 3444. 2802.   19.   19.   19.   19.   19.   19.   19.
   19.   19. 
 2802. 2802. 3444. 3444. 3444. 3444. 2802. 2802. 2802.   19.   19.   19.
   19.   19.   19.   19.   19. 2802. 2802. 3444. 3444. 3444. 2802. 2802.
 2802. 3444. 
 3444. 3444. 2802. 2802.   19.   19.   19. 2802. 2802. 3444. 3444. 3444.
 2802. 2802.   19.   19.   19.   19.   19.   19.   19.   19.   19. 2802.
 3444. 3444. 
 3444. 2802. 2802.   19.   19.   19.   19.   19.   19.   19.   19. 2802.
 2802. 3444. 3444. 3444. 3444. 3444. 2802. 2802.   19.   19.   19.   19.
   19.   19. 
   19.   19. 2802. 2802. 2802. 3444. 3444. 3444. 3444. 2802. 2802. 3444.
 3444. 3444. 3444. 2802. 2802. 2802. 2802. 2802. 2802. 3444. 3444. 3444.
 2802. 2802. 
   19.   19.   19.   19.   19.   19.   19.   19. 2802. 2802. 3444. 3444.
 3444. 2802.   19.   19.   19.   19.   19.   19.   19.   19.   19. 2802.
 2802. 3444. 
 3444. 3444. 3444. 2802. 2802.   19.   19.   19.   19.   19.   19.   19.
   19. 2802. 2802. 2802. 2802. 3444. 3444. 3444. 3444. 2802. 2802. 3444.
 3444. 3444. 
 3444. 2802. 2802. 2802. 2802. 3444. 3444. 3444. 3444. 3444. 2802.   19.
   19.   19.   19.   19.   19.   19.   19. 2802. 2802. 3444. 3444. 3444.
 2802. 2802. 
   19.   19.   19.   19.   19.   19.   19.   19.   19.   19. 2802. 3444.
 3444. 3444. 3444. 3444. 2802. 2802.   19.   19.   19.   19.   19. 2802.
 2802. 2802. 
 2802. 2802. 2802. 3444. 3444. 3444. 3444. 2802. 2802. 3444. 3444. 3444.
 2802. 2802. 2802. 3444. 3444. 3444. 3444. 3444. 3444. 2802. 2802.   19.
   19.   19. 
   19.   19.   19.   19. 2802. 2802. 3444. 3444. 3444. 3444. 2802.   19.
   19.   19.   19.   19.   19.   19.   19.   19.   19.   19. 2802. 2802.
 3444. 3444. 
 3444. 3444. 3444. 2802. 2802.   19.   19. 2802. 2802. 2802. 2802. 2802.
 2802. 2802. 3444. 3444. 3444. 3444. 3444. 2802. 2802. 2802. 2802. 3444.
 2802. 2802. 
 3444. 3444. 3444. 3444. 3444. 3444. 2802. 2802.   19.   19.   19.   19.
   19.   19.   19. 2802. 2802. 3444. 3444. 3444. 3444. 2802.   19.   19.
   19.   19. 
   19.   19.   19.   19.   19.   19.   19.   19. 2802. 2802. 2802. 3444.
 3444. 3444. 3444. 3444. 2802.   19. 2802. 2802. 2802. 3444. 3444. 3444.
 3444. 3444. 
 3444. 3444. 3444. 3444. 2802. 2802. 2802. 2802. 2802. 2802. 2802. 3444.
 3444. 3444. 3444. 3444. 2802. 2802. 2802.   19.   19.   19.   19.   19.
   19.   19. 
   19. 2802. 2802. 3444. 3444. 3444. 2802. 2802.   19.   19.   19.   19.
   19.   19.   19.   19.   19.   19.   19.   19.   19. 2802. 2802. 2802.
 3444. 3444. 
 3444. 3444. 2802. 2802. 2802. 2802. 3444. 3444. 3444. 3444. 3444. 3444.
 3444. 3444. 3444. 2802. 2802. 2802. 3444. 2802. 2802. 2802. 3444. 3444.
 3444. 3444. 
 3444. 2802. 2802. 2802.   19.   19.   19.   19.   19.   19.   19.   19.
   19. 2802. 3444. 3444. 3444. 3444. 2802.   19.   19.   19.   19.   19.
   19.   19. 
   19.   19.   19.   19.   19.   19.   19.   19. 2802. 2802. 2802. 3444.
 3444. 3444. 2802. 2802. 2802. 3444. 3444. 3444. 3444. 3444. 3444. 3444.
 3444. 3444. 
 2802. 2802. 2802. 2802. 3444. 2802. 2802. 2802. 3444. 3444. 3444. 3444.
 2802. 2802. 2802.   19.   19.   19.   19.   19.   19.   19.   19.   19.
   19. 2802. 
 3444. 3444. 3444. 3444. 2802.   19.   19.   19.   19.   19.   19.   19.
   19.   19.   19.   19.   19.   19.   19.   19.   19. 2802. 2802. 3444.
 3444. 3444. 
 2802. 2802. 3444. 3444. 3444. 3444. 3444. 3444. 2802. 2802. 2802. 2802.
 2802. 2802. 2802. 3444. 2802. 2802. 2802. 2802. 3444. 3444. 3444. 3444.
 2802.   19. 
   19.   19.   19.   19.   19.   19.   19.   19.   19.   19.   19. 2802.
 2802. 3444. 3444. 3444. 2802. 2802.   19.   19.   19.   19.   19.   19.
   19.   19. 
   19.   19.   19.   19.   19.   19.   19. 2802. 2802. 3444. 3444. 3444.
 2802. 2802. 3444. 3444. 3444. 3444. 2802. 2802. 2802. 2802. 2802. 2802.
 2802. 2802. 
 3444. 2802. 2802. 3444. 2802. 3444. 3444. 3444. 3444. 2802. 2802.   19.
   19.   19.   19.   19.   19.   19.   19.   19.   19.   19.   19. 2802.
 2802. 3444. 
 3444. 3444. 2802. 2802.   19.   19.   19.   19.   19.   19.   19.   19.
   19.   19.   19.   19.   19.   19. 2802. 2802. 3444. 3444. 3444. 3444.
 2802. 2802. 
 3444. 3444. 3444. 3444. 2802. 2802. 2802. 2802. 2802. 2802. 3444. 3444.
 2802. 2802. 3444. 3444. 2802. 3444. 3444. 3444. 3444. 2802. 2802.   19.
   19.   19. 
   19.   19.   19.   19.   19.   19.   19.   19.   19.   19. 2802. 3444.
 3444. 3444. 2802. 2802.   19.   19.   19.   19.   19.   19.   19.   19.
   19.   19. 
   19.   19.   19.   19. 2802. 2802. 3444. 3444. 3444. 2802. 2802. 2802.
 3444. 3444. 3444. 3444. 2802. 2802. 3444. 3444. 2802. 3444. 3444. 3444.
 2802. 2802. 
 3444. 3444. 2802. 3444. 3444. 3444. 3444. 2802.   19.   19.   19.   19.
   19.   19.   19.   19.   19.   19.   19.   19.   19.   19. 2802. 2802.
 3444. 3444. 
 3444. 2802.   19.   19.   19.   19.   19.   19.   19.   19.   19.   19.
   19.   19.   19.   19. 2802. 2802. 3444. 3444. 3444. 2802. 2802. 2802.
 3444. 3444. 
 3444. 3444. 2802. 2802. 3444. 3444. 2802. 2802. 3444. 3444. 2802. 3444.
 3444. 2802. 2802. 3444. 3444. 3444. 2802. 2802.   19.   19.   19.   19.
   19.   19. 
   19.   19.   19.   19.   19.   19.   19. 2802. 2802. 2802. 3444. 3444.
 3444. 2802.   19.   19.   19.   19.   19.   19.   19.   19.   19.   19.
   19.   19. 
   19.   19. 2802. 2802. 3444. 3444. 3444. 2802. 2802. 2802. 2802. 3444.
 3444. 3444. 2802. 2802. 2802. 3444. 2802. 3444. 3444. 3444. 2802. 3444.
 2802. 2802. 
 3444. 3444. 3444. 3444. 2802. 2802.   19.   19.   19.   19.   19.   19.
   19.   19.   19.   19.   19.   19. 2802. 2802. 2802. 3444. 3444. 3444.
 3444. 2802. 
   19.   19.   19.   19.   19.   19.   19.   19.   19.   19.   19.   19.
   19.   19.   19. 2802. 3444. 3444. 3444. 3444. 2802. 2802. 2802. 3444.
 3444. 3444. 
 3444. 2802. 2802. 3444. 2802. 2802. 3444. 3444. 2802. 2802. 2802. 2802.
 3444. 3444. 3444. 3444. 2802.   19.   19.   19.   19.   19.   19.   19.
   19.   19. 
   19.   19.   19. 2802. 2802. 3444. 3444. 3444. 3444. 3444. 2802. 2802.
   19.   19.   19.   19.   19.   19.   19.   19.   19.   19.   19.   19.
   19.   19. 
   19. 2802. 2802. 3444. 3444. 3444. 3444. 3444. 2802. 2802. 3444. 3444.
 3444. 2802. 2802. 3444. 2802. 2802. 3444. 3444. 2802. 2802. 3444. 3444.
 3444. 3444. 
 3444. 2802. 2802.   19.   19.   19.   19.   19.   19.   19.   19.   19.
   19.   19. 2802. 2802. 3444. 3444. 3444. 3444. 3444. 3444. 2802. 2802.
   19.   19. 
   19.   19.   19.   19.   19.   19.   19.   19.   19.   19.   19.   19.
   19.   19. 2802. 2802. 3444. 3444. 3444. 3444. 2802. 2802. 3444. 3444.
 3444. 3444. 
 2802. 2802. 2802. 2802. 2802. 2802. 2802. 3444. 3444. 3444. 3444. 3444.
 2802. 2802.   19.   19.   19.   19.   19.   19.   19.   19.   19.   19.
   19.   19. 
 2802. 3444. 3444. 3444. 3444. 3444. 2802. 2802. 2802.   19.   19.   19.
   19.   19.   19.   19.   19.   19.   19.   19.   19.   19.   19.   19.
   19.   19. 
   19. 2802. 2802. 3444. 2802. 2802. 2802. 2802. 3444. 3444. 3444. 2802.
 2802. 2802.   19.   19. 2802. 2802. 2802. 3444. 3444. 3444. 3444. 2802.
 2802. 2802. 
   19.   19.   19.   19.   19.   19.   19.   19.   19.   19.   19.   19.
 3444. 3444. 3444. 3444. 2802. 2802. 2802. 2802.   19.   19.   19.   19.
   19.   19. 
   19.   19.   19.   19.   19.   19.   19.   19.   19.   19.   19.   19.
   19. 2802. 2802. 2802. 2802. 2802. 2802. 3444. 3444. 3444. 3444. 2802.
 2802.   19. 
   19. 2802. 2802. 3444. 3444. 3444. 3444. 3444. 2802. 2802. 2802. 2802.
   19.   19.   19.   19.   19.   19.   19.   19.   19.   19.   19.   19.
 3444. 3444. 
 3444. 2802. 2802.   19.   19.   19.   19.   19.   19.   19.   19.   19.
   19.   19.   19.   19.   19.   19.   19.   19.   19.   19.   19.   19.
 2802. 2802. 
 2802. 2802. 2802. 3444. 3444. 3444. 3444. 3444. 2802. 2802. 2802. 2802.
 2802. 2802. 3444. 3444. 3444. 3444. 3444. 2802. 2802. 2802. 2802. 2802.
   19.   19. 
   19.   19.   19.   19.   19.   19.   19.   19.   19.   19. 3444. 3444.
 3444. 2802.   19.   19.   19.   19.   19.   19.   19.   19.   19.   19.
   19.   19. 
   19.   19.   19.   19.   19.   19.   19.   19.   19. 2802. 2802. 3444.
 2802. 2802. 3444. 3444. 3444. 3444. 3444. 2802. 2802. 2802. 2802. 2802.
 2802. 2802. 
 3444. 3444. 3444. 2802. 2802. 2802. 2802. 3444. 2802. 2802.   19.   19.
   19.   19.   19.   19.   19.   19.   19.   19.   19.   19. 3444. 3444.
 3444. 2802. 
 2802.   19.   19.   19.   19.   19.   19.   19.   19.   19.   19.   19.
   19.   19.   19.   19.   19.   19.   19.   19. 2802. 2802. 3444. 3444.
 2802. 3444. 
 3444. 3444. 3444. 3444. 2802. 2802. 2802. 2802. 3444. 3444. 2802. 2802.
 3444. 3444. 3444. 2802. 2802. 2802. 3444. 3444. 2802.   19.   19.   19.
   19.   19. 
   19.   19.   19.   19.   19.   19.   19.   19. 3444. 3444. 3444. 2802.
 2802.   19.   19.   19.   19.   19.   19.   19.   19.   19.   19.   19.
   19.   19. 
   19.   19.   19.   19.   19. 2802. 2802. 3444. 3444. 2802. 2802. 3444.
 3444. 3444. 3444. 2802. 2802. 2802. 2802. 3444. 3444. 2802. 2802. 2802.
 2802. 3444. 
 3444. 3444. 3444. 2802. 2802. 2802. 2802.   19.   19.   19.   19.   19.
   19.   19.   19.   19.   19.   19.   19.   19. 3444. 3444. 3444. 3444.
 2802. 2802. 
   19.   19.   19.   19.   19.   19.   19.   19.   19.   19.   19.   19.
   19.   19.   19.   19.   19. 2802. 3444. 3444. 3444. 3444. 2802. 3444.
 3444. 3444. 
 3444. 3444. 3444. 2802. 2802. 2802. 2802. 2802. 3444. 2802. 2802. 2802.
 3444. 3444. 3444. 2802. 2802. 2802.   19.   19.   19.   19.   19.   19.
   19.   19. 
   19.   19.   19.   19.   19.   19. 2802. 3444. 3444. 3444. 2802. 2802.
   19.   19.   19.   19.   19.   19.   19.   19.   19.   19.   19.   19.
   19.   19. 
   19.   19. 2802. 2802. 3444. 3444. 3444. 3444. 2802. 2802. 3444. 3444.
 3444. 3444. 3444. 3444. 3444. 2802. 2802. 2802. 3444. 3444. 2802. 2802.
 2802. 3444. 
 3444. 3444. 2802. 2802.   19.   19.   19.   19.   19.   19.   19.   19.
   19.   19.   19.   19.   19.   19. 2802. 3444. 3444. 3444. 3444. 2802.
   19.   19. 
   19.   19.   19.   19.   19.   19.   19.   19.   19.   19.   19.   19.
   19.   19. 2802. 2802. 3444. 3444. 3444. 2802. 2802. 2802. 2802. 3444.
 3444. 3444. 
 3444. 3444. 3444. 3444. 2802. 2802. 2802. 3444. 3444. 2802. 2802. 3444.
 3444. 3444. 2802. 2802.   19.   19.   19.   19.   19.   19.   19.   19.
   19.   19. 
   19.   19.   19.   19. 2802. 3444. 3444. 3444. 3444. 2802.   19.   19.
   19.   19.   19.   19.   19.   19.   19.   19.   19.   19.   19.   19.
   19.   19. 
 2802. 2802. 3444. 3444. 3444. 2802. 2802. 2802. 2802. 2802. 2802. 3444.
 3444. 3444. 3444. 3444. 2802. 2802. 3444. 3444. 3444. 2802. 2802. 3444.
 3444. 3444. 
 2802. 2802.   19.   19.   19.   19.   19.   19.   19.   19.   19.   19.
   19.   19.   19.   19. 3444. 3444. 3444. 3444. 2802. 2802.   19.   19.
   19.   19. 
   19.   19.   19.   19.   19.   19.   19.   19.   19.   19.   19.   19.
 2802. 2802. 3444. 3444. 3444. 2802. 2802. 2802. 2802. 2802. 2802. 2802.
 3444. 3444. 
 3444. 3444. 3444. 2802. 2802. 3444. 3444. 2802. 2802. 3444. 3444. 3444.
 2802. 2802.   19.   19.   19.   19.   19.   19.   19.   19.   19.   19.
   19.   19. 
   19.   19. 3444. 3444. 3444. 3444. 2802. 2802.   19.   19.   19.   19.
   19.   19.   19.   19.   19.   19.   19.   19.   19.   19.   19.   19.
 2802. 2802. 
 3444. 2802. 2802. 2802. 2802. 2802. 2802. 2802. 3444. 3444. 3444. 3444.
 3444. 3444. 2802. 2802. 2802. 3444. 2802. 2802. 3444. 3444. 3444. 3444.
 2802. 2802. 
   19.   19.   19.   19.   19.   19.   19.   19.   19.   19.   19.   19.
   19.   19. 3444. 3444. 3444. 2802. 2802.   19.   19.   19.   19.   19.
   19.   19. 
   19.   19.   19.   19.   19.   19. 2802. 2802. 2802. 2802. 2802. 2802.
 2802. 2802. 3444. 3444. 2802. 2802. 2802. 3444. 3444. 3444. 3444. 3444.
 3444. 3444. 
 2802. 2802. 2802. 2802. 2802. 3444. 3444. 3444. 3444. 2802. 2802.   19.
   19.   19.   19.   19.   19.   19.   19.   19.   19.   19.   19.   19.
   19.   19. 
 2802. 2802. 2802. 2802.   19.   19.   19.   19.   19.   19.   19.   19.
   19.   19.   19.   19.   19. 2802. 2802. 2802. 3444. 3444. 3444. 3444.
 2802. 3444. 
 3444. 3444. 2802. 2802. 3444. 3444. 3444. 3444. 3444. 3444. 3444. 2802.
 2802. 2802. 2802. 2802. 3444. 3444. 3444. 3444. 2802. 2802. 2802.   19.
   19.   19. 
   19.   19.   19.   19.   19.   19.   19.   19.   19.   19.   19.   19.
 2802. 2802.   19.   19.   19.   19.   19.   19.   19.   19.   19.   19.
   19.   19. 
   19.   19. 2802. 2802. 2802. 3444. 3444. 3444. 3444. 3444. 2802. 3444.
 3444. 2802. 2802. 2802. 3444. 3444. 3444. 3444. 2802. 2802. 2802. 2802.
 3444. 2802. 
 2802. 3444. 3444. 3444. 3444. 3444. 2802. 2802.   19.   19.   19.   19.
   19.   19.   19.   19.   19.   19.   19.   19.   19.   19.   19.   19.
   19.   19. 
   19.   19.   19.   19.   19.   19.   19.   19.   19.   19.   19.   19.
   19.   19. 2802. 2802. 3444. 3444. 3444. 3444. 3444. 3444. 2802. 3444.
 3444. 2802. 
 2802. 3444. 3444. 3444. 3444. 2802. 2802. 2802. 2802. 3444. 3444. 2802.
 2802. 3444. 3444. 3444. 3444. 2802. 2802.   19.   19.   19.   19.   19.
   19.   19. 
 19. 19. 19. 19. 19. 19. 19. 19. 19. 19. 19. 19. 19. 19. 19. 19. 19. 19.
 19. 19. 19. 19. 19. 19. 19. 19. 
 2802. 2802. 3444. 3444. 3444. 3444. 3444. 3444. 2802. 3444. 3444. 2802.
 2802. 3444. 3444. 3444. 3444. 2802. 2802. 3444. 3444. 3444. 3444. 2802.
 3444. 3444. 
 3444. 2802. 2802. 2802.   19.   19.   19.   19.   19.   19.   19.   19.
   19.   19.   19.   19.   19.   19.   19.   19.   19.   19.   19.   19.
   19.   19. 
   19.   19.   19.   19.   19.   19.   19.   19.   19.   19.   19.   19.
 2802. 2802. 3444. 3444. 3444. 3444. 2802. 2802. 2802. 2802. 3444. 2802.
 2802. 3444. 
 3444. 3444. 2802. 2802. 2802. 3444. 3444. 3444. 3444. 2802. 3444. 3444.
 3444. 3444. 2802. 2802. 2802.   19.   19.   19.   19.   19.   19.   19.
   19.   19. 
   19.   19.   19.   19.   19.   19.   19.   19.   19.   19.   19.   19.
   19.   19.   19.   19.   19.   19.   19.   19.   19.   19.   19.   19.
 2802. 2802. 
 3444. 3444. 3444. 3444. 2802. 2802.   19. 2802. 3444. 2802. 2802. 3444.
 3444. 3444. 3444. 2802. 2802. 3444. 3444. 3444. 3444. 2802. 2802. 3444.
 3444. 3444. 
 3444. 2802. 2802. 2802.   19.   19.   19.   19.   19.   19.   19.   19.
   19.   19.   19.   19.   19.   19.   19.   19.   19.   19.   19.   19.
   19.   19. 
   19.   19.   19.   19.   19.   19.   19.   19.   19.   19. 2802. 2802.
 3444. 3444. 3444. 3444. 2802. 2802.   19. 2802. 3444. 2802. 2802. 3444.
 3444. 3444. 
 3444. 2802. 2802. 2802. 3444. 3444. 3444. 2802. 2802. 2802. 3444. 3444.
 3444. 3444. 2802. 2802. 2802.   19.   19.   19.   19.   19.   19.   19.
   19.   19. 
   19.   19.   19.   19.   19.   19.   19.   19.   19.   19.   19.   19.
   19.   19.   19.   19.   19.   19.   19.   19.   19.   19.   19. 2802.
 2802. 3444. 
 3444. 3444. 3444. 2802.   19. 2802. 3444. 2802. 2802. 2802. 3444. 3444.
 3444. 2802. 2802. 2802. 2802. 3444. 3444. 3444. 2802. 2802. 2802. 3444.
 3444. 3444. 
 3444. 2802. 2802.   19.   19.   19.   19.   19.   19.   19.   19.   19.
   19.   19.   19.   19.   19.   19.   19.   19.   19.   19.   19.   19.
   19.   19. 
   19.   19.   19.   19.   19.   19.   19. 2802. 2802. 2802. 2802. 3444.
 3444. 3444. 3444. 2802. 2802. 2802. 3444. 3444. 2802. 2802. 3444. 3444.
 3444. 3444. 
 2802. 2802. 2802. 3444. 3444. 3444. 2802. 2802. 2802. 2802. 2802. 3444.
 3444. 3444. 2802. 2802.   19.   19.   19.   19.   19.   19.   19.   19.
   19.   19. 
   19.   19.   19.   19.   19.   19.   19.   19.   19.   19.   19.   19.
   19.   19.   19.   19.   19.   19. 2802. 2802. 2802. 3444. 3444. 3444.
 3444. 3444. 
 3444. 2802. 3444. 3444. 2802. 2802. 2802. 2802. 3444. 3444. 3444. 3444.
 2802. 2802. 2802. 2802. 3444. 3444. 3444. 2802. 2802. 2802. 2802. 3444.
 3444. 3444. 
 2802. 2802.   19.   19.   19.   19.   19.   19.   19.   19.   19.   19.
   19.   19.   19.   19.   19.   19.   19.   19.   19.   19.   19.   19.
   19.   19. 
   19.   19.   19. 2802. 2802. 3444. 3444. 3444. 3444. 3444. 3444. 3444.
 2802. 2802. 3444. 2802. 2802. 2802. 3444. 3444. 3444. 3444. 3444. 2802.
 2802. 2802. 
 2802. 3444. 3444. 3444. 2802. 2802. 2802. 3444. 3444. 3444. 3444. 3444.
 2802. 2802.   19.   19.   19.   19.   19.   19.   19.   19.   19.   19.
   19.   19. 
   19.   19.   19.   19.   19.   19.   19.   19.   19.   19.   19.   19.
   19.   19. 2802. 2802. 3444. 3444. 3444. 3444. 3444. 3444. 3444. 2802.
 2802. 3444. 
 3444. 2802. 2802. 2802. 3444. 3444. 3444. 3444. 2802. 2802. 2802. 2802.
 3444. 3444. 3444. 2802. 2802. 3444. 3444. 3444. 3444. 3444. 3444. 2802.
 2802.   19. 
 19. 19. 19. 19. 19. 19. 19. 19. 19. 19. 19. 19. 19. 19. 19. 19. 19. 19.
 19. 19. 19. 19. 19. 19. 19. 19. 
 2802. 2802. 3444. 3444. 3444. 3444. 2802. 2802. 2802. 2802. 2802. 3444.
 2802. 2802. 3444. 3444. 3444. 3444. 3444. 2802. 2802. 2802. 2802. 3444.
 3444. 3444. 
 2802. 2802. 3444. 3444. 3444. 3444. 3444. 2802. 2802. 2802.   19.   19.
   19.   19.   19.   19.   19.   19.   19.   19.   19.   19.   19.   19.
   19.   19. 
   19.   19.   19.   19.   19.   19.   19.   19.   19.   19.   19.   19.
 2802. 3444. 3444. 3444. 3444. 2802. 2802. 2802. 2802.   19. 2802. 3444.
 2802. 2802. 
 3444. 3444. 3444. 3444. 2802. 2802. 2802. 2802. 3444. 3444. 3444. 3444.
 2802. 3444. 3444. 3444. 3444. 2802. 2802. 2802. 2802.   19.   19.   19.
   19.   19. 
   19.   19.   19.   19.   19.   19.   19.   19.   19.   19.   19.   19.
   19.   19.   19.   19.   19.   19.   19.   19.   19.   19.   19. 2802.
 2802. 3444. 
 3444. 3444. 2802. 2802.   19.   19.   19.   19. 2802. 3444. 2802. 2802.
 3444. 3444. 2802. 2802. 2802. 2802. 2802. 2802. 3444. 3444. 3444. 2802.
 2802. 3444. 
 3444. 3444. 2802. 2802. 2802.   19.   19.   19.   19.   19.   19.   19.
   19.   19.   19.   19.   19.   19.   19.   19.   19.   19.   19.   19.
   19.   19. 
   19.   19.   19.   19.   19.   19.   19.   19.   19. 2802. 2802. 3444.
 3444. 3444. 2802. 2802.   19.   19.   19.   19. 2802. 2802. 2802. 3444.
 3444. 3444. 
 3444. 2802. 2802. 2802. 2802. 3444. 3444. 3444. 3444. 2802. 2802. 3444.
 3444. 3444. 2802. 2802.   19.   19.   19.   19.   19.   19.   19.   19.
   19.   19. 
   19.   19.   19.   19.   19.   19.   19.   19.   19.   19.   19.   19.
   19.   19.   19.   19.   19.   19.   19.   19.   19. 2802. 2802. 3444.
 3444. 3444. 
 2802. 2802.   19.   19.   19.   19.   19. 2802. 2802. 2802. 3444. 3444.
 3444. 3444. 3444. 2802. 2802. 3444. 3444. 3444. 3444. 2802. 2802. 3444.
 3444. 3444. 
 2802. 2802. 2802.   19.   19.   19.   19.   19.   19.   19.   19.   19.
   19.   19.   19.   19.   19.   19.   19.   19.   19.   19.   19.   19.
   19.   19. 
   19.   19.   19.   19.   19.   19.   19. 2802. 3444. 3444. 3444. 3444.
 2802. 2802.   19.   19.   19.   19.   19.   19. 2802. 2802. 2802. 3444.
 3444. 3444. 
 3444. 3444. 2802. 2802. 3444. 3444. 3444. 2802. 2802. 3444. 3444. 3444.
 3444. 2802. 2802. 2802.   19.   19.   19.   19.   19.   19.   19.   19.
   19.   19. 
   19.   19.   19.   19.   19.   19.   19.   19.   19.   19.   19.   19.
   19.   19.   19. 2802. 2802. 2802. 2802. 2802. 2802. 3444. 3444. 3444.
 2802. 2802. 
   19.   19.   19.   19.   19.   19.   19. 2802. 2802. 2802. 2802. 3444.
 3444. 3444. 2802. 2802. 3444. 3444. 3444. 2802. 2802. 2802. 3444. 3444.
 3444. 3444. 
 2802. 2802.   19.   19.   19.   19.   19.   19.   19.   19.   19.   19.
   19.   19.   19.   19.   19.   19.   19.   19.   19.   19.   19.   19.
   19. 2802. 
 2802. 2802. 2802. 2802. 2802. 2802. 2802. 3444. 3444. 3444. 2802. 2802.
   19.   19.   19.   19.   19.   19.   19. 2802. 2802. 2802. 2802. 2802.
 3444. 3444. 
 3444. 2802. 2802. 3444. 3444. 3444. 2802. 2802. 2802. 3444. 3444. 3444.
 3444. 2802.   19.   19.   19.   19.   19.   19.   19.   19.   19.   19.
   19.   19. 
   19.   19.   19.   19.   19.   19.   19.   19.   19.   19. 2802. 2802.
 2802. 3444. 3444. 3444. 3444. 3444. 3444. 3444. 3444. 3444. 2802.   19.
   19.   19. 
   19.   19.   19.   19.   19. 2802. 2802. 2802. 2802. 2802. 3444. 3444.
 3444. 2802. 2802. 3444. 3444. 2802. 2802. 2802. 2802. 2802. 3444. 3444.
 3444. 2802. 
   19.   19.   19.   19.   19.   19.   19.   19.   19.   19.   19.   19.
   19.   19.   19.   19.   19.   19.   19.   19.   19.   19. 2802. 2802.
 3444. 3444. 
 3444. 3444. 3444. 3444. 3444. 3444. 3444. 3444. 2802.   19.   19.   19.
   19.   19.   19.   19.   19. 2802. 2802. 2802. 3444. 3444. 3444. 3444.
 3444. 2802. 
 2802. 2802. 2802. 2802. 2802. 2802. 2802. 3444. 3444. 3444. 2802. 2802.
   19.   19.   19.   19.   19.   19.   19.   19.   19.   19.   19.   19.
   19.   19. 
   19.   19.   19.   19.   19.   19.   19.   19. 2802. 3444. 3444. 3444.
 3444. 3444. 3444. 3444. 3444. 3444. 3444. 2802. 2802.   19.   19.   19.
   19.   19. 
   19.   19. 2802. 2802. 3444. 3444. 3444. 3444. 3444. 3444. 2802. 2802.
 2802. 2802. 2802. 3444. 3444. 3444. 3444. 3444. 3444. 3444. 2802. 2802.
   19.   19. 
   19.   19.   19.   19.   19.   19.   19.   19.   19.   19.   19.   19.
   19.   19.   19.   19.   19.   19.   19.   19. 2802. 3444. 3444. 3444.
 3444. 2802. 
 2802. 2802. 2802. 2802. 2802. 2802.   19.   19.   19.   19.   19.   19.
   19. 2802. 2802. 2802. 3444. 3444. 3444. 3444. 3444. 2802. 2802. 2802.
 2802. 3444. 
 3444. 3444. 3444. 3444. 3444. 3444. 3444. 3444. 2802. 2802.   19.   19.
   19.   19.   19.   19.   19.   19.   19.   19.   19.   19.   19.   19.
   19.   19. 
   19.   19.   19.   19.   19.   19. 2802. 2802. 3444. 3444. 3444. 3444.
 2802. 2802. 2802. 2802.   19.   19.   19.   19.   19.   19.   19. 2802.
 2802. 2802. 
 2802. 2802. 3444. 3444. 2802. 2802. 2802. 2802. 2802. 2802. 3444. 3444.
 3444. 3444. 3444. 3444. 3444. 3444. 2802. 2802. 2802.   19.   19.   19.
   19.   19. 
 19. 19. 19. 19. 19. 19. 19. 19. 19. 19. 19. 19. 19. 19. 
/