PERMI
 28. 28. 28. 28. 28. 28. 28. 28. 28. 28. 28. 28. 28. 28. 28. 28. 28. 28.
 28. 28. 28. 28. 28. 28. 28. 28. 
   28.   28.   28.   28.   28.   28.   28.   28.   28.   28.   28.   28.
   28.   28.   28.   28.   28.   28.   28.   28. 2423. 2423. 2964. 2964.
 2964. 2964. 
 2964. 2964. 2964. 2964. 2964. 2964. 2964. 2964. 2964. 2964. 2964. 2423.
   28.   28.   28.   28.   28.   28.   28.   28.   28.   28.   28.   28.
   28.   28. 
 28. 28. 28. 28. 28. 28. 28. 28. 28. 28. 28. 28. 28. 28. 28. 28. 28. 28.
 28. 28. 28. 28. 28. 28. 28. 28. 
   28.   28.   28.   28.   28. 2423. 2423. 2964. 2964. 2964. 2964. 2964.
 2964. 2964. 2964. 2964. 2964. 2964. 2964. 2964. 2964. 2964. 2964. 2423.
   28.   28. 
 28. 28. 28. 28. 28. 28. 28. 28. 28. 28. 28. 28. 28. 28. 28. 28. 28. 28.
 28. 28. 28. 28. 28. 28. 28. 28. 
   28.   28.   28.   28.   28.   28.   28.   28.   28.   28.   28.   28.
   28.   28.   28.   28.   28. 2423. 2964. 2964. 2964. 2423. 2423. 2423.
 2423. 2423. 
 2423. 2423. 2423. 2423. 2964. 2964. 2964. 2964. 2423. 2423.   28.   28.
   28.   28.   28.   28.   28.   28.   28.   28.   28.   28.   28.   28.
   28.   28. 
 28. 28. 28. 28. 28. 28. 28. 28. 28. 28. 28. 28. 28. 28. 28. 28. 28. 28.
 28. 28. 28. 28. 28. 28. 28. 28. 
   28.   28.   28. 2423. 2964. 2964. 2423. 2423. 2423. 2423.   28. 2423.
 2423. 2423. 2423. 2423. 2423. 2423. 2423. 2423. 2423.   28.   28.   28.
   28.   28. 
 28. 28. 28. 28. 28. 28. 28. 28. 28. 28. 28. 28. 28. 28. 28. 28. 28. 28.
 28. 28. 28. 28. 28. 28. 28. 28. 
   28.   28.   28.   28.   28.   28.   28.   28.   28.   28.   28.   28.
   28.   28. 2423. 2423. 2964. 2964. 2423. 2423.   28.   28.   28.   28.
   28.   28. 
 28. 28. 28. 28. 28. 28. 28. 28. 28. 28. 28. 28. 28. 28. 28. 28. 28. 28.
 28. 28. 28. 28. 28. 28. 28. 28. 
 28. 28. 28. 28. 28. 28. 28. 28. 28. 28. 28. 28. 28. 28. 28. 28. 28. 28.
 28. 28. 28. 28. 28. 28. 28. 28. 
 2423. 2423. 2964. 2964. 2423.   28.   28.   28.   28.   28.   28.   28.
   28.   28.   28.   28.   28.   28.   28.   28.   28.   28.   28.   28.
   28.   28. 
 28. 28. 28. 28. 28. 28. 28. 28. 28. 28. 28. 28. 28. 28. 28. 28. 28. 28.
 28. 28. 28. 28. 28. 28. 28. 28. 
   28.   28.   28.   28.   28.   28.   28.   28.   28.   28.   28.   28.
 2423. 2964. 2964. 2964. 2423.   28.   28.   28.   28.   28.   28.   28.
   28.   28. 
 28. 28. 28. 28. 28. 28. 28. 28. 28. 28. 28. 28. 28. 28. 28. 28. 28. 28.
 28. 28. 28. 28. 28. 28. 28. 28. 
   28.   28.   28.   28.   28.   28.   28.   28.   28.   28.   28.   28.
   28.   28.   28.   28.   28.   28.   28.   28.   28.   28.   28. 2423.
 2423. 2964. 
 2964. 2423. 2423.   28.   28.   28.   28.   28.   28.   28.   28.   28.
   28.   28.   28.   28.   28.   28.   28.   28.   28.   28.   28.   28.
   28.   28. 
 28. 28. 28. 28. 28. 28. 28. 28. 28. 28. 28. 28. 28. 28. 28. 28. 28. 28.
 28. 28. 28. 28. 28. 28. 28. 28. 
   28.   28.   28.   28.   28.   28.   28.   28.   28. 2423. 2423. 2964.
 2964. 2423. 2423.   28.   28.   28.   28.   28.   28.   28.   28.   28.
   28.   28. 
 28. 28. 28. 28. 28. 28. 28. 28. 28. 28. 28. 28. 28. 28. 28. 28. 28. 28.
 28. 28. 28. 28. 28. 28. 28. 28. 
   28.   28.   28.   28.   28.   28.   28.   28.   28.   28.   28.   28.
   28.   28.   28.   28.   28.   28.   28.   28.   28. 2423. 2423. 2964.
 2964. 2423. 
 28. 28. 28. 28. 28. 28. 28. 28. 28. 28. 28. 28. 28. 28. 28. 28. 28. 28.
 28. 28. 28. 28. 28. 28. 28. 28. 
 28. 28. 28. 28. 28. 28. 28. 28. 28. 28. 28. 28. 28. 28. 28. 28. 28. 28.
 28. 28. 28. 28. 28. 28. 28. 28. 
   28.   28.   28.   28.   28. 2423. 2423. 2423. 2423. 2964. 2964. 2423.
 2423.   28.   28.   28.   28.   28.   28.   28.   28.   28.   28.   28.
   28.   28. 
 28. 28. 28. 28. 28. 28. 28. 28. 28. 28. 28. 28. 28. 28. 28. 28. 28. 28.
 28. 28. 28. 28. 28. 28. 28. 28. 
   28.   28.   28.   28.   28.   28.   28.   28.   28.   28.   28.   28.
   28. 2423. 2423. 2423. 2423. 2423. 2423. 2423. 2964. 2964. 2964. 2423.
 2423.   28. 
 28. 28. 28. 28. 28. 28. 28. 28. 28. 28. 28. 28. 28. 28. 28. 28. 28. 28.
 28. 28. 28. 28. 28. 28. 28. 28. 
   28.   28.   28.   28.   28.   28.   28.   28.   28.   28.   28.   28.
   28.   28.   28.   28.   28.   28.   28.   28.   28.   28.   28.   28.
 2423. 2423. 
 2423. 2964. 2964. 2964. 2964. 2964. 2964. 2964. 2423. 2423.   28.   28.
   28.   28.   28.   28.   28.   28.   28.   28.   28.   28.   28.   28.
   28.   28. 
 28. 28. 28. 28. 28. 28. 28. 28. 28. 28. 28. 28. 28. 28. 28. 28. 28. 28.
 28. 28. 28. 28. 28. 28. 28. 28. 
   28.   28.   28.   28.   28.   28.   28.   28.   28. 2423. 2423. 2964.
 2964. 2964. 2964. 2964. 2964. 2964. 2423. 2423. 2423.   28.   28.   28.
   28.   28. 
 28. 28. 28. 28. 28. 28. 28. 28. 28. 28. 28. 28. 28. 28. 28. 28. 28. 28.
 28. 28. 28. 28. 28. 28. 28. 28. 
   28.   28.   28.   28.   28.   28.   28.   28.   28.   28.   28.   28.
   28.   28.   28.   28.   28.   28.   28.   28.   28. 2423. 2964. 2964.
 2964. 2423. 
 2423. 2423. 2423. 2423. 2423. 2423.   28.   28.   28.   28.   28.   28.
   28.   28.   28.   28.   28.   28.   28.   28.   28.   28.   28.   28.
   28.   28. 
 28. 28. 28. 28. 28. 28. 28. 28. 28. 28. 28. 28. 28. 28. 28. 28. 28. 28.
 28. 28. 28. 28. 28. 28. 28. 28. 
   28.   28.   28.   28.   28.   28. 2423. 2423. 2964. 2964. 2423. 2423.
 2423. 2423. 2423.   28.   28.   28.   28.   28.   28.   28.   28.   28.
   28.   28. 
 28. 28. 28. 28. 28. 28. 28. 28. 28. 28. 28. 28. 28. 28. 28. 28. 28. 28.
 28. 28. 28. 28. 28. 28. 28. 28. 
   28.   28.   28.   28.   28.   28.   28.   28.   28.   28.   28.   28.
   28.   28.   28.   28.   28.   28. 2423. 2423. 2964. 2964. 2964. 2423.
   28.   28. 
 28. 28. 28. 28. 28. 28. 28. 28. 28. 28. 28. 28. 28. 28. 28. 28. 28. 28.
 28. 28. 28. 28. 28. 28. 28. 28. 
 28. 28. 28. 28. 28. 28. 28. 28. 28. 28. 28. 28. 28. 28. 28. 28. 28. 28.
 28. 28. 28. 28. 28. 28. 28. 28. 
   28.   28.   28.   28.   28. 2423. 2423. 2964. 2964. 2423. 2423.   28.
   28.   28.   28.   28.   28.   28.   28.   28.   28.   28.   28.   28.
   28.   28. 
 28. 28. 28. 28. 28. 28. 28. 28. 28. 28. 28. 28. 28. 28. 28. 28. 28. 28.
 28. 28. 28. 28. 28. 28. 28. 28. 
   28.   28.   28.   28.   28.   28.   28.   28.   28.   28.   28.   28.
   28.   28.   28.   28.   28. 2423. 2423. 2964. 2964. 2964. 2423.   28.
   28.   28. 
 28. 28. 28. 28. 28. 28. 28. 28. 28. 28. 28. 28. 28. 28. 28. 28. 28. 28.
 28. 28. 28. 28. 28. 28. 28. 28. 
 28. 28. 28. 28. 28. 28. 28. 28. 28. 28. 28. 28. 28. 28. 28. 28. 28. 28.
 28. 28. 28. 28. 28. 28. 28. 28. 
   28.   28.   28.   28. 2423. 2423. 2964. 2964. 2423. 2423.   28.   28.
   28.   28.   28.   28.   28.   28.   28.   28.   28.   28.   28.   28.
   28.   28. 
   28.   28.   28.   28. 2423.   28.   28.   28.   28.   28.   28.   28.
   28.   28.   28.   28.   28.   28.   28.   28.   28.   28.   28.   28.
   28.   28. 
   28.   28.   28.   28.   28.   28.   28.   28.   28.   28.   28.   28.
   28.   28.   28.   28. 2423. 2423. 2964. 2964. 2423. 2423.   28.   28.
   28.   28. 
   28.   28.   28.   28.   28.   28.   28.   28.   28.   28.   28.   28.
   28.   28. 2423. 2423. 2423. 2423.   28.   28.   28.   28.   28.   28.
   28.   28. 
 28. 28. 28. 28. 28. 28. 28. 28. 28. 28. 28. 28. 28. 28. 28. 28. 28. 28.
 28. 28. 28. 28. 28. 28. 28. 28. 
   28.   28. 2423. 2423. 2964. 2964. 2423. 2423.   28.   28.   28.   28.
   28.   28.   28.   28.   28.   28.   28.   28.   28.   28.   28.   28.
   28.   28. 
 2423. 2964. 2964. 2964.   28.   28.   28.   28.   28.   28.   28.   28.
   28.   28.   28.   28.   28.   28.   28.   28.   28.   28.   28.   28.
   28.   28. 
   28.   28.   28.   28.   28.   28.   28.   28.   28.   28.   28.   28.
   28.   28.   28. 2423. 2964. 2964. 2964. 2423.   28.   28.   28.   28.
   28.   28. 
   28.   28.   28.   28.   28.   28.   28.   28.   28.   28.   28. 2423.
 2423. 2964. 2964. 2964.   28.   28.   28.   28.   28.   28.   28.   28.
   28.   28. 
   28.   28.   28.   28.   28.   28.   28.   28.   28.   28.   28.   28.
   28.   28.   28.   28.   28.   28.   28. 2423. 2423. 2423. 2423.   28.
   28.   28. 
   28. 2423. 2964. 2964. 2964. 2423.   28.   28.   28.   28.   28.   28.
   28.   28.   28.   28.   28.   28.   28.   28.   28.   28.   28. 2423.
 2964. 2964. 
 2423. 2423.   28.   28.   28.   28.   28.   28.   28.   28.   28.   28.
   28.   28.   28.   28.   28.   28.   28.   28.   28.   28.   28.   28.
   28.   28. 
   28.   28. 2423. 2423. 2423. 2423. 2423. 2423. 2423. 2423. 2423. 2423.
 2423. 2423. 2964. 2964. 2964. 2423.   28.   28.   28.   28.   28.   28.
   28.   28. 
   28.   28.   28.   28.   28.   28.   28.   28.   28. 2423. 2964. 2964.
 2423. 2423.   28.   28.   28.   28.   28.   28.   28.   28.   28.   28.
   28.   28. 
   28.   28.   28.   28.   28.   28.   28.   28.   28.   28.   28.   28.
   28. 2423. 2964. 2964. 2964. 2964. 2964. 2964. 2964. 2964. 2423. 2423.
 2964. 2964. 
 2964. 2964. 2964. 2423.   28.   28.   28.   28.   28.   28.   28.   28.
   28.   28.   28.   28.   28.   28.   28.   28.   28. 2423. 2964. 2964.
 2423.   28. 
   28.   28.   28.   28.   28.   28.   28.   28.   28.   28.   28.   28.
   28.   28.   28.   28.   28.   28.   28.   28.   28.   28.   28.   28.
 2423. 2964. 
 2964. 2964. 2964. 2964. 2964. 2964. 2964. 2964. 2964. 2964. 2964. 2964.
 2964. 2964. 2423. 2423.   28.   28.   28.   28.   28.   28.   28.   28.
   28.   28. 
   28.   28.   28.   28.   28.   28.   28. 2423. 2964. 2964. 2423. 2423.
   28.   28.   28.   28.   28.   28.   28.   28.   28.   28.   28.   28.
   28.   28. 
   28.   28.   28.   28.   28.   28.   28.   28.   28.   28. 2423. 2964.
 2964. 2964. 2423. 2423. 2423. 2423. 2423. 2423. 2964. 2964. 2964. 2964.
 2964. 2423. 
 2423.   28.   28.   28.   28.   28.   28.   28.   28.   28.   28.   28.
   28. 2423. 2423. 2423. 2423.   28.   28. 2423. 2964. 2964. 2964. 2423.
   28.   28. 
   28.   28.   28.   28.   28.   28.   28.   28.   28.   28.   28.   28.
   28.   28.   28.   28.   28.   28.   28.   28.   28. 2423. 2964. 2964.
 2964. 2423. 
 2423.   28.   28. 2423. 2423. 2423. 2423. 2423. 2423. 2423. 2423. 2423.
   28.   28.   28.   28.   28.   28.   28.   28.   28.   28.   28. 2423.
 2423. 2423. 
 2964. 2964. 2423. 2423. 2423. 2423. 2423. 2964. 2964. 2423.   28.   28.
   28.   28.   28.   28.   28.   28.   28.   28.   28.   28.   28.   28.
   28.   28. 
   28.   28.   28.   28.   28.   28. 2423. 2423. 2964. 2964. 2964. 2423.
   28.   28.   28.   28.   28.   28.   28.   28.   28.   28.   28.   28.
   28.   28. 
   28.   28.   28.   28.   28.   28.   28.   28. 2423. 2964. 2964. 2964.
 2964. 2964. 2964. 2964. 2964. 2964. 2423. 2964. 2964. 2423.   28.   28.
   28.   28. 
   28.   28.   28.   28.   28.   28.   28.   28.   28.   28.   28.   28.
   28.   28.   28.   28.   28.   28. 2423. 2423. 2964. 2964. 2423. 2423.
   28.   28. 
   28.   28.   28.   28.   28.   28.   28.   28.   28.   28.   28.   28.
   28.   28.   28.   28.   28.   28.   28. 2423. 2423. 2964. 2964. 2964.
 2964. 2964. 
 2964. 2964. 2964. 2964. 2964. 2964. 2964. 2423.   28.   28.   28.   28.
   28.   28.   28.   28.   28.   28.   28.   28.   28.   28.   28.   28.
   28.   28. 
   28.   28.   28.   28. 2423. 2964. 2964. 2964. 2423.   28.   28.   28.
   28.   28.   28.   28.   28.   28.   28.   28.   28.   28.   28.   28.
   28.   28. 
   28.   28.   28.   28.   28. 2423. 2964. 2964. 2964. 2423. 2423. 2423.
 2423. 2423. 2423. 2964. 2964. 2964. 2423. 2423.   28.   28.   28.   28.
   28.   28. 
   28.   28.   28.   28.   28.   28.   28.   28.   28.   28.   28.   28.
   28.   28.   28.   28. 2423. 2964. 2964. 2964. 2423.   28.   28.   28.
   28.   28. 
   28.   28.   28.   28.   28.   28.   28.   28.   28.   28.   28.   28.
   28.   28.   28.   28. 2423. 2423. 2964. 2964. 2423.   28.   28.   28.
   28.   28. 
 2423. 2423. 2423. 2423. 2423. 2964.   28.   28.   28.   28.   28.   28.
   28.   28.   28.   28.   28.   28.   28.   28.   28.   28.   28.   28.
   28.   28. 
   28.   28. 2423. 2964. 2964. 2964. 2423.   28.   28.   28.   28.   28.
   28.   28.   28.   28.   28.   28.   28.   28.   28.   28.   28.   28.
   28.   28. 
   28.   28. 2423. 2423. 2964. 2964. 2423.   28.   28.   28.   28.   28.
   28.   28.   28. 2423. 2964. 2964.   28.   28.   28.   28.   28.   28.
   28.   28. 
   28.   28.   28.   28.   28.   28.   28.   28.   28.   28.   28.   28.
   28.   28. 2423. 2964. 2964. 2964. 2423.   28.   28.   28.   28.   28.
   28.   28. 
   28.   28.   28.   28.   28.   28.   28.   28.   28.   28.   28.   28.
   28.   28. 2423. 2964. 2964. 2964. 2423.   28.   28.   28.   28.   28.
   28.   28. 
   28. 2423. 2964. 2964.   28.   28.   28.   28.   28.   28.   28.   28.
   28.   28.   28.   28.   28.   28.   28.   28.   28.   28.   28.   28.
   28.   28. 
 2423. 2964. 2964. 2964. 2423.   28.   28.   28.   28.   28.   28.   28.
   28.   28.   28.   28.   28.   28.   28.   28.   28.   28.   28.   28.
   28.   28. 
   28. 2964. 2964. 2964. 2423.   28.   28.   28.   28.   28.   28.   28.
   28. 2423. 2964. 2964.   28.   28.   28.   28.   28.   28.   28.   28.
   28.   28. 
   28.   28.   28.   28.   28.   28. 2423. 2423. 2423. 2423. 2423. 2423.
 2423. 2964. 2964. 2964. 2423.   28.   28.   28.   28.   28.   28.   28.
   28.   28. 
   28.   28.   28.   28.   28.   28.   28.   28.   28.   28.   28.   28.
 2423. 2964. 2964. 2964. 2423.   28.   28.   28.   28.   28.   28.   28.
   28. 2423. 
 2964. 2964.   28.   28.   28.   28.   28.   28.   28.   28.   28.   28.
   28.   28.   28.   28. 2423. 2423. 2423. 2423. 2964. 2964. 2423. 2423.
 2964. 2964. 
 2964. 2964. 2423.   28.   28.   28.   28.   28.   28.   28.   28.   28.
   28.   28.   28.   28.   28.   28.   28.   28.   28.   28.   28.   28.
 2423. 2964. 
 2964. 2964. 2423.   28.   28.   28.   28.   28.   28.   28.   28. 2423.
 2964. 2964.   28.   28.   28.   28.   28.   28.   28.   28.   28.   28.
   28. 2423. 
 2423. 2423. 2423. 2964. 2964. 2964. 2964. 2964. 2964. 2964. 2964. 2964.
 2964. 2423. 2423.   28.   28.   28.   28.   28.   28.   28.   28.   28.
   28.   28. 
   28.   28.   28.   28.   28.   28. 2423. 2423. 2423. 2423. 2423. 2964.
 2964. 2964. 2423. 2423.   28.   28.   28.   28.   28.   28.   28. 2423.
 2964. 2964. 
   28.   28.   28.   28.   28.   28.   28.   28.   28.   28. 2423. 2423.
 2964. 2964. 2964. 2964. 2964. 2964. 2964. 2964. 2964. 2964. 2964. 2423.
 2423. 2423. 
   28.   28.   28.   28.   28.   28.   28.   28.   28.   28.   28.   28.
   28.   28.   28.   28. 2423. 2423. 2423. 2964. 2964. 2423. 2423. 2964.
 2964. 2964. 
 2423. 2964. 2423. 2423.   28.   28.   28.   28.   28. 2423. 2964. 2964.
   28.   28.   28.   28.   28.   28.   28.   28.   28. 2423. 2423. 2964.
 2964. 2964. 
 2964. 2964. 2423. 2423. 2423. 2423. 2423. 2423. 2423. 2423.   28.   28.
   28.   28.   28.   28.   28.   28.   28.   28.   28.   28.   28.   28.
   28. 2423. 
 2423. 2423. 2964. 2964. 2964. 2964. 2964. 2964. 2964. 2964. 2964. 2964.
 2423. 2964. 2964. 2964. 2423. 2423. 2423. 2423. 2423. 2423. 2964. 2964.
   28.   28. 
   28.   28.   28.   28.   28.   28.   28. 2423. 2964. 2964. 2964. 2423.
 2423. 2423. 2423.   28.   28. 2423.   28. 2423.   28.   28.   28.   28.
   28.   28. 
   28.   28.   28.   28.   28.   28.   28.   28.   28.   28. 2423. 2964.
 2964. 2964. 2964. 2964. 2964. 2964. 2964. 2964. 2964. 2964. 2964. 2423.
 2423. 2964. 
 2964. 2964. 2964. 2964. 2964. 2964. 2964. 2964. 2964. 2964.   28.   28.
   28.   28.   28.   28.   28.   28.   28. 2423. 2964. 2964. 2423. 2423.
   28.   28. 
   28.   28.   28.   28.   28.   28.   28.   28.   28.   28.   28.   28.
   28.   28.   28.   28.   28.   28.   28.   28.   28. 2423. 2964. 2964.
 2964. 2964. 
 2964. 2423. 2423. 2423. 2423. 2423. 2423. 2423. 2423.   28.   28. 2423.
 2423. 2964. 2964. 2964. 2964. 2964. 2964. 2964. 2964. 2423.   28.   28.
   28.   28. 
   28.   28.   28.   28.   28. 2423. 2964. 2964. 2423. 2423.   28.   28.
   28.   28.   28.   28.   28.   28.   28.   28.   28.   28.   28.   28.
   28.   28. 
   28.   28.   28.   28.   28.   28. 2423. 2423. 2964. 2964. 2964. 2423.
 2423. 2423.   28. 2423. 2964. 2964. 2964. 2423.   28.   28.   28.   28.
   28. 2423. 
 2423. 2423. 2423. 2423. 2423. 2423. 2423.   28.   28.   28.   28.   28.
   28.   28.   28.   28.   28. 2423. 2964. 2964. 2423. 2423.   28.   28.
   28.   28. 
   28.   28.   28.   28.   28.   28.   28.   28.   28.   28.   28.   28.
   28.   28.   28.   28.   28.   28. 2423. 2423. 2964. 2964. 2423. 2423.
   28.   28. 
   28. 2423. 2964. 2964. 2964. 2423.   28.   28.   28.   28.   28.   28.
   28.   28.   28.   28.   28.   28.   28.   28.   28.   28.   28.   28.
   28.   28. 
   28.   28.   28. 2423. 2423. 2964. 2964. 2423.   28.   28.   28.   28.
   28.   28.   28.   28.   28.   28.   28.   28.   28.   28.   28.   28.
   28.   28. 
   28.   28.   28.   28. 2423. 2423. 2964. 2964. 2423.   28.   28.   28.
   28.   28. 2423. 2964. 2964. 2423.   28.   28.   28.   28.   28.   28.
   28.   28. 
   28.   28.   28.   28.   28.   28.   28.   28.   28.   28.   28.   28.
   28.   28.   28.   28. 2423. 2964. 2964. 2423. 2423.   28.   28.   28.
   28.   28. 
   28.   28.   28.   28.   28.   28.   28.   28.   28.   28.   28.   28.
   28.   28.   28.   28.   28. 2423. 2964. 2964. 2423.   28.   28.   28.
   28.   28. 
 2423. 2964. 2964. 2423.   28.   28.   28.   28.   28.   28.   28.   28.
   28.   28.   28.   28.   28.   28.   28.   28.   28.   28.   28.   28.
   28.   28. 
   28.   28. 2423. 2964. 2964. 2964. 2423.   28.   28.   28.   28.   28.
   28.   28.   28.   28.   28.   28.   28.   28.   28.   28.   28.   28.
   28.   28. 
   28.   28.   28. 2423. 2964. 2964. 2423.   28.   28.   28.   28.   28.
 2423. 2964. 2964. 2423.   28.   28.   28.   28.   28.   28.   28.   28.
   28.   28. 
   28.   28.   28.   28.   28.   28.   28.   28.   28.   28.   28.   28.
   28.   28. 2423. 2423. 2964. 2964. 2423.   28.   28.   28.   28.   28.
   28.   28. 
   28.   28.   28.   28.   28.   28.   28. 2423. 2423. 2423.   28.   28.
   28.   28. 2423. 2423. 2964. 2964. 2423. 2423.   28.   28.   28.   28.
   28. 2423. 
 2964. 2423.   28.   28.   28.   28.   28.   28.   28.   28.   28.   28.
   28.   28.   28.   28.   28.   28.   28.   28.   28.   28.   28.   28.
   28.   28. 
   28. 2423. 2964. 2964. 2423. 2423.   28.   28.   28.   28.   28.   28.
   28.   28.   28.   28.   28. 2423. 2423. 2423. 2423. 2423. 2423. 2423.
 2423. 2423. 
 2964. 2423. 2964. 2964. 2964. 2423. 2423. 2423. 2423. 2423. 2423. 2964.
 2964. 2423.   28.   28.   28.   28.   28.   28.   28.   28.   28.   28.
   28.   28. 
   28.   28.   28.   28.   28.   28.   28.   28.   28.   28.   28.   28.
   28. 2423. 2964. 2964. 2423. 2423.   28.   28.   28.   28.   28.   28.
   28.   28. 
   28.   28. 2423. 2423. 2964. 2964. 2964. 2964. 2964. 2423. 2423. 2423.
 2964. 2423. 2423. 2964. 2964. 2423. 2964. 2964. 2964. 2964. 2964. 2964.
 2964. 2423. 
   28.   28.   28.   28.   28.   28.   28.   28.   28.   28.   28.   28.
   28.   28.   28.   28.   28.   28.   28.   28.   28.   28.   28.   28.
   28. 2423. 
 2964. 2964. 2423. 2423.   28.   28.   28.   28.   28.   28.   28.   28.
   28.   28. 2423. 2964. 2964. 2964. 2964. 2964. 2964. 2964. 2423. 2423.
 2423. 2423. 
 2423. 2964. 2964. 2423. 2964. 2964. 2964. 2964. 2964. 2964. 2423.   28.
   28.   28.   28.   28.   28.   28.   28.   28.   28.   28.   28.   28.
   28.   28. 
 2423. 2423. 2423. 2423. 2423. 2423. 2423. 2423.   28.   28.   28. 2423.
 2964. 2964. 2423. 2423.   28.   28.   28.   28.   28.   28.   28.   28.
   28. 2423. 
 2423. 2964. 2964. 2423. 2423. 2423. 2423. 2964. 2964. 2964. 2964. 2964.
 2964. 2964. 2964. 2423. 2423. 2423. 2423. 2423. 2423. 2423.   28.   28.
   28.   28. 
   28.   28.   28.   28.   28.   28.   28.   28.   28.   28.   28.   28.
 2964. 2423. 2964. 2964. 2423. 2423. 2423. 2423. 2423. 2423. 2423. 2423.
 2964. 2964. 
 2423.   28.   28.   28.   28.   28.   28.   28.   28.   28.   28. 2423.
 2964. 2964. 2964. 2423.   28.   28. 2423. 2423. 2423. 2964. 2964. 2964.
 2964. 2964. 
 2423. 2423.   28.   28.   28.   28.   28.   28.   28.   28.   28.   28.
   28.   28.   28.   28.   28.   28.   28.   28.   28.   28.   28.   28.
 2964. 2964. 
 2964. 2964. 2964. 2964. 2964. 2964. 2964. 2964. 2964. 2964. 2964. 2964.
 2423.   28.   28.   28.   28.   28.   28.   28.   28.   28. 2423. 2423.
 2964. 2964. 
 2964. 2423.   28.   28.   28.   28. 2423. 2423. 2423. 2423. 2423. 2423.
 2423.   28.   28.   28.   28.   28.   28.   28.   28.   28.   28.   28.
   28.   28. 
   28.   28.   28.   28.   28.   28.   28.   28.   28.   28. 2964. 2964.
 2964. 2964. 2964. 2964. 2964. 2964. 2964. 2964. 2964. 2964. 2964. 2423.
 2423.   28. 
   28.   28.   28.   28.   28.   28.   28.   28. 2423. 2423. 2964. 2964.
 2423.   28.   28.   28.   28.   28. 2423. 2964. 2423. 2423. 2423.   28.
   28.   28. 
   28.   28.   28.   28.   28.   28.   28.   28.   28.   28.   28.   28.
   28.   28.   28.   28.   28.   28.   28.   28.   28.   28. 2423. 2423.
 2423. 2423. 
 2423. 2423. 2423. 2423. 2423. 2423. 2423. 2423. 2423. 2423. 2423. 2423.
 2423. 2423. 2423. 2423.   28.   28.   28.   28. 2423. 2964. 2964. 2964.
 2423.   28. 
   28.   28.   28.   28. 2423. 2964. 2964. 2964. 2423.   28.   28.   28.
   28.   28.   28.   28.   28.   28.   28.   28.   28.   28.   28.   28.
   28.   28. 
   28.   28.   28.   28.   28.   28.   28.   28. 2423. 2423.   28.   28.
   28. 2423. 2423. 2423. 2423. 2423. 2423. 2423. 2423. 2964. 2964. 2964.
 2964. 2964. 
 2964. 2423. 2423. 2423.   28. 2423. 2964. 2964. 2964. 2423. 2423. 2964.
 2423.   28.   28.   28.   28. 2964. 2964. 2964. 2423.   28.   28.   28.
   28.   28. 
   28.   28.   28.   28.   28.   28.   28.   28.   28.   28.   28.   28.
   28.   28.   28.   28.   28.   28.   28.   28. 2964. 2423. 2423.   28.
   28.   28. 
   28.   28.   28.   28. 2423. 2423. 2964. 2964. 2964. 2964. 2964. 2964.
 2964. 2964. 2964. 2964. 2423. 2423. 2964. 2964. 2964. 2423. 2964. 2964.
 2964. 2423. 
   28.   28.   28. 2423. 2964. 2964. 2423.   28.   28.   28.   28.   28.
   28.   28.   28.   28.   28.   28.   28.   28.   28.   28.   28.   28.
   28.   28. 
   28.   28.   28.   28.   28.   28. 2964. 2964. 2423.   28.   28.   28.
   28.   28.   28.   28. 2423. 2964. 2964. 2964. 2964. 2423. 2423. 2423.
 2964. 2964. 
 2964. 2964. 2964. 2964. 2964. 2964. 2423. 2423. 2423. 2964. 2964. 2964.
 2423.   28.   28. 2423. 2964. 2964. 2423.   28.   28.   28.   28.   28.
   28.   28. 
   28.   28.   28.   28.   28.   28.   28.   28.   28.   28.   28.   28.
   28.   28.   28.   28.   28.   28. 2964. 2964. 2423.   28.   28.   28.
   28.   28. 
   28.   28. 2423. 2964. 2964. 2964. 2423. 2423.   28.   28. 2423. 2423.
 2964. 2964. 2964. 2964. 2964. 2964. 2423. 2423.   28. 2423. 2964. 2964.
 2964. 2423. 
 2423. 2423. 2964. 2964. 2423.   28.   28.   28.   28.   28.   28.   28.
   28.   28.   28.   28.   28.   28.   28.   28.   28.   28.   28.   28.
   28.   28. 
   28.   28.   28.   28. 2964. 2964. 2964. 2423.   28.   28.   28.   28.
   28. 2423. 2423. 2964. 2964. 2423. 2423.   28.   28.   28.   28.   28.
 2423. 2423. 
 2423. 2964. 2423. 2423. 2964. 2423.   28.   28. 2423. 2964. 2964. 2964.
 2964. 2964. 2964. 2964. 2423.   28.   28.   28.   28.   28.   28.   28.
   28.   28. 
   28.   28.   28.   28.   28.   28.   28.   28.   28.   28.   28.   28.
   28.   28.   28.   28. 2423. 2423. 2423. 2423.   28.   28.   28.   28.
   28. 2423. 
 2423. 2964. 2964. 2423. 2423.   28.   28.   28.   28.   28.   28.   28.
 2423. 2423. 2423. 2964. 2964. 2423.   28.   28.   28. 2423. 2423. 2964.
 2964. 2964. 
 2964. 2423.   28.   28.   28.   28.   28.   28.   28.   28.   28.   28.
   28.   28.   28.   28.   28.   28.   28.   28.   28.   28.   28.   28.
   28.   28. 
   28.   28. 2423. 2964. 2964. 2964. 2423. 2423.   28.   28.   28. 2423.
 2964. 2964. 2964. 2423.   28.   28.   28.   28.   28.   28.   28.   28.
   28. 2423. 
 2423. 2964. 2964. 2423.   28.   28.   28.   28. 2423. 2423. 2423. 2423.
 2423.   28.   28.   28.   28.   28.   28.   28.   28.   28.   28.   28.
   28.   28. 
 28. 28. 28. 28. 28. 28. 28. 28. 28. 28. 28. 28. 28. 28. 
/