PERMI
   35.   35.   35.   35.   35.   35.   35.   35.   35.   35.   35.   35.
   35.   35.   35.  768. 1000. 1000. 1000.  768.  768.  768. 1000. 1000.
 1000. 1000. 
 1000.  768.  768.  768.   35.   35.   35.   35.   35.   35.   35.   35.
   35.   35.   35.   35.   35.   35.   35.   35.   35.  768.  768. 1000.
 1000.  768. 
  768. 1000. 1000. 1000.  768.  768.  768.  768.   35.  768. 1000. 1000.
   35.   35.   35.   35.   35.   35.   35.   35.   35.  768.  768.  768.
  768.  768. 
   35.  768. 1000. 1000. 1000.  768. 1000.  768.  768.  768.  768.  768.
  768.  768.  768.   35.   35.   35.   35.   35.   35.   35.   35.   35.
   35.   35. 
   35.   35.   35.   35.   35.   35.   35.  768.  768. 1000. 1000.  768.
 1000. 1000. 1000. 1000. 1000. 1000.  768.  768.  768. 1000. 1000. 1000.
   35.   35. 
   35.   35.   35.   35.   35.   35.  768.  768.  768.  768.  768.  768.
  768.  768. 1000. 1000. 1000.  768.  768.  768.   35.   35.  768.   35.
   35.   35. 
   35.   35.   35.   35.   35.   35.   35.   35.   35.   35.   35.   35.
   35.   35.   35.   35.   35.   35.   35.   35.  768.  768. 1000.  768.
 1000. 1000. 
 1000. 1000. 1000. 1000. 1000. 1000. 1000. 1000. 1000. 1000.   35.   35.
   35.   35.   35.   35.   35.  768.  768.  768. 1000. 1000.  768.  768.
  768.  768. 
 1000. 1000. 1000.  768.  768.   35.   35.   35.   35.   35.   35.   35.
   35.   35.   35.   35.   35.   35.   35.   35.   35.   35.   35.   35.
   35.   35. 
   35.   35.   35.   35.   35.   35.   35.  768.  768. 1000. 1000. 1000.
  768. 1000. 1000. 1000. 1000. 1000. 1000. 1000. 1000.  768.   35.   35.
   35.   35. 
   35.   35.   35.  768.  768. 1000. 1000. 1000. 1000. 1000. 1000.  768.
 1000. 1000. 1000.  768.  768.   35.   35.   35.   35.   35.   35.   35.
   35.   35. 
   35.   35.   35.   35.   35.   35.   35.   35.   35.   35.   35.   35.
   35.   35.  768.  768.  768.  768.  768.  768.  768.  768. 1000. 1000.
 1000.  768. 
  768.  768.  768.  768. 1000.  768.  768.   35.   35.   35.   35.   35.
   35.   35.   35.  768. 1000. 1000. 1000. 1000. 1000. 1000. 1000. 1000.
 1000. 1000. 
 1000.  768.   35.   35.   35.   35.   35.   35.   35.   35.   35.   35.
   35.   35.   35.   35.   35.   35.   35.   35.   35.   35.   35.   35.
   35.  768. 
  768. 1000. 1000. 1000. 1000. 1000. 1000.  768. 1000. 1000. 1000. 1000.
  768.   35.   35.   35.   35.   35.   35.   35.  768.  768.  768.  768.
  768.  768. 
   35.  768. 1000. 1000. 1000. 1000. 1000. 1000. 1000. 1000. 1000. 1000.
 1000.  768.   35.   35.   35.   35.   35.   35.   35.   35.   35.   35.
   35.   35. 
   35.   35.   35.   35.   35.   35.   35.   35.   35.   35.  768.  768.
 1000. 1000. 1000. 1000. 1000. 1000. 1000.  768.  768. 1000. 1000. 1000.
  768.  768. 
   35.   35.   35.   35.   35.   35.  768.  768. 1000. 1000.  768.  768.
  768.  768. 1000. 1000. 1000.  768.  768.  768.  768.  768. 1000.  768.
  768.  768. 
   35.   35.   35.   35.   35.   35.   35.   35.   35.   35.   35.   35.
   35.   35.   35.   35.   35.   35.   35.   35.   35.   35.  768. 1000.
 1000. 1000. 
 1000. 1000. 1000.  768.  768.  768.  768. 1000. 1000. 1000. 1000.  768.
   35.   35.   35.   35.   35.   35. 1000. 1000. 1000. 1000. 1000. 1000.
  768.  768. 
 1000. 1000. 1000.  768.  768.  768.  768.  768.  768.  768.   35.   35.
   35.   35.   35.   35.   35.   35.   35.   35.   35.   35.   35.   35.
   35.   35. 
   35.   35.   35.   35.   35.   35.   35.   35.  768.  768. 1000. 1000.
 1000.  768.  768.  768. 1000. 1000.  768.  768. 1000. 1000. 1000.  768.
   35.   35. 
   35.   35.   35.   35.  768.  768.  768.  768.  768. 1000.  768. 1000.
 1000. 1000. 1000.  768.  768.  768.   35.   35.   35.   35.   35.   35.
   35.   35. 
   35.   35.   35.   35.   35.   35.   35.   35.   35.   35.   35.   35.
   35.   35.   35.   35.   35.   35.   35.   35.   35.  768. 1000. 1000.
  768. 1000. 
 1000. 1000. 1000. 1000. 1000. 1000. 1000. 1000. 1000.  768.   35.   35.
   35.   35.   35.   35.  768. 1000. 1000.  768.  768.  768.  768. 1000.
 1000. 1000. 
 768. 768. 768.  35.  35.  35.  35.  35.  35.  35.  35.  35.  35.  35.
  35.  35.  35.  35.  35.  35.  35.  35.  35.  35.  35.  35. 
   35.   35.  768.  768.  768.  768.  768.  768.  768.  768. 1000. 1000.
 1000. 1000. 1000. 1000. 1000. 1000. 1000. 1000.  768.   35.   35.   35.
   35.   35. 
   35.   35. 1000. 1000. 1000. 1000. 1000. 1000. 1000. 1000. 1000. 1000.
  768.  768.  768.   35.   35.   35.   35.   35.   35.   35.   35.   35.
   35.   35. 
   35.   35.   35.   35.   35.   35.   35.   35.   35.   35.   35.   35.
   35.  768.  768.  768.  768.  768.  768.  768.  768.  768. 1000. 1000.
 1000. 1000. 
 1000. 1000. 1000. 1000.  768.  768.   35.   35.   35.   35.   35.   35.
   35.   35. 1000. 1000. 1000. 1000. 1000. 1000. 1000. 1000. 1000.  768.
  768.  768. 
  35.  35.  35.  35.  35.  35.  35.  35.  35.  35.  35.  35.  35.  35.
  35.  35.  35.  35.  35.  35.  35.  35.  35.  35. 768. 768. 
 1000. 1000. 1000. 1000. 1000. 1000. 1000.  768. 1000. 1000. 1000.  768.
  768.   35.  768.  768.   35.   35.   35.   35.   35.   35.   35.   35.
   35.   35. 
 1000.  768.  768. 1000. 1000. 1000. 1000. 1000. 1000.  768.  768.   35.
   35.   35.   35.   35.   35.   35.   35.   35.   35.   35.   35.   35.
   35.   35. 
   35.   35.   35.   35.   35.   35.   35.   35.   35.   35.  768. 1000.
 1000. 1000. 1000. 1000. 1000. 1000. 1000.  768. 1000. 1000. 1000. 1000.
  768.   35. 
   35.   35.   35.   35.   35.   35.   35.   35.   35.   35.   35.   35.
 1000.  768.  768.  768.  768.  768.  768.  768.  768.  768.   35.   35.
   35.   35. 
   35.   35.   35.   35.   35.   35.   35.   35.   35.   35.   35.   35.
   35.   35.  768.  768.  768.  768.  768.   35.   35.   35.  768. 1000.
 1000. 1000. 
  768. 1000. 1000. 1000. 1000.  768. 1000. 1000. 1000. 1000.  768.   35.
   35.   35.   35.   35.   35.   35.   35.   35.   35.   35.   35.   35.
 1000. 1000. 
 768. 768. 768. 768. 768. 768.  35.  35.  35.  35.  35.  35.  35.  35.
  35.  35.  35.  35.  35.  35.  35.  35.  35.  35.  35. 768. 
  768.  768.  768.  768.  768.  768.   35.   35.  768.  768.  768.  768.
  768.  768.  768.  768. 1000. 1000.  768. 1000. 1000. 1000.  768.  768.
   35.   35. 
   35.   35.   35.   35.   35.   35.   35.   35.   35.   35. 1000. 1000.
  768.  768.   35.   35.   35.   35.   35.   35.   35.   35.   35.   35.
   35.   35. 
   35.   35.   35.   35.   35.   35.   35.   35.   35.   35.  768.  768.
 1000. 1000. 1000. 1000. 1000.  768.  768.   35.  768.  768. 1000. 1000.
  768.  768. 
  768.  768.  768.  768.  768. 1000. 1000. 1000. 1000.  768.   35.   35.
   35.   35.   35.   35.   35.   35.   35.   35.   35.   35. 1000. 1000.
 1000.  768. 
   35.   35.   35.   35.   35.   35.   35.   35.   35.   35.   35.   35.
   35.   35.   35.   35.   35.   35.   35.   35.   35.   35.  768. 1000.
 1000. 1000. 
 1000. 1000. 1000. 1000.  768.  768.  768. 1000. 1000. 1000. 1000. 1000.
 1000.  768.  768.   35.   35.  768. 1000. 1000. 1000.  768.   35.   35.
   35.   35. 
   35.   35.   35.   35.   35.   35.   35.   35. 1000. 1000. 1000.  768.
   35.   35.   35.   35.   35.   35.   35.   35.   35.   35.   35.   35.
   35.   35. 
   35.   35.   35.   35.   35.   35.   35.  768.  768. 1000. 1000. 1000.
 1000. 1000. 1000. 1000. 1000.  768.  768. 1000. 1000. 1000. 1000. 1000.
 1000. 1000. 
 1000.  768.  768.  768. 1000. 1000. 1000.  768.   35.   35.   35.   35.
   35.   35.   35.   35.   35.   35.   35.   35. 1000. 1000. 1000.  768.
   35.   35. 
   35.   35.   35.   35.   35.   35.   35.   35.   35.   35.  768.  768.
  768.  768.   35.   35.   35.   35.  768.  768. 1000. 1000. 1000.  768.
  768. 1000. 
 1000. 1000. 1000.  768. 1000. 1000. 1000.  768.  768. 1000. 1000. 1000.
 1000. 1000. 1000. 1000. 1000. 1000.  768.  768.   35.   35.   35.   35.
   35.   35. 
   35.   35.   35.   35.   35.   35. 1000. 1000. 1000.  768.   35.   35.
   35.   35.   35.   35.   35.   35.   35.   35.  768.  768.  768. 1000.
 1000.  768. 
  768.  768.  768.   35.  768. 1000. 1000. 1000. 1000.  768.  768.  768.
  768. 1000. 1000.  768. 1000. 1000. 1000.  768.  768.  768.  768. 1000.
 1000. 1000. 
 1000. 1000. 1000. 1000.  768.   35.   35.   35.   35.   35.   35.   35.
   35.   35.   35.   35.   35.   35. 1000. 1000.  768.  768.   35.   35.
   35.   35. 
   35.   35.   35.   35.   35.   35.  768. 1000. 1000. 1000. 1000. 1000.
 1000.  768.  768.  768.  768. 1000. 1000. 1000.  768.  768.   35.  768.
  768.  768. 
 1000.  768. 1000. 1000. 1000.  768.  768.   35.   35.  768.  768. 1000.
 1000.  768.  768.  768.   35.   35.   35.   35.   35.   35.   35.   35.
   35.   35. 
   35.   35.   35.   35. 1000.  768.  768.   35.   35.   35.   35.   35.
   35.   35.   35.   35.   35.  768.  768. 1000. 1000. 1000. 1000. 1000.
 1000. 1000. 
 1000. 1000. 1000. 1000. 1000. 1000.  768.  768.   35.   35.  768.  768.
  768.  768. 1000. 1000. 1000.  768.   35.   35.   35.   35.   35.  768.
  768.   35. 
  35.  35.  35.  35.  35.  35.  35.  35.  35.  35.  35.  35.  35.  35.
  35.  35. 768. 768.  35.  35.  35.  35.  35.  35.  35.  35. 
   35.   35.   35.  768. 1000. 1000. 1000.  768. 1000. 1000. 1000. 1000.
 1000. 1000. 1000. 1000. 1000.  768.  768.  768.  768.  768.  768.  768.
  768.  768. 
 1000. 1000. 1000.  768.   35.   35.   35.   35.   35.   35.   35.   35.
   35.   35.   35.   35.   35.   35.   35.   35.   35.   35.   35.   35.
   35.   35. 
   35.   35.   35.   35.   35.   35.  768.  768.  768.  768.  768.   35.
   35.   35.  768.  768. 1000. 1000.  768.  768.  768.  768.  768. 1000.
 1000. 1000. 
 1000. 1000.  768.  768. 1000. 1000. 1000. 1000. 1000. 1000.  768.  768.
 1000. 1000. 1000.  768.   35.   35.   35.   35.   35.   35.   35.   35.
   35.   35. 
   35.   35.   35.   35.   35.   35.   35.   35.   35.   35.   35.   35.
   35.   35.   35.   35.   35.  768. 1000. 1000. 1000. 1000.  768.  768.
  768.   35. 
  768. 1000. 1000. 1000.  768.   35.   35.   35.  768.  768.  768.  768.
  768.  768. 1000. 1000. 1000. 1000. 1000. 1000. 1000. 1000. 1000. 1000.
 1000. 1000. 
 768.  35.  35.  35.  35.  35.  35.  35.  35.  35.  35.  35.  35.  35.
  35.  35.  35.  35.  35.  35.  35.  35.  35.  35.  35.  35. 
   35.   35.  768.  768. 1000. 1000. 1000. 1000. 1000. 1000. 1000.  768.
  768. 1000. 1000. 1000.  768.   35.   35.   35.   35.   35.  768.  768.
  768.  768. 
 1000. 1000. 1000. 1000. 1000. 1000. 1000. 1000. 1000. 1000. 1000. 1000.
  768.   35.   35.   35.   35.   35.   35.   35.   35.   35.   35.   35.
   35.   35. 
   35.   35.   35.   35.   35.   35.   35.   35.   35.   35.   35.   35.
   35.   35.  768. 1000. 1000. 1000.  768. 1000. 1000. 1000. 1000. 1000.
  768. 1000. 
 1000.  768.  768.   35.   35.   35.   35.   35.   35.   35.   35.  768.
 1000. 1000. 1000.  768.  768.  768.  768. 1000. 1000. 1000. 1000.  768.
   35.   35. 
 35. 35. 35. 35. 35. 35. 35. 35. 35. 35. 35. 35. 35. 35. 35. 35. 35. 35.
 35. 35. 35. 35. 35. 35. 35. 35. 
  768. 1000. 1000. 1000.  768.  768.  768. 1000. 1000. 1000. 1000. 1000.
 1000.  768.   35.   35.   35.   35.   35.   35.   35.   35.  768. 1000.
 1000. 1000. 
 1000.  768.   35.   35.   35.   35.  768.  768.  768.   35.   35.   35.
   35.   35.   35.   35.   35.   35.   35.   35.   35.   35.   35.   35.
   35.   35. 
   35.   35.   35.   35.   35.   35.   35.   35.   35.   35.   35.   35.
  768. 1000. 1000. 1000.  768.   35.   35.  768.  768. 1000. 1000. 1000.
  768.  768. 
   35.   35.   35.   35.   35.   35.   35.   35.   35.  768. 1000. 1000.
 1000.  768.   35.   35.   35.   35.   35.   35.   35.   35.   35.   35.
   35.   35. 
   35.   35.   35.   35.   35.   35.   35.   35.   35.   35.   35.   35.
   35.   35.   35.   35.   35.   35.   35.   35.   35.   35.   35.   35.
  768. 1000. 
 1000. 1000.  768.   35.   35.   35.  768.  768.  768.  768.  768.   35.
   35.   35.   35.   35.   35.   35.   35.   35.   35.  768. 1000. 1000.
 1000.  768. 
 35. 35. 35. 35. 35. 35. 35. 35. 35. 35. 35. 35. 35. 35. 35. 35. 35. 35.
 35. 35. 35. 35. 35. 35. 35. 35. 
   35.   35.   35.   35.   35.   35.   35.   35.  768.   35.  768. 1000.
 1000. 1000.  768.   35.   35.   35.   35.   35.   35.   35.   35.   35.
   35.  768. 
  768.  768.  768.   35.   35.   35.   35.  768. 1000. 1000. 1000.  768.
   35.   35.   35.   35.   35.   35.   35.   35.   35.   35.   35.   35.
   35.   35. 
   35.   35.   35.   35.   35.   35.   35.   35.   35.   35.   35.   35.
   35.   35.   35.   35.   35.   35.   35.   35.  768.  768.  768. 1000.
 1000. 1000. 
  768.   35.   35.   35.   35.   35.   35.   35.   35.   35.  768. 1000.
 1000. 1000. 1000.  768.  768.   35.   35.  768. 1000. 1000.  768.   35.
   35.   35. 
 35. 35. 35. 35. 35. 35. 35. 35. 35. 35. 35. 35. 35. 35. 35. 35. 35. 35.
 35. 35. 35. 35. 35. 35. 35. 35. 
   35.   35.   35.   35.   35.   35. 1000. 1000. 1000. 1000. 1000. 1000.
  768.   35.   35.   35.   35.   35.   35.   35.   35.  768. 1000. 1000.
 1000. 1000. 
 1000. 1000. 1000. 1000.  768. 1000. 1000. 1000.  768.   35.   35.   35.
   35.   35.   35.   35.   35.   35.   35.   35.   35.   35.   35.   35.
   35.   35. 
   35.   35.   35.   35.   35.   35.   35.   35.   35.   35.   35.   35.
   35.   35.   35.   35.   35.   35. 1000. 1000. 1000. 1000. 1000.  768.
   35.   35. 
   35.   35.   35.   35.   35.   35.   35.  768. 1000. 1000. 1000. 1000.
 1000. 1000. 1000. 1000. 1000. 1000. 1000. 1000.  768.   35.   35.   35.
   35.   35. 
 35. 35. 35. 35. 35. 35. 35. 35. 35. 35. 35. 35. 35. 35. 35. 35. 35. 35.
 35. 35. 35. 35. 35. 35. 35. 35. 
   35.   35.   35.   35. 1000. 1000. 1000. 1000.  768.  768.   35.   35.
   35.   35.   35.   35.   35.   35.   35.  768. 1000. 1000.  768.  768.
 1000. 1000. 
 1000. 1000. 1000. 1000. 1000. 1000.  768.   35.   35.   35.   35.   35.
   35.   35.   35.   35.   35.   35.   35.   35.   35.   35.   35.   35.
   35.   35. 
  35.  35.  35.  35.  35.  35.  35.  35.  35.  35.  35.  35.  35.  35.
  35.  35. 768. 768. 768. 768. 768.  35.  35.  35.  35.  35. 
   35.   35.   35.   35.   35.  768. 1000. 1000.  768.   35.   35.  768.
  768. 1000. 1000. 1000. 1000.  768.   35.   35.   35.   35.   35.   35.
   35.   35. 
 35. 35. 35. 35. 35. 35. 35. 35. 35. 35. 35. 35. 35. 35. 35. 35. 35. 35.
 35. 35. 35. 35. 35. 35. 35. 35. 
   35.   35.   35.   35.   35.   35.   35.   35.   35.   35.   35.   35.
   35.   35.   35.   35.   35.  768. 1000. 1000.  768.   35.   35.   35.
   35.  768. 
 768. 768. 768.  35.  35.  35.  35.  35.  35.  35.  35.  35.  35.  35.
  35.  35.  35.  35.  35.  35.  35.  35.  35.  35.  35.  35. 
 35. 35. 35. 35. 35. 35. 35. 35. 35. 35. 35. 35. 35. 35. 35. 35. 35. 35.
 35. 35. 35. 35. 35. 35. 35. 35. 
   35.   35.   35.  768. 1000. 1000. 1000.  768.   35.   35.   35.   35.
   35.   35.   35.   35.   35.   35.   35.   35.   35.   35.   35.   35.
   35.   35. 
 35. 35. 35. 35. 35. 35. 35. 35. 35. 35. 35. 35. 35. 35. 35. 35. 35. 35.
 35. 35. 35. 35. 35. 35. 35. 35. 
   35.   35.   35.   35.   35.   35.   35.   35.   35.  768.  768.  768.
  768.   35.   35.   35.  768. 1000. 1000.  768.   35.   35.   35.   35.
   35.   35. 
 35. 35. 35. 35. 35. 35. 35. 35. 35. 35. 35. 35. 35. 35. 35. 35. 35. 35.
 35. 35. 35. 35. 35. 35. 35. 35. 
   35.   35.   35.   35.   35.   35.   35.   35.   35.   35.   35.   35.
   35.   35.   35.   35.   35.   35.   35.   35.  768. 1000. 1000. 1000.
 1000.  768. 
   35.   35.  768. 1000. 1000. 1000.   35.   35.   35.   35.   35.   35.
   35.   35.   35.   35.   35.   35.   35.   35.   35.   35.   35.   35.
   35.   35. 
  35.  35.  35.  35.  35.  35.  35.  35.  35.  35.  35.  35.  35.  35.
  35.  35.  35.  35.  35.  35.  35.  35. 768. 768.  35.  35. 
   35.   35.   35.   35.   35.   35.  768. 1000. 1000. 1000. 1000. 1000.
  768.  768.   35.  768. 1000. 1000.  768.   35.   35.   35.   35.   35.
   35.   35. 
 35. 35. 35. 35. 35. 35. 35. 35. 35. 35. 35. 35. 35. 35. 35. 35. 35. 35.
 35. 35. 35. 35. 35. 35. 35. 35. 
   35.   35.   35.   35.   35.   35.   35.  768.  768.  768.   35.   35.
   35.   35.   35.   35.   35.  768. 1000. 1000. 1000. 1000. 1000. 1000.
 1000. 1000. 
  768.  768. 1000. 1000.  768.   35.   35.   35.   35.   35.   35.   35.
   35.   35.   35.   35.   35.   35.   35.   35.   35.   35.   35.   35.
   35.   35. 
   35.   35.   35.   35.   35.   35.   35.   35.   35.   35.   35.   35.
   35.   35.   35.   35.   35.   35.   35.  768.  768. 1000.   35.   35.
   35.   35. 
   35.   35.   35.  768. 1000. 1000. 1000.  768.  768. 1000. 1000. 1000.
 1000. 1000. 1000. 1000.  768.   35.   35.   35.   35.   35.   35.   35.
   35.   35. 
 35. 35. 35. 35. 35. 35. 35. 35. 35. 35. 35. 35. 35. 35. 35. 35. 35. 35.
 35. 35. 35. 35. 35. 35. 35. 35. 
   35.   35.   35.   35.   35.  768.  768. 1000.   35.   35.   35.   35.
   35.   35.   35.  768. 1000. 1000. 1000.  768.   35.  768.  768. 1000.
 1000. 1000. 
 1000. 1000.  768.   35.   35.   35.   35.   35.   35.   35.   35.   35.
   35.   35.   35.   35.   35.   35.   35.   35.   35.   35.   35.   35.
   35.   35. 
   35.   35.   35.   35.   35.   35.   35.   35.   35.   35.   35.   35.
   35.   35.   35.   35.   35.  768.  768. 1000.   35.   35.   35.   35.
   35.   35. 
   35.  768. 1000. 1000. 1000.  768.   35.   35.   35.  768.  768.  768.
  768.  768.   35.   35.   35.   35.   35.   35.   35.   35.   35.   35.
   35.   35. 
 35. 35. 35. 35. 35. 35. 35. 35. 35. 35. 35. 35. 35. 35. 35. 35. 35. 35.
 35. 35. 35. 35. 35. 35. 35. 35. 
   35.   35.   35.  768.  768. 1000.   35.   35.   35.   35.   35.   35.
   35.  768. 1000. 1000. 1000.  768.   35.   35.   35.   35.   35.   35.
   35.   35. 
 35. 35. 35. 35. 35. 35. 35. 35. 35. 35. 35. 35. 35. 35. 35. 35. 35. 35.
 35. 35. 35. 35. 35. 35. 35. 35. 
   35.   35.   35.   35.   35.   35.   35.   35.   35.   35.   35.   35.
   35.   35.   35.  768.  768. 1000.   35.   35.  768.   35.   35.  768.
   35.  768. 
  768. 1000. 1000. 1000.  768.   35.   35.   35.   35.   35.   35.   35.
   35.   35.   35.   35.   35.   35.   35.   35.   35.   35.   35.   35.
   35.   35. 
 35. 35. 35. 35. 35. 35. 35. 35. 35. 35. 35. 35. 35. 35. 35. 35. 35. 35.
 35. 35. 35. 35. 35. 35. 35. 35. 
   35.   35.  768.  768.  768.  768.  768.  768.  768.  768.  768. 1000.
 1000. 1000. 1000. 1000.  768.   35.   35.   35.   35.   35.   35.   35.
   35.   35. 
 35. 35. 35. 35. 35. 35. 35. 35. 35. 35. 35. 35. 35. 35. 35. 35. 35. 35.
 35. 35. 35. 35. 35. 35. 35. 35. 
   35.   35.   35.   35.   35.   35.   35.   35.   35.   35.   35.   35.
   35.   35.  768.  768. 1000. 1000. 1000. 1000. 1000. 1000. 1000. 1000.
 1000. 1000. 
 1000.  768.   35.   35.   35.   35.   35.   35.   35.   35.   35.   35.
   35.   35.   35.   35.   35.   35.   35.   35.   35.   35.   35.   35.
   35.   35. 
  35.  35.  35.  35.  35.  35.  35.  35.  35.  35.  35.  35.  35.  35.
  35.  35.  35.  35.  35.  35.  35.  35.  35.  35.  35. 768. 
  768.  768. 1000. 1000. 1000. 1000. 1000. 1000. 1000. 1000. 1000. 1000.
  768.  768.   35.   35.   35.   35.   35.   35.   35.   35.   35.   35.
   35.   35. 
 35. 35. 35. 35. 35. 35. 35. 35. 35. 35. 35. 35. 35. 35. 35. 35. 35. 35.
 35. 35. 35. 35. 35. 35. 35. 35. 
   35.   35.   35.   35.   35.   35.   35.   35.  768.  768.  768.  768.
  768.  768. 1000. 1000. 1000.  768. 1000. 1000. 1000. 1000.  768.  768.
   35.   35. 
 35. 35. 35. 35. 35. 35. 35. 35. 35. 35. 35. 35. 35. 35. 35. 35. 35. 35.
 35. 35. 35. 35. 35. 35. 35. 35. 
   35.   35.   35.   35.   35.   35.   35.   35.   35.   35.   35.   35.
   35.   35.   35.   35.   35.  768.  768.  768.  768.  768. 1000. 1000.
 1000. 1000. 
 1000. 1000. 1000.  768.  768.  768.  768.  768.   35.   35.   35.   35.
   35.   35.   35.   35.   35.   35.   35.   35.   35.   35.   35.   35.
   35.   35. 
 35. 35. 35. 35. 35. 35. 35. 35. 35. 35. 35. 35. 35. 35. 35. 35. 35. 35.
 35. 35. 35. 35. 35. 35. 35. 35. 
   35.   35.   35.  768.  768. 1000. 1000. 1000. 1000. 1000. 1000. 1000.
 1000. 1000. 1000.  768.   35.   35.   35.   35.   35.   35.   35.   35.
   35.   35. 
 35. 35. 35. 35. 35. 35. 35. 35. 35. 35. 35. 35. 35. 35. 35. 35. 35. 35.
 35. 35. 35. 35. 35. 35. 35. 35. 
   35.   35.   35.   35.   35.   35.   35.   35.   35.   35.   35.   35.
   35.   35.  768.  768. 1000. 1000. 1000. 1000. 1000. 1000. 1000.  768.
  768. 1000. 
 1000.  768.  768.   35.   35.   35.   35.   35.   35.   35.   35.   35.
   35.   35.   35.   35.   35.   35.   35.   35.   35.   35.   35.   35.
   35.   35. 
 35. 35. 35. 35. 35. 35. 35. 35. 35. 35. 35. 35. 35. 35. 35. 35. 35. 35.
 35. 35. 35. 35. 35. 35. 35. 35. 
  768. 1000. 1000. 1000. 1000. 1000.  768.  768.  768.  768. 1000. 1000.
 1000.  768.   35.   35.   35.   35.   35.   35.   35.   35.   35.   35.
   35.   35. 
 35. 35. 35. 35. 35. 35. 35. 35. 35. 35. 35. 35. 35. 35. 35. 35. 35. 35.
 35. 35. 35. 35. 35. 35. 35. 35. 
   35.   35.   35.   35.   35.   35.   35.   35.   35.   35.   35.   35.
  768. 1000. 1000. 1000.  768.  768.  768.  768.  768.   35. 1000. 1000.
 1000.  768. 
 35. 35. 35. 35. 35. 35. 35. 35. 35. 35. 35. 35. 35. 35. 35. 35. 35. 35.
 35. 35. 35. 35. 35. 35. 35. 35. 
   35.   35.   35.   35.   35.   35.   35.   35.   35.   35.   35.   35.
   35.   35.   35.   35.   35.   35.   35.   35.   35.   35.   35.   35.
  768. 1000. 
 1000. 1000. 1000.  768.  768.   35.   35.   35. 1000. 1000.  768.   35.
   35.   35.   35.   35.   35.   35.   35.   35.   35.   35.   35.   35.
   35.   35. 
 35. 35. 35. 35. 35. 35. 35. 35. 35. 35. 35. 35. 35. 35. 35. 35. 35. 35.
 35. 35. 35. 35. 35. 35. 35. 35. 
   35.   35.   35.   35.   35.   35.   35.   35.   35.   35.  768.  768.
 1000. 1000. 1000.  768.  768.  768.   35.   35.  768.  768.  768.   35.
   35.   35. 
 35. 35. 35. 35. 35. 35. 35. 35. 35. 35. 35. 35. 35. 35. 35. 35. 35. 35.
 35. 35. 35. 35. 35. 35. 35. 35. 
   35.   35.   35.   35.   35.   35.   35.   35.   35.   35.   35.   35.
   35.   35.   35.   35.   35.   35.   35.   35.   35.   35.  768.  768.
 1000. 1000. 
 1000.  768.  768.  768.  768.   35.   35.   35.   35.   35.   35.   35.
   35.   35.   35.   35.   35.   35.   35.   35.   35.   35.   35.   35.
   35.   35. 
  35.  35.  35.  35.  35.  35.  35.  35.  35.  35.  35.  35.  35.  35.
  35.  35.  35.  35.  35.  35.  35.  35.  35.  35. 768. 768. 
  768.  768.  768.  768.  768.  768.  768.  768.  768.  768.  768. 1000.
 1000.  768.  768. 1000.  768.  768.   35.   35.   35.   35.   35.   35.
   35.   35. 
 35. 35. 35. 35. 35. 35. 35. 35. 35. 35. 35. 35. 35. 35. 35. 35. 35. 35.
 35. 35. 35. 35. 35. 35. 35. 35. 
   35.   35.   35.   35.   35.   35.   35.   35.   35.  768.  768. 1000.
  768.  768. 1000. 1000. 1000. 1000. 1000. 1000.  768.  768.  768. 1000.
 1000. 1000. 
  768. 1000. 1000.  768.   35.   35.   35.   35.   35.   35.   35.   35.
   35.   35.   35.   35.   35.   35.   35.   35.   35.   35.   35.   35.
   35.   35. 
   35.   35.   35.   35.   35.   35.   35.   35.   35.   35.   35.   35.
   35.   35.   35.   35.   35.   35.   35.   35.   35.  768. 1000. 1000.
  768. 1000. 
 1000. 1000. 1000. 1000. 1000. 1000. 1000. 1000. 1000. 1000. 1000. 1000.
  768. 1000. 1000. 1000.   35.   35.   35.   35.   35.   35.   35.   35.
   35.   35. 
 35. 35. 35. 35. 35. 35. 35. 35. 35. 35. 35. 35. 35. 35. 35. 35. 35. 35.
 35. 35. 35. 35. 35. 35. 35. 35. 
   35.   35.   35.   35.   35.   35.   35.  768. 1000.  768.  768. 1000.
 1000. 1000. 1000. 1000. 1000. 1000. 1000. 1000. 1000. 1000. 1000.  768.
  768. 1000. 
 1000. 1000.   35.   35.   35.   35.   35.   35.   35.   35.   35.   35.
   35.   35.   35.   35.   35.   35.   35.   35.   35.   35.   35.   35.
   35.   35. 
   35.   35.   35.   35.   35.   35.   35.   35.   35.   35.   35.   35.
   35.   35.   35.   35.   35.   35.   35.  768. 1000.  768.  768. 1000.
 1000. 1000. 
  768.  768.  768.  768. 1000. 1000. 1000. 1000. 1000.  768.  768.  768.
  768. 1000. 
/