PERMI
 1600. 1600. 1600. 1600. 1600. 1600. 2631. 2631. 2631. 2631. 2631. 1600.
 1600.   11.   11.   11.   11.   11.   11.   11.   11.   11.   11.   11.
   11.   11. 
   11.   11.   11.   11.   11.   11.   11.   11.   11.   11.   11.   11.
   11.   11. 1600. 1600. 1600. 2631. 2631. 2631. 2631. 2631. 2631. 2631.
 2631. 2631. 
 2631. 2631. 1600. 1600. 1600.   11.   11.   11. 1600. 1600. 2631. 2631.
 1600. 1600. 2631. 2631. 2631. 2631. 2631. 2631. 2631. 2631. 2631. 1600.
 1600.   11. 
   11.   11.   11.   11.   11.   11.   11.   11.   11.   11.   11.   11.
   11.   11.   11.   11.   11.   11.   11.   11.   11.   11.   11.   11.
   11. 1600. 
 1600. 1600. 2631. 2631. 2631. 2631. 2631. 1600. 1600. 2631. 2631. 2631.
 2631. 1600. 1600. 1600.   11.   11.   11.   11.   11. 1600. 2631. 2631.
 2631. 2631. 
 2631. 2631. 2631. 2631. 2631. 2631. 2631. 2631. 1600. 1600.   11.   11.
   11.   11.   11.   11.   11.   11.   11.   11.   11.   11.   11.   11.
   11.   11. 
   11.   11.   11.   11. 1600. 1600. 1600. 1600. 1600. 1600. 1600. 1600.
 1600. 2631. 2631. 2631. 2631. 2631. 1600. 1600. 1600. 1600. 1600. 1600.
 1600. 1600. 
 1600.   11.   11.   11.   11.   11. 1600. 1600. 2631. 2631. 2631. 2631.
 2631. 2631. 2631. 2631. 1600. 1600. 1600. 1600. 1600. 1600.   11.   11.
   11.   11. 
   11.   11.   11.   11.   11.   11.   11.   11.   11.   11.   11.   11.
   11.   11.   11. 1600. 1600. 1600. 1600. 1600. 1600. 1600. 1600. 1600.
 1600. 2631. 
 2631. 2631. 2631. 1600. 1600. 1600. 1600. 1600. 1600. 1600. 1600.   11.
   11.   11.   11.   11.   11.   11. 1600. 1600. 2631. 2631. 2631. 2631.
 2631. 1600. 
 1600. 1600. 1600. 1600. 1600. 1600.   11.   11.   11.   11.   11.   11.
   11.   11.   11.   11.   11.   11.   11.   11.   11.   11.   11.   11.
   11.   11. 
   11. 1600. 1600. 1600. 2631. 2631. 2631. 1600. 1600. 1600. 1600. 2631.
 2631. 2631. 2631. 1600. 1600.   11.   11.   11.   11.   11.   11.   11.
   11.   11. 
   11.   11.   11.   11. 1600. 1600. 2631. 2631. 2631. 1600. 1600. 1600.
 1600. 1600.   11.   11.   11.   11.   11.   11.   11.   11.   11.   11.
   11.   11. 
   11.   11.   11.   11.   11.   11.   11.   11.   11.   11.   11.   11.
 1600. 1600. 1600. 2631. 2631. 2631. 2631. 2631. 2631. 2631. 1600. 2631.
 2631. 2631. 
 2631. 1600. 1600.   11.   11.   11.   11.   11.   11.   11.   11.   11.
   11.   11.   11.   11. 1600. 1600. 2631. 2631. 2631. 1600. 1600.   11.
   11.   11. 
   11.   11.   11.   11.   11.   11.   11.   11.   11.   11.   11.   11.
   11.   11.   11.   11.   11.   11.   11.   11.   11.   11.   11.   11.
 1600. 1600. 
 1600. 2631. 2631. 2631. 2631. 2631. 2631. 2631. 2631. 2631. 2631. 2631.
 2631. 1600. 1600.   11.   11.   11.   11.   11.   11.   11.   11. 1600.
 1600. 1600. 
 1600. 1600. 1600. 1600. 2631. 2631. 1600. 1600.   11.   11.   11.   11.
   11.   11.   11.   11.   11.   11.   11.   11.   11.   11.   11.   11.
   11.   11. 
   11.   11.   11.   11.   11.   11.   11.   11.   11.   11. 1600. 1600.
 1600. 2631. 2631. 2631. 2631. 2631. 2631. 2631. 2631. 2631. 2631. 2631.
 1600. 1600. 
 1600.   11.   11.   11.   11.   11.   11.   11. 1600. 1600. 1600. 1600.
 1600. 1600. 1600. 2631. 2631. 2631. 1600.   11.   11.   11.   11.   11.
   11.   11. 
   11.   11.   11.   11.   11.   11.   11.   11.   11.   11.   11.   11.
   11.   11.   11.   11.   11.   11.   11.   11.   11.   11. 1600. 1600.
 2631. 2631. 
 2631. 2631. 1600. 1600. 2631. 2631. 2631. 2631. 2631. 1600. 1600. 1600.
   11.   11.   11.   11.   11.   11.   11. 1600. 1600. 2631. 2631. 2631.
 2631. 2631. 
 2631. 2631. 2631. 2631. 1600.   11.   11.   11.   11.   11.   11.   11.
   11.   11.   11.   11.   11.   11.   11.   11.   11.   11.   11.   11.
   11.   11. 
   11.   11.   11.   11.   11.   11.   11.   11. 1600. 1600. 2631. 2631.
 2631. 2631. 1600. 1600. 1600. 1600. 1600. 1600. 1600. 1600. 1600.   11.
   11.   11. 
   11.   11.   11.   11. 1600. 1600. 2631. 2631. 2631. 2631. 2631. 2631.
 2631. 2631. 2631. 1600.   11.   11.   11.   11.   11.   11.   11.   11.
   11.   11. 
   11.   11.   11.   11.   11.   11.   11.   11.   11.   11.   11.   11.
   11.   11.   11.   11.   11. 1600.   11. 1600. 1600. 1600. 2631. 2631.
 2631. 2631. 
 1600. 1600. 1600. 1600. 1600. 1600. 1600. 1600.   11.   11.   11.   11.
   11.   11.   11. 1600. 1600. 2631. 2631. 2631. 2631. 2631. 2631. 2631.
 1600. 1600. 
 1600. 1600.   11.   11.   11.   11.   11.   11.   11.   11.   11.   11.
   11.   11.   11.   11.   11.   11.   11.   11.   11.   11.   11.   11.
   11.   11. 
 1600. 1600. 1600. 1600. 1600. 1600. 1600. 1600. 2631. 2631. 2631. 1600.
 1600. 1600.   11. 1600. 1600.   11.   11.   11.   11.   11.   11.   11.
   11.   11. 
   11. 1600. 1600. 2631. 2631. 2631. 1600. 1600. 1600. 1600. 1600. 1600.
 1600.   11.   11.   11.   11.   11.   11.   11.   11.   11.   11.   11.
   11.   11. 
   11.   11.   11.   11.   11.   11.   11.   11.   11.   11.   11. 1600.
 1600. 1600. 1600. 1600. 1600. 1600. 2631. 2631. 2631. 2631. 2631. 1600.
 1600. 1600. 
   11.   11.   11.   11.   11.   11.   11.   11.   11.   11.   11.   11.
   11. 1600. 1600. 2631. 2631. 2631. 1600. 1600.   11.   11.   11.   11.
   11.   11. 
   11.   11.   11.   11.   11.   11.   11.   11.   11.   11.   11.   11.
   11.   11.   11.   11.   11.   11.   11.   11.   11.   11. 1600. 1600.
 1600. 2631. 
 2631. 2631. 2631. 2631. 2631. 2631. 2631. 2631. 2631. 1600. 1600.   11.
   11.   11.   11.   11.   11.   11.   11.   11.   11.   11.   11.   11.
   11. 1600. 
 2631. 2631. 2631. 2631. 1600.   11.   11.   11.   11.   11.   11.   11.
   11.   11.   11.   11.   11.   11.   11.   11.   11.   11.   11.   11.
   11.   11. 
   11.   11.   11.   11.   11.   11.   11. 1600. 1600. 1600. 2631. 2631.
 2631. 2631. 2631. 2631. 2631. 2631. 2631. 2631. 1600. 1600. 1600.   11.
   11.   11. 
   11.   11.   11.   11.   11.   11.   11.   11.   11.   11. 1600. 1600.
 2631. 2631. 2631. 1600. 1600.   11.   11.   11.   11.   11.   11.   11.
   11.   11. 
   11.   11.   11.   11.   11.   11.   11.   11.   11.   11.   11.   11.
   11.   11.   11.   11.   11.   11.   11. 1600. 1600. 2631. 2631. 2631.
 2631. 2631. 
 1600. 1600. 2631. 1600. 1600. 1600. 1600. 1600.   11.   11.   11.   11.
   11.   11.   11.   11.   11.   11.   11.   11.   11.   11. 1600. 1600.
 2631. 2631. 
 2631. 1600. 1600.   11.   11.   11.   11.   11.   11.   11.   11.   11.
   11.   11.   11.   11.   11.   11.   11.   11.   11.   11.   11.   11.
   11.   11. 
   11.   11.   11.   11.   11. 1600. 1600. 2631. 2631. 2631. 1600. 1600.
 1600. 1600. 1600. 1600. 1600. 1600. 1600.   11.   11.   11.   11.   11.
   11.   11. 
   11.   11. 1600. 1600. 1600. 1600. 1600. 1600. 1600. 1600. 2631. 2631.
 2631. 1600. 1600.   11.   11.   11.   11.   11.   11.   11.   11.   11.
   11.   11. 
   11.   11.   11.   11.   11.   11.   11.   11.   11. 1600.   11.   11.
   11.   11.   11.   11. 1600. 1600. 1600. 2631. 2631. 2631. 1600. 1600.
 1600. 1600. 
 1600. 1600. 1600.   11.   11.   11.   11.   11.   11.   11.   11.   11.
   11. 1600. 1600. 1600. 1600. 1600. 1600. 1600. 1600. 2631. 2631. 2631.
 2631. 1600. 
 1600.   11.   11.   11.   11.   11.   11.   11.   11.   11.   11.   11.
   11.   11.   11.   11.   11.   11. 1600. 1600. 1600. 1600. 1600. 1600.
 1600. 1600. 
   11.   11. 1600. 1600. 1600. 2631. 2631. 2631. 1600. 1600.   11.   11.
   11.   11.   11.   11.   11.   11.   11.   11.   11.   11.   11.   11.
 1600. 1600. 
 1600. 2631. 2631. 2631. 2631. 2631. 2631. 2631. 2631. 2631. 1600. 1600.
 1600.   11.   11.   11.   11.   11.   11.   11.   11.   11.   11.   11.
   11.   11. 
   11.   11.   11.   11. 1600. 1600. 2631. 2631. 2631. 2631. 1600. 1600.
 1600.   11. 1600. 1600. 2631. 2631. 2631. 1600. 1600. 1600.   11.   11.
   11.   11. 
   11.   11.   11.   11.   11.   11.   11.   11.   11. 1600. 1600. 1600.
 2631. 2631. 2631. 2631. 2631. 2631. 2631. 2631. 2631. 1600. 1600. 1600.
   11.   11. 
   11.   11.   11.   11.   11.   11.   11.   11.   11.   11.   11.   11.
   11.   11.   11. 1600. 1600. 2631. 2631. 2631. 2631. 2631. 2631. 1600.
 1600. 1600. 
 1600. 1600. 2631. 2631. 2631. 1600. 1600.   11.   11.   11.   11.   11.
   11.   11.   11.   11.   11.   11.   11.   11.   11. 1600. 1600. 2631.
 2631. 2631. 
 1600. 1600. 2631. 2631. 1600. 1600. 1600. 1600. 1600.   11.   11.   11.
   11.   11.   11.   11.   11.   11.   11.   11.   11.   11.   11.   11.
   11.   11. 
   11. 1600. 1600. 2631. 2631. 2631. 2631. 2631. 2631. 2631. 2631. 1600.
 1600. 1600. 2631. 2631. 1600. 1600. 1600.   11.   11.   11.   11.   11.
   11.   11. 
   11.   11.   11.   11.   11.   11.   11. 1600. 1600. 2631. 2631. 2631.
 1600. 1600. 1600. 1600. 1600. 1600. 1600. 1600.   11.   11.   11.   11.
   11.   11. 
   11.   11.   11.   11. 1600. 1600. 1600. 1600.   11.   11.   11.   11.
   11. 1600. 2631. 2631. 2631. 2631. 1600. 2631. 2631. 2631. 2631. 2631.
 2631. 2631. 
 2631. 2631. 1600. 1600.   11.   11.   11.   11.   11.   11.   11.   11.
   11.   11.   11.   11.   11.   11.   11.   11. 1600. 1600. 2631. 2631.
 2631. 1600. 
 1600. 1600. 1600.   11.   11.   11.   11.   11.   11.   11.   11.   11.
   11.   11.   11.   11. 1600. 1600. 1600. 1600. 1600. 1600. 1600. 1600.
 1600. 1600. 
 2631. 2631. 2631. 1600. 1600. 1600. 1600. 2631. 2631. 2631. 2631. 2631.
 2631. 1600. 1600. 1600.   11.   11.   11.   11.   11.   11.   11.   11.
   11.   11. 
   11.   11.   11.   11. 1600.   11. 1600. 1600. 2631. 2631. 2631. 2631.
 1600. 1600.   11.   11.   11.   11.   11.   11.   11.   11.   11.   11.
   11.   11. 
   11.   11. 1600. 1600. 1600. 1600. 1600. 1600. 1600. 1600. 1600. 1600.
 2631. 2631. 2631. 1600. 1600. 1600. 1600. 1600. 1600. 2631. 2631. 2631.
 1600. 1600. 
 1600.   11.   11.   11.   11.   11.   11.   11.   11.   11.   11.   11.
   11. 1600. 1600. 1600. 1600. 1600. 1600. 1600. 1600. 2631. 2631. 2631.
 1600. 1600. 
   11.   11.   11.   11.   11.   11.   11.   11.   11.   11.   11.   11.
   11.   11. 2631. 2631. 2631. 2631. 2631. 2631. 2631. 1600. 2631. 2631.
 2631. 2631. 
 1600. 1600. 1600.   11. 1600. 1600. 1600. 1600. 1600. 1600. 1600. 1600.
   11.   11.   11.   11.   11.   11.   11.   11.   11.   11.   11.   11.
 1600. 1600. 
 1600. 2631. 2631. 2631. 1600. 1600. 1600. 1600. 2631. 2631. 1600. 1600.
   11.   11.   11.   11.   11.   11.   11.   11.   11.   11.   11.   11.
   11.   11. 
 2631. 2631. 2631. 2631. 2631. 2631. 2631. 2631. 2631. 2631. 2631. 2631.
 1600. 1600.   11.   11.   11.   11.   11. 1600. 1600. 1600.   11.   11.
   11.   11. 
   11.   11.   11.   11.   11.   11.   11.   11.   11.   11. 1600. 1600.
 2631. 2631. 2631. 2631. 2631. 2631. 2631. 2631. 2631. 2631. 1600. 1600.
   11.   11. 
   11.   11.   11.   11.   11.   11.   11.   11.   11.   11.   11.   11.
 2631. 2631. 2631. 2631. 2631. 2631. 2631. 2631. 2631. 2631. 2631. 1600.
 1600. 1600. 
   11.   11.   11.   11.   11.   11.   11.   11.   11.   11.   11.   11.
   11.   11.   11.   11.   11.   11.   11.   11.   11. 1600. 1600. 2631.
 2631. 2631. 
 2631. 2631. 2631. 2631. 2631. 2631. 2631. 2631. 1600. 1600.   11.   11.
   11.   11.   11.   11.   11.   11.   11.   11.   11.   11.   11.   11.
 1600. 1600. 
 1600. 2631. 2631. 2631. 2631. 2631. 1600. 1600. 1600. 1600. 1600.   11.
   11.   11.   11.   11.   11.   11.   11.   11.   11.   11.   11.   11.
   11.   11. 
   11.   11.   11.   11.   11.   11.   11. 1600. 1600. 2631. 2631. 2631.
 1600. 2631. 2631. 2631. 2631. 2631. 1600. 1600. 1600.   11.   11.   11.
   11.   11. 
   11.   11.   11.   11.   11.   11.   11.   11.   11.   11. 1600. 1600.
 1600. 1600. 1600. 1600. 1600. 1600. 1600. 1600. 1600. 1600.   11.   11.
   11.   11. 
   11.   11.   11.   11.   11.   11.   11.   11.   11.   11.   11.   11.
   11.   11.   11.   11.   11.   11.   11.   11. 1600. 2631. 2631. 2631.
 2631. 1600. 
 1600. 1600. 1600. 1600. 1600. 1600.   11.   11.   11.   11.   11.   11.
   11.   11.   11.   11.   11.   11.   11.   11.   11.   11. 1600. 1600.
 1600. 1600. 
 1600. 1600. 1600. 1600. 1600.   11.   11.   11.   11.   11.   11.   11.
   11.   11.   11.   11.   11.   11.   11.   11.   11.   11.   11.   11.
   11.   11. 
   11.   11.   11.   11.   11.   11. 1600. 1600. 2631. 2631. 2631. 1600.
   11.   11.   11.   11.   11.   11.   11.   11.   11.   11.   11.   11.
   11.   11. 
   11.   11.   11.   11.   11.   11.   11.   11. 1600. 1600.   11.   11.
   11.   11.   11.   11.   11.   11.   11.   11.   11.   11.   11.   11.
   11.   11. 
   11.   11.   11.   11.   11.   11.   11.   11.   11.   11.   11.   11.
   11.   11.   11.   11.   11.   11. 1600. 2631. 2631. 2631. 1600. 1600.
   11.   11. 
   11.   11.   11.   11.   11.   11.   11.   11.   11.   11.   11.   11.
   11.   11.   11.   11.   11.   11.   11.   11. 1600.   11.   11.   11.
   11.   11. 
 11. 11. 11. 11. 11. 11. 11. 11. 11. 11. 11. 11. 11. 11. 11. 11. 11. 11.
 11. 11. 11. 11. 11. 11. 11. 11. 
   11.   11.   11. 1600. 1600. 2631. 2631. 2631. 1600. 1600.   11.   11.
   11.   11.   11.   11.   11.   11.   11.   11.   11.   11.   11.   11.
   11.   11. 
   11.   11.   11.   11.   11.   11. 1600.   11.   11.   11.   11.   11.
   11.   11.   11.   11.   11.   11.   11.   11.   11.   11.   11.   11.
   11.   11. 
   11.   11.   11.   11.   11.   11.   11.   11.   11.   11.   11.   11.
   11.   11.   11. 1600. 1600. 2631. 2631. 2631. 1600. 1600.   11.   11.
   11.   11. 
 11. 11. 11. 11. 11. 11. 11. 11. 11. 11. 11. 11. 11. 11. 11. 11. 11. 11.
 11. 11. 11. 11. 11. 11. 11. 11. 
 11. 11. 11. 11. 11. 11. 11. 11. 11. 11. 11. 11. 11. 11. 11. 11. 11. 11.
 11. 11. 11. 11. 11. 11. 11. 11. 
   11. 1600. 1600. 2631. 2631. 2631. 1600. 1600.   11.   11.   11.   11.
   11.   11.   11.   11.   11.   11.   11.   11.   11.   11.   11.   11.
   11.   11. 
 11. 11. 11. 11. 11. 11. 11. 11. 11. 11. 11. 11. 11. 11. 11. 11. 11. 11.
 11. 11. 11. 11. 11. 11. 11. 11. 
   11.   11.   11.   11.   11.   11.   11.   11.   11.   11.   11. 1600.
 1600. 1600. 2631. 2631. 2631. 1600. 1600.   11.   11.   11.   11.   11.
   11.   11. 
 11. 11. 11. 11. 11. 11. 11. 11. 11. 11. 11. 11. 11. 11. 11. 11. 11. 11.
 11. 11. 11. 11. 11. 11. 11. 11. 
   11.   11.   11.   11.   11.   11.   11.   11.   11.   11.   11.   11.
   11.   11.   11.   11.   11.   11.   11.   11.   11.   11. 1600. 1600.
 2631. 2631. 
 2631. 2631. 2631. 1600.   11.   11.   11.   11.   11.   11.   11.   11.
   11.   11.   11.   11.   11.   11.   11.   11.   11.   11.   11.   11.
   11.   11. 
 11. 11. 11. 11. 11. 11. 11. 11. 11. 11. 11. 11. 11. 11. 11. 11. 11. 11.
 11. 11. 11. 11. 11. 11. 11. 11. 
   11.   11.   11.   11.   11.   11. 1600. 1600. 1600. 2631. 2631. 2631.
 2631. 2631. 1600. 1600.   11.   11.   11.   11.   11.   11.   11.   11.
   11.   11. 
 11. 11. 11. 11. 11. 11. 11. 11. 11. 11. 11. 11. 11. 11. 11. 11. 11. 11.
 11. 11. 11. 11. 11. 11. 11. 11. 
   11.   11.   11.   11.   11.   11.   11.   11.   11.   11.   11.   11.
   11.   11.   11.   11. 1600. 1600. 1600. 2631. 2631. 2631. 2631. 2631.
 1600. 1600. 
 1600.   11.   11.   11.   11.   11.   11.   11.   11.   11.   11.   11.
   11.   11.   11.   11.   11.   11.   11.   11.   11.   11.   11.   11.
   11.   11. 
 11. 11. 11. 11. 11. 11. 11. 11. 11. 11. 11. 11. 11. 11. 11. 11. 11. 11.
 11. 11. 11. 11. 11. 11. 11. 11. 
   11. 1600. 1600. 1600. 2631. 2631. 2631. 2631. 1600. 1600. 1600. 1600.
   11.   11.   11.   11.   11.   11.   11.   11.   11.   11.   11.   11.
   11.   11. 
 11. 11. 11. 11. 11. 11. 11. 11. 11. 11. 11. 11. 11. 11. 11. 11. 11. 11.
 11. 11. 11. 11. 11. 11. 11. 11. 
   11.   11.   11.   11.   11.   11.   11.   11.   11.   11.   11.   11.
   11. 1600. 1600. 2631. 2631. 2631. 2631. 1600. 1600. 1600.   11.   11.
   11.   11. 
 11. 11. 11. 11. 11. 11. 11. 11. 11. 11. 11. 11. 11. 11. 11. 11. 11. 11.
 11. 11. 11. 11. 11. 11. 11. 11. 
   11.   11.   11.   11.   11.   11.   11.   11.   11.   11.   11.   11.
   11.   11.   11.   11.   11.   11.   11.   11.   11.   11.   11.   11.
 1600. 1600. 
 2631. 2631. 2631. 2631. 1600. 1600.   11.   11.   11.   11.   11.   11.
   11.   11.   11.   11.   11.   11.   11.   11.   11.   11.   11.   11.
   11.   11. 
 11. 11. 11. 11. 11. 11. 11. 11. 11. 11. 11. 11. 11. 11. 11. 11. 11. 11.
 11. 11. 11. 11. 11. 11. 11. 11. 
   11.   11.   11.   11.   11.   11.   11.   11.   11.   11. 1600. 1600.
 2631. 2631. 2631. 1600. 1600.   11.   11.   11.   11.   11.   11.   11.
   11.   11. 
 11. 11. 11. 11. 11. 11. 11. 11. 11. 11. 11. 11. 11. 11. 11. 11. 11. 11.
 11. 11. 11. 11. 11. 11. 11. 11. 
   11.   11.   11.   11.   11.   11.   11.   11.   11.   11.   11.   11.
   11.   11.   11.   11.   11.   11.   11.   11.   11.   11. 1600. 1600.
 2631. 2631. 
 2631. 1600.   11.   11.   11.   11.   11.   11.   11.   11.   11.   11.
   11.   11.   11.   11.   11.   11.   11.   11.   11.   11.   11.   11.
   11.   11. 
 11. 11. 11. 11. 11. 11. 11. 11. 11. 11. 11. 11. 11. 11. 11. 11. 11. 11.
 11. 11. 11. 11. 11. 11. 11. 11. 
   11.   11.   11.   11.   11.   11.   11.   11. 1600. 1600. 2631. 2631.
 2631. 1600. 1600.   11.   11.   11.   11.   11.   11.   11.   11.   11.
   11.   11. 
 11. 11. 11. 11. 11. 11. 11. 11. 11. 11. 11. 11. 11. 11. 11. 11. 11. 11.
 11. 11. 11. 11. 11. 11. 11. 11. 
   11.   11.   11.   11.   11.   11.   11.   11.   11.   11.   11.   11.
   11.   11.   11.   11.   11.   11.   11.   11. 1600. 1600. 2631. 2631.
 2631. 1600. 
 1600.   11.   11.   11.   11.   11.   11.   11.   11.   11.   11.   11.
   11.   11.   11.   11.   11.   11.   11.   11.   11.   11.   11.   11.
   11.   11. 
 11. 11. 11. 11. 11. 11. 11. 11. 11. 11. 11. 11. 11. 11. 11. 11. 11. 11.
 11. 11. 11. 11. 11. 11. 11. 11. 
   11.   11.   11.   11.   11.   11.   11. 1600. 1600. 2631. 2631. 1600.
 1600.   11.   11.   11.   11.   11.   11.   11.   11.   11.   11.   11.
   11.   11. 
 11. 11. 11. 11. 11. 11. 11. 11. 11. 11. 11. 11. 11. 11. 11. 11. 11. 11.
 11. 11. 11. 11. 11. 11. 11. 11. 
   11.   11.   11.   11.   11.   11.   11.   11.   11.   11.   11.   11.
   11.   11.   11.   11.   11.   11.   11. 1600. 1600. 2631. 2631. 2631.
 1600.   11. 
 11. 11. 11. 11. 11. 11. 11. 11. 11. 11. 11. 11. 11. 11. 11. 11. 11. 11.
 11. 11. 11. 11. 11. 11. 11. 11. 
 11. 11. 11. 11. 11. 11. 11. 11. 11. 11. 11. 11. 11. 11. 11. 11. 11. 11.
 11. 11. 11. 11. 11. 11. 11. 11. 
   11.   11.   11.   11.   11. 1600. 1600. 2631. 2631. 2631. 1600.   11.
   11.   11.   11.   11.   11.   11.   11.   11.   11.   11.   11.   11.
   11.   11. 
 11. 11. 11. 11. 11. 11. 11. 11. 11. 11. 11. 11. 11. 11. 11. 11. 11. 11.
 11. 11. 11. 11. 11. 11. 11. 11. 
   11.   11.   11.   11.   11.   11.   11.   11.   11.   11.   11.   11.
   11.   11.   11.   11. 1600. 1600. 1600. 2631. 2631. 2631. 1600.   11.
   11.   11. 
 11. 11. 11. 11. 11. 11. 11. 11. 11. 11. 11. 11. 11. 11. 11. 11. 11. 11.
 11. 11. 11. 11. 11. 11. 11. 11. 
 11. 11. 11. 11. 11. 11. 11. 11. 11. 11. 11. 11. 11. 11. 11. 11. 11. 11.
 11. 11. 11. 11. 11. 11. 11. 11. 
 1600. 1600. 1600. 1600. 2631. 2631. 2631. 1600. 1600.   11.   11.   11.
   11.   11.   11.   11.   11.   11.   11.   11.   11.   11.   11.   11.
   11.   11. 
 11. 11. 11. 11. 11. 11. 11. 11. 11. 11. 11. 11. 11. 11. 11. 11. 11. 11.
 11. 11. 11. 11. 11. 11. 11. 11. 
   11.   11.   11.   11.   11.   11.   11.   11.   11. 1600. 1600. 1600.
 1600. 2631. 2631. 2631. 2631. 2631. 2631. 1600. 1600.   11.   11.   11.
   11.   11. 
 11. 11. 11. 11. 11. 11. 11. 11. 11. 11. 11. 11. 11. 11. 11. 11. 11. 11.
 11. 11. 11. 11. 11. 11. 11. 11. 
   11.   11.   11.   11.   11.   11.   11.   11.   11.   11.   11.   11.
   11.   11.   11.   11.   11.   11.   11.   11. 1600. 1600. 1600. 1600.
 2631. 2631. 
 2631. 2631. 2631. 2631. 1600. 1600.   11.   11.   11.   11.   11.   11.
   11.   11.   11.   11.   11.   11.   11.   11.   11.   11.   11.   11.
   11.   11. 
 11. 11. 11. 11. 11. 11. 11. 11. 11. 11. 11. 11. 11. 11. 11. 11. 11. 11.
 11. 11. 11. 11. 11. 11. 11. 11. 
   11.   11.   11.   11.   11.   11. 1600. 1600. 2631. 2631. 2631. 2631.
 2631. 2631. 1600. 1600. 1600.   11.   11.   11.   11.   11.   11.   11.
   11.   11. 
 11. 11. 11. 11. 11. 11. 11. 11. 11. 11. 11. 11. 11. 11. 11. 11. 11. 11.
 11. 11. 11. 11. 11. 11. 11. 11. 
   11.   11.   11.   11.   11.   11.   11.   11.   11.   11.   11.   11.
   11.   11.   11.   11.   11. 1600. 1600. 2631. 2631. 2631. 2631. 2631.
 1600. 1600. 
 1600. 1600.   11.   11.   11.   11.   11.   11.   11.   11.   11.   11.
   11.   11.   11.   11.   11.   11.   11.   11.   11.   11.   11.   11.
   11.   11. 
 11. 11. 11. 11. 11. 11. 11. 11. 11. 11. 11. 11. 11. 11. 11. 11. 11. 11.
 11. 11. 11. 11. 11. 11. 11. 11. 
   11.   11.   11. 1600. 1600. 2631. 2631. 2631. 1600. 1600. 1600. 1600.
   11.   11.   11.   11.   11.   11.   11.   11.   11.   11.   11.   11.
   11.   11. 
 11. 11. 11. 11. 11. 11. 11. 11. 11. 11. 11. 11. 11. 11. 11. 11. 11. 11.
 11. 11. 11. 11. 11. 11. 11. 11. 
   11.   11.   11.   11.   11.   11.   11.   11.   11.   11.   11.   11.
   11.   11. 1600. 1600. 2631. 2631. 2631. 2631. 1600. 1600.   11.   11.
   11.   11. 
 11. 11. 11. 11. 11. 11. 11. 11. 11. 11. 11. 11. 11. 11. 11. 11. 11. 11.
 11. 11. 11. 11. 11. 11. 11. 11. 
   11.   11.   11.   11.   11.   11.   11.   11.   11.   11.   11.   11.
   11.   11.   11.   11.   11.   11. 1600. 1600. 1600.   11.   11.   11.
   11.   11. 
 1600. 1600. 2631. 2631. 2631. 1600. 1600.   11.   11.   11.   11.   11.
   11.   11.   11.   11.   11.   11.   11.   11.   11.   11.   11.   11.
   11.   11. 
 11. 11. 11. 11. 11. 11. 11. 11. 11. 11. 11. 11. 11. 11. 11. 11. 11. 11.
 11. 11. 11. 11. 11. 11. 11. 11. 
   11.   11.   11. 1600. 1600. 1600. 1600. 1600. 1600. 1600.   11. 1600.
 1600. 2631. 2631. 2631. 2631. 1600. 1600.   11.   11.   11.   11.   11.
   11.   11. 
 11. 11. 11. 11. 11. 11. 11. 11. 11. 11. 11. 11. 11. 11. 11. 11. 11. 11.
 11. 11. 11. 11. 11. 11. 11. 11. 
   11.   11.   11.   11.   11.   11.   11.   11.   11.   11.   11.   11.
   11.   11. 1600. 1600. 2631. 2631. 2631. 2631. 1600. 1600. 1600. 1600.
 1600. 2631. 
 2631. 2631. 2631. 1600.   11.   11.   11.   11.   11.   11.   11.   11.
   11.   11.   11.   11.   11.   11.   11.   11.   11.   11.   11.   11.
   11.   11. 
 11. 11. 11. 11. 11. 11. 11. 11. 11. 11. 11. 11. 11. 11. 11. 11. 11. 11.
 11. 11. 11. 11. 11. 11. 11. 11. 
 1600. 2631. 2631. 2631. 2631. 2631. 2631. 2631. 2631. 2631. 2631. 2631.
 2631. 2631. 1600. 1600.   11.   11.   11.   11.   11.   11.   11.   11.
   11.   11. 
 11. 11. 11. 11. 11. 11. 11. 11. 11. 11. 11. 11. 11. 11. 11. 11. 11. 11.
 11. 11. 11. 11. 11. 11. 11. 11. 
   11.   11.   11.   11.   11.   11.   11.   11.   11.   11.   11. 1600.
 1600. 2631. 2631. 2631. 2631. 2631. 2631. 2631. 2631. 2631. 2631. 2631.
 2631. 1600. 
 1600.   11.   11.   11.   11.   11.   11.   11.   11.   11.   11.   11.
   11.   11.   11.   11.   11.   11.   11.   11.   11.   11.   11.   11.
   11.   11. 
   11.   11.   11.   11.   11.   11.   11.   11.   11.   11.   11.   11.
   11.   11.   11.   11. 1600. 1600. 1600. 1600.   11.   11. 1600. 1600.
 2631. 2631. 
 2631. 2631. 1600. 1600. 2631. 2631. 2631. 2631. 2631. 2631. 1600. 1600.
 1600.   11.   11.   11.   11.   11.   11.   11.   11.   11.   11.   11.
   11.   11. 
 11. 11. 11. 11. 11. 11. 11. 11. 11. 11. 11. 11. 11. 11. 11. 11. 11. 11.
 11. 11. 11. 11. 11. 11. 11. 11. 
   11.   11. 2631. 2631. 1600. 1600. 1600. 1600. 1600. 2631. 2631. 2631.
 2631. 1600. 1600. 1600. 1600. 1600. 1600. 1600. 1600. 1600. 1600.   11.
   11.   11. 
 11. 11. 11. 11. 11. 11. 11. 11. 11. 11. 11. 11. 11. 11. 11. 11. 11. 11.
 11. 11. 11. 11. 11. 11. 11. 11. 
 11. 11. 11. 11. 11. 11. 11. 11. 11. 11. 11. 11. 11. 11. 
/