PERMI
   15.   15.   15.   15.   15.   15.   15.   15.   15.   15.   15.   15.
   15. 2622. 2622. 3739. 3739. 3739. 3739. 3739. 3739. 3739. 3739. 3739.
 3739. 2622. 
 2622. 2622.   15.   15.   15.   15.   15.   15.   15.   15.   15.   15.
   15.   15. 2622. 2622. 3739. 3739. 3739. 2622.   15.   15.   15.   15.
   15.   15. 
   15.   15.   15.   15.   15.   15.   15.   15.   15.   15.   15.   15.
   15.   15.   15.   15.   15.   15.   15.   15.   15.   15.   15.   15.
 2622. 2622. 
 3739. 3739. 3739. 3739. 3739. 3739. 3739. 3739. 3739. 2622. 2622. 2622.
 2622.   15.   15.   15.   15.   15.   15.   15.   15.   15.   15.   15.
   15. 2622. 
 2622. 2622. 3739. 3739. 2622. 2622.   15.   15.   15.   15.   15.   15.
   15.   15.   15.   15.   15.   15. 2622. 2622. 2622. 2622. 2622.   15.
   15.   15. 
   15.   15.   15.   15.   15.   15.   15.   15.   15.   15. 2622. 2622.
 3739. 3739. 3739. 2622. 2622. 2622. 2622. 2622. 2622. 2622. 2622.   15.
   15.   15. 
   15.   15.   15.   15.   15.   15.   15.   15.   15.   15. 2622. 2622.
 2622. 3739. 3739. 3739. 2622. 2622.   15.   15.   15.   15.   15.   15.
   15.   15. 
   15.   15.   15. 2622. 2622. 3739. 3739. 2622. 2622. 2622.   15.   15.
   15.   15.   15.   15.   15.   15.   15.   15.   15. 2622. 2622. 3739.
 3739. 3739. 
 2622. 2622. 2622. 2622. 2622.   15.   15.   15.   15.   15.   15.   15.
   15.   15.   15.   15.   15.   15.   15.   15. 2622. 2622. 2622. 3739.
 3739. 3739. 
 3739. 2622. 2622.   15.   15.   15.   15.   15.   15.   15.   15.   15.
   15.   15. 2622. 2622. 3739. 3739. 3739. 3739. 3739. 3739.   15.   15.
   15.   15. 
   15.   15.   15.   15.   15.   15.   15. 2622. 3739. 3739. 3739. 3739.
 2622. 2622.   15.   15.   15.   15.   15.   15.   15.   15.   15.   15.
   15.   15. 
   15.   15.   15.   15. 2622. 2622. 2622. 2622. 3739. 3739. 3739. 3739.
 3739. 2622.   15.   15.   15.   15.   15.   15.   15.   15.   15.   15.
   15. 2622. 
 2622. 3739. 3739. 3739. 3739. 3739. 3739. 3739.   15.   15.   15.   15.
   15.   15.   15.   15.   15.   15. 2622. 2622. 3739. 3739. 3739. 2622.
 2622.   15. 
   15.   15.   15.   15.   15.   15.   15.   15.   15.   15.   15.   15.
   15.   15. 2622. 2622. 2622. 2622. 3739. 3739. 3739. 3739. 3739. 2622.
 2622. 2622. 
   15.   15.   15.   15.   15.   15.   15.   15.   15.   15.   15. 2622.
 3739. 3739. 3739. 3739. 2622. 2622. 3739. 3739.   15.   15.   15.   15.
   15.   15. 
   15.   15.   15.   15. 2622. 2622. 3739. 3739. 3739. 2622. 2622.   15.
   15.   15.   15.   15.   15.   15.   15.   15.   15.   15.   15.   15.
   15. 2622. 
 2622. 2622. 3739. 3739. 3739. 3739. 3739. 2622. 2622. 2622. 2622.   15.
   15.   15.   15.   15.   15.   15.   15.   15.   15.   15.   15. 2622.
 3739. 3739. 
 3739. 2622. 2622. 2622. 2622. 2622.   15.   15.   15.   15.   15.   15.
   15.   15.   15.   15. 2622. 3739. 3739. 3739. 3739. 2622.   15.   15.
   15.   15. 
   15.   15.   15.   15.   15.   15.   15.   15.   15.   15. 2622. 2622.
 3739. 3739. 3739. 3739. 3739. 3739. 2622. 2622. 2622.   15.   15.   15.
 2622. 2622. 
 2622. 2622. 2622. 2622. 2622. 2622. 2622. 2622. 2622. 3739. 3739. 3739.
 3739. 2622. 2622. 2622. 2622.   15.   15.   15. 2622. 2622. 2622. 2622.
 2622. 2622. 
   15. 2622. 2622. 3739. 3739. 3739. 2622. 2622.   15.   15.   15.   15.
   15.   15.   15.   15.   15.   15.   15.   15.   15. 2622. 2622. 3739.
 3739. 3739. 
 3739. 3739. 2622. 2622. 2622.   15.   15.   15. 2622. 2622. 2622. 2622.
 2622. 3739. 2622. 2622. 2622. 2622. 2622. 2622. 2622. 3739. 3739. 3739.
 2622. 2622. 
 2622. 2622. 2622. 2622. 2622. 2622. 2622. 2622. 3739. 3739. 2622. 2622.
 2622. 2622. 2622. 3739. 3739. 3739. 2622.   15.   15.   15.   15.   15.
   15.   15. 
   15.   15.   15.   15.   15.   15.   15. 2622. 2622. 3739. 3739. 3739.
 2622. 2622. 2622.   15.   15.   15. 2622. 2622. 2622. 3739. 3739. 3739.
 3739. 3739. 
 3739. 3739. 3739. 3739. 3739. 3739. 3739. 3739. 3739. 2622. 2622. 3739.
 3739. 3739. 3739. 3739. 2622. 3739. 3739. 3739. 3739. 3739. 3739. 3739.
 2622. 2622. 
 3739. 3739. 3739. 2622. 2622.   15.   15.   15.   15.   15.   15.   15.
   15.   15.   15.   15.   15.   15.   15. 2622. 2622. 3739. 3739. 3739.
 2622. 2622. 
   15.   15.   15. 2622. 2622. 3739. 3739. 3739. 3739. 3739. 3739. 3739.
 3739. 3739. 3739. 3739. 3739. 3739. 3739. 3739. 3739. 2622. 3739. 3739.
 3739. 3739. 
 3739. 3739. 3739. 3739. 3739. 3739. 3739. 3739. 3739. 3739. 3739. 3739.
 3739. 3739. 2622. 2622.   15.   15.   15.   15.   15.   15.   15.   15.
   15.   15. 
   15.   15.   15.   15.   15. 2622. 2622. 2622. 2622. 2622. 2622. 2622.
   15.   15. 2622. 2622. 3739. 3739. 3739. 3739. 3739. 3739. 3739. 3739.
 2622. 2622. 
 2622. 3739. 3739. 3739. 2622. 2622. 2622. 2622. 3739. 3739. 3739. 3739.
 3739. 3739. 3739. 3739. 3739. 3739. 2622. 3739. 3739. 3739. 3739. 3739.
 3739. 3739. 
 2622.   15.   15.   15.   15.   15.   15.   15.   15. 2622. 2622. 2622.
 2622. 2622. 2622. 2622. 2622. 2622. 2622. 2622. 3739. 3739. 2622. 2622.
 2622. 2622. 
 2622. 3739. 3739. 3739. 3739. 2622. 2622. 2622. 2622. 2622. 2622. 2622.
 2622. 2622. 2622. 2622. 2622. 2622. 3739. 3739. 3739. 3739. 2622. 2622.
 2622. 2622. 
 3739. 2622. 2622. 2622. 2622. 2622. 2622. 3739. 3739. 3739. 2622. 2622.
 2622.   15.   15.   15.   15.   15.   15.   15. 2622. 2622. 2622. 2622.
 2622. 2622. 
 2622. 2622. 2622. 2622. 3739. 3739. 3739. 3739. 3739. 3739. 3739. 3739.
 3739. 3739. 3739. 3739. 2622. 2622. 2622.   15.   15.   15.   15.   15.
   15.   15. 
   15.   15. 2622. 2622. 3739. 3739. 3739. 2622. 2622.   15. 2622. 2622.
 3739. 2622. 2622.   15.   15.   15. 2622. 2622. 2622. 2622. 2622. 2622.
   15.   15. 
   15.   15.   15.   15.   15. 2622. 2622. 3739. 3739. 3739. 3739. 3739.
 3739. 2622. 2622. 3739. 3739. 3739. 3739. 3739. 3739. 3739. 3739. 3739.
 3739. 3739. 
 3739. 2622. 2622.   15.   15.   15.   15.   15.   15.   15.   15.   15.
   15.   15. 2622. 2622. 3739. 3739. 3739. 2622. 2622.   15. 2622. 3739.
 3739. 2622. 
   15.   15.   15.   15.   15.   15.   15. 2622.   15.   15.   15.   15.
   15.   15.   15.   15.   15. 2622. 2622. 3739. 3739. 3739. 3739. 3739.
 3739. 2622. 
 3739. 3739. 3739. 3739. 2622. 2622. 2622. 3739. 3739. 3739. 3739. 3739.
 2622. 2622.   15.   15.   15.   15.   15.   15.   15.   15.   15.   15.
   15. 2622. 
 2622. 2622. 3739. 3739. 3739. 2622. 2622. 2622. 2622. 3739. 2622. 2622.
   15.   15.   15.   15.   15.   15.   15.   15.   15. 2622. 2622. 2622.
 2622.   15. 
   15.   15. 2622. 2622. 3739. 3739. 3739. 3739. 3739. 3739. 2622. 2622.
 3739. 3739. 3739. 2622. 2622. 2622. 2622. 2622. 2622. 2622. 2622. 2622.
 2622.   15. 
   15.   15.   15.   15.   15.   15.   15.   15. 2622. 2622. 2622. 2622.
 2622. 2622. 3739. 3739. 3739. 2622. 2622. 3739. 3739. 3739. 2622. 2622.
   15.   15. 
   15.   15.   15.   15.   15. 2622. 2622. 2622. 2622. 2622. 2622. 2622.
 2622.   15. 2622. 2622. 3739. 3739. 3739. 2622. 2622. 2622. 2622. 3739.
 3739. 3739. 
 2622. 2622. 2622.   15.   15.   15.   15.   15.   15.   15.   15.   15.
   15.   15.   15.   15.   15.   15.   15. 2622. 2622. 2622. 2622. 2622.
 2622. 2622. 
 3739. 3739. 3739. 2622. 2622. 3739. 3739. 3739. 2622.   15.   15.   15.
   15.   15.   15.   15. 2622. 2622. 2622. 3739. 3739. 3739. 3739. 3739.
 2622. 2622. 
 2622. 3739. 3739. 3739. 3739. 2622. 2622. 2622. 2622. 3739. 3739. 3739.
 2622. 2622.   15.   15.   15.   15.   15.   15.   15.   15.   15.   15.
   15.   15. 
   15.   15.   15.   15. 2622. 2622. 2622. 3739. 3739. 3739. 3739. 3739.
 3739. 3739. 3739. 2622. 2622. 3739. 3739. 3739. 2622.   15.   15.   15.
   15.   15. 
   15. 2622. 2622. 3739. 3739. 3739. 3739. 3739. 3739. 3739. 3739. 2622.
 2622. 3739. 3739. 3739. 3739. 2622.   15. 2622. 3739. 3739. 3739. 3739.
 2622.   15. 
   15.   15.   15.   15.   15.   15.   15.   15.   15.   15.   15.   15.
   15.   15.   15. 2622. 2622. 2622. 3739. 3739. 3739. 3739. 3739. 3739.
 3739. 3739. 
 3739. 2622. 2622. 2622. 2622. 2622.   15.   15.   15.   15.   15. 2622.
 2622. 2622. 3739. 3739. 3739. 3739. 3739. 3739. 3739. 3739. 3739. 3739.
 3739. 3739. 
 3739. 3739. 2622. 2622. 2622. 3739. 3739. 3739. 3739. 2622.   15.   15.
   15.   15.   15.   15.   15.   15.   15.   15.   15.   15.   15.   15.
   15.   15. 
   15. 2622. 2622. 3739. 3739. 3739. 3739. 3739. 3739. 3739. 3739. 2622.
 2622. 2622.   15.   15.   15.   15. 2622. 2622. 2622. 2622. 2622. 2622.
 2622. 3739. 
 3739. 3739. 3739. 3739. 2622. 2622. 3739. 3739. 3739. 3739. 3739. 2622.
 2622. 2622. 3739. 3739. 3739. 3739. 3739. 3739. 2622. 2622.   15.   15.
   15.   15. 
   15.   15.   15.   15.   15.   15.   15.   15.   15.   15.   15.   15.
   15. 2622. 2622. 3739. 3739. 3739. 2622. 2622. 2622. 2622. 2622. 2622.
 2622.   15. 
   15.   15.   15.   15. 3739. 3739. 3739. 2622. 2622. 2622. 3739. 3739.
 3739. 3739. 3739. 2622. 2622. 2622. 2622. 3739. 3739. 3739. 2622. 2622.
 3739. 3739. 
 3739. 3739. 3739. 3739. 3739. 2622. 2622.   15.   15.   15.   15.   15.
   15.   15.   15.   15.   15.   15.   15.   15.   15.   15.   15.   15.
   15. 2622. 
 2622. 3739. 3739. 3739. 2622. 2622. 2622. 2622. 2622.   15.   15.   15.
   15.   15.   15.   15. 3739. 3739. 3739. 3739. 3739. 3739. 3739. 3739.
 3739. 2622. 
 2622. 2622.   15. 2622. 2622. 2622. 3739. 2622. 3739. 3739. 3739. 3739.
 3739. 3739. 3739. 3739. 2622. 2622.   15.   15.   15.   15.   15.   15.
   15.   15. 
   15.   15.   15.   15.   15.   15.   15.   15.   15.   15.   15. 2622.
 2622. 3739. 3739. 3739. 2622. 2622. 3739. 2622.   15.   15.   15.   15.
   15.   15. 
   15.   15. 3739. 3739. 3739. 3739. 3739. 3739. 3739. 3739. 2622. 2622.
 2622.   15.   15.   15.   15. 2622. 2622. 2622. 3739. 3739. 3739. 3739.
 3739. 2622. 
 2622. 2622.   15.   15.   15.   15.   15.   15.   15.   15.   15.   15.
   15.   15.   15.   15.   15.   15.   15.   15.   15.   15.   15. 2622.
 2622. 3739. 
 3739. 3739. 2622. 2622. 3739. 2622.   15.   15.   15.   15.   15.   15.
   15.   15. 3739. 3739. 3739. 3739. 3739. 3739. 2622. 2622. 2622.   15.
   15.   15. 
   15.   15.   15.   15. 2622. 2622. 3739. 3739. 2622. 2622. 2622.   15.
   15.   15.   15.   15.   15.   15.   15.   15.   15.   15.   15.   15.
   15.   15. 
   15.   15.   15.   15.   15.   15. 2622. 2622. 2622. 2622. 2622. 3739.
 3739. 3739. 2622. 2622. 2622. 2622.   15.   15.   15.   15.   15.   15.
 2622. 2622. 
 2622. 2622. 2622. 2622. 2622. 2622. 2622. 2622.   15.   15.   15.   15.
   15.   15.   15.   15. 2622. 2622. 3739. 3739. 2622. 2622.   15.   15.
   15.   15. 
   15.   15.   15.   15.   15.   15.   15.   15.   15.   15.   15.   15.
   15.   15.   15.   15.   15. 2622. 2622. 3739. 3739. 3739. 2622. 3739.
 3739. 3739. 
 2622. 2622. 2622.   15.   15.   15.   15.   15. 2622. 2622. 2622. 2622.
   15.   15.   15. 2622. 2622. 2622.   15.   15.   15.   15.   15.   15.
   15.   15. 
   15.   15. 2622. 2622. 3739. 3739. 2622.   15.   15.   15.   15.   15.
   15.   15.   15.   15.   15.   15.   15.   15.   15.   15.   15.   15.
   15.   15. 
   15.   15. 2622. 2622. 3739. 2622. 2622. 2622. 2622. 2622. 3739. 3739.
 3739. 2622. 2622.   15.   15.   15.   15. 2622. 2622. 2622. 3739. 3739.
   15.   15. 
   15.   15.   15.   15.   15.   15.   15.   15.   15.   15.   15.   15.
   15.   15.   15. 2622. 3739. 3739. 2622.   15.   15.   15.   15.   15.
   15.   15. 
   15.   15.   15.   15.   15.   15.   15.   15.   15.   15.   15.   15.
   15.   15. 2622. 2622. 2622. 2622. 2622. 2622. 3739. 3739. 3739. 3739.
 2622. 2622. 
   15.   15.   15.   15. 2622. 2622. 3739. 3739. 3739. 3739.   15.   15.
   15.   15.   15.   15.   15.   15.   15.   15.   15.   15.   15.   15.
   15.   15. 
   15. 2622. 3739. 3739. 2622.   15.   15.   15.   15.   15.   15.   15.
   15.   15.   15.   15.   15.   15.   15.   15.   15.   15.   15.   15.
   15. 2622. 
 2622. 2622. 3739. 3739. 3739. 3739. 3739. 3739. 3739. 3739. 2622. 2622.
 2622.   15.   15. 2622. 2622. 3739. 3739. 3739. 3739. 3739.   15.   15.
   15.   15. 
   15.   15.   15.   15.   15.   15.   15.   15.   15.   15.   15.   15.
 2622. 2622. 3739. 3739. 2622. 2622.   15.   15.   15.   15.   15.   15.
   15.   15. 
   15.   15.   15.   15.   15.   15.   15.   15.   15.   15. 2622. 2622.
 3739. 3739. 3739. 3739. 3739. 3739. 3739. 3739. 3739. 2622. 2622. 2622.
 2622. 2622. 
   15. 2622. 2622. 3739. 3739. 3739. 3739. 2622.   15.   15.   15.   15.
   15.   15.   15.   15.   15.   15.   15.   15.   15.   15.   15. 2622.
 2622. 3739. 
 3739. 3739. 2622.   15.   15.   15.   15.   15.   15.   15.   15.   15.
   15.   15.   15.   15.   15.   15.   15.   15.   15. 2622. 2622. 3739.
 3739. 3739. 
 3739. 3739. 3739. 3739. 2622. 2622. 2622. 2622. 3739. 3739. 2622. 2622.
 2622. 2622. 3739. 3739. 3739. 3739. 2622. 2622.   15.   15.   15.   15.
   15.   15. 
   15.   15.   15.   15.   15.   15. 2622. 2622. 2622. 2622. 3739. 3739.
 3739. 3739. 2622.   15.   15.   15.   15.   15.   15.   15.   15.   15.
   15.   15. 
   15.   15.   15.   15.   15.   15.   15. 2622. 3739. 3739. 3739. 3739.
 2622. 2622. 2622. 2622. 2622. 2622. 2622. 3739. 3739. 3739. 3739. 3739.
 2622. 2622. 
 3739. 3739. 3739. 2622. 2622.   15.   15.   15.   15.   15.   15.   15.
   15.   15.   15.   15.   15. 2622. 2622. 3739. 3739. 3739. 3739. 3739.
 3739. 2622. 
 2622.   15.   15.   15.   15.   15.   15.   15.   15.   15.   15.   15.
   15.   15.   15.   15. 2622. 2622. 2622. 2622. 3739. 3739. 3739. 2622.
 2622. 2622. 
 2622. 2622. 2622. 3739. 3739. 3739. 2622. 3739. 3739. 3739. 3739. 3739.
 3739. 3739. 3739. 2622. 2622.   15.   15.   15.   15.   15.   15.   15.
   15.   15. 
   15.   15. 2622. 2622. 3739. 3739. 3739. 3739. 3739. 3739. 2622. 2622.
   15.   15.   15.   15.   15.   15.   15.   15.   15.   15.   15.   15.
   15.   15. 
 2622. 2622. 2622. 3739. 2622. 3739. 3739. 3739. 3739. 2622. 2622. 3739.
 3739. 3739. 2622. 3739. 3739. 3739. 2622. 2622. 3739. 3739. 3739. 3739.
 3739. 3739. 
 2622. 2622.   15.   15.   15.   15.   15.   15.   15.   15.   15.   15.
   15. 2622. 3739. 3739. 3739. 3739. 3739. 2622. 2622. 2622.   15.   15.
   15.   15. 
   15.   15.   15.   15.   15.   15.   15.   15.   15.   15.   15.   15.
 2622. 3739. 3739. 2622. 2622. 3739. 3739. 3739. 2622. 2622. 3739. 3739.
 3739. 2622. 
 2622. 3739. 3739. 3739. 2622. 2622. 2622. 2622. 3739. 3739. 3739. 2622.
 2622. 2622.   15.   15.   15.   15.   15.   15.   15.   15.   15.   15.
 2622. 2622. 
 3739. 3739. 3739. 2622. 2622. 2622. 2622.   15.   15.   15.   15.   15.
   15.   15.   15.   15.   15.   15.   15.   15.   15.   15.   15. 2622.
 3739. 3739. 
 3739. 2622. 2622. 3739. 3739. 3739. 2622. 2622. 3739. 3739. 3739. 2622.
 2622. 3739. 3739. 3739. 2622. 2622. 2622. 2622. 2622. 2622. 2622. 2622.
 2622.   15. 
   15.   15.   15.   15.   15.   15.   15.   15.   15.   15. 2622. 3739.
 3739. 3739. 2622. 2622.   15.   15.   15.   15.   15.   15.   15.   15.
   15.   15. 
   15.   15.   15.   15.   15.   15.   15.   15.   15. 2622. 3739. 3739.
 2622. 2622. 3739. 3739. 3739. 3739. 2622. 2622. 2622. 2622. 2622. 2622.
 3739. 3739. 
 3739. 3739. 2622. 2622.   15.   15. 2622. 2622. 2622. 2622.   15.   15.
   15.   15.   15.   15.   15.   15.   15.   15.   15. 2622. 2622. 3739.
 3739. 3739. 
 2622.   15.   15.   15.   15.   15.   15.   15.   15.   15.   15.   15.
   15.   15.   15.   15. 2622. 2622. 2622. 2622. 2622. 2622. 3739. 2622.
 2622. 2622. 
 3739. 3739. 3739. 2622. 2622. 2622. 2622. 2622. 2622. 3739. 3739. 3739.
 3739. 3739. 2622. 2622.   15.   15.   15.   15.   15.   15.   15.   15.
   15.   15. 
   15.   15.   15.   15.   15.   15.   15. 2622. 3739. 3739. 3739. 3739.
 2622.   15.   15.   15.   15.   15.   15.   15.   15.   15.   15.   15.
   15.   15. 
   15. 2622. 2622. 2622. 2622. 2622. 2622. 2622. 2622. 2622. 2622. 3739.
 3739. 3739. 3739. 2622. 2622. 3739. 3739. 3739. 3739. 3739. 3739. 3739.
 3739. 2622. 
 2622.   15.   15.   15.   15.   15.   15.   15.   15.   15.   15.   15.
   15.   15.   15.   15.   15.   15. 2622. 2622. 3739. 3739. 3739. 2622.
 2622.   15. 
   15.   15.   15.   15.   15.   15.   15.   15.   15.   15.   15. 2622.
 2622. 2622. 3739. 3739. 3739. 3739. 3739. 3739. 3739. 3739. 3739. 3739.
 3739. 3739. 
 3739. 2622. 2622. 3739. 3739. 3739. 3739. 3739. 3739. 3739. 2622. 2622.
 2622.   15.   15.   15.   15.   15.   15.   15.   15.   15.   15.   15.
   15.   15. 
   15.   15.   15. 2622. 2622. 3739. 3739. 3739. 3739. 2622.   15.   15.
   15.   15.   15.   15.   15.   15.   15.   15.   15.   15. 2622. 2622.
 2622. 3739. 
 3739. 3739. 3739. 3739. 3739. 3739. 3739. 3739. 3739. 3739. 3739. 3739.
 2622. 2622. 3739. 3739. 3739. 3739. 3739. 2622. 2622. 2622. 2622. 2622.
   15.   15. 
   15.   15.   15.   15.   15.   15.   15.   15.   15.   15.   15.   15.
   15. 2622. 2622. 2622. 3739. 3739. 3739. 3739. 3739. 2622.   15.   15.
   15.   15. 
   15.   15.   15.   15.   15.   15.   15. 2622. 2622. 2622. 3739. 3739.
 3739. 3739. 2622. 2622. 2622. 3739. 3739. 3739. 3739. 3739. 2622. 2622.
 2622. 2622. 
 2622. 2622. 2622. 2622. 2622. 2622. 2622. 2622.   15.   15.   15.   15.
   15.   15.   15.   15.   15.   15.   15.   15.   15.   15.   15. 2622.
 2622. 2622. 
 2622. 3739. 3739. 3739. 3739. 3739. 2622.   15.   15.   15.   15.   15.
   15.   15.   15.   15.   15.   15. 2622. 2622. 2622. 3739. 3739. 3739.
 2622. 2622. 
 2622. 2622. 2622. 2622. 2622. 2622. 2622. 2622. 2622. 2622. 2622. 2622.
   15.   15.   15.   15.   15.   15.   15.   15.   15.   15.   15.   15.
   15.   15. 
   15.   15.   15.   15.   15.   15.   15.   15. 2622. 2622. 3739. 3739.
 3739. 3739. 3739. 3739. 3739. 2622. 2622.   15.   15.   15.   15.   15.
   15.   15. 
   15.   15.   15. 2622. 2622. 2622. 3739. 3739. 3739. 3739. 2622. 2622.
 3739. 3739. 3739. 3739. 2622. 2622. 2622. 3739. 3739. 3739. 2622.   15.
   15.   15. 
   15.   15.   15.   15.   15.   15.   15.   15.   15.   15.   15.   15.
   15.   15.   15.   15.   15.   15.   15.   15. 2622. 3739. 3739. 3739.
 3739. 3739. 
 3739. 3739. 2622. 2622. 2622. 2622. 2622. 2622. 2622. 2622. 2622. 2622.
 2622. 2622. 2622. 2622. 2622. 3739. 3739. 3739. 3739. 2622. 2622. 3739.
 2622. 2622. 
 2622. 2622. 2622. 2622. 3739. 3739. 3739. 2622. 2622.   15.   15.   15.
   15.   15.   15.   15.   15.   15.   15.   15.   15.   15.   15.   15.
   15.   15. 
   15.   15.   15.   15.   15.   15. 3739. 3739. 3739. 3739. 3739. 3739.
 2622. 2622. 2622. 2622. 3739. 3739. 3739. 3739. 3739. 3739. 3739. 2622.
 2622. 2622. 
 2622. 2622. 3739. 3739. 3739. 3739. 2622. 2622. 3739. 2622. 2622. 2622.
 2622. 2622. 2622. 2622. 3739. 3739. 3739. 2622. 2622.   15.   15.   15.
   15.   15. 
   15.   15.   15.   15.   15.   15.   15.   15.   15.   15.   15.   15.
   15.   15.   15.   15.   15.   15. 3739. 3739. 3739. 2622. 2622. 2622.
 2622.   15. 
 2622. 3739. 3739. 3739. 3739. 3739. 3739. 3739. 3739. 3739. 3739. 3739.
 3739. 3739. 3739. 3739. 2622. 2622. 2622. 2622. 2622. 2622. 3739. 3739.
 3739. 3739. 
 3739. 3739. 3739. 3739. 3739. 2622. 2622.   15.   15.   15.   15.   15.
   15.   15.   15.   15.   15.   15.   15.   15.   15.   15.   15.   15.
   15.   15. 
   15.   15.   15.   15. 3739. 3739. 2622. 2622. 2622.   15.   15. 2622.
 2622. 3739. 3739. 3739. 3739. 3739. 3739. 3739. 3739. 3739. 3739. 3739.
 3739. 3739. 
 3739. 3739. 2622. 2622. 2622. 2622. 2622. 3739. 3739. 3739. 3739. 3739.
 3739. 3739. 3739. 3739. 3739. 2622. 2622.   15.   15.   15.   15.   15.
   15.   15. 
   15.   15.   15.   15.   15.   15.   15.   15.   15.   15.   15.   15.
   15.   15.   15.   15. 3739. 2622. 2622.   15.   15.   15.   15. 2622.
 2622. 3739. 
 3739. 3739. 2622. 2622. 2622. 2622. 2622. 2622. 2622. 3739. 3739. 3739.
 2622. 2622. 2622. 3739. 2622. 2622. 3739. 3739. 3739. 3739. 3739. 3739.
 3739. 3739. 
 3739. 3739. 2622. 2622. 2622.   15.   15.   15.   15.   15.   15.   15.
   15.   15.   15.   15.   15.   15.   15.   15.   15.   15.   15.   15.
   15.   15. 
   15.   15. 2622. 2622.   15.   15.   15.   15.   15. 2622. 3739. 3739.
 3739. 3739. 2622. 2622. 2622. 2622. 2622. 2622. 2622. 2622. 2622. 2622.
 2622. 2622. 
 3739. 2622. 2622. 3739. 3739. 3739. 3739. 3739. 3739. 3739. 3739. 3739.
 2622. 2622. 2622. 2622.   15.   15.   15.   15.   15.   15.   15.   15.
   15.   15. 
   15.   15.   15.   15.   15.   15.   15.   15.   15.   15.   15.   15.
   15.   15. 3739. 2622.   15.   15.   15.   15.   15. 2622. 3739. 3739.
 3739. 3739. 
 2622.   15.   15.   15.   15.   15.   15.   15. 2622. 2622.   15. 2622.
 3739. 2622. 2622. 3739. 3739. 3739. 2622. 2622. 2622. 2622. 2622. 2622.
 2622. 2622. 
 2622.   15.   15.   15.   15.   15.   15.   15.   15.   15.   15.   15.
   15.   15.   15.   15.   15.   15.   15.   15.   15.   15.   15.   15.
   15.   15. 
 3739. 2622.   15.   15.   15. 2622. 2622. 2622. 3739. 3739. 3739. 3739.
 2622.   15.   15.   15.   15.   15.   15. 2622. 2622. 2622. 2622. 2622.
 3739. 2622. 
 3739. 3739. 3739. 3739. 2622. 2622. 2622. 2622.   15. 2622.   15.   15.
   15.   15.   15.   15.   15.   15.   15.   15.   15.   15.   15.   15.
   15.   15. 
   15.   15.   15.   15.   15.   15.   15.   15.   15.   15.   15.   15.
 3739. 2622.   15. 2622. 2622. 2622. 2622. 2622. 3739. 3739. 3739. 3739.
 2622.   15. 
   15.   15. 2622. 2622. 2622. 2622. 3739. 3739. 3739. 3739. 3739. 2622.
 2622. 3739. 3739. 3739. 2622. 2622.   15.   15.   15.   15.   15.   15.
   15.   15. 
   15.   15.   15.   15.   15.   15.   15.   15.   15.   15.   15.   15.
   15.   15.   15.   15.   15.   15.   15.   15.   15.   15.   15.   15.
 3739. 2622. 
 2622. 2622. 3739. 3739. 3739. 3739. 3739. 3739. 3739. 2622. 2622.   15.
   15. 2622. 2622. 3739. 3739. 3739. 3739. 3739. 3739. 3739. 3739. 2622.
 2622. 3739. 
 3739. 3739. 2622. 2622.   15.   15.   15.   15.   15.   15.   15.   15.
   15.   15.   15.   15.   15.   15.   15.   15.   15.   15.   15.   15.
   15.   15. 
   15.   15.   15.   15.   15.   15.   15.   15.   15.   15. 3739. 2622.
 3739. 3739. 3739. 3739. 3739. 3739. 3739. 3739. 3739. 2622. 2622.   15.
   15. 2622. 
 3739. 3739. 3739. 3739. 3739. 3739. 3739. 3739. 3739. 2622. 2622. 3739.
 3739. 3739. 2622. 2622.   15.   15.   15.   15.   15.   15.   15.   15.
   15.   15. 
   15.   15.   15.   15.   15.   15.   15.   15.   15.   15.   15.   15.
   15.   15.   15.   15.   15.   15.   15.   15.   15.   15. 2622. 2622.
 3739. 3739. 
 3739. 3739. 3739. 3739. 3739. 3739. 2622. 2622.   15.   15. 2622. 2622.
 3739. 3739. 3739. 3739. 3739. 2622. 3739. 2622. 2622. 2622. 2622. 3739.
 3739. 3739. 
 2622. 2622.   15.   15.   15.   15.   15.   15.   15.   15.   15.   15.
   15.   15.   15.   15.   15.   15.   15.   15.   15.   15.   15.   15.
   15.   15. 
   15.   15.   15.   15.   15.   15.   15.   15. 2622. 3739. 3739. 3739.
 3739. 3739. 2622. 2622. 2622. 2622. 2622.   15.   15.   15. 2622. 3739.
 3739. 3739. 
 2622. 2622. 2622. 2622. 2622. 2622. 2622. 2622. 3739. 3739. 3739. 3739.
 2622. 2622.   15.   15.   15.   15.   15.   15.   15.   15.   15.   15.
   15.   15. 
   15.   15.   15.   15.   15.   15.   15.   15.   15.   15.   15.   15.
   15.   15.   15.   15.   15.   15.   15.   15. 2622. 3739. 3739. 3739.
 2622. 2622. 
 2622. 2622. 2622. 2622.   15.   15.   15.   15. 2622. 3739. 2622. 2622.
 2622. 2622. 2622. 2622. 2622. 2622. 3739. 3739. 3739. 3739. 3739. 3739.
 2622. 2622. 
   15.   15.   15.   15.   15.   15.   15.   15.   15.   15.   15.   15.
   15.   15.   15.   15.   15.   15.   15.   15.   15.   15.   15.   15.
 2622. 2622. 
 2622. 2622.   15.   15.   15.   15. 2622. 3739. 3739. 2622. 2622.   15.
   15.   15.   15.   15.   15.   15.   15. 2622. 2622. 2622. 2622. 2622.
 2622. 3739. 
 3739. 3739. 3739. 3739. 3739. 3739. 3739. 3739. 3739. 2622. 2622.   15.
   15.   15.   15.   15.   15.   15.   15.   15.   15.   15.   15.   15.
   15.   15. 
   15.   15.   15.   15.   15.   15.   15.   15. 2622. 2622. 2622. 2622.
 2622. 2622. 2622. 2622. 2622. 2622. 3739. 3739. 2622. 2622.   15.   15.
   15.   15. 
   15.   15.   15.   15.   15. 2622. 2622. 2622. 3739. 3739. 3739. 3739.
 3739. 3739. 3739. 3739. 3739. 3739. 3739. 3739. 2622. 2622. 2622.   15.
   15.   15. 
   15.   15.   15.   15.   15.   15.   15.   15.   15.   15.   15.   15.
   15.   15.   15.   15.   15.   15.   15. 2622. 2622. 3739. 3739. 3739.
 3739. 3739. 
 3739. 2622. 2622. 2622. 3739. 3739. 2622. 2622.   15.   15.   15.   15.
   15.   15.   15.   15.   15. 2622. 2622. 3739. 3739. 3739. 3739. 3739.
 3739. 3739. 
 3739. 3739. 3739. 2622. 2622. 2622. 2622.   15.   15.   15.   15.   15.
   15.   15.   15.   15.   15.   15.   15.   15.   15.   15.   15.   15.
   15.   15. 
   15.   15.   15.   15. 2622. 2622. 3739. 3739. 3739. 3739. 3739. 3739.
 3739. 3739. 3739. 3739. 3739. 2622. 2622.   15.   15.   15.   15.   15.
   15.   15. 
   15.   15. 2622. 2622. 3739. 3739. 3739. 3739. 3739. 3739. 3739. 2622.
 2622. 2622. 2622. 2622. 2622. 2622.   15.   15.   15.   15.   15.   15.
   15.   15. 
   15.   15.   15.   15.   15.   15.   15.   15.   15.   15.   15.   15.
   15.   15.   15. 2622. 2622. 3739. 3739. 3739. 3739. 3739. 3739. 3739.
 3739. 3739. 
 3739. 3739. 3739. 2622. 2622.   15.   15.   15. 2622. 2622. 2622. 2622.
   15.   15. 2622. 2622. 3739. 3739. 3739. 3739. 2622. 2622. 2622. 2622.
 2622.   15. 
   15.   15.   15.   15.   15.   15.   15.   15.   15.   15.   15.   15.
   15.   15.   15.   15.   15.   15.   15. 2622. 2622. 2622. 2622. 2622.
   15.   15. 
   15. 2622. 2622. 3739. 3739. 3739. 2622. 2622. 2622. 2622. 2622. 3739.
 3739. 3739. 
/