PERMI
  751.  751.  751. 1222. 1222. 1222.  751.  751.   17.   17.   17.   17.
   17.   17.   17.   17.   17.   17.   17.   17.   17.   17.   17.   17.
   17.   17. 
   17.   17.   17.   17.   17.   17.   17.   17.   17.   17.  751. 1222.
 1222. 1222.  751. 1222. 1222. 1222.  751.  751.   17.   17.   17.   17.
   17.   17. 
   17.   17.   17.   17.  751. 1222. 1222. 1222.  751.   17.   17.   17.
  751.  751. 1222. 1222. 1222. 1222.  751.  751.   17.   17.   17.   17.
   17.   17. 
   17.   17.   17.   17.   17.   17.   17.   17.   17.   17.   17.   17.
   17.   17.   17.   17.   17.   17.   17.   17.   17.  751.  751. 1222.
 1222.  751. 
  751. 1222. 1222. 1222.  751.   17.   17.   17.   17.   17.   17.   17.
   17.   17.   17.   17.  751. 1222. 1222.  751.  751.   17.   17.   17.
  751. 1222. 
 1222. 1222. 1222.  751.  751.   17.   17.   17.   17.   17.   17.   17.
   17.   17.   17.   17.   17.   17.   17.   17.   17.   17.   17.   17.
   17.   17. 
   17.   17.   17.   17.   17.   17.   17.  751.  751. 1222. 1222.  751.
  751. 1222. 1222.  751.  751.   17.   17.   17.   17.   17.   17.   17.
   17.   17. 
   17.   17.  751. 1222. 1222. 1222.  751.   17.   17.   17.  751. 1222.
 1222. 1222.  751.  751.   17.   17.   17.   17.   17.   17.   17.   17.
   17.   17. 
   17.   17.   17.   17.   17.   17.   17.   17.   17.   17.   17.   17.
   17.   17.   17.   17.   17.   17.   17.   17.  751. 1222. 1222.  751.
 1222. 1222. 
 1222.  751.  751.   17.   17.   17.   17.   17.   17.   17.   17.   17.
   17.   17.  751. 1222. 1222. 1222.  751.   17.   17.   17. 1222. 1222.
 1222. 1222. 
 751. 751.  17.  17.  17.  17.  17.  17.  17.  17.  17.  17.  17.  17.
  17.  17.  17.  17.  17.  17.  17.  17.  17.  17.  17.  17. 
   17.   17.   17.   17.   17.   17.  751. 1222.  751.  751. 1222. 1222.
 1222.  751.   17.   17.   17.   17.   17.   17.   17.   17.   17.   17.
   17.   17. 
  751. 1222. 1222. 1222.  751.   17.   17.   17. 1222. 1222. 1222.  751.
  751.   17.   17.   17.   17.   17.   17.   17.   17.   17.   17.   17.
   17.   17. 
   17.   17.   17.   17.   17.   17.   17.   17.   17.   17.   17.   17.
   17.   17.   17.   17.   17.   17.  751.  751.  751.  751. 1222. 1222.
  751.  751. 
   17.   17.   17.   17.   17.   17.   17.   17.   17.   17.   17.   17.
  751. 1222. 1222. 1222.  751.   17.   17.   17. 1222. 1222.  751.  751.
   17.   17. 
 17. 17. 17. 17. 17. 17. 17. 17. 17. 17. 17. 17. 17. 17. 17. 17. 17. 17.
 17. 17. 17. 17. 17. 17. 17. 17. 
   17.   17.   17.   17.  751.  751.  751.  751. 1222. 1222.  751.  751.
   17.   17.   17.   17.   17.   17.   17.   17.   17.   17.   17.   17.
  751. 1222. 
 1222. 1222.  751.   17.   17.   17. 1222. 1222.  751.  751.   17.   17.
   17.   17.   17.   17.   17.   17.   17.   17.   17.   17.   17.   17.
   17.   17. 
   17.   17.   17.   17.   17.   17.   17.   17.   17.   17.   17.   17.
   17.   17.  751.  751.  751.  751.  751.  751. 1222. 1222. 1222.  751.
  751.   17. 
   17.   17.   17.   17.   17.   17.   17.   17.   17.  751.  751. 1222.
 1222.  751.  751.   17.   17.   17. 1222. 1222.  751.  751.   17.   17.
   17.   17. 
  17.  17.  17.  17.  17.  17.  17.  17.  17.  17.  17.  17.  17.  17.
  17.  17.  17.  17.  17.  17.  17.  17.  17.  17.  17. 751. 
  751.  751. 1222. 1222. 1222.  751. 1222. 1222. 1222.  751.  751.   17.
   17.   17.   17.   17.   17.   17.   17.   17.  751.  751. 1222. 1222.
 1222.  751. 
  751.   17.   17.   17. 1222. 1222.  751.  751.   17.   17.   17.   17.
   17.   17.   17.   17.   17.   17.   17.   17.   17.   17.   17.   17.
   17.   17. 
   17.   17.   17.   17.   17.   17.   17.   17.   17.   17.   17.  751.
  751. 1222. 1222. 1222. 1222.  751. 1222. 1222. 1222.  751.  751.   17.
   17.   17. 
   17.   17.   17.   17.   17.   17.  751.  751. 1222. 1222.  751.  751.
   17.   17.   17.   17. 1222. 1222.  751.  751.   17.   17.   17.   17.
   17.   17. 
   17.   17.   17.   17.   17.   17.   17.   17.   17.   17.   17.   17.
   17.   17.   17.   17.   17.   17.   17.   17.   17.   17.  751.  751.
 1222. 1222. 
 1222. 1222.  751.  751.  751. 1222. 1222.  751.  751.   17.   17.   17.
   17.   17.   17.   17.   17.   17.  751. 1222. 1222. 1222.  751.  751.
   17.   17. 
   17.   17. 1222. 1222.  751.  751.   17.   17.   17.   17.   17.   17.
   17.   17.   17.   17.   17.   17.   17.   17.   17.   17.   17.   17.
   17.   17. 
   17.   17.   17.   17.   17.   17.   17.   17.   17.  751. 1222. 1222.
 1222.  751.  751.  751.  751. 1222. 1222. 1222.  751.   17.   17.   17.
   17.   17. 
   17.   17.   17.   17.  751. 1222. 1222. 1222.  751.  751.  751.   17.
   17.   17. 1222. 1222.  751.   17.   17.   17.   17.   17.   17.   17.
   17.   17. 
   17.   17.   17.   17.   17.   17.   17.   17.   17.   17.   17.   17.
   17.   17.   17.   17.   17.   17.   17.   17.   17.  751.  751. 1222.
 1222. 1222. 
  751.  751. 1222. 1222. 1222.  751.  751.   17.   17.   17.   17.   17.
   17.   17.   17.   17.  751.  751. 1222. 1222. 1222.  751.  751.   17.
   17.   17. 
 1222.  751.  751.   17.   17.   17.   17.   17.   17.   17.   17.   17.
   17.   17.   17.   17.   17.   17.   17.   17.   17.   17.   17.   17.
   17.   17. 
   17.   17.   17.   17.   17.   17.   17.   17.  751. 1222. 1222. 1222.
  751.  751. 1222. 1222. 1222.  751.  751.   17.   17.   17.   17.   17.
   17.   17. 
   17.   17.  751.  751.  751. 1222. 1222. 1222.  751.  751.   17.   17.
  751.  751.   17.   17.   17.   17.   17.   17.   17.   17.   17.   17.
   17.   17. 
   17.   17.   17.   17.   17.   17.   17.   17.   17.   17.   17.   17.
   17.   17.   17.   17.   17.   17.   17.  751.  751. 1222. 1222.  751.
  751. 1222. 
 1222. 1222.  751.  751.   17.   17.   17.   17.   17.   17.   17.   17.
   17.   17.   17.  751.  751.  751. 1222. 1222.  751.  751.   17.   17.
  751.  751. 
 17. 17. 17. 17. 17. 17. 17. 17. 17. 17. 17. 17. 17. 17. 17. 17. 17. 17.
 17. 17. 17. 17. 17. 17. 17. 17. 
   17.   17.   17.   17.  751.  751.  751. 1222. 1222.  751.  751. 1222.
 1222. 1222.  751.  751.   17.   17.   17.   17.   17.   17.   17.   17.
   17.   17. 
   17.  751.  751. 1222. 1222. 1222.  751.  751.   17.   17.  751.   17.
   17.   17.   17.   17.   17.   17.   17.   17.   17.   17.   17.   17.
   17.   17. 
   17.   17.   17.   17.   17.   17.   17.   17.   17.   17.   17.   17.
   17.   17.   17.  751.  751. 1222. 1222. 1222. 1222.  751. 1222. 1222.
 1222.  751. 
  751.   17.   17.   17.   17.   17.   17.   17.   17.   17.   17.   17.
  751.  751. 1222. 1222. 1222.  751.  751.   17.   17.   17.  751.   17.
   17.   17. 
 17. 17. 17. 17. 17. 17. 17. 17. 17. 17. 17. 17. 17. 17. 17. 17. 17. 17.
 17. 17. 17. 17. 17. 17. 17. 17. 
   17.  751.  751. 1222. 1222. 1222. 1222.  751. 1222. 1222. 1222.  751.
  751.   17.   17.   17.   17.   17.   17.   17.   17.   17.   17.   17.
  751.  751. 
 1222. 1222. 1222.  751.  751.   17.   17.   17.  751.   17.   17.   17.
   17.   17.   17.   17.   17.   17.   17.   17.   17.   17.   17.   17.
   17.   17. 
   17.   17.   17.   17.   17.   17.   17.   17.   17.   17.   17.   17.
   17.  751. 1222. 1222. 1222. 1222.  751.  751. 1222. 1222. 1222.  751.
   17.   17. 
   17.   17.   17.   17.   17.   17.   17.   17.   17.   17.  751.  751.
 1222. 1222.  751.  751.   17.   17.   17.   17.  751.   17.   17.   17.
   17.   17. 
  17.  17.  17.  17.  17.  17.  17.  17.  17.  17.  17.  17.  17.  17.
  17.  17.  17.  17.  17.  17.  17.  17.  17.  17. 751. 751. 
 1222. 1222. 1222.  751.  751.  751. 1222. 1222. 1222.  751.   17.   17.
   17.   17.   17.   17.   17.   17.   17.   17.   17.   17.  751. 1222.
 1222. 1222. 
 751. 751.  17.  17.  17.  17. 751.  17.  17.  17.  17.  17.  17.  17.
  17.  17.  17.  17.  17.  17.  17.  17.  17.  17.  17.  17. 
   17.   17.   17.   17.   17.   17.   17.   17.   17.   17.  751.  751.
 1222. 1222.  751.  751.   17.  751. 1222. 1222. 1222.  751.   17.   17.
   17.   17. 
   17.   17.   17.   17.   17.   17.   17.   17.  751. 1222. 1222. 1222.
  751.  751.   17.   17.   17.   17.   17.   17.   17.   17.   17.   17.
   17.   17. 
   17.   17.   17.   17.   17.   17.   17.   17.   17.   17.   17.   17.
   17.   17.   17.   17.   17.   17.   17.   17.   17.   17.  751.  751.
 1222. 1222. 
  751.  751.   17.  751. 1222. 1222. 1222.  751.   17.   17.   17.   17.
   17.   17.   17.   17.   17.   17.   17.   17.  751.  751. 1222. 1222.
  751.  751. 
 17. 17. 17. 17. 17. 17. 17. 17. 17. 17. 17. 17. 17. 17. 17. 17. 17. 17.
 17. 17. 17. 17. 17. 17. 17. 17. 
   17.   17.   17.   17.   17.   17.   17.   17.  751.  751. 1222. 1222.
 1222.  751.  751.  751. 1222. 1222.  751.  751.   17.   17.   17.   17.
   17.   17. 
   17.   17.   17.   17.   17.   17.  751.  751. 1222. 1222.  751.  751.
   17.   17.   17.   17.   17.   17.   17.   17.   17.   17.   17.   17.
   17.   17. 
   17.   17.   17.   17.   17.   17.   17.   17.   17.   17.   17.   17.
   17.   17.   17.   17.   17.   17.   17.   17.   17.  751. 1222. 1222.
  751.  751. 
  751. 1222. 1222. 1222.  751.   17.   17.   17.   17.   17.   17.   17.
   17.   17.   17.   17.   17.   17.  751.  751. 1222. 1222.  751.  751.
   17.   17. 
 17. 17. 17. 17. 17. 17. 17. 17. 17. 17. 17. 17. 17. 17. 17. 17. 17. 17.
 17. 17. 17. 17. 17. 17. 17. 17. 
   17.   17.   17.   17.   17.   17.   17.  751. 1222.  751.  751. 1222.
 1222. 1222. 1222. 1222.  751.   17.   17.   17.   17.   17.   17.   17.
   17.   17. 
   17.   17.   17.   17.  751.  751. 1222. 1222.  751.  751.   17.   17.
   17.   17.   17.   17.   17.   17.   17.   17.   17.   17.   17.   17.
   17.   17. 
   17.   17.   17.   17.   17.   17.   17.   17.   17.   17.   17.   17.
   17.   17.   17.   17.   17.   17.   17.  751.  751.  751. 1222. 1222.
 1222. 1222. 
 1222.  751.  751.   17.   17.   17.   17.   17.   17.   17.   17.   17.
   17.   17.   17.   17.  751.  751. 1222. 1222.  751.  751.   17.   17.
   17.   17. 
 17. 17. 17. 17. 17. 17. 17. 17. 17. 17. 17. 17. 17. 17. 17. 17. 17. 17.
 17. 17. 17. 17. 17. 17. 17. 17. 
   17.   17.   17.   17.   17.  751.  751. 1222. 1222. 1222. 1222.  751.
  751.   17.   17.   17.   17.   17.   17.   17.   17.   17.   17.   17.
   17.   17. 
   17.   17.  751. 1222. 1222. 1222.  751.  751.   17.   17.   17.   17.
   17.   17.   17.   17.   17.   17.   17.   17.   17.   17.   17.   17.
   17.   17. 
   17.   17.   17.   17.   17.   17.   17.   17.   17.   17.   17.   17.
   17.   17.   17.   17.  751.  751. 1222. 1222. 1222.  751.  751.  751.
   17.   17. 
   17.   17.   17.   17.   17.   17.   17.   17.   17.   17.   17.   17.
   17.  751.  751. 1222. 1222. 1222.  751.  751.   17.   17.   17.   17.
   17.   17. 
 17. 17. 17. 17. 17. 17. 17. 17. 17. 17. 17. 17. 17. 17. 17. 17. 17. 17.
 17. 17. 17. 17. 17. 17. 17. 17. 
   17.  751.  751.  751. 1222. 1222. 1222.  751.   17.   17.   17.   17.
   17.   17.   17.   17.   17.   17.   17.   17.   17.   17.   17.   17.
   17.  751. 
 1222. 1222. 1222. 1222.  751.   17.   17.   17.   17.   17.   17.   17.
   17.   17.   17.   17.   17.   17.   17.   17.   17.   17.   17.   17.
   17.   17. 
   17.   17.   17.   17.   17.   17.   17.   17.   17.   17.   17.   17.
  751.  751.  751.  751. 1222. 1222.  751.  751.   17.   17.   17.   17.
   17.   17. 
   17.   17.   17.   17.   17.   17.   17.   17.   17.   17.   17.  751.
 1222. 1222. 1222.  751.  751.   17.   17.   17.   17.   17.   17.   17.
   17.   17. 
   17.   17.   17.   17.   17.   17.   17.   17.   17.   17.   17.   17.
   17.   17.   17.   17.   17.   17.   17.   17.   17.   17.   17.   17.
  751. 1222. 
  751. 1222. 1222. 1222.  751.   17.   17.   17.   17.   17.   17.   17.
   17.   17.   17.   17.   17.   17.   17.   17.   17.   17.   17.  751.
 1222. 1222. 
 1222.  751.   17.   17.   17.   17.   17.   17.   17.   17.   17.   17.
   17.   17.   17.   17.   17.   17.   17.   17.   17.   17.   17.   17.
   17.   17. 
   17.   17.   17.   17.   17.   17.   17.   17.   17.  751.  751.  751.
  751. 1222. 1222. 1222.  751.   17.   17.   17.   17.   17.   17.   17.
   17.   17. 
   17.   17.   17.   17.   17.   17.   17.   17.  751.  751. 1222. 1222.
 1222.  751.   17.   17.   17.   17.   17.   17.   17.   17.   17.   17.
   17.   17. 
   17.   17.   17.   17.   17.   17.   17.   17.   17.   17.   17.   17.
   17.   17.   17.   17.   17.   17.   17.   17.   17.  751.  751.  751.
 1222. 1222. 
 1222.  751.  751.   17.   17.   17.   17.   17.   17.   17.   17.   17.
   17.   17.   17.   17.   17.   17.   17.   17.  751.  751. 1222. 1222.
 1222.  751. 
 17. 17. 17. 17. 17. 17. 17. 17. 17. 17. 17. 17. 17. 17. 17. 17. 17. 17.
 17. 17. 17. 17. 17. 17. 17. 17. 
   17.   17.   17.   17.   17.   17.   17.  751.  751. 1222. 1222. 1222.
 1222.  751.   17.   17.   17.   17.   17.   17.   17.   17.   17.   17.
   17.   17. 
   17.   17.   17.   17.   17.   17.  751.  751. 1222. 1222. 1222.  751.
   17.   17.   17.   17.   17.   17.   17.   17.   17.   17.   17.   17.
   17.   17. 
   17.   17.   17.   17.   17.   17.   17.   17.   17.   17.   17.   17.
   17.   17.   17.   17.   17.   17.  751.  751. 1222. 1222. 1222. 1222.
  751.  751. 
   17.   17.   17.   17.   17.   17.   17.   17.   17.   17.   17.   17.
   17.   17.   17.   17.   17.   17.  751.  751. 1222. 1222. 1222.  751.
   17.   17. 
  17.  17.  17. 751.  17.  17.  17.  17.  17.  17.  17.  17.  17.  17.
  17.  17.  17.  17.  17.  17.  17.  17.  17.  17.  17.  17. 
   17.   17.   17.  751.  751. 1222. 1222. 1222.  751.  751.  751.  751.
   17.   17.   17.   17.   17.   17.   17.   17.   17.   17.   17.   17.
   17.   17. 
   17.   17.   17.   17.  751.  751. 1222. 1222. 1222.  751.   17.   17.
   17.   17.  751.  751.   17.   17.   17.   17.   17.   17.   17.   17.
   17.   17. 
   17.   17.   17.   17.   17.   17.   17.   17.   17.   17.   17.   17.
   17.   17.   17.  751.  751. 1222. 1222. 1222.  751.  751.  751.  751.
   17.   17. 
   17.   17.   17.   17.   17.   17.   17.   17.   17.   17.   17.   17.
   17.   17.   17.   17.  751.  751. 1222. 1222. 1222.  751.   17.   17.
   17.  751. 
  751. 1222.   17.   17.   17.   17.   17.   17.   17.   17.   17.   17.
   17.   17.   17.   17.   17.   17.   17.   17.   17.   17.   17.   17.
   17.   17. 
   17.  751. 1222. 1222. 1222.  751.  751. 1222.  751.   17.   17.   17.
   17.   17.   17.   17.   17.   17.   17.   17.   17.   17.   17.   17.
   17.   17. 
  751.  751.  751. 1222. 1222. 1222.  751.  751.   17.  751.  751.  751.
 1222. 1222.   17.   17.   17.   17.   17.   17.   17.   17.   17.   17.
   17.   17. 
   17.   17.   17.   17.   17.   17.   17.   17.   17.   17.   17.   17.
   17.  751. 1222. 1222. 1222.  751.  751.  751.  751.   17.   17.   17.
   17.   17. 
   17.   17.   17.   17.   17.   17.   17.   17.   17.   17.   17.   17.
  751.  751. 1222. 1222. 1222. 1222.  751.  751.   17.  751.  751. 1222.
 1222. 1222. 
  17.  17.  17.  17.  17.  17.  17.  17.  17.  17.  17.  17.  17.  17.
  17.  17.  17.  17.  17.  17.  17.  17.  17.  17. 751. 751. 
 1222. 1222. 1222.  751.  751.  751.   17.   17.   17.   17.   17.   17.
   17.   17.   17.   17.   17.   17.   17.   17.   17.   17.   17.  751.
  751. 1222. 
 1222. 1222. 1222. 1222.  751.   17.  751.  751. 1222. 1222. 1222. 1222.
   17.   17.   17.   17.   17.   17.   17.   17.   17.   17.   17.   17.
   17.   17. 
   17.   17.   17.   17.   17.   17.   17.   17.   17.   17.  751.  751.
  751. 1222. 1222.  751.  751.   17.   17.   17.   17.   17.   17.   17.
   17.   17. 
   17.   17.   17.   17.   17.   17.   17.   17.  751.  751. 1222. 1222.
 1222. 1222.  751.  751.  751.   17.  751.  751. 1222. 1222. 1222.  751.
   17.   17. 
   17.   17.   17.   17.   17.   17.   17.   17.   17.   17.   17.   17.
   17.   17.   17.   17.   17.   17.   17.   17.   17.  751.  751.  751.
  751. 1222. 
 1222.  751.  751.   17.   17.   17.   17.   17.   17.   17.   17.   17.
   17.   17.   17.   17.   17.   17.   17.   17.  751.  751. 1222. 1222.
 1222.  751. 
  751.  751.   17.   17.  751. 1222. 1222. 1222.  751.  751.   17.   17.
   17.   17.   17.   17.   17.   17.   17.   17.   17.   17.   17.   17.
   17.   17. 
   17.   17.   17.   17.   17.   17.   17.  751. 1222.  751. 1222. 1222.
 1222.  751.  751.   17.   17.   17.   17.   17.   17.   17.   17.   17.
   17.   17. 
   17.   17.   17.   17.   17.  751.  751. 1222. 1222. 1222.  751.  751.
   17.   17.   17.   17.  751.  751. 1222. 1222.  751.  751.   17.   17.
   17.   17. 
   17.   17.   17.   17.   17.   17.   17.   17.   17.   17.   17.   17.
   17.   17.   17.   17.   17.   17.   17.  751.  751.  751. 1222. 1222.
 1222.  751. 
  751.   17.   17.   17.   17.   17.   17.   17.   17.   17.   17.   17.
   17.   17.   17.   17.   17.  751.  751. 1222. 1222.  751.  751.  751.
   17.   17. 
   17.   17.  751.  751. 1222. 1222. 1222.  751.   17.   17.   17.   17.
   17.   17.   17.   17.   17.   17.   17.   17.   17.   17.   17.   17.
   17.   17. 
   17.   17.   17.   17.   17.  751.  751.  751. 1222. 1222. 1222.  751.
   17.   17.   17.   17.   17.   17.   17.   17.   17.   17.   17.   17.
   17.   17. 
   17.   17.  751.  751. 1222. 1222. 1222.  751.  751.   17.   17.   17.
   17.   17.   17.  751. 1222. 1222. 1222.  751.   17.   17.   17.   17.
   17.   17. 
   17.   17.   17.   17.   17.   17.   17.   17.   17.   17.   17.   17.
   17.   17.   17.   17.   17.  751.  751. 1222. 1222. 1222.  751.  751.
   17.   17. 
   17.   17.   17.   17.   17.   17.   17.   17.   17.   17.   17.   17.
   17.   17.  751.  751. 1222. 1222. 1222.  751.  751.   17.   17.   17.
   17.   17. 
   17.  751.  751. 1222. 1222.  751.   17.   17.   17.   17.   17.   17.
   17.   17.   17.   17.   17.   17.   17.   17.   17.   17.   17.   17.
   17.   17. 
   17.   17.   17.  751. 1222. 1222. 1222. 1222.  751.  751.   17.   17.
   17.   17.   17.   17.   17.   17.   17.   17.   17.   17.   17.   17.
   17.   17. 
  751.  751. 1222. 1222.  751.  751.   17.   17.   17.   17.   17.   17.
   17.  751.  751. 1222. 1222.  751.   17.   17.   17.   17.   17.   17.
   17.   17. 
   17.   17.   17.   17.   17.   17.   17.   17.   17.   17.   17.   17.
   17.   17.   17.  751. 1222. 1222. 1222.  751.  751.   17.   17.   17.
   17.   17. 
   17.   17.   17.   17.   17.   17.   17.   17.   17.   17.   17.   17.
  751.  751. 1222. 1222.  751.  751.   17.   17.   17.   17.   17.   17.
   17.  751. 
 1222. 1222. 1222.  751.   17.   17.   17.   17.   17.   17.   17.   17.
   17.   17.   17.   17.   17.   17.   17.   17.   17.   17.   17.   17.
   17.  751. 
  751.  751. 1222. 1222. 1222.  751.   17.   17.   17.   17.   17.   17.
   17.   17.   17.   17.   17.   17.   17.   17.   17.   17.   17.   17.
  751. 1222. 
 1222. 1222.  751.  751.   17.   17.   17.   17.   17.   17.  751.  751.
 1222. 1222. 1222.  751.   17.   17.   17.   17.   17.   17.   17.   17.
   17.   17. 
   17.   17.   17.   17.   17.   17.   17.   17.   17.   17.  751.  751.
 1222.  751. 1222. 1222. 1222.  751.   17.   17.   17.   17.   17.   17.
   17.   17. 
   17.   17.   17.   17.   17.   17.   17.   17.   17.   17.  751. 1222.
 1222. 1222.  751.   17.   17.   17.   17.   17.   17.   17.  751.  751.
 1222. 1222. 
 1222.  751.   17.   17.   17.   17.   17.   17.   17.   17.   17.   17.
   17.   17.   17.   17.   17.   17.   17.   17.   17.  751. 1222. 1222.
 1222.  751. 
 1222. 1222. 1222.  751.  751.   17.   17.   17.   17.   17.   17.   17.
   17.   17.   17.   17.   17.   17.   17.   17.   17.   17.  751. 1222.
 1222. 1222. 
  751.  751.   17.   17.   17.   17.   17.   17.  751.  751. 1222. 1222.
 1222.  751.   17.   17.   17.   17.   17.   17.   17.   17.   17.   17.
   17.   17. 
   17.   17.   17.   17.   17.   17.  751. 1222. 1222. 1222. 1222.  751.
 1222. 1222. 1222. 1222.  751.   17.   17.   17.   17.   17.   17.   17.
   17.   17. 
   17.   17.   17.   17.   17.   17.   17.  751.  751. 1222. 1222. 1222.
  751.   17.   17.   17.   17.   17.   17.   17.  751.  751. 1222. 1222.
 1222.  751. 
   17.   17.   17.   17.   17.   17.   17.   17.   17.   17.   17.   17.
   17.   17.   17.   17.   17.  751.  751. 1222. 1222. 1222.  751.  751.
  751. 1222. 
 1222. 1222.  751.  751.   17.   17.   17.   17.   17.   17.   17.   17.
   17.   17.   17.   17.   17.   17.  751.  751. 1222. 1222. 1222.  751.
  751.   17. 
   17.   17.   17.   17.   17.   17.   17.  751. 1222. 1222. 1222.  751.
   17.   17.   17.   17.   17.   17.   17.   17.   17.   17.   17.   17.
   17.   17. 
   17.   17.   17.  751. 1222. 1222. 1222.  751.  751.   17.  751. 1222.
 1222. 1222. 1222.  751.   17.   17.   17.   17.   17.   17.   17.   17.
   17.   17. 
   17.   17.   17.   17.  751.  751. 1222. 1222. 1222.  751.   17.   17.
   17.   17.   17.   17.   17.   17.   17.  751.  751. 1222. 1222. 1222.
   17.   17. 
   17.   17.   17.   17.   17.   17.   17.   17.   17.   17.   17.   17.
   17.   17.   17.  751. 1222. 1222. 1222.  751.   17.   17.  751.  751.
 1222. 1222. 
 1222.  751.  751.   17.   17.   17.   17.   17.   17.   17.   17.   17.
   17.   17.   17.   17.  751. 1222. 1222. 1222.  751.  751.   17.   17.
   17.   17. 
   17.   17.   17.   17.   17.  751.  751. 1222. 1222. 1222.   17.   17.
   17.   17.   17.   17.   17.   17.   17.   17.   17.   17.   17.   17.
   17.   17. 
   17.  751. 1222. 1222. 1222.  751.   17.   17.   17.  751. 1222. 1222.
 1222.  751.  751.   17.   17.   17.   17.   17.   17.   17.   17.   17.
   17.   17. 
   17.   17.  751. 1222. 1222. 1222.  751.  751.   17.   17.   17.   17.
   17.   17.   17.   17.   17.  751.  751. 1222. 1222. 1222.   17.   17.
   17.   17. 
   17.   17.   17.   17.   17.   17.   17.   17.   17.   17.   17.   17.
   17.  751. 1222. 1222. 1222.  751.  751.   17.   17.  751.  751. 1222.
 1222.  751. 
  751.   17.   17.   17.   17.   17.   17.   17.   17.   17.   17.   17.
   17.   17.  751. 1222. 1222. 1222.  751.   17.   17.   17.   17.   17.
   17.   17. 
   17.   17.   17.   17.  751.  751. 1222. 1222.   17.   17.   17.   17.
   17.   17.   17.   17.   17.   17.   17.   17.   17.   17.   17.   17.
   17.  751. 
  751. 1222. 1222. 1222.  751.   17.   17.  751.  751. 1222. 1222.  751.
  751.   17.   17.   17.   17.   17.   17.   17.   17.   17.   17.   17.
   17.   17. 
  751. 1222. 1222. 1222.  751.   17.   17.   17.   17.   17.   17.   17.
   17.   17.   17.   17.  751. 1222. 1222. 1222.   17.   17.   17.   17.
   17.   17. 
   17.   17.   17.   17.   17.   17.   17.   17.   17.   17.   17.  751.
  751. 1222. 1222. 1222.  751.   17.   17.  751. 1222. 1222. 1222.  751.
  751.   17. 
   17.   17.   17.   17.   17.   17.   17.   17.   17.   17.   17.   17.
  751. 1222. 1222. 1222.  751.   17.   17.   17.   17.   17.   17.   17.
   17.   17. 
   17.  751.  751. 1222. 1222. 1222.   17.   17.   17.   17.   17.   17.
   17.   17.   17.   17.   17.   17.   17.   17.   17.   17.  751.  751.
 1222. 1222. 
 1222.  751.  751.   17.   17.  751. 1222. 1222. 1222.  751.   17.   17.
   17.   17.   17.   17.   17.   17.   17.   17.   17.   17.   17.  751.
  751. 1222. 
 1222. 1222.  751.   17.   17.   17.   17.   17.   17.   17.   17.   17.
   17.  751.  751. 1222. 1222. 1222.   17.   17.   17.   17.   17.   17.
   17.   17. 
   17.   17.   17.   17.   17.   17.  751.  751.  751. 1222. 1222. 1222.
 1222.  751.  751.   17.   17.  751.  751. 1222. 1222.  751.   17.   17.
   17.   17. 
   17.   17.   17.   17.   17.   17.   17.   17.  751.  751. 1222. 1222.
 1222.  751.  751.   17.   17.   17.   17.   17.   17.   17.   17.   17.
   17.  751. 
 1222. 1222. 1222.  751.   17.   17.   17.   17.   17.   17.   17.   17.
   17.   17.   17.   17.  751.  751.  751.  751. 1222. 1222. 1222. 1222.
  751.  751. 
   17.   17.   17.  751.  751. 1222. 1222.  751.   17.   17.   17.   17.
   17.   17.   17.   17.   17.   17.   17.  751.  751. 1222. 1222. 1222.
 1222.  751. 
   17.   17.   17.   17.   17.   17.   17.   17.   17.   17.   17.  751.
 1222. 1222. 1222.  751.   17.   17.   17.   17.   17.   17.   17.   17.
   17.   17. 
   17.  751.  751.  751. 1222. 1222. 1222. 1222. 1222.  751.  751.   17.
   17.   17.   17.  751.  751. 1222. 1222.  751.  751.   17.   17.   17.
   17.   17. 
   17.   17.   17.   17.  751.  751. 1222. 1222. 1222. 1222.  751.  751.
   17.   17.   17.   17.   17.   17.   17.   17.   17.   17.   17.  751.
 1222. 1222. 
 1222. 1222.   17.   17.   17.   17.   17.   17.   17.   17.   17.   17.
   17.  751.  751. 1222. 1222. 1222. 1222. 1222.  751.  751.   17.   17.
   17.   17. 
   17.  751.  751. 1222. 1222. 1222.  751.   17.   17.   17.   17.   17.
   17.   17.   17.   17.  751.  751. 1222. 1222.  751.  751.  751.   17.
   17.   17. 
   17.   17.   17.   17.   17.   17.   17.   17.   17.  751.  751. 1222.
 1222. 1222. 
/