PERMI
 2075. 2075. 1308. 1308. 1308. 1308. 1308.   18.   18.   18.   18.   18.
   18.   18.   18.   18.   18.   18.   18. 1308. 1308. 2075. 2075. 2075.
 1308. 1308. 
   18. 1308. 1308. 1308. 1308. 1308. 1308. 1308. 1308. 1308. 1308. 1308.
 2075. 2075. 2075. 1308. 1308. 1308.   18.   18.   18.   18.   18.   18.
   18. 1308. 
 1308. 2075. 2075. 2075. 1308. 1308.   18.   18.   18.   18.   18.   18.
 2075. 1308. 1308. 1308. 1308. 1308. 1308. 1308. 1308.   18.   18.   18.
   18.   18. 
   18.   18.   18.   18. 1308. 1308. 2075. 2075. 2075. 1308. 1308.   18.
   18.   18.   18. 1308. 1308. 1308. 1308.   18.   18.   18. 1308. 1308.
 2075. 2075. 
 2075. 1308. 1308.   18. 1308. 1308. 1308. 1308.   18.   18. 1308. 1308.
 2075. 2075. 2075. 2075. 1308.   18.   18.   18.   18.   18.   18.   18.
 1308. 1308. 
 1308. 2075. 2075. 2075. 2075. 1308. 1308. 1308.   18.   18.   18.   18.
   18.   18.   18.   18. 1308. 2075. 2075. 2075. 1308. 1308.   18.   18.
   18.   18. 
   18.   18.   18.   18.   18.   18.   18.   18. 1308. 1308. 2075. 2075.
 2075. 1308. 1308. 1308. 1308. 1308. 1308. 1308. 1308. 1308. 1308. 1308.
 2075. 2075. 
 2075. 1308.   18.   18.   18.   18.   18.   18.   18.   18. 1308. 1308.
 1308. 1308. 1308. 1308. 1308. 2075. 1308. 1308.   18.   18.   18.   18.
   18.   18. 
   18. 1308. 1308. 2075. 2075. 2075. 1308. 1308.   18.   18.   18.   18.
   18.   18.   18.   18.   18.   18.   18.   18. 1308. 1308. 2075. 2075.
 2075. 1308. 
 1308. 1308. 1308. 2075. 2075. 1308. 1308. 1308. 1308. 2075. 2075. 2075.
 1308. 1308.   18.   18.   18.   18.   18.   18.   18.   18. 2075. 2075.
 2075. 2075. 
 1308. 1308. 1308. 1308. 1308. 1308. 1308.   18.   18.   18.   18.   18.
   18. 1308. 2075. 2075. 2075. 1308. 1308.   18.   18.   18.   18.   18.
   18.   18. 
   18.   18.   18.   18.   18.   18. 1308. 1308. 2075. 2075. 2075. 1308.
 1308. 2075. 2075. 2075. 2075. 2075. 2075. 1308. 1308. 2075. 2075. 2075.
 1308. 1308. 
   18.   18.   18.   18.   18.   18.   18.   18. 2075. 2075. 2075. 2075.
 2075. 2075. 2075. 2075. 1308. 1308. 1308.   18.   18.   18.   18.   18.
   18. 1308. 
 2075. 2075. 2075. 1308. 1308.   18.   18.   18.   18.   18.   18.   18.
   18.   18.   18.   18.   18.   18. 1308. 1308. 2075. 2075. 2075. 2075.
 2075. 2075. 
 2075. 2075. 2075. 2075. 2075. 1308. 2075. 2075. 2075. 1308. 1308.   18.
   18.   18.   18. 1308. 1308. 1308. 1308.   18. 2075. 2075. 2075. 2075.
 2075. 2075. 
 2075. 2075. 2075. 1308. 1308.   18.   18.   18.   18.   18.   18. 1308.
 2075. 2075. 2075. 1308. 1308. 1308. 1308. 1308. 1308. 1308. 1308. 1308.
 1308. 1308. 
 1308.   18.   18.   18. 1308. 1308. 2075. 2075. 2075. 2075. 2075. 2075.
 2075. 2075. 2075. 2075. 1308. 1308. 2075. 2075. 2075. 1308. 1308.   18.
   18. 1308. 
 1308. 1308. 1308. 2075. 1308. 1308. 1308. 1308. 1308. 2075. 2075. 2075.
 2075. 2075. 2075. 1308. 1308.   18.   18.   18.   18.   18.   18. 1308.
 2075. 2075. 
 2075. 2075. 1308. 1308. 1308. 1308. 2075. 2075. 2075. 2075. 1308. 1308.
 1308. 1308.   18.   18. 1308. 1308. 1308. 2075. 2075. 2075. 2075. 1308.
 1308. 2075. 
 2075. 2075. 1308. 1308. 2075. 2075. 2075. 1308. 1308. 1308. 1308. 1308.
 1308. 2075. 2075. 2075. 2075. 2075. 1308. 1308. 1308. 1308. 1308. 1308.
 2075. 2075. 
 2075. 1308. 1308.   18.   18.   18.   18.   18.   18. 1308. 1308. 2075.
 2075. 2075. 2075. 2075. 2075. 2075. 2075. 2075. 2075. 2075. 2075. 2075.
 2075. 1308. 
 1308.   18.   18. 1308. 1308. 1308. 1308. 1308. 1308. 1308. 2075. 2075.
 2075. 2075. 1308. 2075. 2075. 2075. 2075. 1308. 1308. 1308. 1308. 2075.
 2075. 2075. 
 2075. 2075. 2075. 2075. 1308.   18.   18. 1308. 1308. 2075. 2075. 2075.
 2075. 1308.   18.   18.   18.   18.   18.   18.   18.   18. 1308. 1308.
 2075. 2075. 
 2075. 2075. 2075. 2075. 2075. 2075. 2075. 2075. 2075. 2075. 2075. 2075.
 1308. 1308.   18. 1308. 1308. 1308. 1308. 1308. 1308. 1308. 2075. 2075.
 2075. 2075. 
 1308. 2075. 2075. 2075. 2075. 2075. 2075. 2075. 2075. 2075. 2075. 2075.
 2075. 2075. 2075. 2075.   18.   18. 1308. 1308. 2075. 2075. 2075. 2075.
 1308. 1308. 
   18.   18.   18.   18.   18.   18.   18.   18. 1308. 1308. 1308. 1308.
 2075. 2075. 2075. 2075. 2075. 2075. 2075. 2075. 2075. 2075. 2075. 2075.
 2075. 1308. 
 1308.   18.   18.   18.   18. 1308. 1308. 2075. 2075. 2075. 2075. 1308.
 1308. 1308. 2075. 2075. 2075. 2075. 2075. 2075. 2075. 2075. 2075. 2075.
 1308. 2075. 
 2075. 2075.   18. 1308. 1308. 2075. 2075. 2075. 2075. 1308. 1308. 1308.
   18.   18.   18.   18.   18.   18.   18.   18.   18.   18. 1308. 1308.
 1308. 1308. 
 1308. 1308. 1308. 1308. 1308. 1308. 1308. 2075. 2075. 2075. 2075. 1308.
 1308.   18.   18.   18.   18. 1308. 1308. 2075. 2075. 2075. 2075. 1308.
 1308. 1308. 
 1308. 1308. 2075. 2075. 2075. 2075. 2075. 1308. 1308. 1308. 2075. 2075.
 2075. 1308. 1308. 1308. 2075. 2075. 2075. 2075. 1308. 2075. 1308. 1308.
   18.   18. 
   18.   18.   18.   18.   18.   18.   18.   18.   18.   18. 1308. 1308.
 1308. 1308. 1308.   18.   18. 1308. 1308. 2075. 2075. 2075. 2075. 1308.
   18.   18. 
   18.   18.   18. 1308. 1308. 2075. 2075. 2075. 2075. 1308. 1308. 1308.
 1308. 1308. 1308. 1308. 1308. 1308. 1308. 1308. 1308. 1308. 2075. 2075.
 2075. 1308. 
 1308. 2075. 2075. 2075. 2075. 1308. 2075. 2075. 1308. 1308. 1308. 1308.
 1308.   18.   18.   18.   18.   18.   18.   18.   18.   18.   18.   18.
   18.   18. 
   18.   18.   18. 1308. 1308. 2075. 2075. 2075. 2075. 1308.   18.   18.
   18.   18.   18. 1308. 1308. 2075. 2075. 2075. 2075. 1308. 1308. 1308.
   18.   18. 
   18.   18. 1308. 1308. 1308. 1308. 1308. 2075. 2075. 2075. 1308.   18.
 2075. 2075. 2075. 1308. 1308. 2075. 2075. 2075. 2075. 1308. 1308. 1308.
 1308. 1308. 
 1308.   18.   18.   18.   18.   18.   18.   18.   18.   18.   18.   18.
   18.   18.   18. 1308. 2075. 2075. 2075. 2075. 1308. 1308.   18.   18.
   18.   18. 
   18. 1308. 1308. 2075. 2075. 2075. 2075. 1308. 1308. 1308. 1308. 1308.
 1308. 1308. 1308. 1308. 1308. 1308. 2075. 2075. 2075. 2075. 1308.   18.
 2075. 2075. 
 2075. 1308. 1308. 2075. 2075. 2075. 2075. 2075. 2075. 2075. 2075. 2075.
 1308. 1308. 1308.   18.   18.   18.   18.   18.   18.   18.   18.   18.
   18.   18. 
   18. 1308. 2075. 2075. 2075. 2075. 1308.   18.   18.   18.   18.   18.
   18. 1308. 1308. 2075. 2075. 2075. 2075. 2075. 2075. 2075. 1308. 1308.
 1308. 1308. 
 2075. 2075. 1308. 1308. 2075. 2075. 2075. 1308. 1308. 1308. 2075. 2075.
 2075. 1308. 1308. 1308. 2075. 2075. 2075. 2075. 2075. 2075. 2075. 2075.
 2075. 1308. 
 1308. 1308.   18.   18.   18.   18.   18.   18.   18.   18.   18.   18.
   18. 1308. 2075. 2075. 2075. 2075. 1308.   18.   18.   18.   18.   18.
   18.   18. 
 1308. 1308. 2075. 2075. 2075. 2075. 2075. 2075. 2075. 2075. 1308. 1308.
 1308. 1308. 1308. 2075. 2075. 2075. 2075. 2075. 2075. 2075. 1308. 2075.
 2075. 2075. 
 1308. 1308. 1308. 1308. 1308. 1308. 1308. 1308. 2075. 2075. 2075. 2075.
 2075. 1308. 1308.   18.   18.   18.   18.   18.   18.   18.   18.   18.
   18. 1308. 
 2075. 2075. 2075. 2075. 1308.   18.   18.   18. 1308. 1308. 1308. 1308.
 1308. 1308. 1308. 1308. 2075. 2075. 2075. 2075. 2075. 2075. 2075. 2075.
 1308. 1308. 
 1308. 2075. 2075. 2075. 2075. 2075. 2075. 2075. 1308. 1308. 2075. 2075.
 2075. 2075. 2075. 2075. 2075. 2075. 1308. 1308. 1308. 1308. 2075. 2075.
 2075. 2075. 
 1308.   18.   18.   18.   18.   18.   18.   18.   18.   18.   18. 1308.
 1308. 2075. 2075. 2075. 1308. 1308. 1308. 1308. 1308. 1308. 2075. 2075.
 2075. 2075. 
 1308. 1308. 1308. 2075. 2075. 2075. 2075. 2075. 2075. 2075. 2075. 2075.
 1308. 1308. 2075. 2075. 2075. 2075. 2075. 2075.   18. 1308. 1308. 2075.
 2075. 2075. 
 2075. 2075. 2075. 2075. 2075. 1308. 1308. 1308. 1308. 2075. 2075. 2075.
 1308.   18.   18.   18.   18.   18.   18.   18.   18.   18.   18. 1308.
 1308. 2075. 
 2075. 2075. 1308. 1308. 1308. 2075. 2075. 2075. 2075. 2075. 2075. 2075.
 2075. 2075. 1308. 1308. 1308. 1308. 1308. 1308. 2075. 2075. 2075. 2075.
 2075. 1308. 
 1308. 1308. 2075. 2075. 1308. 1308.   18.   18. 1308. 1308. 1308. 1308.
 1308. 2075. 2075. 2075. 2075. 2075. 1308. 1308. 1308. 2075. 2075. 2075.
 1308.   18. 
   18.   18.   18.   18.   18.   18.   18.   18.   18.   18. 1308. 2075.
 2075. 2075. 2075. 2075. 2075. 2075. 2075. 2075. 2075. 2075. 2075. 2075.
 2075. 2075. 
 2075. 1308. 1308. 1308. 1308. 1308. 1308. 1308. 2075. 2075. 2075. 2075.
 1308. 1308. 1308. 1308. 1308. 1308.   18.   18.   18.   18.   18. 1308.
 1308. 1308. 
 1308. 2075. 2075. 2075. 1308. 1308. 2075. 2075. 2075. 1308. 1308.   18.
   18.   18.   18.   18.   18.   18.   18.   18.   18.   18. 1308. 1308.
 2075. 2075. 
 2075. 2075. 2075. 2075. 2075. 2075. 1308. 1308. 1308. 2075. 2075. 2075.
 2075. 1308. 1308.   18.   18.   18. 1308. 1308. 2075. 2075. 2075. 2075.
 1308. 1308. 
 1308.   18.   18.   18.   18.   18.   18.   18.   18.   18.   18. 1308.
 1308. 2075. 2075. 1308. 1308. 1308. 2075. 2075. 2075. 1308. 1308. 1308.
 1308. 1308. 
   18.   18.   18.   18.   18.   18.   18.   18.   18. 1308. 2075. 2075.
 2075. 2075. 2075. 1308. 1308. 1308. 1308. 1308. 1308. 1308. 2075. 2075.
 2075. 1308. 
 1308.   18.   18.   18. 1308. 1308. 2075. 2075. 2075. 2075. 1308. 1308.
   18.   18.   18.   18.   18.   18.   18.   18.   18.   18.   18. 1308.
 2075. 2075. 
 2075. 1308. 1308. 2075. 2075. 2075. 1308. 1308. 1308. 1308. 1308. 1308.
 1308. 1308.   18.   18.   18.   18.   18.   18.   18. 1308. 1308. 1308.
 2075. 1308. 
 1308. 1308. 1308. 1308.   18.   18. 1308. 1308. 2075. 2075. 2075. 1308.
 1308.   18.   18.   18. 1308. 1308. 2075. 2075. 2075. 1308. 1308.   18.
   18.   18. 
   18.   18.   18.   18.   18.   18.   18.   18. 1308. 1308. 2075. 2075.
 2075. 1308. 2075. 2075. 2075. 2075. 1308. 1308. 2075. 2075. 2075. 2075.
 1308. 1308. 
 1308.   18.   18.   18.   18.   18.   18.   18.   18. 1308. 1308. 1308.
 1308.   18.   18.   18.   18.   18. 1308. 1308. 2075. 2075. 2075. 1308.
 1308.   18. 
   18. 1308. 1308. 2075. 2075. 2075. 2075. 1308. 1308.   18.   18.   18.
   18.   18.   18.   18.   18.   18.   18.   18. 1308. 2075. 2075. 2075.
 2075. 1308. 
 2075. 2075. 2075. 1308. 2075. 2075. 2075. 2075. 2075. 2075. 2075. 1308.
 1308.   18.   18.   18.   18.   18.   18.   18.   18.   18.   18.   18.
   18.   18. 
   18.   18.   18. 1308. 1308. 2075. 2075. 2075. 2075. 1308. 1308.   18.
   18. 1308. 1308. 2075. 2075. 2075. 1308. 1308.   18.   18.   18.   18.
   18.   18. 
   18.   18.   18.   18.   18. 1308. 1308. 2075. 2075. 2075. 1308. 1308.
 2075. 2075. 2075. 2075. 2075. 2075. 2075. 2075. 2075. 2075. 2075. 2075.
 1308.   18. 
   18.   18.   18.   18.   18.   18.   18.   18.   18.   18.   18.   18.
   18.   18.   18. 1308. 1308. 2075. 2075. 2075. 2075. 1308.   18.   18.
   18. 1308. 
 2075. 2075. 2075. 2075. 1308. 1308. 1308.   18.   18.   18.   18.   18.
   18.   18.   18.   18.   18. 1308. 2075. 2075. 2075. 2075. 1308. 2075.
 2075. 2075. 
 2075. 2075. 2075. 2075. 2075. 2075. 2075. 2075. 2075. 2075. 1308.   18.
   18.   18.   18.   18.   18.   18.   18.   18.   18.   18.   18.   18.
   18.   18. 
 1308. 1308. 2075. 2075. 2075. 2075. 1308. 1308.   18.   18.   18. 1308.
 2075. 2075. 2075. 1308. 1308. 2075. 1308. 1308.   18.   18.   18.   18.
   18.   18. 
   18.   18. 1308. 1308. 2075. 2075. 2075. 1308. 1308. 2075. 2075. 2075.
 2075. 2075. 2075. 2075. 1308. 1308. 1308. 2075. 2075. 2075. 1308.   18.
   18.   18. 
   18.   18.   18.   18.   18.   18.   18.   18.   18.   18.   18.   18.
 1308. 1308. 2075. 2075. 2075. 1308. 1308. 1308.   18.   18. 1308. 1308.
 2075. 2075. 
 2075. 1308. 1308. 1308. 1308. 1308. 1308. 1308. 1308. 1308.   18.   18.
   18.   18. 1308. 1308. 2075. 2075. 2075. 1308. 1308. 1308. 1308. 1308.
 1308. 1308. 
 1308. 1308. 1308. 1308. 2075. 2075. 2075. 1308. 1308.   18.   18.   18.
   18.   18.   18.   18.   18.   18.   18.   18.   18.   18.   18. 1308.
 1308. 2075. 
 2075. 2075. 2075. 1308. 1308.   18.   18.   18. 1308. 1308. 2075. 2075.
 2075. 1308. 1308. 1308. 1308. 1308. 1308. 1308. 1308. 1308.   18.   18.
   18.   18. 
 1308. 1308. 2075. 2075. 2075. 2075. 2075. 2075. 2075. 2075. 2075. 1308.
 1308. 1308. 1308. 1308. 2075. 2075. 2075. 1308. 1308.   18.   18.   18.
   18.   18. 
   18.   18.   18.   18.   18.   18.   18.   18.   18. 1308. 1308. 2075.
 2075. 2075. 1308. 1308. 1308.   18.   18.   18. 1308. 1308. 2075. 2075.
 2075. 2075. 
 2075. 2075. 2075. 2075. 2075. 2075. 2075. 2075.   18.   18.   18.   18.
   18. 1308. 2075. 2075. 2075. 2075. 2075. 2075. 2075. 2075. 2075. 2075.
 2075. 1308. 
 1308. 2075. 2075. 2075. 2075. 1308. 1308.   18.   18.   18.   18.   18.
   18.   18.   18.   18.   18.   18.   18.   18. 1308. 1308. 2075. 2075.
 2075. 2075. 
 1308. 1308.   18.   18.   18.   18.   18. 1308. 2075. 2075. 2075. 2075.
 2075. 2075. 2075. 2075. 2075. 2075. 2075. 2075.   18.   18.   18.   18.
   18. 1308. 
 1308. 1308. 2075. 2075. 2075. 2075. 2075. 2075. 2075. 2075. 2075. 2075.
 1308. 2075. 2075. 2075. 2075. 1308.   18.   18.   18.   18.   18.   18.
   18.   18. 
   18.   18.   18.   18.   18.   18.   18. 1308. 2075. 2075. 2075. 2075.
 1308. 1308. 1308. 1308. 1308. 1308. 1308. 1308. 1308. 1308. 2075. 2075.
 2075. 2075. 
 2075. 2075. 2075. 2075. 2075. 2075.   18.   18.   18.   18.   18.   18.
 1308. 1308. 1308. 1308. 1308. 1308. 1308. 1308. 2075. 2075. 2075. 2075.
 1308. 1308. 
 2075. 2075. 1308. 1308.   18. 1308. 1308. 1308. 1308.   18.   18.   18.
   18.   18.   18.   18.   18.   18.   18. 1308. 1308. 2075. 2075. 2075.
 2075. 2075. 
 1308. 2075. 2075. 2075. 2075. 1308. 1308. 1308. 1308. 1308. 1308. 1308.
 1308. 1308. 1308. 1308. 2075. 2075.   18.   18.   18.   18.   18.   18.
   18.   18. 
   18.   18.   18. 1308. 1308. 1308. 2075. 2075. 2075. 2075. 1308. 1308.
 2075. 2075. 1308. 1308. 1308. 1308. 1308. 1308. 1308. 1308. 1308.   18.
   18.   18. 
   18.   18.   18.   18.   18. 1308. 1308. 2075. 2075. 2075. 2075. 2075.
 2075. 2075. 2075. 2075. 2075. 2075. 2075. 2075. 1308. 1308. 1308. 1308.
 1308. 1308. 
 1308. 1308. 2075. 2075.   18.   18.   18.   18.   18.   18.   18.   18.
   18.   18. 1308. 1308. 2075. 2075. 2075. 2075. 2075. 2075. 1308. 2075.
 2075. 1308. 
 1308. 1308. 1308. 1308. 2075. 2075. 2075. 1308. 1308. 1308.   18.   18.
   18.   18.   18.   18.   18.   18. 1308. 1308. 2075. 2075. 2075. 2075.
 2075. 2075. 
 2075. 2075. 2075. 2075. 2075. 2075. 2075. 1308.   18.   18. 1308. 1308.
 1308. 2075. 2075. 2075.   18.   18.   18.   18.   18.   18.   18.   18.
   18.   18. 
 1308. 2075. 2075. 2075. 2075. 2075. 2075. 1308. 1308. 2075. 2075. 2075.
 2075. 2075. 2075. 2075. 2075. 2075. 2075. 2075. 1308. 1308.   18.   18.
   18.   18. 
   18.   18.   18.   18.   18. 1308. 1308. 1308. 2075. 2075. 2075. 2075.
 1308. 1308. 1308. 1308. 2075. 2075. 2075. 1308. 1308. 1308. 1308. 1308.
 2075. 2075. 
 2075. 2075.   18.   18.   18.   18.   18.   18.   18.   18.   18. 1308.
 1308. 2075. 2075. 2075. 2075. 1308. 1308. 1308. 2075. 2075. 2075. 2075.
 2075. 2075. 
 2075. 2075. 2075. 2075. 2075. 2075. 2075. 1308. 1308.   18.   18.   18.
   18.   18.   18.   18.   18.   18. 1308. 1308. 1308. 1308. 1308. 1308.
 1308. 1308. 
 1308. 1308. 2075. 2075. 2075. 1308. 1308. 1308. 1308. 2075. 2075. 2075.
 2075. 2075.   18.   18.   18.   18.   18.   18.   18.   18.   18. 1308.
 2075. 2075. 
 2075. 2075. 2075. 1308.   18. 1308. 1308. 2075. 2075. 2075. 2075. 2075.
 2075. 2075. 1308. 2075. 2075. 2075. 2075. 1308. 1308.   18.   18.   18.
   18.   18. 
   18.   18.   18.   18.   18.   18.   18.   18.   18.   18.   18.   18.
 1308. 1308. 2075. 2075. 2075. 1308. 1308. 1308. 2075. 2075. 2075. 2075.
 2075. 1308. 
   18.   18.   18.   18.   18.   18.   18.   18. 1308. 1308. 2075. 2075.
 2075. 2075. 1308. 1308.   18. 1308. 1308. 1308. 1308. 1308. 1308. 1308.
 1308. 1308. 
 1308. 2075. 2075. 2075. 2075. 1308.   18.   18.   18.   18.   18.   18.
   18.   18.   18.   18.   18.   18.   18.   18.   18.   18.   18. 1308.
 1308. 2075. 
 2075. 2075. 1308. 1308. 1308. 1308. 2075. 2075. 2075. 2075. 1308. 1308.
   18.   18.   18.   18.   18.   18.   18.   18. 1308. 1308. 2075. 2075.
 2075. 2075. 
 1308. 1308. 1308. 1308. 1308. 1308. 1308. 1308. 1308. 1308. 1308. 1308.
 1308. 2075. 2075. 2075. 1308. 1308.   18.   18.   18.   18.   18.   18.
   18.   18. 
   18.   18.   18.   18.   18.   18.   18.   18.   18. 1308. 1308. 2075.
 2075. 2075. 1308. 1308. 1308. 2075. 2075. 2075. 2075. 2075. 2075. 2075.
   18.   18. 
   18.   18.   18.   18.   18.   18.   18. 1308. 2075. 2075. 2075. 2075.
 2075. 1308. 1308. 2075. 2075. 2075. 2075. 1308. 1308. 1308.   18. 1308.
 1308. 2075. 
 2075. 2075. 1308. 1308.   18.   18.   18.   18.   18.   18.   18.   18.
   18.   18.   18.   18.   18.   18.   18.   18.   18. 1308. 2075. 2075.
 2075. 2075. 
 1308. 1308. 1308. 2075. 2075. 2075. 2075. 2075. 2075. 2075.   18.   18.
   18.   18.   18.   18.   18.   18.   18. 1308. 1308. 2075. 2075. 2075.
 2075. 2075. 
 2075. 2075. 2075. 2075. 2075. 2075. 2075. 1308. 1308. 1308. 2075. 2075.
 2075. 2075. 1308. 1308.   18.   18.   18.   18.   18.   18.   18.   18.
   18.   18. 
   18.   18.   18.   18.   18.   18. 1308. 1308. 2075. 2075. 2075. 1308.
 1308. 1308. 1308. 1308. 2075. 2075. 2075. 2075. 2075. 2075. 1308.   18.
   18.   18. 
   18.   18.   18.   18.   18.   18. 1308. 1308. 2075. 2075. 2075. 2075.
 2075. 2075. 2075. 2075. 2075. 2075. 2075. 2075. 1308. 1308. 2075. 2075.
 2075. 1308. 
 1308.   18.   18.   18.   18.   18.   18.   18.   18.   18.   18.   18.
   18.   18.   18.   18.   18.   18. 1308. 1308. 2075. 2075. 2075. 1308.
 1308.   18. 
 1308. 1308. 1308. 1308. 1308. 1308. 1308. 1308. 1308.   18.   18.   18.
   18.   18.   18.   18.   18.   18.   18. 1308. 1308. 1308. 1308. 2075.
 2075. 1308. 
 1308. 2075. 2075. 2075. 2075. 2075. 1308. 1308. 1308. 2075. 2075. 1308.
 1308.   18.   18.   18.   18.   18.   18. 1308. 1308. 1308.   18.   18.
   18.   18. 
   18.   18.   18. 1308. 1308. 2075. 2075. 2075. 2075. 1308.   18.   18.
 1308. 1308. 1308. 1308. 1308. 1308. 1308. 1308. 2075. 1308.   18.   18.
   18.   18. 
   18.   18.   18.   18.   18.   18.   18.   18. 1308. 1308. 1308. 1308.
 1308. 1308. 1308. 2075. 2075. 2075. 1308. 1308. 1308. 2075. 2075. 2075.
 1308. 1308. 
 1308. 1308. 1308. 1308. 1308. 1308. 1308. 1308. 1308. 1308.   18.   18.
   18.   18.   18. 1308. 1308. 2075. 2075. 2075. 1308. 1308. 1308. 1308.
 1308. 1308. 
 2075. 2075. 2075. 2075. 1308. 1308. 2075. 1308.   18.   18.   18.   18.
   18.   18.   18.   18.   18.   18.   18.   18.   18.   18.   18.   18.
   18. 1308. 
 1308. 2075. 2075. 2075. 1308. 1308. 1308. 2075. 2075. 2075. 2075. 1308.
 1308. 1308. 1308. 2075. 2075. 2075. 2075. 2075. 2075. 1308. 1308.   18.
   18.   18. 
   18. 1308. 1308. 2075. 2075. 2075. 1308. 1308. 1308. 1308. 2075. 2075.
 2075. 2075. 2075. 2075. 1308. 1308. 2075. 1308.   18.   18.   18.   18.
   18.   18. 
   18.   18.   18.   18.   18.   18.   18.   18.   18.   18. 1308. 1308.
 2075. 2075. 2075. 2075. 1308. 1308. 1308. 2075. 2075. 2075. 2075. 2075.
 2075. 2075. 
 2075. 2075. 2075. 2075. 2075. 2075. 2075. 2075. 1308.   18.   18.   18.
   18. 1308. 1308. 2075. 2075. 2075. 2075. 2075. 2075. 2075. 2075. 2075.
 2075. 1308. 
 2075. 2075. 2075. 1308. 2075. 1308.   18.   18.   18.   18.   18.   18.
   18.   18.   18.   18.   18.   18.   18.   18.   18.   18. 1308. 2075.
 2075. 2075. 
 2075. 1308. 1308.   18. 1308. 1308. 2075. 2075. 2075. 2075. 2075. 2075.
 2075. 2075. 2075. 2075. 2075. 2075. 2075. 2075. 1308. 1308.   18.   18.
   18. 1308. 
 1308. 2075. 2075. 2075. 2075. 2075. 2075. 2075. 2075. 2075. 1308. 1308.
 2075. 2075. 2075. 1308. 2075. 2075. 1308.   18.   18.   18.   18.   18.
   18.   18. 
   18.   18.   18.   18.   18.   18.   18. 1308. 1308. 2075. 2075. 2075.
 1308. 1308.   18.   18. 1308. 1308. 1308. 2075. 2075. 2075. 2075. 2075.
 2075. 2075. 
 2075. 2075. 2075. 2075. 2075. 2075. 1308. 1308.   18.   18.   18. 1308.
 1308. 2075. 2075. 2075. 2075. 2075. 2075. 2075. 2075. 1308. 1308. 1308.
 2075. 2075. 
 2075. 1308. 2075. 2075. 1308.   18.   18.   18.   18.   18.   18.   18.
   18.   18.   18.   18.   18.   18.   18. 1308. 2075. 2075. 2075. 2075.
 1308.   18. 
   18.   18.   18. 1308. 1308. 1308. 1308. 1308. 1308. 1308. 1308. 1308.
 1308. 1308. 2075. 2075. 2075. 2075. 1308.   18.   18.   18.   18.   18.
 1308. 1308. 
 1308. 2075. 2075. 2075. 2075. 1308. 1308. 1308. 1308. 1308. 2075. 2075.
 2075. 1308. 2075. 2075. 1308.   18.   18.   18.   18.   18.   18.   18.
   18.   18. 
   18.   18.   18.   18.   18. 1308. 2075. 2075. 2075. 2075. 1308.   18.
   18.   18.   18.   18.   18. 1308. 1308. 1308. 1308. 1308. 1308. 1308.
 2075. 2075. 
 2075. 2075. 2075. 2075. 1308.   18.   18.   18.   18.   18.   18. 1308.
 1308. 1308. 1308. 1308. 1308. 1308. 1308. 1308. 1308. 1308. 2075. 2075.
 2075. 1308. 
 2075. 2075. 1308.   18.   18.   18.   18.   18.   18.   18.   18.   18.
   18.   18.   18.   18.   18. 1308. 2075. 2075. 2075. 1308. 1308.   18.
   18.   18. 
   18.   18.   18.   18.   18.   18.   18. 1308. 1308. 2075. 2075. 2075.
 2075. 2075. 2075. 1308. 1308.   18.   18.   18.   18.   18.   18.   18.
   18.   18. 
 1308. 1308. 1308. 1308.   18.   18. 1308. 1308. 2075. 2075. 2075. 1308.
 2075. 1308. 1308.   18.   18.   18.   18.   18.   18.   18.   18.   18.
   18.   18. 
   18.   18.   18. 1308. 2075. 2075. 2075. 1308. 1308.   18.   18.   18.
   18.   18.   18.   18.   18.   18. 1308. 1308. 2075. 2075. 2075. 2075.
 2075. 2075. 
 1308. 1308.   18.   18.   18.   18.   18.   18.   18.   18.   18.   18.
   18.   18.   18.   18.   18.   18. 1308. 1308. 2075. 2075. 2075. 1308.
 2075. 1308. 
 1308. 1308. 1308.   18.   18.   18.   18.   18.   18.   18.   18.   18.
   18.   18. 1308. 1308. 2075. 2075. 2075. 1308. 1308.   18.   18.   18.
   18.   18. 
   18.   18.   18.   18. 1308. 2075. 2075. 2075. 2075. 2075. 1308. 1308.
 1308.   18.   18.   18.   18.   18.   18.   18.   18.   18.   18.   18.
   18.   18. 
   18.   18.   18.   18. 1308. 1308. 2075. 2075. 2075. 1308. 2075. 2075.
 2075. 2075. 2075. 1308. 1308. 1308.   18.   18.   18.   18.   18.   18.
   18.   18. 
 1308. 1308. 2075. 2075. 2075. 1308. 1308. 1308. 1308. 1308. 1308. 1308.
 1308. 1308. 1308.   18. 1308. 2075. 2075. 2075. 2075. 1308. 1308. 1308.
 1308. 1308. 
 1308. 1308. 1308. 1308. 1308.   18.   18.   18.   18.   18.   18.   18.
   18.   18.   18.   18. 1308. 2075. 2075. 2075. 2075. 2075. 2075. 2075.
 2075. 2075. 
 2075. 2075. 2075. 2075. 1308. 1308. 1308. 1308.   18.   18.   18.   18.
   18. 1308. 2075. 2075. 2075. 2075. 2075. 2075. 2075. 2075. 2075. 2075.
 2075. 1308. 
 1308. 1308. 1308. 2075. 2075. 2075. 2075. 2075. 1308. 1308. 1308. 1308.
 1308. 1308. 1308. 1308. 1308. 1308. 1308.   18.   18.   18.   18.   18.
   18.   18. 
   18.   18. 1308. 1308. 2075. 2075. 2075. 2075. 2075. 2075. 2075. 2075.
 2075. 2075. 2075. 2075. 2075. 2075. 2075. 2075. 1308.   18.   18.   18.
   18. 1308. 
 1308. 2075. 2075. 2075. 2075. 2075. 2075. 2075. 2075. 2075. 2075. 2075.
 2075. 2075. 1308. 1308. 2075. 2075. 2075. 2075. 2075. 2075. 2075. 2075.
 2075. 2075. 
 2075. 2075. 2075. 1308. 1308. 1308.   18.   18.   18.   18.   18.   18.
   18.   18. 1308. 1308. 1308. 2075. 2075. 2075. 1308. 2075. 2075. 2075.
 2075. 2075. 
 2075. 2075. 2075. 2075. 2075. 2075. 1308.   18.   18.   18.   18.   18.
 1308. 1308. 2075. 2075. 2075. 2075. 2075. 2075. 2075. 2075. 2075. 2075.
 2075. 2075. 
 2075. 1308. 2075. 2075. 2075. 2075. 2075. 2075. 2075. 2075. 2075. 2075.
 2075. 2075. 2075. 2075. 1308. 1308.   18.   18.   18.   18.   18.   18.
   18.   18. 
   18. 1308. 1308. 1308. 2075. 1308.   18. 1308. 1308. 1308. 1308. 1308.
 1308. 1308. 2075. 2075. 2075. 2075. 1308. 1308.   18.   18.   18.   18.
 1308. 1308. 
 1308. 1308. 1308. 1308. 1308. 1308. 1308. 1308. 1308. 1308. 2075. 2075.
 2075. 1308. 1308. 1308. 1308. 2075. 2075. 2075. 2075. 2075. 2075. 2075.
 2075. 2075. 
 2075. 2075. 2075. 1308.   18.   18.   18.   18.   18.   18.   18.   18.
   18.   18. 1308. 1308. 1308. 1308.   18.   18.   18.   18.   18.   18.
   18.   18. 
 1308. 1308. 2075. 2075. 2075. 1308.   18.   18.   18.   18.   18.   18.
 1308. 1308. 1308. 1308.   18.   18. 1308. 1308. 1308. 1308. 2075. 2075.
 2075. 1308. 
 1308. 1308. 1308. 1308. 1308. 1308. 1308. 1308. 1308. 1308. 1308. 1308.
 2075. 2075. 2075. 1308.   18.   18.   18.   18.   18.   18.   18.   18.
   18.   18. 
   18.   18.   18.   18.   18.   18.   18.   18.   18.   18.   18.   18.
   18. 1308. 2075. 2075. 2075. 1308.   18.   18.   18.   18.   18.   18.
   18.   18. 
   18.   18.   18.   18.   18.   18.   18. 1308. 2075. 2075. 2075. 1308.
   18.   18.   18.   18.   18. 1308. 1308. 1308. 1308. 1308. 1308. 2075.
 2075. 2075. 
 2075. 1308.   18.   18.   18.   18.   18.   18.   18.   18.   18.   18.
   18.   18.   18.   18.   18.   18.   18.   18.   18.   18.   18.   18.
   18. 1308. 
 2075. 2075. 2075. 1308.   18.   18.   18.   18.   18.   18.   18.   18.
   18.   18.   18.   18.   18.   18. 1308. 1308. 2075. 2075. 2075. 1308.
   18.   18. 
   18.   18.   18.   18.   18.   18.   18. 1308. 1308. 2075. 2075. 2075.
 1308. 1308.   18.   18.   18.   18.   18.   18.   18.   18.   18.   18.
   18.   18. 
   18.   18.   18.   18.   18.   18.   18.   18.   18.   18.   18. 1308.
 2075. 2075. 1308.   18.   18.   18.   18.   18.   18. 1308. 1308. 1308.
 1308.   18. 
   18.   18.   18. 1308. 1308. 2075. 2075. 2075. 1308. 1308.   18.   18.
   18.   18.   18.   18.   18.   18.   18. 1308. 2075. 2075. 2075. 2075.
 1308. 1308. 
 18. 18. 18. 18. 18. 18. 18. 18. 18. 18. 18. 18. 18. 18. 
/