PERMI
   22.   22.   22.   22.   22.   22. 1028. 1028. 1398. 1398. 1398. 1398.
 1398. 1398. 1398. 1398. 1398. 1028. 1028. 1028. 1028.   22.   22.   22.
   22.   22. 
   22.   22.   22.   22.   22.   22.   22.   22.   22.   22. 1028. 1028.
 1398. 1398. 1398. 1398. 1398. 1398. 1398. 1398. 1028. 1028.   22.   22.
   22.   22. 
   22.   22.   22.   22.   22. 1028. 1028. 1028. 1398. 1398. 1398. 1398.
   22.   22.   22.   22.   22.   22.   22. 1028. 1028. 1398. 1398. 1398.
 1398. 1398. 
 1398. 1398. 1398. 1398. 1398. 1028. 1028. 1028.   22.   22.   22.   22.
   22.   22.   22.   22.   22.   22.   22.   22.   22. 1028. 1028. 1028.
 1028. 1028. 
 1028. 1398. 1398. 1398. 1398. 1398. 1028. 1028.   22.   22.   22.   22.
   22.   22.   22.   22.   22.   22.   22. 1028. 1028. 1028. 1028. 1398.
   22.   22. 
   22.   22.   22.   22.   22.   22. 1028. 1028. 1028. 1028. 1398. 1398.
 1398. 1398. 1398. 1398. 1398. 1398. 1028. 1028.   22.   22.   22.   22.
   22.   22. 
   22.   22.   22.   22.   22.   22.   22. 1028. 1028. 1398. 1398. 1398.
 1028. 1028. 1028. 1028. 1398. 1398. 1398. 1028.   22.   22.   22.   22.
   22.   22. 
   22.   22.   22.   22.   22.   22.   22.   22. 1028. 1028.   22.   22.
   22.   22.   22.   22.   22.   22.   22.   22. 1028. 1028. 1028. 1028.
 1028. 1028. 
 1398. 1398. 1398. 1398. 1398. 1028.   22.   22.   22.   22.   22.   22.
   22.   22.   22.   22.   22.   22.   22.   22. 1028. 1398. 1398. 1398.
 1398. 1028. 
 1028. 1028. 1398. 1398. 1398. 1028.   22.   22.   22.   22.   22.   22.
   22.   22.   22.   22.   22.   22. 1028. 1028. 1028. 1398.   22.   22.
   22.   22. 
   22.   22.   22.   22.   22.   22.   22.   22. 1028. 1028. 1028. 1028.
 1028. 1398. 1398. 1398. 1398. 1028.   22.   22.   22.   22.   22.   22.
   22.   22. 
   22.   22.   22.   22.   22.   22. 1028. 1028. 1398. 1398. 1398. 1398.
 1028. 1028. 1398. 1398. 1028. 1028.   22.   22.   22.   22.   22.   22.
   22.   22. 
   22.   22. 1028. 1028. 1028. 1398. 1398. 1398.   22.   22.   22.   22.
   22.   22.   22.   22.   22.   22.   22.   22.   22.   22.   22. 1028.
 1028. 1398. 
 1398. 1398. 1028. 1028.   22.   22.   22.   22.   22.   22.   22.   22.
   22.   22.   22.   22.   22.   22.   22. 1028. 1028. 1398. 1398. 1028.
 1028. 1398. 
 1398. 1398. 1028. 1028.   22.   22.   22.   22.   22.   22.   22.   22.
   22. 1028. 1028. 1398. 1398. 1398. 1398. 1398.   22.   22.   22.   22.
   22.   22. 
   22.   22.   22.   22.   22.   22.   22.   22. 1028. 1028. 1398. 1398.
 1398. 1028. 1028. 1028.   22.   22.   22.   22.   22.   22.   22.   22.
   22.   22. 
   22.   22.   22.   22.   22. 1028. 1028. 1028. 1028. 1028. 1398. 1398.
 1398. 1028. 1028. 1028. 1028.   22.   22.   22.   22.   22.   22.   22.
 1028. 1028. 
 1398. 1398. 1398. 1398. 1398. 1398.   22.   22.   22.   22.   22.   22.
   22.   22.   22.   22.   22.   22.   22.   22. 1028. 1028. 1398. 1398.
 1398. 1028. 
 1028.   22.   22.   22.   22.   22.   22.   22.   22.   22.   22.   22.
   22.   22.   22.   22.   22.   22.   22. 1028. 1028. 1398. 1398. 1398.
 1028. 1028. 
 1398. 1398. 1028. 1028.   22.   22.   22.   22.   22.   22. 1028. 1398.
 1398. 1398. 1398. 1398. 1398. 1028.   22.   22.   22.   22.   22.   22.
   22.   22. 
   22.   22.   22.   22.   22. 1028. 1028. 1398. 1398. 1398. 1028. 1028.
   22.   22.   22.   22.   22.   22.   22.   22.   22.   22.   22.   22.
   22.   22. 
   22.   22.   22.   22.   22. 1028. 1028. 1398. 1398. 1028. 1028. 1398.
 1398. 1398. 1028. 1028.   22.   22.   22.   22.   22. 1028. 1028. 1398.
 1398. 1398. 
 1398. 1028. 1028. 1028.   22.   22.   22.   22.   22.   22.   22.   22.
   22.   22.   22.   22. 1028. 1028. 1398. 1398. 1398. 1398. 1028. 1028.
   22.   22. 
   22.   22.   22.   22.   22.   22.   22.   22.   22.   22.   22.   22.
   22.   22.   22.   22.   22. 1028. 1398. 1398. 1398. 1028. 1028. 1398.
 1398. 1398. 
 1028. 1028.   22.   22.   22.   22.   22. 1028. 1028. 1398. 1398. 1398.
 1028. 1028.   22.   22.   22.   22.   22.   22.   22.   22.   22.   22.
   22.   22. 
   22.   22. 1028. 1028. 1398. 1398. 1398. 1028. 1028.   22.   22.   22.
   22.   22.   22.   22.   22.   22.   22.   22.   22.   22.   22.   22.
   22.   22. 
   22.   22.   22. 1028. 1398. 1398. 1398. 1028. 1028. 1398. 1398. 1028.
 1028.   22.   22.   22.   22.   22.   22.   22. 1028. 1398. 1398. 1398.
 1398. 1028. 
 1028.   22.   22.   22.   22.   22.   22.   22.   22.   22.   22.   22.
   22. 1028. 1028. 1398. 1398. 1398. 1028. 1028. 1028.   22.   22.   22.
   22.   22. 
   22.   22.   22.   22.   22.   22.   22.   22.   22.   22.   22.   22.
   22.   22.   22. 1028. 1028. 1398. 1398. 1398. 1028. 1028. 1028. 1028.
   22.   22. 
   22.   22.   22.   22.   22.   22. 1028. 1028. 1398. 1398. 1398. 1028.
 1028. 1028.   22.   22.   22.   22.   22.   22.   22.   22.   22.   22.
   22. 1028. 
 1028. 1398. 1398. 1398. 1028. 1028.   22.   22.   22.   22.   22.   22.
   22.   22.   22.   22.   22.   22.   22.   22.   22.   22.   22.   22.
   22.   22. 
   22.   22. 1028. 1398. 1398. 1398. 1398. 1398. 1398. 1028. 1028. 1028.
 1028.   22.   22.   22.   22.   22. 1028. 1028. 1398. 1398. 1398. 1398.
 1028. 1028. 
   22.   22.   22.   22.   22.   22.   22.   22.   22.   22.   22. 1028.
 1398. 1398. 1398. 1028. 1028. 1028.   22.   22.   22.   22.   22.   22.
   22.   22. 
   22.   22.   22.   22.   22.   22.   22.   22.   22.   22.   22.   22.
   22.   22. 1028. 1028. 1398. 1398. 1398. 1398. 1398. 1398. 1398. 1398.
 1028. 1028. 
   22.   22.   22.   22.   22. 1028. 1028. 1398. 1398. 1398. 1398. 1028.
   22.   22.   22.   22.   22.   22.   22.   22.   22.   22.   22. 1028.
 1398. 1398. 
 1398. 1398. 1028. 1028. 1028. 1028.   22.   22.   22.   22.   22.   22.
   22.   22.   22.   22.   22.   22.   22.   22.   22.   22.   22.   22.
   22.   22. 
 1028. 1398. 1028. 1028. 1398. 1398. 1398. 1398. 1398. 1398. 1398. 1028.
   22.   22.   22.   22.   22.   22. 1028. 1028. 1398. 1398. 1398. 1398.
   22.   22. 
   22.   22.   22.   22.   22.   22.   22.   22.   22. 1028. 1398. 1398.
 1398. 1398. 1398. 1398. 1028. 1028. 1028.   22.   22.   22.   22.   22.
   22.   22. 
   22.   22.   22.   22.   22.   22.   22.   22.   22.   22.   22.   22.
 1028. 1398. 1398. 1398. 1028. 1028. 1028. 1028. 1398. 1398. 1398. 1028.
   22.   22. 
   22.   22.   22.   22.   22. 1028. 1028. 1398. 1398. 1398.   22.   22.
   22.   22.   22.   22.   22.   22.   22.   22.   22. 1028. 1028. 1398.
 1398. 1398. 
 1398. 1398. 1398. 1398. 1028. 1028.   22.   22.   22.   22.   22.   22.
   22.   22.   22.   22.   22.   22.   22.   22.   22.   22.   22.   22.
 1028. 1398. 
 1398. 1398. 1398. 1398. 1028. 1028. 1398. 1398. 1398. 1028.   22.   22.
   22.   22.   22.   22.   22.   22. 1028. 1398. 1398. 1398.   22.   22.
   22.   22. 
   22.   22.   22.   22.   22.   22.   22.   22. 1028. 1028. 1028. 1398.
 1398. 1398. 1398. 1398. 1398. 1028. 1028.   22.   22.   22.   22.   22.
   22.   22. 
   22.   22.   22.   22.   22.   22.   22.   22.   22.   22. 1028. 1028.
 1028. 1398. 1398. 1028. 1028. 1398. 1398. 1398. 1028. 1028.   22.   22.
   22.   22. 
   22.   22.   22.   22. 1028. 1028. 1398. 1398.   22.   22.   22.   22.
   22.   22.   22.   22.   22.   22.   22.   22.   22. 1028. 1028. 1028.
 1028. 1398. 
 1398. 1398. 1398. 1028. 1028.   22.   22.   22.   22.   22.   22.   22.
   22.   22.   22.   22.   22.   22.   22.   22.   22.   22.   22. 1028.
 1028. 1028. 
 1028. 1028. 1398. 1398. 1398. 1398. 1028. 1028.   22.   22.   22.   22.
   22.   22.   22. 1028. 1028. 1398. 1398. 1398.   22.   22.   22.   22.
   22.   22. 
   22.   22.   22.   22.   22. 1028. 1028. 1028. 1028. 1028. 1028. 1028.
 1028. 1398. 1398. 1398. 1028.   22.   22.   22.   22.   22.   22.   22.
   22.   22. 
   22.   22.   22.   22.   22.   22.   22.   22.   22.   22.   22. 1028.
 1028. 1398. 1398. 1398. 1028. 1028. 1028. 1028.   22.   22.   22.   22.
   22.   22. 
 1028. 1028. 1398. 1398. 1398. 1398.   22.   22.   22.   22.   22.   22.
   22.   22.   22. 1028. 1028. 1028. 1028. 1398. 1398. 1398. 1398. 1398.
 1398. 1398. 
 1398. 1398. 1028.   22.   22.   22.   22.   22.   22.   22.   22.   22.
   22.   22.   22.   22.   22.   22.   22.   22.   22.   22.   22. 1028.
 1398. 1398. 
 1398. 1398. 1028. 1398. 1398. 1028.   22.   22.   22.   22.   22. 1028.
 1028. 1398. 1398. 1398. 1398. 1028.   22.   22.   22.   22.   22.   22.
   22.   22. 
   22. 1028. 1028. 1398. 1398. 1398. 1398. 1398. 1398. 1398. 1398. 1398.
 1398. 1028. 1028.   22.   22.   22.   22.   22.   22.   22.   22.   22.
   22.   22. 
   22.   22.   22.   22.   22.   22.   22.   22. 1028. 1028. 1398. 1398.
 1028. 1028. 1398. 1398. 1028. 1028.   22.   22.   22.   22.   22. 1028.
 1398. 1398. 
 1398. 1398. 1028. 1028.   22.   22.   22.   22.   22.   22.   22.   22.
 1028. 1028. 1398. 1398. 1398. 1398. 1398. 1398. 1398. 1398. 1398. 1398.
 1028. 1028. 
   22.   22.   22.   22.   22.   22.   22.   22.   22.   22.   22.   22.
   22.   22.   22.   22.   22.   22.   22. 1028. 1028. 1398. 1398. 1398.
 1028. 1028. 
 1398. 1398. 1028. 1028.   22.   22.   22.   22. 1028. 1028. 1398. 1398.
 1398. 1028. 1028.   22.   22.   22.   22.   22.   22.   22.   22.   22.
 1028. 1028. 
 1398. 1398. 1398. 1398. 1398. 1398. 1398. 1398. 1028. 1028. 1028.   22.
   22.   22.   22.   22.   22.   22.   22.   22.   22.   22.   22.   22.
   22.   22. 
   22.   22.   22.   22. 1028. 1028. 1028. 1028. 1398. 1398. 1398. 1028.
 1028. 1028. 1028.   22.   22.   22.   22.   22. 1028. 1398. 1398. 1398.
 1028. 1028. 
   22.   22.   22.   22.   22.   22.   22.   22.   22.   22. 1028. 1028.
 1398. 1398. 1398. 1028. 1028. 1028. 1028. 1028. 1028.   22.   22.   22.
   22.   22. 
   22.   22.   22.   22.   22.   22.   22.   22.   22.   22.   22.   22.
   22.   22.   22.   22. 1028. 1028. 1028. 1028. 1398. 1398. 1398. 1398.
 1028. 1028. 
 1028.   22.   22.   22.   22.   22. 1028. 1398. 1398. 1398. 1028. 1028.
 1028. 1028.   22.   22.   22.   22.   22.   22.   22.   22. 1028. 1028.
 1028. 1398. 
 1398. 1398. 1028. 1028.   22.   22.   22.   22.   22.   22.   22.   22.
   22.   22.   22.   22.   22.   22.   22.   22.   22.   22.   22.   22.
   22.   22. 
   22.   22. 1028. 1398. 1398. 1028. 1028. 1398. 1398. 1398. 1398. 1398.
 1028.   22.   22.   22.   22.   22. 1028. 1398. 1398. 1398. 1398. 1398.
 1398. 1028. 
   22.   22.   22.   22.   22.   22.   22.   22.   22. 1028. 1028. 1398.
 1398. 1398. 1398. 1028. 1028.   22.   22.   22.   22.   22.   22.   22.
   22.   22. 
   22.   22.   22.   22.   22.   22.   22.   22.   22.   22.   22.   22.
   22.   22. 1028. 1398. 1398. 1398. 1028. 1028. 1398. 1398. 1398. 1398.
 1028. 1028. 
   22.   22.   22.   22. 1028. 1028. 1398. 1398. 1398. 1398. 1398. 1398.
   22.   22.   22.   22.   22.   22.   22.   22.   22.   22. 1028. 1028.
 1398. 1398. 
 1398. 1398. 1028. 1028.   22.   22.   22.   22.   22.   22.   22.   22.
   22.   22.   22.   22.   22.   22.   22.   22.   22.   22.   22.   22.
   22.   22. 
 1028. 1028. 1398. 1398. 1398. 1028. 1028. 1398. 1398. 1398. 1398. 1028.
 1028.   22.   22.   22.   22. 1028. 1028. 1028. 1398. 1398. 1398. 1398.
   22.   22. 
   22.   22.   22.   22.   22.   22.   22.   22.   22. 1028. 1028. 1398.
 1398. 1398. 1028. 1028.   22.   22.   22.   22.   22.   22.   22.   22.
   22.   22. 
   22.   22.   22.   22.   22.   22.   22.   22.   22.   22.   22.   22.
   22. 1028. 1028. 1398. 1398. 1398. 1028. 1028. 1398. 1398. 1398. 1398.
 1028.   22. 
   22.   22.   22.   22.   22. 1028. 1028. 1028. 1398. 1398.   22.   22.
   22.   22.   22.   22.   22.   22.   22.   22.   22.   22. 1028. 1028.
 1398. 1398. 
 1398. 1028. 1028.   22.   22.   22.   22.   22.   22.   22.   22.   22.
   22.   22.   22.   22.   22.   22.   22.   22.   22.   22.   22.   22.
   22.   22. 
 1028. 1028. 1028. 1398. 1398. 1028. 1028. 1398. 1398. 1398. 1028.   22.
   22.   22.   22.   22.   22.   22.   22. 1028. 1028. 1398.   22.   22.
   22.   22. 
   22.   22.   22.   22.   22.   22.   22.   22. 1028. 1028. 1398. 1398.
 1398. 1028. 1028.   22.   22.   22.   22.   22.   22.   22.   22.   22.
   22.   22. 
   22.   22.   22.   22.   22.   22.   22.   22.   22.   22.   22.   22.
   22. 1028. 1028. 1028. 1028. 1028. 1398. 1398. 1398. 1028. 1028.   22.
   22.   22. 
   22.   22.   22.   22.   22.   22.   22. 1028.   22.   22.   22.   22.
   22.   22.   22.   22.   22.   22.   22.   22.   22. 1028. 1028. 1398.
 1398. 1028. 
 1028.   22.   22.   22.   22.   22.   22.   22.   22.   22.   22.   22.
   22.   22.   22.   22.   22.   22.   22.   22.   22.   22.   22.   22.
   22.   22. 
   22. 1028. 1028. 1398. 1398. 1398. 1398. 1028. 1028.   22.   22.   22.
   22.   22.   22.   22.   22.   22. 1028. 1028.   22.   22.   22.   22.
   22.   22. 
   22.   22.   22.   22.   22.   22. 1028. 1028. 1398. 1398. 1398. 1028.
 1028.   22.   22.   22.   22.   22.   22.   22.   22.   22.   22.   22.
   22.   22. 
   22.   22.   22.   22.   22.   22.   22.   22.   22.   22.   22.   22.
   22. 1028. 1398. 1398. 1398. 1028. 1028. 1028. 1028.   22.   22.   22.
   22.   22. 
   22.   22.   22.   22. 1028. 1398.   22.   22.   22.   22.   22.   22.
   22.   22.   22.   22. 1028. 1028. 1028. 1398. 1398. 1398. 1398. 1028.
 1028.   22. 
   22.   22.   22.   22.   22.   22.   22.   22.   22.   22.   22.   22.
   22.   22.   22.   22.   22.   22.   22.   22.   22.   22.   22.   22.
 1028. 1028. 
 1398. 1398. 1028. 1028. 1398. 1028. 1028.   22.   22.   22.   22.   22.
   22.   22. 1028. 1028. 1398. 1398.   22.   22.   22.   22.   22.   22.
   22.   22. 
   22. 1028. 1028. 1028. 1398. 1398. 1398. 1398. 1028. 1028.   22.   22.
   22.   22.   22.   22.   22.   22.   22.   22.   22.   22.   22.   22.
   22.   22. 
   22.   22.   22.   22.   22.   22.   22.   22.   22.   22. 1028. 1398.
 1398. 1398. 1028. 1028. 1028. 1028.   22.   22.   22.   22.   22.   22.
   22. 1028. 
 1028. 1398. 1398. 1398.   22.   22.   22.   22.   22.   22.   22.   22.
   22. 1028. 1028. 1398. 1398. 1398. 1398. 1028. 1028.   22.   22.   22.
   22.   22. 
   22.   22.   22.   22.   22.   22.   22.   22.   22.   22.   22.   22.
   22.   22.   22.   22.   22.   22.   22.   22.   22.   22. 1028. 1398.
 1398. 1398. 
 1398. 1398. 1398. 1028. 1028.   22.   22.   22.   22.   22.   22. 1028.
 1398. 1398. 1398. 1398.   22.   22.   22.   22.   22.   22.   22.   22.
 1028. 1028. 
 1398. 1398. 1398. 1398. 1028. 1028.   22.   22.   22.   22.   22.   22.
   22.   22.   22.   22.   22.   22.   22.   22.   22.   22.   22.   22.
   22.   22. 
   22.   22.   22.   22.   22.   22.   22. 1028. 1028. 1398. 1398. 1398.
 1398. 1398. 1398. 1398. 1028. 1028. 1028.   22.   22.   22. 1028. 1028.
 1398. 1398. 
 1398. 1028.   22.   22.   22.   22.   22.   22.   22.   22. 1028. 1028.
 1398. 1398. 1398. 1028. 1028. 1028. 1028. 1028. 1028. 1028. 1028.   22.
   22.   22. 
   22.   22.   22.   22.   22.   22.   22.   22.   22.   22.   22.   22.
   22.   22.   22.   22.   22.   22.   22. 1028. 1028. 1028. 1398. 1398.
 1398. 1398. 
 1398. 1398. 1398. 1398. 1398. 1028.   22.   22. 1028. 1028. 1398. 1398.
 1028. 1028.   22.   22.   22.   22.   22.   22.   22. 1028. 1028. 1398.
 1398. 1398. 
 1028. 1028. 1028. 1028. 1028. 1028. 1028. 1028. 1028. 1028. 1028.   22.
   22.   22.   22.   22.   22.   22.   22.   22.   22.   22.   22.   22.
   22.   22. 
   22.   22.   22.   22.   22. 1028. 1028. 1398. 1028. 1028. 1028. 1028.
 1028. 1398. 1398. 1398. 1398. 1028. 1028.   22. 1028. 1028. 1398. 1398.
 1398. 1398. 
   22.   22.   22.   22.   22.   22.   22. 1028. 1028. 1398. 1398. 1398.
 1398. 1398. 1398. 1398. 1398. 1398. 1398. 1398. 1398. 1028. 1028.   22.
   22.   22. 
   22.   22.   22.   22.   22.   22.   22.   22.   22.   22.   22.   22.
   22.   22.   22.   22.   22. 1028. 1028. 1398. 1398. 1398. 1398. 1028.
 1028. 1028. 
 1028. 1398. 1398. 1398. 1028.   22.   22. 1028. 1398. 1398. 1398. 1398.
   22.   22.   22.   22.   22.   22.   22.   22. 1028. 1398. 1398. 1398.
 1398. 1398. 
 1398. 1398. 1398. 1398. 1398. 1398. 1398. 1398. 1028. 1028.   22.   22.
   22.   22.   22.   22.   22.   22.   22.   22.   22.   22.   22.   22.
   22.   22. 
   22.   22.   22.   22. 1028. 1028. 1398. 1398. 1398. 1398. 1028. 1028.
 1028. 1398. 1398. 1398. 1398. 1028.   22. 1028. 1028. 1398. 1398. 1398.
   22.   22. 
   22.   22.   22.   22.   22.   22. 1028. 1028. 1398. 1398. 1398. 1398.
 1398. 1398. 1398. 1398. 1398. 1398. 1398. 1398. 1028. 1028.   22.   22.
   22.   22. 
   22.   22.   22.   22.   22.   22.   22.   22.   22.   22.   22.   22.
   22.   22.   22.   22. 1028. 1028. 1398. 1398. 1398. 1398. 1398. 1028.
 1028. 1398. 
 1398. 1398. 1028. 1028.   22.   22. 1028. 1028. 1028. 1028.   22.   22.
   22.   22.   22.   22.   22.   22.   22. 1028. 1028. 1028. 1028. 1028.
 1028. 1028. 
 1028. 1028. 1028. 1398. 1398. 1398. 1028. 1028.   22.   22.   22.   22.
   22.   22.   22.   22.   22.   22.   22.   22.   22.   22.   22.   22.
   22.   22. 
   22.   22.   22. 1028. 1028. 1028. 1398. 1398. 1398. 1398. 1028. 1398.
 1398. 1398. 1028.   22.   22.   22.   22.   22.   22. 1028.   22.   22.
   22.   22. 
   22.   22.   22.   22.   22.   22. 1028. 1028. 1028. 1028. 1028. 1028.
 1028. 1028. 1028. 1398. 1398. 1398. 1028. 1028.   22.   22.   22.   22.
   22.   22. 
   22.   22.   22.   22.   22.   22.   22.   22.   22.   22.   22.   22.
   22.   22.   22.   22. 1028. 1028. 1028. 1398. 1398. 1028. 1028. 1398.
 1398. 1398. 
 1028.   22.   22.   22.   22.   22. 1028. 1028.   22.   22.   22.   22.
   22.   22.   22.   22.   22.   22.   22.   22.   22.   22.   22.   22.
 1028. 1028. 
 1028. 1398. 1398. 1398. 1028. 1028.   22.   22.   22.   22.   22.   22.
   22.   22.   22.   22.   22.   22.   22.   22.   22.   22.   22.   22.
   22.   22. 
   22.   22.   22. 1028. 1028. 1398. 1028. 1028. 1398. 1398. 1398. 1398.
 1028.   22.   22.   22.   22.   22. 1028. 1398.   22.   22.   22.   22.
   22.   22. 
   22.   22.   22.   22.   22.   22.   22.   22.   22. 1028. 1028. 1028.
 1398. 1398. 1398. 1028. 1028.   22.   22.   22.   22.   22.   22.   22.
   22.   22. 
   22.   22.   22.   22.   22.   22.   22.   22.   22.   22.   22.   22.
   22.   22.   22.   22. 1028. 1028. 1028. 1398. 1398. 1398. 1398. 1028.
 1028.   22. 
   22.   22.   22. 1028. 1028. 1398.   22.   22.   22.   22.   22.   22.
   22.   22.   22.   22.   22.   22.   22.   22.   22. 1028. 1028. 1398.
 1398. 1398. 
 1028. 1028. 1028.   22.   22.   22.   22.   22.   22.   22.   22.   22.
   22.   22.   22.   22.   22.   22.   22.   22.   22.   22.   22.   22.
   22.   22. 
   22.   22. 1028. 1028. 1028. 1398. 1398. 1398. 1398. 1028.   22.   22.
   22.   22.   22. 1028. 1398. 1398.   22.   22.   22.   22.   22.   22.
   22.   22. 
   22.   22.   22.   22.   22.   22. 1028. 1028. 1398. 1398. 1398. 1398.
 1028. 1028.   22.   22.   22.   22.   22.   22.   22.   22.   22.   22.
   22.   22. 
   22.   22.   22.   22.   22.   22.   22.   22.   22.   22.   22.   22.
   22. 1028. 1028. 1028. 1398. 1398. 1398. 1398. 1028.   22.   22.   22.
   22.   22. 
   22. 1028. 1028. 1398.   22.   22.   22.   22.   22.   22.   22.   22.
   22.   22.   22.   22.   22.   22. 1028. 1028. 1398. 1398. 1398. 1028.
 1028.   22. 
   22.   22.   22.   22.   22.   22.   22.   22.   22.   22.   22.   22.
   22.   22.   22.   22.   22.   22.   22.   22.   22.   22.   22.   22.
 1028. 1028. 
 1028. 1028. 1398. 1398. 1398. 1028. 1028.   22.   22.   22.   22.   22.
   22.   22. 1028. 1398.   22.   22.   22.   22.   22.   22.   22.   22.
   22.   22. 
   22.   22.   22.   22. 1028. 1398. 1398. 1398. 1028. 1028.   22.   22.
   22.   22.   22.   22.   22.   22.   22.   22.   22.   22.   22.   22.
   22.   22. 
   22.   22.   22.   22.   22.   22.   22.   22.   22. 1028. 1028. 1398.
 1398. 1028. 1398. 1398. 1398. 1028. 1028.   22.   22.   22.   22.   22.
   22.   22. 
 1028. 1028.   22.   22.   22.   22.   22.   22.   22.   22.   22.   22.
   22.   22.   22.   22. 1028. 1028. 1398. 1398. 1028. 1028. 1028. 1028.
 1028. 1028. 
 1028.   22.   22.   22.   22.   22.   22.   22.   22.   22.   22.   22.
   22.   22.   22.   22.   22.   22.   22.   22. 1028. 1028. 1398. 1398.
 1398. 1028. 
 1398. 1398. 1398. 1398. 1028.   22.   22.   22.   22.   22.   22.   22.
   22.   22.   22.   22.   22.   22.   22.   22.   22.   22.   22.   22.
   22.   22. 
   22.   22. 1028. 1028. 1398. 1398. 1398. 1398. 1028. 1028. 1028. 1028.
 1028. 1028. 1028.   22.   22.   22.   22.   22.   22.   22.   22.   22.
   22.   22. 
   22.   22.   22.   22.   22. 1028. 1028. 1398. 1398. 1398. 1398. 1028.
 1028. 1398. 1398. 1398. 1398. 1028.   22.   22.   22.   22.   22.   22.
   22.   22. 
   22.   22.   22.   22.   22.   22.   22.   22.   22.   22.   22.   22.
   22.   22. 1028. 1028. 1398. 1398. 1398. 1398. 1398. 1398. 1398. 1398.
 1398. 1028. 
 1028. 1028.   22.   22.   22.   22.   22.   22.   22.   22.   22.   22.
   22.   22.   22.   22.   22. 1028. 1398. 1398. 1398. 1398. 1028. 1028.
 1028. 1028. 
 1398. 1398. 1398. 1398. 1028.   22.   22.   22.   22.   22.   22. 1028.
   22.   22.   22.   22.   22.   22.   22.   22.   22.   22.   22.   22.
   22.   22. 
   22. 1028. 1028. 1028. 1398. 1398. 1398. 1398. 1398. 1398. 1398. 1398.
 1028. 1028.   22.   22.   22.   22.   22.   22.   22.   22.   22.   22.
   22.   22. 
   22.   22.   22. 1028. 1398. 1398. 1398. 1028. 1028.   22.   22. 1028.
 1398. 1398. 1398. 1398. 1028.   22.   22.   22.   22.   22. 1028. 1028.
   22.   22. 
   22.   22.   22.   22.   22.   22.   22.   22.   22.   22.   22.   22.
   22.   22. 1028. 1028. 1028. 1028. 1398. 1398. 1398. 1398. 1398. 1398.
 1028. 1028. 
   22.   22.   22.   22.   22.   22.   22.   22.   22.   22.   22.   22.
   22.   22.   22. 1028. 1398. 1398. 1398. 1398. 1028. 1028. 1028.   22.
 1028. 1398. 
 1398. 1398. 1398. 1028.   22.   22.   22. 1028. 1028. 1398.   22.   22.
   22.   22.   22.   22.   22.   22.   22.   22.   22.   22.   22.   22.
   22.   22. 
   22.   22. 1028. 1028. 1028. 1028. 1398. 1398. 1398. 1398. 1028. 1028.
   22.   22.   22.   22.   22.   22.   22.   22.   22.   22.   22.   22.
   22.   22. 
   22. 1028. 1028. 1398. 1398. 1398. 1398. 1398. 1028. 1028.   22. 1028.
 1398. 1398. 1398. 1398. 1028.   22.   22. 1028. 1028. 1398.   22.   22.
   22.   22. 
   22.   22.   22.   22.   22.   22.   22.   22.   22.   22.   22.   22.
   22.   22. 1028. 1028. 1028. 1028. 1398. 1398. 1398. 1028. 1028. 1028.
   22.   22. 
   22.   22.   22.   22.   22.   22.   22.   22.   22.   22.   22.   22.
   22.   22. 1028. 1028. 1398. 1398. 1398. 1398. 1398. 1398. 1028. 1028.
 1398. 1398. 
 1398. 1398. 1028.   22. 1028. 1028. 1398. 1398.   22.   22.   22.   22.
   22.   22.   22.   22.   22.   22.   22.   22.   22.   22.   22.   22.
   22. 1028. 
 1028. 1028. 1398. 1398. 1398. 1398. 1398. 1028. 1028.   22.   22.   22.
   22.   22.   22.   22.   22.   22.   22.   22.   22.   22.   22.   22.
   22.   22. 
   22. 1028. 1028. 1028. 1398. 1398. 1398. 1028. 1028. 1398. 1398. 1398.
 1398. 1398. 1028.   22. 1028. 1028. 1398. 1398.   22.   22.   22.   22.
   22.   22. 
   22.   22.   22.   22.   22.   22.   22.   22.   22.   22. 1028. 1028.
 1398. 1398. 1398. 1398. 1398. 1398. 1028. 1028.   22.   22.   22.   22.
   22.   22. 
   22.   22.   22.   22.   22.   22.   22.   22.   22.   22.   22.   22.
   22.   22.   22. 1028. 1028. 1398. 1028. 1028. 1398. 1398. 1398. 1398.
 1398. 1028. 
   22.   22. 1028. 1028. 1398. 1398.   22.   22.   22.   22.   22.   22.
   22.   22.   22.   22.   22.   22.   22.   22.   22.   22. 1028. 1028.
 1398. 1398. 
 1398. 1398. 1398. 1028. 1028. 1028.   22.   22.   22.   22.   22.   22.
   22.   22.   22.   22.   22.   22.   22.   22.   22.   22.   22.   22.
   22.   22. 
   22. 1028. 1028. 1398. 1028. 1398. 1398. 1398. 1398. 1028. 1028.   22.
   22.   22. 1028. 1028. 1398. 1398.   22.   22.   22.   22.   22.   22.
   22.   22. 
   22.   22.   22.   22.   22.   22.   22.   22. 1028. 1028. 1398. 1398.
 1398. 1028. 1028. 1028. 1028.   22.   22.   22.   22.   22.   22.   22.
   22.   22. 
   22.   22.   22.   22.   22.   22.   22.   22.   22.   22.   22.   22.
 1028. 1028. 1398. 1028. 1028. 1398. 1398. 1398. 1028. 1028.   22.   22.
   22.   22. 
   22. 1028. 1028. 1028.   22.   22.   22.   22.   22.   22.   22.   22.
   22.   22.   22.   22.   22.   22.   22.   22. 1028. 1028. 1398. 1398.
 1398. 1028. 
 1028.   22.   22.   22.   22.   22.   22.   22.   22.   22.   22.   22.
   22.   22.   22.   22.   22.   22.   22.   22.   22.   22.   22. 1028.
 1028. 1398. 
 1398. 1028. 1398. 1398. 1398. 1028. 1028.   22.   22.   22.   22.   22.
   22.   22. 1028. 1028.   22.   22.   22.   22.   22.   22.   22.   22.
   22.   22. 
   22.   22.   22.   22.   22.   22. 1028. 1028. 1398. 1398. 1398. 1028.
 1028. 1028. 1028.   22.   22.   22.   22.   22.   22.   22.   22.   22.
   22.   22. 
   22.   22.   22.   22.   22.   22.   22.   22.   22. 1028. 1028. 1398.
 1398. 1028. 1028. 1398. 1398. 1028. 1028.   22.   22.   22.   22.   22.
   22.   22. 
   22.   22.   22.   22.   22.   22.   22.   22.   22.   22.   22.   22.
   22.   22.   22.   22.   22.   22. 1028. 1028. 1398. 1398. 1398. 1398.
 1028. 1028. 
 1028. 1028. 1028.   22.   22.   22.   22.   22.   22.   22.   22.   22.
   22.   22.   22.   22.   22.   22.   22.   22.   22. 1028. 1398. 1398.
 1398. 1028. 
 1398. 1398. 1398. 1398. 1028. 1028.   22.   22.   22.   22.   22.   22.
   22.   22. 
/