PERMI
   15.   15.   15.   15.   15.   15.   15.   15. 2224. 2224. 3408. 3408.
 3408. 2224.   15.   15. 2224. 2224. 3408. 3408. 3408. 3408. 2224. 2224.
 2224. 2224. 
 2224. 2224. 3408. 3408. 3408. 3408. 2224. 2224. 2224.   15.   15.   15.
   15.   15.   15. 2224. 3408. 3408. 3408. 3408. 2224. 2224.   15.   15.
 2224. 2224. 
 3408. 3408. 3408. 3408. 2224. 2224. 2224. 2224. 2224.   15.   15.   15.
   15.   15.   15.   15.   15.   15.   15. 2224. 2224. 3408. 3408. 3408.
 3408. 2224. 
   15.   15.   15. 2224. 2224. 3408. 3408. 3408. 3408. 2224. 2224. 3408.
 3408. 3408. 3408. 3408. 3408. 2224. 2224. 2224.   15.   15.   15.   15.
   15.   15. 
   15. 2224. 2224. 3408. 3408. 3408. 3408. 2224. 2224. 2224. 2224. 3408.
 3408. 3408. 2224. 2224. 2224. 2224.   15.   15.   15.   15.   15.   15.
   15.   15. 
   15.   15.   15. 2224. 2224. 2224. 3408. 3408. 3408. 3408. 2224. 2224.
   15.   15.   15.   15. 2224. 2224. 3408. 3408. 3408. 2224. 2224. 3408.
 3408. 3408. 
 3408. 3408. 2224. 2224.   15.   15.   15.   15.   15.   15.   15.   15.
   15.   15. 2224. 2224. 3408. 3408. 3408. 3408. 3408. 2224. 2224. 3408.
 3408. 3408. 
 2224. 2224. 2224.   15.   15.   15.   15.   15.   15.   15.   15.   15.
   15. 2224. 2224. 2224. 2224. 3408. 3408. 3408. 3408. 2224. 2224.   15.
   15.   15. 
   15.   15.   15. 2224. 2224. 3408. 3408. 3408. 2224. 3408. 3408. 3408.
 2224. 2224. 2224.   15.   15.   15.   15.   15.   15.   15.   15.   15.
   15.   15. 
   15. 2224. 2224. 3408. 3408. 3408. 3408. 3408. 2224. 2224. 3408. 3408.
 3408. 2224. 2224. 2224.   15.   15.   15.   15.   15.   15.   15.   15.
 2224. 2224. 
 2224. 3408. 3408. 3408. 3408. 3408. 2224. 2224.   15.   15.   15.   15.
   15.   15. 2224. 2224. 3408. 3408. 3408. 2224. 2224. 3408. 3408. 2224.
 2224. 2224. 
   15.   15.   15.   15.   15.   15.   15.   15.   15.   15.   15.   15.
   15. 2224. 2224. 2224. 2224. 3408. 3408. 3408. 3408. 2224. 3408. 3408.
 3408. 3408. 
 2224. 2224. 2224. 2224.   15.   15.   15.   15.   15. 2224. 2224. 3408.
 3408. 3408. 3408. 3408. 3408. 2224. 2224. 2224.   15.   15.   15.   15.
   15. 2224. 
 2224. 3408. 3408. 3408. 3408. 2224. 2224. 3408. 3408. 3408. 2224. 2224.
   15.   15.   15.   15.   15.   15.   15.   15.   15.   15.   15.   15.
   15.   15. 
 2224. 2224. 2224. 2224. 3408. 3408. 3408. 2224. 2224. 3408. 3408. 3408.
 3408. 3408. 2224. 2224. 2224.   15.   15.   15.   15. 2224. 2224. 3408.
 3408. 3408. 
 3408. 3408. 2224. 2224.   15.   15.   15.   15.   15.   15. 2224. 2224.
 3408. 3408. 3408. 3408. 2224. 2224. 3408. 3408. 3408. 3408. 3408. 2224.
 2224.   15. 
   15.   15.   15.   15.   15.   15.   15.   15.   15.   15.   15.   15.
   15. 2224. 2224. 3408. 3408. 3408. 3408. 2224. 2224. 2224. 3408. 3408.
 3408. 3408. 
 3408. 2224. 2224. 2224.   15.   15. 2224. 2224. 3408. 3408. 3408. 3408.
 2224. 2224. 2224.   15.   15.   15.   15.   15.   15. 2224. 2224. 3408.
 3408. 3408. 
 3408. 2224. 2224. 2224. 2224. 2224. 3408. 3408. 3408. 2224. 2224. 2224.
   15.   15.   15.   15. 2224. 2224. 2224. 2224. 2224. 2224. 2224. 2224.
 2224. 2224. 
 3408. 3408. 3408. 3408. 2224.   15. 2224. 2224. 2224. 2224. 3408. 3408.
 3408. 3408. 2224. 2224.   15.   15. 2224. 2224. 3408. 3408. 3408. 2224.
 2224. 2224. 
 2224. 2224. 2224.   15.   15.   15. 2224. 2224. 3408. 3408. 3408. 3408.
 2224. 2224.   15.   15. 2224. 2224. 2224. 3408. 3408. 3408. 2224. 2224.
   15.   15. 
   15.   15. 2224. 3408. 3408. 3408. 3408. 3408. 2224. 2224. 2224. 3408.
 3408. 3408. 2224. 2224.   15.   15.   15. 2224. 2224. 2224. 2224. 3408.
 3408. 3408. 
 2224. 2224.   15.   15. 2224. 2224. 3408. 3408. 3408. 3408. 3408. 2224.
 2224. 2224. 2224. 2224. 2224.   15. 2224. 3408. 3408. 3408. 3408. 2224.
 2224. 2224. 
 2224.   15. 2224. 2224. 2224. 2224. 3408. 3408. 3408. 2224. 2224.   15.
   15.   15. 2224. 3408. 3408. 3408. 3408. 2224. 2224. 3408. 3408. 3408.
 3408. 2224. 
 2224. 2224.   15.   15.   15. 2224. 2224. 2224. 3408. 3408. 3408. 2224.
 2224.   15.   15.   15.   15. 2224. 2224. 3408. 3408. 3408. 3408. 3408.
 3408. 3408. 
 3408. 3408. 2224. 2224. 2224. 3408. 3408. 3408. 2224. 2224. 2224. 2224.
 2224. 2224. 2224. 2224. 2224. 2224. 3408. 3408. 3408. 2224. 2224.   15.
   15. 2224. 
 2224. 3408. 3408. 3408. 3408. 2224. 3408. 3408. 3408. 3408. 2224. 2224.
 2224.   15.   15.   15. 2224. 2224. 2224. 3408. 3408. 3408. 3408. 2224.
 2224.   15. 
   15.   15.   15. 2224. 2224. 2224. 3408. 3408. 3408. 3408. 3408. 3408.
 3408. 3408. 3408. 2224. 2224. 3408. 3408. 3408. 2224. 3408. 3408. 3408.
 3408. 3408. 
 3408. 3408. 3408. 3408. 3408. 3408. 3408. 2224. 2224.   15.   15.   15.
 2224. 3408. 3408. 3408. 3408. 2224. 3408. 3408. 3408. 2224. 2224.   15.
   15.   15. 
   15. 2224. 2224. 2224. 3408. 3408. 3408. 3408. 2224. 2224. 2224.   15.
   15.   15.   15.   15. 2224. 2224. 2224. 2224. 3408. 3408. 3408. 3408.
 3408. 3408. 
 3408. 2224. 2224. 3408. 3408. 3408. 3408. 2224. 2224. 2224. 3408. 3408.
 3408. 3408. 3408. 3408. 3408. 3408. 2224. 2224. 2224.   15.   15.   15.
 2224. 2224. 
 3408. 3408. 2224. 3408. 3408. 3408. 2224.   15.   15.   15.   15.   15.
   15. 2224. 2224. 3408. 3408. 3408. 3408. 2224. 2224. 2224.   15.   15.
   15.   15. 
   15.   15.   15.   15. 2224. 2224. 2224. 2224. 2224. 2224. 3408. 3408.
 3408. 2224. 2224. 2224. 3408. 3408. 3408. 3408. 3408. 3408. 2224. 3408.
 3408. 3408. 
 3408. 3408. 3408. 3408. 2224. 2224.   15.   15.   15.   15. 2224. 2224.
 3408. 3408. 2224. 3408. 3408. 3408. 2224. 2224.   15.   15.   15.   15.
 2224. 2224. 
 2224. 3408. 3408. 3408. 2224. 2224. 2224.   15.   15.   15.   15.   15.
   15.   15.   15.   15.   15. 2224. 2224. 2224. 3408. 3408. 3408. 3408.
 3408. 2224. 
 2224.   15. 2224. 3408. 3408. 3408. 3408. 3408. 3408. 2224. 3408. 2224.
 2224. 2224. 2224. 2224. 2224.   15.   15.   15.   15.   15.   15. 2224.
 3408. 3408. 
 2224. 3408. 3408. 3408. 3408. 2224.   15.   15.   15.   15. 2224. 2224.
 3408. 3408. 3408. 2224. 2224. 2224.   15.   15.   15.   15.   15.   15.
   15.   15. 
   15.   15. 2224. 2224. 3408. 3408. 3408. 3408. 3408. 3408. 2224. 2224.
   15.   15. 2224. 2224. 2224. 3408. 3408. 3408. 3408. 2224. 2224. 2224.
 2224. 2224. 
 2224.   15.   15.   15.   15.   15.   15.   15.   15. 2224. 2224. 3408.
 3408. 2224. 3408. 3408. 3408. 2224.   15.   15.   15. 2224. 2224. 3408.
 3408. 3408. 
 3408. 2224. 2224.   15.   15.   15.   15.   15.   15.   15.   15.   15.
   15. 2224. 2224. 3408. 3408. 3408. 3408. 3408. 2224. 2224. 2224.   15.
   15.   15. 
 2224. 3408. 3408. 2224. 2224. 3408. 3408. 3408. 2224.   15.   15.   15.
   15.   15.   15.   15.   15.   15.   15.   15.   15.   15. 2224. 2224.
 3408. 2224. 
 3408. 3408. 3408. 2224. 2224.   15.   15. 2224. 2224. 3408. 3408. 3408.
 3408. 2224. 2224.   15.   15.   15.   15.   15.   15.   15.   15.   15.
   15. 2224. 
 3408. 3408. 3408. 3408. 2224. 2224. 2224. 2224.   15.   15.   15.   15.
 2224. 2224. 3408. 2224. 2224. 3408. 3408. 3408. 2224.   15.   15.   15.
   15.   15. 
   15.   15.   15.   15.   15.   15. 2224. 2224. 2224. 3408. 3408. 2224.
 2224. 3408. 3408. 3408. 2224.   15.   15. 2224. 2224. 3408. 3408. 3408.
 3408. 2224. 
 2224. 2224.   15.   15.   15.   15.   15.   15.   15.   15.   15. 2224.
 3408. 3408. 3408. 2224. 2224.   15.   15.   15.   15.   15.   15.   15.
 2224. 2224. 
 2224. 2224. 3408. 3408. 3408. 3408. 2224.   15.   15.   15.   15.   15.
   15.   15.   15. 2224. 2224. 2224. 2224. 2224. 3408. 3408. 3408. 2224.
 2224. 3408. 
 3408. 3408. 2224.   15.   15. 2224. 2224. 2224. 3408. 3408. 3408. 3408.
 2224. 2224. 2224.   15.   15.   15.   15.   15.   15.   15. 2224. 2224.
 3408. 3408. 
 3408. 2224.   15.   15.   15.   15.   15.   15. 2224. 2224. 2224. 3408.
 3408. 3408. 3408. 3408. 3408. 2224. 2224.   15.   15.   15.   15.   15.
   15.   15. 
 2224. 2224. 2224. 2224. 3408. 3408. 3408. 3408. 3408. 2224. 2224. 3408.
 3408. 3408. 2224.   15.   15.   15. 2224. 2224. 2224. 3408. 3408. 3408.
 3408. 2224. 
 2224. 2224.   15.   15.   15.   15.   15.   15.   15. 2224. 3408. 3408.
 3408. 2224. 2224.   15.   15.   15.   15. 2224. 2224. 3408. 3408. 3408.
 3408. 3408. 
 3408. 3408. 3408. 2224. 2224.   15.   15.   15.   15.   15.   15. 2224.
 2224. 3408. 3408. 3408. 3408. 3408. 3408. 3408. 2224. 2224. 2224. 3408.
 3408. 3408. 
 2224.   15.   15.   15.   15. 2224. 2224. 3408. 3408. 3408. 3408. 3408.
 2224. 2224.   15.   15.   15.   15.   15.   15.   15. 2224. 2224. 3408.
 3408. 3408. 
 2224.   15.   15.   15. 2224. 2224. 3408. 3408. 3408. 3408. 3408. 3408.
 3408. 2224. 2224. 2224. 2224.   15.   15.   15.   15.   15.   15. 2224.
 2224. 3408. 
 3408. 3408. 2224. 2224. 2224. 2224. 2224. 2224. 2224. 3408. 3408. 3408.
 2224.   15.   15.   15.   15.   15. 2224. 2224. 2224. 3408. 3408. 3408.
 3408. 2224. 
 2224.   15.   15.   15.   15.   15.   15.   15. 2224. 3408. 3408. 3408.
 2224. 2224.   15. 2224. 2224. 3408. 3408. 3408. 3408. 2224. 2224. 2224.
 2224. 2224. 
 3408. 2224. 2224.   15.   15.   15.   15.   15.   15. 2224. 2224. 3408.
 2224. 2224. 2224. 3408. 3408. 3408. 3408. 3408. 3408. 3408. 3408. 3408.
 2224.   15. 
   15.   15.   15.   15.   15. 2224. 2224. 2224. 3408. 3408. 3408. 2224.
 2224.   15.   15.   15.   15.   15.   15.   15. 2224. 2224. 3408. 3408.
 3408. 2224. 
 2224. 2224. 2224. 3408. 3408. 2224. 2224. 2224. 3408. 3408. 3408. 3408.
 3408. 2224. 2224.   15.   15.   15.   15.   15.   15. 2224. 2224. 2224.
 2224. 3408. 
 3408. 3408. 3408. 3408. 3408. 3408. 3408. 3408. 3408. 2224. 2224.   15.
   15.   15.   15.   15.   15.   15. 2224. 2224. 2224. 3408. 3408. 3408.
 2224. 2224. 
   15.   15.   15.   15.   15.   15.   15. 2224. 3408. 3408. 3408. 2224.
 2224. 2224. 3408. 3408. 3408. 2224. 2224. 3408. 3408. 3408. 3408. 2224.
 2224. 2224. 
   15.   15.   15.   15.   15.   15.   15.   15. 2224. 2224. 3408. 3408.
 3408. 3408. 3408. 3408. 3408. 3408. 3408. 3408. 2224. 2224.   15.   15.
   15.   15. 
 2224. 2224. 2224. 2224. 2224. 2224. 2224. 3408. 3408. 3408. 2224. 2224.
   15.   15.   15.   15.   15.   15.   15. 2224. 2224. 3408. 3408. 2224.
 2224. 2224. 
 2224. 3408. 3408. 3408. 2224. 2224. 2224. 2224. 2224. 2224. 2224.   15.
   15.   15.   15.   15.   15.   15.   15. 2224. 2224. 3408. 3408. 3408.
 3408. 3408. 
 2224. 2224. 2224. 2224. 2224. 2224. 2224.   15.   15.   15. 2224. 2224.
 2224. 2224. 2224. 3408. 3408. 3408. 3408. 3408. 3408. 3408. 2224. 2224.
   15.   15. 
   15.   15.   15.   15.   15.   15. 2224. 2224. 3408. 2224. 2224. 3408.
 2224. 3408. 3408. 3408. 2224. 2224. 2224. 2224. 2224.   15.   15.   15.
   15.   15. 
   15.   15.   15.   15.   15. 2224. 3408. 3408. 3408. 3408. 2224. 2224.
 2224. 2224. 2224. 2224. 2224.   15.   15.   15.   15.   15. 2224. 2224.
 3408. 3408. 
 3408. 3408. 3408. 3408. 3408. 3408. 3408. 2224. 2224.   15.   15.   15.
   15.   15.   15.   15.   15.   15.   15. 2224. 2224. 3408. 2224. 2224.
 2224. 2224. 
 3408. 3408. 3408. 2224. 2224.   15.   15.   15.   15.   15.   15.   15.
   15.   15.   15.   15.   15. 2224. 3408. 3408. 3408. 3408. 2224. 3408.
 3408. 3408. 
 3408. 2224.   15.   15.   15.   15.   15. 2224. 2224. 3408. 3408. 3408.
 3408. 3408. 3408. 2224. 2224. 2224. 2224. 2224.   15.   15.   15.   15.
   15.   15. 
   15.   15.   15.   15.   15.   15. 2224. 2224. 2224. 2224. 2224. 2224.
 3408. 3408. 3408. 3408. 2224. 2224.   15.   15.   15.   15.   15.   15.
   15.   15. 
   15.   15.   15. 2224. 3408. 3408. 3408. 3408. 3408. 2224. 2224. 3408.
 3408. 2224.   15.   15.   15.   15.   15. 2224. 2224. 3408. 3408. 2224.
 2224. 2224. 
 2224. 2224. 2224.   15.   15.   15.   15.   15.   15.   15.   15.   15.
   15.   15.   15.   15.   15.   15. 2224. 2224. 3408. 2224. 2224. 2224.
 2224. 3408. 
 3408. 3408. 2224. 2224. 2224.   15.   15.   15.   15.   15.   15.   15.
   15.   15.   15. 2224. 2224. 3408. 3408. 3408. 3408. 3408. 3408. 2224.
 2224. 2224. 
   15.   15.   15.   15.   15. 2224. 2224. 3408. 3408. 3408. 2224.   15.
   15.   15.   15.   15.   15.   15.   15.   15.   15.   15.   15.   15.
   15.   15. 
   15.   15. 2224. 2224. 2224. 3408. 3408. 3408. 2224. 2224. 2224. 3408.
 3408. 3408. 3408. 2224. 2224. 2224.   15.   15.   15.   15.   15.   15.
   15.   15. 
   15. 2224. 2224. 2224. 3408. 3408. 3408. 3408. 3408. 3408. 2224. 2224.
   15.   15.   15.   15.   15. 2224. 2224. 3408. 3408. 2224. 2224.   15.
   15.   15. 
   15.   15.   15.   15.   15.   15.   15.   15.   15.   15.   15.   15.
   15. 2224. 2224. 3408. 3408. 3408. 3408. 2224. 2224. 2224. 2224. 2224.
 3408. 3408. 
 3408. 2224. 2224. 2224.   15.   15.   15.   15.   15.   15.   15.   15.
 2224. 2224. 3408. 3408. 2224. 2224. 3408. 3408. 3408. 3408. 3408. 2224.
 2224.   15. 
   15.   15.   15. 2224. 2224. 3408. 3408. 3408. 2224. 2224.   15.   15.
   15.   15.   15.   15.   15.   15.   15.   15.   15.   15.   15.   15.
 2224. 3408. 
 3408. 3408. 2224. 2224. 2224. 2224. 2224. 2224. 2224. 2224. 3408. 3408.
 3408. 2224. 2224. 2224.   15.   15.   15.   15.   15.   15.   15.   15.
 2224. 3408. 
 3408. 3408. 3408. 2224. 2224. 3408. 3408. 3408. 3408. 3408. 2224.   15.
   15.   15.   15.   15. 2224. 3408. 3408. 3408. 2224. 2224.   15.   15.
   15.   15. 
   15.   15.   15.   15.   15.   15.   15.   15.   15. 2224. 3408. 3408.
 3408. 2224. 2224. 3408. 3408. 3408. 3408. 3408. 3408. 3408. 3408. 3408.
 3408. 2224. 
 2224. 2224.   15.   15.   15.   15.   15.   15.   15.   15. 2224. 3408.
 3408. 3408. 3408. 2224. 2224. 2224. 2224. 3408. 3408. 3408. 2224.   15.
   15.   15. 
   15.   15. 2224. 2224. 3408. 3408. 2224. 2224.   15.   15.   15.   15.
   15.   15.   15.   15.   15.   15.   15.   15.   15. 2224. 3408. 3408.
 2224. 2224. 
 3408. 3408. 3408. 3408. 3408. 3408. 3408. 3408. 3408. 3408. 2224. 2224.
 2224. 2224.   15.   15.   15.   15.   15.   15.   15.   15. 2224. 2224.
 2224. 2224. 
 2224. 3408. 3408. 3408. 3408. 3408. 3408. 3408. 2224. 2224. 2224. 2224.
 2224. 2224. 2224. 2224. 3408. 3408. 3408. 2224. 2224.   15.   15.   15.
   15.   15. 
   15.   15.   15.   15.   15.   15.   15. 2224. 3408. 2224. 3408. 3408.
 3408. 3408. 3408. 3408. 3408. 3408. 3408. 3408. 3408. 2224. 2224. 2224.
 2224.   15. 
   15.   15.   15.   15.   15.   15.   15.   15. 2224. 2224. 2224. 3408.
 3408. 3408. 3408. 3408. 3408. 3408. 3408. 2224. 2224. 2224. 2224. 2224.
 2224. 2224. 
 2224. 2224. 3408. 3408. 3408. 2224. 2224.   15.   15.   15.   15.   15.
   15.   15.   15.   15.   15.   15.   15. 2224. 2224. 2224. 3408. 3408.
 3408. 3408. 
 2224. 2224. 2224. 2224. 2224. 2224. 2224. 2224. 2224. 2224.   15.   15.
   15.   15.   15.   15.   15.   15.   15. 2224. 2224. 3408. 3408. 3408.
 3408. 3408. 
 3408. 3408. 3408. 3408. 2224. 2224. 3408. 3408. 3408. 3408. 3408. 3408.
 3408. 3408. 3408. 3408. 2224. 2224.   15.   15.   15.   15.   15.   15.
   15.   15. 
   15.   15.   15.   15.   15.   15. 2224. 3408. 3408. 3408. 3408. 2224.
 2224. 2224. 3408. 3408. 3408. 3408. 2224. 2224. 2224.   15.   15.   15.
   15.   15. 
   15.   15.   15.   15. 2224. 2224. 3408. 3408. 3408. 3408. 3408. 2224.
 2224. 2224. 2224. 2224. 2224. 3408. 3408. 3408. 3408. 3408. 3408. 3408.
 3408. 3408. 
 3408. 3408. 2224. 2224.   15.   15.   15.   15.   15.   15.   15.   15.
   15.   15.   15.   15.   15.   15. 2224. 3408. 3408. 3408. 2224. 2224.
 2224. 3408. 
 3408. 3408. 3408. 2224. 2224. 2224.   15.   15.   15.   15.   15.   15.
   15.   15.   15.   15. 2224. 3408. 3408. 3408. 3408. 2224. 2224. 2224.
 2224. 2224. 
 3408. 2224. 2224. 3408. 3408. 3408. 2224. 2224. 3408. 3408. 3408. 3408.
 3408. 2224. 2224. 2224.   15.   15.   15.   15.   15.   15.   15.   15.
   15.   15. 
   15.   15.   15.   15. 2224. 2224. 3408. 3408. 3408. 2224. 2224. 3408.
 3408. 3408. 2224. 2224.   15.   15.   15.   15.   15.   15.   15.   15.
   15.   15. 
   15. 2224. 2224. 3408. 3408. 3408. 2224. 2224. 2224. 2224. 3408. 3408.
 3408. 2224. 2224. 3408. 3408. 3408. 2224. 2224. 2224. 2224. 2224. 2224.
 2224. 2224. 
   15.   15.   15.   15.   15.   15.   15.   15.   15.   15.   15.   15.
   15.   15.   15. 2224. 2224. 2224. 3408. 3408. 3408. 3408. 2224. 2224.
 3408. 3408. 
 2224. 2224.   15.   15.   15.   15.   15.   15.   15.   15.   15.   15.
   15. 2224. 2224. 3408. 3408. 3408. 2224. 2224. 3408. 3408. 3408. 3408.
 3408. 3408. 
 2224. 2224. 3408. 3408. 3408. 2224. 2224. 2224. 2224. 2224.   15.   15.
   15.   15.   15.   15.   15.   15.   15.   15.   15.   15.   15.   15.
   15.   15. 
 2224. 2224. 3408. 2224. 2224. 3408. 3408. 3408. 3408. 2224. 2224. 3408.
 2224. 2224. 2224. 2224.   15.   15.   15.   15.   15.   15.   15.   15.
   15. 2224. 
 2224. 3408. 3408. 3408. 2224. 3408. 3408. 3408. 3408. 3408. 3408. 2224.
 2224. 2224. 3408. 3408. 3408. 2224. 2224. 2224.   15.   15.   15.   15.
   15.   15. 
   15.   15.   15.   15.   15.   15.   15.   15.   15.   15.   15.   15.
 2224. 3408. 3408. 3408. 2224. 2224. 3408. 3408. 3408. 3408. 2224. 2224.
 3408. 3408. 
 2224. 2224. 2224.   15.   15.   15.   15.   15.   15.   15.   15.   15.
 2224. 3408. 3408. 3408. 2224. 3408. 3408. 3408. 3408. 3408. 2224. 2224.
   15. 2224. 
 2224. 3408. 3408. 3408. 2224. 2224. 2224.   15.   15.   15.   15.   15.
   15.   15.   15.   15.   15.   15.   15.   15.   15.   15.   15. 2224.
 2224. 3408. 
 3408. 3408. 2224. 2224. 2224. 3408. 3408. 3408. 3408. 2224. 3408. 3408.
 3408. 2224. 2224. 2224.   15.   15.   15.   15.   15.   15.   15.   15.
 2224. 3408. 
 3408. 3408. 2224. 3408. 3408. 2224. 2224. 2224. 2224.   15.   15. 2224.
 2224. 3408. 3408. 3408. 3408. 2224. 2224. 2224.   15.   15.   15.   15.
   15.   15. 
   15.   15.   15.   15.   15.   15.   15.   15.   15. 2224. 2224. 3408.
 3408. 3408. 2224. 2224. 2224. 2224. 3408. 3408. 3408. 2224. 3408. 3408.
 3408. 3408. 
 2224. 2224. 2224.   15.   15.   15.   15.   15.   15.   15. 2224. 3408.
 3408. 3408. 2224. 2224. 3408. 2224. 2224.   15.   15.   15.   15. 2224.
 2224. 2224. 
 3408. 3408. 3408. 3408. 2224. 2224. 2224.   15.   15.   15.   15.   15.
   15.   15.   15.   15.   15.   15.   15.   15.   15. 2224. 2224. 3408.
 2224. 2224. 
 2224. 2224. 2224. 2224. 3408. 3408. 3408. 2224. 2224. 3408. 3408. 3408.
 3408. 3408. 2224. 2224.   15.   15.   15.   15.   15.   15. 2224. 3408.
 3408. 3408. 
 3408. 2224. 3408. 2224. 2224.   15.   15.   15.   15. 2224. 2224. 2224.
 2224. 2224. 3408. 3408. 3408. 2224. 2224.   15.   15.   15.   15.   15.
   15.   15. 
   15.   15.   15.   15.   15.   15.   15.   15. 2224. 2224. 2224. 2224.
 2224. 2224. 3408. 2224. 3408. 3408. 3408. 2224. 2224. 2224. 2224. 3408.
 3408. 3408. 
 2224. 2224.   15.   15. 2224. 2224. 2224. 2224. 2224. 2224. 3408. 3408.
 3408. 2224. 3408. 3408. 2224. 2224.   15. 2224. 2224. 2224. 2224. 2224.
 2224. 3408. 
 3408. 3408. 3408. 2224. 2224.   15.   15.   15.   15.   15.   15.   15.
   15.   15.   15.   15.   15.   15.   15. 2224. 2224. 3408. 3408. 3408.
 3408. 3408. 
 3408. 3408. 3408. 3408. 3408. 2224.   15. 2224. 2224. 2224. 3408. 3408.
 3408. 2224. 2224. 2224. 2224. 2224. 3408. 3408. 3408. 3408. 3408. 3408.
 3408. 2224. 
 3408. 3408. 3408. 2224. 2224. 2224. 2224. 3408. 3408. 3408. 3408. 3408.
 3408. 3408. 2224. 2224. 2224.   15.   15.   15.   15.   15.   15.   15.
   15.   15. 
   15.   15.   15.   15.   15. 2224. 3408. 3408. 3408. 3408. 3408. 3408.
 3408. 3408. 3408. 3408. 2224. 2224. 2224. 2224. 2224. 2224. 3408. 3408.
 2224. 2224. 
 3408. 3408. 3408. 3408. 3408. 3408. 3408. 3408. 3408. 3408. 3408. 2224.
 3408. 3408. 3408. 2224. 2224. 2224. 3408. 3408. 3408. 3408. 3408. 3408.
 3408. 2224. 
 2224. 2224.   15.   15.   15.   15.   15.   15.   15.   15.   15.   15.
   15.   15.   15.   15. 2224. 3408. 3408. 3408. 2224. 3408. 2224. 2224.
 2224. 3408. 
 2224. 2224. 2224. 2224. 2224. 2224. 3408. 3408. 3408. 2224. 3408. 3408.
 3408. 3408. 3408. 3408. 3408. 3408. 3408. 3408. 3408. 3408. 2224. 2224.
 3408. 3408. 
 3408. 2224. 2224. 3408. 3408. 3408. 3408. 3408. 3408. 2224. 2224. 2224.
 2224.   15.   15.   15.   15.   15.   15.   15.   15.   15.   15.   15.
   15.   15. 
   15.   15. 2224. 3408. 3408. 3408. 2224. 2224. 2224. 2224. 2224. 2224.
 2224. 2224. 2224. 3408. 3408. 3408. 3408. 3408. 3408. 2224. 3408. 3408.
 3408. 3408. 
 3408. 3408. 3408. 3408. 3408. 3408. 2224. 2224. 2224. 3408. 3408. 3408.
 3408. 2224. 2224. 3408. 3408. 3408. 2224. 2224. 2224. 2224. 2224. 2224.
   15.   15. 
   15.   15.   15.   15.   15.   15.   15.   15.   15.   15.   15.   15.
   15.   15. 2224. 3408. 3408. 3408. 2224. 2224. 2224. 2224. 3408. 3408.
 2224. 2224. 
 3408. 3408. 3408. 3408. 3408. 3408. 2224. 2224. 3408. 3408. 3408. 2224.
 2224. 2224. 2224. 2224. 2224. 2224. 2224. 3408. 3408. 3408. 3408. 3408.
 3408. 2224. 
 2224. 3408. 3408. 3408. 3408. 2224. 2224. 2224.   15.   15.   15.   15.
   15.   15.   15.   15.   15.   15.   15.   15.   15.   15.   15.   15.
   15.   15. 
   15. 2224. 3408. 3408. 3408. 2224. 2224. 3408. 3408. 3408. 2224. 3408.
 3408. 3408. 3408. 3408. 2224. 2224. 2224. 2224. 3408. 3408. 3408. 2224.
   15. 2224. 
 2224. 3408. 3408. 3408. 2224. 2224. 3408. 3408. 3408. 3408. 2224. 2224.
 2224. 2224. 3408. 3408. 3408. 2224. 2224.   15.   15.   15.   15.   15.
   15.   15. 
   15.   15.   15.   15.   15.   15.   15.   15.   15.   15.   15.   15.
   15. 2224. 3408. 3408. 3408. 2224. 2224. 3408. 3408. 2224. 2224. 3408.
 3408. 3408. 
 2224. 2224. 2224. 2224. 2224. 2224. 3408. 3408. 3408. 2224. 2224. 2224.
 2224. 3408. 3408. 3408. 2224. 2224. 2224. 2224. 2224. 2224. 2224.   15.
 2224. 2224. 
 3408. 3408. 3408. 2224. 2224.   15.   15.   15.   15.   15.   15.   15.
   15.   15.   15.   15.   15.   15.   15.   15.   15.   15.   15.   15.
   15. 2224. 
 2224. 3408. 3408. 3408. 2224. 2224. 3408. 2224. 2224. 3408. 3408. 3408.
 2224. 2224. 2224. 2224. 2224. 2224. 2224. 3408. 3408. 3408. 2224. 2224.
 2224. 3408. 
 3408. 3408. 3408. 3408. 2224. 2224.   15.   15.   15.   15. 2224. 2224.
 3408. 3408. 3408. 2224. 2224.   15.   15.   15.   15.   15.   15.   15.
   15.   15. 
   15.   15.   15.   15.   15.   15.   15.   15.   15.   15.   15.   15.
 2224. 2224. 3408. 3408. 3408. 2224. 2224. 2224. 2224. 3408. 3408. 3408.
 3408. 3408. 
 3408. 2224. 2224. 2224. 2224. 3408. 3408. 3408. 2224.   15. 2224. 2224.
 3408. 3408. 3408. 3408. 2224. 2224.   15.   15.   15.   15. 2224. 2224.
 3408. 3408. 
 3408. 2224. 2224.   15.   15.   15.   15.   15.   15.   15.   15.   15.
   15.   15.   15.   15.   15.   15.   15.   15.   15.   15.   15.   15.
 2224. 2224. 
 3408. 3408. 3408. 3408. 3408. 2224. 2224. 2224. 3408. 3408. 3408. 3408.
 3408. 3408. 3408. 2224. 2224. 3408. 3408. 3408. 2224.   15. 2224. 2224.
 2224. 3408. 
 3408. 3408. 3408. 2224. 2224.   15. 2224. 2224. 2224. 2224. 3408. 3408.
 3408. 2224. 2224.   15.   15.   15.   15.   15.   15.   15.   15.   15.
   15.   15. 
   15.   15.   15.   15.   15.   15.   15.   15.   15.   15. 2224. 2224.
 2224. 3408. 3408. 3408. 3408. 2224. 2224. 2224. 2224. 3408. 3408. 3408.
 3408. 3408. 
 3408. 3408. 2224. 3408. 3408. 3408. 2224. 2224.   15.   15. 2224. 2224.
 3408. 3408. 3408. 2224. 2224. 2224. 2224. 2224. 2224. 3408. 3408. 3408.
 3408. 2224. 
 2224.   15.   15.   15.   15.   15.   15.   15.   15.   15.   15.   15.
   15.   15.   15.   15.   15.   15.   15.   15.   15.   15. 2224. 2224.
 2224. 2224. 
 2224. 3408. 3408. 3408. 2224. 2224. 2224. 2224. 2224. 3408. 3408. 3408.
 3408. 3408. 2224. 3408. 3408. 3408. 2224. 2224.   15.   15.   15. 2224.
 2224. 3408. 
 3408. 2224. 2224. 2224. 2224. 3408. 3408. 3408. 3408. 3408. 2224. 2224.
 2224.   15.   15.   15.   15.   15.   15.   15.   15.   15.   15.   15.
   15.   15. 
   15.   15.   15.   15.   15.   15.   15.   15. 2224. 2224. 2224. 2224.
 3408. 3408. 3408. 3408. 2224.   15.   15. 2224. 2224. 2224. 2224. 2224.
 2224. 2224. 
 2224. 3408. 3408. 3408. 2224.   15.   15.   15. 2224. 2224. 2224. 3408.
 2224. 2224. 2224. 3408. 3408. 3408. 3408. 3408. 3408. 3408. 2224. 2224.
   15.   15. 
   15.   15.   15.   15.   15.   15.   15.   15.   15.   15.   15.   15.
   15.   15.   15.   15.   15.   15.   15.   15.   15. 2224. 2224. 3408.
 3408. 3408. 
 3408. 2224. 2224. 2224. 2224. 2224. 2224. 2224. 2224. 2224. 2224. 2224.
 2224. 3408. 3408. 3408. 2224. 2224. 2224. 2224. 2224. 2224. 3408. 3408.
 2224. 2224. 
 3408. 3408. 3408. 3408. 3408. 3408. 2224. 2224. 2224. 2224.   15.   15.
   15.   15.   15.   15.   15.   15.   15.   15.   15.   15.   15.   15.
   15.   15. 
   15.   15.   15.   15.   15. 2224. 2224. 2224. 3408. 3408. 3408. 3408.
 3408. 2224. 2224. 2224. 2224. 2224. 3408. 3408. 3408. 3408. 3408. 3408.
 3408. 3408. 
 3408. 3408. 2224. 2224. 2224. 3408. 3408. 3408. 3408. 3408. 2224. 3408.
 3408. 3408. 3408. 3408. 2224. 2224. 2224. 2224.   15.   15.   15.   15.
   15.   15. 
   15.   15.   15.   15.   15.   15.   15.   15.   15.   15.   15.   15.
   15.   15.   15.   15. 2224. 2224. 3408. 3408. 3408. 3408. 3408. 3408.
 2224. 2224. 
 2224. 2224. 3408. 3408. 3408. 3408. 3408. 3408. 3408. 3408. 3408. 3408.
 3408. 2224. 2224. 3408. 3408. 3408. 3408. 3408. 3408. 2224. 2224. 3408.
 3408. 3408. 
 2224. 2224. 2224. 2224. 2224.   15.   15.   15.   15.   15.   15.   15.
   15.   15.   15.   15.   15.   15.   15.   15.   15.   15.   15.   15.
   15.   15. 
   15.   15. 2224. 3408. 3408. 3408. 3408. 3408. 3408. 2224. 2224. 2224.
 2224. 2224. 3408. 3408. 3408. 3408. 3408. 2224. 2224. 2224. 2224. 2224.
 2224. 2224. 
 3408. 3408. 3408. 3408. 3408. 3408. 2224. 2224. 2224. 3408. 3408. 3408.
 3408. 2224. 2224.   15.   15.   15.   15.   15.   15.   15.   15.   15.
   15.   15. 
 15. 15. 15. 15. 15. 15. 15. 15. 15. 15. 15. 15. 15. 15. 
/