PERMI
 2054. 2054. 1335. 1335.   12.   12.   12.   12.   12.   12.   12.   12.
   12.   12. 1335. 2054. 2054. 2054. 1335.   12.   12.   12.   12.   12.
   12.   12. 
   12.   12.   12.   12.   12.   12.   12.   12.   12.   12.   12.   12.
   12.   12.   12.   12.   12.   12. 1335. 1335. 2054. 2054. 2054. 2054.
 2054. 2054. 
 2054. 2054. 1335.   12.   12.   12.   12.   12.   12.   12.   12.   12.
 2054. 1335. 1335.   12.   12.   12.   12.   12.   12.   12.   12.   12.
   12. 1335. 
 1335. 2054. 2054. 2054. 1335.   12.   12.   12.   12.   12.   12.   12.
   12.   12.   12.   12.   12.   12.   12.   12.   12.   12.   12.   12.
   12.   12. 
   12.   12.   12. 1335. 1335. 2054. 2054. 2054. 2054. 2054. 2054. 2054.
 2054. 1335. 1335.   12.   12.   12.   12.   12.   12.   12.   12.   12.
 2054. 1335. 
   12.   12.   12.   12.   12.   12.   12.   12.   12.   12.   12. 1335.
 2054. 2054. 2054. 1335. 1335.   12.   12.   12.   12.   12.   12.   12.
   12.   12. 
   12.   12.   12.   12.   12.   12.   12.   12.   12.   12.   12.   12.
   12.   12.   12. 1335. 2054. 2054. 2054. 2054. 2054. 2054. 2054. 1335.
 1335.   12. 
   12.   12.   12.   12.   12.   12.   12.   12.   12.   12. 1335.   12.
   12.   12.   12.   12.   12.   12.   12.   12.   12.   12.   12. 1335.
 2054. 2054. 
 2054. 1335.   12.   12.   12.   12.   12.   12.   12.   12.   12.   12.
   12.   12.   12.   12.   12.   12.   12.   12.   12.   12.   12.   12.
   12.   12. 
 1335. 1335. 2054. 2054. 2054. 1335. 1335. 1335. 1335.   12.   12.   12.
   12.   12.   12.   12.   12.   12.   12.   12.   12.   12. 1335.   12.
   12.   12. 
   12.   12.   12.   12.   12.   12.   12.   12. 1335. 1335. 2054. 2054.
 2054. 1335.   12.   12.   12.   12.   12.   12.   12.   12.   12.   12.
   12.   12. 
   12.   12.   12.   12.   12.   12.   12.   12.   12.   12.   12.   12.
 1335. 2054. 2054. 2054. 1335. 1335. 1335.   12.   12.   12.   12.   12.
   12.   12. 
   12.   12.   12.   12.   12.   12.   12.   12.   12.   12.   12.   12.
   12.   12.   12.   12.   12.   12.   12.   12. 1335. 2054. 2054. 2054.
 2054. 1335. 
   12.   12.   12.   12.   12.   12.   12.   12.   12.   12.   12.   12.
   12.   12.   12.   12.   12.   12.   12.   12.   12.   12.   12. 1335.
 1335. 2054. 
 2054. 2054. 1335.   12.   12.   12.   12.   12.   12.   12.   12.   12.
   12.   12.   12.   12.   12.   12.   12.   12.   12.   12.   12.   12.
   12.   12. 
   12.   12.   12.   12. 1335. 1335. 2054. 2054. 2054. 2054. 1335. 1335.
   12.   12.   12.   12.   12.   12.   12.   12.   12.   12.   12.   12.
   12.   12. 
   12.   12.   12.   12.   12.   12.   12.   12.   12. 1335. 1335. 2054.
 2054. 2054. 1335.   12.   12.   12.   12.   12.   12.   12.   12.   12.
   12.   12. 
   12.   12.   12.   12.   12.   12.   12.   12.   12.   12.   12.   12.
   12.   12.   12.   12. 1335. 2054. 2054. 2054. 2054. 2054. 1335.   12.
   12.   12. 
   12.   12.   12.   12.   12.   12.   12.   12.   12.   12.   12.   12.
   12.   12.   12.   12.   12.   12.   12.   12.   12. 1335. 2054. 2054.
 2054. 1335. 
 1335.   12.   12.   12.   12.   12.   12.   12.   12.   12.   12.   12.
   12.   12.   12.   12.   12.   12.   12.   12.   12.   12.   12.   12.
   12.   12. 
   12. 1335. 1335. 2054. 2054. 2054. 2054. 1335.   12.   12.   12.   12.
   12.   12.   12.   12.   12.   12.   12.   12.   12.   12.   12.   12.
   12.   12. 
   12.   12.   12.   12.   12.   12.   12. 1335. 2054. 2054. 2054. 1335.
   12.   12.   12.   12.   12.   12.   12.   12.   12.   12.   12.   12.
   12.   12. 
   12.   12.   12.   12.   12.   12.   12.   12.   12.   12.   12.   12.
 1335. 1335. 2054. 2054. 2054. 1335. 1335.   12.   12.   12.   12.   12.
   12.   12. 
   12.   12.   12.   12.   12.   12.   12.   12.   12.   12.   12.   12.
   12.   12.   12.   12.   12.   12.   12. 1335. 2054. 2054. 2054. 1335.
   12.   12. 
   12.   12.   12.   12.   12.   12.   12.   12.   12.   12.   12.   12.
   12.   12.   12.   12.   12.   12.   12.   12.   12.   12.   12.   12.
 1335. 2054. 
 2054. 2054. 2054. 1335.   12.   12.   12.   12.   12.   12.   12.   12.
   12.   12.   12.   12.   12.   12.   12.   12.   12.   12.   12.   12.
   12.   12. 
   12.   12.   12.   12. 1335. 1335. 2054. 2054. 1335. 1335.   12.   12.
   12.   12.   12.   12.   12.   12.   12.   12.   12.   12.   12.   12.
   12.   12. 
   12.   12.   12.   12.   12.   12.   12.   12.   12. 1335. 1335. 2054.
 2054. 2054. 1335. 1335.   12.   12.   12.   12.   12.   12.   12.   12.
   12.   12. 
   12.   12.   12.   12.   12.   12.   12.   12.   12.   12.   12.   12.
   12.   12.   12.   12. 1335. 2054. 2054. 2054. 1335.   12.   12.   12.
   12.   12. 
   12.   12.   12.   12.   12.   12.   12.   12.   12.   12.   12.   12.
   12.   12.   12.   12.   12.   12.   12.   12. 1335. 1335. 2054. 2054.
 2054. 1335. 
 1335.   12.   12.   12.   12.   12.   12.   12.   12.   12.   12.   12.
   12.   12.   12.   12.   12.   12.   12.   12.   12.   12.   12.   12.
   12.   12. 
   12. 1335. 1335. 2054. 2054. 2054. 1335.   12.   12.   12.   12.   12.
   12.   12.   12.   12.   12.   12.   12.   12.   12.   12.   12.   12.
   12.   12. 
   12.   12.   12.   12.   12. 1335. 1335. 2054. 2054. 2054. 2054. 1335.
   12.   12.   12.   12.   12.   12.   12.   12.   12.   12.   12.   12.
   12.   12. 
   12.   12.   12.   12.   12.   12.   12.   12.   12.   12.   12.   12.
 1335. 1335. 2054. 2054. 2054. 1335. 1335.   12.   12.   12.   12.   12.
   12.   12. 
   12.   12.   12.   12.   12.   12.   12.   12.   12.   12.   12.   12.
   12.   12.   12.   12. 1335. 1335. 2054. 2054. 2054. 2054. 1335.   12.
   12.   12. 
   12.   12.   12.   12.   12.   12.   12.   12.   12.   12.   12.   12.
   12.   12.   12.   12.   12.   12.   12.   12.   12.   12.   12. 1335.
 1335. 2054. 
 2054. 2054. 1335. 1335.   12.   12.   12.   12.   12.   12.   12.   12.
   12.   12.   12.   12.   12.   12.   12.   12.   12.   12.   12.   12.
   12.   12. 
   12. 1335. 1335. 2054. 2054. 2054. 1335. 1335. 1335.   12.   12.   12.
   12.   12.   12.   12.   12.   12.   12.   12.   12.   12.   12.   12.
   12.   12. 
   12.   12.   12.   12.   12.   12.   12.   12.   12. 1335. 1335. 2054.
 2054. 2054. 1335.   12.   12.   12.   12.   12.   12.   12.   12.   12.
   12.   12. 
   12.   12.   12.   12.   12.   12.   12.   12.   12.   12.   12.   12.
 1335. 1335. 2054. 1335. 2054. 1335. 1335.   12.   12.   12.   12.   12.
   12.   12. 
   12.   12.   12.   12.   12.   12.   12.   12.   12.   12.   12.   12.
   12.   12.   12.   12.   12.   12.   12.   12. 1335. 1335. 2054. 2054.
 2054. 1335. 
 1335.   12.   12.   12.   12.   12.   12.   12.   12.   12.   12.   12.
   12.   12.   12.   12.   12.   12.   12.   12.   12.   12.   12. 1335.
 2054. 2054. 
 2054. 2054. 1335. 1335.   12.   12.   12.   12.   12.   12.   12.   12.
   12.   12.   12.   12.   12.   12.   12.   12.   12.   12.   12.   12.
   12.   12. 
   12.   12.   12.   12.   12.   12. 1335. 2054. 2054. 2054. 1335. 1335.
   12.   12.   12.   12.   12.   12.   12.   12.   12.   12.   12.   12.
   12.   12. 
   12.   12.   12.   12.   12.   12.   12.   12. 1335. 1335. 2054. 2054.
 2054. 1335. 1335.   12.   12.   12.   12.   12.   12.   12.   12.   12.
   12.   12. 
   12.   12.   12.   12.   12.   12.   12.   12.   12.   12.   12.   12.
   12.   12.   12.   12.   12.   12. 1335. 2054. 2054. 2054. 1335.   12.
   12.   12. 
   12.   12.   12.   12.   12.   12.   12.   12.   12.   12.   12.   12.
   12.   12.   12.   12.   12.   12.   12.   12. 1335. 2054. 2054. 2054.
 1335. 1335. 
 12. 12. 12. 12. 12. 12. 12. 12. 12. 12. 12. 12. 12. 12. 12. 12. 12. 12.
 12. 12. 12. 12. 12. 12. 12. 12. 
   12.   12.   12.   12. 1335. 2054. 2054. 1335. 1335.   12.   12.   12.
   12.   12.   12.   12.   12.   12.   12.   12.   12.   12.   12.   12.
   12.   12. 
   12.   12.   12.   12.   12.   12. 2054. 2054. 2054. 1335. 1335.   12.
   12.   12.   12.   12.   12.   12.   12.   12.   12.   12.   12.   12.
   12.   12. 
   12.   12.   12.   12.   12.   12.   12.   12.   12.   12.   12.   12.
   12.   12.   12.   12. 1335. 2054. 2054. 2054. 1335.   12.   12.   12.
   12.   12. 
   12.   12.   12.   12.   12.   12.   12.   12.   12.   12.   12.   12.
   12.   12.   12.   12.   12.   12. 2054. 2054. 2054. 1335.   12.   12.
   12.   12. 
 12. 12. 12. 12. 12. 12. 12. 12. 12. 12. 12. 12. 12. 12. 12. 12. 12. 12.
 12. 12. 12. 12. 12. 12. 12. 12. 
   12.   12. 1335. 1335. 2054. 2054. 1335. 1335.   12.   12.   12.   12.
   12.   12.   12.   12.   12.   12.   12.   12.   12.   12.   12.   12.
   12.   12. 
   12.   12.   12.   12. 2054. 2054. 1335. 1335.   12.   12.   12.   12.
   12.   12.   12.   12.   12.   12.   12.   12.   12.   12.   12.   12.
   12.   12. 
   12.   12.   12.   12.   12.   12.   12.   12.   12.   12.   12.   12.
   12.   12. 1335. 1335. 2054. 2054. 1335. 1335.   12.   12.   12.   12.
   12.   12. 
   12.   12.   12.   12.   12.   12.   12.   12.   12.   12.   12.   12.
   12.   12.   12.   12. 2054. 2054. 1335.   12.   12.   12.   12.   12.
   12.   12. 
 12. 12. 12. 12. 12. 12. 12. 12. 12. 12. 12. 12. 12. 12. 12. 12. 12. 12.
 12. 12. 12. 12. 12. 12. 12. 12. 
 1335. 1335. 2054. 2054. 1335. 1335.   12.   12.   12.   12.   12.   12.
   12.   12.   12.   12.   12.   12.   12.   12.   12.   12.   12.   12.
   12.   12. 
   12.   12. 2054. 2054. 1335.   12.   12.   12.   12.   12.   12.   12.
   12.   12.   12.   12.   12.   12.   12.   12.   12.   12.   12.   12.
   12.   12. 
   12.   12.   12.   12.   12.   12.   12.   12.   12.   12.   12.   12.
 1335. 1335. 2054. 2054. 1335. 1335.   12.   12.   12.   12.   12.   12.
   12.   12. 
   12.   12.   12.   12.   12.   12.   12.   12.   12.   12.   12.   12.
   12.   12. 2054. 2054. 1335.   12.   12.   12.   12.   12.   12.   12.
   12.   12. 
   12.   12.   12.   12.   12.   12.   12.   12.   12.   12.   12.   12.
   12.   12.   12.   12.   12.   12.   12.   12.   12.   12.   12.   12.
 1335. 1335. 
 2054. 2054. 1335. 1335.   12.   12.   12.   12.   12.   12.   12.   12.
   12.   12.   12.   12.   12.   12.   12.   12.   12.   12.   12.   12.
   12.   12. 
 2054. 1335.   12.   12.   12.   12.   12.   12.   12.   12.   12.   12.
   12.   12.   12.   12.   12.   12.   12.   12.   12.   12.   12.   12.
   12.   12. 
   12.   12.   12.   12.   12.   12.   12.   12.   12.   12. 1335. 1335.
 2054. 2054. 1335. 1335.   12.   12.   12.   12.   12.   12.   12.   12.
   12.   12. 
   12.   12.   12.   12.   12.   12.   12.   12.   12.   12.   12.   12.
 1335. 1335.   12.   12.   12.   12.   12.   12.   12.   12.   12.   12.
   12.   12. 
   12.   12.   12.   12.   12.   12.   12.   12.   12.   12.   12.   12.
   12.   12.   12.   12.   12.   12.   12.   12.   12.   12. 1335. 2054.
 2054. 2054. 
 1335. 1335.   12.   12.   12.   12.   12.   12.   12.   12.   12.   12.
   12.   12.   12.   12.   12.   12.   12.   12.   12.   12.   12.   12.
 1335.   12. 
 12. 12. 12. 12. 12. 12. 12. 12. 12. 12. 12. 12. 12. 12. 12. 12. 12. 12.
 12. 12. 12. 12. 12. 12. 12. 12. 
   12.   12.   12.   12.   12.   12.   12. 1335. 1335. 2054. 2054. 2054.
 1335. 1335.   12.   12.   12.   12.   12.   12.   12.   12.   12.   12.
   12.   12. 
   12.   12.   12.   12.   12.   12.   12.   12.   12.   12. 1335.   12.
   12.   12.   12.   12.   12.   12.   12.   12.   12.   12.   12.   12.
   12.   12. 
   12.   12.   12.   12.   12.   12.   12.   12.   12.   12.   12.   12.
   12.   12.   12.   12.   12.   12. 1335. 1335. 2054. 2054. 2054. 2054.
 1335.   12. 
 12. 12. 12. 12. 12. 12. 12. 12. 12. 12. 12. 12. 12. 12. 12. 12. 12. 12.
 12. 12. 12. 12. 12. 12. 12. 12. 
 12. 12. 12. 12. 12. 12. 12. 12. 12. 12. 12. 12. 12. 12. 12. 12. 12. 12.
 12. 12. 12. 12. 12. 12. 12. 12. 
   12.   12.   12.   12. 1335. 1335. 2054. 2054. 2054. 1335. 1335.   12.
   12.   12.   12.   12.   12.   12.   12.   12.   12.   12.   12.   12.
   12.   12. 
 12. 12. 12. 12. 12. 12. 12. 12. 12. 12. 12. 12. 12. 12. 12. 12. 12. 12.
 12. 12. 12. 12. 12. 12. 12. 12. 
   12.   12.   12.   12.   12.   12.   12.   12.   12.   12.   12.   12.
   12.   12.   12. 1335. 1335. 2054. 2054. 2054. 1335. 1335.   12.   12.
   12.   12. 
 12. 12. 12. 12. 12. 12. 12. 12. 12. 12. 12. 12. 12. 12. 12. 12. 12. 12.
 12. 12. 12. 12. 12. 12. 12. 12. 
 12. 12. 12. 12. 12. 12. 12. 12. 12. 12. 12. 12. 12. 12. 12. 12. 12. 12.
 12. 12. 12. 12. 12. 12. 12. 12. 
   12. 1335. 2054. 2054. 2054. 2054. 1335.   12.   12.   12.   12.   12.
   12.   12.   12.   12.   12.   12.   12.   12.   12.   12.   12.   12.
   12.   12. 
 12. 12. 12. 12. 12. 12. 12. 12. 12. 12. 12. 12. 12. 12. 12. 12. 12. 12.
 12. 12. 12. 12. 12. 12. 12. 12. 
   12.   12.   12.   12.   12.   12.   12.   12.   12.   12.   12.   12.
 1335. 1335. 2054. 2054. 2054. 1335. 1335.   12.   12.   12.   12.   12.
   12.   12. 
 12. 12. 12. 12. 12. 12. 12. 12. 12. 12. 12. 12. 12. 12. 12. 12. 12. 12.
 12. 12. 12. 12. 12. 12. 12. 12. 
   12.   12.   12.   12.   12.   12.   12.   12.   12.   12.   12.   12.
   12.   12.   12.   12.   12.   12.   12.   12.   12.   12.   12.   12.
 1335. 1335. 
 2054. 2054. 2054. 1335.   12.   12.   12.   12.   12.   12.   12.   12.
   12.   12.   12.   12.   12.   12.   12.   12.   12.   12.   12.   12.
   12.   12. 
 12. 12. 12. 12. 12. 12. 12. 12. 12. 12. 12. 12. 12. 12. 12. 12. 12. 12.
 12. 12. 12. 12. 12. 12. 12. 12. 
   12.   12.   12.   12.   12.   12.   12.   12.   12.   12. 1335. 2054.
 2054. 2054. 1335. 1335.   12.   12.   12.   12.   12.   12.   12.   12.
   12.   12. 
 12. 12. 12. 12. 12. 12. 12. 12. 12. 12. 12. 12. 12. 12. 12. 12. 12. 12.
 12. 12. 12. 12. 12. 12. 12. 12. 
   12.   12.   12.   12.   12.   12.   12.   12.   12.   12.   12.   12.
   12.   12.   12.   12.   12.   12.   12.   12.   12. 1335. 1335. 2054.
 2054. 2054. 
 1335.   12.   12.   12.   12.   12.   12.   12.   12.   12.   12.   12.
   12.   12.   12.   12.   12.   12.   12.   12.   12.   12.   12.   12.
   12.   12. 
   12. 1335.   12.   12.   12.   12.   12.   12.   12.   12.   12.   12.
   12.   12.   12.   12.   12.   12.   12.   12.   12.   12.   12.   12.
   12.   12. 
   12.   12.   12.   12.   12.   12.   12. 1335. 1335. 2054. 2054. 1335.
 1335.   12.   12.   12.   12.   12.   12.   12.   12.   12.   12.   12.
   12.   12. 
   12.   12.   12.   12.   12.   12.   12.   12.   12.   12.   12.   12.
 1335. 2054.   12.   12.   12.   12.   12.   12.   12.   12.   12.   12.
   12.   12. 
   12.   12.   12.   12.   12.   12.   12.   12.   12.   12.   12.   12.
   12.   12.   12.   12.   12.   12.   12. 1335. 2054. 2054. 2054. 1335.
   12.   12. 
   12.   12.   12.   12.   12.   12.   12.   12.   12.   12.   12.   12.
   12.   12.   12.   12.   12.   12.   12.   12.   12.   12.   12.   12.
 1335. 2054. 
 12. 12. 12. 12. 12. 12. 12. 12. 12. 12. 12. 12. 12. 12. 12. 12. 12. 12.
 12. 12. 12. 12. 12. 12. 12. 12. 
   12.   12.   12.   12.   12. 1335. 2054. 2054. 1335. 1335.   12.   12.
   12.   12.   12.   12.   12.   12.   12.   12.   12.   12.   12.   12.
   12.   12. 
   12.   12.   12.   12.   12.   12.   12.   12.   12. 1335. 2054. 2054.
   12.   12.   12.   12.   12.   12.   12.   12.   12.   12.   12.   12.
   12.   12. 
   12.   12.   12.   12.   12.   12.   12.   12.   12.   12.   12.   12.
   12.   12.   12.   12. 1335. 2054. 2054. 2054. 1335. 1335.   12.   12.
   12.   12. 
   12.   12.   12.   12.   12.   12.   12.   12.   12.   12.   12.   12.
   12.   12.   12.   12.   12.   12.   12.   12. 1335. 1335. 2054. 2054.
   12.   12. 
 12. 12. 12. 12. 12. 12. 12. 12. 12. 12. 12. 12. 12. 12. 12. 12. 12. 12.
 12. 12. 12. 12. 12. 12. 12. 12. 
   12.   12. 1335. 2054. 2054. 2054. 1335.   12.   12.   12.   12.   12.
   12.   12.   12.   12.   12.   12.   12.   12.   12.   12.   12.   12.
   12.   12. 
   12.   12.   12.   12.   12.   12. 1335. 2054. 2054. 2054.   12.   12.
   12.   12.   12.   12.   12.   12.   12.   12.   12.   12.   12.   12.
   12.   12. 
   12.   12.   12.   12.   12.   12.   12.   12.   12.   12.   12.   12.
   12. 1335. 1335. 2054. 2054. 1335. 1335.   12.   12.   12.   12.   12.
   12.   12. 
   12.   12.   12.   12.   12.   12.   12.   12.   12.   12.   12.   12.
   12.   12.   12.   12.   12.   12. 1335. 2054. 2054. 2054.   12.   12.
   12.   12. 
   12.   12.   12.   12.   12.   12.   12.   12.   12.   12.   12.   12.
   12.   12.   12.   12.   12.   12.   12.   12.   12.   12.   12.   12.
   12. 1335. 
 2054. 2054. 2054. 1335.   12.   12.   12.   12.   12.   12.   12.   12.
   12.   12.   12.   12.   12.   12.   12.   12.   12.   12.   12.   12.
   12.   12. 
   12.   12.   12. 1335. 2054. 2054. 2054. 1335.   12.   12.   12.   12.
   12.   12.   12.   12.   12.   12.   12.   12.   12.   12.   12.   12.
   12.   12. 
   12.   12.   12.   12.   12.   12.   12.   12.   12.   12. 1335. 2054.
 2054. 2054. 1335. 1335.   12.   12.   12.   12.   12.   12.   12.   12.
   12.   12. 
   12.   12.   12.   12.   12.   12.   12.   12.   12.   12.   12.   12.
   12.   12.   12. 1335. 2054. 2054. 2054. 1335.   12.   12.   12.   12.
   12.   12. 
   12.   12.   12.   12.   12.   12.   12.   12.   12.   12.   12.   12.
   12.   12.   12.   12.   12.   12.   12.   12.   12. 1335. 1335. 2054.
 2054. 1335. 
 1335.   12.   12.   12.   12.   12.   12.   12.   12.   12.   12.   12.
   12.   12.   12.   12.   12.   12.   12.   12.   12.   12.   12.   12.
   12.   12. 
   12. 1335. 2054. 2054. 2054. 1335.   12.   12.   12.   12.   12.   12.
   12.   12.   12.   12.   12.   12.   12.   12.   12.   12.   12.   12.
   12.   12. 
   12.   12.   12.   12.   12.   12. 1335. 1335. 2054. 2054. 2054. 1335.
 1335.   12.   12.   12.   12.   12.   12.   12.   12.   12.   12.   12.
   12.   12. 
   12.   12.   12.   12.   12.   12.   12.   12.   12.   12.   12.   12.
 1335. 2054. 2054. 2054. 1335.   12.   12.   12.   12.   12.   12.   12.
   12.   12. 
   12.   12.   12.   12.   12.   12.   12.   12.   12.   12.   12.   12.
   12.   12.   12.   12.   12.   12. 1335. 2054. 2054. 2054. 1335. 1335.
   12.   12. 
   12.   12.   12.   12.   12.   12.   12.   12.   12.   12.   12.   12.
   12.   12.   12.   12.   12.   12.   12.   12.   12.   12.   12. 1335.
 1335. 2054. 
 2054. 2054. 1335.   12.   12.   12.   12.   12.   12.   12.   12.   12.
   12.   12.   12.   12.   12.   12.   12.   12.   12.   12.   12.   12.
   12.   12. 
   12.   12.   12.   12. 1335. 2054. 2054. 2054. 1335.   12.   12.   12.
   12.   12.   12.   12.   12.   12.   12.   12.   12.   12.   12.   12.
   12.   12. 
   12.   12.   12.   12.   12.   12.   12.   12.   12. 1335. 2054. 2054.
 2054. 1335.   12.   12.   12.   12.   12.   12.   12.   12.   12.   12.
   12.   12. 
   12.   12.   12.   12.   12.   12.   12.   12.   12.   12.   12.   12.
   12.   12.   12.   12. 1335. 2054. 2054. 2054. 1335.   12.   12.   12.
   12.   12. 
   12.   12.   12.   12.   12.   12.   12.   12.   12.   12.   12.   12.
   12.   12.   12.   12.   12.   12.   12.   12.   12. 1335. 2054. 2054.
 1335. 1335. 
 12. 12. 12. 12. 12. 12. 12. 12. 12. 12. 12. 12. 12. 12. 12. 12. 12. 12.
 12. 12. 12. 12. 12. 12. 12. 12. 
   12.   12. 1335. 2054. 2054. 2054. 1335.   12.   12.   12.   12.   12.
   12.   12.   12.   12.   12.   12.   12.   12.   12.   12.   12.   12.
   12.   12. 
   12.   12.   12.   12.   12.   12. 1335. 2054. 2054. 2054. 1335.   12.
   12.   12.   12.   12.   12.   12.   12.   12.   12.   12.   12.   12.
   12.   12. 
   12.   12.   12.   12.   12.   12.   12.   12.   12.   12.   12.   12.
   12.   12. 1335. 2054. 2054. 2054. 1335.   12.   12.   12.   12.   12.
   12.   12. 
   12.   12.   12.   12.   12.   12.   12.   12.   12.   12.   12.   12.
   12.   12.   12.   12.   12. 1335. 2054. 2054. 2054. 1335. 1335.   12.
   12.   12. 
 12. 12. 12. 12. 12. 12. 12. 12. 12. 12. 12. 12. 12. 12. 12. 12. 12. 12.
 12. 12. 12. 12. 12. 12. 12. 12. 
 1335. 2054. 2054. 2054. 1335.   12.   12.   12.   12.   12.   12.   12.
   12.   12.   12.   12.   12.   12.   12.   12.   12.   12.   12.   12.
   12.   12. 
   12.   12. 1335. 2054. 2054. 2054. 2054. 1335.   12.   12.   12.   12.
   12.   12.   12.   12.   12.   12.   12.   12.   12.   12.   12.   12.
   12.   12. 
   12.   12.   12.   12.   12.   12.   12.   12.   12.   12.   12.   12.
 1335. 2054. 2054. 2054. 1335.   12.   12.   12.   12.   12.   12.   12.
   12.   12. 
   12.   12.   12.   12.   12.   12.   12.   12.   12.   12.   12.   12.
 1335. 1335. 2054. 2054. 2054. 1335. 1335.   12.   12.   12.   12.   12.
   12.   12. 
   12.   12.   12.   12.   12.   12.   12.   12.   12.   12.   12.   12.
   12.   12.   12.   12.   12.   12.   12.   12.   12.   12.   12.   12.
 1335. 2054. 
 2054. 2054. 1335.   12.   12.   12.   12.   12.   12.   12.   12.   12.
   12.   12.   12.   12.   12.   12.   12.   12.   12.   12.   12. 1335.
 1335. 2054. 
 2054. 2054. 1335. 1335.   12.   12.   12.   12.   12.   12.   12.   12.
   12.   12.   12.   12.   12.   12.   12.   12.   12.   12.   12.   12.
   12.   12. 
   12.   12.   12.   12.   12.   12.   12.   12.   12.   12. 1335. 2054.
 2054. 2054. 1335.   12.   12.   12.   12.   12.   12.   12.   12.   12.
   12.   12. 
   12.   12.   12.   12.   12.   12.   12.   12. 1335. 1335. 2054. 2054.
 2054. 1335. 1335.   12.   12.   12.   12.   12.   12.   12.   12.   12.
   12.   12. 
   12.   12.   12.   12.   12.   12.   12.   12.   12.   12.   12.   12.
   12.   12.   12.   12.   12.   12.   12.   12.   12.   12. 1335. 2054.
 2054. 2054. 
 1335.   12.   12.   12.   12.   12.   12.   12.   12.   12.   12.   12.
   12.   12.   12.   12.   12.   12.   12.   12. 1335. 2054. 2054. 2054.
 1335. 1335. 
 12. 12. 12. 12. 12. 12. 12. 12. 12. 12. 12. 12. 12. 12. 12. 12. 12. 12.
 12. 12. 12. 12. 12. 12. 12. 12. 
   12.   12.   12.   12.   12.   12.   12.   12. 1335. 2054. 2054. 2054.
 1335.   12.   12.   12.   12.   12.   12.   12.   12.   12.   12.   12.
   12.   12. 
   12.   12.   12.   12.   12. 1335. 2054. 2054. 2054. 2054. 1335.   12.
   12.   12.   12.   12.   12.   12.   12.   12.   12.   12.   12.   12.
   12.   12. 
   12.   12.   12.   12.   12.   12.   12.   12.   12.   12.   12.   12.
   12.   12.   12.   12.   12.   12.   12.   12. 1335. 2054. 2054. 2054.
 1335.   12. 
   12.   12.   12.   12.   12.   12.   12.   12.   12.   12.   12.   12.
   12.   12.   12.   12. 1335. 1335. 2054. 2054. 2054. 1335. 1335.   12.
   12.   12. 
 12. 12. 12. 12. 12. 12. 12. 12. 12. 12. 12. 12. 12. 12. 12. 12. 12. 12.
 12. 12. 12. 12. 12. 12. 12. 12. 
   12.   12.   12.   12.   12. 1335. 2054. 2054. 2054. 1335. 1335.   12.
   12.   12.   12.   12.   12.   12.   12.   12.   12.   12.   12.   12.
   12.   12. 
   12.   12. 1335. 2054. 2054. 2054. 2054. 1335.   12.   12.   12.   12.
   12.   12.   12.   12.   12.   12.   12.   12.   12.   12.   12.   12.
   12.   12. 
   12.   12.   12.   12.   12.   12.   12.   12.   12.   12.   12.   12.
   12.   12.   12.   12. 1335. 1335. 2054. 2054. 2054. 1335.   12.   12.
   12.   12. 
   12.   12.   12.   12.   12.   12.   12.   12.   12.   12.   12.   12.
   12.   12. 1335. 2054. 2054. 2054. 1335.   12.   12.   12.   12.   12.
   12.   12. 
 12. 12. 12. 12. 12. 12. 12. 12. 12. 12. 12. 12. 12. 12. 12. 12. 12. 12.
 12. 12. 12. 12. 12. 12. 12. 12. 
   12. 1335. 1335. 2054. 2054. 2054. 2054. 1335.   12.   12.   12.   12.
   12.   12.   12.   12.   12.   12.   12.   12.   12.   12.   12.   12.
   12. 1335. 
 2054. 2054. 2054. 1335. 1335.   12.   12.   12.   12.   12.   12.   12.
   12.   12.   12.   12.   12.   12.   12.   12.   12.   12.   12.   12.
   12.   12. 
   12.   12.   12.   12.   12.   12.   12.   12.   12.   12.   12.   12.
   12. 1335. 1335. 2054. 2054. 2054. 1335. 1335.   12.   12.   12.   12.
   12.   12. 
   12.   12.   12.   12.   12.   12.   12.   12.   12.   12.   12. 1335.
 2054. 2054. 2054. 1335.   12.   12.   12.   12.   12.   12.   12.   12.
   12.   12. 
   12.   12.   12.   12.   12.   12.   12.   12.   12.   12.   12.   12.
   12.   12.   12.   12.   12.   12.   12.   12.   12.   12.   12.   12.
 1335. 1335. 
 2054. 2054. 2054. 1335. 1335.   12.   12.   12.   12.   12.   12.   12.
   12.   12.   12.   12.   12.   12.   12.   12.   12.   12. 1335. 1335.
 2054. 2054. 
 2054. 1335.   12.   12.   12.   12.   12.   12.   12.   12.   12.   12.
   12.   12. 
/