PERMI
   24.   24.   24.   24.   24.   24.   24.   24.   24.   24.   24. 2925.
 3654. 3654. 3654. 2925. 2925.   24.   24.   24.   24.   24.   24.   24.
   24.   24. 
   24.   24.   24.   24.   24.   24.   24.   24.   24.   24.   24.   24.
   24.   24.   24.   24.   24.   24. 2925. 3654. 3654. 3654. 2925. 2925.
   24.   24. 
   24.   24.   24.   24.   24.   24.   24.   24.   24.   24. 2925. 3654.
   24.   24.   24.   24.   24.   24.   24.   24.   24.   24.   24. 2925.
 3654. 3654. 
 3654. 3654. 2925.   24.   24.   24.   24.   24.   24.   24.   24.   24.
   24.   24.   24.   24.   24.   24.   24.   24.   24.   24.   24.   24.
   24.   24. 
   24.   24.   24.   24.   24. 2925. 3654. 3654. 3654. 2925.   24.   24.
   24.   24.   24. 2925. 2925. 2925.   24. 2925. 2925. 2925. 2925. 2925.
   24.   24. 
   24.   24.   24.   24.   24.   24.   24.   24.   24. 2925. 2925. 3654.
 3654. 3654. 2925.   24.   24.   24.   24.   24.   24.   24.   24.   24.
   24.   24. 
   24.   24.   24.   24.   24.   24.   24.   24.   24.   24.   24.   24.
   24.   24.   24.   24.   24. 2925. 3654. 3654. 3654. 2925.   24.   24.
   24. 2925. 
 2925. 3654. 3654. 3654. 2925. 3654. 3654. 3654. 3654. 3654.   24.   24.
   24.   24.   24.   24.   24.   24.   24.   24.   24.   24. 2925. 2925.
 3654. 3654. 
 3654. 2925.   24.   24.   24.   24.   24.   24.   24.   24.   24.   24.
   24.   24.   24.   24.   24.   24.   24.   24.   24.   24.   24.   24.
   24.   24. 
   24.   24.   24.   24. 2925. 3654. 3654. 2925.   24.   24. 2925. 3654.
 3654. 3654. 3654. 3654. 3654. 3654. 3654. 3654. 3654. 3654.   24.   24.
   24.   24. 
   24.   24.   24.   24.   24.   24.   24.   24.   24. 2925. 3654. 3654.
 3654. 2925.   24.   24.   24.   24.   24.   24.   24.   24.   24.   24.
   24.   24. 
   24.   24.   24.   24.   24.   24.   24.   24.   24.   24.   24.   24.
   24.   24.   24.   24. 2925. 3654. 3654. 3654. 2925. 2925. 2925. 3654.
 3654. 3654. 
 3654. 3654. 3654. 3654. 3654. 3654. 2925. 2925.   24.   24.   24.   24.
   24.   24.   24.   24.   24.   24.   24.   24.   24. 2925. 3654. 3654.
 3654. 2925. 
 24. 24. 24. 24. 24. 24. 24. 24. 24. 24. 24. 24. 24. 24. 24. 24. 24. 24.
 24. 24. 24. 24. 24. 24. 24. 24. 
   24.   24. 2925. 3654. 3654. 3654. 2925. 2925. 3654. 3654. 3654. 3654.
 2925. 2925. 2925. 2925. 2925. 2925.   24.   24.   24.   24.   24.   24.
   24.   24. 
   24.   24.   24.   24.   24. 2925. 2925. 2925. 3654. 3654. 3654. 2925.
   24.   24.   24.   24.   24.   24.   24.   24.   24.   24.   24.   24.
   24.   24. 
   24.   24.   24.   24.   24.   24.   24.   24.   24.   24.   24.   24.
 2925. 2925. 2925. 3654. 3654. 3654. 2925. 2925. 3654. 3654. 3654. 2925.
   24.   24. 
   24.   24.   24.   24.   24.   24.   24.   24.   24.   24.   24.   24.
   24.   24. 2925. 2925. 2925. 3654. 3654. 3654. 3654. 3654. 2925.   24.
   24.   24. 
   24.   24.   24.   24.   24.   24.   24.   24.   24.   24.   24.   24.
   24.   24.   24.   24.   24.   24.   24.   24.   24. 2925. 2925. 2925.
 2925. 3654. 
 3654. 3654. 3654. 3654. 2925. 3654. 3654. 3654. 3654. 2925.   24.   24.
   24.   24.   24.   24.   24.   24.   24.   24.   24.   24.   24.   24.
 2925. 2925. 
 2925. 3654. 3654. 3654. 3654. 3654. 3654. 2925.   24.   24.   24.   24.
   24.   24.   24.   24.   24.   24.   24.   24.   24.   24.   24.   24.
   24.   24. 
   24.   24.   24. 2925. 2925. 2925. 2925. 3654. 3654. 3654. 3654. 3654.
 3654. 3654. 3654. 2925.   24. 2925. 3654. 3654. 2925. 2925.   24.   24.
   24.   24. 
   24.   24.   24.   24.   24.   24.   24. 2925. 2925. 2925. 2925. 3654.
 3654. 3654. 3654. 3654. 2925. 2925. 2925.   24.   24.   24.   24.   24.
   24.   24. 
   24.   24.   24.   24.   24.   24.   24.   24.   24.   24.   24.   24.
   24.   24. 2925. 2925. 3654. 3654. 3654. 3654. 3654. 3654. 3654. 3654.
 3654. 3654. 
 2925. 2925.   24. 2925. 3654. 3654. 3654. 2925.   24.   24.   24.   24.
   24.   24.   24.   24.   24.   24. 2925. 2925. 2925. 3654. 3654. 3654.
 3654. 3654. 
 3654. 2925. 2925.   24.   24.   24.   24.   24.   24.   24.   24.   24.
   24.   24.   24.   24.   24.   24.   24.   24.   24.   24.   24.   24.
   24. 2925. 
 3654. 3654. 3654. 3654. 3654. 3654. 3654. 3654. 3654. 2925. 2925. 2925.
   24.   24.   24. 2925. 3654. 3654. 3654. 2925.   24.   24.   24.   24.
   24.   24. 
   24.   24.   24.   24. 2925. 2925. 3654. 3654. 3654. 3654. 2925. 2925.
 2925. 2925.   24.   24.   24.   24.   24.   24.   24.   24.   24.   24.
   24.   24. 
   24.   24.   24.   24.   24.   24.   24.   24.   24.   24. 2925. 2925.
 3654. 3654. 3654. 3654. 3654. 2925. 2925. 2925. 2925. 2925.   24.   24.
   24.   24. 
   24. 2925. 3654. 3654. 3654. 2925.   24.   24.   24.   24.   24.   24.
   24.   24.   24.   24. 2925. 3654. 3654. 3654. 2925. 2925. 2925. 2925.
   24.   24. 
   24.   24.   24.   24.   24.   24.   24.   24.   24.   24.   24.   24.
   24.   24.   24.   24.   24.   24.   24.   24.   24.   24. 2925. 3654.
 3654. 3654. 
 3654. 2925. 2925.   24.   24.   24.   24.   24.   24.   24.   24.   24.
   24. 2925. 3654. 3654. 3654. 2925.   24.   24.   24.   24.   24.   24.
   24.   24. 
   24.   24. 2925. 3654. 3654. 3654. 2925.   24.   24.   24.   24.   24.
   24.   24.   24.   24.   24.   24.   24.   24.   24.   24.   24.   24.
   24.   24. 
   24.   24.   24.   24.   24.   24.   24.   24. 2925. 3654. 3654. 3654.
 2925. 2925.   24.   24.   24.   24.   24.   24.   24.   24.   24.   24.
   24. 2925. 
 2925. 3654. 3654. 2925.   24.   24.   24.   24.   24.   24.   24.   24.
   24.   24. 2925. 3654. 3654. 3654. 2925.   24.   24.   24.   24.   24.
   24.   24. 
   24.   24.   24.   24.   24.   24.   24.   24.   24.   24.   24.   24.
   24.   24.   24.   24.   24.   24.   24.   24.   24. 2925. 3654. 3654.
 3654. 3654. 
 2925.   24.   24.   24.   24.   24.   24.   24.   24.   24.   24.   24.
 2925. 3654. 3654. 2925. 2925.   24.   24.   24.   24.   24.   24.   24.
   24.   24. 
 2925. 2925. 3654. 3654. 2925. 2925.   24.   24.   24.   24.   24.   24.
   24.   24.   24.   24.   24.   24.   24.   24.   24.   24.   24.   24.
   24.   24. 
   24.   24.   24.   24.   24.   24.   24. 2925. 3654. 3654. 3654. 3654.
 2925. 2925. 2925.   24.   24.   24.   24.   24.   24.   24.   24.   24.
 2925. 3654. 
 3654. 2925. 2925.   24.   24.   24.   24.   24.   24.   24.   24.   24.
   24. 2925. 3654. 3654. 3654. 2925.   24.   24.   24.   24.   24.   24.
   24.   24. 
   24.   24.   24.   24.   24.   24.   24.   24.   24.   24.   24.   24.
   24.   24.   24.   24.   24.   24.   24.   24. 2925. 2925. 3654. 3654.
 3654. 3654. 
 2925. 2925.   24. 2925. 2925. 2925. 2925. 2925. 2925. 2925. 2925. 3654.
 3654. 2925.   24.   24.   24.   24.   24.   24.   24.   24.   24.   24.
   24. 2925. 
 2925. 3654. 3654. 2925. 2925.   24.   24.   24.   24.   24.   24.   24.
   24.   24.   24.   24.   24.   24.   24.   24.   24.   24.   24.   24.
   24.   24. 
   24.   24.   24.   24.   24.   24.   24. 2925. 2925. 3654. 3654. 3654.
 3654. 2925. 2925. 3654. 3654. 3654. 3654. 3654. 3654. 3654. 3654. 3654.
 3654. 2925. 
   24.   24.   24.   24.   24.   24.   24.   24.   24.   24.   24.   24.
 2925. 3654. 3654. 3654. 2925. 2925.   24.   24.   24.   24.   24.   24.
   24.   24. 
   24.   24.   24.   24.   24.   24.   24.   24.   24.   24.   24.   24.
   24.   24.   24.   24.   24.   24.   24.   24. 2925. 2925. 3654. 3654.
 3654. 3654. 
 2925. 3654. 3654. 3654. 3654. 3654. 3654. 3654. 3654. 3654. 2925. 2925.
   24.   24.   24.   24.   24.   24.   24.   24.   24.   24.   24.   24.
 2925. 2925. 
 3654. 3654. 3654. 2925. 2925.   24.   24.   24.   24.   24.   24.   24.
   24.   24.   24.   24.   24.   24.   24.   24.   24.   24.   24.   24.
   24.   24. 
   24.   24.   24.   24.   24.   24.   24. 2925. 2925. 3654. 3654. 3654.
 2925. 3654. 3654. 3654. 3654. 2925. 2925. 2925. 2925. 2925. 2925.   24.
   24.   24. 
   24.   24.   24.   24.   24.   24.   24.   24.   24.   24.   24. 2925.
 2925. 3654. 3654. 3654. 2925.   24.   24.   24.   24.   24.   24.   24.
   24.   24. 
   24.   24.   24.   24.   24.   24.   24.   24.   24.   24.   24.   24.
   24.   24.   24.   24.   24.   24.   24.   24. 2925. 3654. 3654. 3654.
 2925. 2925. 
 2925. 2925. 2925. 2925.   24.   24.   24.   24.   24.   24.   24.   24.
   24.   24.   24.   24.   24.   24.   24.   24.   24.   24. 2925. 2925.
 2925. 3654. 
 3654. 3654. 2925.   24.   24.   24.   24.   24.   24.   24.   24.   24.
   24.   24.   24.   24.   24.   24.   24.   24.   24.   24.   24.   24.
   24. 2925. 
 2925. 2925. 2925.   24.   24.   24. 2925. 3654. 3654. 3654. 2925. 2925.
   24.   24.   24.   24.   24.   24.   24.   24.   24.   24.   24.   24.
   24.   24. 
   24.   24.   24.   24. 2925. 2925. 2925. 2925. 3654. 3654. 3654. 3654.
 3654. 2925. 2925.   24.   24.   24.   24.   24.   24.   24.   24.   24.
   24.   24. 
   24.   24.   24.   24.   24.   24.   24.   24.   24. 2925. 2925. 3654.
 3654. 3654. 3654. 3654. 2925. 2925. 2925. 3654. 3654. 3654. 2925. 2925.
 2925.   24. 
   24.   24.   24.   24.   24.   24.   24.   24.   24.   24.   24.   24.
   24.   24.   24.   24. 2925. 3654. 3654. 3654. 3654. 3654. 3654. 3654.
 3654. 2925. 
   24.   24.   24.   24.   24.   24.   24.   24.   24.   24.   24.   24.
   24.   24.   24.   24.   24.   24.   24.   24. 2925. 3654. 3654. 3654.
 3654. 3654. 
 3654. 3654. 3654. 3654. 3654. 3654. 3654. 2925. 2925. 3654. 3654. 2925.
   24.   24.   24.   24.   24.   24.   24.   24.   24.   24.   24.   24.
   24.   24. 
   24.   24. 3654. 3654. 3654. 3654. 3654. 3654. 3654. 2925. 2925.   24.
   24.   24.   24.   24.   24.   24.   24.   24.   24.   24.   24.   24.
   24.   24. 
   24.   24.   24.   24.   24. 2925. 2925. 3654. 3654. 3654. 3654. 3654.
 3654. 3654. 3654. 3654. 3654. 3654. 2925. 2925. 3654. 3654. 3654. 3654.
 2925.   24. 
   24.   24.   24.   24.   24.   24.   24.   24.   24.   24.   24.   24.
   24.   24. 3654. 3654. 3654. 3654. 2925. 2925. 2925. 2925.   24.   24.
   24.   24. 
   24.   24.   24.   24.   24.   24.   24.   24.   24.   24.   24.   24.
   24.   24.   24.   24.   24. 2925. 3654. 3654. 3654. 2925. 2925. 2925.
 2925. 2925. 
 3654. 3654. 2925. 2925. 2925. 2925. 2925. 3654. 3654. 3654. 3654. 2925.
   24.   24.   24.   24.   24.   24.   24.   24.   24.   24.   24.   24.
   24.   24. 
 3654. 2925. 2925. 2925. 2925.   24.   24.   24.   24.   24.   24.   24.
   24.   24.   24.   24.   24.   24.   24.   24.   24.   24.   24.   24.
   24.   24. 
   24.   24.   24. 2925. 3654. 3654. 2925.   24.   24.   24. 2925. 2925.
 2925. 3654. 3654. 3654. 3654. 3654. 2925. 2925. 2925. 3654. 3654. 3654.
 2925.   24. 
   24.   24.   24.   24.   24.   24.   24.   24.   24.   24.   24.   24.
 3654. 2925.   24.   24.   24.   24.   24.   24.   24.   24.   24.   24.
   24.   24. 
   24.   24.   24.   24.   24.   24.   24.   24.   24.   24.   24.   24.
   24.   24.   24. 2925. 3654. 3654. 3654. 2925.   24. 2925. 2925. 3654.
 3654. 3654. 
 3654. 3654. 3654. 3654. 3654. 3654. 2925. 3654. 3654. 3654. 2925.   24.
   24.   24.   24.   24.   24.   24.   24.   24.   24.   24.   24.   24.
 3654. 2925. 
 24. 24. 24. 24. 24. 24. 24. 24. 24. 24. 24. 24. 24. 24. 24. 24. 24. 24.
 24. 24. 24. 24. 24. 24. 24. 24. 
   24. 2925. 2925. 3654. 3654. 3654. 2925. 2925. 3654. 3654. 3654. 3654.
 3654. 3654. 3654. 3654. 3654. 3654. 3654. 3654. 3654. 3654. 2925.   24.
   24.   24. 
   24.   24.   24.   24.   24.   24.   24.   24.   24.   24. 3654. 2925.
 2925.   24.   24.   24.   24.   24.   24.   24.   24.   24.   24.   24.
   24.   24. 
   24.   24.   24.   24.   24.   24.   24.   24.   24.   24.   24.   24.
   24.   24. 2925. 2925. 3654. 3654. 3654. 2925. 2925. 3654. 3654. 2925.
 2925. 2925. 
 2925. 2925. 3654. 3654. 3654. 3654. 3654. 3654. 2925.   24.   24.   24.
   24.   24.   24.   24.   24.   24.   24.   24.   24.   24. 3654. 3654.
 2925.   24. 
 24. 24. 24. 24. 24. 24. 24. 24. 24. 24. 24. 24. 24. 24. 24. 24. 24. 24.
 24. 24. 24. 24. 24. 24. 24. 24. 
   24.   24. 2925. 3654. 3654. 3654. 2925. 2925. 2925. 2925.   24.   24.
   24. 2925. 2925. 2925. 2925. 2925. 2925. 2925.   24.   24.   24.   24.
   24.   24. 
   24.   24.   24.   24.   24.   24.   24.   24. 3654. 3654. 2925. 2925.
   24.   24.   24.   24.   24.   24.   24.   24.   24.   24.   24.   24.
   24.   24. 
   24.   24.   24.   24.   24.   24.   24.   24.   24.   24.   24.   24.
   24.   24.   24. 2925. 3654. 3654. 3654. 2925. 2925. 2925.   24.   24.
   24.   24. 
   24.   24.   24. 2925. 2925.   24.   24.   24.   24.   24.   24.   24.
   24.   24.   24.   24.   24.   24.   24.   24. 3654. 3654. 3654. 2925.
   24.   24. 
 24. 24. 24. 24. 24. 24. 24. 24. 24. 24. 24. 24. 24. 24. 24. 24. 24. 24.
 24. 24. 24. 24. 24. 24. 24. 24. 
   24.   24. 2925. 3654. 3654. 3654. 2925.   24.   24.   24.   24.   24.
   24.   24.   24.   24.   24.   24.   24.   24.   24.   24.   24.   24.
   24.   24. 
   24.   24.   24.   24.   24.   24. 2925. 3654. 3654. 3654. 2925.   24.
   24.   24.   24.   24.   24.   24.   24.   24.   24.   24.   24.   24.
   24.   24. 
   24.   24.   24.   24.   24.   24.   24.   24.   24.   24.   24.   24.
   24.   24. 2925. 2925. 3654. 3654. 2925. 2925.   24.   24.   24.   24.
   24.   24. 
   24.   24.   24.   24.   24.   24.   24.   24.   24.   24.   24.   24.
   24.   24.   24.   24.   24.   24. 2925. 3654. 3654. 3654. 2925. 2925.
   24.   24. 
 24. 24. 24. 24. 24. 24. 24. 24. 24. 24. 24. 24. 24. 24. 24. 24. 24. 24.
 24. 24. 24. 24. 24. 24. 24. 24. 
 2925. 2925. 3654. 3654. 2925.   24.   24.   24.   24.   24.   24.   24.
   24.   24.   24.   24.   24.   24.   24.   24.   24.   24.   24.   24.
   24.   24. 
   24.   24.   24.   24.   24. 2925. 3654. 3654. 3654. 2925.   24.   24.
   24.   24.   24.   24.   24.   24.   24.   24.   24.   24.   24.   24.
   24.   24. 
   24.   24.   24. 2925. 2925. 2925. 2925. 2925. 2925. 2925. 2925. 2925.
 2925. 3654. 3654. 3654. 2925.   24.   24.   24.   24.   24.   24.   24.
   24.   24. 
   24.   24.   24.   24.   24.   24.   24.   24.   24.   24.   24.   24.
   24.   24.   24.   24.   24. 2925. 2925. 3654. 3654. 2925. 2925.   24.
   24.   24. 
   24.   24.   24.   24.   24.   24.   24.   24.   24.   24.   24.   24.
   24.   24. 2925. 3654. 3654. 3654. 3654. 3654. 3654. 3654. 3654. 3654.
 3654. 3654. 
 3654. 2925. 2925.   24.   24.   24.   24.   24.   24.   24.   24.   24.
   24.   24.   24.   24.   24.   24.   24.   24.   24.   24.   24.   24.
   24.   24. 
   24.   24.   24. 2925. 2925. 3654. 3654. 2925. 2925.   24.   24.   24.
   24.   24.   24.   24.   24.   24.   24.   24.   24.   24.   24.   24.
   24. 2925. 
 3654. 3654. 3654. 3654. 3654. 3654. 3654. 3654. 3654. 3654. 3654. 3654.
 3654. 2925. 2925.   24.   24.   24.   24.   24.   24.   24.   24.   24.
   24.   24. 
   24.   24.   24.   24.   24.   24.   24.   24.   24.   24.   24.   24.
   24.   24. 2925. 2925. 2925. 3654. 3654. 2925. 2925.   24.   24.   24.
   24.   24. 
   24.   24.   24.   24.   24.   24.   24.   24.   24.   24.   24. 2925.
 3654. 3654. 3654. 3654. 3654. 3654. 3654. 3654. 3654. 3654. 3654. 2925.
 2925. 3654. 
 2925.   24.   24.   24.   24.   24.   24.   24.   24.   24.   24.   24.
   24.   24.   24.   24.   24.   24.   24.   24.   24.   24.   24.   24.
   24.   24. 
 2925. 3654. 3654. 3654. 3654. 2925. 2925.   24.   24.   24.   24.   24.
   24.   24.   24.   24.   24.   24.   24.   24.   24.   24.   24. 2925.
 3654. 3654. 
 3654. 2925. 2925. 2925. 2925. 2925. 2925. 2925. 2925. 3654. 3654. 3654.
 2925.   24.   24.   24.   24.   24.   24.   24.   24.   24.   24.   24.
   24.   24. 
   24.   24.   24.   24.   24.   24.   24.   24.   24.   24.   24.   24.
 3654. 3654. 3654. 3654. 3654. 2925.   24.   24.   24.   24.   24.   24.
   24.   24. 
   24.   24.   24.   24.   24.   24.   24.   24.   24. 2925. 3654. 3654.
 3654. 3654. 2925.   24.   24.   24.   24. 2925. 2925. 3654. 3654. 2925.
 2925.   24. 
   24.   24.   24.   24.   24.   24.   24.   24.   24.   24.   24.   24.
   24.   24.   24.   24.   24.   24.   24.   24.   24.   24.   24.   24.
 3654. 3654. 
 3654. 3654. 2925. 2925.   24.   24.   24.   24.   24.   24.   24.   24.
   24.   24.   24.   24.   24.   24.   24.   24.   24. 2925. 2925. 3654.
 3654. 3654. 
 2925. 2925.   24. 2925. 2925. 3654. 3654. 3654. 3654. 2925.   24.   24.
   24.   24.   24.   24.   24.   24.   24.   24.   24.   24.   24.   24.
   24.   24. 
   24.   24.   24.   24.   24.   24.   24.   24.   24.   24. 2925. 2925.
 2925. 2925.   24.   24.   24.   24.   24.   24.   24.   24.   24.   24.
   24.   24. 
   24.   24.   24.   24.   24.   24.   24.   24. 2925. 2925. 3654. 3654.
 3654. 2925. 2925. 2925. 3654. 3654. 3654. 3654. 2925. 2925.   24.   24.
   24.   24. 
 24. 24. 24. 24. 24. 24. 24. 24. 24. 24. 24. 24. 24. 24. 24. 24. 24. 24.
 24. 24. 24. 24. 24. 24. 24. 24. 
   24.   24.   24.   24.   24.   24.   24.   24.   24.   24.   24.   24.
   24.   24.   24.   24.   24.   24.   24.   24.   24. 2925. 3654. 3654.
 3654. 2925. 
 3654. 3654. 3654. 3654. 3654. 2925. 2925.   24.   24.   24.   24.   24.
   24.   24.   24.   24.   24.   24.   24.   24.   24.   24.   24.   24.
   24.   24. 
 24. 24. 24. 24. 24. 24. 24. 24. 24. 24. 24. 24. 24. 24. 24. 24. 24. 24.
 24. 24. 24. 24. 24. 24. 24. 24. 
   24.   24.   24.   24.   24.   24.   24. 2925. 3654. 3654. 3654. 2925.
 3654. 3654. 3654. 3654. 2925. 2925.   24.   24.   24.   24.   24.   24.
   24.   24. 
 24. 24. 24. 24. 24. 24. 24. 24. 24. 24. 24. 24. 24. 24. 24. 24. 24. 24.
 24. 24. 24. 24. 24. 24. 24. 24. 
   24.   24.   24.   24.   24.   24.   24.   24. 2925. 2925. 2925.   24.
   24.   24.   24.   24.   24.   24.   24. 2925. 3654. 3654. 3654. 2925.
 3654. 2925. 
 2925. 2925.   24.   24.   24.   24.   24.   24.   24.   24.   24.   24.
   24.   24.   24.   24.   24.   24.   24.   24.   24.   24.   24.   24.
   24.   24. 
   24.   24.   24.   24.   24.   24. 2925.   24.   24.   24.   24.   24.
   24.   24.   24.   24.   24.   24. 2925. 2925. 3654. 3654. 3654. 2925.
 2925. 2925. 
   24.   24.   24.   24. 2925. 2925. 3654. 3654. 3654. 2925. 2925. 2925.
   24.   24.   24.   24.   24.   24.   24.   24.   24.   24.   24.   24.
   24.   24. 
   24.   24.   24.   24.   24.   24.   24.   24.   24.   24.   24.   24.
   24.   24.   24.   24.   24.   24. 2925.   24.   24.   24.   24.   24.
   24.   24. 
   24.   24.   24.   24. 2925. 3654. 3654. 3654. 3654. 3654. 3654. 3654.
 2925. 2925.   24.   24. 2925. 2925. 3654. 3654. 3654. 2925.   24.   24.
   24.   24. 
 24. 24. 24. 24. 24. 24. 24. 24. 24. 24. 24. 24. 24. 24. 24. 24. 24. 24.
 24. 24. 24. 24. 24. 24. 24. 24. 
   24.   24.   24.   24. 2925.   24.   24.   24.   24.   24.   24.   24.
   24.   24.   24. 2925. 3654. 3654. 3654. 3654. 3654. 3654. 3654. 3654.
 3654. 3654. 
 2925. 2925. 2925. 2925. 3654. 3654. 3654. 2925.   24.   24.   24.   24.
   24.   24.   24.   24.   24.   24.   24.   24.   24.   24.   24.   24.
   24.   24. 
   24.   24.   24.   24.   24.   24.   24.   24.   24.   24.   24.   24.
   24.   24.   24.   24. 3654. 2925.   24.   24.   24.   24.   24.   24.
   24.   24. 
   24. 2925. 3654. 3654. 3654. 2925. 2925. 3654. 3654. 3654. 3654. 3654.
 3654. 3654. 3654. 3654. 3654. 3654. 2925. 2925.   24.   24.   24.   24.
   24.   24. 
 24. 24. 24. 24. 24. 24. 24. 24. 24. 24. 24. 24. 24. 24. 24. 24. 24. 24.
 24. 24. 24. 24. 24. 24. 24. 24. 
   24.   24. 3654. 2925.   24.   24.   24.   24.   24.   24.   24.   24.
   24. 2925. 3654. 3654. 3654. 2925. 2925. 2925. 2925. 2925. 3654. 3654.
 3654. 3654. 
 3654. 3654. 3654. 3654. 2925. 2925.   24.   24.   24.   24.   24.   24.
   24.   24.   24.   24.   24.   24.   24.   24.   24.   24.   24.   24.
   24.   24. 
   24.   24.   24.   24.   24.   24.   24.   24.   24.   24.   24.   24.
   24.   24. 3654. 2925.   24.   24.   24.   24.   24.   24.   24.   24.
   24.   24. 
 2925. 3654. 3654. 3654. 2925.   24.   24.   24. 2925. 2925. 3654. 3654.
 3654. 3654. 3654. 3654. 2925. 2925.   24.   24.   24.   24.   24.   24.
   24.   24. 
 24. 24. 24. 24. 24. 24. 24. 24. 24. 24. 24. 24. 24. 24. 24. 24. 24. 24.
 24. 24. 24. 24. 24. 24. 24. 24. 
 3654. 2925.   24.   24.   24.   24.   24.   24.   24.   24.   24.   24.
 2925. 3654. 3654. 3654. 2925.   24.   24.   24.   24. 2925. 2925. 2925.
 2925. 2925. 
 2925. 2925. 3654. 3654. 2925.   24.   24.   24.   24.   24.   24.   24.
   24.   24.   24.   24.   24.   24.   24.   24.   24.   24.   24.   24.
   24.   24. 
   24.   24.   24.   24.   24.   24.   24.   24.   24.   24.   24.   24.
 3654. 2925.   24.   24.   24.   24.   24.   24.   24.   24.   24.   24.
 2925. 3654. 
 3654. 3654. 3654. 2925.   24.   24.   24.   24.   24.   24.   24.   24.
 2925. 3654. 3654. 3654. 2925.   24.   24.   24.   24.   24.   24.   24.
   24.   24. 
   24.   24.   24.   24.   24.   24.   24.   24.   24.   24.   24.   24.
   24.   24.   24.   24.   24.   24.   24.   24.   24.   24.   24.   24.
 2925.   24. 
   24.   24.   24.   24.   24.   24.   24.   24.   24.   24. 2925. 3654.
 3654. 3654. 3654. 2925.   24.   24.   24.   24.   24.   24.   24.   24.
 2925. 3654. 
 3654. 3654. 2925.   24.   24.   24.   24.   24.   24.   24.   24.   24.
   24.   24.   24.   24.   24.   24.   24.   24.   24.   24.   24.   24.
   24.   24. 
   24.   24.   24.   24.   24.   24.   24.   24.   24.   24. 2925.   24.
   24.   24. 2925. 2925. 2925. 2925. 2925. 2925.   24.   24.   24. 2925.
 3654. 3654. 
 3654. 2925.   24.   24.   24.   24.   24.   24.   24.   24.   24. 2925.
 3654. 3654. 2925.   24.   24.   24.   24.   24.   24.   24.   24.   24.
   24.   24. 
   24.   24.   24.   24.   24.   24.   24.   24.   24.   24.   24.   24.
   24.   24.   24.   24.   24.   24.   24.   24.   24.   24.   24.   24.
   24. 2925. 
 2925. 3654. 3654. 3654. 3654. 2925. 2925. 2925.   24. 2925. 2925. 3654.
 3654. 3654. 2925.   24.   24.   24.   24.   24.   24.   24.   24. 2925.
 3654. 3654. 
 3654. 2925.   24.   24.   24.   24.   24.   24.   24.   24.   24.   24.
   24.   24.   24.   24.   24.   24.   24.   24.   24.   24.   24.   24.
   24.   24. 
   24.   24.   24.   24.   24.   24.   24.   24.   24.   24. 2925. 3654.
 3654. 3654. 3654. 3654. 3654. 3654. 3654. 2925. 2925. 2925. 2925. 3654.
 3654. 3654. 
 2925.   24.   24.   24.   24.   24.   24.   24.   24. 2925. 3654. 3654.
 3654. 2925.   24.   24.   24.   24.   24.   24.   24.   24.   24.   24.
   24.   24. 
   24.   24.   24.   24.   24.   24.   24.   24.   24.   24.   24.   24.
   24.   24.   24.   24.   24.   24.   24.   24.   24.   24. 2925. 3654.
 3654. 3654. 
 2925. 3654. 3654. 3654. 3654. 3654. 3654. 3654. 3654. 3654. 3654. 2925.
 2925.   24.   24.   24.   24.   24.   24.   24.   24. 2925. 3654. 3654.
 3654. 2925. 
 24. 24. 24. 24. 24. 24. 24. 24. 24. 24. 24. 24. 24. 24. 24. 24. 24. 24.
 24. 24. 24. 24. 24. 24. 24. 24. 
   24.   24.   24.   24.   24.   24.   24. 2925. 3654. 3654. 3654. 2925.
 2925. 2925. 2925. 3654. 3654. 3654. 3654. 3654. 3654. 3654. 3654. 2925.
   24.   24. 
   24.   24.   24.   24.   24. 2925. 2925. 3654. 3654. 3654. 3654. 2925.
   24.   24.   24.   24.   24.   24.   24.   24.   24.   24.   24.   24.
   24.   24. 
   24.   24.   24.   24.   24.   24.   24.   24.   24.   24.   24.   24.
   24.   24.   24.   24.   24.   24.   24. 2925. 3654. 3654. 3654. 2925.
   24.   24. 
 2925. 2925. 2925. 3654. 3654. 3654. 3654. 3654. 3654. 2925. 2925. 2925.
 2925. 2925. 2925. 2925. 2925. 3654. 3654. 3654. 3654. 3654. 2925.   24.
   24.   24. 
 24. 24. 24. 24. 24. 24. 24. 24. 24. 24. 24. 24. 24. 24. 24. 24. 24. 24.
 24. 24. 24. 24. 24. 24. 24. 24. 
   24.   24.   24.   24.   24. 2925. 3654. 3654. 2925.   24.   24.   24.
   24.   24. 2925. 2925. 2925. 2925. 2925. 2925. 2925. 3654. 3654. 3654.
 3654. 3654. 
 3654. 3654. 3654. 3654. 3654. 3654. 3654. 2925.   24.   24.   24.   24.
   24.   24.   24.   24.   24.   24.   24.   24.   24.   24.   24.   24.
   24.   24. 
   24.   24.   24.   24.   24.   24.   24.   24.   24.   24.   24.   24.
   24.   24.   24.   24.   24. 2925. 3654. 3654. 2925.   24.   24.   24.
   24.   24. 
   24.   24.   24.   24. 2925. 2925. 3654. 3654. 3654. 3654. 3654. 3654.
 3654. 3654. 3654. 3654. 3654. 2925. 2925. 2925.   24.   24.   24.   24.
   24.   24. 
 24. 24. 24. 24. 24. 24. 24. 24. 24. 24. 24. 24. 24. 24. 24. 24. 24. 24.
 24. 24. 24. 24. 24. 24. 24. 24. 
   24.   24.   24. 3654. 3654. 3654. 2925.   24.   24.   24.   24.   24.
   24.   24.   24.   24. 2925. 3654. 3654. 3654. 3654. 2925. 2925. 2925.
 2925. 2925. 
 2925. 2925. 2925. 2925.   24.   24.   24.   24.   24.   24.   24.   24.
   24.   24.   24.   24.   24.   24.   24.   24.   24.   24.   24.   24.
   24.   24. 
 24. 24. 24. 24. 24. 24. 24. 24. 24. 24. 24. 24. 24. 24. 
/