PERMI
 39. 39. 39. 39. 39. 39. 39. 39. 39. 39. 39. 39. 39. 39. 39. 39. 39. 39.
 39. 39. 39. 39. 39. 39. 39. 39. 
 39. 39. 39. 39. 39. 39. 39. 39. 39. 39. 39. 39. 39. 39. 39. 39. 39. 39.
 39. 39. 39. 39. 39. 39. 39. 39. 
 39. 39. 39. 39. 39. 39. 39. 39. 39. 39. 39. 39. 39. 39. 39. 39. 39. 39.
 39. 39. 39. 39. 39. 39. 39. 39. 
 39. 39. 39. 39. 39. 39. 39. 39. 39. 39. 39. 39. 39. 39. 39. 39. 39. 39.
 39. 39. 39. 39. 39. 39. 39. 39. 
 39. 39. 39. 39. 39. 39. 39. 39. 39. 39. 39. 39. 39. 39. 39. 39. 39. 39.
 39. 39. 39. 39. 39. 39. 39. 39. 
 39. 39. 39. 39. 39. 39. 39. 39. 39. 39. 39. 39. 39. 39. 39. 39. 39. 39.
 39. 39. 39. 39. 39. 39. 39. 39. 
 39. 39. 39. 39. 39. 39. 39. 39. 39. 39. 39. 39. 39. 39. 39. 39. 39. 39.
 39. 39. 39. 39. 39. 39. 39. 39. 
 39. 39. 39. 39. 39. 39. 39. 39. 39. 39. 39. 39. 39. 39. 39. 39. 39. 39.
 39. 39. 39. 39. 39. 39. 39. 39. 
 39. 39. 39. 39. 39. 39. 39. 39. 39. 39. 39. 39. 39. 39. 39. 39. 39. 39.
 39. 39. 39. 39. 39. 39. 39. 39. 
 39. 39. 39. 39. 39. 39. 39. 39. 39. 39. 39. 39. 39. 39. 39. 39. 39. 39.
 39. 39. 39. 39. 39. 39. 39. 39. 
 39. 39. 39. 39. 39. 39. 39. 39. 39. 39. 39. 39. 39. 39. 39. 39. 39. 39.
 39. 39. 39. 39. 39. 39. 39. 39. 
 39. 39. 39. 39. 39. 39. 39. 39. 39. 39. 39. 39. 39. 39. 39. 39. 39. 39.
 39. 39. 39. 39. 39. 39. 39. 39. 
 39. 39. 39. 39. 39. 39. 39. 39. 39. 39. 39. 39. 39. 39. 39. 39. 39. 39.
 39. 39. 39. 39. 39. 39. 39. 39. 
 39. 39. 39. 39. 39. 39. 39. 39. 39. 39. 39. 39. 39. 39. 39. 39. 39. 39.
 39. 39. 39. 39. 39. 39. 39. 39. 
 39. 39. 39. 39. 39. 39. 39. 39. 39. 39. 39. 39. 39. 39. 39. 39. 39. 39.
 39. 39. 39. 39. 39. 39. 39. 39. 
 39. 39. 39. 39. 39. 39. 39. 39. 39. 39. 39. 39. 39. 39. 39. 39. 39. 39.
 39. 39. 39. 39. 39. 39. 39. 39. 
 39. 39. 39. 39. 39. 39. 39. 39. 39. 39. 39. 39. 39. 39. 39. 39. 39. 39.
 39. 39. 39. 39. 39. 39. 39. 39. 
 39. 39. 39. 39. 39. 39. 39. 39. 39. 39. 39. 39. 39. 39. 39. 39. 39. 39.
 39. 39. 39. 39. 39. 39. 39. 39. 
 39. 39. 39. 39. 39. 39. 39. 39. 39. 39. 39. 39. 39. 39. 39. 39. 39. 39.
 39. 39. 39. 39. 39. 39. 39. 39. 
 39. 39. 39. 39. 39. 39. 39. 39. 39. 39. 39. 39. 39. 39. 39. 39. 39. 39.
 39. 39. 39. 39. 39. 39. 39. 39. 
 39. 39. 39. 39. 39. 39. 39. 39. 39. 39. 39. 39. 39. 39. 39. 39. 39. 39.
 39. 39. 39. 39. 39. 39. 39. 39. 
 39. 39. 39. 39. 39. 39. 39. 39. 39. 39. 39. 39. 39. 39. 39. 39. 39. 39.
 39. 39. 39. 39. 39. 39. 39. 39. 
 39. 39. 39. 39. 39. 39. 39. 39. 39. 39. 39. 39. 39. 39. 39. 39. 39. 39.
 39. 39. 39. 39. 39. 39. 39. 39. 
 39. 39. 39. 39. 39. 39. 39. 39. 39. 39. 39. 39. 39. 39. 39. 39. 39. 39.
 39. 39. 39. 39. 39. 39. 39. 39. 
 39. 39. 39. 39. 39. 39. 39. 39. 39. 39. 39. 39. 39. 39. 39. 39. 39. 39.
 39. 39. 39. 39. 39. 39. 39. 39. 
 39. 39. 39. 39. 39. 39. 39. 39. 39. 39. 39. 39. 39. 39. 39. 39. 39. 39.
 39. 39. 39. 39. 39. 39. 39. 39. 
 39. 39. 39. 39. 39. 39. 39. 39. 39. 39. 39. 39. 39. 39. 39. 39. 39. 39.
 39. 39. 39. 39. 39. 39. 39. 39. 
 39. 39. 39. 39. 39. 39. 39. 39. 39. 39. 39. 39. 39. 39. 39. 39. 39. 39.
 39. 39. 39. 39. 39. 39. 39. 39. 
 39. 39. 39. 39. 39. 39. 39. 39. 39. 39. 39. 39. 39. 39. 39. 39. 39. 39.
 39. 39. 39. 39. 39. 39. 39. 39. 
 39. 39. 39. 39. 39. 39. 39. 39. 39. 39. 39. 39. 39. 39. 39. 39. 39. 39.
 39. 39. 39. 39. 39. 39. 39. 39. 
 39. 39. 39. 39. 39. 39. 39. 39. 39. 39. 39. 39. 39. 39. 39. 39. 39. 39.
 39. 39. 39. 39. 39. 39. 39. 39. 
 39. 39. 39. 39. 39. 39. 39. 39. 39. 39. 39. 39. 39. 39. 39. 39. 39. 39.
 39. 39. 39. 39. 39. 39. 39. 39. 
 39. 39. 39. 39. 39. 39. 39. 39. 39. 39. 39. 39. 39. 39. 39. 39. 39. 39.
 39. 39. 39. 39. 39. 39. 39. 39. 
 39. 39. 39. 39. 39. 39. 39. 39. 39. 39. 39. 39. 39. 39. 39. 39. 39. 39.
 39. 39. 39. 39. 39. 39. 39. 39. 
 39. 39. 39. 39. 39. 39. 39. 39. 39. 39. 39. 39. 39. 39. 39. 39. 39. 39.
 39. 39. 39. 39. 39. 39. 39. 39. 
 39. 39. 39. 39. 39. 39. 39. 39. 39. 39. 39. 39. 39. 39. 39. 39. 39. 39.
 39. 39. 39. 39. 39. 39. 39. 39. 
 39. 39. 39. 39. 39. 39. 39. 39. 39. 39. 39. 39. 39. 39. 39. 39. 39. 39.
 39. 39. 39. 39. 39. 39. 39. 39. 
 39. 39. 39. 39. 39. 39. 39. 39. 39. 39. 39. 39. 39. 39. 39. 39. 39. 39.
 39. 39. 39. 39. 39. 39. 39. 39. 
 39. 39. 39. 39. 39. 39. 39. 39. 39. 39. 39. 39. 39. 39. 39. 39. 39. 39.
 39. 39. 39. 39. 39. 39. 39. 39. 
 39. 39. 39. 39. 39. 39. 39. 39. 39. 39. 39. 39. 39. 39. 39. 39. 39. 39.
 39. 39. 39. 39. 39. 39. 39. 39. 
 39. 39. 39. 39. 39. 39. 39. 39. 39. 39. 39. 39. 39. 39. 39. 39. 39. 39.
 39. 39. 39. 39. 39. 39. 39. 39. 
 39. 39. 39. 39. 39. 39. 39. 39. 39. 39. 39. 39. 39. 39. 39. 39. 39. 39.
 39. 39. 39. 39. 39. 39. 39. 39. 
 39. 39. 39. 39. 39. 39. 39. 39. 39. 39. 39. 39. 39. 39. 39. 39. 39. 39.
 39. 39. 39. 39. 39. 39. 39. 39. 
 39. 39. 39. 39. 39. 39. 39. 39. 39. 39. 39. 39. 39. 39. 39. 39. 39. 39.
 39. 39. 39. 39. 39. 39. 39. 39. 
 39. 39. 39. 39. 39. 39. 39. 39. 39. 39. 39. 39. 39. 39. 39. 39. 39. 39.
 39. 39. 39. 39. 39. 39. 39. 39. 
 39. 39. 39. 39. 39. 39. 39. 39. 39. 39. 39. 39. 39. 39. 39. 39. 39. 39.
 39. 39. 39. 39. 39. 39. 39. 39. 
 39. 39. 39. 39. 39. 39. 39. 39. 39. 39. 39. 39. 39. 39. 39. 39. 39. 39.
 39. 39. 39. 39. 39. 39. 39. 39. 
 39. 39. 39. 39. 39. 39. 39. 39. 39. 39. 39. 39. 39. 39. 39. 39. 39. 39.
 39. 39. 39. 39. 39. 39. 39. 39. 
 39. 39. 39. 39. 39. 39. 39. 39. 39. 39. 39. 39. 39. 39. 39. 39. 39. 39.
 39. 39. 39. 39. 39. 39. 39. 39. 
 39. 39. 39. 39. 39. 39. 39. 39. 39. 39. 39. 39. 39. 39. 39. 39. 39. 39.
 39. 39. 39. 39. 39. 39. 39. 39. 
 39. 39. 39. 39. 39. 39. 39. 39. 39. 39. 39. 39. 39. 39. 39. 39. 39. 39.
 39. 39. 39. 39. 39. 39. 39. 39. 
 39. 39. 39. 39. 39. 39. 39. 39. 39. 39. 39. 39. 39. 39. 39. 39. 39. 39.
 39. 39. 39. 39. 39. 39. 39. 39. 
 39. 39. 39. 39. 39. 39. 39. 39. 39. 39. 39. 39. 39. 39. 39. 39. 39. 39.
 39. 39. 39. 39. 39. 39. 39. 39. 
 39. 39. 39. 39. 39. 39. 39. 39. 39. 39. 39. 39. 39. 39. 39. 39. 39. 39.
 39. 39. 39. 39. 39. 39. 39. 39. 
 39. 39. 39. 39. 39. 39. 39. 39. 39. 39. 39. 39. 39. 39. 39. 39. 39. 39.
 39. 39. 39. 39. 39. 39. 39. 39. 
 39. 39. 39. 39. 39. 39. 39. 39. 39. 39. 39. 39. 39. 39. 39. 39. 39. 39.
 39. 39. 39. 39. 39. 39. 39. 39. 
 39. 39. 39. 39. 39. 39. 39. 39. 39. 39. 39. 39. 39. 39. 39. 39. 39. 39.
 39. 39. 39. 39. 39. 39. 39. 39. 
 39. 39. 39. 39. 39. 39. 39. 39. 39. 39. 39. 39. 39. 39. 39. 39. 39. 39.
 39. 39. 39. 39. 39. 39. 39. 39. 
 39. 39. 39. 39. 39. 39. 39. 39. 39. 39. 39. 39. 39. 39. 39. 39. 39. 39.
 39. 39. 39. 39. 39. 39. 39. 39. 
 39. 39. 39. 39. 39. 39. 39. 39. 39. 39. 39. 39. 39. 39. 39. 39. 39. 39.
 39. 39. 39. 39. 39. 39. 39. 39. 
 39. 39. 39. 39. 39. 39. 39. 39. 39. 39. 39. 39. 39. 39. 39. 39. 39. 39.
 39. 39. 39. 39. 39. 39. 39. 39. 
   39.   39.   39.   39.   39.   39.   39.   39.   39.   39.   39.   39.
   39.   39.   39.   39.   39.   39.   39.   39.   39.   39. 2493. 2493.
 2493. 2493. 
 39. 39. 39. 39. 39. 39. 39. 39. 39. 39. 39. 39. 39. 39. 39. 39. 39. 39.
 39. 39. 39. 39. 39. 39. 39. 39. 
 39. 39. 39. 39. 39. 39. 39. 39. 39. 39. 39. 39. 39. 39. 39. 39. 39. 39.
 39. 39. 39. 39. 39. 39. 39. 39. 
   39.   39.   39.   39.   39.   39.   39. 2493. 2493. 3149. 3149. 2493.
 2493.   39.   39.   39.   39.   39.   39.   39.   39.   39.   39.   39.
   39.   39. 
 39. 39. 39. 39. 39. 39. 39. 39. 39. 39. 39. 39. 39. 39. 39. 39. 39. 39.
 39. 39. 39. 39. 39. 39. 39. 39. 
   39.   39.   39.   39.   39.   39.   39.   39.   39.   39.   39.   39.
 2493. 2493. 2493. 2493.   39.   39. 2493. 2493. 3149. 3149. 3149. 3149.
 3149. 2493. 
 39. 39. 39. 39. 39. 39. 39. 39. 39. 39. 39. 39. 39. 39. 39. 39. 39. 39.
 39. 39. 39. 39. 39. 39. 39. 39. 
   39.   39.   39.   39.   39.   39.   39.   39.   39.   39.   39.   39.
   39.   39.   39.   39.   39.   39.   39.   39.   39.   39.   39.   39.
 3149. 2493. 
 2493. 2493. 2493. 2493. 2493. 3149. 3149. 3149. 3149. 3149. 3149. 3149.
 2493.   39.   39.   39.   39.   39.   39.   39.   39.   39.   39.   39.
   39.   39. 
 39. 39. 39. 39. 39. 39. 39. 39. 39. 39. 39. 39. 39. 39. 39. 39. 39. 39.
 39. 39. 39. 39. 39. 39. 39. 39. 
   39.   39.   39.   39.   39.   39.   39.   39.   39.   39. 3149. 3149.
 2493. 2493. 2493. 2493. 3149. 3149. 3149. 3149. 3149. 3149. 3149. 3149.
 2493. 2493. 
   39.   39.   39.   39.   39.   39. 2493. 2493. 2493.   39.   39.   39.
   39.   39.   39.   39.   39.   39.   39.   39.   39.   39.   39.   39.
   39.   39. 
   39.   39.   39.   39.   39.   39.   39.   39.   39.   39.   39.   39.
   39.   39.   39.   39.   39.   39.   39.   39.   39. 2493. 3149. 3149.
 3149. 3149. 
 3149. 3149. 3149. 3149. 3149. 2493. 2493. 2493. 3149. 3149. 3149. 2493.
   39.   39.   39.   39. 2493. 2493. 2493. 3149. 2493. 2493. 2493.   39.
   39.   39. 
   39.   39.   39.   39.   39.   39.   39.   39.   39.   39.   39.   39.
   39.   39.   39.   39.   39.   39.   39.   39. 2493. 2493. 2493. 2493.
 2493. 2493. 
   39.   39.   39.   39.   39.   39. 2493. 2493. 3149. 3149. 3149. 3149.
 3149. 3149. 3149. 3149. 2493. 2493.   39. 2493. 2493. 3149. 3149. 2493.
 2493. 2493. 
 2493. 2493. 2493. 3149. 3149. 3149. 3149. 3149. 2493. 2493.   39.   39.
   39.   39. 2493. 2493. 2493. 2493. 2493. 2493.   39.   39.   39.   39.
   39.   39. 
   39.   39.   39.   39. 2493. 2493. 2493. 3149. 3149. 3149. 3149. 2493.
 2493. 2493. 2493.   39.   39.   39. 2493. 3149. 2493. 2493. 2493. 3149.
 3149. 3149. 
 3149. 2493. 2493.   39.   39.   39. 2493. 3149. 3149. 3149. 2493. 2493.
 2493. 2493. 3149. 3149. 3149. 3149. 3149. 3149. 2493. 2493. 2493.   39.
   39. 2493. 
 2493. 3149. 3149. 2493. 3149. 2493. 2493.   39.   39.   39.   39.   39.
   39.   39. 2493. 2493. 2493. 3149. 3149. 3149. 3149. 3149. 3149. 3149.
 3149. 3149. 
 2493. 2493. 2493. 2493. 2493. 2493. 2493. 2493. 2493. 2493. 2493. 2493.
 2493. 2493. 2493. 2493.   39.   39. 2493. 3149. 3149. 3149. 2493. 2493.
 3149. 3149. 
 3149. 3149. 3149. 3149. 3149. 3149. 3149. 2493. 2493.   39.   39. 2493.
 2493. 2493. 2493. 2493. 2493. 2493. 3149. 2493. 2493.   39.   39.   39.
   39.   39. 
 2493. 3149. 3149. 3149. 3149. 3149. 3149. 3149. 3149. 3149. 3149. 3149.
 3149. 3149. 3149. 2493. 2493. 3149. 2493.   39. 2493. 2493. 2493. 2493.
 3149. 3149. 
 3149. 2493. 2493. 2493. 2493. 2493. 3149. 3149. 3149. 3149. 3149. 3149.
 3149. 3149. 2493. 2493. 3149. 3149. 3149. 3149. 2493. 2493. 2493. 2493.
 2493. 3149. 
 3149. 3149. 3149. 3149. 2493. 3149. 2493. 2493.   39.   39. 2493. 2493.
 2493. 3149. 3149. 3149. 3149. 3149. 2493. 2493. 3149. 3149. 3149. 3149.
 3149. 3149. 
 3149. 2493. 3149. 3149. 2493. 2493. 2493. 3149. 3149. 3149. 3149. 3149.
 3149. 3149. 2493. 2493. 2493. 2493. 3149. 3149. 3149. 3149. 3149. 3149.
 3149. 2493. 
 2493. 2493. 3149. 3149. 3149. 3149. 2493. 2493. 2493. 2493. 3149. 3149.
 3149. 3149. 3149. 3149. 2493. 2493. 3149. 2493.   39. 2493. 2493. 3149.
 3149. 2493. 
 2493. 2493. 2493. 2493. 2493. 2493. 2493. 2493. 3149. 3149. 3149. 2493.
 2493. 3149. 3149. 3149. 3149. 3149. 2493. 2493. 2493. 3149. 3149. 3149.
 3149. 3149. 
 3149. 2493. 2493. 2493. 2493. 2493. 3149. 3149. 3149. 3149. 2493. 2493.
 3149. 2493. 2493. 3149. 3149. 3149. 2493. 2493. 2493. 3149. 3149. 3149.
 3149. 3149. 
 3149. 3149. 3149. 2493. 2493. 2493. 2493. 2493. 3149. 3149. 2493. 2493.
 3149. 3149. 3149. 3149. 2493. 2493. 2493. 2493. 2493. 2493. 2493. 2493.
 3149. 3149. 
 3149. 3149. 2493. 2493. 2493. 2493. 2493. 2493. 2493. 3149. 3149. 3149.
 3149. 3149. 2493. 2493. 2493. 2493. 2493. 2493. 2493. 2493. 2493. 3149.
 3149. 2493. 
 2493. 3149. 3149. 3149. 3149. 2493. 2493. 3149. 3149. 3149. 3149. 2493.
 3149. 3149. 3149. 3149. 2493. 3149. 3149. 3149. 3149. 3149. 2493. 3149.
 3149. 3149. 
 3149. 3149. 3149. 3149. 3149. 2493. 2493. 2493. 3149. 3149. 3149. 3149.
 3149. 3149. 3149. 3149. 3149. 3149. 3149. 3149. 2493. 2493. 2493. 3149.
 3149. 3149. 
 3149. 2493. 2493. 3149. 3149. 3149. 3149. 3149. 3149. 2493. 2493. 3149.
 2493. 3149. 3149. 3149. 3149. 3149. 3149. 3149. 3149. 3149. 2493. 2493.
 3149. 3149. 
 3149. 3149. 2493. 3149. 3149. 3149. 3149. 2493. 3149. 3149. 3149. 3149.
 3149. 3149. 3149. 3149. 3149. 3149. 3149. 3149. 3149. 3149. 3149. 3149.
 3149. 2493. 
 3149. 3149. 3149. 3149. 3149. 3149. 3149. 2493. 2493. 2493. 3149. 3149.
 3149. 2493. 3149. 3149. 3149. 3149. 3149. 3149. 3149. 3149. 3149. 2493.
 2493. 2493. 
 3149. 3149. 3149. 3149. 3149. 3149. 3149. 2493. 2493.   39. 2493. 3149.
 3149. 3149. 2493. 3149. 3149. 2493. 2493. 2493. 3149. 3149. 3149. 2493.
 3149. 3149. 
 3149. 3149. 3149. 3149. 3149. 3149. 3149. 3149. 3149. 3149. 2493. 2493.
 3149. 3149. 3149. 3149. 3149. 3149. 3149. 3149. 2493. 2493. 3149. 3149.
 2493. 3149. 
 3149. 3149. 3149. 3149. 3149. 3149. 3149. 3149. 3149. 3149. 2493. 2493.
 3149. 3149. 3149. 3149. 3149. 3149. 3149. 2493. 2493. 2493. 2493. 3149.
 3149. 3149. 
 2493. 2493. 2493. 2493. 3149. 3149. 3149. 3149. 3149. 2493. 2493. 2493.
 2493. 2493. 3149. 3149. 3149. 3149. 3149. 3149. 2493. 2493. 2493. 3149.
 3149. 2493. 
 2493. 2493. 2493. 3149. 3149. 3149. 3149. 2493. 2493. 3149. 2493. 3149.
 3149. 3149. 3149. 2493. 2493. 3149. 3149. 3149. 3149. 3149. 3149. 3149.
 2493. 3149. 
 3149. 3149. 3149. 2493. 2493. 3149. 3149. 2493. 2493. 3149. 3149. 3149.
 3149. 3149. 3149. 3149. 3149. 3149. 3149. 3149. 2493. 3149. 3149. 3149.
 2493. 2493. 
 2493. 2493. 2493. 2493. 2493. 2493.   39.   39. 2493. 2493. 2493. 2493.
 2493.   39. 2493. 3149. 3149. 3149. 3149. 2493. 2493. 2493. 3149. 3149.
 3149. 3149. 
 2493. 2493. 3149. 2493. 2493. 3149. 3149. 3149. 3149. 3149. 3149. 2493.
 2493. 2493. 2493. 2493. 3149. 3149. 3149. 3149. 2493. 2493. 3149. 3149.
 3149. 3149. 
 3149. 3149. 3149. 3149. 3149. 2493. 2493. 3149. 3149. 3149. 3149. 3149.
 3149. 3149. 3149. 3149. 2493.   39.   39.   39.   39. 2493.   39.   39.
   39.   39. 
   39. 2493. 3149. 3149. 3149. 3149. 3149. 3149. 3149. 3149. 3149. 3149.
 2493. 3149. 3149. 3149. 2493. 2493. 3149. 3149. 3149. 3149. 3149. 3149.
 2493. 2493. 
 2493. 2493. 2493. 3149. 3149. 3149. 3149. 2493. 2493. 3149. 3149. 3149.
 3149. 3149. 3149. 3149. 2493. 2493. 2493. 3149. 3149. 3149. 3149. 3149.
 3149. 3149. 
 3149. 2493.   39.   39.   39.   39.   39.   39.   39.   39.   39.   39.
   39.   39. 2493. 2493. 3149. 3149. 3149. 3149. 3149. 3149. 3149. 2493.
 2493. 3149. 
 3149. 3149. 2493. 2493. 2493. 3149. 3149. 3149. 3149. 2493. 2493. 2493.
 2493. 2493. 2493. 2493. 3149. 3149. 3149. 3149. 2493. 2493. 3149. 3149.
 3149. 3149. 
 2493. 2493. 2493.   39. 2493. 2493. 2493. 3149. 3149. 3149. 3149. 3149.
 2493. 2493.   39.   39.   39.   39.   39.   39.   39.   39.   39.   39.
   39.   39. 
   39. 2493. 3149. 3149. 3149. 3149. 3149. 3149. 2493. 2493. 2493. 2493.
 2493. 2493. 2493. 2493. 2493. 2493. 2493. 2493. 2493. 3149. 3149. 3149.
 3149. 2493. 
 2493. 2493. 2493. 3149. 3149. 3149. 3149. 2493. 2493. 2493. 2493. 2493.
 2493.   39.   39.   39.   39.   39. 2493. 2493. 2493. 2493. 2493. 2493.
   39.   39. 
   39.   39.   39.   39.   39.   39.   39.   39.   39.   39.   39.   39.
   39.   39. 2493. 2493. 3149. 2493. 2493. 2493. 2493.   39.   39.   39.
   39.   39. 
   39.   39. 2493.   39. 2493. 2493. 2493. 3149. 3149. 3149. 3149. 3149.
 3149. 3149. 2493. 2493. 3149. 3149. 3149. 3149. 3149. 3149. 3149. 2493.
   39.   39. 
 39. 39. 39. 39. 39. 39. 39. 39. 39. 39. 39. 39. 39. 39. 39. 39. 39. 39.
 39. 39. 39. 39. 39. 39. 39. 39. 
   39. 2493. 2493. 2493. 2493.   39.   39.   39.   39.   39.   39.   39.
   39.   39.   39.   39.   39.   39. 2493. 2493. 3149. 3149. 3149. 3149.
 3149. 3149. 
 3149. 2493. 2493. 3149. 3149. 3149. 3149. 3149. 2493. 2493.   39.   39.
   39.   39.   39.   39.   39.   39.   39.   39.   39.   39.   39.   39.
   39.   39. 
 39. 39. 39. 39. 39. 39. 39. 39. 39. 39. 39. 39. 39. 39. 39. 39. 39. 39.
 39. 39. 39. 39. 39. 39. 39. 39. 
   39.   39.   39.   39.   39. 2493. 2493. 2493. 3149. 3149. 3149. 3149.
 3149. 3149. 2493. 2493. 2493. 2493. 2493. 2493. 3149. 2493.   39.   39.
   39.   39. 
   39.   39.   39.   39.   39. 2493. 2493. 2493. 2493. 2493.   39.   39.
   39.   39.   39. 2493.   39.   39.   39.   39.   39.   39.   39.   39.
   39.   39. 
   39.   39.   39.   39.   39.   39.   39.   39.   39.   39.   39.   39.
   39.   39.   39.   39.   39.   39.   39. 2493. 2493. 2493. 2493. 2493.
 2493. 2493. 
 2493. 2493. 2493. 2493. 3149. 3149. 3149. 2493. 2493.   39.   39.   39.
   39.   39.   39.   39. 2493. 2493. 2493. 3149. 3149. 2493. 2493.   39.
   39.   39. 
 2493. 2493.   39.   39. 2493. 2493. 2493. 2493.   39.   39.   39.   39.
   39.   39.   39.   39.   39.   39.   39.   39.   39.   39.   39.   39.
   39.   39. 
   39.   39.   39.   39.   39.   39.   39. 2493. 2493. 2493. 2493. 2493.
 2493.   39.   39. 2493. 2493. 3149. 3149. 3149. 2493. 2493.   39.   39.
   39.   39. 
   39. 2493. 2493. 3149. 3149. 3149. 3149. 3149. 2493. 2493.   39.   39.
 2493. 2493. 2493. 2493. 2493. 2493. 2493. 2493. 2493. 2493.   39.   39.
   39.   39. 
 39. 39. 39. 39. 39. 39. 39. 39. 39. 39. 39. 39. 39. 39. 39. 39. 39. 39.
 39. 39. 39. 39. 39. 39. 39. 39. 
   39.   39. 2493. 2493. 3149. 3149. 3149. 2493. 2493. 2493. 2493. 2493.
 2493. 2493. 3149. 3149. 3149. 3149. 3149. 3149. 3149. 2493. 2493. 2493.
 2493. 3149. 
 3149. 3149. 3149. 3149. 3149. 3149. 3149. 2493. 2493.   39.   39.   39.
   39.   39.   39.   39.   39.   39.   39.   39.   39.   39.   39.   39.
   39.   39. 
   39.   39.   39.   39.   39.   39.   39.   39.   39.   39.   39.   39.
   39.   39. 2493. 2493. 3149. 3149. 3149. 3149. 3149. 3149. 2493. 3149.
 2493. 2493. 
 3149. 3149. 3149. 2493. 3149. 3149. 3149. 3149. 2493. 2493. 3149. 3149.
 3149. 3149. 3149. 3149. 3149. 3149. 3149. 3149. 2493. 2493.   39.   39.
   39.   39. 
 39. 39. 39. 39. 39. 39. 39. 39. 39. 39. 39. 39. 39. 39. 39. 39. 39. 39.
 39. 39. 39. 39. 39. 39. 39. 39. 
   39. 2493. 2493. 2493. 2493. 2493. 2493. 3149. 3149. 2493. 2493. 3149.
 3149. 3149. 2493. 2493. 2493. 3149. 3149. 3149. 3149. 3149. 3149. 3149.
 3149. 3149. 
 3149. 3149. 3149. 3149. 3149. 3149. 3149. 2493. 2493.   39.   39.   39.
   39.   39.   39.   39.   39. 2493. 2493. 2493.   39.   39.   39.   39.
   39.   39. 
 2493. 2493. 2493. 2493. 2493.   39.   39.   39.   39.   39.   39.   39.
 2493. 2493. 3149. 3149. 3149. 3149. 2493. 2493. 2493. 2493. 3149. 3149.
 3149. 3149. 
 2493. 2493. 2493. 2493. 3149. 3149. 3149. 3149. 3149. 3149. 3149. 2493.
 2493. 2493. 2493. 3149. 3149. 3149. 3149. 2493. 2493.   39.   39.   39.
   39.   39. 
   39. 2493. 2493. 2493. 2493. 2493. 2493.   39.   39.   39.   39. 2493.
 2493. 2493. 3149. 3149. 2493. 2493. 2493.   39.   39.   39.   39. 2493.
 3149. 3149. 
 3149. 3149. 3149. 3149. 3149. 3149. 3149. 3149. 3149. 3149. 3149. 2493.
 2493.   39.   39. 2493. 2493. 3149. 3149. 3149. 3149. 3149. 2493. 2493.
 2493. 2493. 
 2493. 2493. 3149. 3149. 3149. 3149. 2493. 2493.   39.   39. 2493. 2493.
 2493. 2493. 3149. 3149. 3149. 3149. 2493. 2493.   39.   39. 2493. 2493.
 3149. 3149. 
 3149. 3149. 3149. 2493. 2493. 2493.   39.   39. 2493. 2493. 3149. 3149.
 3149. 3149. 3149. 3149. 3149. 3149. 3149. 3149. 3149. 3149. 3149. 2493.
   39.   39. 
   39.   39. 2493. 2493. 2493. 2493. 2493. 2493.   39.   39.   39.   39.
   39. 2493. 2493. 3149. 3149. 3149. 3149. 2493. 2493. 2493. 2493. 2493.
 3149. 3149. 
 3149. 3149. 3149. 3149. 3149. 2493.   39. 2493. 2493. 3149. 3149. 3149.
 3149. 3149. 3149. 3149. 3149. 2493.   39.   39. 2493. 3149. 3149. 3149.
 3149. 2493. 
 3149. 3149. 3149. 3149. 3149. 3149. 3149. 3149. 2493. 2493.   39.   39.
   39.   39.   39.   39. 2493. 2493. 3149. 3149.   39.   39.   39.   39.
   39.   39. 
 2493. 3149. 3149. 3149. 3149. 3149. 2493. 2493. 3149. 3149. 3149. 3149.
 3149. 3149. 3149. 3149. 3149. 2493. 2493. 2493. 2493. 3149. 3149. 3149.
 2493. 2493. 
 3149. 3149. 3149. 2493. 2493. 2493. 2493. 3149. 3149. 3149. 3149. 2493.
 2493. 2493. 3149. 3149. 3149. 3149. 3149. 2493.   39.   39.   39.   39.
   39.   39. 
   39.   39.   39. 2493. 2493. 2493.   39.   39.   39.   39.   39.   39.
   39. 2493. 3149. 3149. 3149. 3149. 3149. 3149. 3149. 3149. 3149. 3149.
 3149. 2493. 
 3149. 3149. 3149. 3149. 2493. 2493. 3149. 3149. 3149. 2493. 2493. 2493.
 3149. 3149. 3149. 3149. 3149. 2493. 2493. 3149. 3149. 3149. 3149. 2493.
 2493. 2493. 
 2493. 2493. 2493. 2493. 2493. 2493.   39.   39.   39.   39.   39.   39.
   39.   39.   39.   39.   39.   39.   39.   39.   39.   39.   39.   39.
   39. 2493. 
 2493. 2493. 3149. 3149. 3149. 3149. 3149. 3149. 3149. 2493. 2493. 2493.
 2493. 3149. 3149. 3149. 2493. 2493. 3149. 3149. 3149. 2493.   39. 2493.
 2493. 2493. 
 3149. 3149. 3149. 2493. 2493. 3149. 3149. 3149. 2493. 2493.   39.   39.
   39.   39. 2493.   39.   39.   39.   39.   39.   39.   39.   39.   39.
   39.   39. 
   39.   39.   39.   39.   39.   39.   39.   39.   39.   39.   39.   39.
   39. 2493. 2493. 3149. 3149. 3149. 2493. 2493. 2493. 2493.   39. 2493.
 2493. 3149. 
 3149. 3149. 2493. 3149. 3149. 3149. 2493. 2493.   39.   39.   39. 2493.
 3149. 3149. 3149. 3149. 3149. 3149. 3149. 3149. 2493.   39.   39.   39.
   39.   39. 
 39. 39. 39. 39. 39. 39. 39. 39. 39. 39. 39. 39. 39. 39. 39. 39. 39. 39.
 39. 39. 39. 39. 39. 39. 39. 39. 
 2493. 2493. 2493. 2493. 2493. 2493.   39.   39.   39.   39. 2493. 3149.
 3149. 3149. 3149. 3149. 3149. 3149. 2493.   39.   39.   39.   39. 2493.
 2493. 2493. 
 3149. 3149. 3149. 3149. 3149. 2493. 2493.   39.   39.   39.   39.   39.
   39.   39.   39.   39.   39.   39.   39.   39.   39.   39.   39.   39.
   39.   39. 
   39.   39.   39.   39.   39.   39.   39.   39.   39.   39.   39.   39.
   39.   39.   39.   39.   39.   39.   39.   39.   39.   39. 2493. 2493.
 3149. 3149. 
 3149. 3149. 3149. 2493. 2493.   39.   39.   39.   39.   39.   39. 2493.
 3149. 3149. 3149. 3149. 2493. 2493.   39.   39.   39.   39.   39.   39.
   39.   39. 
 39. 39. 39. 39. 39. 39. 39. 39. 39. 39. 39. 39. 39. 39. 
/