PERMI
 2162. 2162. 2162.   28.   28.   28.   28.   28.   28.   28.   28.   28.
   28.   28.   28.   28.   28.   28.   28.   28.   28.   28.   28.   28.
   28.   28. 
 2162. 2162. 2757. 2757. 2757. 2162. 2162.   28.   28.   28.   28. 2162.
 2162. 2757. 2757. 2757. 2757. 2162. 2162. 2162. 2757. 2757. 2757. 2757.
 2757. 2757. 
 2757. 2162. 2757. 2757. 2757. 2757. 2162.   28.   28.   28.   28.   28.
 2757. 2162. 2162.   28.   28.   28.   28.   28.   28.   28.   28.   28.
   28.   28. 
   28.   28.   28.   28.   28.   28.   28.   28.   28.   28.   28.   28.
   28. 2162. 2162. 2162. 2162. 2162.   28.   28.   28.   28.   28.   28.
 2162. 2162. 
 2757. 2757. 2757. 2757. 2757. 2757. 2757. 2757. 2757. 2757. 2757. 2162.
 2162. 2162. 2162. 2757. 2757. 2757. 2162.   28.   28.   28.   28.   28.
 2757. 2757. 
 2162. 2162.   28.   28.   28.   28.   28.   28.   28.   28.   28.   28.
   28.   28.   28.   28.   28.   28.   28.   28.   28.   28.   28.   28.
   28.   28. 
   28.   28.   28.   28.   28.   28.   28.   28.   28.   28. 2162. 2162.
 2757. 2757. 2757. 2757. 2757. 2757. 2757. 2757. 2757. 2757. 2162. 2162.
 2162. 2162. 
 2162. 2757. 2757. 2757. 2162.   28.   28.   28.   28.   28. 2757. 2757.
 2757. 2162.   28.   28.   28.   28.   28.   28.   28.   28.   28.   28.
   28.   28. 
   28.   28.   28.   28.   28.   28.   28.   28.   28.   28.   28.   28.
   28.   28.   28.   28.   28.   28.   28.   28.   28.   28.   28. 2162.
 2162. 2757. 
 2757. 2757. 2757. 2757. 2757. 2757. 2162. 2162. 2162.   28.   28. 2162.
 2162. 2757. 2757. 2757. 2162. 2162.   28.   28.   28.   28. 2757. 2757.
 2757. 2162. 
 2162.   28.   28.   28. 2162. 2162. 2162. 2162. 2162. 2162. 2162. 2162.
   28.   28.   28.   28.   28.   28.   28.   28.   28.   28.   28.   28.
   28.   28. 
   28.   28.   28.   28.   28.   28.   28.   28.   28.   28. 2162. 2162.
 2162. 2757. 2757. 2162. 2162. 2162. 2162. 2162.   28.   28.   28.   28.
 2162. 2757. 
 2757. 2757. 2162. 2162.   28.   28. 2162. 2162. 2162. 2757. 2757. 2162.
 2162.   28. 2162. 2162. 2162. 2162. 2162. 2162. 2162. 2162. 2162. 2162.
 2162. 2162. 
   28.   28.   28.   28.   28.   28.   28.   28.   28.   28.   28.   28.
   28.   28.   28.   28.   28.   28.   28.   28.   28.   28.   28. 2162.
 2162. 2162. 
 2162. 2162. 2162.   28.   28.   28.   28.   28.   28.   28. 2162. 2757.
 2757. 2757. 2757. 2162.   28. 2162. 2757. 2757. 2162. 2757. 2757. 2757.
 2162. 2162. 
 2162. 2162. 2757. 2757. 2757. 2757. 2757. 2757. 2757. 2757. 2757. 2162.
 2162.   28.   28.   28.   28.   28.   28.   28.   28.   28.   28.   28.
   28.   28. 
   28.   28.   28.   28.   28.   28.   28.   28.   28.   28.   28.   28.
   28.   28.   28.   28.   28.   28.   28.   28.   28.   28. 2162. 2757.
 2757. 2757. 
 2757. 2162. 2162. 2162. 2757. 2757. 2162. 2162. 2757. 2757. 2757. 2162.
 2757. 2757. 2757. 2757. 2757. 2757. 2757. 2757. 2757. 2757. 2757. 2162.
 2162.   28. 
 28. 28. 28. 28. 28. 28. 28. 28. 28. 28. 28. 28. 28. 28. 28. 28. 28. 28.
 28. 28. 28. 28. 28. 28. 28. 28. 
   28.   28.   28.   28.   28.   28.   28.   28. 2162. 2757. 2757. 2757.
 2757. 2162. 2162. 2757. 2757. 2757. 2162. 2162. 2757. 2757. 2757. 2757.
 2757. 2757. 
 2757. 2757. 2757. 2757. 2162. 2757. 2757. 2757. 2757. 2162. 2162.   28.
   28.   28.   28.   28.   28.   28.   28.   28.   28.   28.   28.   28.
   28.   28. 
   28.   28.   28.   28.   28.   28.   28.   28.   28.   28.   28.   28.
   28.   28.   28.   28.   28.   28.   28.   28. 2162. 2162. 2757. 2757.
 2757. 2162. 
 2757. 2757. 2757. 2162.   28. 2162. 2162. 2757. 2757. 2757. 2757. 2757.
 2757. 2757. 2162. 2162. 2162. 2162. 2162. 2757. 2757. 2757. 2162.   28.
   28.   28. 
 28. 28. 28. 28. 28. 28. 28. 28. 28. 28. 28. 28. 28. 28. 28. 28. 28. 28.
 28. 28. 28. 28. 28. 28. 28. 28. 
   28.   28.   28.   28.   28.   28.   28. 2162. 2162. 2757. 2757. 2757.
 2757. 2757. 2757. 2162.   28.   28. 2162. 2162. 2162. 2757. 2162. 2162.
 2162. 2162. 
 2162. 2162. 2162. 2162. 2757. 2757. 2757. 2162. 2162.   28.   28.   28.
   28.   28.   28.   28.   28.   28.   28.   28.   28.   28.   28.   28.
   28.   28. 
   28.   28.   28.   28.   28.   28.   28.   28.   28.   28.   28.   28.
   28.   28.   28.   28.   28.   28.   28. 2162. 2162. 2757. 2757. 2757.
 2757. 2757. 
 2162. 2162.   28.   28.   28. 2162. 2162. 2162. 2162. 2162. 2162.   28.
   28. 2162. 2162. 2162. 2757. 2757. 2757. 2162. 2162.   28.   28.   28.
   28.   28. 
 28. 28. 28. 28. 28. 28. 28. 28. 28. 28. 28. 28. 28. 28. 28. 28. 28. 28.
 28. 28. 28. 28. 28. 28. 28. 28. 
   28.   28.   28.   28.   28.   28. 2162. 2162. 2162. 2757. 2162. 2162.
 2162.   28.   28.   28.   28.   28. 2162. 2162. 2162. 2162. 2162.   28.
   28. 2162. 
 2162. 2757. 2757. 2757. 2162. 2162.   28.   28. 2162. 2162. 2162. 2162.
 2162.   28.   28.   28.   28.   28.   28.   28.   28.   28.   28.   28.
   28.   28. 
   28.   28.   28.   28.   28.   28.   28.   28.   28.   28.   28.   28.
   28.   28.   28.   28.   28.   28.   28. 2162. 2162. 2162. 2162.   28.
   28.   28. 
   28.   28.   28. 2162. 2757. 2757. 2757. 2757. 2162. 2162. 2162. 2162.
 2757. 2757. 2757. 2757. 2162. 2162. 2162. 2162. 2162. 2162. 2162. 2162.
 2162. 2162. 
 28. 28. 28. 28. 28. 28. 28. 28. 28. 28. 28. 28. 28. 28. 28. 28. 28. 28.
 28. 28. 28. 28. 28. 28. 28. 28. 
   28.   28.   28.   28.   28.   28.   28.   28.   28.   28.   28.   28.
   28.   28. 2162. 2162. 2757. 2757. 2757. 2757. 2757. 2757. 2162. 2162.
 2757. 2757. 
 2757. 2162. 2162. 2162. 2162. 2162. 2162. 2757. 2757. 2757. 2162. 2162.
   28.   28.   28.   28.   28.   28.   28.   28.   28.   28.   28.   28.
   28.   28. 
   28.   28.   28.   28.   28.   28.   28.   28.   28.   28.   28.   28.
   28.   28.   28.   28.   28.   28.   28.   28.   28.   28.   28.   28.
 2162. 2162. 
 2757. 2757. 2757. 2757. 2757. 2757. 2757. 2757. 2162. 2162. 2757. 2757.
 2162. 2162. 2162. 2757. 2757. 2757. 2757. 2757. 2757. 2757. 2162. 2162.
 2162.   28. 
 28. 28. 28. 28. 28. 28. 28. 28. 28. 28. 28. 28. 28. 28. 28. 28. 28. 28.
 28. 28. 28. 28. 28. 28. 28. 28. 
   28.   28.   28.   28.   28.   28.   28.   28.   28.   28. 2162. 2757.
 2757. 2757. 2757. 2757. 2162. 2757. 2757. 2757. 2162. 2757. 2757. 2757.
 2757. 2757. 
 2757. 2757. 2757. 2757. 2757. 2757. 2757. 2757. 2757. 2162. 2162.   28.
   28.   28.   28.   28.   28.   28.   28.   28.   28.   28.   28.   28.
   28.   28. 
   28.   28.   28.   28.   28.   28.   28.   28.   28.   28.   28.   28.
   28.   28.   28.   28.   28.   28.   28.   28.   28.   28. 2162. 2757.
 2757. 2757. 
 2162. 2162. 2162. 2757. 2757. 2757. 2757. 2162. 2757. 2757. 2757. 2757.
 2757. 2757. 2757. 2757. 2757. 2162. 2162. 2757. 2757. 2757. 2162. 2162.
   28.   28. 
 28. 28. 28. 28. 28. 28. 28. 28. 28. 28. 28. 28. 28. 28. 28. 28. 28. 28.
 28. 28. 28. 28. 28. 28. 28. 28. 
   28.   28.   28.   28.   28.   28.   28.   28. 2162. 2162. 2757. 2162.
 2162. 2162. 2757. 2757. 2757. 2757. 2162. 2162. 2162. 2757. 2757. 2757.
 2757. 2757. 
 2757. 2162. 2162. 2162. 2162. 2757. 2757. 2757. 2162. 2162.   28.   28.
   28.   28.   28.   28.   28.   28.   28.   28.   28.   28.   28.   28.
   28.   28. 
   28.   28.   28.   28.   28.   28.   28.   28.   28.   28.   28.   28.
   28.   28.   28.   28.   28.   28.   28.   28. 2162. 2162. 2162.   28.
   28. 2162. 
 2757. 2757. 2757. 2757. 2162. 2162. 2162. 2162. 2162. 2162. 2162. 2162.
 2162. 2162. 2162. 2162. 2162. 2757. 2757. 2757. 2162. 2162.   28.   28.
   28.   28. 
 28. 28. 28. 28. 28. 28. 28. 28. 28. 28. 28. 28. 28. 28. 28. 28. 28. 28.
 28. 28. 28. 28. 28. 28. 28. 28. 
   28.   28.   28.   28.   28.   28. 2757. 2162. 2162.   28.   28. 2162.
 2757. 2757. 2757. 2757. 2162.   28. 2162. 2162. 2162. 2162. 2162. 2162.
 2162.   28. 
   28. 2162. 2162. 2757. 2757. 2757. 2162. 2162.   28.   28.   28.   28.
   28.   28.   28.   28.   28.   28.   28.   28.   28.   28.   28.   28.
   28.   28. 
   28.   28.   28.   28.   28.   28.   28.   28.   28.   28.   28.   28.
   28.   28.   28.   28.   28.   28. 2757. 2162. 2162.   28.   28. 2162.
 2757. 2757. 
 2757. 2162.   28.   28.   28.   28. 2162. 2162.   28.   28.   28.   28.
   28. 2162. 2162. 2757. 2757. 2757. 2757. 2162. 2162.   28. 2162. 2162.
 2162.   28. 
 28. 28. 28. 28. 28. 28. 28. 28. 28. 28. 28. 28. 28. 28. 28. 28. 28. 28.
 28. 28. 28. 28. 28. 28. 28. 28. 
   28.   28.   28.   28. 2757. 2757. 2162.   28.   28. 2757. 2757. 2757.
 2162. 2162. 2162. 2162.   28.   28.   28.   28.   28.   28.   28.   28.
   28. 2162. 
 2162. 2757. 2757. 2757. 2757. 2162. 2162. 2162. 2162. 2162. 2162. 2162.
 2162.   28.   28.   28.   28.   28.   28.   28.   28.   28.   28.   28.
   28.   28. 
   28.   28.   28.   28.   28.   28.   28.   28.   28.   28.   28.   28.
   28.   28.   28.   28. 2757. 2757. 2162.   28.   28. 2162. 2757. 2162.
 2162. 2162. 
 2162. 2162. 2162. 2162. 2162. 2162. 2162. 2162. 2162. 2162.   28. 2162.
 2162. 2757. 2757. 2757. 2757. 2162. 2162. 2162. 2162. 2757. 2162. 2162.
 2162. 2162. 
 2162. 2162.   28.   28.   28.   28.   28.   28.   28.   28.   28.   28.
   28.   28.   28.   28.   28.   28.   28.   28.   28.   28.   28.   28.
   28.   28. 
   28.   28. 2757. 2757. 2162.   28.   28. 2162. 2162. 2162. 2162. 2757.
 2757. 2757. 2162. 2162. 2162. 2757. 2757. 2757. 2757. 2757. 2162. 2162.
 2162. 2757. 
 2757. 2757. 2757. 2162. 2162. 2757. 2757. 2757. 2757. 2757. 2162. 2162.
 2162. 2162. 2162.   28.   28.   28.   28.   28.   28.   28.   28.   28.
   28.   28. 
   28.   28.   28.   28.   28.   28.   28.   28.   28.   28.   28.   28.
   28.   28. 2757. 2757. 2162. 2162.   28. 2162. 2162. 2162. 2757. 2757.
 2757. 2757. 
 2757. 2162. 2162. 2757. 2757. 2757. 2757. 2757. 2757. 2162. 2162. 2757.
 2757. 2757. 2162. 2162. 2757. 2757. 2757. 2757. 2757. 2757. 2757. 2757.
 2757. 2162. 
 2162. 2162.   28.   28.   28.   28.   28.   28.   28.   28.   28.   28.
   28.   28.   28.   28.   28.   28.   28.   28.   28.   28.   28.   28.
   28.   28. 
 2757. 2757. 2162. 2162. 2162. 2162. 2162. 2757. 2757. 2757. 2757. 2757.
 2757. 2757. 2162. 2162. 2757. 2757. 2757. 2757. 2757. 2162. 2162. 2757.
 2757. 2757. 
 2757. 2757. 2757. 2757. 2757. 2757. 2757. 2757. 2757. 2757. 2757. 2757.
 2162. 2162. 2162.   28.   28.   28.   28.   28.   28.   28.   28.   28.
   28.   28. 
   28.   28.   28.   28.   28.   28.   28.   28.   28.   28.   28.   28.
 2757. 2757. 2162.   28. 2162. 2162. 2757. 2757. 2757. 2162. 2162. 2757.
 2757. 2757. 
 2162. 2162. 2162. 2162. 2757. 2757. 2757. 2162. 2162. 2162. 2757. 2757.
 2757. 2757. 2757. 2757. 2162. 2162. 2162. 2757. 2757. 2757. 2757. 2757.
 2757. 2162. 
 2162.   28.   28.   28.   28.   28.   28.   28.   28.   28.   28.   28.
   28.   28.   28.   28.   28.   28.   28.   28.   28.   28.   28.   28.
 2757. 2757. 
 2162. 2162. 2162. 2757. 2757. 2757. 2162. 2162. 2162. 2162. 2757. 2757.
 2757. 2162.   28. 2162. 2757. 2757. 2757. 2162. 2162. 2162. 2757. 2757.
 2757. 2757. 
 2162. 2162. 2162. 2162. 2162. 2162. 2757. 2757. 2757. 2757. 2757. 2162.
 2162.   28.   28.   28.   28.   28.   28.   28.   28.   28.   28.   28.
   28.   28. 
   28.   28.   28.   28.   28.   28.   28.   28.   28.   28. 2757. 2757.
 2162. 2162. 2757. 2757. 2757. 2757. 2162. 2162. 2162. 2162. 2757. 2757.
 2757. 2162. 
   28. 2162. 2757. 2757. 2757. 2162. 2162. 2162. 2162. 2162. 2162. 2162.
 2757. 2757. 2757. 2162. 2162. 2162. 2162. 2757. 2757. 2757. 2757. 2162.
 2162.   28. 
   28.   28.   28.   28.   28.   28.   28.   28.   28.   28.   28.   28.
   28.   28.   28.   28.   28.   28.   28.   28.   28.   28. 2757. 2757.
 2757. 2757. 
 2757. 2757. 2757. 2162. 2162.   28.   28. 2162. 2757. 2757. 2757. 2162.
 2162. 2162. 2757. 2757. 2757. 2162.   28. 2162. 2162. 2162. 2757. 2757.
 2757. 2757. 
 2757. 2757. 2162. 2162. 2162. 2757. 2757. 2757. 2757. 2162. 2162.   28.
   28.   28.   28.   28.   28.   28.   28.   28.   28.   28.   28.   28.
   28.   28. 
   28.   28.   28.   28.   28.   28.   28.   28. 2757. 2757. 2757. 2757.
 2757. 2757. 2162. 2162.   28.   28.   28. 2162. 2757. 2757. 2757. 2162.
 2162. 2162. 
 2757. 2757. 2757. 2162.   28.   28. 2162. 2162. 2757. 2757. 2757. 2757.
 2757. 2757. 2757. 2162. 2162. 2757. 2757. 2757. 2757. 2162. 2162.   28.
   28.   28. 
   28.   28.   28.   28.   28.   28.   28.   28.   28.   28.   28.   28.
   28.   28.   28.   28.   28.   28.   28.   28. 2757. 2757. 2757. 2757.
 2162. 2162. 
 2162.   28.   28.   28.   28. 2162. 2757. 2757. 2757. 2162. 2162. 2162.
 2162. 2162. 2162. 2162. 2162. 2162. 2162. 2162. 2162. 2162. 2162. 2757.
 2757. 2757. 
 2757. 2162. 2162. 2757. 2757. 2757. 2757. 2162. 2162.   28.   28.   28.
   28.   28.   28.   28.   28.   28.   28.   28.   28.   28.   28.   28.
   28.   28. 
   28.   28.   28.   28.   28.   28. 2162. 2162. 2162. 2162. 2162. 2162.
   28.   28.   28.   28.   28. 2162. 2162. 2757. 2757. 2757. 2162. 2162.
 2162. 2162. 
 2757. 2757. 2757. 2757. 2757. 2757. 2757. 2757. 2162. 2162. 2757. 2757.
 2757. 2162. 2162. 2757. 2757. 2757. 2757. 2162. 2162.   28.   28.   28.
   28.   28. 
   28.   28.   28.   28.   28.   28.   28.   28.   28.   28.   28.   28.
   28.   28.   28.   28.   28.   28.   28. 2162. 2162.   28.   28.   28.
   28.   28. 
   28.   28.   28. 2162. 2162. 2757. 2757. 2757. 2162. 2757. 2757. 2757.
 2757. 2757. 2757. 2757. 2757. 2757. 2757. 2757. 2757. 2162. 2757. 2757.
 2757. 2162. 
 2162. 2757. 2757. 2757. 2757. 2162. 2162. 2162.   28.   28.   28. 2162.
 2162. 2162. 2162. 2162. 2162. 2162. 2162.   28.   28.   28.   28.   28.
   28.   28. 
   28.   28.   28.   28.   28.   28.   28.   28.   28.   28.   28.   28.
   28.   28.   28.   28. 2162. 2757. 2757. 2757. 2757. 2757. 2757. 2757.
 2757. 2757. 
 2757. 2757. 2162. 2162. 2757. 2757. 2757. 2162. 2162. 2757. 2757. 2162.
 2162. 2162. 2757. 2757. 2757. 2757. 2162. 2162. 2162. 2162. 2162. 2162.
 2162. 2162. 
 2162. 2162. 2162. 2162. 2162. 2162. 2162.   28.   28.   28.   28.   28.
   28.   28.   28.   28.   28.   28.   28.   28.   28.   28.   28.   28.
   28.   28. 
   28.   28. 2162. 2162. 2757. 2757. 2757. 2757. 2757. 2757. 2162. 2162.
 2162. 2162. 2162. 2162. 2162. 2757. 2757. 2757. 2162. 2757. 2757. 2162.
 2162. 2162. 
 2757. 2757. 2757. 2757. 2162. 2162. 2162. 2162. 2757. 2757. 2757. 2162.
 2162. 2757. 2757. 2757. 2757. 2162. 2162. 2162.   28.   28.   28.   28.
   28.   28. 
   28.   28.   28.   28.   28.   28.   28.   28.   28.   28.   28.   28.
   28.   28.   28. 2162. 2162. 2162. 2757. 2757. 2162. 2162. 2162. 2162.
 2757. 2757. 
 2162.   28. 2162. 2757. 2757. 2757. 2162. 2757. 2757. 2162. 2162. 2162.
 2162. 2757. 2757. 2162. 2162. 2757. 2757. 2757. 2757. 2757. 2757. 2757.
 2162. 2162. 
 2757. 2757. 2757. 2757. 2162. 2162. 2162.   28.   28.   28.   28.   28.
   28.   28.   28.   28.   28.   28.   28.   28.   28.   28.   28.   28.
   28.   28. 
   28.   28. 2162. 2162. 2162. 2162. 2162. 2162. 2757. 2162. 2162. 2162.
   28.   28. 2162. 2757. 2757. 2757. 2162. 2162. 2757. 2757. 2162. 2162.
 2162. 2162. 
 2162. 2757. 2757. 2757. 2757. 2757. 2757. 2757. 2757. 2757. 2757. 2162.
 2757. 2757. 2757. 2757. 2757. 2162. 2162.   28.   28.   28.   28.   28.
   28.   28. 
   28.   28.   28.   28.   28.   28.   28.   28.   28.   28.   28.   28.
   28.   28.   28.   28.   28.   28.   28.   28. 2162. 2162. 2162.   28.
   28.   28. 
 2162. 2162. 2757. 2757. 2757. 2162. 2757. 2757. 2162. 2162. 2162. 2162.
 2757. 2162. 2162. 2757. 2757. 2757. 2757. 2757. 2757. 2757. 2757. 2757.
 2162. 2162. 
 2757. 2757. 2757. 2162. 2162. 2162.   28.   28.   28.   28.   28.   28.
   28.   28.   28.   28.   28.   28.   28.   28.   28.   28.   28.   28.
   28.   28. 
   28.   28.   28.   28.   28.   28.   28.   28.   28.   28.   28.   28.
 2162. 2162. 2757. 2757. 2162. 2162. 2757. 2757. 2757. 2162. 2162. 2162.
 2162. 2162. 
 2162. 2162. 2162. 2162. 2162. 2162. 2757. 2757. 2757. 2757. 2162. 2162.
 2757. 2757. 2757. 2757. 2162. 2162.   28.   28.   28.   28.   28.   28.
   28.   28. 
   28.   28.   28.   28.   28.   28.   28.   28.   28.   28.   28.   28.
   28.   28.   28.   28.   28.   28.   28.   28.   28.   28.   28.   28.
 2162. 2162. 
 2757. 2757. 2757. 2162. 2757. 2757. 2162. 2162. 2162. 2162. 2757. 2757.
 2757. 2757. 2162. 2162. 2162. 2162. 2162. 2757. 2757. 2757. 2162. 2162.
 2162. 2757. 
 2757. 2757. 2162. 2162.   28.   28.   28.   28.   28.   28.   28.   28.
   28.   28.   28. 2162. 2162. 2162. 2162.   28.   28.   28.   28.   28.
   28.   28. 
   28.   28.   28.   28.   28.   28.   28.   28.   28.   28. 2162. 2162.
 2757. 2757. 2162. 2162. 2162. 2162. 2162. 2757. 2757. 2757. 2757. 2757.
 2757. 2757. 
 2757. 2162. 2162.   28. 2162. 2757. 2757. 2757. 2162. 2162. 2162. 2757.
 2757. 2757. 2162. 2162.   28.   28.   28.   28.   28.   28.   28.   28.
 2162. 2162. 
 2162. 2162. 2162. 2162. 2162. 2162. 2162.   28.   28.   28.   28.   28.
   28.   28.   28.   28.   28.   28.   28.   28.   28.   28. 2162. 2162.
 2757. 2757. 
 2162. 2162. 2162. 2162. 2757. 2757. 2757. 2757. 2757. 2757. 2757. 2757.
 2757. 2757. 2162. 2162. 2162. 2757. 2757. 2757. 2162. 2162. 2162. 2757.
 2757. 2757. 
 2162. 2162. 2162.   28.   28.   28.   28.   28. 2162. 2162. 2162. 2162.
 2757. 2757. 2757. 2757. 2757. 2162. 2162. 2162.   28.   28.   28.   28.
   28.   28. 
   28.   28.   28.   28.   28.   28.   28.   28. 2162. 2162. 2757. 2757.
 2162. 2162. 2162. 2757. 2757. 2757. 2757. 2757. 2162. 2162. 2162. 2757.
 2757. 2757. 
 2162. 2162. 2757. 2757. 2757. 2757. 2162. 2162. 2162. 2162. 2162. 2757.
 2757. 2162. 2162.   28.   28.   28.   28.   28. 2162. 2162. 2757. 2757.
 2757. 2757. 
 2757. 2757. 2757. 2757. 2757. 2162. 2162.   28.   28.   28.   28.   28.
   28.   28.   28.   28.   28.   28.   28.   28. 2162. 2162. 2757. 2757.
 2162. 2162. 
 2757. 2757. 2757. 2757. 2162. 2162. 2162. 2162. 2162. 2757. 2757. 2757.
 2757. 2162. 2757. 2757. 2757. 2162. 2162. 2162. 2162. 2162. 2162. 2162.
 2757. 2757. 
 2162. 2162.   28.   28.   28.   28. 2757. 2757. 2757. 2757. 2757. 2757.
 2757. 2757. 2757. 2757. 2757. 2162. 2162. 2162.   28.   28.   28.   28.
   28.   28. 
   28.   28.   28.   28.   28.   28. 2162. 2162. 2757. 2757. 2757. 2757.
 2757. 2757. 2757. 2162. 2162.   28.   28. 2162. 2162. 2757. 2757. 2757.
 2757. 2162. 
 2757. 2757. 2162. 2162. 2757. 2757. 2757. 2757. 2162. 2162. 2162. 2162.
 2162. 2162. 2162.   28. 2162. 2162. 2757. 2757. 2757. 2757. 2162. 2162.
 2162. 2162. 
 2757. 2757. 2757. 2757. 2162. 2162.   28.   28.   28.   28.   28.   28.
 2162. 2162. 2162. 2162. 2162.   28.   28. 2162. 2757. 2757. 2757. 2757.
 2757. 2757. 
 2162. 2162.   28.   28.   28.   28. 2162. 2757. 2757. 2757. 2757. 2162.
 2162. 2162. 2162. 2757. 2757. 2757. 2757. 2757. 2757. 2757. 2162. 2162.
 2757. 2162. 
 2162. 2162. 2162. 2162. 2757. 2162. 2162. 2162. 2162. 2162. 2162. 2162.
 2162. 2757. 2757. 2757. 2757. 2162. 2162.   28.   28.   28.   28. 2162.
 2162. 2162. 
 2162. 2162. 2162. 2162. 2162. 2162. 2162. 2162. 2162. 2757. 2162. 2162.
 2162.   28.   28.   28.   28.   28. 2162. 2162. 2757. 2757. 2757. 2162.
 2162. 2162. 
 2757. 2757. 2757. 2757. 2757. 2757. 2757. 2757. 2757. 2162. 2162. 2162.
 2162. 2162. 2162. 2162. 2162. 2162. 2162. 2162. 2162. 2162.   28. 2162.
 2162. 2757. 
 2757. 2757. 2757. 2162. 2162.   28.   28. 2162. 2162. 2162. 2757. 2757.
 2757. 2757. 2757. 2162. 2162. 2162. 2162. 2162. 2162. 2162. 2162. 2162.
   28.   28. 
   28.   28.   28.   28. 2162. 2162. 2757. 2757. 2757. 2162. 2162. 2757.
 2757. 2757. 2757. 2757. 2162. 2757. 2757. 2757. 2757. 2162. 2162. 2757.
 2757. 2162. 
 2757. 2757. 2162. 2757. 2757. 2757. 2162. 2162.   28. 2162. 2162. 2162.
 2757. 2757. 2757. 2757. 2162. 2162. 2162. 2162. 2162. 2757. 2757. 2757.
 2757. 2757. 
 2757. 2757. 2757. 2162. 2162.   28.   28.   28.   28.   28.   28.   28.
   28.   28.   28.   28.   28. 2162. 2757. 2757. 2757. 2162. 2757. 2757.
 2757. 2757. 
 2757. 2162. 2162. 2162. 2757. 2757. 2757. 2162. 2162. 2757. 2757. 2162.
 2757. 2757. 2162. 2757. 2757. 2757. 2162. 2162. 2162.   28. 2162. 2162.
 2757. 2757. 
 2757. 2757. 2162. 2162. 2162. 2162. 2757. 2757. 2757. 2757. 2757. 2757.
 2757. 2757. 2757. 2162. 2162.   28.   28.   28.   28.   28.   28.   28.
   28.   28. 
   28.   28.   28. 2162. 2757. 2757. 2757. 2757. 2757. 2757. 2757. 2757.
 2162. 2162. 2162. 2162. 2757. 2757. 2757. 2757. 2162. 2757. 2757. 2162.
 2162. 2162. 
 2162. 2162. 2757. 2757. 2757. 2162. 2162.   28. 2162. 2162. 2162. 2757.
 2757. 2757. 2757. 2162. 2162. 2757. 2757. 2757. 2757. 2757. 2162. 2162.
 2757. 2757. 
 2757. 2757. 2162. 2162.   28.   28.   28.   28.   28.   28.   28.   28.
   28.   28.   28. 2162. 2757. 2757. 2757. 2757. 2757. 2757. 2757. 2162.
 2162.   28. 
   28. 2162. 2757. 2757. 2757. 2757. 2162. 2757. 2162. 2162. 2162. 2162.
 2162. 2162. 2757. 2757. 2757. 2162. 2162.   28.   28. 2162. 2162. 2757.
 2757. 2757. 
 2757. 2162. 2757. 2757. 2757. 2757. 2757. 2162. 2162. 2162. 2162. 2757.
 2757. 2757. 2162. 2162.   28.   28.   28.   28.   28.   28.   28.   28.
   28.   28. 
   28. 2162. 2757. 2757. 2757. 2757. 2757. 2757. 2162. 2162.   28.   28.
   28. 2162. 2162. 2757. 2757. 2757. 2162. 2757. 2162.   28.   28.   28.
 2162. 2162. 
 2757. 2757. 2757. 2162. 2162.   28.   28. 2162. 2162. 2757. 2757. 2757.
 2757. 2757. 2757. 2757. 2757. 2757. 2162. 2162.   28. 2162. 2162. 2757.
 2757. 2757. 
 2757. 2162. 2162.   28.   28.   28.   28.   28.   28.   28. 2162. 2162.
 2162. 2162. 2162. 2757. 2757. 2757. 2757. 2162. 2162.   28.   28.   28.
   28. 2162. 
 2162. 2757. 2757. 2757. 2162. 2757. 2162.   28.   28.   28. 2162. 2162.
 2757. 2757. 2162. 2162. 2162.   28.   28.   28. 2162. 2162. 2757. 2757.
 2757. 2757. 
 2757. 2757. 2162. 2162. 2162. 2162.   28.   28. 2162. 2162. 2757. 2757.
 2757. 2162. 2162.   28.   28.   28.   28.   28. 2162. 2162. 2162. 2162.
 2162. 2162. 
 2162. 2162. 2162. 2162. 2162. 2162.   28.   28.   28.   28.   28. 2162.
 2162. 2757. 2757. 2757. 2162. 2162. 2162. 2162. 2162. 2162. 2162. 2162.
 2757. 2757. 
 2162. 2162.   28.   28.   28.   28. 2162. 2162. 2162. 2757. 2757. 2757.
 2757. 2162. 2162. 2162. 2162.   28.   28.   28. 2162. 2162. 2757. 2757.
 2757. 2162. 
 2162.   28.   28. 2162. 2162. 2162. 2162. 2162. 2757. 2757. 2757. 2757.
 2757. 2162. 2162. 2162.   28.   28.   28.   28.   28.   28.   28. 2162.
 2162. 2757. 
 2757. 2757. 2162. 2162. 2162. 2757. 2757. 2757. 2162. 2757. 2757. 2757.
 2162. 2162.   28.   28.   28.   28.   28. 2162. 2162. 2162. 2162. 2162.
 2162. 2162. 
 2162.   28.   28.   28.   28.   28. 2162. 2162. 2757. 2757. 2757. 2162.
 2162. 2162. 2162. 2162. 2162. 2757. 2757. 2757. 2757. 2757. 2757. 2757.
 2757. 2757. 
 2162. 2162.   28.   28.   28.   28.   28.   28.   28.   28. 2162. 2162.
 2757. 2757. 2757. 2757. 2757. 2757. 2757. 2757. 2162. 2757. 2757. 2757.
 2162. 2162. 
   28.   28.   28.   28.   28.   28. 2162. 2162. 2162. 2162. 2162. 2162.
   28.   28.   28.   28.   28.   28. 2162. 2162. 2757. 2757. 2757. 2162.
 2162. 2162. 
 2162. 2757. 2757. 2757. 2757. 2757. 2757. 2757. 2757. 2757. 2757. 2757.
 2757. 2162. 2162.   28.   28.   28.   28.   28.   28.   28.   28. 2162.
 2162. 2757. 
 2757. 2757. 2757. 2757. 2757. 2757. 2162. 2757. 2757. 2757. 2162. 2162.
   28.   28.   28.   28.   28.   28.   28.   28.   28.   28.   28.   28.
   28.   28. 
   28.   28.   28.   28.   28. 2162. 2162. 2757. 2757. 2757. 2162. 2757.
 2757. 2757. 2757. 2757. 2757. 2757. 2757. 2757. 2162. 2757. 2757. 2757.
 2757. 2757. 
 2162. 2162.   28.   28.   28.   28.   28.   28.   28. 2162. 2162. 2162.
 2757. 2757. 2757. 2757. 2757. 2757. 2162. 2757. 2757. 2757. 2162. 2162.
 2162. 2162. 
 2162. 2162. 2162. 2162. 2162. 2162. 2162. 2162.   28.   28.   28.   28.
   28.   28.   28.   28.   28. 2162. 2162. 2757. 2757. 2757. 2757. 2757.
 2757. 2757. 
 2757. 2757. 2162. 2162. 2162. 2162. 2162. 2162. 2757. 2757. 2757. 2757.
 2162. 2162. 2162.   28.   28.   28.   28.   28.   28. 2162. 2162. 2162.
 2162. 2162. 
 2162. 2162. 2162. 2162. 2162. 2757. 2757. 2757. 2162. 2162. 2162. 2162.
 2162. 2757. 2757. 2757. 2757. 2757. 2162. 2162. 2162. 2162.   28.   28.
   28.   28. 
   28.   28.   28. 2162. 2162. 2162. 2757. 2757. 2757. 2757. 2757. 2757.
 2162. 2162. 2162. 2162.   28.   28. 2162. 2162. 2757. 2757. 2757. 2757.
 2757. 2162. 
 2162. 2162.   28.   28.   28.   28.   28. 2162. 2757. 2757. 2757. 2757.
 2162. 2162. 2757. 2757. 2162. 2757. 2757. 2757. 2757. 2757. 2757. 2757.
 2757. 2757. 
 2757. 2757. 2757. 2757. 2757. 2757. 2162. 2162. 2162.   28.   28.   28.
   28.   28.   28.   28. 2162. 2162. 2162. 2757. 2757. 2757. 2162. 2162.
 2162. 2162. 
   28.   28.   28.   28.   28. 2162. 2162. 2757. 2757. 2757. 2757. 2757.
 2162. 2162. 2162.   28. 2162. 2162. 2162. 2162. 2162. 2162. 2757. 2757.
 2757. 2757. 
 2757. 2757. 2162. 2162. 2757. 2757. 2757. 2757. 2757. 2757. 2757. 2757.
 2757. 2757. 2757. 2757. 2757. 2757. 2757. 2162. 2162. 2162.   28.   28.
   28.   28. 
   28.   28.   28. 2162. 2162. 2162. 2162. 2162. 2162. 2162.   28.   28.
   28.   28.   28.   28.   28.   28. 2162. 2162. 2757. 2757. 2757. 2757.
 2757. 2162. 
 2162. 2162. 2162. 2162. 2162. 2162. 2757. 2162. 2162. 2757. 2757. 2757.
 2757. 2757. 
/