PERMI
   15.   15.   15. 2390. 2390. 2964. 2964. 2964. 2390. 2390. 2390. 2390.
 2390. 2390.   15.   15.   15.   15.   15.   15.   15.   15.   15.   15.
   15.   15. 
   15.   15. 2390. 2964. 2964. 2390. 2390.   15.   15.   15.   15.   15.
   15.   15.   15.   15.   15.   15.   15.   15.   15.   15.   15.   15.
   15.   15. 
 2390. 2964. 2964. 2964. 2964. 2964. 2964. 2964. 2964. 2964. 2964. 2390.
   15.   15.   15. 2390. 2964. 2964. 2964. 2390. 2390.   15.   15.   15.
   15.   15. 
   15.   15.   15.   15.   15.   15.   15.   15.   15.   15.   15.   15.
   15.   15. 2390. 2964. 2964. 2964. 2390.   15.   15.   15.   15.   15.
   15.   15. 
   15.   15.   15.   15.   15.   15.   15.   15.   15.   15.   15.   15.
 2390. 2964. 2964. 2964. 2964. 2964. 2964. 2964. 2964. 2390. 2390. 2390.
   15.   15. 
   15. 2390. 2390. 2964. 2964. 2390. 2390.   15.   15.   15.   15.   15.
   15.   15.   15.   15.   15.   15.   15.   15.   15.   15.   15.   15.
   15.   15. 
 2390. 2390. 2964. 2964. 2390.   15.   15.   15.   15.   15.   15.   15.
   15.   15.   15.   15.   15.   15.   15.   15.   15.   15.   15.   15.
 2390. 2964. 
 2964. 2390. 2390. 2390. 2964. 2390. 2390. 2390.   15.   15.   15.   15.
   15. 2390. 2390. 2964. 2964. 2390.   15.   15.   15.   15.   15.   15.
   15.   15. 
   15.   15.   15.   15.   15.   15.   15.   15.   15.   15.   15.   15.
   15. 2390. 2964. 2964. 2390. 2390.   15.   15.   15.   15.   15.   15.
   15.   15. 
   15.   15.   15.   15.   15.   15.   15.   15.   15.   15. 2390. 2964.
 2964. 2390.   15. 2390. 2390. 2390.   15.   15.   15.   15.   15.   15.
   15.   15. 
 2390. 2964. 2964. 2390. 2390.   15.   15.   15.   15.   15.   15.   15.
   15.   15.   15.   15.   15.   15.   15.   15.   15.   15.   15.   15.
   15. 2390. 
 2964. 2964. 2964. 2390.   15.   15.   15.   15.   15.   15.   15.   15.
   15.   15.   15.   15.   15.   15.   15.   15.   15.   15. 2390. 2964.
 2964. 2964. 
 2390.   15.   15.   15.   15.   15.   15.   15.   15.   15.   15.   15.
 2390. 2964. 2964. 2964. 2390.   15.   15.   15.   15.   15.   15.   15.
   15.   15. 
   15.   15.   15.   15.   15.   15.   15.   15.   15. 2390.   15. 2390.
 2964. 2964. 2964. 2390.   15.   15.   15.   15.   15.   15.   15.   15.
   15.   15. 
   15.   15.   15.   15.   15.   15.   15.   15.   15. 2390. 2964. 2964.
 2390.   15.   15.   15.   15.   15.   15.   15.   15.   15.   15.   15.
 2390. 2964. 
 2964. 2964. 2390.   15.   15.   15.   15.   15.   15.   15.   15.   15.
   15.   15.   15.   15.   15. 2390. 2390. 2390. 2390. 2390. 2390. 2390.
 2964. 2964. 
 2964. 2390. 2390.   15.   15.   15.   15.   15.   15.   15.   15.   15.
   15.   15.   15.   15.   15.   15.   15.   15.   15. 2390. 2964. 2964.
 2390.   15. 
   15.   15.   15.   15.   15.   15.   15.   15.   15.   15. 2390. 2964.
 2964. 2964. 2390.   15.   15.   15.   15.   15.   15.   15.   15.   15.
   15.   15. 
   15. 2390. 2390. 2390. 2964. 2964. 2964. 2964. 2964. 2964. 2964. 2964.
 2964. 2390.   15.   15.   15.   15.   15.   15.   15.   15.   15.   15.
   15. 2390. 
 2390. 2390. 2390. 2390.   15.   15.   15. 2390. 2964. 2964. 2390.   15.
   15.   15.   15.   15.   15.   15.   15.   15.   15.   15. 2390. 2964.
 2964. 2964. 
 2390. 2390.   15.   15.   15.   15.   15.   15.   15.   15.   15.   15.
   15. 2390. 2964. 2964. 2964. 2964. 2964. 2964. 2964. 2964. 2964. 2964.
 2964. 2390. 
   15.   15.   15.   15.   15.   15.   15.   15.   15.   15. 2390. 2390.
 2964. 2964. 2964. 2390. 2390. 2390. 2390. 2390. 2964. 2964. 2390.   15.
   15.   15. 
   15.   15.   15.   15.   15.   15.   15.   15. 2390. 2390. 2964. 2964.
 2964. 2390.   15.   15.   15.   15.   15.   15.   15.   15.   15.   15.
   15. 2390. 
 2964. 2964. 2964. 2964. 2390. 2390. 2390. 2964. 2964. 2964. 2390. 2390.
   15.   15.   15.   15.   15.   15.   15.   15.   15. 2390. 2964. 2964.
 2964. 2964. 
 2964. 2964. 2964. 2964. 2964. 2390. 2964. 2964. 2964. 2390.   15.   15.
   15.   15.   15.   15. 2390. 2390. 2390. 2390. 2390. 2390. 2964. 2964.
 2964. 2390. 
   15.   15.   15.   15.   15.   15.   15.   15.   15.   15.   15. 2390.
 2390. 2964. 2964. 2964. 2964. 2390. 2390. 2390. 2390. 2390.   15.   15.
   15.   15. 
   15.   15.   15.   15.   15.   15.   15. 2390. 2964. 2964. 2964. 2964.
 2964. 2964. 2964. 2964. 2964. 2964. 2964. 2964. 2390.   15.   15.   15.
   15.   15. 
   15.   15. 2964. 2964. 2390. 2964. 2964. 2964. 2964. 2964. 2390. 2390.
   15.   15.   15.   15.   15.   15.   15.   15.   15.   15.   15.   15.
 2390. 2390. 
 2964. 2964. 2964. 2390. 2390.   15.   15.   15.   15.   15.   15.   15.
   15.   15.   15.   15.   15.   15. 2390. 2390. 2964. 2964. 2390. 2390.
 2390. 2390. 
 2390. 2964. 2964. 2390. 2964. 2390. 2390.   15.   15.   15.   15.   15.
   15.   15. 2964. 2964. 2964. 2964. 2964. 2964. 2964. 2964. 2390.   15.
   15.   15. 
   15.   15.   15.   15.   15.   15.   15.   15.   15.   15.   15. 2390.
 2390. 2964. 2964. 2964. 2390. 2390.   15.   15.   15.   15.   15.   15.
   15.   15. 
   15.   15.   15.   15.   15. 2390. 2964. 2964. 2390. 2390.   15. 2390.
 2390. 2390. 2390. 2390. 2390. 2390.   15.   15.   15.   15.   15.   15.
   15.   15. 
 2964. 2964. 2964. 2964. 2964. 2964. 2390. 2390.   15.   15.   15.   15.
   15.   15.   15.   15.   15.   15.   15. 2390. 2390. 2390. 2390. 2390.
 2390. 2390. 
 2964. 2964. 2964. 2390.   15.   15.   15.   15.   15.   15.   15.   15.
   15.   15.   15.   15.   15. 2390. 2964. 2964. 2964. 2390. 2390.   15.
   15.   15. 
   15.   15.   15.   15.   15.   15.   15.   15.   15.   15.   15.   15.
 2390. 2390. 2390. 2390. 2390. 2390.   15.   15.   15.   15.   15.   15.
   15.   15. 
   15.   15.   15.   15. 2390. 2390. 2964. 2964. 2964. 2964. 2964. 2964.
 2390. 2964. 2964. 2964. 2390.   15.   15.   15.   15.   15.   15.   15.
   15.   15. 
   15.   15.   15. 2390. 2390. 2964. 2964. 2964. 2390.   15.   15.   15.
   15.   15.   15.   15.   15.   15.   15.   15.   15.   15.   15.   15.
   15.   15. 
   15.   15.   15.   15.   15.   15.   15.   15.   15.   15.   15.   15.
   15.   15.   15.   15. 2390. 2964. 2964. 2964. 2964. 2964. 2964. 2964.
 2964. 2964. 
 2964. 2964. 2390.   15.   15.   15.   15.   15.   15.   15.   15.   15.
   15.   15.   15.   15. 2390. 2390. 2964. 2964. 2390. 2390.   15.   15.
   15.   15. 
 15. 15. 15. 15. 15. 15. 15. 15. 15. 15. 15. 15. 15. 15. 15. 15. 15. 15.
 15. 15. 15. 15. 15. 15. 15. 15. 
   15.   15. 2390. 2964. 2964. 2964. 2964. 2964. 2964. 2964. 2964. 2964.
 2964. 2964. 2390.   15.   15.   15.   15.   15.   15.   15.   15.   15.
   15.   15. 
   15.   15.   15. 2390. 2964. 2964. 2964. 2390.   15.   15.   15.   15.
   15.   15.   15.   15.   15.   15.   15.   15.   15.   15.   15.   15.
   15.   15. 
   15.   15.   15.   15.   15.   15.   15.   15.   15.   15.   15.   15.
   15.   15. 2390. 2964. 2964. 2964. 2390. 2390. 2390. 2390. 2390. 2964.
 2964. 2390. 
   15.   15.   15.   15.   15.   15.   15.   15.   15.   15. 2390. 2390.
 2390. 2390. 2390. 2390. 2390. 2964. 2964. 2390.   15.   15.   15.   15.
   15.   15. 
   15.   15.   15.   15. 2390. 2390. 2390.   15.   15.   15.   15.   15.
   15.   15.   15.   15.   15.   15.   15.   15.   15.   15.   15.   15.
   15.   15. 
 2390. 2964. 2964. 2964. 2390.   15.   15.   15. 2390. 2390. 2390.   15.
   15.   15.   15.   15.   15.   15.   15.   15. 2390. 2390. 2964. 2964.
 2964. 2964. 
 2964. 2390. 2390. 2964. 2964. 2390.   15.   15.   15.   15.   15.   15.
   15.   15.   15. 2390. 2390. 2390. 2390. 2390.   15.   15.   15.   15.
   15.   15. 
   15.   15.   15.   15.   15.   15.   15.   15.   15.   15.   15.   15.
 2390. 2964. 2964. 2964. 2390.   15.   15.   15.   15.   15.   15.   15.
   15.   15. 
   15.   15.   15.   15. 2390. 2390. 2964. 2964. 2964. 2964. 2964. 2964.
 2964. 2964. 2964. 2964. 2964. 2390.   15.   15.   15.   15.   15.   15.
   15.   15. 
 2390. 2390. 2964. 2964. 2964. 2964.   15.   15.   15.   15.   15.   15.
   15.   15.   15.   15.   15.   15.   15.   15.   15.   15.   15.   15.
 2390. 2964. 
 2964. 2964. 2390.   15.   15.   15.   15.   15.   15.   15.   15.   15.
   15.   15.   15. 2390. 2390. 2964. 2964. 2964. 2964. 2964. 2390. 2390.
 2964. 2964. 
 2964. 2964. 2390. 2390.   15.   15.   15.   15.   15.   15.   15.   15.
 2390. 2964. 2964. 2964. 2964. 2964.   15.   15.   15.   15.   15.   15.
   15.   15. 
   15.   15.   15.   15.   15.   15.   15.   15.   15.   15. 2390. 2964.
 2964. 2964. 2390.   15.   15.   15.   15.   15.   15.   15.   15.   15.
   15.   15. 
 2390. 2390. 2964. 2964. 2964. 2390. 2390. 2390.   15. 2390. 2390. 2390.
 2390. 2390. 2390.   15.   15.   15.   15.   15.   15.   15.   15.   15.
 2390. 2964. 
 2964. 2390. 2390. 2390.   15.   15.   15.   15.   15.   15.   15.   15.
   15.   15.   15.   15.   15.   15.   15.   15.   15.   15. 2390. 2390.
 2964. 2964. 
 2390.   15.   15.   15.   15.   15.   15.   15.   15.   15.   15.   15.
 2390. 2964. 2964. 2964. 2390. 2390.   15.   15.   15.   15.   15.   15.
   15.   15. 
   15.   15.   15.   15.   15.   15.   15.   15.   15.   15. 2390. 2964.
 2964. 2964. 2390.   15.   15.   15.   15.   15.   15.   15.   15.   15.
   15.   15. 
   15.   15.   15.   15.   15. 2390. 2390. 2390. 2390. 2964. 2964. 2964.
 2390.   15.   15.   15.   15.   15.   15.   15.   15.   15.   15.   15.
 2390. 2964. 
 2964. 2964. 2390.   15.   15.   15.   15.   15.   15.   15.   15.   15.
   15.   15.   15.   15.   15.   15.   15.   15.   15.   15. 2390. 2964.
 2964. 2964. 
 2390.   15.   15.   15.   15.   15.   15.   15.   15.   15.   15.   15.
   15. 2390. 2390. 2390. 2390. 2390. 2964. 2964. 2964. 2964. 2964. 2390.
 2390.   15. 
   15.   15.   15.   15.   15.   15.   15.   15.   15.   15. 2390. 2964.
 2964. 2964. 2390.   15.   15.   15.   15.   15.   15.   15.   15.   15.
   15.   15. 
   15.   15.   15.   15.   15.   15.   15.   15.   15. 2390. 2964. 2964.
 2390. 2390.   15.   15.   15.   15.   15.   15.   15.   15.   15.   15.
 2390. 2390. 
 2390. 2964. 2964. 2964. 2964. 2964. 2964. 2964. 2964. 2390.   15.   15.
   15.   15.   15.   15.   15.   15.   15.   15.   15.   15. 2390. 2964.
 2964. 2964. 
 2390.   15.   15.   15.   15.   15.   15.   15.   15.   15.   15.   15.
   15.   15.   15.   15.   15.   15.   15.   15.   15. 2390. 2964. 2964.
 2964. 2390. 
   15.   15.   15.   15.   15.   15.   15.   15.   15.   15. 2390. 2964.
 2964. 2964. 2964. 2964. 2964. 2964. 2964. 2964. 2390. 2390.   15.   15.
   15.   15. 
   15.   15.   15.   15.   15.   15.   15.   15. 2390. 2964. 2964. 2964.
 2390.   15.   15.   15.   15.   15.   15.   15.   15.   15.   15.   15.
   15.   15. 
   15.   15.   15.   15.   15.   15. 2390. 2390. 2390. 2390. 2964. 2390.
   15.   15.   15.   15.   15.   15.   15.   15.   15. 2390. 2390. 2964.
 2964. 2964. 
 2964. 2390. 2390. 2390. 2390. 2390.   15.   15.   15.   15.   15.   15.
   15.   15.   15.   15.   15.   15.   15.   15. 2390. 2390. 2964. 2964.
 2390. 2390. 
   15.   15.   15.   15.   15.   15.   15.   15.   15.   15.   15.   15.
   15.   15.   15. 2390. 2390. 2390. 2390. 2964. 2964. 2964. 2390. 2390.
   15.   15. 
   15.   15.   15.   15.   15.   15.   15. 2390. 2964. 2964. 2964. 2390.
 2390. 2390.   15.   15.   15.   15.   15.   15.   15.   15.   15.   15.
   15.   15. 
   15.   15.   15.   15.   15.   15.   15. 2390. 2964. 2964. 2964. 2390.
   15.   15.   15.   15.   15.   15.   15.   15.   15.   15.   15.   15.
   15. 2390. 
 2390. 2390. 2964. 2390. 2964. 2964. 2964. 2964. 2964. 2390.   15.   15.
   15.   15.   15.   15.   15.   15.   15. 2390. 2964. 2964. 2390. 2390.
   15.   15. 
   15.   15.   15.   15.   15.   15.   15.   15.   15.   15.   15.   15.
   15.   15.   15.   15.   15.   15.   15. 2390. 2964. 2964. 2964. 2390.
   15.   15. 
   15.   15.   15.   15.   15.   15.   15.   15.   15.   15.   15. 2390.
 2964. 2964. 2964. 2390. 2964. 2964. 2390. 2964. 2964. 2964.   15.   15.
   15.   15. 
   15.   15.   15.   15.   15. 2390. 2964. 2964. 2964. 2390.   15.   15.
   15.   15.   15.   15.   15.   15.   15.   15.   15.   15.   15.   15.
   15.   15. 
   15. 2390. 2390. 2390. 2390. 2390. 2964. 2964. 2964. 2390.   15.   15.
   15.   15.   15.   15.   15.   15.   15.   15.   15.   15.   15. 2390.
 2964. 2964. 
 2964. 2390. 2964. 2964. 2390. 2390. 2964. 2964.   15.   15.   15.   15.
   15.   15.   15.   15.   15. 2390. 2964. 2964. 2964. 2390.   15.   15.
   15.   15. 
   15.   15.   15.   15.   15.   15.   15.   15. 2390. 2390. 2390. 2390.
 2390. 2390. 2964. 2964. 2964. 2964. 2964. 2964. 2964. 2390.   15.   15.
   15.   15. 
   15.   15.   15.   15.   15.   15.   15.   15.   15. 2390. 2964. 2964.
 2390. 2390. 2390. 2964. 2964. 2390. 2390. 2390.   15.   15.   15.   15.
   15.   15. 
   15.   15.   15. 2390. 2390. 2964. 2964. 2390.   15.   15.   15.   15.
   15.   15.   15.   15.   15.   15.   15. 2390. 2390. 2964. 2964. 2964.
 2964. 2964. 
 2964. 2964. 2964. 2964. 2964. 2964. 2390. 2390.   15.   15.   15.   15.
   15.   15.   15.   15.   15.   15.   15.   15.   15. 2390. 2390. 2964.
 2964. 2390. 
 2390. 2964. 2964. 2390. 2390. 2390.   15.   15.   15.   15.   15.   15.
   15.   15.   15.   15. 2390. 2964. 2964. 2390. 2390.   15.   15.   15.
   15.   15. 
   15.   15.   15.   15. 2390. 2390. 2964. 2964. 2964. 2964. 2964. 2964.
 2964. 2964. 2964. 2964. 2964. 2390. 2390.   15.   15.   15.   15.   15.
   15.   15. 
   15.   15.   15.   15.   15.   15.   15.   15. 2390. 2964. 2964. 2390.
 2390. 2964. 2964. 2964. 2390.   15.   15.   15.   15. 2390. 2390. 2390.
 2390. 2390. 
 2390. 2390. 2390. 2964. 2964. 2390. 2390.   15.   15.   15.   15.   15.
   15.   15.   15.   15. 2390. 2964. 2964. 2964. 2964. 2964. 2964. 2390.
 2390. 2390. 
 2390. 2390. 2390. 2390.   15.   15.   15.   15.   15.   15.   15.   15.
   15.   15.   15.   15.   15.   15.   15.   15. 2390. 2390. 2964. 2964.
 2390. 2390. 
 2964. 2964. 2390.   15.   15. 2390. 2390. 2964. 2964. 2964. 2964. 2964.
 2964. 2964. 2964. 2964. 2964. 2390. 2390.   15.   15.   15.   15.   15.
   15.   15. 
   15.   15. 2390. 2964. 2964. 2964. 2390. 2390. 2390. 2390. 2390. 2390.
   15.   15.   15.   15.   15.   15.   15.   15.   15.   15.   15.   15.
   15.   15. 
   15.   15. 2390. 2390. 2390. 2390. 2390. 2390. 2964. 2964. 2390. 2390.
 2964. 2964. 2390.   15.   15. 2390. 2964. 2964. 2964. 2964. 2964. 2964.
 2964. 2964. 
 2964. 2964. 2964. 2390. 2390.   15.   15.   15.   15.   15.   15.   15.
   15.   15. 2390. 2964. 2964. 2964. 2390. 2390.   15.   15.   15.   15.
   15.   15. 
   15.   15.   15.   15.   15.   15.   15.   15.   15.   15.   15.   15.
   15. 2390. 2964. 2964. 2964. 2964. 2964. 2964. 2964. 2390. 2390. 2390.
 2964. 2964. 
 2390.   15. 2390. 2390. 2964. 2964. 2964. 2964. 2964. 2964. 2964. 2390.
 2964. 2964. 2390. 2390.   15.   15.   15.   15.   15.   15.   15.   15.
   15.   15. 
   15. 2390. 2964. 2964. 2964. 2390. 2390.   15.   15.   15.   15.   15.
   15.   15.   15.   15.   15.   15.   15.   15.   15.   15.   15.   15.
   15. 2390. 
 2964. 2964. 2964. 2964. 2964. 2964. 2964. 2964. 2964. 2964. 2964. 2964.
 2390.   15. 2390. 2390. 2964. 2964. 2390. 2390. 2390. 2390. 2390. 2390.
 2390. 2390. 
 2390.   15.   15.   15.   15.   15.   15.   15.   15.   15.   15.   15.
   15. 2390. 2964. 2964. 2964. 2964. 2390. 2390.   15.   15.   15.   15.
   15.   15. 
   15.   15.   15.   15.   15.   15.   15.   15.   15.   15. 2390. 2964.
 2964. 2964. 2390. 2964. 2390. 2964. 2964. 2964. 2964. 2964. 2964. 2390.
   15.   15. 
 2390. 2390. 2964. 2964. 2390.   15.   15.   15.   15.   15.   15.   15.
   15.   15.   15.   15.   15.   15.   15.   15.   15.   15.   15.   15.
   15.   15. 
 2390. 2390. 2964. 2964. 2964. 2390. 2390.   15.   15.   15.   15.   15.
   15.   15.   15.   15.   15.   15.   15.   15. 2390. 2390. 2390. 2390.
 2964. 2964. 
 2390. 2964. 2964. 2390. 2390. 2390. 2390. 2390. 2390.   15.   15.   15.
   15. 2390. 2964. 2964. 2964. 2390.   15.   15.   15.   15.   15.   15.
   15.   15. 
   15.   15.   15.   15.   15.   15.   15.   15.   15.   15.   15.   15.
   15. 2390. 2964. 2964. 2964. 2964. 2390.   15.   15.   15.   15.   15.
   15.   15. 
   15.   15.   15.   15. 2390. 2390. 2390. 2390. 2390. 2390. 2964. 2964.
 2964. 2390. 2964. 2964. 2964. 2390. 2390.   15.   15.   15.   15.   15.
 2390. 2390. 
 2390. 2964. 2964. 2390.   15.   15.   15.   15.   15.   15.   15.   15.
   15.   15.   15.   15.   15. 2390. 2390. 2390. 2390. 2390. 2390.   15.
   15.   15. 
 2390. 2964. 2964. 2964. 2390.   15.   15.   15.   15.   15.   15.   15.
   15.   15.   15.   15. 2390. 2964. 2964. 2964. 2964. 2390. 2964. 2964.
 2964. 2390. 
 2390. 2390. 2390. 2390.   15.   15.   15.   15.   15.   15. 2390. 2390.
 2390. 2964. 2964. 2390. 2390.   15.   15.   15.   15.   15.   15.   15.
   15.   15. 
   15.   15. 2390. 2390. 2964. 2964. 2964. 2964. 2390. 2390. 2390. 2390.
 2390. 2964. 2964. 2964. 2390.   15.   15.   15.   15.   15.   15.   15.
   15.   15. 
   15. 2390. 2964. 2964. 2964. 2964. 2964. 2964. 2390. 2964. 2964. 2964.
 2390.   15.   15.   15.   15.   15.   15.   15.   15.   15. 2964. 2964.
 2390. 2964. 
 2964. 2964. 2390. 2390.   15.   15.   15.   15.   15.   15.   15.   15.
   15.   15. 2390. 2964. 2964. 2964. 2964. 2964. 2964. 2964. 2964. 2964.
 2964. 2964. 
 2964. 2964. 2390.   15.   15.   15.   15.   15.   15.   15.   15.   15.
   15. 2390. 2964. 2964. 2390. 2964. 2964. 2964. 2964. 2390. 2964. 2964.
 2390.   15. 
   15.   15.   15.   15.   15.   15.   15.   15. 2964. 2964. 2964. 2390.
 2964. 2964. 2964. 2390.   15.   15.   15.   15.   15.   15.   15.   15.
   15.   15. 
 2390. 2964. 2964. 2964. 2964. 2964. 2964. 2964. 2964. 2964. 2964. 2964.
 2964. 2390.   15.   15.   15.   15.   15.   15.   15.   15.   15.   15.
   15. 2390. 
 2964. 2964. 2390. 2390. 2390. 2964. 2964. 2964. 2964. 2964. 2964.   15.
   15.   15.   15.   15.   15.   15.   15.   15. 2390. 2964. 2964. 2964.
 2390. 2964. 
 2964. 2390.   15.   15.   15.   15.   15.   15.   15.   15.   15.   15.
 2390. 2390. 2964. 2964. 2390. 2390. 2390. 2390. 2390. 2390. 2390. 2390.
 2390.   15. 
   15.   15.   15.   15.   15.   15.   15.   15.   15.   15.   15. 2390.
 2964. 2964. 2390.   15. 2390. 2390. 2964. 2964. 2964. 2964. 2964.   15.
   15.   15. 
   15.   15.   15.   15.   15.   15. 2390. 2390. 2964. 2964. 2964. 2964.
 2390. 2390.   15.   15.   15.   15.   15.   15.   15.   15.   15.   15.
   15. 2390. 
 2390. 2964. 2964. 2390.   15. 2390. 2390. 2390.   15.   15.   15.   15.
   15. 2390. 2390. 2964. 2390. 2390. 2390. 2390.   15.   15.   15. 2390.
 2964. 2964. 
 2964. 2390. 2390. 2390. 2390. 2390. 2964. 2390. 2390.   15.   15.   15.
   15.   15.   15.   15.   15.   15. 2390. 2390. 2390. 2390. 2964. 2390.
 2390.   15. 
   15.   15.   15.   15.   15.   15.   15.   15.   15.   15.   15.   15.
 2390. 2964. 2964. 2964. 2390.   15.   15.   15.   15.   15.   15.   15.
 2390. 2390. 
 2964. 2964. 2964. 2964. 2964. 2964. 2390.   15. 2390. 2390. 2964. 2964.
 2964. 2390. 2964. 2390. 2390. 2390. 2390. 2964. 2390. 2390.   15.   15.
   15.   15. 
   15.   15.   15.   15. 2390.   15. 2390. 2390. 2390. 2390.   15.   15.
   15.   15.   15.   15.   15.   15.   15.   15.   15.   15.   15.   15.
   15. 2390. 
 2964. 2964. 2390.   15.   15.   15.   15.   15.   15.   15. 2390. 2964.
 2964. 2964. 2964. 2964. 2964. 2964. 2964. 2390. 2390. 2390. 2390. 2964.
 2964. 2390. 
 2964. 2964. 2964. 2964. 2964. 2964. 2390. 2390.   15.   15.   15.   15.
   15.   15.   15.   15. 2390.   15.   15.   15.   15.   15.   15.   15.
   15.   15. 
   15.   15.   15.   15.   15.   15.   15.   15.   15.   15.   15. 2390.
 2964. 2964. 2390.   15.   15.   15.   15.   15.   15. 2390. 2964. 2964.
 2964. 2390. 
 2390. 2390. 2964. 2964. 2964. 2964. 2390. 2390. 2390. 2964. 2964. 2390.
 2964. 2964. 2964. 2964. 2964. 2964. 2390.   15.   15.   15.   15.   15.
   15.   15. 
   15.   15. 2390.   15.   15.   15.   15.   15.   15.   15.   15.   15.
   15.   15.   15.   15.   15.   15.   15.   15.   15.   15.   15. 2390.
 2964. 2964. 
 2390. 2390.   15.   15.   15.   15.   15. 2390. 2964. 2964. 2390. 2390.
   15.   15. 2390. 2964. 2964. 2964. 2964. 2964. 2964. 2964. 2964. 2390.
 2390. 2390. 
 2390. 2390. 2964. 2390. 2390.   15.   15.   15.   15.   15.   15.   15.
   15.   15. 2390.   15.   15.   15.   15.   15.   15.   15.   15.   15.
   15.   15. 
   15.   15.   15.   15.   15.   15.   15.   15.   15.   15. 2390. 2964.
 2964. 2390.   15.   15.   15.   15.   15. 2390. 2964. 2964. 2390.   15.
   15.   15. 
   15. 2390. 2390. 2964. 2964. 2964. 2964. 2964. 2390.   15.   15.   15.
 2390. 2390. 2390.   15.   15.   15.   15.   15.   15.   15.   15.   15.
   15.   15. 
   15.   15.   15.   15.   15.   15.   15.   15.   15.   15.   15.   15.
   15.   15.   15.   15.   15.   15.   15.   15.   15.   15. 2390. 2964.
 2964. 2390. 
   15.   15.   15.   15. 2390. 2964. 2964. 2964. 2390.   15.   15.   15.
   15.   15.   15. 2390. 2390. 2964. 2390. 2390. 2390.   15.   15.   15.
   15.   15. 
 15. 15. 15. 15. 15. 15. 15. 15. 15. 15. 15. 15. 15. 15. 15. 15. 15. 15.
 15. 15. 15. 15. 15. 15. 15. 15. 
   15.   15.   15.   15.   15.   15.   15. 2390. 2390. 2964. 2964. 2390.
   15.   15.   15.   15. 2390. 2964. 2964. 2964. 2390. 2390. 2390. 2390.
   15.   15. 
   15.   15. 2390. 2390. 2964. 2390. 2390.   15.   15.   15.   15.   15.
   15.   15.   15.   15.   15.   15.   15.   15.   15.   15.   15.   15.
   15.   15. 
   15.   15.   15.   15.   15.   15.   15.   15.   15.   15.   15.   15.
   15.   15.   15.   15.   15. 2390. 2390. 2390. 2390. 2390. 2390. 2390.
 2390. 2390. 
 2390.   15. 2390. 2390. 2964. 2964. 2390. 2964. 2964. 2390. 2390.   15.
   15.   15. 2390. 2964. 2964. 2964. 2390.   15.   15.   15.   15.   15.
   15.   15. 
   15.   15.   15.   15.   15.   15.   15.   15.   15.   15.   15.   15.
   15.   15.   15.   15.   15.   15.   15.   15.   15.   15.   15.   15.
 2390. 2390. 
 2390. 2390. 2390. 2964. 2964. 2390. 2964. 2964. 2964. 2964. 2964. 2964.
 2964. 2390. 2390. 2964. 2964. 2390. 2390. 2964. 2964. 2964. 2390. 2390.
   15.   15. 
 2390. 2390. 2964. 2964. 2390. 2390.   15.   15.   15.   15.   15.   15.
   15.   15.   15.   15.   15.   15.   15.   15.   15.   15.   15.   15.
   15.   15. 
   15.   15.   15.   15.   15.   15.   15.   15.   15. 2390. 2390. 2964.
 2964. 2964. 2964. 2964. 2390. 2964. 2964. 2964. 2964. 2964. 2964. 2964.
 2964. 2964. 
 2964. 2964. 2964. 2390. 2964. 2964. 2964. 2964. 2964. 2964. 2390. 2390.
 2390. 2390. 2964. 2964. 2390. 2390.   15.   15.   15.   15.   15.   15.
   15.   15. 
   15.   15.   15.   15.   15.   15.   15.   15.   15.   15.   15.   15.
   15.   15.   15.   15.   15.   15.   15.   15. 2390. 2964. 2964. 2964.
 2964. 2964. 
 2964. 2964. 2390. 2964. 2964. 2964. 2390. 2390. 2390. 2964. 2964. 2964.
 2964. 2964. 2390. 2390. 2964. 2390. 2390. 2964. 2964. 2964. 2964. 2390.
 2390. 2390. 
 2964. 2964. 2390. 2390.   15.   15.   15.   15.   15.   15.   15.   15.
   15.   15.   15.   15.   15.   15.   15.   15.   15.   15.   15.   15.
   15.   15. 
   15.   15.   15.   15.   15. 2390. 2390. 2964. 2964. 2964. 2964. 2964.
 2390. 2390. 2390. 2964. 2964. 2964. 2390.   15.   15. 2390. 2390. 2390.
 2390. 2390. 
 2390. 2964. 2964. 2390. 2390. 2390. 2964. 2964. 2964. 2964. 2964. 2964.
 2964. 2964. 2390.   15.   15.   15.   15.   15.   15.   15.   15.   15.
   15.   15. 
   15.   15.   15.   15.   15.   15.   15.   15.   15.   15.   15.   15.
   15.   15.   15.   15.   15. 2390. 2390. 2964. 2964. 2390. 2390. 2390.
   15.   15. 
 2390. 2964. 2964. 2964. 2390.   15.   15.   15.   15.   15.   15.   15.
 2390. 2964. 2964. 2390. 2390. 2390. 2390. 2390. 2964. 2964. 2964. 2964.
 2964. 2390. 
 2390.   15.   15.   15.   15.   15.   15.   15.   15.   15.   15.   15.
   15.   15.   15.   15.   15.   15.   15.   15.   15.   15.   15.   15.
   15.   15. 
   15.   15.   15. 2390. 2964. 2964. 2964. 2390.   15.   15.   15.   15.
 2390. 2964. 2964. 2964. 2390.   15.   15.   15.   15.   15.   15.   15.
 2390. 2964. 
 2964. 2390. 2390.   15.   15. 2390. 2390. 2390. 2390. 2964. 2390. 2390.
   15.   15.   15.   15.   15.   15.   15.   15.   15.   15.   15.   15.
   15.   15. 
   15.   15.   15.   15.   15.   15.   15.   15.   15.   15.   15.   15.
   15.   15.   15. 2390. 2390. 2964. 2964. 2390.   15.   15.   15.   15.
 2390. 2964. 
 2964. 2964. 2390.   15.   15.   15.   15.   15.   15.   15. 2390. 2964.
 2964. 2964. 2390.   15.   15.   15. 2390. 2390. 2390. 2390. 2390.   15.
   15.   15. 
 15. 15. 15. 15. 15. 15. 15. 15. 15. 15. 15. 15. 15. 15. 15. 15. 15. 15.
 15. 15. 15. 15. 15. 15. 15. 15. 
   15.   15. 2390. 2964. 2964. 2390.   15.   15.   15.   15. 2390. 2964.
 2964. 2964. 2390. 2390. 2390. 2390. 2390. 2390. 2390. 2390. 2390. 2964.
 2964. 2964. 
 2390.   15.   15.   15.   15.   15.   15.   15.   15.   15.   15.   15.
   15.   15.   15.   15.   15.   15.   15.   15.   15.   15.   15.   15.
   15.   15. 
   15.   15.   15.   15.   15.   15.   15.   15.   15.   15.   15.   15.
   15.   15. 2390. 2964. 2964. 2390. 2390.   15.   15. 2390. 2390. 2390.
 2964. 2964. 
 2390. 2390. 2964. 2964. 2964. 2964. 2964. 2964. 2390. 2964. 2964. 2964.
 2390.   15.   15.   15.   15.   15.   15.   15.   15.   15.   15.   15.
   15.   15. 
 15. 15. 15. 15. 15. 15. 15. 15. 15. 15. 15. 15. 15. 15. 
/