PERMI
 2687.   26.   26.   26.   26.   26. 2687. 3562. 3562. 2687. 2687. 3562.
 3562. 3562. 2687.   26.   26.   26. 2687. 3562. 3562. 3562. 2687.   26.
   26.   26. 
 26. 26. 26. 26. 26. 26. 26. 26. 26. 26. 26. 26. 26. 26. 26. 26. 26. 26.
 26. 26. 26. 26. 26. 26. 26. 26. 
   26.   26.   26.   26. 2687. 2687. 2687. 2687.   26. 2687. 2687. 3562.
 3562. 2687. 2687.   26.   26.   26. 2687. 3562. 3562. 2687. 2687. 3562.
 3562. 3562. 
 2687.   26.   26.   26. 2687. 2687. 3562. 3562. 2687. 2687.   26.   26.
   26.   26.   26.   26.   26.   26.   26.   26.   26.   26.   26.   26.
   26.   26. 
   26.   26.   26.   26.   26.   26.   26.   26.   26.   26.   26.   26.
   26. 2687. 2687. 2687. 2687. 2687. 2687. 2687. 2687. 2687. 2687. 3562.
 3562. 3562. 
 3562. 2687. 2687.   26. 2687. 3562. 3562. 2687. 2687. 2687. 3562. 3562.
 3562. 2687.   26.   26.   26. 2687. 3562. 3562. 3562. 2687.   26.   26.
   26.   26. 
   26.   26.   26.   26.   26.   26.   26.   26.   26.   26.   26.   26.
   26.   26.   26.   26.   26.   26.   26.   26.   26.   26.   26.   26.
 2687. 2687. 
 2687. 3562. 3562. 3562. 3562. 3562. 3562. 3562. 2687. 3562. 3562. 3562.
 2687. 2687. 2687. 2687. 2687. 3562. 3562. 2687.   26. 2687. 3562. 3562.
 3562. 2687. 
 2687.   26.   26. 2687. 2687. 3562. 3562. 2687.   26.   26.   26.   26.
   26.   26.   26.   26.   26.   26.   26.   26.   26.   26.   26.   26.
   26.   26. 
   26.   26.   26.   26.   26.   26.   26.   26.   26. 2687. 2687. 3562.
 3562. 3562. 3562. 3562. 3562. 3562. 3562. 3562. 3562. 3562. 2687. 2687.
 2687. 2687. 
 2687. 2687. 2687. 2687. 2687. 2687.   26. 2687. 2687. 3562. 3562. 2687.
 2687.   26.   26.   26. 2687. 3562. 3562. 2687. 2687.   26.   26.   26.
   26.   26. 
   26.   26.   26.   26.   26.   26.   26.   26.   26.   26.   26.   26.
   26.   26.   26.   26.   26.   26.   26.   26.   26. 2687. 2687. 3562.
 3562. 3562. 
 2687. 2687. 2687. 2687. 2687. 3562. 3562. 3562. 2687. 3562. 3562. 3562.
 3562. 3562. 3562. 3562. 2687. 2687. 2687. 2687. 2687. 2687. 2687. 2687.
 2687.   26. 
   26.   26. 2687. 3562. 3562. 3562. 2687.   26.   26.   26.   26.   26.
   26.   26.   26.   26.   26.   26.   26.   26.   26.   26.   26.   26.
   26.   26. 
   26.   26.   26.   26.   26.   26.   26. 2687. 2687. 3562. 3562. 2687.
 2687. 2687. 2687. 2687. 2687. 2687. 2687. 2687. 3562. 3562. 3562. 3562.
 3562. 3562. 
 3562. 3562. 3562. 2687. 2687. 3562. 3562. 3562. 3562. 2687. 2687. 2687.
 2687.   26. 2687. 2687. 3562. 3562. 2687.   26.   26.   26.   26.   26.
   26.   26. 
   26.   26.   26.   26.   26.   26.   26.   26.   26.   26.   26.   26.
   26.   26.   26.   26.   26.   26.   26.   26. 2687. 3562. 3562. 3562.
 2687.   26. 
   26.   26.   26.   26.   26.   26. 3562. 3562. 3562. 2687. 2687. 2687.
 3562. 3562. 3562. 2687. 3562. 3562. 3562. 3562. 3562. 3562. 3562. 3562.
 3562. 2687. 
 2687. 2687. 3562. 3562. 2687.   26.   26.   26.   26.   26.   26.   26.
   26.   26.   26.   26.   26.   26.   26.   26.   26.   26.   26.   26.
   26.   26. 
   26.   26.   26.   26.   26.   26. 2687. 3562. 3562. 3562. 2687.   26.
   26.   26.   26.   26.   26.   26. 3562. 3562. 2687. 2687. 2687. 2687.
 2687. 3562. 
 2687. 3562. 3562. 3562. 3562. 3562. 3562. 3562. 3562. 3562. 3562. 3562.
 3562. 3562. 3562. 3562. 2687.   26.   26.   26.   26.   26.   26.   26.
   26.   26. 
   26.   26.   26.   26.   26.   26.   26.   26.   26.   26.   26.   26.
   26.   26.   26.   26.   26.   26. 2687. 2687. 3562. 3562. 2687.   26.
   26.   26. 
   26.   26.   26.   26. 3562. 3562. 2687. 2687.   26.   26. 2687. 2687.
 2687. 3562. 3562. 3562. 2687. 2687. 2687. 2687. 3562. 3562. 3562. 3562.
 3562. 3562. 
 3562. 2687. 2687.   26.   26.   26.   26.   26.   26.   26.   26.   26.
   26.   26.   26.   26.   26.   26.   26.   26.   26.   26.   26.   26.
   26.   26. 
   26.   26.   26.   26.   26. 2687. 3562. 3562. 2687. 2687.   26.   26.
   26.   26.   26.   26. 3562. 3562. 2687.   26.   26.   26.   26.   26.
 2687. 3562. 
 3562. 3562. 2687. 2687. 2687.   26. 2687. 2687. 2687. 2687. 3562. 3562.
 2687. 2687.   26.   26.   26.   26.   26.   26.   26.   26.   26.   26.
   26.   26. 
   26.   26.   26.   26.   26.   26.   26.   26.   26.   26.   26.   26.
   26.   26.   26.   26.   26. 2687. 3562. 3562. 3562. 2687.   26.   26.
   26.   26. 
   26.   26. 3562. 3562. 2687.   26.   26.   26.   26.   26. 2687. 2687.
 3562. 3562. 3562. 2687.   26.   26.   26.   26.   26. 2687. 2687. 2687.
 2687.   26. 
   26.   26.   26.   26.   26.   26.   26.   26.   26.   26.   26.   26.
   26.   26.   26.   26.   26.   26.   26.   26.   26.   26.   26.   26.
 2687.   26. 
 2687.   26.   26. 2687. 3562. 3562. 3562. 2687.   26.   26.   26.   26.
   26.   26. 3562. 3562. 2687.   26.   26.   26.   26.   26.   26. 2687.
 3562. 3562. 
 3562. 2687. 2687.   26.   26.   26.   26.   26.   26.   26.   26.   26.
   26.   26.   26.   26.   26.   26.   26.   26.   26.   26.   26.   26.
   26.   26. 
   26.   26.   26.   26.   26.   26.   26. 2687. 2687. 2687. 2687. 2687.
 2687. 2687. 2687. 2687. 2687. 3562. 3562. 2687. 2687.   26.   26.   26.
   26.   26. 
 3562. 2687. 2687.   26.   26.   26.   26.   26.   26.   26. 2687. 3562.
 3562. 3562. 2687.   26.   26.   26.   26.   26.   26.   26.   26.   26.
   26.   26. 
   26.   26.   26.   26.   26.   26.   26.   26.   26.   26.   26.   26.
   26.   26.   26.   26.   26.   26. 2687. 2687. 3562. 3562. 3562. 3562.
 3562. 3562. 
 3562. 3562. 3562. 3562. 3562. 2687. 2687. 2687. 2687. 2687.   26.   26.
 3562. 2687. 2687. 2687. 2687. 2687.   26.   26.   26.   26. 2687. 2687.
 3562. 3562. 
 2687.   26.   26.   26.   26.   26.   26.   26.   26.   26.   26.   26.
   26.   26.   26.   26.   26.   26.   26.   26.   26.   26.   26.   26.
   26.   26. 
   26.   26.   26. 2687. 2687. 3562. 3562. 3562. 3562. 3562. 3562. 3562.
 3562. 3562. 3562. 3562. 2687. 3562. 3562. 3562. 3562. 3562. 2687. 2687.
 2687. 2687. 
 3562. 3562. 3562. 3562. 2687. 2687.   26.   26. 2687. 2687. 3562. 3562.
 2687. 2687.   26.   26.   26.   26.   26.   26.   26.   26.   26.   26.
   26.   26. 
   26.   26.   26.   26.   26.   26.   26.   26.   26.   26.   26.   26.
   26.   26.   26. 2687. 3562. 3562. 3562. 3562. 2687. 2687. 2687. 3562.
 3562. 2687. 
 2687. 2687. 2687. 3562. 3562. 3562. 3562. 3562. 3562. 3562. 2687. 3562.
 3562. 3562. 3562. 3562. 3562. 2687. 2687.   26.   26. 2687. 3562. 3562.
 2687. 2687. 
 26. 26. 26. 26. 26. 26. 26. 26. 26. 26. 26. 26. 26. 26. 26. 26. 26. 26.
 26. 26. 26. 26. 26. 26. 26. 26. 
 2687. 2687. 3562. 3562. 2687. 2687. 2687. 2687. 2687. 2687. 2687. 2687.
 2687. 2687. 3562. 3562. 3562. 2687. 2687. 3562. 3562. 3562. 2687. 3562.
 3562. 3562. 
 3562. 3562. 3562. 3562. 2687. 2687.   26. 2687. 3562. 3562. 2687. 2687.
   26.   26.   26.   26.   26.   26.   26.   26.   26.   26.   26.   26.
   26.   26. 
   26.   26.   26.   26.   26.   26.   26.   26.   26.   26.   26.   26.
 2687. 2687. 3562. 3562. 2687. 2687.   26.   26.   26.   26.   26.   26.
   26. 2687. 
 3562. 3562. 2687.   26.   26. 2687. 2687. 3562. 2687. 3562. 3562. 2687.
 2687. 3562. 3562. 3562. 3562. 2687. 2687. 3562. 3562. 3562. 2687. 2687.
   26.   26. 
   26.   26.   26.   26.   26.   26.   26.   26.   26.   26.   26.   26.
   26.   26.   26.   26.   26.   26.   26.   26.   26.   26.   26.   26.
   26. 2687. 
 3562. 3562. 3562. 2687.   26.   26.   26.   26.   26.   26.   26. 2687.
 3562. 3562. 2687.   26.   26.   26.   26.   26. 3562. 3562. 3562. 2687.
   26. 2687. 
 3562. 3562. 3562. 3562. 3562. 3562. 3562. 3562. 2687.   26.   26.   26.
   26.   26.   26.   26.   26.   26.   26.   26.   26.   26.   26.   26.
   26.   26. 
   26.   26.   26.   26.   26.   26.   26.   26.   26.   26.   26. 2687.
 2687. 3562. 3562. 2687.   26.   26.   26.   26.   26.   26.   26. 2687.
 3562. 3562. 
 2687.   26.   26.   26.   26.   26. 3562. 3562. 3562. 2687.   26.   26.
 2687. 2687. 3562. 3562. 3562. 3562. 3562. 2687. 2687.   26.   26.   26.
   26.   26. 
   26.   26.   26.   26.   26.   26.   26.   26.   26.   26.   26.   26.
   26.   26.   26.   26.   26.   26.   26.   26.   26.   26.   26. 2687.
 2687. 3562. 
 3562. 2687.   26.   26.   26.   26.   26.   26.   26. 2687. 3562. 3562.
 2687.   26.   26.   26.   26.   26. 3562. 3562. 2687.   26.   26.   26.
   26. 2687. 
 2687. 2687. 2687. 2687. 2687.   26.   26.   26.   26.   26.   26.   26.
   26.   26.   26.   26.   26.   26.   26.   26.   26.   26.   26.   26.
   26.   26. 
   26.   26.   26.   26.   26.   26.   26.   26.   26. 2687. 2687. 3562.
 3562. 2687. 2687. 2687. 2687.   26.   26.   26.   26. 2687. 3562. 3562.
 2687.   26. 
   26.   26.   26.   26. 3562. 2687. 2687.   26.   26.   26.   26.   26.
   26.   26.   26.   26.   26.   26.   26.   26.   26.   26.   26.   26.
   26.   26. 
   26.   26.   26.   26.   26.   26.   26.   26.   26.   26.   26.   26.
   26.   26.   26.   26.   26.   26.   26.   26.   26.   26. 2687. 3562.
 3562. 2687. 
 3562. 3562. 3562. 2687.   26.   26.   26. 2687. 3562. 3562. 2687.   26.
   26.   26.   26.   26. 3562. 2687.   26.   26.   26.   26.   26.   26.
   26.   26. 
 26. 26. 26. 26. 26. 26. 26. 26. 26. 26. 26. 26. 26. 26. 26. 26. 26. 26.
 26. 26. 26. 26. 26. 26. 26. 26. 
   26.   26.   26.   26.   26.   26.   26.   26. 2687. 3562. 2687. 3562.
 3562. 3562. 3562. 3562. 2687. 2687.   26. 2687. 3562. 3562. 2687.   26.
   26.   26. 
   26.   26. 3562. 2687.   26.   26.   26.   26.   26.   26.   26.   26.
   26.   26.   26.   26.   26.   26.   26.   26.   26.   26.   26.   26.
   26.   26. 
   26.   26.   26.   26.   26.   26.   26.   26.   26.   26. 2687. 2687.
 2687.   26.   26.   26.   26.   26.   26.   26. 2687. 3562. 2687. 3562.
 3562. 2687. 
 3562. 3562. 3562. 2687. 2687. 2687. 3562. 3562. 2687.   26.   26.   26.
   26.   26. 3562. 2687.   26.   26.   26.   26.   26.   26.   26.   26.
   26.   26. 
   26.   26.   26.   26.   26.   26.   26.   26.   26.   26.   26.   26.
   26.   26.   26.   26.   26.   26.   26.   26. 2687. 2687. 2687. 2687.
 2687. 2687. 
 2687. 2687. 2687. 2687.   26.   26. 2687. 2687. 2687. 3562. 3562. 2687.
 2687. 2687. 3562. 3562. 3562. 2687. 3562. 3562. 2687.   26.   26.   26.
   26.   26. 
 3562. 2687.   26.   26.   26.   26.   26.   26.   26.   26.   26.   26.
   26.   26.   26.   26.   26.   26.   26.   26.   26.   26.   26.   26.
   26.   26. 
   26.   26.   26.   26.   26.   26. 2687. 3562. 3562. 3562. 3562. 3562.
 3562. 3562. 3562. 3562. 2687. 2687. 2687. 2687. 2687. 3562. 3562. 2687.
   26. 2687. 
 2687. 3562. 3562. 3562. 3562. 3562. 2687.   26.   26.   26.   26.   26.
 3562. 2687.   26.   26.   26.   26.   26.   26.   26.   26.   26.   26.
   26.   26. 
   26.   26.   26.   26.   26.   26.   26.   26.   26.   26.   26.   26.
   26.   26.   26.   26.   26. 2687. 2687. 3562. 3562. 2687. 2687. 2687.
 2687. 3562. 
 3562. 3562. 3562. 3562. 3562. 3562. 2687. 3562. 3562. 2687.   26.   26.
   26. 2687. 3562. 3562. 3562. 3562. 2687.   26.   26.   26.   26. 2687.
 2687.   26. 
 26. 26. 26. 26. 26. 26. 26. 26. 26. 26. 26. 26. 26. 26. 26. 26. 26. 26.
 26. 26. 26. 26. 26. 26. 26. 26. 
   26.   26.   26. 2687. 2687. 3562. 2687. 3562. 3562. 3562. 3562. 2687.
 2687. 2687. 3562. 3562. 3562. 3562. 2687. 3562. 3562. 2687.   26.   26.
   26.   26. 
 2687. 2687. 2687. 2687.   26.   26.   26.   26. 2687. 2687.   26.   26.
   26.   26.   26.   26.   26.   26.   26.   26.   26.   26.   26.   26.
   26.   26. 
   26.   26.   26.   26.   26.   26.   26.   26.   26.   26.   26.   26.
   26.   26.   26. 2687. 3562. 2687. 3562. 3562. 3562. 3562. 3562. 3562.
 3562. 2687. 
 2687. 2687. 2687. 2687. 2687. 3562. 3562. 2687.   26.   26.   26.   26.
   26.   26.   26.   26.   26.   26.   26. 2687. 2687. 3562.   26.   26.
   26.   26. 
 26. 26. 26. 26. 26. 26. 26. 26. 26. 26. 26. 26. 26. 26. 26. 26. 26. 26.
 26. 26. 26. 26. 26. 26. 26. 26. 
   26. 2687. 2687. 2687. 3562. 3562. 2687. 2687. 3562. 3562. 3562. 3562.
 3562. 3562. 3562. 2687. 3562. 3562. 2687.   26.   26.   26.   26.   26.
   26.   26. 
   26.   26.   26.   26.   26. 2687. 3562. 3562.   26.   26.   26.   26.
   26.   26.   26.   26.   26.   26.   26.   26.   26.   26.   26.   26.
   26.   26. 
   26.   26.   26.   26.   26.   26.   26.   26.   26.   26.   26.   26.
   26. 2687. 2687. 3562. 3562. 2687. 2687.   26. 2687. 2687. 3562. 3562.
 3562. 3562. 
 3562. 3562. 3562. 3562. 2687.   26.   26.   26.   26.   26.   26.   26.
   26.   26.   26.   26.   26. 2687. 3562. 3562.   26.   26.   26.   26.
   26.   26. 
   26.   26.   26.   26.   26.   26.   26.   26.   26.   26.   26.   26.
   26.   26.   26.   26.   26.   26.   26.   26.   26.   26.   26.   26.
   26. 2687. 
 2687. 3562. 3562. 2687. 2687.   26.   26.   26. 2687. 2687. 2687. 3562.
 3562. 3562. 3562. 2687. 2687.   26.   26.   26.   26.   26.   26.   26.
   26.   26. 
   26.   26.   26. 2687. 3562. 3562.   26.   26.   26.   26.   26.   26.
   26.   26.   26.   26.   26.   26.   26.   26.   26.   26.   26.   26.
   26.   26. 
   26.   26. 2687. 2687. 2687. 2687. 2687. 2687. 2687.   26.   26. 2687.
 3562. 3562. 2687. 3562. 2687.   26.   26.   26.   26.   26.   26. 2687.
 2687. 2687. 
 2687.   26.   26.   26.   26.   26.   26.   26.   26.   26.   26.   26.
   26.   26.   26. 2687. 3562. 3562.   26.   26.   26.   26.   26.   26.
   26.   26. 
   26.   26.   26.   26.   26.   26.   26.   26.   26.   26.   26.   26.
   26. 2687. 2687. 2687. 3562. 3562. 3562. 2687. 2687. 2687. 2687. 3562.
 3562. 3562. 
 2687. 3562. 2687. 2687.   26.   26.   26.   26.   26.   26.   26.   26.
   26.   26.   26.   26.   26.   26.   26.   26.   26.   26.   26.   26.
   26.   26. 
   26. 2687. 2687. 3562.   26.   26.   26.   26.   26.   26.   26.   26.
   26.   26.   26.   26.   26.   26.   26.   26.   26.   26.   26.   26.
 2687. 2687. 
 2687. 3562. 3562. 3562. 3562. 3562. 2687. 2687. 3562. 3562. 3562. 2687.
 3562. 3562. 2687. 2687.   26.   26.   26.   26.   26.   26.   26.   26.
   26.   26. 
   26.   26.   26.   26.   26.   26.   26.   26.   26.   26.   26.   26.
   26.   26. 2687. 3562.   26.   26.   26.   26.   26.   26.   26.   26.
   26.   26. 
   26.   26.   26.   26.   26.   26.   26.   26. 2687. 2687. 2687. 2687.
 2687. 2687. 2687. 2687. 2687. 3562. 3562. 2687. 3562. 3562. 2687. 2687.
 3562. 3562. 
 2687. 2687.   26.   26.   26.   26.   26.   26.   26.   26.   26.   26.
   26.   26.   26.   26.   26.   26.   26. 2687. 2687. 2687. 2687. 2687.
 2687. 2687. 
   26. 2687.   26.   26.   26.   26.   26.   26.   26.   26.   26.   26.
   26.   26.   26.   26.   26.   26. 2687. 2687. 3562. 3562. 3562. 3562.
 3562. 3562. 
 3562. 2687. 2687. 2687. 2687. 3562. 3562. 3562. 2687. 3562. 3562. 3562.
 2687. 2687.   26.   26.   26.   26.   26.   26.   26.   26.   26.   26.
   26.   26. 
   26.   26.   26.   26. 2687. 2687. 3562. 3562. 3562. 3562. 3562. 2687.
 2687. 2687.   26.   26.   26.   26.   26.   26.   26.   26.   26.   26.
   26.   26. 
   26.   26.   26.   26. 2687. 3562. 3562. 3562. 3562. 3562. 3562. 3562.
 3562. 3562. 3562. 3562. 3562. 3562. 3562. 2687. 3562. 3562. 3562. 2687.
 2687.   26. 
   26.   26.   26.   26.   26.   26.   26.   26.   26.   26.   26.   26.
   26.   26.   26.   26. 2687. 3562. 3562. 3562. 3562. 3562. 3562. 3562.
 3562. 3562. 
   26.   26.   26.   26.   26.   26.   26.   26.   26.   26.   26.   26.
   26.   26.   26. 2687. 3562. 3562. 3562. 2687. 2687. 2687. 2687. 2687.
 2687. 3562. 
 3562. 3562. 3562. 3562. 2687. 2687. 2687. 2687. 2687. 2687. 2687.   26.
   26.   26.   26.   26.   26.   26.   26.   26.   26.   26.   26.   26.
   26.   26. 
   26.   26. 2687. 3562. 3562. 3562. 3562. 3562. 3562. 3562. 3562. 3562.
   26.   26.   26.   26.   26.   26.   26.   26.   26.   26.   26.   26.
   26.   26. 
   26. 2687. 3562. 3562. 2687. 2687. 3562. 3562. 3562. 2687.   26. 2687.
 2687. 2687. 2687. 2687. 2687. 2687. 2687. 2687. 2687.   26.   26.   26.
   26.   26. 
   26.   26.   26.   26.   26.   26.   26.   26.   26.   26.   26.   26.
   26.   26. 2687. 3562. 3562. 3562. 2687. 2687. 2687. 2687. 2687. 2687.
   26.   26. 
   26.   26.   26.   26.   26.   26.   26.   26.   26.   26.   26.   26.
   26. 2687. 3562. 3562. 2687. 2687. 3562. 3562. 2687. 2687.   26.   26.
   26.   26. 
 26. 26. 26. 26. 26. 26. 26. 26. 26. 26. 26. 26. 26. 26. 26. 26. 26. 26.
 26. 26. 26. 26. 26. 26. 26. 26. 
 2687. 2687. 3562. 3562. 2687. 2687.   26.   26.   26. 2687.   26.   26.
   26.   26.   26.   26.   26.   26.   26.   26.   26.   26.   26. 2687.
 2687. 2687. 
 3562. 3562. 2687. 2687. 3562. 3562. 2687. 2687.   26.   26.   26.   26.
   26.   26.   26.   26.   26.   26.   26.   26.   26.   26.   26.   26.
   26.   26. 
   26.   26.   26.   26.   26.   26.   26.   26.   26.   26.   26.   26.
   26. 2687. 3562. 3562. 3562. 2687.   26.   26.   26.   26.   26.   26.
   26.   26. 
   26.   26.   26.   26.   26. 2687. 2687. 2687. 2687. 2687. 2687. 2687.
 3562. 3562. 2687. 2687. 3562. 3562. 2687. 2687.   26.   26.   26.   26.
   26.   26. 
   26.   26.   26.   26.   26.   26.   26.   26.   26.   26.   26.   26.
   26.   26.   26.   26.   26.   26.   26.   26.   26.   26.   26.   26.
   26. 2687. 
 2687. 3562. 3562. 2687. 2687.   26.   26.   26.   26.   26.   26.   26.
   26.   26.   26. 2687. 2687. 2687. 2687. 3562. 3562. 3562. 3562. 2687.
 3562. 3562. 
 3562. 2687. 3562. 3562. 2687.   26.   26.   26.   26.   26.   26.   26.
   26.   26.   26.   26.   26.   26.   26.   26.   26.   26.   26.   26.
   26.   26. 
   26.   26.   26.   26.   26.   26.   26.   26.   26.   26.   26. 2687.
 2687. 3562. 3562. 2687. 2687.   26.   26.   26.   26.   26.   26.   26.
   26.   26. 
   26. 2687. 2687. 3562. 3562. 3562. 3562. 3562. 3562. 3562. 2687. 3562.
 3562. 2687. 3562. 2687. 2687.   26.   26.   26.   26.   26.   26.   26.
   26.   26. 
   26.   26.   26.   26.   26.   26.   26.   26.   26.   26.   26.   26.
   26.   26.   26.   26.   26.   26.   26.   26.   26.   26.   26. 2687.
 2687. 3562. 
 3562. 3562. 2687.   26.   26.   26.   26.   26.   26.   26.   26.   26.
 2687. 2687. 3562. 3562. 3562. 3562. 2687. 2687. 2687. 2687. 2687. 3562.
 3562. 2687. 
 2687. 2687.   26.   26.   26.   26.   26.   26.   26.   26.   26.   26.
   26.   26.   26.   26.   26.   26.   26.   26.   26.   26.   26.   26.
   26.   26. 
   26.   26.   26.   26.   26.   26.   26.   26.   26.   26. 2687. 3562.
 3562. 3562. 2687.   26.   26.   26.   26.   26.   26.   26.   26.   26.
 2687. 2687. 
 3562. 3562. 2687. 2687. 2687. 2687. 2687. 2687. 2687. 3562. 3562. 2687.
   26.   26.   26.   26.   26.   26.   26.   26.   26.   26.   26.   26.
   26.   26. 
   26.   26.   26.   26.   26.   26.   26.   26.   26.   26.   26.   26.
   26.   26.   26.   26.   26. 2687. 2687. 2687. 2687. 2687. 2687. 3562.
 3562. 2687. 
 2687.   26.   26.   26.   26.   26.   26.   26.   26.   26. 2687. 2687.
 3562. 3562. 2687. 2687. 2687. 2687. 2687. 3562. 3562. 3562. 3562. 2687.
   26.   26. 
   26.   26.   26.   26.   26.   26.   26.   26.   26.   26.   26.   26.
   26.   26.   26.   26.   26.   26.   26.   26.   26.   26.   26.   26.
   26. 2687. 
 2687. 2687. 2687. 2687. 2687. 2687. 3562. 3562. 3562. 3562. 3562. 2687.
 2687.   26.   26.   26.   26.   26.   26.   26.   26.   26.   26. 2687.
 2687. 3562. 
 3562. 3562. 3562. 3562. 3562. 3562. 3562. 3562. 3562. 2687.   26.   26.
   26.   26.   26.   26.   26.   26.   26.   26.   26.   26.   26.   26.
   26.   26. 
   26.   26.   26.   26.   26.   26.   26.   26.   26.   26. 2687. 2687.
 3562. 3562. 3562. 3562. 3562. 3562. 3562. 3562. 3562. 3562. 3562. 2687.
   26.   26. 
   26. 2687.   26.   26.   26.   26.   26.   26. 2687. 3562. 3562. 3562.
 3562. 3562. 3562. 3562. 3562. 3562. 3562. 3562. 2687.   26.   26.   26.
   26.   26. 
   26.   26.   26.   26.   26.   26.   26.   26.   26.   26.   26.   26.
   26.   26.   26.   26.   26.   26.   26.   26.   26. 2687. 3562. 3562.
 3562. 3562. 
 3562. 3562. 3562. 2687. 3562. 3562. 3562. 2687. 2687. 2687.   26.   26.
 2687. 3562.   26.   26.   26.   26.   26. 2687. 3562. 3562. 3562. 3562.
 3562. 3562. 
 2687. 2687. 2687. 2687. 2687.   26.   26.   26.   26.   26.   26.   26.
   26.   26.   26.   26.   26.   26.   26.   26.   26.   26.   26.   26.
   26.   26. 
   26.   26.   26.   26.   26.   26.   26. 2687. 3562. 3562. 3562. 3562.
 2687. 2687. 2687. 2687. 2687. 2687. 2687. 2687.   26.   26.   26.   26.
 2687. 3562. 
 2687. 2687. 2687. 2687. 2687. 3562. 3562. 3562. 3562. 2687. 2687. 2687.
 2687. 2687.   26.   26.   26.   26.   26.   26.   26.   26.   26.   26.
   26.   26. 
   26.   26.   26.   26.   26.   26.   26.   26.   26.   26.   26.   26.
   26.   26.   26.   26.   26.   26. 2687. 3562. 3562. 3562. 2687. 2687.
   26.   26. 
   26.   26.   26.   26.   26.   26.   26.   26.   26. 2687. 3562. 3562.
 2687. 2687. 2687. 2687. 2687. 3562. 3562. 3562. 2687. 2687. 3562. 3562.
 3562. 2687. 
 2687.   26.   26.   26.   26.   26.   26.   26.   26.   26.   26.   26.
   26.   26.   26.   26.   26.   26.   26.   26.   26.   26.   26.   26.
   26.   26. 
   26.   26.   26.   26. 2687. 3562. 3562. 2687. 2687.   26.   26.   26.
   26.   26.   26.   26.   26.   26.   26.   26.   26. 2687. 3562. 3562.
 3562. 3562. 
 3562. 3562. 2687. 3562. 3562. 2687.   26. 2687. 2687. 3562. 3562. 2687.
 2687.   26.   26.   26.   26.   26.   26.   26.   26.   26.   26.   26.
   26.   26. 
   26.   26.   26.   26.   26.   26.   26.   26.   26.   26.   26.   26.
   26.   26.   26.   26. 2687. 3562. 3562. 3562. 2687.   26.   26.   26.
   26.   26. 
   26.   26.   26.   26.   26.   26.   26. 2687. 3562. 3562. 3562. 3562.
 3562. 3562. 2687. 3562. 3562. 2687. 2687. 2687. 2687. 3562. 3562. 2687.
 2687.   26. 
 26. 26. 26. 26. 26. 26. 26. 26. 26. 26. 26. 26. 26. 26. 26. 26. 26. 26.
 26. 26. 26. 26. 26. 26. 26. 26. 
   26.   26. 2687. 3562. 3562. 3562. 2687.   26.   26.   26.   26.   26.
   26.   26.   26.   26.   26.   26. 2687. 2687. 3562. 3562. 3562. 2687.
 2687. 2687. 
 2687. 3562. 3562. 2687. 2687. 2687. 2687. 3562. 3562. 2687. 2687.   26.
   26.   26.   26.   26.   26.   26.   26.   26.   26.   26.   26.   26.
   26.   26. 
   26.   26.   26.   26.   26.   26.   26.   26.   26.   26.   26.   26.
   26.   26.   26. 2687. 3562. 3562. 2687. 2687.   26.   26.   26.   26.
   26.   26. 
   26.   26.   26.   26. 2687. 3562. 3562. 3562. 2687. 2687. 2687. 2687.
 2687. 3562. 3562. 2687. 3562. 3562. 3562. 3562. 3562. 2687.   26.   26.
   26.   26. 
 26. 26. 26. 26. 26. 26. 26. 26. 26. 26. 26. 26. 26. 26. 26. 26. 26. 26.
 26. 26. 26. 26. 26. 26. 26. 26. 
   26. 2687. 3562. 3562. 3562. 2687. 2687. 2687. 2687. 2687. 2687. 2687.
   26.   26.   26.   26. 2687. 3562. 3562. 3562. 2687.   26.   26.   26.
 2687. 3562. 
 3562. 2687. 3562. 3562. 3562. 3562. 2687. 2687.   26.   26.   26.   26.
   26.   26.   26.   26.   26.   26.   26.   26.   26.   26.   26.   26.
   26.   26. 
   26.   26.   26.   26.   26.   26.   26.   26.   26.   26.   26.   26.
   26. 2687. 2687. 3562. 3562. 2687. 2687. 3562. 3562. 3562. 3562. 3562.
 2687. 2687. 
 2687.   26. 2687. 3562. 3562. 3562. 2687.   26.   26.   26. 2687. 3562.
 3562. 2687. 2687. 2687. 2687. 2687. 2687.   26.   26.   26.   26.   26.
   26.   26. 
   26.   26.   26.   26.   26.   26.   26.   26.   26.   26.   26.   26.
   26.   26.   26.   26.   26.   26.   26. 2687. 2687. 2687. 2687.   26.
   26.   26. 
 2687. 3562. 3562. 3562. 2687. 3562. 3562. 3562. 3562. 3562. 3562. 3562.
 3562. 2687. 2687. 3562. 3562. 2687. 2687.   26.   26.   26. 2687. 3562.
 3562. 2687. 
   26. 2687.   26.   26.   26.   26.   26.   26.   26.   26.   26.   26.
   26.   26.   26.   26.   26.   26.   26.   26.   26.   26.   26.   26.
   26.   26. 
   26.   26. 2687. 2687. 2687. 2687. 3562. 3562. 2687. 2687. 2687. 2687.
 2687. 3562. 3562. 3562. 2687. 3562. 3562. 3562. 3562. 3562. 3562. 3562.
 3562. 3562. 
 3562. 3562. 3562. 2687. 2687. 2687.   26.   26. 2687. 3562. 3562. 2687.
   26.   26.   26.   26.   26.   26.   26.   26.   26.   26.   26.   26.
   26.   26. 
   26.   26.   26.   26.   26.   26.   26.   26.   26.   26.   26.   26.
   26. 2687. 2687. 3562. 3562. 3562. 3562. 3562. 3562. 3562. 2687. 2687.
 2687. 2687. 
 3562. 3562. 2687. 2687. 3562. 2687. 2687. 2687. 3562. 3562. 3562. 3562.
 3562. 3562. 3562. 2687. 3562. 3562. 2687. 2687. 3562. 3562. 3562. 2687.
   26.   26. 
   26.   26.   26.   26.   26.   26.   26.   26.   26.   26.   26.   26.
   26.   26.   26.   26.   26.   26.   26.   26.   26.   26.   26.   26.
 2687. 2687. 
 3562. 3562. 3562. 3562. 3562. 3562. 3562. 3562. 3562. 3562. 3562. 3562.
 3562. 3562. 3562. 2687. 2687.   26.   26.   26. 2687. 2687. 2687. 2687.
 2687. 2687. 
 2687.   26. 3562. 3562. 3562. 3562. 3562. 3562. 2687.   26.   26.   26.
   26.   26.   26.   26.   26.   26.   26.   26.   26.   26.   26.   26.
   26.   26. 
   26.   26.   26.   26.   26.   26.   26.   26.   26. 2687. 2687. 3562.
 3562. 3562. 2687. 2687. 2687. 2687. 3562. 3562. 3562. 3562. 3562. 3562.
 3562. 3562. 
 2687. 3562. 2687.   26.   26.   26.   26.   26.   26.   26.   26.   26.
   26.   26. 
/