PERMI
   35.   35.   35.   35.   35.   35.   35.   35.   35.   35.   35.   35.
   35. 1855. 1855. 1855. 1855. 1855. 1855. 2289. 2289. 2289. 2289. 2289.
 2289. 2289. 
 2289. 2289. 2289. 1855. 1855.   35.   35.   35.   35.   35.   35.   35.
   35.   35. 1855. 1855. 2289. 2289. 2289. 1855. 1855.   35. 1855. 1855.
 1855. 1855. 
 35. 35. 35. 35. 35. 35. 35. 35. 35. 35. 35. 35. 35. 35. 35. 35. 35. 35.
 35. 35. 35. 35. 35. 35. 35. 35. 
 1855. 1855. 2289. 2289. 1855. 1855. 1855. 2289. 2289. 2289. 1855. 1855.
 1855. 2289. 2289. 2289. 1855.   35.   35.   35.   35.   35.   35.   35.
   35.   35. 
 1855. 1855. 2289. 2289. 2289. 1855. 1855. 1855. 1855. 1855. 1855. 1855.
 1855. 1855.   35.   35.   35.   35.   35.   35.   35.   35.   35.   35.
   35.   35. 
   35.   35.   35.   35.   35.   35.   35.   35.   35.   35.   35. 1855.
 1855. 2289. 2289. 2289. 2289. 1855. 1855. 1855. 1855. 1855. 1855. 1855.
 1855. 2289. 
 2289. 2289. 1855.   35.   35.   35.   35.   35.   35.   35.   35.   35.
 1855. 1855. 2289. 2289. 2289. 1855. 1855. 1855. 1855. 2289. 2289. 2289.
 1855. 1855. 
 1855.   35.   35.   35.   35.   35.   35.   35.   35.   35.   35.   35.
   35.   35.   35.   35.   35.   35.   35.   35.   35.   35. 1855. 1855.
 2289. 2289. 
 2289. 2289. 2289. 1855. 1855.   35.   35.   35. 1855. 1855. 2289. 2289.
 2289. 1855. 1855.   35.   35.   35.   35.   35.   35.   35.   35.   35.
 1855. 1855. 
 2289. 2289. 2289. 2289. 2289. 2289. 2289. 2289. 2289. 2289. 2289. 2289.
 1855. 1855.   35.   35.   35.   35.   35.   35.   35.   35.   35.   35.
   35.   35. 
   35.   35.   35.   35.   35.   35.   35.   35. 1855. 2289. 2289. 2289.
 2289. 2289. 1855. 1855.   35.   35.   35. 1855. 1855. 2289. 2289. 2289.
 2289. 1855. 
 1855.   35.   35.   35.   35.   35.   35.   35.   35.   35. 1855. 1855.
 1855. 2289. 2289. 2289. 2289. 2289. 2289. 2289. 2289. 2289. 2289. 2289.
 1855. 1855. 
 1855.   35.   35.   35.   35.   35.   35.   35.   35.   35.   35.   35.
   35.   35.   35.   35.   35.   35.   35.   35. 1855. 2289. 2289. 2289.
 1855. 1855. 
 1855.   35.   35.   35. 1855. 1855. 2289. 2289. 2289. 2289. 1855. 1855.
   35.   35.   35.   35.   35.   35.   35.   35.   35.   35.   35. 1855.
 1855. 1855. 
 1855. 2289. 2289. 2289. 2289. 1855. 1855. 1855. 2289. 2289. 1855. 1855.
 1855.   35.   35.   35.   35.   35.   35.   35.   35.   35.   35.   35.
   35.   35. 
   35.   35.   35.   35.   35.   35. 1855. 2289. 2289. 2289. 2289. 2289.
 1855. 1855. 1855.   35. 1855. 1855. 2289. 2289. 2289. 1855. 1855. 1855.
   35.   35. 
   35.   35.   35.   35.   35.   35.   35.   35.   35.   35. 1855. 1855.
 1855. 1855. 1855. 1855. 1855. 1855. 1855. 1855. 2289. 2289. 1855. 1855.
   35.   35. 
   35.   35.   35.   35.   35.   35.   35.   35.   35.   35.   35.   35.
   35.   35.   35.   35.   35.   35. 1855. 1855. 2289. 2289. 2289. 2289.
 2289. 2289. 
 1855. 1855. 1855. 2289. 2289. 2289. 2289. 1855. 1855. 1855. 1855. 1855.
   35.   35.   35.   35.   35.   35.   35.   35.   35.   35.   35.   35.
 1855. 1855. 
 1855. 1855. 1855. 1855. 1855. 2289. 2289. 2289. 1855. 1855.   35. 1855.
 1855. 1855. 1855. 1855.   35.   35.   35.   35.   35.   35.   35.   35.
   35.   35. 
   35.   35.   35.   35.   35. 1855. 1855. 2289. 2289. 2289. 2289. 2289.
 2289. 2289. 1855. 1855. 2289. 2289. 2289. 2289. 2289. 2289. 2289. 1855.
 1855.   35. 
   35.   35.   35.   35.   35.   35.   35.   35.   35.   35.   35.   35.
   35.   35.   35.   35. 1855. 1855. 2289. 2289. 1855. 1855. 1855. 1855.
 1855. 1855. 
 1855. 1855. 1855.   35.   35.   35.   35.   35.   35.   35.   35.   35.
   35.   35.   35.   35.   35.   35.   35. 1855. 1855. 1855. 2289. 2289.
 2289. 2289. 
 1855. 1855. 2289. 2289. 2289. 2289. 2289. 2289. 2289. 2289. 1855.   35.
   35.   35.   35.   35.   35.   35.   35.   35.   35.   35.   35.   35.
   35.   35. 
   35.   35. 1855. 1855. 2289. 2289. 1855. 1855. 2289. 2289. 2289. 2289.
 2289. 2289. 1855. 1855.   35.   35.   35.   35.   35.   35.   35.   35.
   35.   35. 
   35.   35.   35.   35.   35.   35. 1855. 1855. 1855. 1855. 2289. 2289.
 1855. 1855. 1855. 1855. 2289. 2289. 2289. 2289. 2289. 2289. 1855. 1855.
   35.   35. 
   35.   35.   35.   35.   35.   35.   35.   35.   35.   35.   35.   35.
   35.   35. 1855. 1855. 2289. 2289. 1855. 2289. 2289. 2289. 2289. 2289.
 2289. 2289. 
 1855. 1855.   35.   35.   35.   35.   35.   35.   35.   35.   35.   35.
   35.   35.   35.   35.   35.   35.   35.   35. 1855. 2289. 2289. 2289.
 1855. 1855. 
 1855. 1855. 1855. 1855. 1855. 2289. 2289. 2289. 1855. 1855.   35.   35.
   35.   35.   35.   35.   35.   35.   35.   35.   35.   35.   35.   35.
   35.   35. 
 1855. 1855. 2289. 2289. 2289. 2289. 2289. 2289. 2289. 2289. 2289. 2289.
 1855. 1855.   35.   35.   35.   35.   35.   35.   35.   35.   35.   35.
   35.   35. 
   35.   35.   35.   35.   35. 1855. 1855. 2289. 2289. 2289. 1855.   35.
 1855. 1855. 1855. 2289. 2289. 2289. 2289. 2289. 1855. 1855.   35.   35.
   35.   35. 
   35.   35.   35.   35.   35.   35.   35.   35.   35.   35.   35.   35.
 1855. 1855. 2289. 2289. 2289. 2289. 2289. 1855. 1855. 2289. 2289. 2289.
 1855. 1855. 
   35.   35.   35.   35.   35.   35.   35.   35.   35.   35.   35.   35.
   35.   35.   35.   35.   35. 1855. 2289. 2289. 2289. 1855. 1855. 1855.
 1855. 2289. 
 2289. 2289. 2289. 2289. 2289. 1855. 1855.   35.   35.   35.   35.   35.
   35.   35.   35.   35.   35.   35.   35.   35.   35.   35.   35.   35.
   35. 1855. 
 1855. 2289. 2289. 1855. 1855. 1855. 2289. 2289. 2289. 1855. 1855. 1855.
   35.   35.   35.   35.   35.   35.   35.   35.   35.   35.   35.   35.
   35.   35. 
   35.   35. 1855. 1855. 2289. 2289. 2289. 1855.   35. 1855. 2289. 2289.
 2289. 2289. 2289. 2289. 1855. 1855. 1855.   35.   35.   35.   35.   35.
   35.   35. 
   35.   35.   35.   35.   35.   35.   35.   35.   35.   35.   35. 1855.
 1855. 1855. 1855. 1855. 1855. 1855. 2289. 2289. 2289. 1855. 1855.   35.
   35.   35. 
   35.   35.   35.   35.   35.   35.   35.   35.   35.   35.   35.   35.
   35.   35. 1855. 2289. 2289. 2289. 1855. 1855.   35. 1855. 2289. 2289.
 2289. 2289. 
 2289. 2289. 2289. 1855. 1855. 1855.   35.   35.   35.   35.   35.   35.
   35.   35.   35.   35.   35.   35.   35.   35.   35.   35.   35.   35.
   35.   35. 
   35. 1855. 1855. 2289. 2289. 2289. 1855. 1855. 1855.   35.   35.   35.
   35.   35.   35.   35.   35.   35.   35.   35.   35.   35.   35.   35.
   35.   35. 
 1855. 2289. 2289. 2289. 1855. 1855. 1855. 1855. 2289. 2289. 2289. 2289.
 2289. 2289. 2289. 2289. 2289. 1855. 1855.   35.   35.   35.   35.   35.
   35.   35. 
   35.   35.   35.   35.   35.   35.   35.   35.   35.   35.   35.   35.
   35. 1855. 1855. 2289. 2289. 2289. 1855. 1855. 1855. 1855.   35.   35.
   35.   35. 
   35.   35.   35.   35.   35.   35.   35.   35.   35.   35.   35. 1855.
 1855. 2289. 2289. 2289. 1855. 1855. 1855. 1855. 1855. 2289. 2289. 2289.
 2289. 2289. 
 2289. 2289. 2289. 2289. 1855.   35.   35.   35.   35.   35.   35.   35.
   35.   35.   35.   35.   35.   35.   35.   35.   35.   35.   35.   35.
   35. 1855. 
 1855. 2289. 2289. 2289. 1855. 1855. 1855. 1855.   35.   35.   35.   35.
   35.   35.   35.   35.   35.   35.   35.   35.   35.   35.   35. 1855.
 1855. 2289. 
 2289. 2289. 2289. 2289. 2289. 2289. 1855. 1855. 1855. 1855. 1855. 1855.
 1855. 2289. 2289. 2289. 1855.   35.   35.   35.   35.   35.   35.   35.
   35.   35. 
   35.   35.   35.   35.   35.   35.   35.   35.   35.   35.   35. 1855.
 1855. 2289. 2289. 2289. 2289. 2289. 2289. 2289. 1855.   35.   35.   35.
   35.   35. 
   35.   35.   35.   35.   35.   35.   35.   35.   35. 1855. 1855. 2289.
 2289. 2289. 2289. 2289. 2289. 2289. 1855. 1855. 1855. 1855. 1855. 2289.
 2289. 2289. 
 2289. 2289. 1855.   35.   35.   35.   35.   35.   35.   35.   35.   35.
   35.   35.   35.   35.   35.   35.   35.   35.   35.   35.   35. 1855.
 1855. 2289. 
 2289. 2289. 2289. 2289. 2289. 2289. 1855. 1855.   35.   35.   35.   35.
   35.   35.   35.   35.   35.   35.   35.   35.   35.   35. 1855. 1855.
 2289. 2289. 
 2289. 2289. 2289. 1855. 1855. 1855. 2289. 2289. 2289. 2289. 2289. 2289.
 2289. 1855. 1855.   35.   35.   35.   35.   35.   35.   35.   35.   35.
   35.   35. 
   35.   35.   35.   35.   35.   35.   35.   35.   35.   35. 1855. 1855.
 2289. 2289. 2289. 2289. 2289. 2289. 2289. 1855.   35.   35.   35.   35.
   35.   35. 
   35.   35.   35.   35.   35.   35.   35.   35. 1855. 1855. 1855. 1855.
 1855. 1855. 1855. 1855. 2289. 2289. 2289. 2289. 2289. 2289. 2289. 2289.
 1855. 1855. 
   35.   35.   35.   35.   35.   35.   35.   35.   35.   35.   35.   35.
   35.   35.   35.   35.   35.   35.   35.   35.   35.   35.   35. 1855.
 1855. 1855. 
 1855. 1855. 1855. 1855. 2289. 1855. 1855.   35.   35.   35.   35.   35.
   35.   35.   35.   35.   35.   35.   35.   35.   35.   35. 1855. 1855.
 1855. 1855. 
 1855. 1855. 2289. 2289. 2289. 2289. 2289. 1855. 1855. 1855. 1855.   35.
   35.   35.   35.   35.   35.   35.   35.   35.   35.   35.   35.   35.
   35.   35. 
   35.   35.   35.   35.   35.   35.   35.   35.   35.   35. 1855. 1855.
 1855. 1855. 1855. 1855. 2289. 1855. 1855.   35.   35.   35.   35.   35.
   35.   35. 
   35.   35.   35.   35.   35.   35.   35.   35.   35.   35.   35.   35.
 1855. 1855. 2289. 2289. 2289. 1855. 1855. 1855. 1855. 1855.   35.   35.
   35.   35. 
   35.   35.   35.   35.   35.   35.   35.   35.   35.   35.   35.   35.
   35.   35.   35.   35.   35.   35.   35.   35.   35.   35.   35.   35.
   35. 1855. 
 1855. 2289. 2289. 1855. 1855. 1855. 1855.   35.   35.   35.   35.   35.
   35.   35.   35.   35.   35.   35.   35.   35.   35.   35.   35. 1855.
 1855. 1855. 
 2289. 2289. 2289. 2289. 2289. 1855. 1855. 1855.   35.   35.   35.   35.
   35.   35.   35.   35.   35.   35.   35.   35.   35.   35.   35.   35.
   35.   35. 
   35.   35.   35.   35.   35.   35.   35.   35.   35.   35. 1855. 1855.
 2289. 2289. 1855. 1855. 1855. 1855. 1855. 1855.   35.   35.   35.   35.
   35.   35. 
   35.   35.   35.   35.   35.   35.   35.   35.   35. 1855. 2289. 1855.
 1855. 2289. 2289. 2289. 2289. 2289. 2289. 1855. 1855. 1855.   35.   35.
   35.   35. 
   35.   35.   35.   35.   35.   35.   35.   35.   35.   35.   35.   35.
   35.   35.   35.   35.   35.   35.   35.   35.   35.   35. 1855. 2289.
 2289. 2289. 
 2289. 2289. 2289. 2289. 2289. 1855. 1855.   35.   35.   35.   35.   35.
   35.   35.   35.   35.   35.   35.   35.   35.   35. 1855. 2289. 2289.
 1855. 1855. 
 1855. 2289. 2289. 2289. 2289. 2289. 1855. 1855.   35.   35.   35.   35.
   35.   35.   35.   35.   35.   35.   35.   35.   35.   35.   35.   35.
   35.   35. 
   35.   35.   35.   35.   35.   35.   35. 1855. 1855. 2289. 2289. 2289.
 2289. 2289. 2289. 2289. 2289. 1855. 1855. 1855.   35.   35.   35.   35.
   35.   35. 
   35.   35.   35.   35.   35.   35.   35. 1855. 2289. 2289. 2289. 2289.
 1855. 1855. 1855. 2289. 2289. 2289. 1855. 1855.   35.   35.   35.   35.
   35.   35. 
   35.   35.   35.   35.   35.   35.   35.   35.   35.   35.   35.   35.
   35.   35.   35.   35.   35.   35.   35. 1855. 2289. 2289. 2289. 2289.
 2289. 2289. 
 2289. 2289. 2289. 2289. 1855. 1855.   35.   35.   35.   35.   35.   35.
   35.   35.   35.   35.   35.   35.   35. 1855. 2289. 2289. 2289. 2289.
 2289. 1855. 
 1855. 2289. 2289. 2289. 1855. 1855.   35.   35.   35.   35.   35.   35.
   35.   35.   35.   35.   35.   35.   35.   35.   35.   35.   35.   35.
   35.   35. 
   35.   35.   35.   35. 1855. 1855. 2289. 2289. 2289. 2289. 2289. 2289.
 1855. 2289. 2289. 2289. 1855. 1855.   35.   35.   35.   35.   35.   35.
   35.   35. 
   35.   35.   35.   35.   35.   35. 1855. 1855. 2289. 2289. 1855. 1855.
 2289. 2289. 2289. 2289. 1855. 1855. 1855.   35.   35.   35.   35.   35.
   35.   35. 
   35.   35.   35.   35.   35.   35.   35.   35.   35.   35.   35.   35.
   35.   35.   35.   35. 1855. 1855. 2289. 2289. 2289. 2289. 1855. 1855.
 1855. 2289. 
 2289. 2289. 1855. 1855.   35.   35.   35.   35.   35.   35.   35.   35.
   35.   35.   35.   35.   35.   35.   35. 1855. 1855. 1855. 1855. 2289.
 2289. 2289. 
 2289. 1855. 1855. 2289. 1855.   35.   35.   35.   35.   35.   35.   35.
   35.   35.   35.   35.   35.   35.   35.   35.   35.   35.   35.   35.
   35.   35. 
   35.   35.   35. 1855. 1855. 2289. 2289. 2289. 1855. 1855. 2289. 2289.
 2289. 2289. 1855. 1855.   35.   35.   35.   35.   35.   35.   35.   35.
   35.   35. 
   35.   35.   35.   35.   35.   35.   35. 1855. 2289. 2289. 2289. 2289.
 1855. 1855. 2289. 1855. 1855.   35.   35.   35.   35.   35.   35.   35.
   35.   35. 
   35.   35.   35.   35.   35.   35.   35.   35.   35.   35.   35.   35.
   35.   35.   35. 1855. 1855. 1855. 2289. 2289. 1855. 2289. 2289. 2289.
 2289. 1855. 
 1855.   35.   35.   35.   35.   35.   35.   35.   35.   35.   35.   35.
   35.   35.   35.   35.   35.   35. 1855. 1855. 2289. 2289. 2289. 1855.
 1855. 1855. 
 1855. 1855. 1855. 1855.   35.   35.   35.   35.   35.   35.   35.   35.
   35.   35.   35.   35.   35.   35.   35.   35.   35.   35.   35.   35.
   35.   35. 
   35.   35. 1855. 1855. 1855. 1855. 1855. 2289. 2289. 2289. 2289. 1855.
 1855.   35.   35.   35.   35.   35.   35.   35.   35.   35.   35.   35.
   35.   35. 
   35.   35.   35.   35. 1855. 1855. 2289. 2289. 2289. 2289. 2289. 1855.
 1855. 1855. 1855. 1855. 1855. 1855.   35.   35.   35.   35.   35.   35.
   35.   35. 
   35.   35.   35.   35.   35.   35.   35.   35.   35.   35.   35.   35.
   35.   35.   35.   35. 1855. 1855. 2289. 2289. 2289. 2289. 1855. 1855.
 1855.   35. 
   35.   35.   35.   35.   35.   35.   35.   35.   35.   35.   35.   35.
   35.   35.   35.   35. 1855. 1855. 2289. 2289. 2289. 2289. 2289. 2289.
 2289. 2289. 
 2289. 2289. 2289. 1855. 1855.   35.   35.   35.   35.   35.   35.   35.
   35.   35.   35.   35.   35.   35.   35.   35.   35.   35.   35.   35.
   35.   35. 
   35.   35.   35.   35. 1855. 2289. 2289. 2289. 2289. 1855. 1855. 1855.
   35.   35.   35.   35.   35.   35.   35.   35.   35.   35.   35.   35.
   35.   35. 
   35.   35.   35. 1855. 1855. 2289. 2289. 2289. 2289. 2289. 2289. 2289.
 2289. 2289. 2289. 2289. 1855. 1855.   35.   35.   35.   35.   35.   35.
   35.   35. 
   35.   35.   35.   35.   35.   35.   35.   35.   35.   35.   35.   35.
   35.   35.   35.   35. 1855. 2289. 2289. 2289. 2289. 2289. 2289. 1855.
 1855.   35. 
   35.   35.   35.   35.   35.   35.   35.   35.   35.   35.   35.   35.
   35.   35.   35. 1855. 1855. 1855. 1855. 1855. 1855. 2289. 2289. 2289.
 2289. 2289. 
 2289. 2289. 1855. 1855.   35.   35.   35.   35.   35.   35.   35.   35.
   35.   35.   35.   35.   35.   35.   35.   35.   35.   35.   35.   35.
   35.   35. 
   35.   35. 1855. 1855. 1855. 2289. 2289. 2289. 2289. 2289. 1855. 1855.
   35.   35.   35.   35.   35.   35.   35.   35.   35.   35.   35.   35.
   35.   35. 
   35.   35. 1855. 1855. 1855. 1855. 1855. 1855. 1855. 1855. 1855. 1855.
 2289. 2289. 1855. 1855.   35.   35.   35.   35.   35.   35.   35.   35.
   35.   35. 
   35.   35.   35.   35.   35.   35.   35.   35.   35.   35.   35.   35.
   35.   35.   35. 1855. 1855. 1855. 2289. 2289. 2289. 2289. 1855. 1855.
   35.   35. 
   35.   35.   35.   35.   35.   35.   35.   35.   35.   35.   35.   35.
   35.   35. 1855. 2289. 2289. 2289. 2289. 2289. 2289. 2289. 1855. 1855.
 2289. 2289. 
 1855. 1855.   35.   35.   35.   35.   35.   35.   35.   35.   35.   35.
   35.   35.   35.   35.   35.   35.   35.   35.   35.   35.   35.   35.
   35.   35. 
   35.   35. 1855. 1855. 1855. 2289. 2289. 2289. 2289. 1855. 1855.   35.
   35.   35.   35.   35.   35.   35.   35.   35.   35.   35.   35.   35.
   35.   35. 
   35. 1855. 1855. 2289. 2289. 2289. 2289. 2289. 1855. 2289. 2289. 2289.
 1855. 1855.   35.   35.   35.   35.   35.   35.   35.   35.   35.   35.
   35.   35. 
   35.   35.   35.   35.   35.   35.   35.   35.   35.   35.   35.   35.
   35.   35. 1855. 1855. 1855. 2289. 2289. 2289. 1855. 1855.   35.   35.
   35.   35. 
   35.   35.   35.   35.   35.   35.   35.   35.   35.   35.   35.   35.
   35.   35. 1855. 1855. 2289. 2289. 2289. 2289. 1855. 2289. 2289. 2289.
 1855. 1855. 
   35.   35.   35.   35.   35.   35.   35.   35.   35.   35.   35.   35.
   35.   35.   35.   35.   35.   35.   35.   35.   35.   35.   35.   35.
   35. 1855. 
 1855. 2289. 2289. 2289. 2289. 2289. 1855. 1855.   35.   35.   35.   35.
   35.   35.   35.   35.   35.   35.   35.   35.   35.   35.   35.   35.
   35.   35. 
   35.   35. 1855. 1855. 2289. 1855. 1855. 2289. 2289. 2289. 1855. 1855.
   35.   35.   35.   35.   35.   35.   35.   35.   35.   35.   35.   35.
   35.   35. 
   35.   35.   35.   35.   35.   35.   35.   35.   35.   35.   35. 1855.
 1855. 2289. 2289. 2289. 2289. 1855. 1855.   35.   35.   35.   35.   35.
   35.   35. 
   35.   35.   35.   35.   35.   35.   35.   35.   35.   35.   35.   35.
   35.   35.   35. 1855. 1855. 1855. 1855. 2289. 2289. 2289. 1855. 1855.
 1855. 1855. 
 1855. 1855. 1855. 1855.   35.   35.   35.   35.   35.   35.   35.   35.
   35.   35.   35.   35.   35.   35.   35.   35.   35.   35. 1855. 1855.
 2289. 2289. 
 2289. 2289. 1855. 1855. 1855.   35.   35.   35.   35.   35.   35.   35.
   35.   35.   35.   35.   35.   35.   35.   35.   35.   35.   35.   35.
   35.   35. 
   35. 1855. 2289. 1855. 1855. 2289. 2289. 2289. 1855. 1855. 1855. 1855.
 2289. 1855. 1855. 1855. 1855.   35.   35.   35.   35.   35.   35.   35.
   35.   35. 
   35.   35.   35.   35.   35.   35.   35.   35. 1855. 2289. 2289. 2289.
 2289. 1855. 1855. 1855.   35.   35.   35.   35.   35.   35.   35.   35.
   35.   35. 
   35.   35.   35.   35.   35.   35.   35.   35.   35.   35.   35. 1855.
 1855. 2289. 2289. 1855. 1855. 2289. 2289. 2289. 1855. 2289. 2289. 2289.
 2289. 2289. 
 2289. 1855. 1855. 1855.   35.   35.   35.   35.   35.   35.   35.   35.
   35.   35.   35.   35.   35.   35.   35.   35. 1855. 2289. 2289. 2289.
 2289. 1855. 
 1855.   35.   35.   35.   35.   35.   35.   35.   35.   35.   35.   35.
   35.   35.   35.   35.   35.   35.   35.   35.   35.   35. 1855. 1855.
 2289. 2289. 
 2289. 2289. 1855. 1855. 2289. 2289. 2289. 2289. 2289. 2289. 2289. 2289.
 2289. 2289. 2289. 1855. 1855.   35.   35.   35.   35.   35.   35.   35.
   35.   35. 
   35.   35.   35.   35.   35.   35. 1855. 2289. 2289. 2289. 2289. 1855.
 1855. 1855.   35.   35.   35.   35.   35.   35.   35.   35.   35.   35.
   35.   35. 
   35.   35.   35.   35.   35.   35.   35.   35. 1855. 2289. 2289. 2289.
 2289. 2289. 1855. 1855. 2289. 2289. 2289. 2289. 2289. 2289. 2289. 2289.
 2289. 2289. 
 2289. 1855. 1855.   35.   35.   35.   35.   35.   35.   35.   35.   35.
   35.   35.   35.   35.   35.   35. 1855. 2289. 2289. 2289. 2289. 2289.
 2289. 1855. 
 1855. 1855.   35.   35.   35.   35.   35.   35.   35.   35.   35.   35.
   35.   35.   35.   35.   35.   35.   35. 1855. 1855. 2289. 2289. 2289.
 2289. 1855. 
 1855. 1855. 1855. 1855. 1855. 1855. 1855. 1855. 1855. 1855. 2289. 2289.
 2289. 2289. 1855.   35.   35.   35.   35.   35.   35.   35.   35.   35.
   35.   35. 
   35.   35.   35.   35. 1855. 1855. 2289. 2289. 2289. 2289. 2289. 2289.
 1855. 1855.   35.   35.   35.   35.   35.   35.   35.   35.   35.   35.
   35.   35. 
   35.   35.   35.   35.   35. 1855. 2289. 2289. 2289. 2289. 1855. 1855.
   35.   35. 1855. 1855. 1855. 1855. 1855. 1855. 1855. 1855. 2289. 2289.
 2289. 2289. 
 1855.   35.   35.   35.   35.   35.   35.   35.   35.   35.   35.   35.
   35.   35.   35.   35. 1855. 1855. 1855. 2289. 2289. 2289. 2289. 2289.
 2289. 1855. 
 1855.   35.   35.   35.   35.   35.   35.   35.   35.   35.   35.   35.
   35.   35.   35.   35.   35. 1855. 1855. 2289. 2289. 2289. 2289. 1855.
 1855.   35. 
   35.   35.   35.   35.   35.   35. 1855. 1855. 2289. 2289. 2289. 2289.
 1855.   35.   35.   35.   35.   35.   35.   35.   35.   35.   35.   35.
   35.   35. 
   35.   35.   35. 1855. 1855. 1855. 2289. 2289. 2289. 2289. 2289. 1855.
 1855.   35.   35.   35.   35.   35.   35.   35.   35.   35.   35.   35.
   35.   35. 
   35.   35.   35.   35. 1855. 2289. 2289. 2289. 2289. 2289. 2289. 1855.
 1855.   35.   35.   35.   35.   35. 1855. 1855. 2289. 2289. 2289. 2289.
 1855.   35. 
   35.   35.   35.   35.   35.   35.   35.   35.   35.   35.   35.   35.
   35.   35.   35.   35.   35. 1855. 1855. 1855. 2289. 2289. 2289. 2289.
 1855.   35. 
   35.   35.   35.   35.   35.   35.   35.   35.   35.   35.   35.   35.
   35.   35.   35.   35. 1855. 1855. 2289. 2289. 2289. 2289. 2289. 2289.
 1855. 1855. 
   35.   35.   35. 1855. 1855. 2289. 2289. 2289. 2289. 1855. 1855.   35.
   35.   35.   35.   35.   35.   35.   35.   35.   35.   35.   35.   35.
   35.   35. 
   35.   35.   35.   35. 1855. 1855. 1855. 2289. 2289. 1855. 1855.   35.
   35.   35.   35.   35.   35.   35.   35.   35.   35.   35.   35.   35.
   35.   35. 
   35.   35.   35. 1855. 1855. 1855. 2289. 2289. 2289. 2289. 2289. 1855.
   35.   35.   35. 1855. 1855. 2289. 2289. 2289. 1855. 1855.   35.   35.
   35.   35. 
   35.   35.   35.   35.   35.   35.   35.   35.   35.   35.   35.   35.
   35.   35.   35.   35. 1855. 1855. 2289. 2289. 2289. 2289. 1855.   35.
   35.   35. 
   35.   35.   35.   35.   35.   35.   35.   35.   35.   35.   35.   35.
   35.   35.   35.   35.   35. 1855. 1855. 2289. 2289. 2289. 2289. 1855.
   35.   35. 
   35. 1855. 2289. 2289. 2289. 2289. 1855. 1855. 1855. 1855. 1855. 1855.
 1855.   35.   35.   35.   35.   35.   35.   35.   35.   35.   35.   35.
   35.   35. 
   35.   35. 1855. 1855. 2289. 2289. 2289. 1855. 1855.   35.   35.   35.
   35.   35.   35.   35.   35.   35.   35.   35.   35.   35.   35.   35.
   35.   35. 
   35.   35.   35.   35. 1855. 1855. 2289. 2289. 2289. 1855.   35.   35.
   35. 1855. 2289. 2289. 2289. 2289. 2289. 2289. 1855. 1855. 1855. 1855.
 1855. 1855. 
   35.   35.   35.   35.   35.   35.   35.   35.   35.   35.   35.   35.
   35. 1855. 1855. 2289. 2289. 2289. 2289. 1855. 1855.   35.   35.   35.
   35.   35. 
   35.   35.   35.   35.   35.   35.   35.   35.   35.   35.   35.   35.
   35.   35.   35.   35. 1855. 2289. 2289. 2289. 2289. 1855.   35.   35.
   35. 1855. 
 1855. 2289. 2289. 2289. 2289. 2289. 2289. 2289. 2289. 2289. 2289. 1855.
 1855.   35.   35.   35.   35.   35.   35.   35.   35.   35.   35.   35.
   35. 1855. 
 1855. 2289. 2289. 2289. 1855. 1855.   35.   35.   35.   35.   35.   35.
   35.   35.   35.   35.   35.   35.   35.   35.   35.   35.   35.   35.
   35.   35. 
   35. 1855. 1855. 2289. 2289. 2289. 1855. 1855.   35.   35.   35. 1855.
 1855. 1855. 2289. 2289. 2289. 2289. 2289. 2289. 2289. 2289. 2289. 2289.
 1855. 1855. 
   35.   35.   35.   35.   35.   35.   35.   35.   35.   35.   35. 1855.
 1855. 2289. 2289. 2289. 1855. 1855.   35.   35.   35.   35.   35.   35.
   35.   35. 
   35.   35.   35.   35.   35.   35.   35.   35.   35.   35.   35.   35.
 1855. 1855. 2289. 2289. 2289. 2289. 1855.   35.   35.   35.   35.   35.
 1855. 1855. 
 1855. 1855. 1855. 1855. 1855. 2289. 2289. 2289. 2289. 2289. 1855. 1855.
   35.   35.   35.   35.   35.   35.   35.   35.   35.   35. 1855. 1855.
 2289. 2289. 
 2289. 1855. 1855.   35.   35.   35.   35.   35.   35.   35.   35.   35.
   35.   35.   35.   35.   35.   35.   35.   35.   35.   35.   35.   35.
 1855. 1855. 
 2289. 2289. 2289. 1855. 1855.   35.   35.   35.   35.   35.   35.   35.
 1855. 1855. 1855. 1855. 1855. 1855. 1855. 2289. 2289. 2289. 2289. 1855.
   35.   35. 
   35.   35.   35.   35.   35.   35.   35.   35. 1855. 1855. 2289. 2289.
 2289. 2289. 1855. 1855. 1855. 1855.   35.   35.   35.   35.   35.   35.
   35.   35. 
   35.   35.   35.   35.   35.   35.   35.   35.   35.   35. 1855. 2289.
 2289. 2289. 2289. 1855.   35.   35. 1855. 1855. 1855.   35.   35.   35.
   35.   35. 
   35.   35.   35.   35. 1855. 2289. 2289. 2289. 2289. 1855.   35.   35.
   35.   35.   35.   35.   35.   35.   35.   35. 1855. 1855. 2289. 2289.
 2289. 2289. 
 2289. 2289. 1855. 1855. 1855.   35.   35.   35.   35.   35.   35.   35.
   35.   35.   35.   35.   35.   35.   35.   35.   35.   35. 1855. 2289.
 2289. 2289. 
 1855. 1855. 1855. 1855. 1855. 1855. 2289. 1855. 1855.   35.   35.   35.
   35.   35.   35.   35. 1855. 2289. 2289. 2289. 2289. 1855. 1855. 1855.
 1855. 1855. 
 1855. 1855.   35.   35.   35.   35. 1855. 1855. 2289. 2289. 2289. 2289.
 2289. 2289. 2289. 2289. 1855. 1855.   35.   35.   35.   35.   35.   35.
   35.   35. 
   35.   35.   35.   35.   35.   35.   35.   35. 1855. 2289. 2289. 2289.
 2289. 2289. 2289. 2289. 2289. 2289. 2289. 2289. 1855. 1855.   35.   35.
   35.   35. 
   35. 1855. 1855. 2289. 2289. 2289. 1855. 1855. 1855. 2289. 2289. 2289.
 2289. 1855. 1855.   35.   35.   35.   35. 1855. 1855. 2289. 2289. 2289.
 2289. 2289. 
 2289. 2289. 2289. 1855. 1855.   35.   35.   35.   35.   35.   35.   35.
   35.   35.   35.   35.   35.   35.   35.   35. 1855. 1855. 2289. 2289.
 2289. 2289. 
 2289. 2289. 2289. 2289. 2289. 2289. 2289. 1855.   35.   35.   35.   35.
   35. 1855. 1855. 2289. 2289. 2289. 2289. 2289. 2289. 2289. 2289. 2289.
 2289. 2289. 
 1855.   35.   35.   35.   35.   35. 1855. 1855. 1855. 2289. 2289. 2289.
 2289. 2289. 2289. 1855. 1855.   35.   35.   35.   35.   35.   35.   35.
   35.   35. 
   35.   35.   35.   35.   35.   35.   35. 1855. 1855. 2289. 2289. 2289.
 2289. 2289. 2289. 2289. 2289. 2289. 2289. 1855.   35.   35.   35.   35.
   35. 1855. 
 1855. 2289. 2289. 2289. 2289. 2289. 2289. 2289. 2289. 2289. 2289. 2289.
 1855.   35. 
/