PERMI
   32.   32.   32. 2233. 2233. 2233. 2814. 2814. 2814. 2814. 2814. 2814.
 2814. 2814. 2814. 2233.   32.   32.   32.   32.   32.   32.   32.   32.
 2233. 2814. 
 2814. 2814. 2814. 2233. 2233. 2233. 2814. 2814. 2814. 2233. 2233.   32.
   32.   32.   32.   32.   32.   32.   32.   32.   32.   32.   32.   32.
   32.   32. 
   32. 2233. 2233. 2814. 2814. 2233. 2233. 2233. 2814. 2814. 2814. 2233.
   32.   32.   32.   32. 2233. 2233. 2233. 2233. 2814. 2814. 2814. 2814.
 2814. 2814. 
 2814. 2233. 2233.   32.   32.   32.   32.   32.   32. 2233. 2233. 2814.
 2814. 2814. 2233. 2814. 2814. 2233. 2814. 2814. 2814. 2814. 2233.   32.
   32.   32. 
   32.   32.   32.   32.   32.   32.   32.   32.   32.   32.   32.   32.
   32. 2233. 2233. 2814. 2814. 2233. 2233. 2233. 2233. 2814. 2814. 2814.
   32.   32. 
   32.   32. 2233. 2814. 2814. 2233. 2233. 2233. 2814. 2814. 2814. 2814.
 2814. 2814. 2233.   32.   32.   32.   32.   32.   32. 2233. 2814. 2814.
 2814. 2233. 
 2233. 2814. 2814. 2233. 2233. 2814. 2814. 2814. 2233. 2233.   32.   32.
   32.   32.   32.   32.   32.   32.   32.   32.   32.   32.   32.   32.
   32. 2233. 
 2233. 2814. 2814. 2814. 2233. 2233. 2233. 2814. 2814. 2814.   32.   32.
   32.   32. 2233. 2814. 2814. 2814. 2233. 2233. 2233. 2233. 2814. 2814.
 2814. 2814. 
 2233.   32.   32.   32.   32.   32. 2233. 2233. 2814. 2814. 2814. 2233.
 2814. 2814. 2814. 2233. 2233. 2814. 2814. 2814. 2233. 2233.   32.   32.
   32.   32. 
   32.   32.   32.   32.   32.   32.   32.   32.   32.   32.   32. 2233.
 2233. 2814. 2814. 2814. 2233. 2233. 2233. 2814. 2814. 2233.   32.   32.
   32. 2233. 
 2814. 2814. 2814. 2233.   32.   32. 2233. 2233. 2814. 2814. 2814. 2814.
 2233. 2233.   32.   32.   32.   32. 2233. 2814. 2814. 2814. 2814. 2233.
 2814. 2814. 
 2814. 2814. 2233. 2233. 2814. 2814. 2233. 2233.   32.   32.   32.   32.
   32.   32.   32.   32.   32.   32.   32.   32.   32.   32.   32.   32.
 2233. 2814. 
 2814. 2814. 2233. 2233. 2814. 2814. 2814. 2233.   32.   32.   32. 2233.
 2814. 2814. 2814. 2233.   32.   32. 2233. 2233. 2814. 2814. 2814. 2814.
 2233. 2233. 
   32.   32.   32.   32. 2233. 2814. 2814. 2814. 2233. 2233. 2814. 2814.
 2814. 2814. 2233. 2233. 2233. 2814. 2233. 2233.   32.   32.   32.   32.
   32.   32. 
   32.   32.   32.   32.   32.   32.   32.   32.   32.   32. 2233. 2233.
 2814. 2814. 2814. 2233. 2814. 2814. 2814. 2233.   32.   32. 2233. 2814.
 2814. 2814. 
 2814. 2233.   32.   32. 2233. 2233. 2814. 2814. 2814. 2814. 2233.   32.
   32.   32.   32.   32. 2233. 2814. 2814. 2814. 2233. 2233. 2233. 2814.
 2814. 2814. 
 2814. 2233. 2233. 2814. 2233. 2233.   32.   32.   32.   32.   32.   32.
   32.   32.   32.   32.   32.   32.   32.   32.   32.   32. 2233. 2233.
 2814. 2814. 
 2814. 2233. 2814. 2814. 2233. 2233.   32.   32. 2233. 2814. 2814. 2814.
 2233.   32.   32.   32. 2233. 2233. 2814. 2814. 2814. 2233. 2233.   32.
   32.   32. 
   32.   32. 2233. 2814. 2814. 2814. 2233. 2233. 2233. 2814. 2814. 2814.
 2814. 2233. 2233. 2233. 2233. 2233.   32.   32.   32.   32.   32.   32.
   32.   32. 
   32.   32.   32.   32.   32.   32.   32.   32. 2233. 2233. 2814. 2814.
 2814. 2233. 2814. 2814. 2233. 2233.   32.   32. 2233. 2814. 2814. 2233.
 2233.   32. 
   32.   32. 2233. 2814. 2814. 2814. 2814. 2233. 2233.   32.   32.   32.
   32.   32. 2233. 2814. 2814. 2814. 2233. 2233. 2233. 2233. 2814. 2814.
 2814. 2814. 
 2233. 2233. 2814. 2233. 2233.   32.   32.   32.   32.   32.   32.   32.
   32.   32.   32.   32.   32.   32.   32.   32. 2233. 2814. 2814. 2814.
 2233. 2233. 
 2814. 2814. 2233. 2233.   32.   32. 2233. 2814. 2814. 2814. 2233.   32.
   32.   32. 2233. 2814. 2814. 2814. 2814. 2233. 2233.   32.   32.   32.
   32.   32. 
   32. 2233. 2814. 2814. 2814. 2814. 2233. 2233. 2233. 2814. 2814. 2814.
 2814. 2233. 2233. 2233. 2233. 2233.   32.   32.   32.   32.   32.   32.
   32.   32. 
   32.   32.   32.   32.   32.   32. 2233. 2814. 2814. 2814. 2233. 2233.
 2814. 2233. 2233.   32.   32.   32. 2233. 2233. 2814. 2814. 2814. 2233.
   32.   32. 
 2233. 2233. 2814. 2814. 2814. 2233. 2233.   32.   32.   32.   32.   32.
   32. 2233. 2814. 2814. 2814. 2814. 2233. 2233. 2233. 2814. 2814. 2814.
 2814. 2233. 
 2233. 2233. 2233. 2233.   32.   32.   32.   32.   32.   32.   32.   32.
   32.   32.   32.   32.   32.   32. 2233. 2814. 2814. 2814. 2233. 2233.
 2814. 2233. 
 2233. 2233.   32.   32.   32. 2233. 2814. 2814. 2814. 2233.   32.   32.
 2233. 2233. 2814. 2814. 2814. 2814. 2233. 2233.   32.   32.   32.   32.
   32. 2233. 
 2233. 2814. 2814. 2814. 2814. 2233. 2233. 2233. 2814. 2814. 2814. 2814.
 2233. 2233. 2233. 2233. 2233.   32.   32.   32.   32.   32.   32.   32.
   32.   32. 
   32.   32.   32.   32. 2233. 2814. 2814. 2814. 2233. 2814. 2814. 2814.
 2233. 2233.   32.   32.   32.   32. 2233. 2814. 2814. 2814. 2233.   32.
 2233. 2233. 
 2814. 2814. 2814. 2814. 2233. 2233.   32.   32.   32.   32.   32.   32.
 2233. 2814. 2814. 2814. 2814. 2814. 2233. 2233. 2814. 2814. 2814. 2814.
 2814. 2233. 
 2233. 2233. 2233.   32.   32.   32.   32.   32.   32.   32.   32.   32.
   32.   32.   32.   32. 2233. 2814. 2814. 2814. 2233. 2233. 2814. 2814.
 2233. 2233. 
   32.   32.   32.   32. 2233. 2814. 2814. 2814. 2233.   32.   32. 2233.
 2233. 2814. 2814. 2814. 2814. 2233. 2233.   32.   32.   32.   32.   32.
 2233. 2233. 
 2814. 2814. 2814. 2814. 2233. 2233. 2233. 2814. 2814. 2814. 2814. 2233.
 2233. 2233. 2233. 2233.   32.   32.   32.   32.   32.   32.   32.   32.
   32.   32. 
   32.   32. 2233. 2814. 2814. 2814. 2233. 2814. 2814. 2814. 2233. 2233.
   32.   32.   32.   32.   32. 2233. 2814. 2814. 2814. 2233.   32.   32.
 2233. 2233. 
 2814. 2814. 2814. 2233. 2233. 2233.   32.   32.   32.   32.   32. 2233.
 2233. 2814. 2814. 2814. 2814. 2233. 2233. 2233. 2814. 2814. 2814. 2814.
 2233. 2233. 
 2233. 2233.   32.   32.   32.   32.   32.   32.   32.   32.   32.   32.
   32.   32. 2233. 2814. 2814. 2814. 2233. 2233. 2814. 2814. 2814. 2233.
   32.   32. 
   32.   32.   32. 2233. 2814. 2814. 2814. 2233.   32.   32. 2233. 2233.
 2814. 2814. 2814. 2814. 2233. 2233.   32.   32.   32.   32.   32.   32.
 2233. 2814. 
 2814. 2814. 2814. 2233. 2233. 2233. 2814. 2814. 2814. 2814. 2233. 2233.
 2233. 2233. 2233.   32.   32.   32.   32.   32.   32.   32.   32.   32.
   32.   32. 
 2233. 2814. 2814. 2814. 2233. 2233. 2814. 2814. 2814. 2814.   32.   32.
   32.   32.   32.   32. 2233. 2814. 2814. 2814. 2233.   32.   32. 2233.
 2233. 2814. 
 2814. 2814. 2233. 2233. 2233.   32.   32.   32.   32.   32. 2233. 2233.
 2814. 2814. 2814. 2233. 2233. 2233. 2814. 2814. 2814. 2814. 2233. 2233.
 2814. 2233. 
 2233.   32.   32.   32.   32.   32.   32.   32.   32.   32.   32.   32.
 2233. 2814. 2814. 2814. 2233. 2233. 2233. 2814. 2814. 2814.   32.   32.
   32.   32. 
   32.   32. 2233. 2814. 2814. 2814. 2233.   32.   32. 2233. 2233. 2814.
 2814. 2814. 2814. 2233. 2233.   32.   32.   32.   32.   32.   32. 2233.
 2814. 2814. 
 2814. 2233. 2233. 2233. 2814. 2814. 2814. 2814. 2814. 2233. 2233. 2233.
 2233.   32.   32.   32.   32.   32.   32.   32.   32.   32.   32.   32.
 2233. 2814. 
 2814. 2814. 2233. 2233. 2233. 2814. 2814. 2814.   32.   32.   32.   32.
   32.   32. 2233. 2814. 2814. 2814. 2233.   32.   32.   32. 2233. 2233.
 2814. 2814. 
 2814. 2233. 2233.   32.   32.   32.   32.   32.   32. 2233. 2233. 2814.
 2814. 2233. 2233. 2233. 2233. 2814. 2814. 2814. 2814. 2233. 2233. 2233.
   32.   32. 
   32.   32.   32.   32.   32.   32.   32.   32.   32.   32. 2233. 2814.
 2814. 2814. 2233. 2233. 2233. 2814. 2814. 2814.   32.   32.   32.   32.
   32.   32. 
 2233. 2814. 2814. 2814. 2233.   32.   32.   32. 2233. 2233. 2814. 2814.
 2814. 2233. 2233.   32.   32.   32.   32.   32.   32. 2233. 2233. 2814.
 2814. 2233. 
   32. 2233. 2233. 2814. 2814. 2814. 2814. 2233. 2233. 2233.   32.   32.
   32.   32.   32.   32.   32.   32.   32.   32.   32.   32. 2233. 2814.
 2814. 2814. 
 2233. 2233. 2814. 2814. 2814. 2233.   32.   32.   32.   32.   32. 2233.
 2814. 2814. 2814. 2233.   32.   32.   32.   32. 2233. 2233. 2814. 2814.
 2814. 2233. 
 2233.   32.   32.   32.   32.   32.   32. 2233. 2814. 2814. 2814. 2233.
 2233.   32. 2233. 2233. 2814. 2814. 2814. 2233. 2233. 2233.   32.   32.
   32.   32. 
   32.   32.   32.   32.   32.   32.   32.   32. 2233. 2233. 2814. 2814.
 2814. 2233. 2814. 2814. 2814. 2233.   32.   32.   32.   32.   32. 2233.
 2814. 2814. 
 2814. 2233.   32.   32.   32. 2233. 2233. 2233. 2814. 2814. 2814. 2233.
 2233.   32.   32.   32.   32.   32.   32. 2233. 2814. 2814. 2814. 2233.
   32.   32. 
 2233. 2233. 2814. 2814. 2814. 2233. 2233. 2233.   32.   32.   32.   32.
   32.   32.   32.   32.   32.   32.   32.   32. 2233. 2233. 2814. 2814.
 2233. 2233. 
 2814. 2814. 2814. 2233.   32.   32.   32.   32.   32. 2233. 2814. 2814.
 2814. 2233.   32. 2233. 2233. 2233. 2814. 2814. 2814. 2814. 2814. 2233.
   32.   32. 
   32.   32.   32.   32.   32. 2233. 2814. 2814. 2814. 2233.   32.   32.
 2233. 2233. 2233. 2814. 2814. 2814. 2233. 2233.   32.   32.   32.   32.
   32.   32. 
   32.   32.   32.   32.   32.   32. 2233. 2814. 2814. 2814. 2233. 2233.
 2814. 2814. 2233. 2233.   32.   32.   32.   32. 2233. 2814. 2814. 2814.
 2814. 2233. 
   32. 2233. 2233. 2814. 2814. 2814. 2814. 2233. 2233. 2233.   32.   32.
   32.   32.   32.   32.   32. 2233. 2814. 2814. 2814. 2233. 2233.   32.
   32. 2233. 
 2233. 2814. 2814. 2814. 2233. 2233.   32.   32.   32.   32.   32.   32.
   32.   32.   32.   32.   32. 2233. 2233. 2814. 2814. 2814. 2233. 2233.
 2814. 2814. 
 2233. 2233.   32.   32.   32.   32. 2233. 2814. 2814. 2814. 2814. 2233.
 2233. 2233. 2814. 2814. 2814. 2814. 2233. 2233. 2233.   32.   32.   32.
   32.   32. 
   32.   32.   32. 2233. 2233. 2814. 2814. 2814. 2233.   32.   32. 2233.
 2233. 2814. 2814. 2814. 2814. 2233. 2233.   32.   32.   32.   32.   32.
   32.   32. 
   32.   32.   32. 2233. 2233. 2814. 2814. 2814. 2233. 2814. 2814. 2233.
 2233.   32.   32.   32.   32.   32. 2233. 2814. 2814. 2814. 2233.   32.
 2233. 2233. 
 2814. 2814. 2814. 2233. 2233. 2233.   32.   32.   32.   32.   32.   32.
   32.   32.   32.   32. 2233. 2814. 2814. 2814. 2814. 2233.   32. 2233.
 2233. 2814. 
 2814. 2814. 2814. 2233. 2233.   32.   32.   32.   32.   32.   32.   32.
   32.   32.   32. 2233. 2233. 2814. 2814. 2233. 2233. 2814. 2814. 2233.
 2233. 2233. 
   32.   32.   32. 2233. 2814. 2814. 2814. 2814. 2233.   32. 2233. 2233.
 2814. 2814. 2814. 2814. 2233. 2233. 2233.   32.   32.   32.   32.   32.
   32.   32. 
   32.   32. 2233. 2233. 2814. 2814. 2814. 2233. 2233. 2233. 2233. 2233.
 2814. 2814. 2814. 2233. 2233. 2233.   32.   32.   32.   32.   32.   32.
   32.   32. 
   32. 2233. 2814. 2814. 2814. 2233. 2233. 2814. 2814. 2233. 2233. 2233.
   32.   32.   32. 2233. 2814. 2814. 2814. 2814. 2233.   32.   32. 2233.
 2233. 2814. 
 2814. 2814. 2814. 2233. 2233. 2233.   32.   32.   32.   32.   32.   32.
   32.   32.   32. 2233. 2814. 2814. 2814. 2814. 2233. 2233. 2233. 2233.
 2814. 2814. 
 2814. 2233. 2233. 2233. 2233.   32.   32.   32.   32.   32.   32.   32.
   32. 2233. 2814. 2814. 2814. 2233. 2233. 2814. 2814. 2814. 2233. 2233.
   32.   32. 
   32. 2233. 2814. 2814. 2814. 2814. 2233.   32.   32. 2233. 2233. 2233.
 2814. 2814. 2814. 2814. 2233. 2233.   32.   32.   32.   32.   32.   32.
   32.   32. 
   32. 2233. 2233. 2814. 2814. 2814. 2233.   32. 2233. 2233. 2233. 2814.
 2814. 2814. 2233. 2233. 2233. 2233.   32.   32.   32.   32.   32.   32.
   32. 2233. 
 2814. 2814. 2814. 2233. 2233. 2814. 2814. 2814. 2233. 2233.   32.   32.
   32. 2233. 2814. 2814. 2814. 2814. 2233.   32.   32.   32. 2233. 2233.
 2233. 2814. 
 2814. 2814. 2233. 2233.   32.   32.   32.   32.   32.   32.   32.   32.
   32. 2233. 2814. 2814. 2814. 2814. 2233.   32.   32. 2233. 2233. 2814.
 2814. 2814. 
 2233. 2233. 2233. 2233.   32.   32.   32.   32.   32.   32.   32. 2233.
 2233. 2814. 2814. 2233. 2233. 2233. 2814. 2814. 2814. 2233.   32.   32.
   32.   32. 
 2233. 2814. 2814. 2814. 2233.   32.   32.   32.   32. 2233. 2233. 2233.
 2814. 2814. 2814. 2233. 2233.   32.   32.   32.   32.   32.   32.   32.
   32. 2233. 
 2814. 2814. 2814. 2814. 2233.   32.   32.   32. 2233. 2233. 2814. 2814.
 2814. 2233. 2233. 2233. 2233.   32.   32.   32.   32.   32.   32. 2233.
 2233. 2814. 
 2814. 2814. 2814. 2233. 2233. 2814. 2814. 2233.   32.   32.   32.   32.
 2233. 2814. 2814. 2814. 2233.   32.   32.   32.   32.   32. 2233. 2233.
 2814. 2814. 
 2814. 2233. 2233.   32.   32.   32.   32.   32.   32.   32.   32. 2233.
 2814. 2814. 2814. 2814. 2233.   32.   32.   32. 2233. 2233. 2814. 2814.
 2814. 2233. 
 2233. 2233. 2233.   32.   32.   32.   32.   32.   32.   32. 2233. 2233.
 2814. 2814. 2814. 2814. 2233. 2233. 2233. 2814.   32.   32.   32.   32.
 2233. 2814. 
 2814. 2814. 2233.   32.   32.   32.   32.   32. 2233. 2233. 2814. 2814.
 2814. 2233. 2233.   32.   32.   32.   32.   32.   32.   32.   32. 2233.
 2814. 2814. 
 2814. 2233.   32.   32.   32.   32.   32. 2233. 2233. 2814. 2814. 2814.
 2233. 2233. 2233.   32.   32.   32.   32.   32.   32.   32.   32. 2233.
 2814. 2814. 
 2814. 2814. 2814. 2814. 2233. 2233.   32.   32.   32.   32. 2233. 2814.
 2814. 2814. 2233.   32.   32.   32.   32.   32. 2233. 2233. 2814. 2814.
 2814. 2233. 
 2233.   32.   32.   32.   32.   32.   32.   32.   32. 2233. 2814. 2814.
 2814. 2233. 2233.   32.   32.   32.   32. 2233. 2233. 2814. 2814. 2814.
 2814. 2233. 
 2233. 2233.   32.   32.   32.   32.   32.   32.   32. 2233. 2233. 2814.
 2814. 2814. 2814. 2814. 2814. 2233.   32.   32.   32.   32. 2233. 2814.
 2814. 2814. 
 2233.   32.   32.   32.   32.   32. 2233. 2233. 2814. 2814. 2814. 2233.
 2233.   32.   32.   32.   32.   32.   32.   32.   32. 2233. 2814. 2814.
 2814. 2814. 
 2233. 2233.   32.   32.   32.   32. 2233. 2233. 2814. 2814. 2814. 2233.
 2233. 2233.   32.   32.   32.   32.   32.   32.   32.   32. 2233. 2233.
 2233. 2814. 
 2814. 2814. 2814. 2233.   32.   32.   32. 2233. 2814. 2814. 2814. 2814.
 2233.   32.   32.   32.   32.   32. 2233. 2233. 2814. 2814. 2814. 2233.
 2233.   32. 
   32.   32.   32.   32.   32.   32.   32. 2233. 2233. 2814. 2814. 2814.
 2814. 2233. 2233.   32.   32.   32. 2233. 2233. 2814. 2814. 2814. 2814.
 2233. 2233. 
   32.   32.   32.   32.   32.   32.   32.   32.   32.   32. 2233. 2233.
 2814. 2814. 2814. 2233.   32.   32.   32. 2233. 2814. 2814. 2814. 2233.
 2233.   32. 
   32.   32.   32. 2233. 2233. 2814. 2814. 2814. 2233. 2233.   32.   32.
   32.   32.   32.   32.   32.   32.   32.   32. 2233. 2814. 2814. 2814.
 2814. 2814. 
 2233. 2233.   32.   32. 2233. 2233. 2233. 2814. 2814. 2814. 2233. 2233.
 2233.   32.   32.   32.   32.   32.   32.   32.   32.   32.   32. 2233.
 2814. 2814. 
 2814. 2233.   32.   32.   32. 2233. 2814. 2814. 2814. 2233.   32.   32.
   32.   32.   32. 2233. 2233. 2814. 2814. 2814. 2233. 2233.   32.   32.
   32.   32. 
   32.   32.   32.   32.   32.   32.   32. 2233. 2814. 2814. 2814. 2814.
 2814. 2233.   32.   32.   32. 2233. 2233. 2814. 2814. 2814. 2814. 2233.
 2233. 2233. 
   32.   32.   32.   32.   32.   32.   32.   32.   32. 2233. 2814. 2814.
 2814. 2233.   32.   32. 2233. 2814. 2814. 2814. 2814. 2233.   32.   32.
   32.   32. 
 2233. 2233. 2814. 2814. 2814. 2233. 2233.   32.   32.   32.   32.   32.
   32.   32.   32.   32.   32.   32.   32. 2233. 2233. 2814. 2814. 2814.
 2814. 2233. 
 2233.   32.   32. 2233. 2233. 2233. 2814. 2814. 2814. 2814. 2233. 2233.
 2233.   32.   32.   32.   32.   32.   32.   32.   32. 2233. 2814. 2814.
 2814. 2233. 
   32.   32. 2233. 2814. 2814. 2814. 2233.   32.   32.   32.   32.   32.
 2233. 2233. 2814. 2814. 2814. 2233. 2233.   32.   32.   32.   32.   32.
   32.   32. 
   32.   32.   32.   32.   32.   32. 2233. 2233. 2814. 2814. 2814. 2814.
 2233.   32.   32. 2233. 2233. 2233. 2814. 2814. 2814. 2814. 2233. 2233.
 2233. 2233. 
   32.   32.   32.   32.   32.   32.   32. 2233. 2814. 2814. 2814. 2233.
   32. 2233. 2814. 2814. 2814. 2814. 2233.   32.   32.   32.   32.   32.
 2233. 2233. 
 2814. 2814. 2814. 2233.   32.   32.   32.   32.   32.   32.   32.   32.
   32.   32.   32.   32.   32.   32.   32. 2233. 2814. 2814. 2814. 2814.
 2233.   32. 
   32. 2233. 2233. 2233. 2233. 2814. 2814. 2814. 2814. 2233. 2233. 2233.
 2233.   32.   32.   32.   32.   32. 2233. 2233. 2814. 2814. 2814. 2233.
   32. 2233. 
 2814. 2814. 2814. 2233.   32.   32.   32.   32.   32.   32. 2233. 2814.
 2814. 2814. 2233. 2233.   32.   32.   32.   32.   32.   32.   32.   32.
   32.   32. 
   32.   32.   32.   32.   32. 2233. 2814. 2814. 2814. 2814. 2233.   32.
   32.   32. 2233. 2233. 2233. 2233. 2814. 2814. 2814. 2814. 2233. 2233.
 2233.   32. 
   32.   32.   32.   32. 2233. 2233. 2814. 2814. 2814. 2233.   32. 2233.
 2814. 2814. 2814. 2233.   32.   32.   32.   32.   32.   32. 2233. 2814.
 2814. 2814. 
 2814. 2233.   32.   32.   32.   32.   32.   32.   32.   32.   32.   32.
   32.   32.   32.   32. 2233. 2233. 2814. 2814. 2814. 2233. 2233.   32.
   32.   32. 
 2233. 2233. 2233. 2233. 2233. 2814. 2814. 2814. 2814. 2233. 2233. 2233.
   32.   32.   32.   32. 2233. 2233. 2814. 2814. 2814. 2233.   32. 2233.
 2814. 2814. 
 2814. 2233.   32.   32.   32.   32.   32.   32. 2233. 2814. 2814. 2814.
 2814. 2233. 2233.   32.   32.   32.   32.   32.   32.   32.   32.   32.
   32.   32. 
   32.   32. 2233. 2233. 2814. 2814. 2814. 2233.   32.   32.   32.   32.
   32. 2233. 2233. 2233. 2233. 2233. 2814. 2814. 2814. 2814. 2233. 2233.
 2233.   32. 
   32.   32. 2233. 2233. 2814. 2814. 2814. 2233.   32. 2233. 2814. 2814.
 2814. 2233.   32.   32.   32.   32.   32.   32. 2233. 2233. 2814. 2814.
 2814. 2814. 
 2233. 2233.   32.   32.   32.   32.   32.   32.   32.   32.   32.   32.
   32.   32. 2233. 2814. 2814. 2814. 2233. 2233.   32.   32.   32.   32.
   32. 2233. 
 2814. 2233. 2233. 2233. 2814. 2814. 2814. 2814. 2233. 2233. 2233.   32.
   32.   32. 2233. 2233. 2814. 2814. 2814. 2233.   32. 2233. 2814. 2814.
 2814. 2233. 
   32.   32.   32.   32.   32.   32. 2233. 2233. 2814. 2814. 2814. 2814.
 2233. 2233. 2233.   32.   32.   32.   32.   32.   32.   32.   32.   32.
   32.   32. 
 2233. 2814. 2814. 2814. 2233.   32.   32.   32.   32.   32.   32. 2233.
 2814. 2814. 2233. 2233. 2233. 2814. 2814. 2814. 2814. 2233. 2233.   32.
   32.   32. 
 2233. 2233. 2814. 2814. 2814. 2233.   32. 2233. 2814. 2814. 2814. 2233.
   32.   32.   32.   32.   32.   32.   32. 2233. 2233. 2814. 2814. 2814.
 2814. 2233. 
 2233.   32.   32.   32.   32.   32.   32.   32.   32.   32.   32.   32.
 2233. 2814. 2814. 2814. 2233.   32.   32.   32.   32.   32.   32. 2233.
 2814. 2814. 
 2814. 2233. 2233. 2814. 2814. 2814. 2814. 2233. 2233.   32.   32.   32.
   32. 2233. 2814. 2814. 2814. 2814.   32. 2233. 2814. 2814. 2814. 2814.
 2233.   32. 
   32.   32.   32.   32.   32.   32. 2233. 2233. 2814. 2814. 2814. 2814.
 2233. 2233.   32.   32.   32.   32.   32.   32.   32.   32.   32.   32.
 2233. 2814. 
 2814. 2814. 2233. 2233.   32.   32.   32.   32.   32. 2233. 2233. 2814.
 2814. 2233. 2233. 2233. 2814. 2814. 2814. 2233. 2233.   32.   32.   32.
   32. 2233. 
 2233. 2814. 2814. 2814.   32. 2233. 2233. 2814. 2814. 2814. 2233. 2233.
   32.   32.   32.   32.   32.   32. 2233. 2233. 2814. 2814. 2814. 2814.
 2233. 2233. 
   32.   32.   32.   32.   32.   32.   32.   32.   32.   32. 2233. 2814.
 2814. 2814. 2814. 2233. 2233.   32.   32.   32.   32. 2233. 2814. 2814.
 2814. 2233. 
 2233. 2233. 2814. 2814. 2814. 2233. 2233.   32.   32.   32.   32. 2233.
 2233. 2814. 2814. 2814.   32.   32. 2233. 2814. 2814. 2814. 2814. 2233.
   32.   32. 
   32.   32.   32.   32.   32. 2233. 2233. 2814. 2814. 2814. 2814. 2233.
   32.   32.   32.   32.   32.   32.   32.   32.   32.   32. 2233. 2233.
 2814. 2814. 
 2814. 2814. 2233.   32.   32.   32.   32. 2233. 2814. 2814. 2814. 2233.
 2233. 2233. 2814. 2814. 2814. 2233. 2233.   32.   32.   32.   32. 2233.
 2233. 2814. 
 2814. 2814.   32.   32.   32. 2233. 2814. 2814. 2814. 2814. 2233.   32.
   32.   32.   32.   32.   32.   32. 2233. 2814. 2814. 2814. 2814. 2233.
 2233.   32. 
   32.   32.   32.   32.   32.   32.   32.   32.   32. 2233. 2814. 2814.
 2814. 2814. 2814. 2233.   32.   32.   32. 2233. 2814. 2814. 2814. 2233.
 2233. 2233. 
 2814. 2814. 2814. 2233. 2233.   32.   32.   32.   32. 2233. 2233. 2814.
 2814. 2814.   32.   32.   32. 2233. 2233. 2814. 2814. 2814. 2233.   32.
   32.   32. 
   32.   32.   32.   32. 2233. 2233. 2814. 2814. 2814. 2233. 2233.   32.
   32.   32.   32.   32.   32.   32.   32.   32.   32. 2233. 2233. 2814.
 2814. 2814. 
 2814. 2233. 2233.   32.   32. 2233. 2233. 2814. 2814. 2814. 2233. 2233.
 2814. 2814. 2814. 2233. 2233.   32.   32.   32.   32. 2233. 2233. 2814.
 2814. 2814. 
   32.   32.   32.   32. 2233. 2814. 2814. 2814. 2233.   32.   32.   32.
   32.   32.   32.   32.   32. 2233. 2814. 2814. 2814. 2233. 2233.   32.
   32.   32. 
   32.   32.   32.   32.   32.   32.   32.   32. 2233. 2233. 2814. 2814.
 2814. 2814. 2233.   32.   32. 2233. 2233. 2814. 2814. 2233. 2233. 2233.
 2814. 2814. 
 2814. 2233. 2233.   32.   32.   32.   32. 2233. 2814. 2814. 2814. 2233.
   32.   32.   32.   32. 2233. 2814. 2814. 2814. 2233.   32.   32.   32.
   32.   32. 
   32.   32.   32. 2233. 2814. 2814. 2814. 2814. 2233.   32.   32.   32.
   32.   32.   32.   32.   32.   32.   32.   32.   32. 2233. 2233. 2814.
 2814. 2814. 
 2233. 2233.   32. 2233. 2233. 2814. 2814. 2233. 2233. 2233. 2814. 2814.
 2814. 2233. 2233.   32.   32.   32. 2233. 2233. 2814. 2814. 2814. 2233.
   32.   32. 
   32.   32. 2233. 2814. 2814. 2814. 2233.   32.   32.   32.   32.   32.
   32.   32.   32. 2233. 2814. 2814. 2814. 2814. 2233.   32.   32.   32.
   32.   32. 
   32.   32.   32.   32.   32.   32.   32.   32. 2233. 2233. 2814. 2814.
 2814. 2233.   32. 2233. 2233. 2814. 2814. 2233. 2233. 2814. 2814. 2814.
 2814. 2233. 
 2233.   32.   32. 2233. 2233. 2814. 2814. 2814. 2233. 2233.   32.   32.
   32.   32. 2233. 2814. 2814. 2814. 2233.   32.   32.   32.   32.   32.
   32.   32. 
   32. 2233. 2814. 2814. 2814. 2814. 2233.   32.   32.   32.   32.   32.
   32.   32.   32.   32.   32.   32.   32.   32.   32. 2233. 2814. 2814.
 2814. 2233. 
   32. 2233. 2233. 2814. 2814. 2233. 2233. 2814. 2814. 2814. 2233. 2233.
 2233.   32.   32. 2233. 2233. 2814. 2814. 2233. 2233.   32.   32.   32.
   32.   32. 
 2233. 2814. 2814. 2814. 2233.   32.   32.   32.   32.   32.   32.   32.
   32. 2233. 2233. 2814. 2814. 2814. 2233. 2233.   32.   32.   32.   32.
   32.   32. 
   32.   32.   32.   32.   32.   32.   32. 2233. 2814. 2814. 2814. 2233.
   32. 2233. 2233. 2814. 2814. 2233. 2233. 2814. 2814. 2814. 2233. 2233.
 2233.   32. 
 2233. 2233. 2814. 2814. 2814. 2233. 2233.   32.   32.   32.   32.   32.
 2233. 2814. 2814. 2814. 2233.   32.   32.   32.   32.   32.   32.   32.
   32. 2233. 
 2233. 2814. 2814. 2814. 2233. 2233. 2233. 2233. 2233.   32.   32.   32.
   32.   32.   32.   32.   32.   32. 2233. 2233. 2814. 2814. 2814. 2233.
 2233. 2233. 
 2814. 2814. 2814. 2233. 2233. 2814. 2814. 2814. 2233. 2233.   32.   32.
 2233. 2814. 2814. 2814. 2814. 2233.   32.   32.   32.   32.   32. 2233.
 2233. 2814. 
 2814. 2233.   32.   32.   32.   32.   32.   32.   32.   32.   32. 2233.
 2233. 2814. 2814. 2814. 2814. 2814. 2814. 2814. 2233. 2233. 2233.   32.
   32.   32. 
   32.   32.   32.   32. 2233. 2814. 2814. 2814. 2233. 2233. 2233. 2233.
 2814. 2814. 2814. 2233. 2233. 2814. 2814. 2814. 2233. 2233. 2233. 2233.
 2233. 2814. 
 2814. 2814. 2233. 2233.   32.   32.   32.   32.   32. 2233. 2233. 2814.
 2814. 2233.   32.   32.   32.   32.   32.   32.   32.   32.   32.   32.
 2233. 2814. 
 2814. 2814. 2814. 2814. 2814. 2814. 2814. 2814. 2233. 2233.   32.   32.
   32.   32.   32.   32. 2233. 2814. 2814. 2814. 2233.   32. 2233. 2233.
 2814. 2814. 
 2814. 2233. 2233. 2233. 2814. 2814. 2814. 2233. 2233. 2233. 2233. 2814.
 2814. 2814. 2233.   32.   32.   32.   32.   32.   32. 2233. 2233. 2814.
 2814. 2233. 
   32.   32.   32.   32.   32.   32.   32.   32.   32.   32. 2233. 2233.
 2814. 2814. 2814. 2814. 2814. 2814. 2814. 2814. 2814. 2233.   32.   32.
   32.   32. 
   32.   32. 2233. 2814. 2814. 2814. 2233.   32. 2233. 2233. 2814. 2814.
 2814. 2233. 2233. 2233. 2814. 2814. 2814. 2233. 2233. 2233. 2233. 2814.
 2814. 2814. 
 2233.   32.   32.   32.   32.   32.   32.   32. 2233. 2814. 2814. 2814.
 2233.   32.   32.   32.   32.   32.   32.   32.   32.   32.   32. 2233.
 2233. 2233. 
 2233. 2814. 2814. 2814. 2814. 2814. 2814. 2233.   32.   32.   32.   32.
   32.   32. 2233. 2814. 2814. 2814. 2233.   32. 2233. 2233. 2814. 2814.
 2814. 2233. 
 2233. 2233. 2233. 2814. 2814. 2814. 2233. 2233. 2233. 2814. 2814. 2814.
 2233.   32.   32.   32.   32.   32.   32.   32. 2233. 2814. 2814. 2814.
 2233. 2233. 
   32.   32.   32.   32.   32.   32.   32.   32.   32.   32.   32. 2233.
 2233. 2233. 2233. 2814. 2814. 2814. 2814. 2233. 2233.   32.   32.   32.
   32.   32. 
 2233. 2814. 2814. 2814. 2233. 2233. 2233. 2233. 2814. 2814. 2814. 2233.
 2233. 2233. 2233. 2814. 2814. 2814. 2233. 2233. 2233. 2814. 2814. 2814.
 2233. 2233. 
   32.   32.   32.   32.   32.   32.   32. 2233. 2814. 2814. 2814. 2814.
 2233. 2233.   32.   32.   32.   32.   32.   32.   32.   32.   32.   32.
   32.   32. 
 2233. 2233. 2814. 2814. 2814. 2233. 2233.   32.   32.   32.   32.   32.
 2233. 2233. 2814. 2814. 2814. 2233. 2233. 2233. 2814. 2814. 2814. 2233.
 2233. 2233. 
 2233. 2814. 2814. 2814. 2814. 2233. 2233. 2814. 2814. 2814. 2233. 2233.
   32.   32. 
/