PERMI
 10. 10. 10. 10. 10. 10. 10. 10. 10. 10. 10. 10. 10. 10. 10. 10. 10. 10.
 10. 10. 10. 10. 10. 10. 10. 10. 
 10. 10. 10. 10. 10. 10. 10. 10. 10. 10. 10. 10. 10. 10. 10. 10. 10. 10.
 10. 10. 10. 10. 10. 10. 10. 10. 
 10. 10. 10. 10. 10. 10. 10. 10. 10. 10. 10. 10. 10. 10. 10. 10. 10. 10.
 10. 10. 10. 10. 10. 10. 10. 10. 
 10. 10. 10. 10. 10. 10. 10. 10. 10. 10. 10. 10. 10. 10. 10. 10. 10. 10.
 10. 10. 10. 10. 10. 10. 10. 10. 
 1300. 1300. 1300. 1300.   10.   10.   10.   10.   10.   10.   10.   10.
   10.   10.   10.   10.   10.   10.   10.   10.   10.   10.   10.   10.
   10.   10. 
 10. 10. 10. 10. 10. 10. 10. 10. 10. 10. 10. 10. 10. 10. 10. 10. 10. 10.
 10. 10. 10. 10. 10. 10. 10. 10. 
   10.   10.   10.   10.   10.   10.   10.   10.   10.   10. 1300. 1300.
 1300. 1300. 1300. 1300. 1300. 1300.   10.   10.   10.   10.   10.   10.
   10.   10. 
 10. 10. 10. 10. 10. 10. 10. 10. 10. 10. 10. 10. 10. 10. 10. 10. 10. 10.
 10. 10. 10. 10. 10. 10. 10. 10. 
   10.   10.   10.   10.   10.   10.   10.   10. 1300. 1300. 1300. 1300.
 1300. 1300.   10.   10.   10.   10.   10.   10. 1300. 1300. 1300. 1300.
 2071. 2071. 
 2071. 1300. 1300. 1300. 1300.   10.   10.   10.   10.   10.   10.   10.
   10.   10.   10.   10.   10.   10.   10.   10.   10.   10.   10.   10.
   10.   10. 
   10.   10.   10.   10.   10.   10.   10.   10.   10.   10.   10.   10.
   10.   10.   10.   10.   10.   10. 1300. 1300. 1300. 1300. 1300. 2071.
 1300. 1300. 
 1300. 1300.   10.   10.   10. 1300. 1300. 1300. 1300. 2071. 2071. 2071.
 2071. 2071. 2071. 1300. 1300. 1300.   10.   10.   10.   10.   10.   10.
   10.   10. 
 10. 10. 10. 10. 10. 10. 10. 10. 10. 10. 10. 10. 10. 10. 10. 10. 10. 10.
 10. 10. 10. 10. 10. 10. 10. 10. 
   10.   10.   10.   10. 1300. 2071. 2071. 2071. 2071. 2071. 2071. 2071.
 1300. 1300. 1300.   10. 1300. 1300. 1300. 2071. 2071. 2071. 2071. 2071.
 2071. 2071. 
 2071. 2071. 2071. 1300. 1300.   10.   10.   10.   10.   10.   10.   10.
   10.   10.   10.   10.   10.   10.   10.   10.   10.   10.   10.   10.
   10.   10. 
   10.   10.   10.   10.   10.   10.   10.   10.   10.   10.   10.   10.
   10.   10.   10. 1300. 1300. 2071. 2071. 2071. 2071. 2071. 2071. 2071.
 2071. 2071. 
 1300. 1300. 1300. 1300. 2071. 2071. 2071. 2071. 2071. 2071. 2071. 2071.
 2071. 2071. 2071. 1300. 1300. 1300.   10.   10. 1300. 1300. 1300. 1300.
 1300. 1300. 
 1300. 1300. 1300. 1300. 1300.   10.   10.   10.   10.   10.   10.   10.
   10.   10.   10.   10.   10.   10.   10.   10.   10.   10.   10.   10.
   10.   10. 
 1300. 1300. 2071. 2071. 2071. 2071. 2071. 2071. 2071. 2071. 2071. 2071.
 2071. 1300. 1300. 2071. 2071. 2071. 2071. 2071. 1300. 1300. 1300. 1300.
 2071. 2071. 
 2071. 2071. 2071. 1300. 1300. 1300. 1300. 2071. 2071. 2071. 2071. 2071.
 2071. 2071. 2071. 2071. 1300. 1300.   10.   10.   10.   10.   10.   10.
   10.   10. 
   10.   10.   10.   10.   10.   10.   10.   10.   10.   10.   10.   10.
 1300. 2071. 2071. 2071. 2071. 1300. 1300. 1300. 2071. 2071. 2071. 2071.
 2071. 2071. 
 2071. 2071. 2071. 2071. 1300. 1300. 1300. 1300. 1300. 1300. 1300. 2071.
 2071. 2071. 2071. 2071. 2071. 2071. 2071. 2071. 2071. 2071. 2071. 2071.
 2071. 2071. 
 2071. 2071. 2071. 1300.   10.   10.   10.   10.   10.   10.   10.   10.
   10.   10.   10.   10.   10.   10.   10.   10.   10.   10.   10. 1300.
 1300. 2071. 
 2071. 2071. 1300. 1300. 1300. 1300. 1300. 1300. 2071. 2071. 2071. 2071.
 2071. 2071. 2071. 1300. 1300. 1300. 1300.   10.   10. 1300. 1300. 1300.
 2071. 2071. 
 2071. 2071. 2071. 2071. 2071. 2071. 2071. 2071. 2071. 2071. 2071. 2071.
 2071. 2071. 2071. 2071.   10.   10.   10.   10.   10.   10.   10.   10.
   10.   10. 
   10.   10.   10.   10.   10.   10.   10.   10.   10. 1300. 1300. 2071.
 2071. 2071. 1300.   10.   10.   10. 1300. 1300. 1300. 2071. 2071. 2071.
 2071. 2071. 
 1300. 1300. 1300.   10.   10.   10.   10.   10.   10. 1300. 1300. 2071.
 2071. 2071. 2071. 2071. 2071. 2071. 2071. 2071. 1300. 1300. 2071. 1300.
 2071. 2071. 
 2071. 2071.   10.   10.   10.   10.   10.   10. 1300. 1300. 1300. 1300.
 1300. 1300. 1300.   10.   10.   10.   10.   10.   10. 1300. 2071. 2071.
 2071. 2071. 
 1300.   10.   10.   10.   10.   10. 1300. 1300. 1300. 1300. 1300. 1300.
 1300.   10.   10.   10.   10.   10.   10.   10.   10.   10. 1300. 1300.
 2071. 2071. 
 2071. 2071. 2071. 1300. 1300. 1300. 1300. 1300. 1300. 1300. 1300. 1300.
 2071. 2071. 1300.   10.   10.   10.   10. 1300. 1300. 1300. 1300. 2071.
 1300. 1300. 
 1300. 1300.   10.   10.   10.   10. 1300. 1300. 2071. 2071. 2071. 1300.
 1300.   10.   10.   10.   10.   10.   10.   10. 1300. 1300. 1300. 1300.
   10.   10. 
   10.   10.   10.   10.   10.   10.   10.   10. 1300. 1300. 1300. 1300.
 1300. 1300. 1300. 1300.   10.   10.   10.   10.   10.   10. 1300. 1300.
 1300. 2071. 
 1300.   10.   10.   10. 1300. 1300. 2071. 2071. 2071. 2071. 2071. 2071.
 1300. 1300. 1300. 1300. 1300. 1300. 1300. 1300. 2071. 2071. 2071. 1300.
   10.   10. 
   10.   10.   10.   10.   10.   10.   10.   10.   10.   10.   10.   10.
   10.   10.   10.   10.   10.   10.   10.   10.   10.   10. 1300. 1300.
 1300.   10. 
   10.   10.   10.   10.   10.   10.   10.   10.   10. 1300. 1300. 1300.
 1300.   10. 1300. 1300. 1300. 2071. 2071. 2071. 2071. 2071. 2071. 2071.
 2071. 2071. 
 1300. 1300. 1300. 1300. 1300. 2071. 2071. 2071. 2071. 1300.   10.   10.
   10.   10.   10.   10.   10.   10.   10.   10.   10.   10.   10.   10.
   10.   10. 
   10.   10.   10.   10.   10.   10.   10.   10.   10.   10.   10.   10.
   10.   10.   10.   10.   10.   10.   10.   10.   10.   10.   10. 1300.
 1300. 1300. 
 1300. 1300. 2071. 2071. 2071. 2071. 2071. 2071. 2071. 2071. 2071. 2071.
 2071. 2071. 2071. 2071. 2071. 2071. 2071. 2071. 1300. 1300.   10.   10.
   10.   10. 
 10. 10. 10. 10. 10. 10. 10. 10. 10. 10. 10. 10. 10. 10. 10. 10. 10. 10.
 10. 10. 10. 10. 10. 10. 10. 10. 
   10.   10.   10.   10.   10.   10.   10.   10.   10.   10. 2071. 1300.
 2071. 2071. 2071. 2071. 2071. 1300. 1300. 1300. 1300. 1300. 2071. 2071.
 2071. 2071. 
 2071. 2071. 2071. 2071. 2071. 2071. 1300.   10.   10.   10.   10.   10.
   10.   10.   10.   10.   10.   10.   10.   10.   10.   10.   10.   10.
   10.   10. 
   10.   10.   10.   10.   10.   10.   10.   10.   10.   10.   10.   10.
   10.   10.   10.   10.   10.   10.   10.   10.   10.   10. 2071. 2071.
 2071. 2071. 
 2071. 2071. 1300. 1300.   10. 1300. 1300. 1300. 1300. 2071. 2071. 2071.
 2071. 2071. 2071. 2071. 2071. 1300. 1300.   10.   10.   10.   10.   10.
   10.   10. 
 10. 10. 10. 10. 10. 10. 10. 10. 10. 10. 10. 10. 10. 10. 10. 10. 10. 10.
 10. 10. 10. 10. 10. 10. 10. 10. 
   10.   10.   10.   10.   10.   10.   10.   10. 2071. 2071. 2071. 2071.
 1300. 1300. 1300.   10.   10.   10.   10. 1300. 1300. 1300. 1300. 1300.
 2071. 2071. 
 1300. 1300. 1300. 1300.   10.   10.   10.   10.   10.   10.   10.   10.
   10.   10.   10.   10.   10.   10.   10.   10.   10.   10.   10.   10.
   10.   10. 
   10.   10.   10.   10.   10.   10.   10.   10.   10.   10.   10.   10.
   10.   10.   10.   10.   10.   10.   10.   10. 1300. 1300. 1300. 1300.
 1300.   10. 
   10.   10.   10.   10.   10.   10.   10. 1300. 1300. 1300. 1300. 1300.
 1300. 1300.   10.   10.   10.   10.   10.   10.   10.   10.   10.   10.
   10.   10. 
 10. 10. 10. 10. 10. 10. 10. 10. 10. 10. 10. 10. 10. 10. 10. 10. 10. 10.
 10. 10. 10. 10. 10. 10. 10. 10. 
   10.   10.   10.   10.   10.   10. 1300. 1300. 1300. 1300.   10.   10.
   10.   10.   10.   10.   10.   10.   10.   10.   10.   10.   10.   10.
   10.   10. 
 10. 10. 10. 10. 10. 10. 10. 10. 10. 10. 10. 10. 10. 10. 10. 10. 10. 10.
 10. 10. 10. 10. 10. 10. 10. 10. 
 10. 10. 10. 10. 10. 10. 10. 10. 10. 10. 10. 10. 10. 10. 10. 10. 10. 10.
 10. 10. 10. 10. 10. 10. 10. 10. 
 10. 10. 10. 10. 10. 10. 10. 10. 10. 10. 10. 10. 10. 10. 10. 10. 10. 10.
 10. 10. 10. 10. 10. 10. 10. 10. 
 10. 10. 10. 10. 10. 10. 10. 10. 10. 10. 10. 10. 10. 10. 10. 10. 10. 10.
 10. 10. 10. 10. 10. 10. 10. 10. 
 10. 10. 10. 10. 10. 10. 10. 10. 10. 10. 10. 10. 10. 10. 10. 10. 10. 10.
 10. 10. 10. 10. 10. 10. 10. 10. 
 10. 10. 10. 10. 10. 10. 10. 10. 10. 10. 10. 10. 10. 10. 10. 10. 10. 10.
 10. 10. 10. 10. 10. 10. 10. 10. 
 10. 10. 10. 10. 10. 10. 10. 10. 10. 10. 10. 10. 10. 10. 10. 10. 10. 10.
 10. 10. 10. 10. 10. 10. 10. 10. 
 10. 10. 10. 10. 10. 10. 10. 10. 10. 10. 10. 10. 10. 10. 10. 10. 10. 10.
 10. 10. 10. 10. 10. 10. 10. 10. 
 10. 10. 10. 10. 10. 10. 10. 10. 10. 10. 10. 10. 10. 10. 10. 10. 10. 10.
 10. 10. 10. 10. 10. 10. 10. 10. 
 10. 10. 10. 10. 10. 10. 10. 10. 10. 10. 10. 10. 10. 10. 10. 10. 10. 10.
 10. 10. 10. 10. 10. 10. 10. 10. 
 10. 10. 10. 10. 10. 10. 10. 10. 10. 10. 10. 10. 10. 10. 10. 10. 10. 10.
 10. 10. 10. 10. 10. 10. 10. 10. 
 10. 10. 10. 10. 10. 10. 10. 10. 10. 10. 10. 10. 10. 10. 10. 10. 10. 10.
 10. 10. 10. 10. 10. 10. 10. 10. 
 10. 10. 10. 10. 10. 10. 10. 10. 10. 10. 10. 10. 10. 10. 10. 10. 10. 10.
 10. 10. 10. 10. 10. 10. 10. 10. 
 10. 10. 10. 10. 10. 10. 10. 10. 10. 10. 10. 10. 10. 10. 10. 10. 10. 10.
 10. 10. 10. 10. 10. 10. 10. 10. 
 10. 10. 10. 10. 10. 10. 10. 10. 10. 10. 10. 10. 10. 10. 10. 10. 10. 10.
 10. 10. 10. 10. 10. 10. 10. 10. 
 10. 10. 10. 10. 10. 10. 10. 10. 10. 10. 10. 10. 10. 10. 10. 10. 10. 10.
 10. 10. 10. 10. 10. 10. 10. 10. 
 10. 10. 10. 10. 10. 10. 10. 10. 10. 10. 10. 10. 10. 10. 10. 10. 10. 10.
 10. 10. 10. 10. 10. 10. 10. 10. 
 10. 10. 10. 10. 10. 10. 10. 10. 10. 10. 10. 10. 10. 10. 10. 10. 10. 10.
 10. 10. 10. 10. 10. 10. 10. 10. 
 10. 10. 10. 10. 10. 10. 10. 10. 10. 10. 10. 10. 10. 10. 10. 10. 10. 10.
 10. 10. 10. 10. 10. 10. 10. 10. 
 10. 10. 10. 10. 10. 10. 10. 10. 10. 10. 10. 10. 10. 10. 10. 10. 10. 10.
 10. 10. 10. 10. 10. 10. 10. 10. 
 10. 10. 10. 10. 10. 10. 10. 10. 10. 10. 10. 10. 10. 10. 10. 10. 10. 10.
 10. 10. 10. 10. 10. 10. 10. 10. 
 10. 10. 10. 10. 10. 10. 10. 10. 10. 10. 10. 10. 10. 10. 10. 10. 10. 10.
 10. 10. 10. 10. 10. 10. 10. 10. 
 10. 10. 10. 10. 10. 10. 10. 10. 10. 10. 10. 10. 10. 10. 10. 10. 10. 10.
 10. 10. 10. 10. 10. 10. 10. 10. 
 10. 10. 10. 10. 10. 10. 10. 10. 10. 10. 10. 10. 10. 10. 10. 10. 10. 10.
 10. 10. 10. 10. 10. 10. 10. 10. 
 10. 10. 10. 10. 10. 10. 10. 10. 10. 10. 10. 10. 10. 10. 10. 10. 10. 10.
 10. 10. 10. 10. 10. 10. 10. 10. 
 10. 10. 10. 10. 10. 10. 10. 10. 10. 10. 10. 10. 10. 10. 10. 10. 10. 10.
 10. 10. 10. 10. 10. 10. 10. 10. 
 10. 10. 10. 10. 10. 10. 10. 10. 10. 10. 10. 10. 10. 10. 10. 10. 10. 10.
 10. 10. 10. 10. 10. 10. 10. 10. 
 10. 10. 10. 10. 10. 10. 10. 10. 10. 10. 10. 10. 10. 10. 10. 10. 10. 10.
 10. 10. 10. 10. 10. 10. 10. 10. 
 10. 10. 10. 10. 10. 10. 10. 10. 10. 10. 10. 10. 10. 10. 10. 10. 10. 10.
 10. 10. 10. 10. 10. 10. 10. 10. 
 10. 10. 10. 10. 10. 10. 10. 10. 10. 10. 10. 10. 10. 10. 10. 10. 10. 10.
 10. 10. 10. 10. 10. 10. 10. 10. 
 10. 10. 10. 10. 10. 10. 10. 10. 10. 10. 10. 10. 10. 10. 10. 10. 10. 10.
 10. 10. 10. 10. 10. 10. 10. 10. 
 10. 10. 10. 10. 10. 10. 10. 10. 10. 10. 10. 10. 10. 10. 10. 10. 10. 10.
 10. 10. 10. 10. 10. 10. 10. 10. 
 10. 10. 10. 10. 10. 10. 10. 10. 10. 10. 10. 10. 10. 10. 10. 10. 10. 10.
 10. 10. 10. 10. 10. 10. 10. 10. 
 10. 10. 10. 10. 10. 10. 10. 10. 10. 10. 10. 10. 10. 10. 10. 10. 10. 10.
 10. 10. 10. 10. 10. 10. 10. 10. 
 10. 10. 10. 10. 10. 10. 10. 10. 10. 10. 10. 10. 10. 10. 10. 10. 10. 10.
 10. 10. 10. 10. 10. 10. 10. 10. 
 10. 10. 10. 10. 10. 10. 10. 10. 10. 10. 10. 10. 10. 10. 10. 10. 10. 10.
 10. 10. 10. 10. 10. 10. 10. 10. 
 10. 10. 10. 10. 10. 10. 10. 10. 10. 10. 10. 10. 10. 10. 10. 10. 10. 10.
 10. 10. 10. 10. 10. 10. 10. 10. 
 10. 10. 10. 10. 10. 10. 10. 10. 10. 10. 10. 10. 10. 10. 10. 10. 10. 10.
 10. 10. 10. 10. 10. 10. 10. 10. 
 10. 10. 10. 10. 10. 10. 10. 10. 10. 10. 10. 10. 10. 10. 10. 10. 10. 10.
 10. 10. 10. 10. 10. 10. 10. 10. 
 10. 10. 10. 10. 10. 10. 10. 10. 10. 10. 10. 10. 10. 10. 10. 10. 10. 10.
 10. 10. 10. 10. 10. 10. 10. 10. 
 10. 10. 10. 10. 10. 10. 10. 10. 10. 10. 10. 10. 10. 10. 10. 10. 10. 10.
 10. 10. 10. 10. 10. 10. 10. 10. 
   10.   10. 1300.   10.   10.   10.   10.   10.   10.   10.   10.   10.
   10.   10.   10.   10.   10.   10.   10.   10.   10.   10.   10.   10.
   10.   10. 
 10. 10. 10. 10. 10. 10. 10. 10. 10. 10. 10. 10. 10. 10. 10. 10. 10. 10.
 10. 10. 10. 10. 10. 10. 10. 10. 
   10.   10.   10.   10.   10.   10.   10.   10.   10.   10.   10.   10.
   10.   10. 1300. 1300.   10.   10.   10.   10.   10.   10.   10.   10.
   10.   10. 
 10. 10. 10. 10. 10. 10. 10. 10. 10. 10. 10. 10. 10. 10. 10. 10. 10. 10.
 10. 10. 10. 10. 10. 10. 10. 10. 
 10. 10. 10. 10. 10. 10. 10. 10. 10. 10. 10. 10. 10. 10. 10. 10. 10. 10.
 10. 10. 10. 10. 10. 10. 10. 10. 
 2071. 2071. 1300.   10.   10.   10.   10.   10.   10.   10.   10.   10.
 1300. 1300. 1300.   10.   10.   10.   10.   10.   10.   10.   10.   10.
   10.   10. 
 10. 10. 10. 10. 10. 10. 10. 10. 10. 10. 10. 10. 10. 10. 10. 10. 10. 10.
 10. 10. 10. 10. 10. 10. 10. 10. 
   10.   10.   10.   10.   10.   10.   10.   10.   10.   10.   10.   10.
 2071. 2071. 1300. 1300.   10.   10.   10.   10.   10. 1300. 1300. 1300.
 1300. 1300. 
 1300. 1300. 1300.   10.   10.   10.   10.   10.   10.   10.   10.   10.
   10.   10.   10.   10. 1300. 1300. 1300. 1300.   10.   10.   10.   10.
   10.   10. 
   10.   10.   10.   10.   10.   10.   10.   10.   10.   10.   10.   10.
   10.   10.   10.   10.   10.   10.   10.   10.   10.   10.   10.   10.
 2071. 2071. 
 2071. 2071. 1300. 1300.   10.   10. 1300. 1300. 2071. 2071. 2071. 2071.
 2071. 1300. 1300. 1300.   10.   10.   10.   10.   10.   10.   10.   10.
   10.   10. 
 1300. 1300. 1300. 1300. 1300. 1300. 1300. 1300.   10.   10.   10.   10.
   10.   10.   10.   10.   10.   10.   10.   10.   10.   10.   10.   10.
   10.   10. 
   10.   10.   10.   10.   10.   10.   10.   10.   10.   10. 2071. 2071.
 2071. 2071. 2071. 1300. 1300. 1300. 2071. 2071. 2071. 2071. 2071. 2071.
 2071. 2071. 
 2071. 1300. 1300.   10.   10.   10.   10.   10.   10.   10. 1300. 1300.
 1300. 2071. 2071. 2071. 2071. 2071. 1300. 1300.   10.   10.   10.   10.
   10.   10. 
   10.   10.   10.   10.   10.   10.   10.   10.   10.   10.   10.   10.
   10.   10.   10.   10.   10.   10.   10.   10.   10.   10. 1300. 2071.
 2071. 2071. 
 2071. 2071. 2071. 1300. 2071. 2071. 2071. 2071. 2071. 2071. 2071. 2071.
 2071. 2071. 1300. 1300.   10.   10.   10.   10. 1300. 1300. 1300. 2071.
 2071. 2071. 
 2071. 2071. 2071. 2071. 2071. 1300. 1300.   10.   10.   10.   10.   10.
   10.   10.   10.   10.   10.   10.   10.   10.   10.   10.   10.   10.
   10.   10. 
   10.   10.   10.   10.   10.   10.   10. 1300. 1300. 1300. 2071. 2071.
 2071. 2071. 2071. 2071. 2071. 2071. 2071. 1300. 1300. 1300. 2071. 2071.
 2071. 2071. 
 2071. 1300. 1300.   10. 1300. 1300. 1300. 2071. 2071. 2071. 2071. 2071.
 2071. 2071. 2071. 2071. 2071. 2071. 1300. 1300.   10.   10.   10.   10.
   10.   10. 
   10.   10.   10.   10.   10.   10.   10.   10.   10.   10.   10.   10.
   10.   10.   10.   10.   10.   10. 1300. 1300.   10. 1300. 1300. 2071.
 2071. 2071. 
 2071. 2071. 2071. 1300. 1300.   10.   10. 1300. 1300. 1300. 2071. 2071.
 2071. 2071. 2071. 1300. 1300. 2071. 2071. 2071. 2071. 2071. 2071. 2071.
 2071. 1300. 
 1300. 2071. 2071. 2071. 1300. 1300. 1300.   10.   10.   10.   10.   10.
 1300. 1300. 1300. 1300. 1300. 1300. 1300. 1300.   10.   10.   10.   10.
   10.   10. 
   10.   10.   10. 1300. 1300. 2071.   10.   10. 1300. 1300. 1300. 2071.
 2071. 2071. 1300. 1300.   10.   10.   10.   10.   10. 1300. 1300. 2071.
 2071. 2071. 
 2071. 2071. 2071. 2071. 2071. 2071. 2071. 2071. 2071. 1300. 1300. 1300.
 1300. 2071. 2071. 2071. 2071. 1300. 1300.   10.   10.   10. 1300. 1300.
 1300. 1300. 
 1300. 1300. 2071. 2071. 2071. 1300. 1300. 1300.   10.   10.   10.   10.
   10.   10. 1300. 1300. 2071. 2071.   10.   10.   10.   10. 1300. 1300.
 1300. 1300. 
   10.   10.   10.   10.   10.   10.   10.   10. 1300. 1300. 2071. 2071.
 2071. 2071. 2071. 2071. 2071. 2071. 2071. 1300. 1300. 1300.   10.   10.
 1300. 1300. 
 2071. 2071. 2071. 2071. 1300. 1300. 1300. 1300. 1300. 2071. 2071. 2071.
 2071. 2071. 2071. 2071. 2071. 2071. 2071. 1300. 1300.   10.   10.   10.
   10. 1300. 
 1300. 2071. 2071. 2071.   10.   10.   10.   10.   10.   10.   10.   10.
   10.   10.   10.   10.   10.   10.   10.   10.   10. 1300. 1300. 1300.
 2071. 2071. 
 2071. 2071. 1300. 1300. 1300. 1300.   10.   10.   10.   10.   10. 1300.
 1300. 2071. 2071. 2071. 2071. 2071. 2071. 2071. 2071. 2071. 2071. 2071.
 2071. 2071. 
 2071. 2071. 2071. 2071. 2071. 2071. 1300. 1300. 1300.   10. 1300. 1300.
 2071. 2071. 2071. 2071.   10.   10.   10.   10.   10.   10.   10.   10.
   10.   10. 
   10.   10.   10.   10.   10.   10.   10.   10.   10. 1300. 1300. 1300.
 1300. 1300. 1300.   10.   10.   10.   10.   10.   10.   10.   10. 1300.
 1300. 2071. 
 2071. 2071. 2071. 2071. 2071. 2071. 2071. 2071. 2071. 2071. 2071. 2071.
 1300. 1300. 2071. 2071. 2071. 2071. 2071. 1300. 1300. 1300. 1300. 1300.
 2071. 2071. 
 2071. 2071.   10.   10.   10.   10.   10.   10.   10.   10.   10.   10.
   10.   10.   10.   10.   10.   10.   10.   10.   10.   10.   10.   10.
   10.   10. 
   10.   10.   10.   10.   10.   10.   10.   10.   10.   10. 1300. 1300.
 2071. 2071. 2071. 2071. 2071. 2071. 2071. 2071. 1300. 1300. 1300. 1300.
 1300. 1300. 
 1300. 1300. 2071. 2071. 2071. 2071. 2071. 2071. 2071. 2071. 2071. 2071.
 2071. 1300.   10.   10. 1300. 1300. 1300. 1300. 1300.   10.   10.   10.
   10.   10. 
   10.   10.   10.   10.   10.   10.   10.   10.   10.   10.   10.   10.
   10.   10.   10.   10.   10.   10.   10.   10.   10.   10.   10. 1300.
 1300. 1300. 
 1300. 2071. 2071. 2071. 1300. 1300. 1300.   10.   10.   10.   10.   10.
   10. 1300. 1300. 2071. 2071. 2071. 2071. 2071. 2071. 2071. 2071. 2071.
 1300. 1300. 
 1300. 1300. 1300. 2071. 2071. 2071. 1300. 1300. 1300.   10.   10.   10.
   10.   10.   10.   10.   10.   10.   10.   10.   10.   10.   10.   10.
   10.   10. 
   10.   10.   10.   10.   10.   10.   10.   10.   10.   10.   10. 1300.
 1300. 1300. 1300. 1300. 1300. 1300.   10.   10.   10.   10.   10.   10.
   10.   10. 
 1300. 1300. 2071. 2071. 2071. 2071. 2071. 2071. 2071. 1300. 1300.   10.
 1300. 2071. 2071. 2071. 2071. 2071. 2071. 2071. 2071. 1300.   10.   10.
   10.   10. 
 10. 10. 10. 10. 10. 10. 10. 10. 10. 10. 10. 10. 10. 10. 10. 10. 10. 10.
 10. 10. 10. 10. 10. 10. 10. 10. 
   10.   10.   10.   10.   10.   10.   10.   10.   10.   10.   10.   10.
   10. 1300. 1300. 1300. 2071. 2071. 2071. 1300. 1300. 1300.   10.   10.
 2071. 2071. 
 2071. 2071. 2071. 2071. 2071. 2071. 2071. 2071. 1300.   10.   10.   10.
   10.   10.   10.   10.   10.   10.   10.   10.   10.   10.   10.   10.
   10.   10. 
 10. 10. 10. 10. 10. 10. 10. 10. 10. 10. 10. 10. 10. 10. 10. 10. 10. 10.
 10. 10. 10. 10. 10. 10. 10. 10. 
   10. 1300. 1300. 1300. 1300. 1300. 1300.   10.   10.   10. 2071. 2071.
 2071. 1300. 1300. 2071. 2071. 2071. 2071. 2071. 2071. 1300.   10.   10.
   10.   10. 
 10. 10. 10. 10. 10. 10. 10. 10. 10. 10. 10. 10. 10. 10. 10. 10. 10. 10.
 10. 10. 10. 10. 10. 10. 10. 10. 
   10.   10.   10.   10.   10.   10.   10.   10.   10.   10.   10.   10.
   10.   10.   10.   10.   10.   10.   10.   10.   10.   10. 2071. 2071.
 1300. 1300. 
 1300. 1300. 1300. 2071. 2071. 2071. 2071. 1300.   10.   10.   10.   10.
   10.   10.   10.   10.   10. 1300. 1300.   10.   10.   10.   10.   10.
   10.   10. 
 10. 10. 10. 10. 10. 10. 10. 10. 10. 10. 10. 10. 10. 10. 10. 10. 10. 10.
 10. 10. 10. 10. 10. 10. 10. 10. 
   10.   10.   10.   10.   10.   10.   10.   10. 2071. 2071. 1300.   10.
   10.   10. 1300. 1300. 2071. 2071. 2071. 2071. 1300.   10.   10.   10.
   10.   10. 
 1300. 1300. 1300. 1300. 1300. 1300. 1300.   10.   10.   10.   10.   10.
   10. 1300. 1300. 1300. 1300. 1300. 1300. 1300. 1300.   10.   10.   10.
   10.   10. 
   10.   10.   10.   10.   10.   10.   10.   10.   10.   10.   10.   10.
   10.   10.   10.   10.   10.   10.   10.   10. 2071. 1300. 1300.   10.
   10.   10. 
   10. 1300. 1300. 2071. 2071. 2071. 2071. 1300.   10.   10. 1300. 1300.
 1300. 2071. 2071. 2071. 2071. 2071. 1300. 1300. 1300.   10.   10.   10.
 1300. 1300. 
 1300. 1300. 2071. 2071. 2071. 1300. 1300. 1300. 1300. 1300. 1300. 1300.
   10.   10. 1300. 1300. 1300. 1300. 1300. 1300. 1300.   10.   10.   10.
 1300. 1300. 
 1300. 1300.   10.   10.   10.   10. 1300. 1300.   10.   10.   10.   10.
   10.   10. 1300. 2071. 2071. 2071. 2071. 1300. 1300. 1300. 1300. 2071.
 2071. 2071. 
 2071. 2071. 2071. 2071. 2071. 2071. 1300. 1300. 1300. 1300. 1300. 2071.
 2071. 2071. 2071. 2071. 2071. 2071. 2071. 2071. 1300. 1300. 1300. 1300.
 1300. 1300. 
 1300. 1300. 2071. 2071. 2071. 2071. 1300. 1300. 1300. 1300. 1300. 1300.
 1300. 1300. 1300.   10.   10.   10. 1300.   10.   10.   10.   10.   10.
   10.   10. 
   10. 1300. 2071. 2071. 2071. 2071. 2071. 2071. 2071. 2071. 2071. 2071.
 2071. 2071. 2071. 2071. 2071. 2071. 2071. 2071. 1300. 1300. 2071. 2071.
 2071. 2071. 
 2071. 2071. 2071. 2071. 2071. 2071. 2071. 1300. 1300. 1300. 1300. 1300.
 2071. 2071. 2071. 2071. 2071. 2071. 2071. 2071. 1300. 1300. 2071. 2071.
 2071. 2071. 
 2071. 1300.   10.   10.   10.   10.   10.   10.   10.   10.   10.   10.
   10.   10. 1300. 2071. 2071. 2071. 2071. 2071. 2071. 2071. 2071. 2071.
 2071. 1300. 
 1300. 2071. 2071. 2071. 2071. 1300. 1300. 2071. 2071. 2071. 2071. 2071.
 2071. 2071. 2071. 2071. 2071. 2071. 2071. 2071. 1300. 1300. 2071. 2071.
 2071. 2071. 
 2071. 2071. 2071. 2071. 2071. 2071. 2071. 1300. 1300. 1300. 2071. 2071.
 2071. 1300. 1300. 1300.   10.   10.   10.   10.   10.   10.   10.   10.
   10.   10. 
   10. 1300. 1300. 2071. 2071. 1300. 1300. 1300. 1300. 1300. 1300. 1300.
   10. 1300. 1300. 2071. 1300. 1300. 2071. 2071. 2071. 2071. 2071. 1300.
 1300. 1300. 
 1300. 1300. 2071. 2071. 2071. 2071. 2071. 2071. 2071. 2071. 2071. 2071.
 2071. 2071. 2071. 2071. 2071. 2071. 2071. 2071. 2071. 1300. 1300. 2071.
 2071. 1300. 
 1300. 1300.   10.   10.   10.   10.   10.   10.   10.   10.   10.   10.
   10.   10. 1300. 1300. 1300. 1300. 1300. 2071. 2071. 2071. 1300. 1300.
 1300. 1300. 
 1300. 1300. 1300. 2071. 2071. 2071. 2071. 2071. 1300. 1300. 1300. 1300.
 1300. 1300. 2071. 2071. 2071. 2071. 2071. 2071. 2071. 2071. 2071. 2071.
 1300. 1300. 
 1300. 1300. 2071. 2071. 2071. 2071. 2071. 1300. 1300. 1300. 1300. 1300.
 2071. 2071. 
/