PERMI
 1521. 1521. 1030. 1030. 1030.   25.   25.   25.   25.   25.   25.   25.
   25.   25.   25.   25.   25.   25.   25.   25.   25.   25.   25.   25.
   25.   25. 
   25.   25.   25.   25. 1030. 1521. 1521. 1521. 1521. 1030. 1030. 1030.
 1030. 1521. 1521. 1521. 1030. 1030.   25.   25.   25.   25.   25.   25.
   25.   25. 
 1030. 1521. 1521. 1521. 1030.   25.   25.   25.   25.   25.   25.   25.
 1030. 1030. 1030. 1030.   25.   25.   25.   25.   25.   25.   25.   25.
   25.   25. 
   25.   25.   25.   25.   25.   25.   25.   25.   25.   25.   25.   25.
   25.   25.   25.   25. 1030. 1521. 1521. 1521. 1030.   25. 1030. 1030.
 1521. 1521. 
 1521. 1030. 1030.   25.   25.   25.   25.   25.   25.   25.   25.   25.
 1030. 1521. 1521. 1521. 1030.   25.   25.   25.   25.   25.   25.   25.
 1030. 1030. 
 1030. 1030. 1030. 1030. 1030. 1030.   25.   25.   25.   25.   25.   25.
   25.   25.   25.   25.   25.   25.   25.   25.   25.   25.   25.   25.
   25.   25. 
   25. 1030. 1521. 1521. 1521. 1521. 1030.   25. 1030. 1030. 1521. 1521.
 1521. 1030. 1030.   25.   25.   25.   25.   25.   25.   25.   25. 1030.
 1521. 1521. 
 1521. 1030. 1030.   25.   25.   25.   25.   25.   25.   25. 1030. 1521.
 1521. 1521. 1521. 1521. 1521. 1521. 1030. 1030.   25.   25.   25.   25.
   25.   25. 
   25.   25.   25.   25.   25.   25.   25.   25.   25.   25.   25.   25.
   25. 1030. 1521. 1521. 1521. 1030.   25. 1030. 1030. 1521. 1521. 1521.
 1030. 1030. 
   25.   25.   25.   25.   25.   25.   25.   25. 1030. 1030. 1521. 1521.
 1521. 1030.   25.   25.   25.   25.   25.   25.   25.   25. 1030. 1030.
 1030. 1521. 
 1521. 1521. 1521. 1521. 1521. 1030.   25.   25.   25.   25.   25.   25.
   25.   25.   25.   25.   25.   25.   25.   25.   25.   25.   25.   25.
   25. 1030. 
 1521. 1521. 1521. 1030. 1030. 1030. 1521. 1521. 1521. 1521. 1030.   25.
   25.   25.   25.   25.   25.   25.   25.   25. 1030. 1521. 1521. 1521.
 1030. 1030. 
   25.   25.   25.   25.   25.   25.   25.   25. 1030. 1030. 1030. 1030.
 1521. 1521. 1521. 1521. 1521. 1030.   25.   25.   25.   25.   25.   25.
   25.   25. 
   25.   25.   25.   25.   25.   25.   25.   25.   25.   25.   25. 1030.
 1521. 1521. 1521. 1521. 1030. 1030. 1521. 1521. 1521. 1030. 1030.   25.
   25.   25. 
   25.   25.   25.   25.   25. 1030. 1030. 1521. 1521. 1521. 1030.   25.
   25.   25.   25.   25.   25.   25.   25.   25. 1521. 1521. 1030. 1030.
 1030. 1030. 
 1521. 1521. 1521. 1030.   25.   25.   25.   25.   25.   25.   25.   25.
   25.   25.   25.   25.   25.   25.   25.   25.   25.   25.   25.   25.
 1030. 1521. 
 1521. 1521. 1030. 1521. 1521. 1521. 1030. 1030.   25.   25.   25.   25.
   25.   25.   25.   25.   25. 1030. 1521. 1521. 1521. 1030. 1030.   25.
   25.   25. 
   25.   25.   25.   25.   25.   25. 1521. 1521. 1521. 1030. 1030. 1030.
 1521. 1521. 1030. 1030.   25.   25.   25.   25.   25.   25.   25.   25.
   25.   25. 
   25.   25.   25.   25.   25.   25.   25.   25.   25.   25.   25. 1030.
 1521. 1521. 1030. 1521. 1521. 1521. 1030. 1030.   25.   25.   25.   25.
   25.   25. 
   25.   25.   25. 1030. 1521. 1521. 1521. 1030. 1030.   25.   25.   25.
   25.   25.   25.   25.   25.   25. 1521. 1521. 1521. 1521. 1521. 1030.
 1030. 1521. 
 1030. 1030.   25.   25.   25.   25.   25.   25.   25.   25.   25.   25.
   25.   25.   25.   25.   25.   25.   25.   25.   25.   25.   25.   25.
 1030. 1030. 
 1030. 1030. 1521. 1521. 1030. 1030. 1030.   25.   25.   25.   25.   25.
   25.   25.   25. 1030. 1521. 1521. 1521. 1521. 1030. 1030. 1030. 1030.
   25.   25. 
   25.   25.   25.   25. 1030. 1521. 1521. 1521. 1521. 1521. 1030. 1030.
 1030.   25.   25.   25.   25.   25.   25.   25.   25.   25.   25.   25.
   25.   25. 
   25.   25.   25.   25.   25.   25.   25.   25.   25.   25.   25.   25.
 1030. 1030. 1521. 1521. 1521. 1030. 1030. 1030.   25.   25.   25.   25.
   25.   25. 
   25.   25. 1030. 1521. 1521. 1521. 1521. 1521. 1521. 1030. 1030. 1030.
   25.   25.   25.   25. 1030. 1030. 1030. 1521. 1521. 1521. 1521. 1030.
   25.   25. 
   25.   25.   25.   25.   25.   25.   25.   25.   25.   25.   25.   25.
   25.   25.   25.   25.   25.   25.   25.   25.   25.   25.   25.   25.
   25. 1030. 
 1030. 1521. 1521. 1521. 1030. 1030. 1030.   25.   25.   25.   25.   25.
   25.   25. 1030. 1030. 1521. 1521. 1521. 1521. 1521. 1521. 1521. 1030.
 1030.   25. 
   25.   25. 1521. 1521. 1030. 1030. 1521. 1521. 1521. 1030.   25.   25.
   25.   25.   25.   25.   25.   25.   25.   25.   25.   25.   25.   25.
   25.   25. 
   25.   25.   25.   25.   25.   25.   25.   25.   25.   25.   25.   25.
 1030. 1521. 1521. 1521. 1521. 1521. 1030. 1030.   25.   25.   25.   25.
   25.   25. 
   25.   25. 1030. 1030. 1521. 1521. 1521. 1521. 1521. 1521. 1521. 1030.
   25.   25. 1521. 1521. 1030. 1030. 1521. 1521. 1521. 1030. 1030.   25.
   25.   25. 
   25.   25.   25.   25.   25.   25.   25.   25.   25.   25.   25.   25.
   25.   25.   25.   25.   25.   25.   25.   25.   25.   25. 1030. 1030.
 1521. 1030. 
 1030. 1521. 1521. 1521. 1521. 1030.   25.   25.   25.   25.   25.   25.
   25.   25.   25.   25. 1030. 1030. 1030. 1521. 1521. 1521. 1521. 1521.
 1030.   25. 
 1521. 1521. 1030. 1521. 1521. 1521. 1521. 1030. 1030. 1030. 1030.   25.
   25.   25.   25.   25.   25.   25.   25.   25.   25.   25.   25.   25.
   25.   25. 
   25.   25.   25.   25.   25.   25.   25. 1030. 1521. 1521. 1521. 1521.
 1030. 1030. 1521. 1521. 1521. 1030. 1030.   25.   25.   25.   25.   25.
   25.   25. 
   25.   25.   25.   25.   25. 1030. 1030. 1521. 1521. 1521. 1030.   25.
 1521. 1030. 1030. 1521. 1521. 1521. 1030. 1030. 1521. 1521. 1030. 1030.
   25.   25. 
   25.   25.   25.   25.   25.   25.   25.   25.   25.   25.   25.   25.
   25.   25.   25.   25.   25.   25. 1030. 1521. 1521. 1521. 1521. 1521.
 1521. 1030. 
 1030. 1521. 1521. 1521. 1030.   25.   25.   25.   25.   25.   25.   25.
   25.   25.   25.   25.   25. 1030. 1030. 1521. 1521. 1521. 1030.   25.
 1030. 1030. 
 1521. 1521. 1521. 1521. 1030. 1521. 1521. 1521. 1521. 1030. 1030.   25.
   25.   25.   25.   25.   25.   25.   25.   25.   25.   25.   25.   25.
   25.   25. 
   25.   25.   25. 1030. 1521. 1521. 1521. 1521. 1030. 1030. 1030. 1030.
 1030. 1030. 1521. 1521. 1030.   25.   25.   25.   25.   25.   25.   25.
   25.   25. 
   25.   25. 1030. 1030. 1521. 1521. 1521. 1030. 1030.   25. 1030. 1521.
 1521. 1521. 1521. 1030. 1030. 1521. 1521. 1521. 1521. 1521. 1030.   25.
   25.   25. 
   25.   25.   25.   25.   25.   25.   25.   25.   25.   25.   25.   25.
   25.   25. 1030. 1521. 1521. 1521. 1521. 1030. 1030. 1030. 1030. 1521.
 1521. 1521. 
 1521. 1521. 1030.   25.   25.   25.   25.   25.   25.   25.   25.   25.
   25.   25. 1030. 1521. 1521. 1521. 1521. 1030.   25.   25. 1030. 1521.
 1521. 1521. 
 1521. 1030. 1030. 1030. 1030. 1521. 1521. 1521. 1030. 1030.   25.   25.
   25.   25.   25.   25.   25.   25.   25.   25.   25.   25.   25.   25.
   25. 1030. 
 1030. 1521. 1521. 1521. 1521. 1030. 1030. 1521. 1521. 1521. 1521. 1521.
 1521. 1030.   25.   25.   25.   25.   25.   25.   25.   25.   25.   25.
   25. 1030. 
 1521. 1521. 1521. 1521. 1030. 1030.   25.   25. 1030. 1521. 1521. 1521.
 1030. 1030.   25.   25. 1030. 1030. 1521. 1521. 1521. 1030.   25.   25.
   25.   25. 
   25.   25.   25.   25.   25.   25.   25.   25.   25.   25.   25. 1030.
 1521. 1521. 1521. 1030. 1030. 1521. 1521. 1521. 1521. 1521. 1521. 1030.
 1030.   25. 
   25.   25.   25.   25.   25.   25.   25.   25.   25.   25.   25. 1030.
 1521. 1521. 1521. 1521. 1030.   25.   25.   25. 1521. 1521. 1521. 1030.
 1030. 1030. 
 1030. 1030. 1030. 1030. 1521. 1521. 1521. 1030.   25.   25.   25.   25.
   25.   25.   25.   25.   25.   25.   25.   25.   25.   25.   25. 1030.
 1521. 1521. 
 1030. 1030. 1521. 1521. 1521. 1521. 1521. 1030. 1030.   25.   25.   25.
   25.   25.   25.   25.   25.   25.   25.   25.   25.   25. 1030. 1521.
 1521. 1521. 
 1521. 1030.   25.   25.   25.   25. 1521. 1521. 1521. 1030. 1030. 1030.
 1030. 1521. 1521. 1521. 1521. 1521. 1030. 1030.   25.   25.   25.   25.
   25.   25. 
   25.   25.   25.   25.   25.   25.   25.   25.   25. 1030. 1521. 1030.
 1030. 1521. 1521. 1521. 1521. 1030. 1030. 1030.   25.   25.   25.   25.
   25.   25. 
   25.   25.   25.   25.   25.   25.   25.   25. 1030. 1521. 1521. 1521.
 1030. 1030.   25.   25.   25.   25. 1030. 1521. 1521. 1521. 1030. 1030.
 1521. 1521. 
 1521. 1521. 1521. 1521. 1030. 1030.   25.   25.   25.   25.   25.   25.
   25.   25.   25.   25.   25.   25.   25.   25.   25. 1030. 1030. 1030.
 1030. 1521. 
 1521. 1030. 1030.   25.   25.   25.   25.   25.   25.   25.   25.   25.
   25.   25.   25.   25.   25.   25.   25. 1030. 1521. 1521. 1521. 1521.
 1030.   25. 
   25.   25.   25.   25. 1030. 1521. 1521. 1521. 1521. 1030. 1030. 1521.
 1521. 1521. 1030. 1030. 1030.   25.   25.   25.   25.   25.   25.   25.
   25.   25. 
   25.   25.   25.   25.   25.   25.   25.   25. 1030. 1030. 1521. 1521.
 1521. 1030. 1030. 1030.   25.   25.   25.   25.   25.   25.   25.   25.
   25.   25. 
   25.   25.   25.   25.   25. 1030. 1521. 1521. 1521. 1030. 1030.   25.
   25.   25.   25.   25. 1030. 1030. 1030. 1521. 1521. 1521. 1030. 1030.
 1030. 1030. 
 1030.   25.   25.   25.   25.   25.   25.   25.   25.   25.   25.   25.
   25.   25.   25.   25.   25.   25.   25.   25.   25. 1030. 1030. 1521.
 1521. 1521. 
 1030. 1521. 1030.   25.   25.   25.   25.   25.   25.   25.   25.   25.
   25.   25.   25.   25.   25. 1030. 1521. 1521. 1521. 1030. 1030.   25.
   25.   25. 
   25.   25. 1521. 1521. 1030. 1521. 1521. 1521. 1030. 1030. 1030. 1030.
   25.   25.   25.   25.   25.   25.   25.   25.   25.   25.   25.   25.
   25.   25. 
   25.   25.   25.   25.   25.   25.   25.   25. 1030. 1521. 1521. 1521.
 1030. 1030. 1521. 1030.   25.   25.   25.   25.   25.   25.   25.   25.
   25.   25. 
   25.   25.   25. 1030. 1521. 1521. 1521. 1521. 1030. 1030.   25.   25.
   25.   25. 1521. 1521. 1030. 1030. 1521. 1521. 1521. 1030. 1030.   25.
   25.   25. 
   25.   25.   25.   25.   25.   25.   25.   25.   25.   25.   25.   25.
   25.   25.   25.   25.   25.   25.   25.   25. 1030. 1030. 1521. 1521.
 1521. 1030. 
 1030. 1030.   25.   25.   25.   25.   25.   25.   25.   25.   25.   25.
   25.   25.   25. 1030. 1030. 1521. 1521. 1521. 1521. 1030. 1030.   25.
   25.   25. 
 1521. 1521. 1030. 1030. 1030. 1521. 1521. 1030. 1030.   25.   25.   25.
   25.   25.   25.   25.   25.   25.   25.   25.   25.   25.   25.   25.
   25.   25. 
   25.   25.   25.   25.   25. 1030. 1030. 1030. 1030. 1521. 1521. 1521.
 1030. 1030. 1030.   25.   25.   25.   25.   25.   25.   25.   25.   25.
   25.   25. 
   25.   25. 1030. 1030. 1521. 1521. 1521. 1521. 1030. 1030.   25.   25.
 1521. 1030. 1030. 1030. 1030. 1521. 1521. 1521. 1030.   25.   25.   25.
   25.   25. 
   25.   25.   25.   25.   25.   25.   25.   25.   25.   25.   25.   25.
   25.   25.   25.   25. 1030. 1521. 1521. 1521. 1030. 1030. 1521. 1521.
 1521. 1521. 
 1030.   25.   25.   25.   25.   25.   25.   25.   25.   25.   25.   25.
   25.   25.   25. 1030. 1521. 1521. 1521. 1521. 1521. 1030. 1030.   25.
 1030. 1030. 
 1030. 1521. 1521. 1521. 1521. 1030. 1030.   25.   25.   25.   25.   25.
   25.   25.   25.   25.   25.   25.   25.   25.   25.   25.   25.   25.
   25.   25. 
   25. 1030. 1521. 1521. 1521. 1521. 1521. 1030. 1030. 1521. 1521. 1521.
 1030. 1030.   25.   25.   25.   25.   25.   25.   25.   25.   25.   25.
   25.   25. 
   25. 1030. 1030. 1521. 1521. 1521. 1521. 1521. 1030.   25. 1521. 1521.
 1521. 1521. 1521. 1521. 1030. 1030. 1030. 1030.   25.   25.   25.   25.
   25.   25. 
   25.   25.   25.   25.   25.   25.   25.   25.   25.   25.   25.   25.
 1030. 1521. 1521. 1521. 1521. 1521. 1030. 1030. 1030. 1521. 1521. 1521.
 1030. 1030. 
   25.   25.   25.   25.   25.   25.   25.   25.   25.   25.   25.   25.
   25.   25.   25. 1030. 1030. 1521. 1521. 1521. 1030. 1030. 1521. 1521.
 1521. 1521. 
 1030. 1030. 1030. 1030. 1521. 1030. 1030.   25.   25.   25.   25.   25.
   25.   25.   25.   25.   25.   25.   25.   25.   25.   25.   25.   25.
 1030. 1521. 
 1521. 1521. 1030. 1030.   25.   25. 1030. 1030. 1521. 1521. 1521. 1030.
   25.   25.   25.   25.   25.   25.   25.   25.   25.   25.   25.   25.
   25.   25. 
   25.   25.   25. 1030. 1521. 1521. 1521. 1030. 1521. 1521. 1030. 1030.
 1030. 1030. 1030. 1521. 1521. 1521. 1030.   25.   25.   25.   25.   25.
   25.   25. 
   25.   25.   25.   25.   25.   25.   25.   25.   25.   25. 1030. 1521.
 1521. 1521. 1030.   25.   25. 1030. 1030. 1521. 1521. 1521. 1521. 1030.
   25.   25. 
   25.   25.   25.   25.   25.   25.   25.   25.   25.   25.   25.   25.
   25.   25.   25. 1030. 1521. 1521. 1521. 1521. 1521. 1030. 1030.   25.
   25. 1030. 
 1030. 1521. 1521. 1521. 1030. 1030.   25.   25.   25.   25.   25.   25.
   25.   25.   25.   25.   25.   25.   25.   25.   25.   25. 1030. 1521.
 1521. 1521. 
 1030. 1030. 1030. 1030. 1521. 1521. 1521. 1521. 1030. 1030.   25.   25.
   25.   25.   25.   25.   25.   25.   25.   25.   25.   25.   25.   25.
   25.   25. 
   25. 1030. 1030. 1521. 1521. 1521. 1030. 1030. 1030. 1030. 1030. 1030.
 1030. 1030. 1521. 1521. 1521. 1030.   25.   25.   25.   25.   25.   25.
   25.   25. 
   25.   25.   25.   25.   25.   25.   25.   25. 1030. 1030. 1521. 1521.
 1030. 1030. 1521. 1521. 1521. 1521. 1521. 1030. 1030.   25.   25.   25.
   25.   25. 
   25.   25.   25.   25.   25.   25.   25.   25.   25.   25.   25.   25.
   25.   25. 1030. 1521. 1521. 1521. 1521. 1521. 1521. 1521. 1521. 1030.
 1030. 1030. 
 1521. 1521. 1521. 1030.   25.   25.   25.   25.   25.   25.   25.   25.
   25.   25.   25.   25.   25.   25.   25.   25.   25. 1030. 1521. 1030.
 1030. 1521. 
 1521. 1521. 1521. 1521. 1030. 1030.   25.   25.   25.   25.   25.   25.
   25.   25.   25.   25.   25.   25.   25.   25.   25.   25.   25.   25.
 1030. 1030. 
 1030. 1521. 1521. 1521. 1521. 1521. 1521. 1521. 1521. 1521. 1521. 1030.
 1030. 1521. 1030. 1030.   25.   25.   25.   25.   25.   25.   25.   25.
   25.   25. 
   25.   25.   25.   25.   25.   25.   25. 1030. 1030. 1030. 1521. 1521.
 1521. 1521. 1030. 1030. 1030.   25.   25.   25.   25.   25.   25.   25.
   25.   25. 
   25.   25.   25.   25.   25.   25.   25.   25. 1030. 1030. 1521. 1521.
 1521. 1521. 1521. 1521. 1521. 1521. 1521. 1521. 1521. 1521. 1521. 1521.
 1030. 1030. 
 1030.   25.   25.   25.   25.   25.   25.   25.   25.   25.   25.   25.
   25.   25.   25.   25.   25.   25.   25. 1030. 1030. 1521. 1521. 1521.
 1521. 1030. 
 1030.   25.   25.   25.   25.   25.   25.   25.   25.   25.   25.   25.
   25.   25.   25.   25.   25.   25.   25. 1030. 1030. 1521. 1521. 1521.
 1521. 1521. 
 1521. 1030. 1030. 1030. 1030. 1521. 1521. 1521. 1521. 1521. 1030. 1030.
   25.   25.   25.   25.   25.   25.   25.   25.   25.   25.   25.   25.
   25.   25. 
   25.   25.   25.   25.   25. 1030. 1521. 1521. 1521. 1030. 1030. 1030.
 1521. 1030.   25.   25.   25.   25.   25.   25.   25.   25.   25.   25.
   25.   25. 
   25.   25.   25.   25. 1030. 1030. 1521. 1521. 1521. 1521. 1521. 1030.
 1030. 1030. 1521. 1030. 1030. 1030. 1030. 1521. 1521. 1521. 1521. 1030.
   25.   25. 
   25.   25.   25.   25.   25.   25.   25.   25.   25.   25.   25.   25.
   25.   25.   25.   25.   25. 1030. 1521. 1521. 1521. 1030. 1521. 1521.
 1521. 1030. 
   25.   25.   25.   25.   25.   25.   25.   25.   25.   25.   25.   25.
   25.   25.   25. 1030. 1030. 1521. 1521. 1521. 1521. 1030. 1030. 1030.
   25.   25. 
 1521. 1521. 1030. 1030. 1521. 1521. 1521. 1521. 1521. 1030.   25.   25.
   25.   25.   25.   25.   25.   25.   25.   25.   25.   25.   25.   25.
   25.   25. 
   25.   25. 1030. 1030. 1521. 1521. 1521. 1030. 1030. 1521. 1521. 1030.
   25.   25.   25.   25.   25.   25.   25.   25.   25.   25.   25.   25.
   25.   25. 
   25. 1030. 1521. 1521. 1521. 1521. 1030. 1030.   25.   25.   25.   25.
 1521. 1030. 1030. 1521. 1521. 1521. 1521. 1521. 1030. 1030.   25.   25.
   25.   25. 
   25.   25.   25.   25.   25.   25.   25.   25.   25.   25.   25.   25.
   25. 1030. 1521. 1030. 1030. 1521. 1521. 1521. 1030. 1521. 1030.   25.
   25.   25. 
   25.   25.   25.   25.   25.   25.   25.   25.   25.   25.   25.   25.
   25. 1030. 1521. 1521. 1521. 1030. 1030.   25.   25.   25.   25.   25.
 1030. 1030. 
 1521. 1521. 1521. 1521. 1521. 1030. 1030.   25.   25.   25.   25.   25.
   25.   25.   25.   25.   25.   25.   25.   25.   25.   25.   25.   25.
 1030. 1521. 
 1521. 1521. 1030. 1030. 1521. 1521. 1030. 1030.   25.   25.   25.   25.
   25.   25.   25.   25.   25.   25.   25.   25.   25.   25.   25.   25.
 1030. 1030. 
 1521. 1521. 1521. 1030. 1030.   25.   25.   25.   25.   25. 1030. 1521.
 1521. 1521. 1521. 1030. 1030. 1030.   25.   25.   25.   25.   25.   25.
   25.   25. 
   25.   25.   25.   25.   25.   25.   25.   25.   25. 1030. 1521. 1521.
 1521. 1521. 1030. 1030. 1521. 1521. 1521. 1030.   25.   25.   25.   25.
   25.   25. 
   25.   25.   25.   25.   25.   25.   25.   25.   25.   25.   25. 1030.
 1521. 1521. 1521. 1521. 1030. 1030.   25.   25.   25.   25. 1030. 1521.
 1521. 1521. 
 1030. 1030. 1521. 1030. 1030.   25.   25.   25.   25.   25.   25.   25.
   25.   25.   25.   25.   25.   25.   25.   25.   25. 1030. 1521. 1521.
 1521. 1030. 
 1030. 1030. 1521. 1521. 1521. 1030. 1030. 1030.   25.   25.   25.   25.
   25.   25.   25.   25.   25.   25.   25.   25.   25.   25.   25. 1030.
 1030. 1521. 
 1521. 1521. 1521. 1030. 1030.   25.   25.   25. 1521. 1521. 1521. 1030.
 1030. 1521. 1521. 1521. 1030. 1030.   25.   25.   25.   25.   25.   25.
   25.   25. 
   25.   25.   25.   25.   25.   25.   25. 1030. 1521. 1521. 1030. 1030.
   25. 1030. 1030. 1521. 1521. 1521. 1521. 1030. 1030.   25.   25.   25.
   25.   25. 
   25.   25.   25.   25.   25.   25.   25.   25.   25.   25. 1030. 1030.
 1521. 1521. 1521. 1521. 1030. 1030.   25.   25. 1521. 1521. 1030. 1030.
 1030. 1521. 
 1521. 1521. 1030. 1030.   25.   25.   25.   25.   25.   25.   25.   25.
   25.   25.   25.   25.   25.   25.   25. 1030. 1521. 1521. 1521. 1030.
   25.   25. 
 1030. 1030. 1521. 1521. 1521. 1521. 1030. 1030.   25.   25.   25.   25.
   25.   25.   25.   25.   25.   25.   25.   25.   25.   25.   25. 1030.
 1030. 1521. 
 1521. 1521. 1521. 1030.   25.   25. 1521. 1521. 1030. 1030. 1030. 1521.
 1521. 1521. 1030. 1030.   25.   25.   25.   25.   25.   25.   25.   25.
   25.   25. 
   25.   25.   25.   25.   25.   25. 1030. 1521. 1521. 1521. 1030. 1030.
   25. 1030. 1030. 1521. 1521. 1521. 1521. 1030.   25.   25.   25.   25.
   25.   25. 
   25.   25.   25.   25.   25.   25.   25.   25.   25.   25. 1030. 1030.
 1521. 1521. 1521. 1030. 1030.   25. 1521. 1521. 1030. 1030. 1521. 1521.
 1521. 1521. 
 1030.   25.   25.   25.   25.   25.   25.   25.   25.   25.   25.   25.
   25.   25.   25.   25.   25.   25. 1030. 1521. 1521. 1521. 1521. 1030.
 1030. 1030. 
 1030. 1030. 1030. 1521. 1521. 1030.   25.   25.   25.   25.   25.   25.
   25.   25.   25.   25.   25.   25.   25.   25.   25.   25.   25. 1030.
 1521. 1521. 
 1521. 1521. 1030.   25. 1521. 1521. 1030. 1030. 1521. 1521. 1521. 1030.
 1030.   25.   25.   25.   25.   25.   25.   25.   25.   25.   25.   25.
   25.   25. 
   25.   25.   25.   25.   25. 1030. 1521. 1521. 1521. 1521. 1521. 1030.
 1030. 1030. 1521. 1521. 1521. 1030.   25.   25.   25.   25.   25.   25.
   25.   25. 
   25.   25.   25.   25.   25.   25.   25.   25.   25. 1030. 1030. 1521.
 1521. 1521. 1030.   25. 1521. 1521. 1521. 1030. 1030. 1030. 1030. 1030.
   25.   25. 
   25.   25.   25.   25.   25.   25.   25.   25.   25.   25.   25.   25.
   25.   25.   25.   25.   25.   25. 1030. 1030. 1521. 1521. 1521. 1030.
 1030. 1521. 
 1521. 1521. 1030. 1030.   25.   25.   25.   25.   25.   25.   25.   25.
   25.   25.   25.   25.   25.   25.   25.   25.   25. 1030. 1030. 1521.
 1521. 1521. 
 1030.   25. 1521. 1521. 1521. 1521. 1030. 1030.   25.   25.   25.   25.
   25.   25.   25.   25.   25.   25.   25.   25.   25.   25.   25.   25.
   25.   25. 
   25.   25.   25.   25.   25. 1030. 1030. 1521. 1030. 1030. 1521. 1521.
 1521. 1030. 1030.   25.   25.   25.   25.   25.   25.   25.   25.   25.
   25.   25. 
   25.   25. 1030. 1030. 1030. 1030. 1030. 1030. 1521. 1521. 1521. 1521.
 1030.   25. 1030. 1521. 1521. 1521. 1521. 1030. 1030.   25.   25.   25.
   25.   25. 
   25.   25.   25.   25.   25.   25.   25.   25.   25.   25.   25.   25.
   25.   25.   25.   25.   25. 1030. 1030. 1030. 1030. 1521. 1521. 1521.
 1030. 1030. 
   25.   25.   25.   25.   25.   25.   25.   25.   25.   25.   25.   25.
 1030. 1030. 1521. 1521. 1521. 1521. 1521. 1521. 1521. 1521. 1521. 1030.
 1030.   25. 
 1030. 1030. 1521. 1521. 1521. 1030. 1030.   25.   25.   25.   25.   25.
   25.   25.   25.   25.   25.   25.   25.   25.   25.   25.   25.   25.
   25.   25. 
   25.   25. 1030. 1030. 1030. 1521. 1521. 1521. 1521. 1521. 1030.   25.
   25.   25.   25.   25.   25.   25.   25.   25.   25.   25.   25. 1030.
 1030. 1521. 
 1521. 1521. 1521. 1521. 1521. 1521. 1521. 1521. 1521. 1030. 1030.   25.
 1030. 1030. 1030. 1521. 1521. 1521. 1030. 1030.   25.   25.   25.   25.
   25.   25. 
   25.   25.   25.   25.   25.   25.   25.   25.   25.   25.   25.   25.
   25.   25. 1030. 1030. 1521. 1521. 1521. 1521. 1521. 1030.   25.   25.
   25.   25. 
   25.   25.   25.   25.   25.   25.   25.   25. 1030. 1521. 1521. 1521.
 1521. 1521. 1521. 1521. 1521. 1521. 1521. 1030. 1030. 1030.   25.   25.
 1030. 1030. 
 1030. 1030. 1521. 1521. 1521. 1030. 1030.   25.   25.   25.   25.   25.
   25.   25.   25.   25.   25.   25.   25.   25.   25.   25.   25.   25.
   25. 1030. 
 1521. 1030. 1521. 1521. 1521. 1030. 1030.   25.   25.   25.   25.   25.
   25.   25.   25.   25.   25.   25.   25. 1030. 1521. 1521. 1521. 1521.
 1521. 1030. 
 1030. 1030. 1030. 1030. 1030. 1030. 1030.   25.   25.   25. 1521. 1521.
 1521. 1030. 1521. 1521. 1521. 1521. 1030.   25.   25.   25.   25.   25.
   25.   25. 
   25.   25.   25.   25.   25.   25.   25.   25.   25.   25. 1030. 1521.
 1521. 1030. 1521. 1521. 1521. 1030. 1030.   25.   25.   25.   25.   25.
   25.   25. 
   25.   25.   25.   25.   25. 1030. 1521. 1521. 1521. 1521. 1030. 1030.
   25.   25.   25.   25.   25.   25.   25.   25.   25.   25. 1521. 1521.
 1030. 1030. 
 1030. 1521. 1521. 1521. 1030.   25.   25.   25.   25.   25.   25.   25.
   25.   25.   25.   25.   25.   25.   25.   25.   25.   25. 1030. 1521.
 1521. 1030. 
 1521. 1521. 1521. 1521. 1030. 1030.   25.   25.   25.   25.   25.   25.
   25.   25.   25.   25.   25. 1030. 1521. 1521. 1521. 1030. 1030.   25.
   25.   25. 
   25.   25.   25.   25.   25.   25.   25.   25. 1030. 1030. 1030. 1521.
 1521. 1521. 1521. 1521. 1030.   25.   25.   25.   25.   25.   25.   25.
   25.   25. 
   25.   25.   25.   25.   25.   25.   25. 1030. 1521. 1521. 1521. 1030.
 1030. 1030. 1521. 1521. 1521. 1521. 1030. 1030.   25.   25.   25.   25.
   25.   25. 
   25.   25.   25. 1030. 1521. 1521. 1521. 1030. 1030.   25.   25.   25.
   25.   25.   25.   25.   25.   25.   25.   25. 1030. 1521. 1521. 1521.
 1521. 1521. 
 1521. 1030. 1030.   25.   25.   25.   25.   25.   25.   25.   25.   25.
   25.   25.   25.   25.   25.   25. 1030. 1521. 1521. 1521. 1030.   25.
   25. 1030. 
 1521. 1521. 1521. 1521. 1521. 1030. 1030. 1030. 1030. 1030.   25.   25.
   25.   25.   25. 1030. 1030. 1521. 1521. 1521. 1030. 1030.   25.   25.
   25.   25. 
   25.   25.   25.   25.   25.   25. 1521. 1521. 1521. 1521. 1521. 1521.
 1030. 1030.   25.   25.   25.   25.   25.   25.   25.   25.   25.   25.
   25.   25. 
   25.   25.   25.   25. 1030. 1521. 1521. 1030.   25.   25.   25.   25.
 1030. 1030. 1521. 1521. 1521. 1521. 1521. 1521. 1521. 1521. 1030. 1030.
   25.   25. 
   25.   25. 1030. 1030. 1521. 1521. 1521. 1030. 1030.   25.   25.   25.
   25.   25.   25.   25.   25.   25. 1521. 1521. 1521. 1030. 1030. 1030.
 1030.   25. 
   25.   25.   25.   25.   25.   25.   25.   25.   25.   25.   25.   25.
   25.   25.   25.   25. 1030. 1521. 1521. 1030.   25.   25.   25.   25.
   25. 1030. 
 1030. 1521. 1521. 1521. 1521. 1521. 1521. 1521. 1521. 1030.   25.   25.
   25.   25.   25. 1030. 1030. 1521. 1521. 1521. 1030. 1030.   25.   25.
   25.   25. 
   25.   25.   25.   25. 1030. 1030. 1030. 1030. 1030.   25.   25.   25.
   25.   25.   25.   25.   25.   25.   25.   25.   25.   25.   25.   25.
   25.   25. 
   25.   25. 1030. 1521. 1521. 1030. 1030.   25.   25.   25.   25.   25.
 1030. 1030. 1030. 1521. 1521. 1521. 1521. 1521. 1521. 1521. 1030.   25.
   25.   25. 
   25.   25. 1030. 1521. 1521. 1521. 1521. 1030.   25.   25.   25.   25.
   25.   25.   25.   25. 1521. 1521. 1030. 1030. 1030.   25.   25.   25.
   25.   25. 
   25.   25.   25.   25.   25.   25.   25.   25.   25.   25.   25.   25.
   25.   25. 1030. 1521. 1521. 1521. 1521. 1030. 1030.   25.   25.   25.
   25.   25. 
   25. 1030. 1030. 1030. 1521. 1521. 1521. 1521. 1030.   25.   25.   25.
   25.   25. 1030. 1030. 1521. 1521. 1521. 1521. 1030.   25.   25.   25.
   25.   25. 
   25.   25. 1521. 1521. 1521. 1521. 1030. 1030.   25.   25.   25.   25.
   25.   25.   25.   25.   25.   25.   25.   25.   25.   25.   25.   25.
   25.   25. 
   25. 1030. 1521. 1521. 1521. 1521. 1521. 1030. 1030.   25.   25.   25.
   25.   25.   25.   25. 1030. 1521. 1521. 1521. 1030.   25.   25.   25.
   25.   25. 
   25. 1030. 1030. 1521. 1521. 1521. 1030.   25.   25.   25.   25.   25.
   25.   25. 
/