PERMI
 1772. 1772. 1772. 1239.    9.    9.    9.    9.    9. 1239. 1772. 1772.
 1772. 1239.    9.    9.    9.    9.    9.    9.    9.    9.    9.    9.
    9.    9. 
    9.    9.    9.    9.    9. 1239. 1772. 1772. 1772. 1239.    9.    9.
    9.    9.    9.    9.    9.    9.    9.    9.    9.    9.    9.    9.
 1239. 1239. 
 1772. 1772. 1239. 1772. 1239. 1772. 1772. 1772. 1239.    9.    9.    9.
 1239. 1772. 1772. 1239. 1239.    9.    9.    9.    9. 1239. 1772. 1772.
 1772. 1239. 
    9.    9.    9.    9.    9.    9.    9.    9.    9.    9.    9.    9.
    9.    9.    9.    9.    9. 1239. 1772. 1772. 1239. 1239.    9.    9.
    9.    9. 
    9.    9.    9.    9.    9.    9.    9.    9.    9.    9.    9. 1239.
 1772. 1772. 1239. 1239. 1239. 1239. 1239. 1239. 1239. 1239. 1239.    9.
 1772. 1772. 
 1772. 1239.    9.    9.    9.    9.    9. 1239. 1772. 1772. 1772. 1772.
 1239. 1239.    9.    9.    9.    9.    9.    9.    9.    9.    9.    9.
    9.    9. 
    9.    9. 1239. 1239. 1772. 1772. 1239. 1239.    9.    9.    9.    9.
    9.    9.    9.    9.    9.    9.    9.    9.    9.    9.    9. 1239.
 1772. 1772. 
 1772. 1772. 1239. 1239. 1772. 1772. 1772. 1772. 1239. 1239. 1772. 1772.
 1772. 1239.    9.    9.    9.    9.    9.    9. 1239. 1772. 1772. 1772.
 1772. 1772. 
 1239. 1239. 1239. 1239.    9.    9.    9.    9.    9.    9.    9.    9.
    9.    9. 1239. 1239. 1772. 1772. 1772. 1239. 1239. 1239. 1239. 1239.
 1239.    9. 
    9.    9.    9.    9.    9.    9.    9.    9.    9. 1239. 1239. 1772.
 1772. 1772. 1772. 1772. 1772. 1772. 1772. 1772. 1772. 1772. 1772. 1772.
 1239. 1239. 
    9.    9.    9.    9.    9.    9.    9. 1239. 1772. 1772. 1772. 1772.
 1772. 1772. 1772. 1772. 1239. 1239.    9.    9.    9.    9.    9.    9.
    9.    9. 
    9. 1239. 1772. 1772. 1772. 1772. 1772. 1772. 1772. 1772. 1239. 1239.
 1239. 1239.    9.    9.    9.    9.    9.    9.    9.    9. 1239. 1239.
 1772. 1772. 
 1772. 1772. 1772. 1239. 1239. 1772. 1772. 1772. 1772. 1772. 1239.    9.
    9.    9.    9.    9.    9.    9.    9.    9. 1239. 1239. 1772. 1772.
 1772. 1772. 
 1772. 1772. 1772. 1239. 1239.    9.    9.    9.    9.    9.    9.    9.
    9.    9. 1239. 1772. 1772. 1772. 1772. 1772. 1772. 1772. 1772. 1772.
 1772. 1772. 
 1239.    9.    9.    9.    9.    9.    9.    9.    9. 1239. 1239. 1239.
 1239. 1239. 1239. 1239. 1239. 1239. 1772. 1772. 1772. 1239. 1239.    9.
    9.    9. 
    9.    9.    9.    9.    9.    9.    9.    9. 1239. 1239. 1239. 1772.
 1772. 1772. 1772. 1772. 1239.    9.    9.    9.    9.    9.    9.    9.
    9.    9. 
    9. 1239. 1239. 1239. 1772. 1772. 1772. 1772. 1772. 1772. 1772. 1772.
 1239. 1239.    9.    9.    9.    9.    9.    9.    9. 1239. 1772. 1239.
 1772. 1772. 
 1772. 1239. 1239. 1239. 1772. 1772. 1772. 1239.    9.    9.    9.    9.
 1239. 1239. 1239. 1239. 1239. 1239.    9.    9.    9.    9. 1239. 1239.
 1239. 1239. 
 1772. 1772. 1239. 1239.    9.    9.    9.    9.    9.    9.    9.    9.
    9.    9.    9.    9. 1239. 1239. 1239. 1239. 1239. 1239. 1772. 1772.
 1772. 1239. 
    9.    9.    9.    9.    9.    9. 1239. 1772. 1772. 1239. 1772. 1772.
 1772. 1239. 1239. 1772. 1772. 1772. 1772. 1239.    9.    9. 1239. 1239.
 1239. 1772. 
 1772. 1772. 1772. 1239. 1239.    9.    9.    9.    9.    9.    9. 1239.
 1772. 1772. 1239.    9.    9.    9.    9.    9.    9.    9.    9.    9.
    9.    9. 
    9.    9.    9.    9.    9.    9.    9.    9. 1239. 1772. 1772. 1239.
    9.    9.    9.    9.    9.    9. 1239. 1772. 1772. 1772. 1239. 1772.
 1239. 1239. 
 1772. 1772. 1772. 1772. 1772. 1239. 1239. 1239. 1239. 1772. 1772. 1772.
 1772. 1772. 1772. 1772. 1239.    9.    9.    9.    9.    9.    9. 1239.
 1772. 1772. 
 1239.    9.    9.    9.    9.    9.    9.    9.    9.    9.    9.    9.
    9.    9.    9.    9.    9.    9.    9. 1239. 1239. 1772. 1772. 1239.
    9.    9. 
    9.    9.    9.    9. 1239. 1772. 1772. 1239. 1239. 1239. 1239. 1772.
 1772. 1772. 1772. 1239. 1772. 1772. 1772. 1772. 1772. 1772. 1772. 1772.
 1772. 1772. 
 1772. 1772. 1239. 1239.    9.    9.    9.    9.    9. 1239. 1772. 1772.
 1239.    9.    9.    9. 1239. 1239. 1239. 1239. 1239.    9.    9.    9.
    9.    9. 
    9.    9.    9.    9.    9. 1239. 1772. 1772. 1772. 1239.    9.    9.
    9.    9.    9.    9. 1239. 1772. 1772. 1239. 1239. 1239. 1772. 1772.
 1772. 1239. 
 1239. 1239. 1772. 1772. 1772. 1772. 1772. 1772. 1772. 1239. 1239. 1239.
 1772. 1772. 1239. 1239.    9.    9.    9.    9.    9. 1239. 1772. 1772.
 1239.    9. 
 1239. 1239. 1772. 1772. 1772. 1772. 1239. 1239.    9.    9.    9.    9.
    9.    9.    9.    9. 1239. 1239. 1772. 1772. 1239.    9.    9.    9.
    9.    9. 
    9. 1239. 1772. 1772. 1772. 1239. 1239. 1772. 1772. 1772. 1239. 1239.
 1239. 1772. 1239. 1239. 1239. 1239. 1239. 1239. 1239. 1239. 1239. 1239.
 1772. 1772. 
 1239. 1239.    9.    9.    9.    9. 1239. 1772. 1772. 1772. 1239. 1239.
 1239. 1772. 1772. 1772. 1772. 1772. 1772. 1239.    9.    9.    9.    9.
    9.    9. 
    9.    9. 1239. 1772. 1772. 1239. 1239.    9.    9.    9.    9.    9.
    9. 1239. 1772. 1772. 1772. 1239. 1239. 1772. 1772. 1239. 1239. 1239.
 1239. 1239. 
    9. 1239. 1239. 1239.    9.    9.    9.    9. 1239. 1239. 1772. 1772.
 1239.    9.    9.    9. 1239. 1239. 1239. 1772. 1772. 1772. 1239. 1772.
 1772. 1772. 
 1772. 1772. 1772. 1772. 1772. 1772. 1239.    9.    9.    9.    9.    9.
    9. 1239. 1772. 1772. 1772. 1239.    9.    9.    9.    9.    9.    9.
    9.    9. 
 1239. 1772. 1772. 1239. 1239. 1772. 1772. 1772. 1772. 1772. 1772. 1772.
    9.    9.    9.    9.    9.    9.    9.    9. 1239. 1239. 1772. 1772.
 1239.    9. 
 1239. 1239. 1239. 1772. 1239. 1772. 1772. 1772. 1772. 1772. 1772. 1772.
 1772. 1239. 1239. 1772. 1772. 1772. 1239.    9.    9.    9.    9.    9.
    9. 1239. 
 1772. 1772. 1239.    9.    9.    9.    9.    9.    9.    9.    9.    9.
 1239. 1239. 1772. 1239. 1239. 1772. 1772. 1772. 1772. 1772. 1772. 1772.
    9.    9. 
    9.    9.    9.    9.    9.    9. 1239. 1772. 1772. 1772. 1239. 1239.
 1239. 1772. 1772. 1772. 1239. 1772. 1772. 1772. 1772. 1772. 1772. 1239.
 1239.    9. 
 1239. 1772. 1772. 1772. 1239.    9.    9.    9.    9.    9. 1239. 1772.
 1772. 1772. 1239.    9.    9.    9.    9.    9.    9.    9.    9.    9.
    9.    9. 
 1239. 1239. 1239. 1239. 1772. 1772. 1772. 1772. 1772. 1772.    9.    9.
    9.    9.    9.    9.    9.    9. 1239. 1772. 1772. 1772. 1239. 1772.
 1772. 1772. 
 1772. 1772. 1239. 1239. 1239. 1239. 1239. 1239. 1239.    9.    9.    9.
 1239. 1772. 1772. 1239.    9.    9.    9.    9.    9.    9. 1239. 1772.
 1772. 1772. 
 1239.    9.    9.    9.    9.    9.    9.    9.    9.    9.    9.    9.
    9.    9.    9. 1239. 1239. 1239. 1239. 1239. 1239. 1239.    9.    9.
    9.    9. 
    9.    9. 1239.    9. 1239. 1239. 1772. 1772. 1772. 1772. 1772. 1772.
 1239. 1239.    9. 1239. 1772. 1772. 1239.    9.    9.    9.    9. 1239.
 1772. 1772. 
 1772. 1239.    9.    9.    9.    9.    9.    9. 1239. 1772. 1772. 1239.
    9.    9.    9.    9.    9.    9.    9.    9.    9.    9.    9.    9.
    9.    9. 
    9.    9.    9.    9.    9. 1239. 1772. 1772. 1239. 1239. 1239. 1239.
 1239. 1239. 1239. 1239. 1239. 1239. 1239. 1772. 1772. 1772. 1239. 1239.
 1239.    9. 
    9. 1239. 1772. 1772. 1239.    9.    9.    9. 1239. 1772. 1772. 1772.
 1772. 1239. 1239. 1239. 1239. 1239. 1239. 1239. 1239. 1772. 1772. 1239.
 1239. 1239. 
 1239. 1239. 1239. 1239. 1239. 1239. 1239.    9.    9.    9.    9.    9.
    9.    9.    9.    9.    9. 1239. 1772. 1772. 1239. 1772. 1772. 1772.
 1772. 1772. 
 1772. 1772. 1239. 1239. 1239. 1239. 1239. 1239. 1239.    9.    9.    9.
    9. 1239. 1772. 1772. 1239.    9.    9.    9. 1772. 1772. 1772. 1772.
 1239. 1239. 
 1772. 1772. 1772. 1772. 1772. 1772. 1239. 1239. 1772. 1772. 1772. 1772.
 1772. 1772. 1772. 1772. 1772. 1772. 1239. 1239.    9.    9.    9.    9.
    9.    9. 
    9.    9. 1239. 1772. 1772. 1772. 1772. 1772. 1772. 1772. 1772. 1772.
 1772. 1772. 1772. 1239. 1239.    9.    9.    9.    9.    9.    9.    9.
    9. 1239. 
 1772. 1772. 1239.    9.    9. 1239. 1772. 1772. 1772. 1239. 1772. 1772.
 1772. 1772. 1772. 1772. 1772. 1772. 1772. 1239. 1772. 1772. 1772. 1772.
 1772. 1772. 
 1772. 1772. 1772. 1772. 1772. 1772. 1239.    9.    9.    9.    9.    9.
    9.    9. 1239. 1772. 1772. 1772. 1772. 1772. 1239. 1239. 1239. 1239.
 1239. 1772. 
 1772. 1772. 1239.    9.    9.    9.    9.    9.    9.    9.    9. 1239.
 1772. 1772. 1239.    9.    9. 1239. 1772. 1772. 1772. 1772. 1772. 1772.
 1772. 1239. 
 1239. 1239. 1772. 1772. 1772. 1239. 1239. 1239. 1239. 1239. 1239. 1239.
 1239. 1239. 1772. 1772. 1772. 1772. 1239.    9.    9.    9.    9.    9.
    9.    9. 
 1239. 1772. 1772. 1772. 1239. 1239. 1239.    9.    9.    9. 1239. 1239.
 1772. 1772. 1239.    9.    9.    9.    9.    9.    9.    9. 1239. 1239.
 1772. 1772. 
 1239. 1239. 1239. 1239. 1772. 1772. 1772. 1772. 1772. 1772. 1239. 1239.
    9. 1239. 1772. 1772. 1772. 1239.    9.    9.    9.    9. 1239. 1239.
    9. 1239. 
 1239. 1239. 1772. 1772. 1239. 1239.    9.    9.    9.    9.    9.    9.
 1239. 1239. 1772. 1772.    9.    9.    9.    9.    9.    9. 1239. 1239.
 1772. 1772. 
 1239.    9.    9.    9.    9.    9.    9.    9. 1239. 1239. 1772. 1772.
 1239. 1239. 1772. 1772. 1239. 1772. 1772. 1772. 1772. 1239. 1772. 1239.
 1239. 1239. 
 1772. 1772. 1772. 1239.    9.    9.    9.    9.    9.    9.    9.    9.
    9. 1239. 1772. 1772. 1239. 1239.    9.    9.    9.    9.    9.    9.
    9. 1239. 
 1239. 1772.    9.    9.    9.    9.    9.    9. 1239. 1772. 1772. 1772.
 1239.    9.    9.    9.    9.    9.    9.    9.    9. 1239. 1772. 1772.
 1772. 1772. 
 1772. 1772. 1772. 1239. 1239. 1239. 1239. 1772. 1772. 1772. 1239. 1239.
 1772. 1772. 1772. 1239.    9.    9.    9.    9.    9.    9.    9.    9.
 1239. 1772. 
 1772. 1772. 1239.    9.    9.    9.    9.    9.    9.    9.    9.    9.
    9. 1239.    9.    9.    9.    9.    9.    9. 1239. 1772. 1772. 1772.
 1239.    9. 
    9.    9.    9.    9.    9.    9.    9. 1239. 1239. 1772. 1772. 1772.
 1772. 1772. 1239. 1239.    9.    9. 1239. 1772. 1772. 1772. 1239.    9.
 1239. 1772. 
 1772. 1239.    9.    9.    9.    9.    9.    9. 1239. 1239. 1772. 1772.
 1772. 1772. 1239.    9.    9.    9.    9.    9.    9.    9.    9.    9.
    9.    9. 
    9.    9.    9.    9.    9.    9. 1239. 1772. 1772. 1772. 1239.    9.
    9.    9.    9.    9.    9.    9.    9.    9. 1239. 1239. 1772. 1239.
 1239. 1239. 
 1239.    9.    9.    9. 1239. 1772. 1772. 1772. 1239.    9. 1239. 1772.
 1772. 1239.    9.    9.    9.    9.    9.    9. 1239. 1772. 1772. 1772.
 1772. 1239. 
    9.    9.    9.    9.    9.    9.    9.    9.    9.    9.    9.    9.
    9.    9.    9.    9.    9. 1239. 1239. 1772. 1772. 1772. 1239.    9.
    9.    9. 
    9.    9.    9.    9.    9.    9.    9. 1239. 1239. 1239.    9.    9.
    9.    9.    9.    9. 1239. 1772. 1772. 1772. 1239. 1239. 1239. 1772.
 1772. 1239. 
    9.    9.    9.    9. 1239. 1239. 1772. 1772. 1772. 1772. 1239. 1239.
    9.    9.    9.    9.    9.    9.    9.    9.    9.    9.    9.    9.
    9.    9. 
    9.    9.    9. 1239. 1239. 1772. 1772. 1239. 1239.    9.    9.    9.
    9.    9.    9.    9.    9.    9.    9.    9.    9.    9.    9.    9.
    9.    9. 
    9.    9. 1239. 1772. 1772. 1772. 1239.    9. 1239. 1772. 1772. 1772.
 1239. 1239. 1239.    9. 1239. 1772. 1772. 1772. 1239. 1239.    9.    9.
    9.    9. 
    9.    9.    9.    9.    9.    9.    9.    9.    9.    9.    9.    9.
    9.    9.    9. 1239. 1772. 1772. 1772. 1239. 1239.    9.    9.    9.
    9.    9. 
    9.    9.    9.    9.    9.    9.    9.    9.    9.    9.    9.    9.
    9.    9. 1239. 1239. 1772. 1772. 1239. 1239. 1239. 1772. 1772. 1772.
 1239. 1239. 
 1239. 1239. 1239. 1772. 1772. 1239. 1239. 1239. 1239. 1239. 1239. 1239.
 1239.    9.    9.    9.    9.    9.    9.    9.    9.    9.    9.    9.
    9.    9. 
    9. 1239. 1772. 1772. 1772. 1239. 1239. 1239. 1239. 1239. 1239. 1239.
 1239.    9.    9.    9.    9.    9.    9.    9.    9.    9.    9.    9.
    9.    9. 
 1239. 1239. 1772. 1772. 1239. 1239. 1239. 1772. 1772. 1772. 1239. 1239.
 1239. 1239. 1239. 1239. 1239. 1239. 1239. 1239. 1772. 1772. 1772. 1772.
 1239. 1239. 
 1239.    9.    9.    9.    9.    9.    9.    9.    9.    9.    9.    9.
    9.    9. 1239. 1772. 1772. 1772. 1239. 1239. 1239. 1239. 1239. 1239.
 1239. 1239. 
 1239.    9.    9.    9.    9.    9.    9.    9.    9.    9.    9.    9.
 1239. 1239. 1772. 1772. 1772. 1772. 1239. 1239. 1772. 1772. 1772. 1772.
 1772. 1772. 
 1772. 1772. 1772. 1772. 1772. 1772. 1239. 1772. 1772. 1772. 1772. 1772.
 1772. 1239.    9.    9.    9.    9.    9.    9.    9.    9.    9.    9.
    9.    9. 
 1239. 1772. 1772. 1772. 1772. 1772. 1772. 1772. 1772. 1772. 1772. 1772.
 1239. 1239.    9.    9.    9.    9.    9.    9.    9.    9.    9.    9.
    9. 1239. 
 1772. 1772. 1772. 1772. 1772. 1239. 1772. 1772. 1772. 1772. 1772. 1772.
 1772. 1772. 1772. 1772. 1772. 1772. 1772. 1239. 1772. 1772. 1772. 1772.
 1772. 1239. 
    9.    9.    9.    9.    9.    9.    9.    9.    9.    9.    9.    9.
    9. 1239. 1772. 1772. 1772. 1772. 1772. 1772. 1772. 1772. 1772. 1772.
 1772. 1239. 
 1239.    9.    9.    9.    9.    9.    9.    9.    9.    9.    9. 1239.
 1239. 1239. 1239. 1239. 1239. 1239. 1239. 1239. 1772. 1772. 1772. 1772.
 1772. 1239. 
 1239. 1239. 1772. 1772. 1772. 1239. 1239. 1239. 1239. 1772. 1772. 1772.
 1239.    9.    9.    9.    9.    9.    9.    9.    9.    9.    9.    9.
    9. 1239. 
 1239. 1239. 1239. 1239. 1239. 1239. 1239. 1239. 1239. 1772. 1772. 1772.
 1239.    9.    9.    9.    9.    9.    9.    9.    9.    9.    9.    9.
    9.    9. 
    9.    9.    9.    9. 1239. 1239. 1239. 1239. 1239. 1239. 1239.    9.
    9.    9. 1772. 1772. 1772. 1239.    9.    9. 1239. 1772. 1772. 1772.
 1239.    9. 
    9.    9.    9.    9.    9.    9.    9.    9.    9.    9.    9.    9.
    9.    9. 1239.    9. 1239.    9.    9.    9. 1239. 1772. 1772. 1772.
 1239.    9. 
    9.    9.    9.    9.    9.    9.    9.    9.    9.    9.    9.    9.
    9.    9.    9. 1239. 1239. 1772. 1772. 1772. 1772. 1239.    9.    9.
    9.    9. 
 1772. 1772. 1772. 1239.    9.    9. 1239. 1772. 1772. 1772. 1239.    9.
    9.    9.    9.    9.    9.    9.    9.    9.    9.    9.    9.    9.
    9.    9. 
    9.    9.    9.    9.    9.    9. 1239. 1772. 1772. 1239. 1239.    9.
    9.    9.    9.    9.    9.    9.    9.    9.    9.    9.    9.    9.
    9.    9. 
 1239. 1239. 1772. 1772. 1772. 1239. 1239.    9.    9.    9.    9.    9.
 1772. 1772. 1772. 1239.    9.    9. 1239. 1772. 1772. 1239. 1239. 1239.
 1239.    9. 
    9.    9.    9.    9.    9.    9.    9.    9.    9.    9.    9.    9.
    9.    9.    9.    9.    9.    9. 1239. 1772. 1772. 1239.    9.    9.
    9.    9. 
    9.    9.    9.    9.    9.    9.    9.    9.    9.    9.    9.    9.
 1239. 1772. 1772. 1772. 1239. 1239.    9.    9.    9.    9.    9.    9.
 1239. 1772. 
 1772. 1239.    9. 1239. 1772. 1239. 1239. 1772. 1772. 1772. 1772. 1239.
    9.    9.    9.    9.    9.    9.    9.    9.    9.    9.    9.    9.
    9.    9. 
    9.    9.    9.    9. 1239. 1772. 1772. 1239.    9.    9.    9.    9.
    9.    9.    9.    9.    9.    9.    9.    9.    9.    9.    9. 1239.
 1239. 1772. 
 1772. 1239. 1239.    9.    9.    9.    9.    9.    9.    9. 1239. 1772.
 1772. 1239. 1239. 1239. 1239. 1772. 1772. 1772. 1772. 1772. 1772. 1239.
    9.    9. 
    9.    9.    9.    9.    9.    9.    9.    9.    9.    9.    9.    9.
    9.    9.    9. 1239. 1772. 1772. 1239.    9.    9.    9.    9.    9.
    9.    9. 
    9.    9.    9.    9.    9.    9.    9.    9.    9. 1239. 1772. 1772.
 1772. 1239.    9.    9.    9.    9.    9.    9.    9.    9. 1239. 1772.
 1772. 1239. 
 1239. 1239. 1772. 1772. 1772. 1772. 1239. 1772. 1772. 1239.    9.    9.
    9.    9.    9.    9.    9.    9.    9.    9.    9.    9.    9.    9.
    9.    9. 
 1239. 1772. 1772. 1772. 1239.    9.    9.    9.    9.    9.    9.    9.
    9.    9.    9.    9.    9.    9.    9.    9.    9. 1239. 1772. 1772.
 1772. 1239. 
 1239.    9.    9.    9.    9.    9.    9.    9. 1239. 1772. 1772. 1772.
 1772. 1772. 1772. 1772. 1772. 1239. 1239. 1772. 1772. 1239. 1239.    9.
    9.    9. 
    9.    9.    9.    9.    9.    9.    9.    9.    9.    9.    9. 1239.
 1772. 1772. 1772. 1239.    9.    9.    9.    9.    9.    9.    9.    9.
    9.    9. 
    9.    9.    9.    9.    9.    9.    9. 1239. 1239. 1772. 1772. 1772.
 1239. 1239. 1239. 1239. 1239. 1239. 1239. 1239. 1239. 1772. 1772. 1772.
 1772. 1772. 
 1772. 1239. 1239. 1239. 1239. 1772. 1772. 1772. 1239. 1239.    9.    9.
    9.    9.    9.    9.    9.    9.    9.    9.    9.    9.    9. 1239.
 1772. 1772. 
 1239. 1239.    9.    9.    9.    9.    9.    9.    9.    9.    9.    9.
    9.    9.    9.    9.    9.    9.    9.    9. 1239. 1239. 1772. 1772.
 1772. 1772. 
 1772. 1772. 1772. 1772. 1772. 1772. 1239. 1772. 1772. 1772. 1772. 1772.
 1239. 1239. 1239. 1239. 1239. 1772. 1772. 1239. 1772. 1772.    9.    9.
    9.    9. 
    9.    9.    9.    9.    9.    9.    9.    9.    9. 1239. 1772. 1772.
 1239.    9.    9.    9.    9.    9.    9.    9.    9.    9.    9.    9.
    9.    9. 
    9.    9.    9.    9.    9.    9.    9. 1239. 1772. 1772. 1772. 1772.
 1772. 1772. 1772. 1772. 1772. 1772. 1772. 1239. 1772. 1239. 1239. 1239.
 1772. 1772. 
 1772. 1772. 1239. 1772. 1772. 1239. 1772. 1772.    9.    9.    9.    9.
    9.    9.    9.    9.    9.    9.    9.    9.    9. 1239. 1772. 1772.
 1239.    9. 
    9.    9.    9.    9.    9.    9.    9.    9.    9.    9.    9.    9.
    9.    9.    9.    9.    9.    9.    9.    9. 1239. 1239. 1239. 1772.
 1772. 1772. 
 1772. 1239. 1239. 1239. 1772. 1772. 1239. 1239. 1772. 1772. 1772. 1772.
 1772. 1239. 1772. 1772. 1772. 1239. 1239. 1772.    9.    9.    9.    9.
    9.    9. 
    9.    9.    9.    9.    9.    9.    9. 1239. 1772. 1772. 1772. 1239.
 1239. 1239.    9.    9.    9.    9.    9.    9.    9.    9.    9.    9.
    9.    9. 
    9.    9.    9.    9.    9.    9.    9.    9.    9. 1239. 1239. 1239.
 1239.    9.    9. 1239. 1772. 1772. 1239. 1239. 1239. 1239. 1772. 1772.
 1239. 1239. 
 1772. 1772. 1772. 1239. 1239. 1772.    9.    9.    9.    9.    9.    9.
    9.    9.    9.    9.    9.    9.    9.    9. 1239. 1772. 1772. 1772.
 1772. 1239. 
 1239. 1239.    9.    9.    9.    9.    9.    9.    9.    9.    9.    9.
    9.    9.    9.    9.    9.    9.    9.    9.    9.    9.    9.    9.
    9.    9. 
    9. 1239. 1772. 1772. 1239. 1239. 1239. 1239. 1239. 1239. 1239. 1239.
 1772. 1772. 1772. 1239. 1239. 1239.    9.    9.    9.    9.    9.    9.
    9.    9. 
    9.    9.    9.    9.    9.    9.    9. 1239. 1239. 1772. 1772. 1772.
 1772. 1772. 1239. 1239. 1239.    9.    9.    9.    9.    9.    9.    9.
    9.    9. 
    9.    9.    9.    9.    9.    9.    9.    9.    9.    9.    9.    9.
 1239. 1239. 1772. 1772. 1239.    9.    9.    9.    9.    9.    9.    9.
 1239. 1772. 
 1772. 1239. 1239. 1239.    9.    9.    9.    9.    9.    9.    9.    9.
    9.    9.    9.    9.    9.    9.    9.    9. 1239. 1239. 1239. 1772.
 1772. 1772. 
 1772. 1772. 1239. 1239.    9.    9.    9.    9.    9.    9.    9.    9.
    9.    9.    9.    9.    9.    9.    9.    9.    9.    9.    9.    9.
 1239. 1772. 
 1772. 1772. 1239.    9.    9.    9.    9.    9.    9.    9. 1239. 1772.
 1772. 1772. 1239. 1239.    9.    9.    9.    9.    9.    9.    9.    9.
    9.    9. 
    9.    9.    9.    9.    9.    9.    9.    9.    9. 1239. 1239. 1239.
 1772. 1772. 1772. 1239.    9.    9.    9.    9.    9.    9.    9.    9.
    9.    9. 
    9.    9.    9.    9.    9.    9.    9.    9.    9.    9. 1239. 1772.
 1772. 1772. 1239.    9.    9.    9.    9.    9.    9.    9. 1239. 1772.
 1772. 1772. 
 1772. 1772.    9.    9.    9.    9.    9.    9.    9.    9.    9.    9.
    9.    9.    9.    9.    9.    9.    9.    9.    9.    9.    9.    9.
 1239. 1772. 
 1772. 1772. 1239.    9.    9.    9.    9.    9.    9.    9.    9.    9.
    9.    9.    9.    9.    9.    9.    9.    9.    9. 1239. 1239. 1772.
 1772. 1239. 
 1239.    9.    9.    9.    9.    9.    9.    9.    9. 1239. 1772. 1772.
 1772. 1772.    9.    9.    9.    9.    9.    9.    9.    9.    9.    9.
    9.    9. 
    9.    9.    9.    9.    9.    9.    9.    9.    9.    9. 1239. 1239.
 1772. 1772. 1239.    9.    9.    9.    9.    9.    9.    9.    9.    9.
    9.    9. 
    9.    9.    9.    9.    9.    9.    9. 1239. 1772. 1772. 1772. 1239.
    9.    9.    9.    9.    9.    9.    9.    9.    9.    9. 1239. 1239.
 1239. 1239. 
    9.    9.    9.    9.    9.    9.    9.    9.    9.    9.    9.    9.
    9.    9.    9.    9.    9.    9.    9.    9.    9.    9. 1239. 1239.
 1772. 1772. 
 1239.    9.    9.    9.    9.    9.    9.    9.    9.    9.    9.    9.
    9.    9.    9.    9.    9.    9.    9. 1239. 1772. 1772. 1772. 1239.
 1239. 1239. 
 1239. 1239.    9.    9.    9.    9.    9.    9.    9.    9. 1239. 1239.
    9.    9.    9.    9.    9.    9.    9.    9.    9.    9.    9.    9.
    9.    9. 
    9.    9.    9.    9.    9.    9.    9.    9. 1239. 1772. 1772. 1772.
 1239.    9.    9.    9.    9.    9.    9.    9.    9.    9.    9.    9.
    9.    9. 
    9.    9.    9.    9.    9. 1239. 1772. 1772. 1772. 1772. 1772. 1772.
 1772. 1239. 1239. 1239. 1239.    9.    9.    9.    9.    9.    9. 1239.
    9.    9. 
    9.    9.    9.    9.    9.    9.    9.    9.    9.    9.    9.    9.
    9.    9.    9.    9.    9.    9.    9.    9. 1239. 1772. 1772. 1772.
 1239.    9. 
    9.    9.    9.    9.    9.    9.    9.    9.    9.    9.    9.    9.
    9.    9.    9.    9.    9. 1239. 1772. 1772. 1772. 1772. 1772. 1772.
 1772. 1772. 
 1772. 1772. 1239. 1239.    9.    9.    9.    9.    9. 1239.    9.    9.
    9.    9.    9.    9.    9.    9.    9.    9.    9.    9.    9.    9.
    9.    9. 
    9.    9.    9.    9.    9.    9. 1239. 1772. 1772. 1239. 1239.    9.
    9.    9.    9.    9.    9.    9.    9.    9.    9.    9.    9.    9.
    9.    9. 
    9.    9.    9. 1239. 1239. 1772. 1772. 1772. 1772. 1772. 1772. 1772.
 1772. 1772. 1772. 1239. 1239.    9.    9.    9.    9. 1239.    9.    9.
    9.    9. 
    9.    9.    9.    9.    9.    9.    9.    9.    9.    9.    9.    9.
    9.    9.    9.    9.    9. 1239. 1239. 1772. 1772. 1239.    9.    9.
    9.    9. 
    9.    9.    9.    9.    9.    9.    9.    9.    9.    9.    9.    9.
    9.    9.    9.    9. 1239. 1239. 1239. 1239. 1239. 1239. 1239. 1239.
 1239. 1772. 
 1772. 1772. 1239.    9.    9.    9.    9. 1239.    9.    9.    9.    9.
    9.    9.    9.    9.    9.    9.    9.    9.    9.    9.    9.    9.
    9.    9. 
    9.    9. 1239. 1239. 1772. 1772. 1772. 1239.    9.    9.    9. 1239.
 1239. 1239. 1239. 1239.    9.    9.    9.    9.    9.    9.    9.    9.
    9.    9. 
    9.    9.    9.    9.    9.    9.    9.    9.    9. 1239. 1239. 1772.
 1772. 1772. 1239.    9.    9.    9.    9. 1239.    9.    9.    9.    9.
    9.    9. 
    9.    9.    9.    9.    9.    9.    9.    9.    9.    9.    9.    9.
    9.    9. 1239. 1772. 1772. 1772. 1239. 1239.    9.    9. 1239. 1239.
 1772. 1772. 
 1772. 1239. 1239.    9.    9.    9.    9.    9.    9.    9.    9.    9.
    9.    9.    9.    9.    9.    9.    9.    9. 1239. 1239. 1772. 1772.
 1772. 1239. 
 1239.    9.    9.    9.    9. 1239.    9.    9.    9.    9.    9.    9.
    9.    9.    9.    9.    9.    9.    9.    9.    9.    9.    9.    9.
    9. 1239. 
 1239. 1772. 1772. 1772. 1239.    9. 1239. 1239. 1772. 1772. 1772. 1772.
 1772. 1772. 1772. 1239.    9.    9.    9.    9.    9.    9.    9.    9.
    9.    9. 
    9.    9.    9.    9.    9.    9. 1239. 1772. 1772. 1772. 1239. 1239.
    9.    9.    9.    9.    9. 1239.    9.    9.    9.    9.    9.    9.
    9.    9. 
    9.    9.    9.    9.    9.    9.    9.    9.    9.    9.    9. 1239.
 1239. 1772. 1772. 1239. 1239. 1239. 1239. 1772. 1772. 1772. 1772. 1772.
 1772. 1772. 
 1772. 1239.    9.    9.    9.    9.    9.    9.    9.    9.    9.    9.
    9.    9.    9.    9.    9. 1239. 1772. 1772. 1772. 1239. 1239.    9.
    9.    9. 
    9.    9.    9.    9.    9.    9.    9.    9.    9.    9.    9.    9.
    9.    9.    9.    9.    9.    9.    9.    9.    9.    9.    9. 1239.
 1239. 1772. 
 1772. 1772. 1772. 1772. 1772. 1772. 1772. 1239. 1239. 1239. 1239. 1772.
 1772. 1239.    9.    9.    9.    9.    9.    9.    9.    9.    9.    9.
    9.    9. 
    9.    9.    9. 1239. 1772. 1772. 1239.    9.    9.    9.    9.    9.
    9.    9.    9.    9.    9.    9.    9.    9.    9.    9.    9.    9.
    9.    9. 
    9.    9.    9.    9.    9.    9.    9.    9.    9.    9. 1239. 1772.
 1772. 1772. 1772. 1772. 1772. 1239. 1239. 1239.    9. 1239. 1772. 1772.
 1772. 1239. 
    9.    9.    9.    9.    9.    9.    9.    9.    9.    9.    9.    9.
    9.    9. 1239. 1772. 1772. 1239. 1239.    9.    9.    9.    9.    9.
    9.    9. 
    9.    9.    9.    9.    9.    9.    9.    9.    9.    9.    9.    9.
    9.    9.    9.    9.    9.    9.    9.    9.    9.    9. 1239. 1239.
 1239. 1772. 
 1772. 1239. 1239. 1239.    9.    9.    9. 1239. 1772. 1772. 1239. 1239.
    9.    9.    9.    9.    9.    9.    9.    9.    9.    9.    9.    9.
    9.    9. 
 1239. 1772. 1772. 1239.    9.    9.    9.    9.    9.    9.    9.    9.
    9.    9. 
/