PERMI
   30.   30.   30.   30.   30.   30. 2893. 3478. 3478. 3478. 2893.   30.
   30.   30.   30.   30.   30.   30.   30.   30.   30.   30.   30.   30.
   30.   30. 
   30.   30. 2893. 2893. 2893. 3478. 3478. 3478. 3478. 3478. 2893. 2893.
   30.   30.   30.   30.   30.   30.   30. 2893. 2893. 3478. 3478. 3478.
 2893.   30. 
   30.   30.   30.   30.   30.   30.   30.   30.   30.   30.   30.   30.
   30.   30.   30.   30.   30.   30.   30. 2893. 3478. 3478. 2893. 2893.
   30.   30. 
   30.   30.   30.   30.   30.   30.   30.   30.   30.   30.   30.   30.
   30. 2893. 2893. 3478. 3478. 3478. 3478. 3478. 3478. 2893. 2893.   30.
   30.   30. 
   30.   30.   30.   30.   30. 2893. 3478. 3478. 3478. 2893.   30.   30.
   30.   30.   30.   30.   30.   30.   30.   30.   30.   30.   30.   30.
   30.   30. 
   30.   30.   30.   30.   30. 2893. 3478. 3478. 3478. 2893.   30.   30.
   30.   30.   30.   30.   30.   30.   30.   30.   30.   30.   30.   30.
 2893. 2893. 
 3478. 3478. 3478. 3478. 3478. 2893. 2893. 2893.   30.   30.   30.   30.
   30.   30.   30.   30. 2893. 2893. 3478. 3478. 2893. 2893.   30.   30.
   30.   30. 
   30.   30.   30.   30.   30.   30.   30.   30.   30.   30.   30.   30.
   30.   30.   30.   30.   30. 2893. 3478. 3478. 3478. 2893.   30.   30.
   30.   30. 
   30.   30.   30.   30.   30.   30.   30.   30.   30.   30. 2893. 3478.
 3478. 3478. 3478. 2893. 2893. 2893.   30.   30.   30.   30.   30.   30.
   30.   30. 
   30.   30. 2893. 3478. 3478. 3478. 2893.   30.   30.   30.   30.   30.
   30.   30.   30.   30.   30.   30.   30.   30.   30.   30.   30.   30.
   30.   30. 
   30.   30.   30.   30. 2893. 3478. 3478. 3478. 2893.   30.   30.   30.
   30.   30.   30.   30.   30.   30.   30.   30.   30. 2893. 2893. 3478.
 3478. 2893. 
 2893.   30.   30.   30.   30.   30.   30.   30.   30.   30.   30.   30.
   30. 2893. 3478. 3478. 3478. 2893. 2893.   30.   30.   30.   30.   30.
   30.   30. 
   30.   30.   30.   30.   30.   30.   30.   30.   30.   30.   30.   30.
   30.   30.   30.   30. 2893. 3478. 3478. 3478. 2893.   30.   30.   30.
   30.   30. 
   30.   30.   30.   30.   30.   30.   30. 2893. 3478. 3478. 3478. 2893.
   30.   30.   30.   30.   30.   30.   30.   30.   30.   30.   30.   30.
   30. 2893. 
 3478. 3478. 2893. 2893.   30.   30.   30.   30.   30.   30.   30.   30.
   30.   30.   30.   30.   30.   30.   30.   30.   30.   30.   30.   30.
   30.   30. 
   30.   30. 2893. 3478. 3478. 2893. 2893.   30.   30.   30.   30.   30.
   30.   30.   30.   30.   30.   30.   30.   30. 2893. 3478. 3478. 2893.
   30.   30. 
   30.   30.   30.   30.   30.   30.   30.   30.   30.   30.   30. 2893.
 3478. 3478. 3478. 2893.   30.   30.   30.   30.   30.   30.   30.   30.
   30.   30. 
   30.   30.   30.   30.   30.   30.   30.   30.   30.   30.   30.   30.
   30.   30. 2893. 3478. 3478. 2893.   30.   30.   30.   30.   30.   30.
   30.   30. 
   30.   30.   30.   30.   30.   30. 2893. 3478. 3478. 2893. 2893.   30.
   30.   30.   30.   30.   30.   30.   30.   30.   30.   30.   30. 2893.
 2893. 3478. 
 3478. 2893. 2893.   30.   30.   30.   30.   30.   30.   30.   30.   30.
   30.   30.   30.   30.   30.   30.   30.   30.   30.   30.   30.   30.
   30. 2893. 
 3478. 3478. 3478. 2893.   30.   30.   30.   30.   30.   30.   30.   30.
   30.   30.   30.   30.   30.   30. 2893. 3478. 3478. 3478. 2893.   30.
   30.   30. 
   30.   30.   30.   30.   30.   30.   30.   30.   30.   30. 2893. 3478.
 3478. 3478. 2893. 2893.   30.   30.   30.   30.   30.   30.   30.   30.
   30.   30. 
   30.   30.   30.   30.   30.   30.   30.   30.   30.   30. 2893. 2893.
 3478. 3478. 3478. 2893.   30.   30.   30.   30.   30.   30.   30.   30.
   30.   30. 
   30.   30.   30.   30. 2893. 2893. 3478. 3478. 2893.   30.   30.   30.
   30.   30.   30.   30.   30.   30.   30.   30.   30.   30.   30. 2893.
 3478. 3478. 
 3478. 2893.   30.   30.   30.   30.   30.   30.   30.   30.   30.   30.
   30.   30.   30.   30.   30.   30.   30.   30.   30. 2893. 3478. 3478.
 3478. 3478. 
 2893.   30.   30.   30.   30.   30.   30.   30.   30.   30.   30.   30.
   30.   30.   30.   30. 2893. 2893. 3478. 3478. 2893.   30.   30.   30.
   30.   30. 
   30.   30.   30.   30.   30.   30.   30.   30.   30. 2893. 3478. 3478.
 3478. 2893. 2893.   30.   30.   30.   30.   30.   30.   30.   30.   30.
   30.   30. 
   30.   30.   30.   30.   30.   30. 2893. 3478. 3478. 3478. 3478. 2893.
   30.   30.   30.   30.   30.   30.   30.   30.   30.   30.   30.   30.
   30.   30. 
 2893. 2893. 2893. 3478. 3478. 3478. 2893.   30.   30.   30.   30.   30.
   30.   30.   30.   30.   30.   30.   30.   30.   30.   30. 2893. 3478.
 3478. 3478. 
 2893.   30.   30.   30.   30.   30.   30.   30.   30.   30.   30.   30.
   30.   30.   30.   30.   30.   30. 2893. 3478. 3478. 3478. 2893.   30.
   30.   30. 
   30.   30.   30.   30.   30.   30.   30.   30.   30.   30.   30. 2893.
 2893. 3478. 3478. 3478. 3478. 2893. 2893.   30.   30.   30.   30.   30.
   30.   30. 
   30.   30.   30.   30.   30.   30.   30.   30. 2893. 3478. 3478. 3478.
 2893. 2893.   30.   30.   30.   30.   30.   30.   30.   30.   30.   30.
   30. 2893. 
   30.   30.   30.   30. 2893. 3478. 3478. 2893.   30.   30.   30.   30.
   30.   30.   30.   30.   30.   30.   30.   30. 2893. 2893. 2893. 2893.
 3478. 3478. 
 3478. 3478. 2893. 2893.   30.   30.   30.   30.   30.   30.   30.   30.
   30.   30.   30.   30.   30.   30.   30.   30.   30. 2893. 3478. 3478.
 3478. 2893. 
   30.   30.   30.   30.   30.   30.   30.   30.   30.   30. 2893. 2893.
   30.   30.   30.   30. 2893. 3478. 3478. 2893.   30.   30.   30.   30.
   30.   30. 
   30.   30.   30.   30. 2893. 2893. 2893. 3478. 3478. 3478. 3478. 3478.
 2893. 2893.   30.   30.   30.   30.   30.   30.   30.   30.   30.   30.
   30.   30. 
   30.   30.   30.   30.   30.   30.   30. 2893. 3478. 3478. 3478. 2893.
   30.   30.   30.   30.   30.   30.   30.   30. 2893. 2893. 3478. 2893.
   30.   30. 
   30.   30. 2893. 3478. 3478. 3478. 2893.   30.   30.   30.   30.   30.
   30.   30.   30.   30. 2893. 3478. 3478. 3478. 3478. 3478. 3478. 2893.
 2893.   30. 
   30.   30.   30.   30.   30.   30.   30.   30.   30.   30.   30.   30.
   30.   30.   30.   30.   30.   30. 2893. 2893. 3478. 3478. 3478. 2893.
   30.   30. 
   30.   30.   30.   30.   30. 2893. 2893. 3478. 3478. 2893.   30.   30.
   30.   30. 2893. 3478. 3478. 3478. 2893.   30.   30.   30.   30.   30.
   30.   30. 
   30. 2893. 3478. 3478. 3478. 3478. 3478. 2893. 2893. 2893.   30.   30.
   30.   30.   30.   30.   30.   30.   30.   30.   30.   30.   30.   30.
   30.   30. 
   30.   30.   30. 2893. 2893. 3478. 3478. 3478. 2893. 2893.   30.   30.
   30.   30.   30.   30. 2893. 3478. 3478. 3478. 3478. 2893.   30.   30.
   30.   30. 
   30. 2893. 3478. 3478. 3478. 2893.   30.   30.   30.   30.   30.   30.
   30. 2893. 3478. 3478. 3478. 2893. 2893. 2893.   30.   30.   30.   30.
   30.   30. 
   30.   30.   30.   30.   30.   30.   30.   30.   30.   30.   30.   30.
   30.   30. 2893. 2893. 3478. 3478. 3478. 3478. 2893.   30.   30.   30.
   30.   30. 
   30. 2893. 2893. 3478. 3478. 3478. 3478. 2893.   30.   30.   30.   30.
   30. 2893. 3478. 3478. 3478. 2893.   30.   30.   30.   30.   30.   30.
   30. 2893. 
 3478. 3478. 3478. 2893.   30.   30.   30.   30.   30.   30.   30.   30.
   30.   30.   30.   30.   30.   30.   30.   30.   30.   30.   30.   30.
   30. 2893. 
 2893. 3478. 3478. 3478. 3478. 2893. 2893.   30.   30.   30.   30.   30.
   30. 2893. 3478. 3478. 3478. 2893. 2893.   30.   30.   30.   30.   30.
   30. 2893. 
 3478. 3478. 3478. 2893.   30.   30.   30.   30.   30.   30.   30. 2893.
 3478. 3478. 3478. 2893.   30.   30.   30.   30.   30.   30.   30.   30.
   30.   30. 
   30.   30.   30.   30.   30.   30.   30.   30.   30.   30. 2893. 2893.
 3478. 3478. 3478. 3478. 2893. 2893.   30.   30.   30.   30.   30.   30.
   30. 2893. 
 3478. 3478. 3478. 2893.   30.   30.   30.   30.   30.   30.   30.   30.
 2893. 3478. 3478. 3478. 2893.   30.   30.   30.   30.   30.   30. 2893.
 2893. 3478. 
 3478. 2893. 2893.   30.   30.   30.   30.   30.   30.   30.   30.   30.
   30.   30.   30.   30.   30.   30.   30.   30.   30. 2893. 2893. 3478.
 3478. 3478. 
 3478. 2893. 2893.   30.   30.   30.   30.   30.   30.   30.   30. 2893.
 3478. 3478. 2893. 2893. 2893. 2893.   30.   30.   30.   30.   30.   30.
   30. 2893. 
 3478. 3478. 2893.   30.   30.   30.   30.   30.   30.   30. 2893. 3478.
 3478. 3478. 2893.   30.   30.   30.   30.   30.   30.   30.   30.   30.
   30.   30. 
   30.   30.   30.   30.   30.   30.   30. 2893. 3478. 3478. 3478. 3478.
 2893.   30.   30.   30.   30.   30.   30.   30.   30.   30.   30. 2893.
 2893. 2893. 
 2893. 2893. 2893. 2893.   30.   30.   30.   30.   30.   30.   30. 2893.
 3478. 3478. 3478. 2893.   30.   30.   30.   30.   30.   30. 2893. 3478.
 3478. 3478. 
 2893.   30.   30.   30.   30.   30.   30.   30.   30.   30.   30.   30.
   30.   30.   30.   30.   30.   30.   30. 2893. 3478. 3478. 3478. 3478.
 2893.   30. 
   30.   30.   30.   30.   30.   30.   30.   30. 2893. 2893. 2893. 3478.
 3478. 3478. 3478. 3478.   30.   30.   30.   30.   30.   30.   30. 2893.
 3478. 3478. 
 3478. 2893.   30.   30.   30.   30.   30.   30.   30. 2893. 3478. 3478.
 3478. 2893.   30.   30.   30.   30.   30.   30.   30.   30.   30.   30.
   30.   30. 
   30.   30.   30.   30.   30. 2893. 2893. 3478. 3478. 3478. 2893.   30.
   30.   30.   30.   30.   30.   30.   30. 2893. 2893. 3478. 3478. 3478.
 3478. 3478. 
 3478. 3478.   30.   30.   30.   30.   30.   30.   30. 2893. 3478. 3478.
 3478. 2893.   30.   30.   30.   30.   30.   30.   30. 2893. 3478. 3478.
 3478. 3478. 
 2893.   30.   30.   30.   30.   30.   30.   30.   30.   30.   30.   30.
   30.   30.   30.   30.   30. 2893. 2893. 3478. 3478. 3478. 2893. 2893.
 2893.   30. 
   30.   30.   30.   30.   30. 2893. 2893. 3478. 3478. 3478. 2893. 2893.
 2893. 2893.   30.   30.   30.   30.   30. 2893. 2893. 3478. 3478. 3478.
 2893.   30. 
   30.   30.   30.   30.   30.   30.   30. 2893. 2893. 3478. 3478. 3478.
 2893.   30.   30.   30.   30.   30.   30.   30.   30.   30.   30.   30.
   30.   30. 
   30.   30.   30.   30. 2893. 3478. 3478. 3478. 3478. 2893. 2893. 2893.
   30.   30.   30.   30.   30. 2893. 3478. 3478. 3478. 2893. 2893. 2893.
 2893. 2893. 
   30.   30.   30.   30. 2893. 3478. 3478. 3478. 3478. 2893. 2893.   30.
   30.   30.   30.   30.   30.   30.   30. 2893. 2893. 3478. 3478. 3478.
 2893.   30. 
   30.   30.   30.   30.   30.   30.   30.   30.   30.   30.   30.   30.
   30.   30.   30.   30. 2893. 2893. 3478. 3478. 3478. 3478. 3478. 2893.
 2893.   30. 
   30.   30.   30. 2893. 3478. 3478. 3478. 2893. 2893. 2893.   30.   30.
   30.   30.   30. 2893. 3478. 3478. 3478. 3478. 2893. 2893.   30.   30.
   30.   30. 
   30.   30.   30.   30. 2893. 2893. 3478. 3478. 3478. 3478. 2893.   30.
   30.   30.   30.   30.   30.   30.   30.   30.   30.   30.   30.   30.
   30.   30. 
   30.   30.   30. 2893. 2893. 3478. 3478. 3478. 3478. 3478. 2893. 2893.
   30.   30.   30. 2893. 2893. 3478. 3478. 2893. 2893. 2893.   30.   30.
   30.   30. 
 2893. 3478. 3478. 3478. 3478. 2893.   30.   30.   30.   30.   30.   30.
   30.   30.   30. 2893. 2893. 3478. 3478. 3478. 3478. 2893. 2893.   30.
   30.   30. 
   30.   30.   30.   30.   30.   30.   30.   30.   30.   30.   30.   30.
   30.   30.   30.   30. 2893. 2893. 2893. 3478. 3478. 3478. 3478. 2893.
   30.   30. 
   30. 2893. 2893. 3478. 3478. 3478. 2893. 2893.   30.   30.   30. 2893.
 3478. 3478. 3478. 3478. 2893.   30.   30.   30.   30.   30.   30.   30.
   30.   30. 
 2893. 2893. 3478. 3478. 3478. 3478. 2893. 2893.   30.   30.   30.   30.
   30.   30.   30.   30.   30.   30.   30.   30.   30.   30.   30.   30.
   30.   30. 
   30.   30.   30.   30. 2893. 2893. 3478. 3478. 3478. 2893. 2893.   30.
   30.   30. 2893. 2893. 3478. 3478. 3478. 2893. 2893.   30. 2893. 3478.
 3478. 3478. 
 3478. 2893.   30.   30.   30.   30.   30.   30.   30.   30.   30. 2893.
 2893. 3478. 3478. 3478. 3478. 2893. 2893.   30.   30.   30.   30.   30.
   30.   30. 
   30.   30.   30.   30.   30.   30.   30.   30.   30.   30.   30.   30.
   30.   30.   30.   30.   30. 2893. 2893. 3478. 3478. 2893. 2893.   30.
   30. 2893. 
 2893. 2893. 3478. 3478. 3478. 2893. 2893.   30. 2893. 3478. 3478. 3478.
 2893. 2893.   30.   30.   30.   30.   30.   30.   30.   30.   30. 2893.
 3478. 3478. 
 3478. 3478. 2893. 2893.   30.   30.   30.   30.   30.   30.   30.   30.
   30.   30.   30.   30.   30.   30.   30.   30.   30.   30.   30.   30.
   30.   30. 
   30.   30.   30.   30. 2893. 3478. 3478. 2893. 2893.   30. 2893. 2893.
 3478. 2893. 2893. 3478. 3478. 2893. 2893.   30. 2893. 3478. 3478. 2893.
 2893.   30. 
   30.   30.   30.   30.   30.   30.   30.   30.   30. 2893. 3478. 3478.
 3478. 2893. 2893.   30.   30.   30.   30.   30.   30.   30.   30.   30.
   30.   30. 
   30.   30.   30.   30.   30.   30.   30.   30.   30.   30.   30.   30.
   30.   30.   30. 2893. 2893. 3478. 3478. 2893. 2893. 2893. 2893. 3478.
 3478. 2893. 
 2893. 3478. 3478. 2893. 2893.   30. 2893. 3478. 3478. 2893.   30.   30.
   30.   30.   30.   30.   30.   30.   30.   30. 2893. 2893. 3478. 3478.
 3478. 2893. 
 30. 30. 30. 30. 30. 30. 30. 30. 30. 30. 30. 30. 30. 30. 30. 30. 30. 30.
 30. 30. 30. 30. 30. 30. 30. 30. 
   30. 2893. 3478. 3478. 3478. 2893. 2893. 2893. 3478. 3478. 2893. 2893.
 3478. 3478. 3478. 2893. 2893.   30. 2893. 3478. 3478. 2893.   30.   30.
   30.   30. 
   30.   30.   30.   30.   30.   30. 2893. 2893. 3478. 3478. 3478. 2893.
   30.   30.   30.   30.   30.   30.   30.   30.   30.   30.   30.   30.
   30.   30. 
   30.   30.   30.   30.   30.   30.   30.   30.   30.   30.   30.   30.
 2893. 2893. 3478. 3478. 3478. 2893. 2893. 3478. 3478. 3478. 2893. 2893.
 3478. 3478. 
 3478. 2893.   30.   30. 2893. 3478. 3478. 2893.   30.   30.   30.   30.
   30.   30.   30.   30.   30.   30. 2893. 2893. 3478. 3478. 3478. 3478.
 2893.   30. 
   30.   30.   30.   30.   30.   30.   30.   30.   30.   30.   30.   30.
   30.   30.   30.   30.   30.   30.   30.   30.   30.   30.   30. 2893.
 2893. 3478. 
 3478. 3478. 2893. 2893. 3478. 3478. 3478. 2893. 2893. 3478. 3478. 3478.
 2893. 2893.   30.   30. 2893. 3478. 3478. 3478. 2893.   30.   30.   30.
   30.   30. 
   30.   30.   30.   30.   30. 2893. 3478. 3478. 3478. 3478. 2893. 2893.
   30.   30.   30.   30.   30.   30.   30.   30.   30.   30.   30.   30.
   30.   30. 
   30.   30.   30.   30.   30.   30.   30.   30.   30. 2893. 3478. 3478.
 3478. 2893. 2893. 2893. 3478. 3478. 2893. 2893. 3478. 3478. 3478. 3478.
 2893. 2893. 
   30.   30.   30. 2893. 3478. 3478. 3478. 2893.   30.   30.   30.   30.
   30.   30.   30.   30.   30. 2893. 2893. 3478. 3478. 3478. 3478. 3478.
 2893.   30. 
   30.   30.   30.   30.   30.   30.   30.   30.   30.   30.   30.   30.
   30.   30.   30.   30.   30.   30.   30.   30.   30. 2893. 3478. 3478.
 3478. 2893. 
   30. 2893. 3478. 3478. 2893. 3478. 3478. 3478. 3478. 2893. 2893.   30.
   30.   30.   30. 2893. 3478. 3478. 3478. 2893. 2893.   30.   30.   30.
   30.   30. 
   30.   30.   30.   30. 2893. 2893. 2893. 3478. 3478. 3478. 2893. 2893.
   30.   30.   30.   30.   30.   30.   30.   30.   30.   30.   30.   30.
   30.   30. 
   30.   30.   30.   30.   30.   30. 2893. 2893. 3478. 3478. 2893. 2893.
   30. 2893. 3478. 2893. 2893. 3478. 3478. 3478. 2893. 2893.   30.   30.
   30.   30. 
   30.   30. 2893. 3478. 3478. 3478. 2893.   30.   30.   30.   30.   30.
   30.   30.   30.   30.   30.   30. 2893. 3478. 3478. 3478. 3478. 2893.
   30.   30. 
   30.   30.   30.   30.   30.   30.   30.   30.   30.   30.   30.   30.
   30.   30.   30.   30.   30.   30. 2893. 3478. 3478. 3478. 2893.   30.
   30. 2893. 
 2893. 2893. 3478. 3478. 3478. 2893. 2893.   30.   30.   30.   30.   30.
   30.   30. 2893. 2893. 3478. 3478. 2893.   30.   30.   30.   30.   30.
   30.   30. 
   30.   30.   30.   30. 2893. 2893. 3478. 3478. 3478. 2893.   30.   30.
   30.   30.   30.   30.   30.   30.   30.   30.   30.   30.   30.   30.
   30.   30. 
   30.   30.   30.   30. 2893. 3478. 3478. 2893. 2893.   30.   30. 2893.
 2893. 3478. 3478. 3478. 2893. 2893.   30.   30.   30.   30.   30.   30.
   30.   30. 
   30. 2893. 3478. 3478. 3478. 2893.   30.   30.   30.   30.   30.   30.
   30. 2893. 2893. 2893. 2893. 3478. 3478. 3478. 3478. 2893.   30.   30.
   30.   30. 
   30.   30.   30.   30.   30.   30.   30.   30.   30.   30.   30.   30.
   30.   30.   30. 2893. 2893. 3478. 3478. 2893.   30.   30.   30. 2893.
 2893. 3478. 
 3478. 3478. 2893.   30.   30.   30.   30.   30.   30.   30.   30.   30.
   30. 2893. 3478. 3478. 3478. 2893.   30.   30.   30.   30.   30. 2893.
 2893. 3478. 
 3478. 3478. 3478. 3478. 3478. 3478. 3478. 2893.   30.   30.   30.   30.
   30.   30.   30.   30.   30.   30.   30.   30.   30.   30.   30.   30.
   30.   30. 
   30. 2893. 2893. 3478. 3478. 2893.   30.   30.   30. 2893. 2893. 3478.
 3478. 2893. 2893.   30.   30.   30.   30.   30.   30.   30.   30.   30.
   30. 2893. 
 3478. 3478. 3478. 2893.   30.   30.   30.   30. 2893. 2893. 3478. 3478.
 3478. 3478. 3478. 3478. 3478. 3478. 2893.   30.   30.   30.   30.   30.
   30.   30. 
   30.   30.   30.   30.   30.   30.   30.   30.   30.   30.   30.   30.
   30.   30. 2893. 3478. 3478. 2893. 2893.   30.   30. 2893. 3478. 3478.
 3478. 2893. 
 2893. 2893. 2893.   30.   30.   30.   30.   30.   30.   30.   30. 2893.
 3478. 3478. 2893. 2893.   30.   30.   30.   30. 2893. 3478. 3478. 3478.
 3478. 3478. 
 2893. 2893. 2893. 2893.   30.   30.   30.   30.   30.   30.   30.   30.
   30.   30.   30.   30.   30.   30.   30.   30.   30.   30.   30.   30.
   30.   30. 
 2893. 3478. 3478. 3478. 2893.   30.   30. 2893. 3478. 3478. 3478. 2893.
 2893. 3478. 2893. 2893.   30.   30.   30.   30.   30.   30. 2893. 3478.
 3478. 3478. 
 2893.   30.   30.   30.   30. 2893. 3478. 3478. 3478. 3478. 2893. 2893.
 2893.   30.   30.   30.   30.   30.   30.   30.   30.   30.   30.   30.
   30.   30. 
   30.   30.   30.   30.   30.   30.   30.   30.   30.   30.   30.   30.
 2893. 3478. 3478. 3478. 2893.   30.   30. 2893. 2893. 3478. 3478. 3478.
 2893. 3478. 
 3478. 2893.   30.   30.   30.   30.   30. 2893. 3478. 3478. 3478. 2893.
 2893.   30.   30.   30.   30. 2893. 3478. 3478. 3478. 2893.   30.   30.
   30.   30. 
   30.   30.   30.   30.   30.   30.   30.   30.   30.   30.   30.   30.
   30.   30.   30.   30.   30.   30.   30.   30.   30.   30.   30.   30.
 2893. 3478. 
 3478. 3478. 2893.   30.   30.   30. 2893. 3478. 3478. 3478. 2893. 2893.
 3478. 2893. 2893.   30.   30.   30.   30. 2893. 3478. 3478. 3478. 2893.
   30.   30. 
   30.   30.   30. 2893. 3478. 3478. 3478. 2893.   30.   30.   30.   30.
   30.   30.   30.   30.   30.   30.   30.   30.   30.   30.   30.   30.
   30.   30. 
   30.   30.   30.   30.   30.   30.   30.   30.   30.   30. 2893. 3478.
 3478. 3478. 2893. 2893.   30.   30. 2893. 2893. 3478. 3478. 2893. 2893.
 3478. 3478. 
 2893.   30.   30.   30. 2893. 3478. 3478. 3478. 2893.   30.   30.   30.
   30.   30.   30. 2893. 2893. 3478. 3478. 2893. 2893.   30.   30.   30.
   30.   30. 
   30.   30.   30.   30.   30.   30.   30.   30.   30.   30.   30.   30.
   30.   30.   30.   30.   30.   30.   30.   30.   30.   30.   30. 2893.
 3478. 3478. 
 3478. 2893.   30.   30. 2893. 2893. 3478. 3478. 3478. 2893. 3478. 3478.
 2893.   30. 2893. 2893. 2893. 3478. 3478. 2893. 2893.   30.   30.   30.
   30.   30. 
   30.   30. 2893. 3478. 3478. 3478. 2893.   30.   30.   30.   30.   30.
   30.   30.   30.   30.   30.   30.   30.   30.   30.   30.   30.   30.
   30.   30. 
   30.   30.   30.   30.   30.   30.   30.   30.   30. 2893. 3478. 3478.
 3478. 2893.   30.   30. 2893. 2893. 3478. 3478. 3478. 2893. 3478. 3478.
 2893. 2893. 
 2893. 3478. 2893. 3478. 3478. 2893.   30.   30.   30.   30.   30.   30.
   30.   30. 2893. 2893. 3478. 3478. 3478. 2893.   30.   30.   30.   30.
   30.   30. 
   30.   30.   30.   30.   30.   30.   30.   30.   30.   30.   30.   30.
   30.   30.   30.   30.   30.   30.   30.   30.   30. 2893. 3478. 3478.
 3478. 3478. 
 2893. 2893. 2893. 3478. 3478. 3478. 3478. 2893. 3478. 2893. 2893. 3478.
 3478. 3478. 2893. 3478. 3478. 2893.   30.   30.   30.   30.   30.   30.
   30.   30. 
   30. 2893. 3478. 3478. 3478. 2893. 2893.   30.   30.   30.   30.   30.
   30.   30.   30.   30.   30.   30.   30.   30.   30.   30.   30.   30.
   30.   30. 
   30.   30.   30.   30.   30. 2893. 2893. 2893. 3478. 3478. 3478. 2893.
 2893. 2893. 3478. 3478. 3478. 3478. 2893. 2893. 3478. 2893. 2893. 3478.
 3478. 3478. 
 2893. 3478. 3478. 3478. 2893.   30.   30.   30.   30.   30.   30.   30.
   30.   30. 2893. 3478. 3478. 3478. 2893.   30.   30.   30.   30.   30.
   30.   30. 
   30.   30.   30.   30.   30.   30.   30.   30.   30.   30.   30.   30.
   30.   30.   30. 2893. 2893. 2893. 3478. 3478. 3478. 3478. 3478. 2893.
 3478. 3478. 
 3478. 3478. 3478. 2893. 2893. 3478. 2893. 2893. 3478. 3478. 3478. 2893.
 2893. 3478. 3478. 3478. 2893.   30.   30.   30.   30.   30.   30.   30.
   30.   30. 
 2893. 3478. 3478. 3478. 2893.   30.   30.   30.   30.   30.   30.   30.
   30.   30.   30.   30.   30.   30.   30.   30.   30.   30.   30.   30.
   30.   30. 
 2893. 2893. 3478. 3478. 3478. 3478. 3478. 3478. 2893. 2893. 3478. 3478.
 3478. 3478. 3478. 2893. 3478. 3478. 2893. 2893. 3478. 3478. 3478. 2893.
 2893. 3478. 
 3478. 3478. 2893.   30.   30.   30.   30.   30.   30.   30.   30. 2893.
 2893. 3478. 3478. 3478. 2893.   30.   30.   30.   30.   30.   30.   30.
   30.   30. 
   30.   30.   30.   30.   30.   30.   30.   30.   30.   30.   30. 2893.
 2893. 3478. 3478. 3478. 3478. 3478. 3478. 2893. 2893. 3478. 3478. 3478.
 2893. 2893. 
 2893. 2893. 3478. 2893.   30. 2893. 3478. 3478. 3478. 2893.   30. 2893.
 3478. 3478. 2893.   30.   30.   30.   30.   30.   30.   30. 2893. 2893.
 3478. 3478. 
 3478. 3478. 2893.   30.   30.   30.   30.   30.   30.   30.   30.   30.
   30.   30.   30.   30.   30.   30.   30.   30.   30.   30.   30. 2893.
 3478. 3478. 
 3478. 3478. 2893. 2893. 2893. 3478. 3478. 3478. 3478. 2893. 2893. 2893.
 3478. 3478. 2893.   30.   30. 2893. 3478. 3478. 3478. 2893.   30. 2893.
 3478. 3478. 
 3478. 2893.   30.   30.   30.   30.   30. 2893. 3478. 3478. 3478. 3478.
 3478. 2893. 2893.   30.   30.   30.   30.   30.   30.   30.   30.   30.
   30.   30. 
   30.   30.   30.   30.   30.   30.   30.   30. 2893. 2893. 3478. 3478.
 3478. 2893. 2893. 2893. 3478. 3478. 3478. 3478. 2893. 2893. 3478. 3478.
 2893. 2893. 
   30.   30.   30. 2893. 2893. 3478. 3478. 3478.   30. 2893. 3478. 3478.
 3478. 2893.   30.   30.   30.   30. 2893. 2893. 3478. 3478. 3478. 3478.
 2893. 2893. 
   30.   30.   30.   30.   30.   30.   30.   30.   30.   30.   30.   30.
   30.   30.   30.   30.   30.   30.   30.   30. 2893. 3478. 3478. 3478.
 2893. 2893. 
   30. 2893. 3478. 3478. 3478. 2893. 2893. 3478. 3478. 2893. 2893.   30.
   30.   30.   30.   30. 2893. 3478. 3478. 3478.   30.   30. 2893. 3478.
 3478. 3478. 
 2893.   30.   30.   30. 2893. 3478. 3478. 3478. 3478. 2893. 2893.   30.
   30.   30.   30.   30.   30.   30.   30.   30.   30.   30.   30.   30.
   30.   30. 
   30.   30.   30.   30.   30.   30. 2893. 2893. 3478. 3478. 3478. 2893.
   30. 2893. 3478. 3478. 3478. 2893. 2893. 3478. 2893. 2893.   30.   30.
   30.   30. 
   30.   30. 2893. 2893. 3478. 3478.   30.   30. 2893. 3478. 3478. 3478.
 2893.   30.   30. 2893. 3478. 3478. 3478. 3478. 2893. 2893.   30.   30.
   30.   30. 
   30.   30.   30.   30.   30.   30.   30.   30.   30.   30.   30.   30.
   30.   30.   30.   30.   30.   30.   30. 2893. 3478. 3478. 3478. 2893.
 2893. 2893. 
 3478. 3478. 3478. 2893. 3478. 3478. 2893.   30.   30.   30.   30.   30.
   30.   30.   30. 2893. 3478. 3478.   30.   30. 2893. 3478. 3478. 3478.
 2893.   30. 
 2893. 3478. 3478. 3478. 3478. 2893.   30.   30.   30.   30.   30.   30.
   30.   30.   30.   30.   30.   30.   30.   30.   30.   30.   30.   30.
   30.   30. 
   30.   30.   30.   30.   30. 2893. 3478. 3478. 3478. 3478. 2893. 2893.
 3478. 3478. 2893. 2893. 3478. 3478. 2893.   30.   30.   30.   30.   30.
   30.   30. 
   30. 2893. 2893. 3478.   30.   30. 2893. 3478. 3478. 3478. 2893.   30.
 2893. 3478. 3478. 3478. 3478. 2893.   30.   30.   30.   30.   30.   30.
   30.   30. 
   30.   30.   30.   30.   30.   30.   30.   30.   30.   30.   30.   30.
   30.   30.   30.   30.   30.   30. 2893. 3478. 3478. 3478. 3478. 2893.
 3478. 3478. 
 2893. 2893. 3478. 3478. 2893.   30.   30.   30.   30.   30.   30.   30.
   30.   30. 2893. 3478.   30. 2893. 3478. 3478. 3478. 3478. 2893. 2893.
 2893. 3478. 
 3478. 3478. 2893.   30.   30.   30.   30.   30.   30.   30.   30.   30.
   30.   30.   30.   30.   30.   30.   30.   30.   30.   30.   30.   30.
   30.   30. 
   30.   30.   30.   30. 2893. 2893. 3478. 3478. 3478. 3478. 2893. 3478.
 2893. 2893. 3478. 3478. 2893.   30.   30.   30.   30.   30.   30.   30.
   30.   30. 
 2893. 2893. 2893. 2893. 3478. 3478. 3478. 2893. 2893. 2893. 2893. 3478.
 3478. 3478. 2893.   30.   30.   30.   30.   30.   30.   30.   30.   30.
   30.   30. 
   30.   30.   30.   30.   30.   30.   30.   30.   30.   30.   30.   30.
   30.   30.   30.   30.   30. 2893. 2893. 3478. 3478. 3478. 2893. 3478.
 2893. 2893. 
 3478. 3478. 2893. 2893.   30.   30.   30.   30.   30.   30.   30.   30.
 2893. 3478. 
/