PERMI
 32. 32. 32. 32. 32. 32. 32. 32. 32. 32. 32. 32. 32. 32. 32. 32. 32. 32.
 32. 32. 32. 32. 32. 32. 32. 32. 
   32.   32.   32.   32.   32.   32.   32.   32.   32.   32.   32. 1227.
 1227. 1227. 1768. 1768. 1768. 1227. 1227. 1227. 1227. 1768. 1768. 1768.
 1227. 1227. 
 1227.   32.   32.   32.   32.   32.   32.   32.   32.   32.   32.   32.
   32.   32.   32.   32.   32.   32.   32.   32.   32.   32.   32.   32.
   32.   32. 
   32.   32.   32.   32.   32.   32.   32.   32.   32.   32.   32.   32.
   32.   32.   32.   32.   32.   32.   32.   32.   32.   32. 1227. 1227.
 1227. 1768. 
 1768. 1768. 1227. 1227. 1227. 1227. 1227. 1768. 1768. 1768. 1227. 1227.
   32.   32.   32.   32.   32.   32.   32.   32.   32.   32.   32.   32.
   32.   32. 
 32. 32. 32. 32. 32. 32. 32. 32. 32. 32. 32. 32. 32. 32. 32. 32. 32. 32.
 32. 32. 32. 32. 32. 32. 32. 32. 
   32.   32.   32.   32.   32.   32.   32. 1227. 1227. 1227. 1768. 1768.
 1768. 1768. 1227. 1227.   32. 1227. 1227. 1768. 1768. 1768. 1227. 1227.
   32.   32. 
 32. 32. 32. 32. 32. 32. 32. 32. 32. 32. 32. 32. 32. 32. 32. 32. 32. 32.
 32. 32. 32. 32. 32. 32. 32. 32. 
   32.   32.   32.   32.   32.   32.   32.   32.   32.   32.   32.   32.
   32.   32.   32.   32.   32.   32. 1227. 1227. 1227. 1768. 1768. 1768.
 1768. 1227. 
 1227.   32.   32.   32. 1227. 1768. 1768. 1768. 1768. 1227. 1227. 1227.
   32.   32.   32.   32.   32.   32.   32.   32.   32.   32.   32.   32.
   32.   32. 
 32. 32. 32. 32. 32. 32. 32. 32. 32. 32. 32. 32. 32. 32. 32. 32. 32. 32.
 32. 32. 32. 32. 32. 32. 32. 32. 
   32.   32.   32.   32. 1227. 1227. 1768. 1768. 1768. 1227. 1227. 1227.
   32.   32.   32.   32. 1227. 1227. 1768. 1768. 1768. 1768. 1227. 1227.
 1227.   32. 
 32. 32. 32. 32. 32. 32. 32. 32. 32. 32. 32. 32. 32. 32. 32. 32. 32. 32.
 32. 32. 32. 32. 32. 32. 32. 32. 
   32.   32.   32.   32.   32.   32.   32.   32.   32.   32.   32.   32.
   32.   32.   32. 1227. 1227. 1227. 1768. 1768. 1227. 1227. 1227.   32.
   32.   32. 
   32.   32.   32. 1227. 1227. 1768. 1768. 1768. 1768. 1768. 1227. 1227.
   32.   32.   32.   32.   32.   32.   32.   32.   32.   32.   32.   32.
   32.   32. 
 32. 32. 32. 32. 32. 32. 32. 32. 32. 32. 32. 32. 32. 32. 32. 32. 32. 32.
 32. 32. 32. 32. 32. 32. 32. 32. 
   32. 1227. 1227. 1768. 1768. 1768. 1227. 1227.   32.   32.   32.   32.
   32.   32.   32.   32. 1227. 1227. 1768. 1768. 1768. 1768. 1768. 1227.
 1227.   32. 
 32. 32. 32. 32. 32. 32. 32. 32. 32. 32. 32. 32. 32. 32. 32. 32. 32. 32.
 32. 32. 32. 32. 32. 32. 32. 32. 
   32.   32.   32.   32.   32.   32.   32.   32.   32.   32.   32.   32.
   32. 1227. 1227. 1768. 1768. 1768. 1227. 1227. 1227.   32.   32.   32.
   32.   32. 
   32.   32.   32. 1227. 1227. 1227. 1768. 1768. 1768. 1227. 1227.   32.
   32.   32.   32.   32.   32.   32.   32.   32.   32.   32.   32.   32.
   32.   32. 
   32.   32.   32.   32.   32.   32.   32.   32.   32.   32.   32.   32.
   32.   32.   32.   32.   32.   32.   32.   32.   32.   32.   32.   32.
   32. 1227. 
 1227. 1768. 1768. 1768. 1227. 1227. 1227. 1227.   32.   32.   32.   32.
   32.   32.   32.   32.   32. 1227. 1227. 1768. 1768. 1227. 1227.   32.
   32.   32. 
 32. 32. 32. 32. 32. 32. 32. 32. 32. 32. 32. 32. 32. 32. 32. 32. 32. 32.
 32. 32. 32. 32. 32. 32. 32. 32. 
   32.   32.   32.   32.   32.   32.   32.   32.   32.   32.   32. 1227.
 1227. 1227. 1768. 1768. 1768. 1768. 1227. 1227. 1227.   32.   32.   32.
   32.   32. 
   32. 1227. 1227. 1227. 1768. 1768. 1768. 1227. 1227.   32.   32.   32.
   32.   32.   32.   32.   32.   32.   32.   32.   32.   32.   32.   32.
   32.   32. 
   32.   32.   32.   32.   32.   32.   32.   32.   32.   32.   32.   32.
   32.   32.   32.   32.   32.   32.   32.   32.   32.   32.   32.   32.
 1227. 1227. 
 1227. 1768. 1768. 1768. 1227. 1227. 1227. 1227. 1227.   32.   32.   32.
 1227. 1227. 1227. 1768. 1768. 1768. 1768. 1227. 1227.   32.   32.   32.
   32.   32. 
 32. 32. 32. 32. 32. 32. 32. 32. 32. 32. 32. 32. 32. 32. 32. 32. 32. 32.
 32. 32. 32. 32. 32. 32. 32. 32. 
   32.   32.   32.   32.   32.   32.   32.   32.   32.   32. 1227. 1227.
 1227. 1227. 1768. 1768. 1768. 1768. 1227. 1227. 1227. 1227.   32. 1227.
 1227. 1768. 
 1768. 1768. 1768. 1768. 1227. 1227.   32.   32.   32.   32.   32.   32.
   32.   32.   32.   32.   32.   32.   32.   32.   32.   32.   32.   32.
   32.   32. 
   32.   32.   32.   32.   32.   32.   32.   32.   32.   32.   32.   32.
   32.   32.   32.   32.   32.   32.   32.   32.   32.   32.   32.   32.
 1227. 1227. 
 1227. 1768. 1768. 1768. 1768. 1768. 1227. 1227. 1227. 1227. 1768. 1768.
 1768. 1768. 1768. 1227. 1227.   32.   32.   32.   32.   32.   32.   32.
   32.   32. 
 32. 32. 32. 32. 32. 32. 32. 32. 32. 32. 32. 32. 32. 32. 32. 32. 32. 32.
 32. 32. 32. 32. 32. 32. 32. 32. 
   32.   32.   32.   32.   32.   32.   32.   32.   32.   32.   32. 1227.
 1227. 1227. 1227. 1768. 1768. 1768. 1768. 1227. 1227. 1227. 1768. 1768.
 1768. 1768. 
 1227. 1227.   32.   32.   32.   32.   32.   32.   32.   32.   32.   32.
   32.   32.   32.   32.   32.   32.   32.   32.   32.   32.   32.   32.
   32.   32. 
   32.   32.   32.   32.   32.   32.   32.   32.   32.   32.   32.   32.
   32.   32.   32.   32.   32.   32.   32.   32.   32.   32.   32.   32.
 1227. 1227. 
 1227. 1227. 1227. 1768. 1768. 1768. 1227. 1227. 1227. 1768. 1227. 1227.
 1227.   32.   32.   32.   32.   32.   32.   32.   32.   32.   32.   32.
   32.   32. 
 32. 32. 32. 32. 32. 32. 32. 32. 32. 32. 32. 32. 32. 32. 32. 32. 32. 32.
 32. 32. 32. 32. 32. 32. 32. 32. 
   32.   32.   32.   32.   32.   32.   32.   32.   32.   32.   32.   32.
 1227. 1227. 1227. 1227. 1768. 1768. 1768. 1227. 1227. 1227. 1227. 1227.
 1227.   32. 
 32. 32. 32. 32. 32. 32. 32. 32. 32. 32. 32. 32. 32. 32. 32. 32. 32. 32.
 32. 32. 32. 32. 32. 32. 32. 32. 
 32. 32. 32. 32. 32. 32. 32. 32. 32. 32. 32. 32. 32. 32. 32. 32. 32. 32.
 32. 32. 32. 32. 32. 32. 32. 32. 
 1227. 1227. 1768. 1768. 1768. 1227. 1227. 1768. 1768. 1227. 1227. 1227.
 1227. 1227. 1227. 1227.   32.   32.   32.   32.   32.   32.   32.   32.
   32.   32. 
 32. 32. 32. 32. 32. 32. 32. 32. 32. 32. 32. 32. 32. 32. 32. 32. 32. 32.
 32. 32. 32. 32. 32. 32. 32. 32. 
   32.   32.   32.   32.   32.   32.   32.   32.   32.   32.   32.   32.
 1227. 1227. 1768. 1768. 1768. 1227. 1227. 1768. 1768. 1768. 1768. 1768.
 1768. 1227. 
 1227. 1227. 1227. 1227.   32.   32.   32.   32.   32.   32.   32.   32.
   32.   32.   32.   32.   32.   32.   32.   32.   32.   32.   32.   32.
   32.   32. 
   32.   32.   32.   32.   32.   32.   32.   32.   32.   32.   32.   32.
   32.   32.   32.   32.   32.   32.   32.   32.   32.   32.   32.   32.
 1227. 1227. 
 1768. 1768. 1768. 1227. 1227. 1768. 1768. 1768. 1768. 1768. 1768. 1768.
 1768. 1768. 1227. 1227. 1227.   32.   32.   32.   32.   32.   32.   32.
   32.   32. 
 32. 32. 32. 32. 32. 32. 32. 32. 32. 32. 32. 32. 32. 32. 32. 32. 32. 32.
 32. 32. 32. 32. 32. 32. 32. 32. 
   32.   32.   32.   32.   32.   32.   32.   32.   32. 1227. 1227. 1768.
 1768. 1768. 1227. 1227. 1227. 1227. 1227. 1768. 1768. 1768. 1768. 1768.
 1768. 1768. 
 1768. 1227. 1227. 1227.   32.   32.   32.   32.   32.   32.   32.   32.
   32.   32.   32.   32.   32.   32.   32.   32.   32.   32.   32.   32.
   32.   32. 
   32.   32.   32.   32.   32.   32.   32.   32.   32.   32.   32.   32.
   32.   32.   32.   32.   32.   32.   32.   32. 1227. 1227. 1768. 1768.
 1768. 1768. 
 1227. 1227.   32. 1227. 1227. 1227. 1227. 1227. 1227. 1768. 1768. 1768.
 1768. 1768. 1227. 1227.   32.   32.   32.   32.   32.   32.   32.   32.
   32.   32. 
 32. 32. 32. 32. 32. 32. 32. 32. 32. 32. 32. 32. 32. 32. 32. 32. 32. 32.
 32. 32. 32. 32. 32. 32. 32. 32. 
   32.   32.   32.   32.   32. 1227. 1227. 1768. 1768. 1768. 1768. 1227.
 1227.   32.   32.   32.   32.   32. 1227. 1227. 1227. 1227. 1227. 1768.
 1768. 1768. 
 1227. 1227.   32.   32.   32.   32.   32.   32.   32.   32.   32.   32.
   32.   32.   32.   32.   32.   32.   32.   32.   32.   32.   32.   32.
   32.   32. 
   32.   32.   32.   32.   32.   32.   32.   32.   32.   32.   32.   32.
   32.   32.   32.   32.   32. 1227. 1768. 1768. 1768. 1768. 1227. 1227.
   32.   32. 
   32.   32.   32.   32.   32.   32.   32. 1227. 1227. 1227. 1768. 1768.
 1227. 1227.   32.   32.   32.   32.   32.   32.   32.   32.   32.   32.
   32.   32. 
 32. 32. 32. 32. 32. 32. 32. 32. 32. 32. 32. 32. 32. 32. 32. 32. 32. 32.
 32. 32. 32. 32. 32. 32. 32. 32. 
   32.   32. 1227. 1227. 1768. 1768. 1768. 1227. 1227. 1227.   32.   32.
   32.   32.   32.   32.   32.   32.   32.   32. 1227. 1227. 1768. 1768.
 1227. 1227. 
 32. 32. 32. 32. 32. 32. 32. 32. 32. 32. 32. 32. 32. 32. 32. 32. 32. 32.
 32. 32. 32. 32. 32. 32. 32. 32. 
   32.   32.   32.   32.   32.   32.   32.   32.   32.   32.   32.   32.
   32.   32. 1227. 1768. 1768. 1768. 1227. 1227.   32.   32.   32.   32.
   32.   32. 
   32.   32.   32.   32.   32. 1227. 1227. 1768. 1768. 1768. 1227. 1227.
   32.   32.   32.   32.   32.   32.   32.   32.   32.   32.   32.   32.
   32.   32. 
   32.   32.   32.   32.   32.   32.   32.   32.   32.   32.   32.   32.
   32.   32.   32.   32.   32.   32.   32.   32.   32.   32.   32.   32.
   32. 1227. 
 1227. 1768. 1768. 1768. 1227.   32.   32.   32.   32.   32.   32.   32.
   32.   32.   32.   32.   32. 1227. 1227. 1768. 1768. 1768. 1227. 1227.
   32.   32. 
 32. 32. 32. 32. 32. 32. 32. 32. 32. 32. 32. 32. 32. 32. 32. 32. 32. 32.
 32. 32. 32. 32. 32. 32. 32. 32. 
   32.   32.   32.   32.   32.   32.   32.   32.   32.   32.   32. 1227.
 1227. 1768. 1768. 1227. 1227. 1227.   32.   32.   32.   32.   32.   32.
   32.   32. 
   32.   32.   32. 1227. 1227. 1768. 1768. 1227. 1227.   32.   32.   32.
   32.   32.   32.   32.   32.   32.   32.   32.   32.   32.   32.   32.
   32.   32. 
   32.   32.   32.   32.   32.   32.   32.   32.   32.   32.   32.   32.
   32.   32.   32.   32.   32.   32.   32.   32.   32.   32.   32. 1227.
 1227. 1768. 
 1768. 1768. 1227. 1227.   32.   32.   32.   32.   32.   32.   32.   32.
   32.   32. 1227. 1227. 1768. 1768. 1768. 1227. 1227.   32.   32.   32.
   32.   32. 
 32. 32. 32. 32. 32. 32. 32. 32. 32. 32. 32. 32. 32. 32. 32. 32. 32. 32.
 32. 32. 32. 32. 32. 32. 32. 32. 
   32.   32.   32.   32.   32.   32.   32.   32.   32.   32. 1227. 1768.
 1768. 1768. 1768. 1227. 1227.   32.   32.   32.   32.   32.   32.   32.
   32.   32. 
 1227. 1227. 1768. 1768. 1768. 1227. 1227.   32.   32.   32.   32.   32.
   32.   32.   32.   32.   32.   32.   32.   32.   32.   32.   32.   32.
   32.   32. 
   32.   32.   32.   32.   32.   32.   32.   32.   32.   32.   32.   32.
   32.   32.   32.   32.   32.   32.   32.   32.   32.   32. 1227. 1227.
 1768. 1768. 
 1768. 1227. 1227.   32.   32.   32.   32.   32.   32.   32.   32.   32.
 1227. 1227. 1768. 1768. 1768. 1227. 1227.   32.   32.   32.   32.   32.
   32.   32. 
 32. 32. 32. 32. 32. 32. 32. 32. 32. 32. 32. 32. 32. 32. 32. 32. 32. 32.
 32. 32. 32. 32. 32. 32. 32. 32. 
   32.   32.   32.   32.   32.   32.   32.   32.   32. 1227. 1227. 1768.
 1768. 1768. 1227. 1227. 1227.   32.   32.   32.   32.   32.   32.   32.
 1227. 1227. 
 1768. 1768. 1768. 1227. 1227. 1227. 1227. 1227.   32.   32.   32.   32.
   32.   32.   32.   32.   32.   32.   32.   32.   32.   32.   32.   32.
   32.   32. 
   32.   32.   32.   32.   32.   32.   32.   32.   32.   32.   32.   32.
   32.   32.   32.   32.   32.   32.   32.   32.   32.   32. 1227. 1227.
 1768. 1768. 
 1768. 1227. 1227.   32.   32.   32.   32.   32.   32.   32. 1227. 1227.
 1768. 1768. 1768. 1227. 1768. 1768. 1227. 1227.   32.   32.   32.   32.
   32.   32. 
 32. 32. 32. 32. 32. 32. 32. 32. 32. 32. 32. 32. 32. 32. 32. 32. 32. 32.
 32. 32. 32. 32. 32. 32. 32. 32. 
   32.   32.   32.   32.   32.   32.   32.   32. 1227. 1227. 1227. 1768.
 1768. 1768. 1227. 1227.   32.   32.   32.   32.   32.   32.   32. 1227.
 1227. 1768. 
 1768. 1768. 1768. 1768. 1768. 1768.   32.   32.   32.   32.   32.   32.
   32.   32.   32.   32.   32.   32.   32.   32.   32.   32.   32.   32.
   32.   32. 
   32.   32.   32.   32.   32.   32.   32.   32.   32.   32.   32.   32.
   32.   32.   32.   32.   32.   32.   32.   32.   32. 1227. 1227. 1227.
 1768. 1768. 
 1227. 1227.   32.   32.   32.   32.   32.   32.   32. 1227. 1227. 1768.
 1768. 1768. 1768. 1768. 1768. 1768.   32.   32.   32.   32.   32.   32.
   32.   32. 
 32. 32. 32. 32. 32. 32. 32. 32. 32. 32. 32. 32. 32. 32. 32. 32. 32. 32.
 32. 32. 32. 32. 32. 32. 32. 32. 
   32.   32.   32.   32.   32.   32.   32.   32. 1227. 1227. 1768. 1768.
 1768. 1227.   32.   32.   32.   32.   32.   32.   32. 1227. 1227. 1227.
 1227. 1768. 
 1768. 1768. 1768. 1768.   32.   32.   32.   32.   32.   32.   32.   32.
   32.   32.   32.   32.   32.   32.   32.   32.   32.   32.   32.   32.
   32.   32. 
   32.   32.   32.   32.   32.   32.   32.   32.   32.   32.   32.   32.
   32.   32.   32.   32.   32.   32.   32.   32.   32. 1227. 1227. 1768.
 1768. 1227. 
 1227.   32.   32.   32.   32.   32.   32.   32.   32. 1227. 1227. 1227.
 1227. 1227. 1227. 1227.   32.   32.   32.   32.   32.   32.   32.   32.
   32.   32. 
 32. 32. 32. 32. 32. 32. 32. 32. 32. 32. 32. 32. 32. 32. 32. 32. 32. 32.
 32. 32. 32. 32. 32. 32. 32. 32. 
   32.   32.   32.   32.   32.   32.   32. 1227. 1227. 1768. 1768. 1227.
 1227.   32.   32.   32.   32.   32.   32.   32.   32.   32.   32. 1227.
 1227.   32. 
   32. 1227.   32.   32.   32.   32.   32.   32.   32.   32.   32.   32.
   32.   32.   32.   32.   32.   32.   32.   32.   32.   32.   32.   32.
   32.   32. 
   32.   32.   32.   32.   32.   32.   32.   32.   32.   32.   32.   32.
   32.   32.   32.   32.   32.   32. 1227. 1227. 1227. 1768. 1768. 1227.
 1227.   32. 
 32. 32. 32. 32. 32. 32. 32. 32. 32. 32. 32. 32. 32. 32. 32. 32. 32. 32.
 32. 32. 32. 32. 32. 32. 32. 32. 
 32. 32. 32. 32. 32. 32. 32. 32. 32. 32. 32. 32. 32. 32. 32. 32. 32. 32.
 32. 32. 32. 32. 32. 32. 32. 32. 
   32.   32.   32.   32. 1227. 1227. 1768. 1768. 1768. 1227. 1227.   32.
   32.   32.   32.   32.   32.   32.   32.   32.   32.   32.   32.   32.
   32.   32. 
 32. 32. 32. 32. 32. 32. 32. 32. 32. 32. 32. 32. 32. 32. 32. 32. 32. 32.
 32. 32. 32. 32. 32. 32. 32. 32. 
   32.   32.   32.   32.   32.   32.   32.   32.   32.   32.   32.   32.
   32.   32.   32. 1227. 1227. 1768. 1768. 1768. 1227. 1227.   32.   32.
   32.   32. 
 32. 32. 32. 32. 32. 32. 32. 32. 32. 32. 32. 32. 32. 32. 32. 32. 32. 32.
 32. 32. 32. 32. 32. 32. 32. 32. 
 32. 32. 32. 32. 32. 32. 32. 32. 32. 32. 32. 32. 32. 32. 32. 32. 32. 32.
 32. 32. 32. 32. 32. 32. 32. 32. 
   32. 1227. 1227. 1768. 1768. 1227. 1227. 1227.   32.   32.   32.   32.
   32.   32.   32.   32.   32.   32.   32.   32.   32.   32.   32. 1227.
   32.   32. 
 32. 32. 32. 32. 32. 32. 32. 32. 32. 32. 32. 32. 32. 32. 32. 32. 32. 32.
 32. 32. 32. 32. 32. 32. 32. 32. 
   32.   32.   32.   32.   32.   32.   32.   32.   32.   32.   32.   32.
 1227. 1227. 1768. 1768. 1768. 1227. 1227.   32.   32.   32.   32.   32.
   32.   32. 
   32.   32.   32.   32.   32.   32.   32.   32. 1227. 1227.   32.   32.
   32.   32.   32.   32.   32.   32.   32.   32.   32.   32.   32.   32.
   32.   32. 
   32.   32.   32.   32.   32.   32.   32.   32.   32.   32.   32.   32.
   32.   32.   32.   32.   32.   32.   32.   32.   32.   32.   32. 1227.
 1227. 1227. 
 1768. 1768. 1768. 1227. 1227.   32.   32.   32.   32.   32.   32.   32.
   32.   32.   32.   32.   32.   32.   32.   32. 1227. 1227.   32.   32.
   32.   32. 
 32. 32. 32. 32. 32. 32. 32. 32. 32. 32. 32. 32. 32. 32. 32. 32. 32. 32.
 32. 32. 32. 32. 32. 32. 32. 32. 
   32.   32.   32.   32.   32.   32.   32.   32.   32. 1227. 1227. 1768.
 1768. 1768. 1227. 1227.   32.   32.   32.   32.   32.   32.   32.   32.
   32.   32. 
   32.   32.   32.   32.   32. 1227. 1227. 1768.   32.   32.   32.   32.
   32.   32.   32.   32.   32.   32.   32.   32.   32.   32.   32.   32.
   32.   32. 
   32.   32.   32.   32.   32.   32.   32.   32.   32.   32.   32.   32.
   32.   32.   32.   32.   32.   32.   32.   32.   32. 1227. 1227. 1768.
 1768. 1768. 
 1227. 1227.   32.   32.   32.   32.   32.   32.   32.   32.   32.   32.
   32.   32.   32.   32.   32. 1227. 1227. 1768.   32.   32.   32.   32.
   32.   32. 
 32. 32. 32. 32. 32. 32. 32. 32. 32. 32. 32. 32. 32. 32. 32. 32. 32. 32.
 32. 32. 32. 32. 32. 32. 32. 32. 
   32.   32.   32.   32.   32.   32. 1227. 1227. 1768. 1768. 1768. 1227.
 1227.   32.   32.   32.   32.   32.   32.   32.   32.   32.   32.   32.
   32.   32. 
   32.   32.   32. 1227. 1227. 1768.   32.   32.   32.   32.   32.   32.
   32.   32.   32.   32.   32.   32.   32.   32.   32.   32.   32.   32.
   32.   32. 
   32.   32.   32.   32.   32.   32.   32.   32.   32.   32.   32.   32.
   32.   32.   32.   32.   32.   32. 1227. 1227. 1768. 1768. 1768. 1227.
 1227.   32. 
   32.   32.   32.   32.   32.   32.   32.   32.   32.   32.   32.   32.
   32.   32.   32. 1227. 1227. 1768.   32.   32.   32.   32.   32.   32.
   32.   32. 
 32. 32. 32. 32. 32. 32. 32. 32. 32. 32. 32. 32. 32. 32. 32. 32. 32. 32.
 32. 32. 32. 32. 32. 32. 32. 32. 
   32.   32.   32.   32. 1227. 1227. 1768. 1768. 1768. 1227. 1227. 1227.
   32.   32.   32.   32.   32.   32.   32.   32.   32.   32.   32.   32.
   32.   32. 
   32.   32. 1227. 1227.   32.   32.   32.   32.   32.   32.   32.   32.
   32.   32.   32.   32.   32.   32.   32.   32.   32.   32.   32.   32.
   32.   32. 
   32.   32.   32.   32.   32.   32.   32.   32.   32.   32.   32.   32.
   32.   32.   32.   32.   32. 1227. 1768. 1768. 1768. 1768. 1227. 1227.
 1227.   32. 
   32.   32.   32.   32.   32.   32.   32.   32.   32.   32.   32.   32.
   32.   32. 1227. 1227.   32.   32.   32.   32.   32.   32.   32.   32.
   32.   32. 
 32. 32. 32. 32. 32. 32. 32. 32. 32. 32. 32. 32. 32. 32. 32. 32. 32. 32.
 32. 32. 32. 32. 32. 32. 32. 32. 
   32.   32.   32. 1227. 1227. 1768. 1768. 1768. 1768. 1227. 1227. 1227.
   32.   32.   32.   32.   32.   32.   32.   32.   32.   32.   32.   32.
   32.   32. 
   32. 1227.   32.   32.   32.   32.   32.   32.   32.   32.   32.   32.
   32.   32.   32.   32.   32.   32.   32.   32.   32.   32.   32.   32.
   32.   32. 
   32.   32.   32.   32.   32.   32.   32.   32.   32.   32.   32.   32.
   32.   32.   32.   32. 1227. 1227. 1227. 1768. 1768. 1768. 1227. 1227.
 1227.   32. 
 32. 32. 32. 32. 32. 32. 32. 32. 32. 32. 32. 32. 32. 32. 32. 32. 32. 32.
 32. 32. 32. 32. 32. 32. 32. 32. 
 32. 32. 32. 32. 32. 32. 32. 32. 32. 32. 32. 32. 32. 32. 32. 32. 32. 32.
 32. 32. 32. 32. 32. 32. 32. 32. 
   32.   32.   32. 1227. 1227. 1227. 1768. 1768. 1768. 1227. 1227. 1227.
   32.   32.   32.   32.   32.   32.   32.   32.   32.   32.   32.   32.
   32.   32. 
 32. 32. 32. 32. 32. 32. 32. 32. 32. 32. 32. 32. 32. 32. 32. 32. 32. 32.
 32. 32. 32. 32. 32. 32. 32. 32. 
   32.   32.   32.   32.   32.   32.   32.   32.   32.   32.   32.   32.
   32.   32.   32.   32. 1227. 1227. 1227. 1768. 1768. 1768. 1768. 1227.
 1227.   32. 
 32. 32. 32. 32. 32. 32. 32. 32. 32. 32. 32. 32. 32. 32. 32. 32. 32. 32.
 32. 32. 32. 32. 32. 32. 32. 32. 
 32. 32. 32. 32. 32. 32. 32. 32. 32. 32. 32. 32. 32. 32. 32. 32. 32. 32.
 32. 32. 32. 32. 32. 32. 32. 32. 
   32.   32.   32.   32. 1227. 1227. 1768. 1768. 1768. 1768. 1227. 1227.
   32.   32.   32.   32.   32.   32.   32.   32.   32.   32.   32.   32.
   32.   32. 
 32. 32. 32. 32. 32. 32. 32. 32. 32. 32. 32. 32. 32. 32. 32. 32. 32. 32.
 32. 32. 32. 32. 32. 32. 32. 32. 
   32.   32.   32.   32.   32.   32.   32.   32.   32.   32.   32.   32.
   32.   32.   32.   32.   32. 1227. 1227. 1227. 1768. 1768. 1768. 1227.
 1227.   32. 
 32. 32. 32. 32. 32. 32. 32. 32. 32. 32. 32. 32. 32. 32. 32. 32. 32. 32.
 32. 32. 32. 32. 32. 32. 32. 32. 
 32. 32. 32. 32. 32. 32. 32. 32. 32. 32. 32. 32. 32. 32. 32. 32. 32. 32.
 32. 32. 32. 32. 32. 32. 32. 32. 
   32.   32.   32.   32. 1227. 1227. 1227. 1768. 1768. 1227. 1227.   32.
   32.   32.   32.   32.   32.   32.   32.   32.   32.   32. 1227. 1227.
 1227. 1227. 
 32. 32. 32. 32. 32. 32. 32. 32. 32. 32. 32. 32. 32. 32. 32. 32. 32. 32.
 32. 32. 32. 32. 32. 32. 32. 32. 
   32.   32.   32.   32.   32.   32.   32.   32.   32.   32.   32.   32.
   32.   32.   32.   32.   32. 1227. 1227. 1768. 1768. 1227. 1227.   32.
   32.   32. 
   32.   32.   32.   32.   32.   32.   32.   32. 1768. 1227. 1227. 1227.
 1227. 1227.   32.   32.   32.   32.   32.   32.   32.   32.   32.   32.
   32.   32. 
 32. 32. 32. 32. 32. 32. 32. 32. 32. 32. 32. 32. 32. 32. 32. 32. 32. 32.
 32. 32. 32. 32. 32. 32. 32. 32. 
   32.   32.   32. 1227. 1227. 1768. 1768. 1768. 1227.   32.   32.   32.
   32.   32.   32.   32.   32.   32.   32.   32. 1768. 1768. 1768. 1768.
 1768. 1227. 
 1227.   32.   32.   32.   32.   32.   32.   32.   32.   32.   32.   32.
   32.   32.   32.   32.   32.   32.   32.   32.   32.   32.   32.   32.
   32.   32. 
   32.   32.   32.   32.   32.   32.   32.   32.   32.   32.   32.   32.
   32.   32.   32. 1227. 1227. 1768. 1768. 1768. 1227.   32.   32.   32.
   32.   32. 
   32.   32.   32.   32.   32.   32. 1768. 1768. 1768. 1768. 1768. 1768.
 1227. 1227.   32.   32.   32.   32.   32.   32.   32.   32.   32.   32.
   32.   32. 
 32. 32. 32. 32. 32. 32. 32. 32. 32. 32. 32. 32. 32. 32. 32. 32. 32. 32.
 32. 32. 32. 32. 32. 32. 32. 32. 
   32. 1227. 1227. 1768. 1768. 1768. 1227.   32.   32.   32.   32.   32.
   32.   32.   32.   32.   32.   32. 1227. 1768. 1768. 1768. 1768. 1768.
 1768. 1227. 
 1227.   32.   32.   32.   32.   32.   32.   32.   32.   32.   32.   32.
   32.   32.   32.   32.   32.   32.   32.   32.   32.   32.   32.   32.
   32.   32. 
   32.   32.   32.   32.   32.   32.   32.   32.   32.   32.   32.   32.
   32. 1227. 1227. 1768. 1768. 1227. 1227.   32.   32.   32.   32.   32.
   32.   32. 
   32.   32.   32.   32. 1227. 1227. 1227. 1227. 1227. 1768. 1768. 1768.
 1227.   32.   32.   32.   32.   32.   32.   32.   32.   32.   32.   32.
   32.   32. 
 32. 32. 32. 32. 32. 32. 32. 32. 32. 32. 32. 32. 32. 32. 32. 32. 32. 32.
 32. 32. 32. 32. 32. 32. 32. 32. 
 1227. 1768. 1768. 1227. 1227.   32.   32.   32.   32.   32.   32.   32.
   32.   32.   32.   32.   32.   32.   32.   32. 1227. 1768. 1768. 1768.
 1227.   32. 
 32. 32. 32. 32. 32. 32. 32. 32. 32. 32. 32. 32. 32. 32. 32. 32. 32. 32.
 32. 32. 32. 32. 32. 32. 32. 32. 
   32.   32.   32.   32.   32.   32.   32.   32.   32.   32.   32.   32.
 1227. 1768. 1768. 1768. 1227.   32.   32.   32.   32.   32.   32.   32.
   32.   32. 
   32.   32.   32.   32.   32.   32. 1227. 1768. 1768. 1768. 1227.   32.
   32.   32.   32.   32.   32.   32.   32.   32.   32.   32.   32.   32.
   32.   32. 
   32.   32.   32.   32.   32.   32.   32.   32.   32.   32.   32.   32.
   32.   32.   32.   32.   32.   32.   32.   32.   32.   32.   32.   32.
 1227. 1227. 
 1768. 1768. 1227.   32.   32.   32.   32.   32.   32.   32.   32.   32.
   32.   32. 
/