PERMI
 8. 8. 8. 8. 8. 8. 8. 8. 8. 8. 8. 8. 8. 8. 8. 8. 8. 8. 8. 8. 8. 8. 8. 8.
 8. 8. 
    8.    8.    8.    8.    8.    8.    8.    8. 2154. 2154. 3553. 3553.
 3553. 2154. 2154. 2154. 2154. 3553. 3553. 2154. 2154. 2154. 2154. 3553.
 3553. 3553. 
 3553. 3553. 2154. 2154.    8.    8.    8.    8. 2154. 2154. 2154. 2154.
    8.    8.    8.    8.    8.    8.    8.    8.    8.    8.    8.    8.
    8.    8. 
    8.    8.    8.    8.    8.    8.    8.    8.    8.    8.    8.    8.
    8.    8.    8.    8.    8.    8.    8.    8. 2154. 2154. 2154. 2154.
 2154. 2154. 
 2154.    8. 2154. 3553. 3553. 2154. 2154. 3553. 3553. 3553. 3553. 3553.
 3553. 3553. 3553. 2154. 2154.    8.    8. 2154. 2154. 3553. 3553. 3553.
    8.    8. 
 8. 8. 8. 8. 8. 8. 8. 8. 8. 8. 8. 8. 8. 8. 8. 8. 8. 8. 8. 8. 8. 8. 8. 8.
 8. 8. 
    8.    8.    8.    8.    8.    8.    8. 2154. 2154. 2154. 2154.    8.
    8.    8. 2154. 3553. 3553. 2154. 2154. 3553. 3553. 3553. 2154. 2154.
 3553. 3553. 
 3553. 3553. 2154. 2154.    8. 2154. 3553. 3553. 3553. 3553.    8.    8.
    8.    8.    8.    8.    8.    8.    8.    8.    8.    8.    8.    8.
    8.    8. 
 8. 8. 8. 8. 8. 8. 8. 8. 8. 8. 8. 8. 8. 8. 8. 8. 8. 8. 8. 8. 8. 8. 8. 8.
 8. 8. 
 2154. 3553. 3553. 3553. 3553. 3553. 3553. 3553. 2154. 2154. 2154. 3553.
 3553. 3553. 3553. 2154. 2154. 2154. 3553. 3553. 3553. 2154.    8.    8.
    8.    8. 
 8. 8. 8. 8. 8. 8. 8. 8. 8. 8. 8. 8. 8. 8. 8. 8. 8. 8. 8. 8. 8. 8. 8. 8.
 8. 8. 
    8.    8.    8.    8.    8.    8.    8.    8.    8.    8.    8.    8.
 2154. 3553. 3553. 3553. 3553. 3553. 3553. 2154. 2154.    8. 2154. 2154.
 3553. 3553. 
 3553. 3553. 2154. 3553. 3553. 3553. 2154. 2154.    8.    8.    8.    8.
    8.    8.    8.    8.    8.    8.    8.    8.    8.    8.    8.    8.
    8.    8. 
    8.    8.    8.    8.    8.    8.    8.    8.    8.    8.    8.    8.
    8.    8.    8.    8.    8.    8.    8.    8.    8.    8.    8.    8.
 2154. 3553. 
 3553. 3553. 3553. 3553. 2154. 2154.    8.    8.    8. 2154. 2154. 3553.
 3553. 3553. 3553. 3553. 3553. 2154. 2154. 2154.    8.    8.    8.    8.
    8.    8. 
 8. 8. 8. 8. 8. 8. 8. 8. 8. 8. 8. 8. 8. 8. 8. 8. 8. 8. 8. 8. 8. 8. 8. 8.
 8. 8. 
    8.    8.    8.    8.    8.    8.    8.    8.    8.    8. 2154. 2154.
 2154. 2154. 2154. 2154. 2154.    8.    8.    8.    8.    8. 2154. 3553.
 3553. 3553. 
 3553. 3553. 3553. 2154. 2154. 2154.    8.    8.    8.    8.    8.    8.
    8.    8.    8.    8.    8.    8.    8.    8.    8.    8.    8.    8.
    8.    8. 
    8.    8.    8.    8.    8.    8.    8.    8.    8.    8.    8.    8.
    8.    8.    8.    8.    8.    8.    8.    8.    8.    8.    8.    8.
 2154.    8. 
 2154.    8.    8.    8.    8.    8.    8.    8. 2154. 2154. 3553. 3553.
 3553. 3553. 2154. 2154.    8. 2154.    8.    8.    8.    8.    8.    8.
    8.    8. 
 8. 8. 8. 8. 8. 8. 8. 8. 8. 8. 8. 8. 8. 8. 8. 8. 8. 8. 8. 8. 8. 8. 8. 8.
 8. 8. 
    8.    8.    8.    8.    8.    8.    8.    8.    8.    8.    8.    8.
    8.    8.    8.    8.    8.    8.    8.    8.    8. 2154. 2154. 2154.
 2154. 2154. 
 2154.    8.    8. 2154.    8.    8.    8.    8.    8.    8.    8.    8.
    8.    8.    8.    8.    8.    8.    8.    8.    8.    8.    8.    8.
    8.    8. 
 8. 8. 8. 8. 8. 8. 8. 8. 8. 8. 8. 8. 8. 8. 8. 8. 8. 8. 8. 8. 8. 8. 8. 8.
 8. 8. 
    8.    8.    8.    8.    8.    8. 2154. 2154. 2154. 2154. 2154. 2154.
    8.    8.    8. 2154.    8.    8.    8.    8.    8.    8.    8.    8.
    8.    8. 
 8. 8. 8. 8. 8. 8. 8. 8. 8. 8. 8. 8. 8. 8. 8. 8. 8. 8. 8. 8. 8. 8. 8. 8.
 8. 8. 
    8.    8.    8.    8.    8.    8.    8.    8.    8.    8. 2154. 2154.
 2154.    8.    8.    8.    8. 2154. 2154. 3553. 3553. 2154. 2154.    8.
    8.    8. 
    8.    8.    8.    8.    8.    8.    8.    8.    8.    8.    8.    8.
    8.    8.    8.    8. 2154. 2154. 2154.    8.    8.    8.    8.    8.
    8.    8. 
    8.    8.    8.    8.    8.    8.    8.    8.    8.    8.    8. 2154.
 2154. 2154.    8.    8.    8.    8.    8.    8. 2154. 2154. 2154. 3553.
 2154. 2154. 
    8.    8. 2154. 2154. 3553. 3553. 3553. 3553. 2154. 2154.    8.    8.
    8.    8.    8.    8. 2154. 2154. 2154.    8.    8.    8.    8.    8.
    8.    8. 
 2154. 2154. 3553. 3553. 2154. 2154. 2154.    8.    8.    8.    8.    8.
    8.    8.    8.    8.    8.    8.    8.    8.    8. 2154. 2154. 2154.
 2154. 2154. 
 2154. 2154.    8.    8.    8. 2154. 2154. 3553. 3553. 3553. 3553. 2154.
 2154.    8. 2154. 2154. 3553. 3553. 3553. 3553. 3553. 2154.    8.    8.
    8.    8. 
    8. 2154. 2154. 3553. 2154. 2154. 2154.    8.    8.    8.    8. 2154.
 2154. 3553. 3553. 3553. 3553. 3553. 2154.    8.    8.    8.    8.    8.
    8.    8. 
    8. 2154. 2154. 2154. 2154.    8. 2154. 2154. 3553. 3553. 3553. 3553.
 3553. 2154. 2154. 2154. 2154. 2154. 3553. 3553. 3553. 3553. 3553. 3553.
 2154. 2154. 
 2154. 3553. 3553. 3553. 2154. 3553. 3553. 2154.    8.    8.    8. 2154.
 2154. 2154. 3553. 3553. 3553. 2154. 2154.    8.    8.    8. 2154. 2154.
 3553. 3553. 
 3553. 3553. 3553. 3553. 3553. 2154.    8.    8.    8.    8.    8.    8.
 2154. 2154. 3553. 2154. 2154. 2154. 2154. 3553. 3553. 3553. 3553. 3553.
 3553. 3553. 
 2154. 2154. 2154. 2154. 3553. 3553. 3553. 2154. 3553. 3553. 3553. 2154.
 2154. 3553. 3553. 3553. 2154. 3553. 3553. 2154.    8. 2154. 2154. 2154.
 2154. 2154. 
 2154. 2154. 2154. 2154. 2154. 2154.    8.    8. 2154. 3553. 3553. 3553.
 3553. 2154. 3553. 3553. 3553. 2154.    8.    8. 2154. 2154. 2154. 2154.
 2154. 3553. 
 3553. 3553. 3553. 2154. 2154. 3553. 3553. 3553. 2154. 2154. 3553. 3553.
 3553. 2154. 2154. 3553. 3553. 3553. 2154. 2154. 2154. 3553. 3553. 3553.
 2154. 3553. 
 3553. 3553. 2154. 3553. 3553. 2154. 2154. 2154. 3553. 3553. 2154. 2154.
 3553. 3553. 3553. 3553. 3553. 3553. 2154. 2154. 2154. 2154. 2154. 2154.
 2154. 2154. 
 3553. 3553. 3553. 2154. 2154. 2154. 2154. 3553. 3553. 3553. 2154. 2154.
 3553. 3553. 3553. 2154. 2154. 3553. 3553. 2154. 2154. 2154. 3553. 3553.
 3553. 3553. 
 2154. 3553. 3553. 3553. 2154. 2154. 2154. 3553. 3553. 3553. 3553. 3553.
 3553. 2154. 2154. 3553. 3553. 2154. 2154. 3553. 3553. 3553. 3553. 3553.
 3553. 3553. 
 3553. 3553. 3553. 3553. 2154. 2154. 2154. 3553. 3553. 3553. 2154. 2154.
 2154. 3553. 3553. 3553. 2154. 2154. 3553. 3553. 3553. 3553. 3553. 2154.
 2154. 2154. 
 3553. 2154. 3553. 3553. 3553. 2154. 3553. 2154. 2154. 3553. 3553. 3553.
 3553. 3553. 3553. 2154. 2154. 3553. 2154. 2154. 3553. 3553. 3553. 3553.
 3553. 2154. 
 2154. 3553. 3553. 3553. 3553. 3553. 3553. 3553. 3553. 3553. 3553. 3553.
 3553. 2154. 3553. 3553. 2154. 2154. 3553. 3553. 3553. 3553. 3553. 3553.
 2154. 2154. 
 3553. 2154. 2154. 3553. 3553. 3553. 3553. 3553. 3553. 3553. 3553. 2154.
 2154. 2154. 3553. 3553. 2154. 2154. 3553. 3553. 2154. 2154. 3553. 3553.
 3553. 3553. 
 3553. 2154. 3553. 3553. 3553. 2154. 2154. 3553. 3553. 3553. 2154. 2154.
 2154. 3553. 3553. 3553. 3553. 3553. 3553. 2154. 3553. 3553. 2154. 2154.
 2154. 2154. 
 3553. 3553. 2154. 2154. 3553. 3553. 3553. 3553. 3553. 3553. 3553. 2154.
 2154. 2154. 3553. 3553. 3553. 3553. 2154. 2154. 3553. 3553. 3553. 3553.
 2154. 2154. 
 3553. 3553. 2154. 2154. 3553. 2154. 2154. 2154. 2154. 3553. 3553. 3553.
 2154. 2154. 3553. 3553. 2154. 3553. 2154. 2154. 2154. 2154. 2154. 2154.
 3553. 2154. 
 3553. 3553. 3553. 2154. 2154. 2154. 2154. 2154. 2154. 2154. 2154. 2154.
 3553. 3553. 2154. 2154. 3553. 3553. 2154. 2154. 3553. 3553. 3553. 3553.
 2154. 2154. 
 3553. 3553. 3553. 2154. 2154. 2154. 2154. 3553. 3553. 3553. 3553. 3553.
 3553. 3553. 2154. 3553. 2154. 2154.    8. 2154. 2154. 2154. 2154. 2154.
 2154. 3553. 
 3553. 2154. 2154. 2154. 3553. 3553. 2154. 2154. 3553. 3553. 2154. 2154.
 2154. 2154. 2154. 2154. 3553. 3553. 3553. 3553. 3553. 2154. 2154. 2154.
 3553. 3553. 
 2154. 3553. 3553. 3553. 2154. 2154. 2154. 3553. 3553. 3553. 3553. 3553.
 3553. 3553. 2154. 2154. 2154.    8. 2154. 2154. 2154. 3553. 3553. 3553.
 3553. 2154. 
 2154. 2154. 2154. 2154. 2154.    8. 2154. 3553. 3553. 3553. 3553. 3553.
 2154. 2154. 2154. 2154. 3553. 3553. 3553. 3553. 3553. 3553. 2154. 2154.
 2154. 2154. 
 2154. 2154. 2154. 2154. 3553. 3553. 3553. 3553. 2154. 2154. 3553. 3553.
 3553. 3553. 3553. 2154. 2154.    8. 2154. 2154. 3553. 3553. 3553. 3553.
 3553. 2154. 
 2154.    8.    8.    8.    8. 2154. 2154. 2154. 3553. 3553. 2154. 2154.
 2154. 3553. 3553. 3553. 2154. 2154. 2154. 2154. 2154. 3553. 2154. 2154.
 2154.    8. 
    8. 2154. 3553. 3553. 3553. 3553. 3553. 2154. 2154. 2154. 3553. 3553.
 2154. 2154. 2154. 2154. 3553. 3553. 3553. 3553. 2154. 2154. 3553. 3553.
 3553. 3553. 
 3553. 2154.    8. 2154. 2154. 2154. 2154. 2154. 3553. 3553. 3553. 2154.
    8.    8.    8. 2154. 2154.    8.    8. 2154. 2154. 2154. 2154. 2154.
 3553. 3553. 
 3553. 3553. 3553. 2154.    8. 2154. 2154. 2154. 2154. 2154. 2154. 2154.
 2154. 2154. 2154. 3553. 3553. 3553. 2154. 2154. 3553. 3553. 3553. 3553.
 3553. 2154. 
 2154.    8. 2154. 2154. 3553. 3553. 3553. 2154. 3553. 3553. 3553. 3553.
 2154. 2154. 2154. 2154. 3553. 3553. 3553. 2154. 2154. 2154. 2154.    8.
    8.    8. 
 2154. 2154. 2154. 2154. 2154. 2154.    8.    8. 2154. 2154. 3553. 3553.
 3553. 3553. 3553. 2154. 2154.    8.    8. 2154. 2154. 3553. 3553. 2154.
 2154. 2154. 
 2154. 2154. 2154. 2154. 2154. 3553. 3553. 3553. 3553. 3553. 3553. 3553.
 2154. 2154.    8. 2154. 2154. 2154. 2154. 2154. 2154. 2154. 2154. 2154.
 2154. 2154. 
 2154. 3553. 3553. 3553. 3553. 3553. 3553. 2154. 2154.    8. 2154. 2154.
 2154. 3553. 3553. 3553. 3553. 2154. 2154. 2154. 2154. 2154. 3553. 3553.
 2154. 3553. 
 3553. 3553. 2154.    8. 2154. 2154. 3553. 3553. 3553. 3553. 3553. 2154.
 2154.    8.    8. 2154. 3553. 3553. 3553. 3553. 2154. 3553. 3553. 3553.
 3553. 2154. 
    8.    8.    8. 2154.    8.    8.    8. 2154. 3553. 3553. 3553. 2154.
 2154. 3553. 3553. 3553. 2154. 3553. 3553. 3553. 2154. 2154. 2154. 3553.
 3553. 3553. 
 3553. 3553. 3553. 3553. 3553. 2154. 2154. 3553. 3553. 3553. 2154. 3553.
 3553. 3553. 2154. 2154. 2154. 3553. 3553. 3553. 3553. 3553. 3553. 3553.
 2154. 2154. 
 2154. 2154. 3553. 3553. 3553. 2154. 2154. 2154. 3553. 3553. 3553. 3553.
    8.    8.    8.    8.    8.    8.    8. 2154. 2154. 3553. 3553. 3553.
 3553. 3553. 
 3553. 3553. 2154. 2154. 3553. 3553. 3553. 2154. 3553. 3553. 3553. 3553.
 3553. 3553. 3553. 3553. 3553. 3553. 2154. 3553. 3553. 2154. 2154. 2154.
 3553. 3553. 
 3553. 2154. 3553. 3553. 3553. 3553. 2154. 3553. 3553. 3553. 3553. 2154.
 2154. 3553. 3553. 3553. 2154. 2154.    8. 2154. 2154. 3553. 3553. 3553.
    8.    8. 
    8.    8.    8.    8.    8. 2154. 2154. 3553. 3553. 3553. 3553. 3553.
 3553. 2154. 2154. 2154. 3553. 3553. 3553. 3553. 3553. 3553. 3553. 2154.
 2154. 2154. 
 3553. 3553. 3553. 3553. 3553. 3553. 3553. 2154.    8. 2154. 3553. 3553.
 3553. 3553. 3553. 3553. 3553. 2154. 2154. 2154. 3553. 3553. 3553. 3553.
 3553. 3553. 
 3553. 2154. 2154.    8.    8.    8. 2154. 2154. 3553. 3553.    8.    8.
    8.    8.    8.    8.    8.    8. 2154. 2154. 3553. 3553. 3553. 3553.
 2154. 2154. 
 2154. 2154. 3553. 3553. 3553. 3553. 3553. 3553. 2154. 2154.    8. 2154.
 2154. 2154. 3553. 3553. 3553. 3553. 3553. 2154.    8. 2154. 2154. 3553.
 3553. 3553. 
 3553. 3553. 3553. 2154.    8. 2154. 2154. 3553. 3553. 3553. 3553. 3553.
 3553. 2154.    8.    8.    8.    8. 2154. 2154. 2154. 3553.    8.    8.
    8.    8. 
    8.    8.    8.    8.    8. 2154. 2154. 2154. 2154. 2154. 2154.    8.
    8. 2154. 2154. 3553. 3553. 3553. 3553. 2154. 2154.    8.    8.    8.
    8. 2154. 
 2154. 2154. 3553. 2154. 2154.    8.    8.    8. 2154. 3553. 3553. 3553.
 3553. 3553. 2154. 2154.    8.    8. 2154. 2154. 2154. 3553. 3553. 3553.
 2154. 2154. 
    8.    8.    8.    8.    8. 2154. 2154. 2154.    8.    8.    8.    8.
    8.    8.    8.    8.    8.    8.    8. 2154. 2154.    8.    8.    8.
    8.    8. 
 2154. 2154. 2154. 2154. 2154. 2154.    8.    8.    8.    8.    8.    8.
 2154. 2154. 2154. 2154.    8.    8.    8.    8. 2154. 2154. 2154. 3553.
 2154. 2154. 
 2154.    8.    8.    8.    8.    8. 2154. 2154. 2154. 2154.    8.    8.
    8.    8.    8.    8.    8.    8.    8.    8.    8.    8.    8.    8.
    8.    8. 
    8.    8.    8.    8.    8.    8.    8.    8.    8.    8.    8.    8.
    8. 2154. 2154. 2154.    8.    8.    8.    8.    8.    8.    8.    8.
    8.    8. 
    8.    8.    8.    8.    8.    8.    8.    8. 2154. 2154. 2154.    8.
    8.    8.    8.    8.    8.    8.    8.    8.    8.    8.    8.    8.
    8.    8. 
 8. 8. 8. 8. 8. 8. 8. 8. 8. 8. 8. 8. 8. 8. 8. 8. 8. 8. 8. 8. 8. 8. 8. 8.
 8. 8. 
 8. 8. 8. 8. 8. 8. 8. 8. 8. 8. 8. 8. 8. 8. 8. 8. 8. 8. 8. 8. 8. 8. 8. 8.
 8. 8. 
 8. 8. 8. 8. 8. 8. 8. 8. 8. 8. 8. 8. 8. 8. 8. 8. 8. 8. 8. 8. 8. 8. 8. 8.
 8. 8. 
 8. 8. 8. 8. 8. 8. 8. 8. 8. 8. 8. 8. 8. 8. 8. 8. 8. 8. 8. 8. 8. 8. 8. 8.
 8. 8. 
 8. 8. 8. 8. 8. 8. 8. 8. 8. 8. 8. 8. 8. 8. 8. 8. 8. 8. 8. 8. 8. 8. 8. 8.
 8. 8. 
 8. 8. 8. 8. 8. 8. 8. 8. 8. 8. 8. 8. 8. 8. 8. 8. 8. 8. 8. 8. 8. 8. 8. 8.
 8. 8. 
 8. 8. 8. 8. 8. 8. 8. 8. 8. 8. 8. 8. 8. 8. 8. 8. 8. 8. 8. 8. 8. 8. 8. 8.
 8. 8. 
 8. 8. 8. 8. 8. 8. 8. 8. 8. 8. 8. 8. 8. 8. 8. 8. 8. 8. 8. 8. 8. 8. 8. 8.
 8. 8. 
 8. 8. 8. 8. 8. 8. 8. 8. 8. 8. 8. 8. 8. 8. 8. 8. 8. 8. 8. 8. 8. 8. 8. 8.
 8. 8. 
 8. 8. 8. 8. 8. 8. 8. 8. 8. 8. 8. 8. 8. 8. 8. 8. 8. 8. 8. 8. 8. 8. 8. 8.
 8. 8. 
 8. 8. 8. 8. 8. 8. 8. 8. 8. 8. 8. 8. 8. 8. 8. 8. 8. 8. 8. 8. 8. 8. 8. 8.
 8. 8. 
 8. 8. 8. 8. 8. 8. 8. 8. 8. 8. 8. 8. 8. 8. 8. 8. 8. 8. 8. 8. 8. 8. 8. 8.
 8. 8. 
 8. 8. 8. 8. 8. 8. 8. 8. 8. 8. 8. 8. 8. 8. 8. 8. 8. 8. 8. 8. 8. 8. 8. 8.
 8. 8. 
 8. 8. 8. 8. 8. 8. 8. 8. 8. 8. 8. 8. 8. 8. 8. 8. 8. 8. 8. 8. 8. 8. 8. 8.
 8. 8. 
 8. 8. 8. 8. 8. 8. 8. 8. 8. 8. 8. 8. 8. 8. 8. 8. 8. 8. 8. 8. 8. 8. 8. 8.
 8. 8. 
 8. 8. 8. 8. 8. 8. 8. 8. 8. 8. 8. 8. 8. 8. 8. 8. 8. 8. 8. 8. 8. 8. 8. 8.
 8. 8. 
 8. 8. 8. 8. 8. 8. 8. 8. 8. 8. 8. 8. 8. 8. 8. 8. 8. 8. 8. 8. 8. 8. 8. 8.
 8. 8. 
 8. 8. 8. 8. 8. 8. 8. 8. 8. 8. 8. 8. 8. 8. 8. 8. 8. 8. 8. 8. 8. 8. 8. 8.
 8. 8. 
 8. 8. 8. 8. 8. 8. 8. 8. 8. 8. 8. 8. 8. 8. 8. 8. 8. 8. 8. 8. 8. 8. 8. 8.
 8. 8. 
 8. 8. 8. 8. 8. 8. 8. 8. 8. 8. 8. 8. 8. 8. 8. 8. 8. 8. 8. 8. 8. 8. 8. 8.
 8. 8. 
 8. 8. 8. 8. 8. 8. 8. 8. 8. 8. 8. 8. 8. 8. 8. 8. 8. 8. 8. 8. 8. 8. 8. 8.
 8. 8. 
 8. 8. 8. 8. 8. 8. 8. 8. 8. 8. 8. 8. 8. 8. 8. 8. 8. 8. 8. 8. 8. 8. 8. 8.
 8. 8. 
 8. 8. 8. 8. 8. 8. 8. 8. 8. 8. 8. 8. 8. 8. 8. 8. 8. 8. 8. 8. 8. 8. 8. 8.
 8. 8. 
 8. 8. 8. 8. 8. 8. 8. 8. 8. 8. 8. 8. 8. 8. 8. 8. 8. 8. 8. 8. 8. 8. 8. 8.
 8. 8. 
 8. 8. 8. 8. 8. 8. 8. 8. 8. 8. 8. 8. 8. 8. 8. 8. 8. 8. 8. 8. 8. 8. 8. 8.
 8. 8. 
 8. 8. 8. 8. 8. 8. 8. 8. 8. 8. 8. 8. 8. 8. 8. 8. 8. 8. 8. 8. 8. 8. 8. 8.
 8. 8. 
 8. 8. 8. 8. 8. 8. 8. 8. 8. 8. 8. 8. 8. 8. 8. 8. 8. 8. 8. 8. 8. 8. 8. 8.
 8. 8. 
 8. 8. 8. 8. 8. 8. 8. 8. 8. 8. 8. 8. 8. 8. 8. 8. 8. 8. 8. 8. 8. 8. 8. 8.
 8. 8. 
 8. 8. 8. 8. 8. 8. 8. 8. 8. 8. 8. 8. 8. 8. 8. 8. 8. 8. 8. 8. 8. 8. 8. 8.
 8. 8. 
 8. 8. 8. 8. 8. 8. 8. 8. 8. 8. 8. 8. 8. 8. 8. 8. 8. 8. 8. 8. 8. 8. 8. 8.
 8. 8. 
 8. 8. 8. 8. 8. 8. 8. 8. 8. 8. 8. 8. 8. 8. 8. 8. 8. 8. 8. 8. 8. 8. 8. 8.
 8. 8. 
 8. 8. 8. 8. 8. 8. 8. 8. 8. 8. 8. 8. 8. 8. 8. 8. 8. 8. 8. 8. 8. 8. 8. 8.
 8. 8. 
 8. 8. 8. 8. 8. 8. 8. 8. 8. 8. 8. 8. 8. 8. 8. 8. 8. 8. 8. 8. 8. 8. 8. 8.
 8. 8. 
 8. 8. 8. 8. 8. 8. 8. 8. 8. 8. 8. 8. 8. 8. 8. 8. 8. 8. 8. 8. 8. 8. 8. 8.
 8. 8. 
 8. 8. 8. 8. 8. 8. 8. 8. 8. 8. 8. 8. 8. 8. 8. 8. 8. 8. 8. 8. 8. 8. 8. 8.
 8. 8. 
 8. 8. 8. 8. 8. 8. 8. 8. 8. 8. 8. 8. 8. 8. 8. 8. 8. 8. 8. 8. 8. 8. 8. 8.
 8. 8. 
 8. 8. 8. 8. 8. 8. 8. 8. 8. 8. 8. 8. 8. 8. 8. 8. 8. 8. 8. 8. 8. 8. 8. 8.
 8. 8. 
 8. 8. 8. 8. 8. 8. 8. 8. 8. 8. 8. 8. 8. 8. 8. 8. 8. 8. 8. 8. 8. 8. 8. 8.
 8. 8. 
 8. 8. 8. 8. 8. 8. 8. 8. 8. 8. 8. 8. 8. 8. 8. 8. 8. 8. 8. 8. 8. 8. 8. 8.
 8. 8. 
 8. 8. 8. 8. 8. 8. 8. 8. 8. 8. 8. 8. 8. 8. 8. 8. 8. 8. 8. 8. 8. 8. 8. 8.
 8. 8. 
 8. 8. 8. 8. 8. 8. 8. 8. 8. 8. 8. 8. 8. 8. 8. 8. 8. 8. 8. 8. 8. 8. 8. 8.
 8. 8. 
 8. 8. 8. 8. 8. 8. 8. 8. 8. 8. 8. 8. 8. 8. 8. 8. 8. 8. 8. 8. 8. 8. 8. 8.
 8. 8. 
 8. 8. 8. 8. 8. 8. 8. 8. 8. 8. 8. 8. 8. 8. 8. 8. 8. 8. 8. 8. 8. 8. 8. 8.
 8. 8. 
 8. 8. 8. 8. 8. 8. 8. 8. 8. 8. 8. 8. 8. 8. 8. 8. 8. 8. 8. 8. 8. 8. 8. 8.
 8. 8. 
 8. 8. 8. 8. 8. 8. 8. 8. 8. 8. 8. 8. 8. 8. 8. 8. 8. 8. 8. 8. 8. 8. 8. 8.
 8. 8. 
 8. 8. 8. 8. 8. 8. 8. 8. 8. 8. 8. 8. 8. 8. 8. 8. 8. 8. 8. 8. 8. 8. 8. 8.
 8. 8. 
 8. 8. 8. 8. 8. 8. 8. 8. 8. 8. 8. 8. 8. 8. 8. 8. 8. 8. 8. 8. 8. 8. 8. 8.
 8. 8. 
 8. 8. 8. 8. 8. 8. 8. 8. 8. 8. 8. 8. 8. 8. 8. 8. 8. 8. 8. 8. 8. 8. 8. 8.
 8. 8. 
 8. 8. 8. 8. 8. 8. 8. 8. 8. 8. 8. 8. 8. 8. 8. 8. 8. 8. 8. 8. 8. 8. 8. 8.
 8. 8. 
 8. 8. 8. 8. 8. 8. 8. 8. 8. 8. 8. 8. 8. 8. 8. 8. 8. 8. 8. 8. 8. 8. 8. 8.
 8. 8. 
 8. 8. 8. 8. 8. 8. 8. 8. 8. 8. 8. 8. 8. 8. 8. 8. 8. 8. 8. 8. 8. 8. 8. 8.
 8. 8. 
 8. 8. 8. 8. 8. 8. 8. 8. 8. 8. 8. 8. 8. 8. 8. 8. 8. 8. 8. 8. 8. 8. 8. 8.
 8. 8. 
 8. 8. 8. 8. 8. 8. 8. 8. 8. 8. 8. 8. 8. 8. 8. 8. 8. 8. 8. 8. 8. 8. 8. 8.
 8. 8. 
 8. 8. 8. 8. 8. 8. 8. 8. 8. 8. 8. 8. 8. 8. 8. 8. 8. 8. 8. 8. 8. 8. 8. 8.
 8. 8. 
 8. 8. 8. 8. 8. 8. 8. 8. 8. 8. 8. 8. 8. 8. 8. 8. 8. 8. 8. 8. 8. 8. 8. 8.
 8. 8. 
 8. 8. 8. 8. 8. 8. 8. 8. 8. 8. 8. 8. 8. 8. 8. 8. 8. 8. 8. 8. 8. 8. 8. 8.
 8. 8. 
 8. 8. 8. 8. 8. 8. 8. 8. 8. 8. 8. 8. 8. 8. 8. 8. 8. 8. 8. 8. 8. 8. 8. 8.
 8. 8. 
 8. 8. 8. 8. 8. 8. 8. 8. 8. 8. 8. 8. 8. 8. 8. 8. 8. 8. 8. 8. 8. 8. 8. 8.
 8. 8. 
 8. 8. 8. 8. 8. 8. 8. 8. 8. 8. 8. 8. 8. 8. 8. 8. 8. 8. 8. 8. 8. 8. 8. 8.
 8. 8. 
 8. 8. 8. 8. 8. 8. 8. 8. 8. 8. 8. 8. 8. 8. 8. 8. 8. 8. 8. 8. 8. 8. 8. 8.
 8. 8. 
 8. 8. 8. 8. 8. 8. 8. 8. 8. 8. 8. 8. 8. 8. 8. 8. 8. 8. 8. 8. 8. 8. 8. 8.
 8. 8. 
 8. 8. 8. 8. 8. 8. 8. 8. 8. 8. 8. 8. 8. 8. 8. 8. 8. 8. 8. 8. 8. 8. 8. 8.
 8. 8. 
 8. 8. 8. 8. 8. 8. 8. 8. 8. 8. 8. 8. 8. 8. 8. 8. 8. 8. 8. 8. 8. 8. 8. 8.
 8. 8. 
 8. 8. 8. 8. 8. 8. 8. 8. 8. 8. 8. 8. 8. 8. 8. 8. 8. 8. 8. 8. 8. 8. 8. 8.
 8. 8. 
 8. 8. 8. 8. 8. 8. 8. 8. 8. 8. 8. 8. 8. 8. 8. 8. 8. 8. 8. 8. 8. 8. 8. 8.
 8. 8. 
 8. 8. 8. 8. 8. 8. 8. 8. 8. 8. 8. 8. 8. 8. 8. 8. 8. 8. 8. 8. 8. 8. 8. 8.
 8. 8. 
 8. 8. 8. 8. 8. 8. 8. 8. 8. 8. 8. 8. 8. 8. 8. 8. 8. 8. 8. 8. 8. 8. 8. 8.
 8. 8. 
 8. 8. 8. 8. 8. 8. 8. 8. 8. 8. 8. 8. 8. 8. 8. 8. 8. 8. 8. 8. 8. 8. 8. 8.
 8. 8. 
 8. 8. 8. 8. 8. 8. 8. 8. 8. 8. 8. 8. 8. 8. 8. 8. 8. 8. 8. 8. 8. 8. 8. 8.
 8. 8. 
 8. 8. 8. 8. 8. 8. 8. 8. 8. 8. 8. 8. 8. 8. 8. 8. 8. 8. 8. 8. 8. 8. 8. 8.
 8. 8. 
 8. 8. 8. 8. 8. 8. 8. 8. 8. 8. 8. 8. 8. 8. 8. 8. 8. 8. 8. 8. 8. 8. 8. 8.
 8. 8. 
 8. 8. 8. 8. 8. 8. 8. 8. 8. 8. 8. 8. 8. 8. 8. 8. 8. 8. 8. 8. 8. 8. 8. 8.
 8. 8. 
 8. 8. 8. 8. 8. 8. 8. 8. 8. 8. 8. 8. 8. 8. 8. 8. 8. 8. 8. 8. 8. 8. 8. 8.
 8. 8. 
 8. 8. 8. 8. 8. 8. 8. 8. 8. 8. 8. 8. 8. 8. 8. 8. 8. 8. 8. 8. 8. 8. 8. 8.
 8. 8. 
 8. 8. 8. 8. 8. 8. 8. 8. 8. 8. 8. 8. 8. 8. 8. 8. 8. 8. 8. 8. 8. 8. 8. 8.
 8. 8. 
 8. 8. 8. 8. 8. 8. 8. 8. 8. 8. 8. 8. 8. 8. 8. 8. 8. 8. 8. 8. 8. 8. 8. 8.
 8. 8. 
 8. 8. 8. 8. 8. 8. 8. 8. 8. 8. 8. 8. 8. 8. 
/