PERMI
   39.   39.   39.   39.   39.   39.   39.   39. 2065. 2854. 2854. 2065.
   39.   39.   39.   39.   39.   39.   39.   39.   39.   39.   39.   39.
   39.   39. 
   39.   39.   39.   39.   39.   39.   39.   39. 2065. 2065. 2854. 2854.
 2065. 2065. 2854. 2854. 2854. 2065.   39.   39.   39.   39.   39.   39.
   39.   39. 
   39.   39.   39.   39.   39.   39.   39.   39.   39. 2065. 2854. 2854.
   39.   39.   39.   39.   39.   39.   39.   39. 2065. 2854. 2854. 2854.
 2065. 2065. 
 2065. 2065.   39.   39.   39.   39.   39.   39.   39.   39.   39.   39.
   39.   39.   39.   39.   39.   39.   39.   39.   39. 2065. 2854. 2854.
 2065. 2065. 
 2854. 2854. 2854. 2065.   39.   39.   39.   39.   39.   39.   39.   39.
   39.   39.   39.   39.   39.   39.   39.   39.   39. 2065. 2854. 2854.
   39.   39. 
   39.   39.   39.   39.   39.   39. 2065. 2854. 2854. 2854. 2854. 2854.
 2065. 2065. 2065. 2065.   39.   39.   39.   39.   39.   39.   39.   39.
   39.   39. 
   39.   39.   39.   39.   39.   39.   39. 2065. 2854. 2854. 2065. 2065.
 2065. 2854. 2854. 2065.   39.   39.   39.   39.   39.   39.   39.   39.
   39.   39. 
   39.   39.   39.   39.   39.   39. 2065. 2854. 2854. 2854.   39.   39.
   39.   39.   39.   39.   39.   39.   39. 2065. 2854. 2854. 2854. 2854.
 2854. 2854. 
 2854. 2065. 2065. 2065.   39.   39.   39.   39.   39.   39.   39.   39.
   39.   39.   39.   39.   39.   39.   39. 2065. 2854. 2854. 2065. 2065.
 2065. 2854. 
 2854. 2065.   39.   39.   39.   39.   39.   39.   39.   39.   39.   39.
   39.   39.   39.   39.   39.   39. 2065. 2854. 2854. 2854.   39.   39.
   39.   39. 
   39.   39.   39.   39.   39.   39. 2065. 2065. 2854. 2854. 2854. 2854.
 2854. 2854. 2854. 2065. 2065.   39.   39.   39.   39.   39.   39.   39.
   39.   39. 
   39.   39.   39.   39.   39. 2065. 2854. 2854. 2065. 2065. 2065. 2065.
 2065. 2065. 2065. 2065. 2065. 2065. 2065. 2065. 2065.   39.   39.   39.
   39.   39. 
   39.   39.   39.   39. 2065. 2854. 2854. 2065.   39.   39.   39.   39.
   39.   39.   39.   39.   39.   39.   39. 2065. 2065. 2065. 2065. 2065.
 2854. 2854. 
 2854. 2854. 2065. 2065.   39.   39.   39.   39.   39.   39.   39.   39.
   39.   39.   39.   39.   39. 2065. 2854. 2854. 2854. 2065. 2065. 2854.
 2854. 2854. 
 2854. 2854. 2854. 2854. 2854. 2854. 2065. 2065.   39.   39.   39.   39.
   39.   39.   39.   39. 2065. 2854. 2854. 2065.   39.   39.   39.   39.
   39.   39. 
   39.   39.   39.   39.   39.   39.   39.   39.   39. 2065. 2065. 2065.
 2854. 2854. 2854. 2065.   39.   39.   39.   39.   39.   39.   39.   39.
   39.   39. 
   39.   39.   39. 2065. 2854. 2854. 2854. 2854. 2854. 2854. 2854. 2854.
 2854. 2854. 2854. 2854. 2854. 2854. 2065. 2065.   39.   39.   39.   39.
   39.   39. 
   39. 2065. 2065. 2854. 2854. 2065.   39.   39.   39.   39.   39.   39.
   39.   39.   39.   39.   39.   39.   39.   39.   39.   39.   39. 2065.
 2065. 2854. 
 2854. 2065.   39.   39.   39.   39.   39.   39.   39.   39.   39.   39.
   39.   39.   39. 2065. 2065. 2854. 2854. 2854. 2854. 2854. 2854. 2854.
 2065. 2065. 
 2065. 2854. 2854. 2854. 2854. 2065. 2065.   39.   39.   39.   39.   39.
   39. 2065. 2854. 2854. 2854. 2065.   39.   39.   39.   39.   39.   39.
   39.   39. 
   39.   39.   39.   39.   39.   39.   39.   39.   39. 2065. 2854. 2854.
 2854. 2065.   39.   39.   39.   39.   39.   39.   39.   39.   39.   39.
   39.   39. 
   39.   39. 2065. 2065. 2065. 2065. 2065. 2065. 2065. 2065. 2065. 2065.
 2065. 2065. 2854. 2854. 2854. 2065. 2854. 2065.   39.   39.   39.   39.
   39. 2065. 
 2854. 2854. 2065. 2065.   39.   39.   39.   39.   39.   39.   39.   39.
   39.   39.   39.   39.   39.   39.   39.   39. 2065. 2065. 2854. 2854.
 2065.   39. 
   39.   39.   39.   39.   39.   39.   39.   39.   39.   39.   39.   39.
   39.   39.   39.   39. 2065. 2065. 2065. 2854. 2065. 2065. 2065. 2065.
 2065. 2854. 
 2854. 2854. 2065. 2065. 2854. 2065.   39.   39.   39.   39.   39. 2065.
 2854. 2854. 2854. 2065.   39.   39.   39.   39.   39.   39.   39.   39.
   39.   39. 
   39.   39.   39.   39.   39.   39. 2065. 2854. 2854. 2065. 2065.   39.
   39.   39.   39.   39.   39.   39.   39.   39.   39.   39.   39.   39.
   39.   39. 
   39.   39.   39. 2065. 2854. 2854. 2854. 2854. 2065. 2065. 2854. 2854.
 2854. 2065. 2065. 2854. 2854. 2065.   39.   39.   39.   39.   39. 2065.
 2854. 2854. 
 2854. 2854. 2065. 2065. 2065. 2065. 2065.   39.   39.   39.   39.   39.
   39.   39.   39.   39.   39. 2065. 2065. 2854. 2854. 2065.   39.   39.
   39.   39. 
   39.   39.   39.   39.   39.   39.   39.   39.   39.   39.   39.   39.
   39.   39.   39. 2065. 2854. 2854. 2854. 2065. 2065. 2854. 2854. 2854.
 2065. 2065. 
 2854. 2854. 2854. 2065.   39.   39.   39.   39.   39.   39. 2065. 2065.
 2854. 2854. 2854. 2854. 2854. 2854. 2854. 2065.   39.   39.   39.   39.
   39.   39. 
   39.   39.   39. 2065. 2854. 2854. 2854. 2065.   39.   39.   39.   39.
   39.   39.   39.   39.   39.   39.   39.   39.   39.   39.   39.   39.
   39.   39. 
   39.   39. 2065. 2065. 2065. 2065. 2854. 2854. 2854. 2065. 2065. 2854.
 2854. 2854. 2854. 2065. 2065. 2065. 2065. 2065. 2065.   39.   39. 2065.
 2065. 2065. 
 2854. 2854. 2854. 2854. 2854. 2854. 2065.   39.   39.   39.   39.   39.
   39.   39. 2065. 2065. 2854. 2854. 2065. 2065.   39.   39.   39.   39.
   39.   39. 
   39.   39.   39.   39.   39.   39.   39.   39.   39.   39.   39.   39.
   39.   39.   39.   39. 2065. 2065. 2854. 2854. 2854. 2065. 2854. 2854.
 2854. 2854. 
 2065. 2065. 2065. 2065. 2854. 2854. 2065. 2065. 2065.   39.   39.   39.
 2854. 2854. 2854. 2854. 2854. 2854. 2854. 2065.   39.   39.   39.   39.
   39.   39. 
 2065. 2854. 2854. 2854. 2065.   39.   39.   39.   39.   39.   39.   39.
   39.   39.   39.   39.   39.   39.   39.   39.   39.   39.   39.   39.
   39.   39. 
   39.   39.   39. 2065. 2854. 2854. 2854. 2065. 2065. 2065. 2065. 2065.
 2065. 2854. 2854. 2854. 2854. 2854. 2854. 2854. 2065.   39.   39.   39.
 2065. 2065. 
 2065. 2065. 2854. 2854. 2854. 2065.   39.   39.   39.   39.   39.   39.
 2065. 2854. 2854. 2065. 2065.   39. 2065. 2065. 2065. 2065. 2065. 2065.
 2065.   39. 
   39.   39.   39.   39.   39.   39.   39.   39.   39.   39.   39.   39.
   39.   39.   39. 2065. 2065. 2854. 2854. 2854. 2854. 2854. 2854. 2854.
 2854. 2854. 
 2854. 2854. 2065. 2065. 2854. 2854. 2065. 2065.   39.   39.   39.   39.
   39. 2065. 2854. 2854. 2854. 2065.   39.   39.   39.   39.   39.   39.
 2065. 2854. 
 2854. 2854. 2065. 2065. 2065. 2854. 2854. 2854. 2854. 2854. 2065. 2065.
   39.   39.   39.   39.   39.   39.   39.   39.   39.   39.   39.   39.
   39.   39. 
   39.   39. 2065. 2854. 2854. 2854. 2854. 2854. 2854. 2854. 2854. 2854.
 2065. 2065. 2065. 2065. 2854. 2854. 2065. 2065.   39.   39.   39.   39.
 2065. 2065. 
 2854. 2854. 2854. 2065.   39.   39.   39.   39.   39.   39. 2065. 2854.
 2854. 2854. 2854. 2854. 2854. 2854. 2854. 2854. 2854. 2854. 2854. 2065.
 2065.   39. 
   39.   39.   39.   39.   39.   39.   39.   39.   39.   39.   39.   39.
   39. 2065. 2854. 2065. 2065. 2065. 2065. 2065. 2065. 2065. 2065. 2065.
 2065. 2854. 
 2854. 2065. 2854. 2854. 2065. 2065.   39.   39.   39. 2065. 2065. 2854.
 2854. 2854. 2065.   39.   39.   39.   39.   39.   39.   39.   39. 2065.
 2065. 2854. 
 2854. 2854. 2854. 2854. 2854. 2854. 2854. 2854. 2854. 2854. 2065.   39.
   39.   39.   39.   39.   39.   39.   39.   39.   39.   39.   39.   39.
   39.   39. 
 2065. 2854. 2854. 2065. 2065. 2065. 2065. 2854. 2854. 2854. 2854. 2854.
 2065. 2065. 2854. 2854. 2065. 2065.   39.   39. 2065. 2065. 2854. 2854.
 2854. 2065. 
 2065.   39.   39.   39.   39.   39.   39.   39.   39.   39. 2065. 2065.
 2065. 2065. 2065. 2065. 2065. 2065. 2065. 2854. 2854. 2854. 2065.   39.
   39.   39. 
   39.   39.   39.   39.   39.   39.   39.   39.   39.   39.   39.   39.
 2065. 2854. 2854. 2854. 2854. 2065. 2065. 2065. 2065. 2065. 2065. 2065.
 2065. 2854. 
 2854. 2854. 2065. 2065.   39.   39. 2065. 2854. 2854. 2854. 2854. 2065.
   39.   39.   39.   39.   39.   39.   39.   39.   39.   39.   39.   39.
   39.   39. 
   39.   39.   39. 2065. 2854. 2854. 2854. 2065. 2065.   39.   39.   39.
   39.   39.   39.   39.   39.   39.   39.   39.   39.   39.   39.   39.
   39. 2065. 
 2065. 2065. 2065.   39.   39.   39.   39.   39.   39. 2065. 2065. 2854.
 2854. 2065. 2065. 2065.   39.   39. 2854. 2854. 2854. 2854. 2065.   39.
   39.   39. 
   39.   39.   39.   39.   39.   39.   39.   39.   39.   39.   39.   39.
   39.   39.   39. 2065. 2854. 2854. 2065. 2065.   39.   39.   39.   39.
   39.   39. 
   39.   39.   39.   39.   39.   39.   39.   39.   39.   39.   39.   39.
   39.   39.   39.   39.   39.   39.   39.   39.   39. 2065. 2065. 2854.
 2854. 2065. 
 2065. 2065.   39.   39. 2854. 2854. 2854. 2065. 2065.   39.   39.   39.
   39.   39.   39.   39.   39.   39.   39.   39.   39.   39.   39.   39.
   39.   39. 
 2065. 2065. 2854. 2854. 2065.   39.   39.   39.   39.   39.   39.   39.
   39.   39.   39.   39.   39.   39.   39.   39.   39.   39.   39.   39.
   39.   39. 
   39.   39.   39.   39.   39.   39. 2065. 2065. 2854. 2854. 2854. 2065.
 2065. 2065. 2065. 2065. 2854. 2854. 2065. 2065.   39.   39.   39.   39.
   39.   39. 
   39.   39.   39.   39.   39.   39.   39.   39.   39.   39.   39.   39.
 2065. 2854. 2854. 2854. 2065.   39.   39.   39.   39.   39.   39.   39.
   39.   39. 
   39.   39.   39.   39.   39.   39.   39.   39.   39.   39.   39.   39.
   39.   39.   39.   39.   39.   39. 2065. 2065. 2854. 2854. 2065. 2065.
 2065. 2065. 
 2065. 2065. 2854. 2854. 2065.   39.   39.   39.   39.   39.   39.   39.
   39.   39.   39.   39.   39.   39.   39.   39.   39.   39.   39.   39.
 2065. 2854. 
 2854. 2065. 2065.   39.   39.   39.   39.   39.   39.   39.   39.   39.
   39.   39.   39.   39.   39.   39.   39.   39.   39.   39.   39.   39.
   39.   39. 
   39.   39.   39.   39. 2065. 2854. 2854. 2854. 2065. 2065. 2854. 2854.
 2854. 2854. 2854. 2854. 2065. 2065. 2065. 2065. 2065. 2065.   39.   39.
   39.   39. 
   39.   39.   39.   39.   39.   39.   39.   39.   39.   39. 2065. 2854.
 2854. 2065.   39.   39.   39.   39.   39.   39.   39.   39.   39.   39.
   39.   39. 
   39.   39.   39.   39.   39.   39.   39.   39.   39.   39.   39.   39.
   39.   39.   39.   39. 2065. 2854. 2854. 2854. 2854. 2854. 2854. 2854.
 2854. 2854. 
 2854. 2854. 2854. 2854. 2065. 2065. 2065. 2065. 2065. 2065.   39.   39.
   39.   39.   39.   39.   39.   39.   39.   39.   39.   39. 2065. 2854.
 2854. 2065. 
 39. 39. 39. 39. 39. 39. 39. 39. 39. 39. 39. 39. 39. 39. 39. 39. 39. 39.
 39. 39. 39. 39. 39. 39. 39. 39. 
   39. 2065. 2065. 2065. 2854. 2854. 2854. 2854. 2854. 2065. 2065. 2065.
 2065. 2854. 2854. 2854. 2854. 2854. 2854. 2854. 2854. 2065. 2065.   39.
   39.   39. 
   39.   39.   39.   39.   39.   39.   39. 2065. 2065. 2854. 2854. 2065.
   39.   39.   39.   39.   39.   39.   39.   39.   39.   39.   39.   39.
   39.   39. 
   39.   39.   39.   39.   39.   39.   39.   39.   39.   39.   39.   39.
   39. 2065. 2854. 2065. 2065. 2065. 2065. 2065. 2065. 2065. 2065.   39.
 2065. 2065. 
 2065. 2854. 2854. 2854. 2854. 2854. 2854. 2854. 2854. 2065.   39.   39.
   39.   39.   39.   39.   39.   39.   39. 2065. 2854. 2854. 2854. 2065.
   39.   39. 
   39. 2065. 2065. 2065. 2065. 2065.   39.   39.   39.   39.   39.   39.
   39.   39.   39.   39.   39.   39.   39.   39.   39.   39.   39.   39.
   39. 2065. 
 2854. 2854. 2065. 2065. 2065. 2065. 2065.   39.   39.   39.   39.   39.
 2065. 2065. 2065. 2065. 2065. 2854. 2854. 2854. 2854. 2854. 2065.   39.
   39.   39. 
   39.   39.   39.   39.   39. 2065. 2854. 2854. 2854. 2065. 2065. 2065.
 2065. 2854. 2854. 2854. 2854. 2854. 2065. 2065.   39.   39.   39.   39.
   39.   39. 
   39.   39.   39.   39.   39.   39.   39.   39.   39.   39.   39. 2065.
 2854. 2854. 2065.   39.   39.   39.   39.   39.   39.   39.   39.   39.
   39.   39. 
   39.   39. 2065. 2065. 2065. 2854. 2854. 2854. 2065.   39.   39.   39.
   39.   39.   39.   39.   39. 2065. 2065. 2854. 2854. 2854. 2854. 2854.
 2854. 2854. 
 2854. 2854. 2854. 2854. 2854. 2065. 2065.   39.   39.   39.   39.   39.
   39.   39.   39.   39.   39.   39.   39.   39.   39.   39.   39. 2065.
 2854. 2854. 
 2065. 2065. 2065. 2065. 2065. 2065. 2065.   39.   39.   39.   39.   39.
   39.   39.   39.   39. 2065. 2854. 2854. 2854. 2065.   39.   39.   39.
   39.   39. 
   39.   39.   39.   39. 2065. 2854. 2854. 2854. 2854. 2854. 2854. 2854.
 2854. 2854. 2854. 2854. 2854. 2854. 2065.   39.   39.   39.   39.   39.
   39.   39. 
   39.   39.   39.   39.   39.   39.   39.   39.   39. 2065. 2065. 2854.
 2854. 2854. 2854. 2854. 2854. 2854. 2854. 2065.   39.   39.   39.   39.
   39.   39. 
   39.   39. 2065. 2854. 2854. 2854. 2065.   39.   39.   39.   39.   39.
   39.   39.   39.   39.   39. 2065. 2065. 2065. 2065. 2065. 2065. 2065.
 2065. 2065. 
 2065. 2854. 2854. 2854. 2065.   39.   39.   39.   39.   39.   39.   39.
   39.   39.   39.   39.   39.   39.   39.   39.   39.   39. 2065. 2065.
 2854. 2854. 
 2854. 2854. 2854. 2854. 2854. 2854.   39.   39.   39.   39.   39.   39.
   39.   39. 2065. 2854. 2854. 2854. 2065.   39.   39.   39.   39.   39.
   39.   39. 
   39.   39.   39.   39.   39.   39.   39.   39.   39.   39.   39. 2065.
 2854. 2854. 2854. 2854. 2065.   39.   39.   39.   39.   39.   39.   39.
   39.   39. 
   39.   39.   39.   39.   39.   39.   39.   39.   39. 2065. 2065. 2065.
 2065. 2854. 2854. 2854. 2854. 2065.   39.   39.   39.   39.   39.   39.
   39. 2065. 
 2065. 2854. 2854. 2065.   39.   39.   39.   39.   39.   39.   39.   39.
   39.   39.   39.   39.   39.   39.   39.   39.   39.   39.   39. 2065.
 2854. 2854. 
 2854. 2065.   39.   39.   39.   39.   39.   39.   39.   39.   39.   39.
   39.   39.   39.   39.   39.   39.   39.   39.   39.   39.   39.   39.
 2065. 2065. 
 2065. 2065. 2065. 2065.   39.   39.   39.   39.   39.   39.   39. 2065.
 2854. 2854. 2854. 2065.   39.   39.   39.   39.   39.   39.   39.   39.
   39.   39. 
   39.   39.   39.   39.   39.   39.   39.   39. 2065. 2065. 2854. 2854.
 2065.   39.   39.   39.   39.   39.   39.   39.   39.   39.   39.   39.
   39.   39. 
   39.   39.   39.   39.   39.   39.   39.   39.   39.   39.   39.   39.
   39.   39.   39.   39.   39.   39.   39.   39.   39.   39. 2065. 2065.
 2854. 2854. 
 2065. 2065.   39.   39.   39.   39. 2065. 2065. 2065.   39.   39.   39.
   39.   39.   39.   39.   39.   39.   39.   39. 2065. 2065. 2854. 2854.
 2065.   39. 
 39. 39. 39. 39. 39. 39. 39. 39. 39. 39. 39. 39. 39. 39. 39. 39. 39. 39.
 39. 39. 39. 39. 39. 39. 39. 39. 
   39.   39.   39.   39.   39.   39.   39. 2065. 2065. 2854. 2854. 2854.
 2065.   39.   39.   39. 2065. 2065. 2065. 2854. 2065. 2065.   39.   39.
   39.   39. 
   39.   39.   39.   39.   39.   39. 2065. 2854. 2854. 2854. 2065.   39.
   39.   39.   39.   39.   39.   39.   39.   39.   39.   39.   39.   39.
   39.   39. 
   39.   39.   39.   39.   39.   39.   39.   39.   39.   39.   39.   39.
   39. 2065.   39.   39.   39.   39.   39. 2065. 2065. 2854. 2854. 2065.
 2065.   39. 
 2065. 2065. 2065. 2854. 2854. 2854. 2854. 2065. 2065.   39.   39.   39.
   39.   39.   39.   39.   39.   39. 2065. 2854. 2854. 2854. 2065.   39.
   39.   39. 
   39.   39.   39.   39.   39.   39.   39.   39.   39.   39.   39.   39.
   39.   39.   39.   39.   39.   39.   39.   39.   39.   39.   39.   39.
 2065. 2065. 
   39.   39.   39.   39.   39. 2065. 2854. 2854. 2854. 2065. 2065. 2065.
 2065. 2854. 2854. 2854. 2854. 2854. 2854. 2854. 2065.   39.   39.   39.
   39.   39. 
   39.   39.   39.   39. 2065. 2854. 2854. 2065. 2065.   39.   39.   39.
   39.   39.   39.   39.   39.   39.   39.   39.   39.   39.   39.   39.
   39.   39. 
   39.   39.   39.   39.   39.   39.   39.   39.   39.   39. 2065. 2854.
   39.   39.   39.   39.   39. 2065. 2854. 2854. 2854. 2065. 2065. 2854.
 2854. 2854. 
 2854. 2854. 2065. 2854. 2854. 2854. 2065. 2065.   39.   39.   39.   39.
   39.   39.   39.   39. 2065. 2854. 2854. 2065. 2065. 2065. 2065. 2065.
 2065. 2065. 
 2065. 2065.   39.   39.   39.   39.   39.   39.   39.   39.   39.   39.
   39.   39.   39.   39.   39.   39.   39.   39.   39. 2065. 2854. 2854.
   39.   39. 
   39.   39.   39. 2065. 2854. 2854. 2854. 2854. 2854. 2854. 2854. 2854.
 2065. 2065. 2065. 2065. 2854. 2854. 2065. 2065.   39.   39.   39.   39.
   39.   39. 
   39.   39. 2065. 2854. 2854. 2854. 2854. 2854. 2854. 2854. 2854. 2854.
 2854. 2854. 2065. 2065.   39.   39.   39.   39.   39.   39.   39.   39.
   39.   39. 
   39.   39.   39.   39.   39.   39. 2065. 2854. 2854. 2854.   39.   39.
   39.   39.   39. 2065. 2854. 2854. 2854. 2854. 2854. 2854. 2854. 2065.
 2065.   39. 
 2065. 2854. 2854. 2854. 2065. 2065.   39.   39.   39.   39.   39.   39.
   39.   39. 2065. 2854. 2854. 2854. 2854. 2854. 2854. 2854. 2854. 2854.
 2854. 2854. 
 2854. 2065. 2065.   39.   39.   39.   39.   39.   39.   39.   39.   39.
   39.   39.   39.   39.   39.   39. 2065. 2854. 2854. 2065.   39.   39.
   39.   39. 
   39. 2065. 2065. 2854. 2854. 2854. 2854. 2065. 2065. 2065.   39.   39.
 2065. 2854. 2854. 2854. 2065. 2065.   39.   39.   39.   39.   39.   39.
   39.   39. 
   39. 2065. 2854. 2854. 2854. 2854. 2854. 2854. 2854. 2854. 2854. 2854.
 2854. 2854. 2065.   39.   39.   39.   39.   39.   39.   39.   39.   39.
   39.   39. 
   39.   39.   39.   39. 2065. 2854. 2854. 2065.   39.   39.   39.   39.
   39.   39. 2065. 2065. 2065. 2065. 2065. 2065. 2065.   39.   39. 2065.
 2065. 2854. 
 2854. 2854. 2065.   39.   39.   39.   39.   39.   39.   39.   39.   39.
   39.   39. 2065. 2065. 2065. 2065. 2065. 2065. 2065. 2065. 2065. 2854.
 2854. 2854. 
 2065. 2065.   39.   39.   39.   39.   39.   39.   39.   39.   39.   39.
   39.   39.   39.   39. 2065. 2854. 2854. 2854. 2065. 2065. 2065. 2065.
 2065. 2065. 
 2065. 2065. 2065. 2065. 2065. 2065. 2065.   39.   39. 2065. 2065. 2854.
 2854. 2854. 2065.   39.   39.   39.   39.   39.   39.   39.   39.   39.
   39.   39. 
   39.   39.   39.   39.   39.   39.   39.   39. 2065. 2854. 2854. 2854.
 2065. 2065.   39.   39.   39.   39.   39.   39.   39.   39.   39.   39.
   39.   39. 
   39.   39.   39. 2065. 2854. 2854. 2065. 2065. 2065. 2854. 2854. 2854.
 2854. 2854. 2854. 2854. 2854. 2854. 2065. 2065.   39. 2065. 2065. 2854.
 2854. 2065. 
 2065.   39.   39.   39.   39.   39.   39.   39.   39.   39.   39.   39.
   39.   39.   39.   39.   39.   39.   39.   39. 2065. 2854. 2854. 2854.
 2065.   39. 
   39.   39.   39.   39.   39.   39.   39.   39.   39.   39.   39.   39.
   39.   39.   39.   39. 2065. 2854. 2854. 2854. 2854. 2854. 2854. 2854.
 2854. 2854. 
 2854. 2854. 2854. 2854. 2854. 2065. 2065.   39. 2065. 2854. 2854. 2065.
 2065.   39.   39.   39.   39. 2065. 2065. 2065. 2065. 2065.   39.   39.
   39.   39. 
   39.   39.   39.   39.   39.   39. 2065. 2854. 2854. 2854. 2065.   39.
   39.   39.   39.   39.   39.   39.   39.   39.   39.   39.   39.   39.
   39.   39. 
   39.   39.   39.   39. 2854. 2854. 2854. 2854. 2065. 2065. 2065. 2065.
 2065. 2065. 2854. 2854. 2854. 2065. 2065.   39. 2065. 2854. 2854. 2854.
 2065.   39. 
   39. 2065. 2065. 2065. 2065. 2065. 2065. 2065. 2065. 2065.   39.   39.
   39.   39.   39.   39.   39.   39. 2065. 2854. 2854. 2854. 2065.   39.
   39.   39. 
   39.   39.   39.   39.   39.   39.   39.   39.   39.   39.   39.   39.
   39.   39.   39.   39. 2065. 2065. 2065. 2065. 2065. 2065.   39. 2065.
 2065. 2065. 
 2065. 2854. 2854. 2854. 2065.   39. 2065. 2854. 2854. 2854. 2065. 2065.
 2065. 2065. 2854. 2854. 2854. 2854. 2854. 2854. 2854. 2065. 2065.   39.
   39.   39. 
   39.   39.   39.   39. 2065. 2854. 2854. 2854. 2065.   39.   39.   39.
   39.   39.   39.   39.   39.   39.   39.   39.   39.   39.   39.   39.
   39.   39. 
   39.   39.   39.   39.   39.   39.   39.   39.   39.   39.   39. 2065.
 2065. 2854. 2854. 2854. 2065.   39. 2065. 2065. 2854. 2854. 2854. 2854.
 2854. 2854. 
 2854. 2854. 2854. 2854. 2854. 2854. 2854. 2854. 2065. 2065.   39.   39.
   39.   39.   39.   39. 2065. 2854. 2854. 2854. 2065.   39.   39.   39.
   39.   39. 
   39.   39.   39.   39.   39.   39.   39.   39.   39.   39.   39.   39.
   39.   39.   39.   39.   39.   39.   39.   39.   39.   39.   39. 2065.
 2065. 2854. 
 2854. 2065. 2065.   39.   39. 2065. 2854. 2854. 2854. 2854. 2854. 2854.
 2854. 2854. 2065. 2065. 2065. 2065. 2854. 2854. 2065. 2065.   39.   39.
   39.   39. 
   39.   39.   39. 2065. 2854. 2854. 2065.   39.   39.   39. 2065. 2065.
 2065. 2065. 2065. 2065.   39.   39.   39.   39.   39.   39.   39.   39.
   39.   39. 
   39.   39.   39.   39.   39.   39.   39.   39.   39. 2065. 2854. 2854.
 2854. 2065. 2065.   39.   39. 2065. 2065. 2854. 2854. 2854. 2854. 2065.
 2065. 2065. 
 2065. 2065. 2065. 2854. 2854. 2854. 2065.   39.   39.   39.   39.   39.
   39.   39.   39. 2065. 2854. 2854. 2065. 2065. 2065. 2065. 2854. 2854.
 2854. 2854. 
 2854. 2854. 2065. 2065.   39.   39.   39.   39.   39.   39.   39.   39.
   39.   39.   39.   39.   39.   39.   39.   39.   39. 2065. 2854. 2854.
 2854. 2854. 
 2065.   39.   39.   39.   39. 2065. 2065. 2065. 2065. 2065. 2065.   39.
   39.   39. 2065. 2854. 2854. 2065. 2065.   39.   39.   39.   39.   39.
   39.   39. 
   39. 2065. 2854. 2854. 2854. 2065. 2854. 2854. 2854. 2854. 2854. 2854.
 2854. 2854. 2854. 2065. 2065.   39.   39.   39.   39.   39.   39.   39.
   39.   39. 
   39.   39.   39.   39.   39.   39.   39. 2065. 2065. 2854. 2854. 2854.
 2065.   39.   39.   39.   39. 2065. 2065. 2065. 2065. 2065. 2065. 2065.
 2065. 2065. 
 2065. 2854. 2854. 2065. 2065.   39.   39.   39.   39.   39.   39.   39.
   39. 2065. 2854. 2854. 2854. 2854. 2854. 2854. 2854. 2065. 2065. 2065.
 2854. 2854. 
 2854. 2854. 2065.   39.   39.   39.   39.   39.   39.   39.   39.   39.
   39.   39.   39.   39.   39.   39.   39.   39. 2065. 2854. 2854. 2854.
 2065.   39. 
   39.   39. 2065. 2065. 2854. 2854. 2854. 2854. 2854. 2854. 2854. 2065.
 2065. 2854. 2854. 2065.   39.   39.   39.   39.   39.   39.   39.   39.
   39.   39. 
 2065. 2065. 2065. 2854. 2065. 2065. 2065. 2065. 2065. 2065. 2065. 2854.
 2854. 2065. 2065.   39.   39.   39.   39.   39.   39.   39.   39.   39.
   39.   39. 
   39.   39.   39.   39.   39.   39. 2065. 2854. 2854. 2854. 2065.   39.
 2065. 2065. 2854. 2854. 2854. 2854. 2854. 2854. 2854. 2854. 2854. 2854.
 2065. 2854. 
 2854. 2065.   39.   39.   39.   39.   39.   39.   39.   39.   39.   39.
   39. 2065. 2065. 2065. 2065.   39.   39.   39.   39. 2065. 2854. 2854.
 2854. 2065. 
   39.   39.   39.   39.   39.   39.   39.   39.   39.   39.   39.   39.
   39.   39.   39.   39.   39.   39. 2065. 2854. 2854. 2854. 2065. 2065.
 2065. 2854. 
 2854. 2854. 2854. 2854. 2065. 2065. 2065. 2854. 2854. 2854. 2065. 2854.
 2854. 2065. 2065.   39.   39.   39. 2065. 2065. 2065. 2065. 2065.   39.
   39.   39. 
   39.   39.   39.   39.   39.   39.   39. 2065. 2854. 2854. 2854. 2065.
   39.   39.   39.   39.   39.   39.   39.   39.   39.   39.   39.   39.
   39.   39. 
   39.   39.   39.   39. 2065. 2854. 2854. 2854. 2854. 2854. 2854. 2854.
 2854. 2854. 2854. 2065. 2065.   39. 2065. 2854. 2854. 2854. 2065. 2854.
 2854. 2065. 
 2065.   39. 2065. 2065. 2065. 2854. 2854. 2854. 2065. 2065.   39.   39.
   39.   39.   39.   39.   39.   39.   39. 2065. 2854. 2854. 2854. 2065.
   39.   39. 
   39.   39.   39.   39.   39.   39.   39.   39.   39.   39.   39.   39.
   39.   39.   39.   39. 2065. 2065. 2854. 2854. 2854. 2854. 2854. 2854.
 2854. 2065. 
 2065. 2065.   39. 2065. 2065. 2854. 2854. 2854. 2065. 2854. 2854. 2854.
 2065. 2065. 2065. 2854. 2854. 2854. 2854. 2854. 2854. 2065. 2065.   39.
   39.   39. 
   39.   39.   39.   39. 2065. 2065. 2854. 2854. 2854. 2065.   39.   39.
   39.   39.   39.   39.   39.   39.   39.   39.   39.   39.   39.   39.
   39.   39. 
   39.   39.   39. 2065. 2065. 2854. 2854. 2854. 2854. 2065. 2065. 2065.
   39.   39.   39. 2065. 2854. 2854. 2854. 2065. 2065. 2854. 2854. 2854.
 2854. 2854. 
 2854. 2854. 2854. 2854. 2854. 2854. 2854. 2854. 2065. 2065.   39.   39.
   39.   39.   39. 2065. 2065. 2854. 2854. 2854. 2065. 2065.   39.   39.
   39.   39. 
   39.   39.   39.   39.   39.   39.   39.   39.   39.   39.   39.   39.
   39.   39.   39.   39. 2065. 2065. 2065. 2065. 2065. 2065.   39.   39.
   39.   39. 
 2065. 2065. 2854. 2854. 2854. 2065. 2065. 2065. 2854. 2854. 2854. 2854.
 2854. 2854. 2065. 2065. 2065. 2065. 2854. 2854. 2854. 2065.   39.   39.
   39.   39. 
   39. 2065. 2854. 2854. 2854. 2854. 2065.   39.   39.   39.   39.   39.
 2065. 2065.   39.   39.   39.   39.   39.   39.   39.   39.   39.   39.
   39.   39. 
   39.   39.   39. 2065. 2065. 2065.   39.   39.   39.   39.   39.   39.
 2065. 2854. 2854. 2854. 2065.   39.   39. 2065. 2065. 2065. 2065. 2065.
 2065. 2065. 
 2065.   39.   39. 2065. 2065. 2854. 2854. 2065.   39.   39.   39.   39.
 2065. 2065. 2854. 2854. 2854. 2065. 2065.   39.   39.   39. 2065. 2065.
 2065. 2065. 
 2065. 2065.   39.   39.   39.   39.   39.   39.   39.   39.   39.   39.
   39.   39.   39.   39.   39.   39.   39.   39.   39.   39.   39.   39.
 2065. 2854. 
 2854. 2065. 2065.   39.   39.   39.   39. 2065. 2065. 2065.   39.   39.
   39.   39.   39. 2065. 2854. 2854. 2854. 2065.   39.   39.   39.   39.
 2065. 2854. 
 2854. 2854. 2065. 2065. 2065.   39. 2065. 2065. 2854. 2854. 2854. 2854.
 2854. 2065. 
/