PERMI
   35.   35.   35.   35.   35. 2487. 2487. 3318. 3318. 3318. 3318. 2487.
 2487.   35.   35.   35.   35.   35.   35.   35.   35.   35.   35.   35.
   35.   35. 
 2487. 3318. 3318. 3318. 3318. 2487. 2487. 2487. 2487. 2487. 2487. 2487.
 3318. 3318. 3318. 3318. 2487. 2487.   35.   35. 2487. 2487. 2487. 3318.
 3318. 3318. 
 3318. 2487. 2487. 2487. 3318. 3318. 2487. 2487.   35.   35.   35.   35.
   35.   35.   35.   35.   35. 2487. 2487. 3318. 3318. 3318. 2487. 2487.
   35.   35. 
   35.   35.   35.   35.   35.   35.   35.   35.   35.   35.   35.   35.
 2487. 3318. 3318. 3318. 3318. 3318. 3318. 2487. 2487. 2487. 2487. 2487.
 3318. 3318. 
 3318. 2487. 2487.   35.   35.   35.   35. 2487. 2487. 3318. 3318. 3318.
 3318. 2487. 2487. 3318. 3318. 3318. 2487. 2487.   35.   35.   35.   35.
   35.   35. 
   35.   35. 2487. 2487. 3318. 3318. 3318. 2487. 2487.   35.   35.   35.
   35.   35.   35.   35.   35.   35.   35.   35.   35.   35.   35.   35.
 2487. 3318. 
 3318. 3318. 3318. 3318. 3318. 3318. 3318. 3318. 3318. 2487. 2487. 2487.
 2487. 2487.   35.   35.   35.   35. 2487. 2487. 3318. 3318. 3318. 3318.
 2487. 2487. 
 2487. 3318. 3318. 3318. 2487. 2487.   35.   35.   35.   35.   35.   35.
   35. 2487. 2487. 3318. 3318. 3318. 3318. 2487. 2487.   35.   35.   35.
   35.   35. 
   35.   35.   35.   35.   35.   35.   35.   35.   35.   35. 2487. 2487.
 3318. 3318. 3318. 3318. 3318. 3318. 3318. 3318. 3318. 3318. 2487. 2487.
 2487.   35. 
   35.   35.   35.   35. 2487. 2487. 3318. 3318. 3318. 2487. 2487. 2487.
 2487. 3318. 3318. 2487. 2487.   35.   35.   35.   35.   35.   35.   35.
   35. 2487. 
 2487. 3318. 3318. 3318. 2487. 2487.   35.   35.   35.   35.   35.   35.
   35.   35.   35.   35.   35.   35.   35.   35.   35.   35.   35. 2487.
 2487. 2487. 
 3318. 3318. 3318. 3318. 3318. 3318. 3318. 3318. 3318. 2487. 2487.   35.
   35.   35.   35.   35. 2487. 2487. 3318. 3318. 3318. 3318. 2487. 2487.
 2487. 3318. 
 3318. 2487. 2487.   35.   35.   35.   35.   35.   35.   35.   35. 2487.
 2487. 3318. 3318. 3318. 3318. 2487. 2487. 2487.   35.   35.   35.   35.
   35.   35. 
   35.   35.   35.   35.   35.   35.   35.   35.   35.   35.   35. 2487.
 2487. 2487. 2487. 2487. 2487. 3318. 3318. 3318. 3318. 3318. 2487.   35.
   35.   35. 
   35.   35. 2487. 2487. 3318. 3318. 3318. 3318. 3318. 2487. 2487. 2487.
 2487. 2487. 2487.   35.   35.   35.   35.   35.   35.   35.   35. 2487.
 2487. 3318. 
 3318. 3318. 3318. 3318. 2487. 2487. 2487. 2487. 2487.   35.   35.   35.
   35.   35.   35.   35.   35.   35.   35.   35.   35.   35.   35.   35.
   35. 2487. 
 2487. 2487. 2487. 2487. 3318. 3318. 3318. 2487. 2487. 2487.   35.   35.
   35.   35.   35. 2487. 2487. 3318. 3318. 3318. 3318. 3318. 3318. 2487.
 2487. 2487. 
 2487.   35.   35.   35.   35.   35.   35.   35.   35.   35. 2487. 2487.
 3318. 3318. 3318. 3318. 3318. 3318. 3318. 3318. 2487. 2487.   35.   35.
   35.   35. 
   35.   35.   35.   35.   35.   35.   35.   35.   35.   35.   35.   35.
 2487. 2487. 2487. 3318. 3318. 3318. 3318. 2487. 2487. 2487. 2487.   35.
   35.   35. 
   35. 2487. 2487. 2487. 3318. 3318. 3318. 3318. 3318. 3318. 2487. 2487.
 2487. 2487. 2487.   35.   35.   35.   35.   35.   35.   35.   35. 2487.
 2487. 3318. 
 3318. 3318. 3318. 3318. 3318. 3318. 3318. 2487. 2487.   35.   35.   35.
   35.   35.   35.   35.   35.   35.   35.   35.   35.   35.   35. 2487.
 2487. 2487. 
 3318. 3318. 3318. 3318. 2487. 2487. 3318. 2487. 2487.   35.   35.   35.
   35.   35. 2487. 2487. 2487. 3318. 3318. 3318. 3318. 3318. 2487. 2487.
 2487. 3318. 
 3318. 2487. 2487.   35.   35.   35.   35.   35.   35.   35. 2487. 2487.
 2487. 2487. 3318. 3318. 3318. 3318. 3318. 3318. 2487. 2487.   35.   35.
   35.   35. 
   35.   35.   35.   35.   35.   35.   35.   35.   35. 2487. 2487. 3318.
 3318. 3318. 3318. 2487. 2487. 3318. 3318. 2487. 2487.   35.   35.   35.
 2487. 2487. 
 2487. 2487. 2487. 2487. 2487. 3318. 3318. 3318. 3318. 2487. 2487. 3318.
 3318. 3318. 2487. 2487.   35.   35.   35.   35.   35.   35.   35.   35.
 2487. 2487. 
 2487. 2487. 3318. 3318. 3318. 3318. 3318. 2487. 2487.   35.   35.   35.
   35.   35.   35.   35.   35.   35.   35.   35. 2487. 2487. 3318. 3318.
 3318. 3318. 
 2487. 2487. 2487. 2487. 2487. 2487. 2487.   35.   35. 2487. 2487. 2487.
 2487. 3318. 3318. 3318. 3318. 3318. 3318. 3318. 3318. 3318. 2487. 2487.
 3318. 3318. 
 3318. 2487.   35.   35.   35.   35.   35.   35.   35.   35.   35.   35.
 2487. 2487. 2487. 2487. 3318. 3318. 3318. 2487. 2487.   35.   35.   35.
   35.   35. 
   35.   35.   35.   35.   35.   35. 2487. 3318. 3318. 3318. 3318. 2487.
 2487. 2487. 2487. 2487. 2487. 2487. 2487. 2487. 2487. 2487. 2487. 3318.
 3318. 3318. 
 3318. 3318. 3318. 3318. 3318. 3318. 3318. 2487. 2487. 2487. 3318. 3318.
 3318. 2487.   35.   35.   35.   35.   35.   35.   35.   35.   35.   35.
   35. 2487. 
 2487. 2487. 3318. 3318. 3318. 3318. 2487.   35.   35.   35.   35.   35.
   35.   35.   35.   35.   35. 2487. 2487. 3318. 3318. 3318. 3318. 3318.
 3318. 3318. 
 3318. 3318. 3318. 3318. 3318. 2487. 2487. 2487. 2487. 3318. 3318. 3318.
 3318. 3318. 3318. 3318. 3318. 3318. 2487. 2487. 2487. 2487. 3318. 3318.
 3318. 2487. 
   35.   35.   35.   35.   35.   35.   35.   35.   35.   35. 2487. 2487.
 2487. 3318. 3318. 3318. 3318. 2487. 2487.   35.   35.   35.   35.   35.
   35.   35. 
   35.   35.   35. 2487. 2487. 3318. 3318. 3318. 3318. 3318. 3318. 3318.
 3318. 3318. 3318. 3318. 3318. 3318. 2487. 2487. 2487. 3318. 3318. 3318.
 3318. 3318. 
 2487. 2487. 2487. 2487. 2487. 2487. 2487. 3318. 3318. 3318. 3318. 2487.
   35.   35.   35.   35.   35.   35.   35.   35.   35. 2487. 2487. 3318.
 3318. 3318. 
 3318. 3318. 3318. 2487. 2487.   35.   35.   35.   35.   35.   35.   35.
   35.   35.   35.   35. 2487. 2487. 3318. 3318. 3318. 3318. 3318. 3318.
 3318. 3318. 
 3318. 3318. 3318. 3318. 2487. 2487. 2487. 3318. 3318. 3318. 3318. 2487.
 2487. 2487. 2487. 2487. 2487. 2487. 3318. 3318. 3318. 3318. 2487. 2487.
   35.   35. 
   35.   35.   35.   35.   35.   35. 2487. 3318. 3318. 3318. 3318. 3318.
 3318. 3318. 2487. 2487.   35.   35.   35.   35.   35.   35.   35.   35.
   35.   35. 
   35.   35.   35. 2487. 2487. 2487. 2487. 2487. 2487. 2487. 2487. 2487.
 3318. 3318. 3318. 3318. 2487. 2487. 2487. 3318. 3318. 3318. 3318. 3318.
 3318. 2487. 
 2487. 2487. 2487. 3318. 3318. 3318. 3318. 2487. 2487.   35.   35.   35.
   35.   35.   35.   35.   35. 2487. 2487. 3318. 3318. 3318. 3318. 3318.
 2487. 2487. 
 2487.   35.   35.   35.   35.   35.   35.   35.   35.   35.   35.   35.
   35.   35.   35. 2487. 2487. 2487. 2487. 3318. 3318. 2487. 2487. 3318.
 3318. 3318. 
 3318. 3318. 2487. 2487. 2487. 2487. 2487. 3318. 3318. 3318. 3318. 2487.
 2487. 2487. 3318. 3318. 3318. 3318. 2487. 2487.   35.   35.   35.   35.
   35.   35. 
   35.   35.   35. 2487. 3318. 3318. 3318. 3318. 3318. 2487. 2487. 2487.
   35.   35.   35.   35.   35.   35.   35.   35.   35.   35.   35.   35.
   35.   35. 
   35. 2487. 2487. 3318. 3318. 3318. 2487. 2487. 2487. 3318. 3318. 3318.
 3318. 2487. 2487.   35. 2487. 2487. 2487. 2487. 3318. 3318. 3318. 3318.
 2487. 2487. 
 3318. 3318. 3318. 2487. 2487. 2487.   35.   35.   35.   35.   35.   35.
   35.   35. 2487. 2487. 3318. 3318. 3318. 3318. 2487. 2487.   35.   35.
   35.   35. 
   35.   35.   35.   35.   35.   35.   35.   35.   35.   35.   35.   35.
   35. 2487. 2487. 2487. 3318. 2487. 2487. 3318. 3318. 3318. 3318. 3318.
 2487. 2487. 
 2487.   35.   35.   35. 2487. 2487. 2487. 3318. 3318. 3318. 3318. 2487.
 2487. 3318. 2487. 2487. 2487.   35.   35.   35.   35.   35.   35.   35.
   35.   35. 
 2487. 3318. 3318. 3318. 3318. 2487.   35.   35.   35.   35.   35.   35.
   35.   35.   35.   35.   35.   35.   35.   35.   35.   35.   35.   35.
   35.   35. 
 2487. 2487. 2487. 2487. 3318. 3318. 3318. 3318. 3318. 2487. 2487. 3318.
 2487.   35.   35.   35.   35. 2487. 2487. 3318. 3318. 3318. 3318. 2487.
 2487. 2487. 
 2487.   35.   35.   35.   35.   35.   35.   35.   35.   35.   35.   35.
 2487. 3318. 3318. 3318. 3318. 2487.   35.   35.   35.   35.   35.   35.
   35.   35. 
   35.   35.   35.   35.   35.   35.   35.   35.   35.   35.   35.   35.
   35.   35. 2487. 3318. 3318. 3318. 3318. 2487. 2487. 2487. 3318. 3318.
 2487.   35. 
   35.   35.   35. 2487. 2487. 3318. 3318. 3318. 3318. 2487. 2487. 2487.
 2487. 2487.   35.   35.   35.   35.   35.   35.   35.   35.   35.   35.
 2487. 2487. 
 3318. 3318. 3318. 2487. 2487.   35.   35.   35.   35.   35.   35.   35.
   35.   35.   35.   35.   35.   35.   35.   35.   35.   35.   35.   35.
   35. 2487. 
 2487. 3318. 3318. 3318. 2487. 2487. 2487. 3318. 3318. 2487. 2487.   35.
   35.   35. 2487. 2487. 2487. 3318. 3318. 3318. 3318. 2487. 2487. 3318.
 2487. 2487. 
 2487.   35.   35.   35.   35.   35.   35.   35.   35.   35. 2487. 2487.
 3318. 3318. 3318. 3318. 2487. 2487.   35.   35.   35.   35.   35.   35.
   35.   35. 
   35.   35.   35.   35.   35.   35.   35.   35.   35.   35.   35. 2487.
 2487. 3318. 3318. 3318. 3318. 2487. 2487. 2487. 2487. 2487. 2487.   35.
   35. 2487. 
 2487. 3318. 3318. 3318. 3318. 3318. 2487. 2487. 3318. 3318. 3318. 2487.
 2487. 2487.   35.   35.   35.   35.   35.   35.   35.   35.   35. 2487.
 3318. 3318. 
 3318. 3318. 3318. 2487.   35.   35.   35.   35.   35.   35.   35.   35.
   35.   35.   35.   35.   35.   35.   35.   35.   35.   35.   35.   35.
 2487. 3318. 
 3318. 3318. 3318. 3318. 3318. 3318. 2487. 2487. 2487.   35. 2487. 2487.
 2487. 3318. 3318. 3318. 2487. 2487. 2487. 2487. 3318. 3318. 3318. 3318.
 2487. 2487. 
   35.   35.   35.   35.   35.   35.   35.   35.   35. 2487. 2487. 3318.
 3318. 3318. 3318. 2487. 2487.   35.   35.   35.   35.   35.   35.   35.
   35.   35. 
   35.   35.   35.   35.   35.   35.   35.   35.   35.   35. 2487. 2487.
 2487. 3318. 3318. 3318. 3318. 3318. 3318. 2487. 2487. 2487. 2487. 2487.
 3318. 3318. 
 3318. 3318. 2487. 2487. 2487. 2487. 2487. 3318. 3318. 3318. 3318. 2487.
 2487.   35.   35.   35.   35.   35.   35.   35.   35.   35. 2487. 2487.
 3318. 3318. 
 3318. 3318. 2487. 2487.   35.   35.   35.   35.   35.   35.   35.   35.
   35.   35.   35.   35.   35.   35.   35.   35.   35.   35. 2487. 2487.
 2487. 2487. 
 2487. 3318. 3318. 3318. 3318. 3318. 3318. 2487. 2487. 3318. 3318. 3318.
 3318. 2487. 2487.   35.   35. 2487. 2487. 2487. 3318. 3318. 3318. 2487.
 2487.   35. 
   35.   35.   35.   35.   35.   35.   35.   35.   35. 2487. 2487. 3318.
 3318. 3318. 3318. 2487.   35.   35.   35.   35.   35.   35.   35.   35.
   35.   35. 
   35.   35.   35.   35.   35.   35.   35.   35. 2487. 2487. 3318. 2487.
 2487. 2487. 3318. 3318. 3318. 3318. 3318. 3318. 2487. 3318. 3318. 3318.
 2487. 2487. 
 2487.   35.   35. 2487. 2487. 2487. 2487. 3318. 3318. 3318. 2487. 2487.
   35.   35.   35.   35.   35.   35.   35.   35.   35.   35. 2487. 3318.
 3318. 3318. 
 3318. 2487. 2487.   35.   35.   35.   35.   35.   35.   35.   35.   35.
   35.   35.   35.   35.   35.   35.   35.   35. 2487. 2487. 3318. 3318.
 3318. 2487. 
 2487. 2487. 3318. 3318. 3318. 3318. 2487. 3318. 3318. 2487. 2487. 2487.
 2487. 2487. 2487. 2487. 2487. 3318. 3318. 3318. 3318. 3318. 2487.   35.
   35.   35. 
   35.   35.   35.   35.   35.   35.   35.   35. 2487. 2487. 3318. 3318.
 3318. 2487. 2487.   35.   35.   35.   35.   35.   35.   35.   35.   35.
   35.   35. 
   35.   35.   35.   35.   35.   35.   35. 2487. 2487. 2487. 3318. 3318.
 3318. 2487. 3318. 3318. 3318. 3318. 2487. 3318. 3318. 2487. 2487. 2487.
 2487. 2487. 
 3318. 3318. 3318. 3318. 3318. 3318. 3318. 2487. 2487.   35.   35.   35.
   35.   35.   35.   35.   35.   35.   35. 2487. 2487. 2487. 3318. 3318.
 3318. 2487. 
 2487.   35.   35.   35.   35.   35.   35.   35.   35.   35.   35.   35.
   35.   35.   35.   35.   35.   35.   35. 2487. 2487. 2487. 2487. 3318.
 2487. 2487. 
 3318. 3318. 3318. 2487. 2487. 3318. 3318. 2487. 2487. 2487. 2487. 3318.
 3318. 3318. 3318. 3318. 3318. 3318. 2487. 2487. 2487.   35.   35.   35.
   35.   35. 
   35.   35.   35.   35. 2487. 2487. 3318. 3318. 3318. 3318. 3318. 2487.
 2487.   35.   35.   35.   35.   35.   35.   35.   35.   35.   35.   35.
   35.   35. 
   35.   35.   35.   35.   35.   35.   35. 2487. 2487. 2487. 2487. 3318.
 3318. 3318. 3318. 2487. 2487. 3318. 3318. 3318. 3318. 2487. 2487. 2487.
 3318. 3318. 
 2487. 2487. 2487. 2487. 2487. 2487.   35.   35.   35.   35.   35.   35.
   35.   35.   35. 2487. 2487. 3318. 3318. 3318. 3318. 3318. 2487. 2487.
   35.   35. 
   35.   35.   35.   35.   35.   35.   35.   35.   35.   35.   35.   35.
   35.   35.   35.   35.   35.   35.   35.   35. 2487. 2487. 3318. 3318.
 3318. 3318. 
 3318. 2487. 2487. 2487. 3318. 3318. 3318. 3318. 2487. 2487. 2487. 2487.
 2487. 2487. 2487.   35.   35.   35.   35.   35.   35.   35.   35.   35.
   35.   35. 
   35. 2487. 2487. 3318. 3318. 3318. 3318. 2487. 2487.   35.   35.   35.
   35.   35.   35.   35.   35.   35.   35.   35.   35.   35.   35.   35.
   35.   35. 
   35.   35.   35.   35.   35. 2487. 2487. 3318. 3318. 3318. 3318. 3318.
 2487. 2487. 2487. 2487. 2487. 3318. 3318. 3318. 3318. 2487. 2487. 2487.
 2487. 2487. 
 2487. 2487.   35.   35.   35.   35.   35.   35.   35.   35.   35.   35.
 2487. 2487. 3318. 3318. 3318. 3318. 2487. 2487.   35.   35.   35.   35.
   35.   35. 
   35.   35.   35.   35.   35.   35.   35.   35.   35.   35.   35.   35.
   35.   35.   35.   35.   35. 2487. 2487. 3318. 3318. 3318. 3318. 2487.
 2487. 2487. 
 2487. 2487. 2487. 2487. 2487. 3318. 3318. 3318. 2487. 2487. 3318. 3318.
 2487. 2487. 2487.   35.   35.   35.   35.   35.   35.   35.   35.   35.
 2487. 2487. 
 3318. 3318. 3318. 2487. 2487. 2487. 2487.   35.   35.   35.   35.   35.
   35.   35.   35.   35.   35.   35.   35.   35.   35.   35.   35.   35.
   35.   35. 
   35.   35.   35. 2487. 2487. 3318. 3318. 3318. 3318. 3318. 3318. 2487.
 2487. 2487. 2487. 2487. 2487. 2487. 3318. 3318. 2487. 2487. 3318. 3318.
 3318. 3318. 
 2487. 2487. 2487.   35.   35.   35.   35.   35.   35.   35. 2487. 3318.
 3318. 3318. 2487. 2487. 2487. 2487. 2487. 2487. 2487.   35.   35.   35.
   35.   35. 
   35.   35.   35.   35.   35.   35.   35.   35.   35.   35.   35.   35.
   35.   35.   35. 2487. 2487. 3318. 3318. 3318. 3318. 3318. 3318. 3318.
 2487. 2487. 
 2487. 2487. 2487. 3318. 3318. 3318. 2487. 2487. 3318. 3318. 3318. 3318.
 3318. 2487. 2487.   35.   35.   35.   35.   35.   35.   35. 2487. 2487.
 3318. 3318. 
 3318. 3318. 3318. 3318. 3318. 2487. 2487. 2487. 2487.   35.   35.   35.
   35.   35.   35.   35.   35.   35.   35.   35.   35.   35.   35.   35.
   35.   35. 
   35.   35. 2487. 2487. 3318. 3318. 3318. 3318. 3318. 3318. 3318. 3318.
 3318. 2487. 2487. 3318. 3318. 2487. 2487. 2487. 3318. 3318. 3318. 3318.
 3318. 3318. 
 2487. 2487.   35.   35.   35.   35.   35.   35. 2487. 2487. 3318. 3318.
 3318. 3318. 3318. 3318. 3318. 3318. 3318. 2487. 2487. 2487.   35.   35.
   35.   35. 
   35.   35.   35.   35.   35.   35.   35.   35.   35.   35.   35.   35.
   35.   35. 2487. 2487. 2487. 2487. 3318. 3318. 3318. 3318. 3318. 3318.
 3318. 2487. 
 2487. 3318. 2487. 2487. 2487. 2487. 2487. 2487. 2487. 3318. 3318. 3318.
 2487. 2487.   35.   35.   35.   35.   35.   35.   35. 2487. 2487. 2487.
 3318. 3318. 
 3318. 3318. 3318. 3318. 3318. 3318. 2487. 2487.   35.   35.   35.   35.
   35.   35.   35.   35.   35.   35.   35.   35.   35.   35.   35.   35.
   35.   35. 
 2487. 2487. 2487. 2487. 2487. 2487. 3318. 3318. 3318. 3318. 3318. 3318.
 2487. 2487. 2487. 2487.   35.   35.   35. 2487. 2487. 3318. 3318. 3318.
 2487. 2487. 
   35.   35.   35.   35.   35.   35.   35.   35. 2487. 2487. 2487. 2487.
 2487. 2487. 3318. 3318. 3318. 3318. 3318. 2487.   35.   35.   35.   35.
   35.   35. 
   35.   35.   35.   35.   35.   35.   35.   35.   35.   35.   35.   35.
   35. 2487. 2487. 2487. 2487. 2487. 3318. 3318. 3318. 3318. 3318. 3318.
 2487. 2487. 
 2487.   35.   35.   35. 2487. 2487. 3318. 3318. 3318. 3318. 2487. 2487.
   35.   35.   35.   35.   35.   35.   35.   35.   35.   35.   35.   35.
 2487. 2487. 
 2487. 3318. 3318. 3318. 3318. 2487.   35.   35.   35.   35.   35.   35.
   35.   35.   35.   35.   35.   35.   35.   35.   35.   35.   35.   35.
   35. 2487. 
 2487. 2487. 3318. 3318. 3318. 3318. 3318. 3318. 3318. 2487. 2487. 2487.
 2487.   35.   35.   35. 2487. 3318. 3318. 3318. 3318. 2487. 2487.   35.
   35.   35. 
   35.   35.   35.   35.   35.   35.   35.   35.   35.   35.   35. 2487.
 2487. 3318. 3318. 3318. 2487. 2487.   35.   35.   35.   35.   35.   35.
   35.   35. 
   35.   35.   35.   35.   35.   35.   35.   35.   35.   35.   35. 2487.
 2487. 3318. 3318. 3318. 3318. 3318. 3318. 3318. 3318. 2487. 2487. 2487.
   35.   35. 
 2487. 2487. 2487. 3318. 3318. 3318. 2487. 2487. 2487.   35.   35.   35.
   35.   35.   35.   35.   35.   35.   35.   35.   35.   35.   35. 2487.
 2487. 3318. 
 3318. 3318. 2487. 2487.   35.   35.   35.   35.   35.   35.   35.   35.
   35.   35.   35.   35.   35.   35.   35.   35.   35.   35.   35. 2487.
 3318. 3318. 
 3318. 3318. 3318. 3318. 3318. 2487. 2487. 2487. 2487. 2487. 2487. 2487.
 2487. 3318. 3318. 3318. 3318. 2487. 2487. 2487.   35.   35.   35.   35.
   35.   35. 
   35.   35.   35.   35.   35.   35.   35.   35.   35. 2487. 2487. 3318.
 3318. 3318. 2487. 2487.   35.   35.   35.   35.   35.   35.   35.   35.
   35.   35. 
   35.   35.   35.   35.   35.   35.   35.   35.   35. 2487. 3318. 3318.
 3318. 3318. 2487. 2487. 2487. 2487. 3318. 3318. 3318. 3318. 2487. 2487.
 3318. 3318. 
 3318. 3318. 3318. 2487. 2487.   35.   35.   35.   35.   35.   35.   35.
   35.   35.   35.   35.   35.   35.   35.   35. 2487. 2487. 3318. 3318.
 3318. 3318. 
 2487. 2487.   35.   35.   35.   35.   35.   35.   35.   35.   35.   35.
   35.   35.   35.   35.   35.   35.   35.   35.   35. 2487. 3318. 3318.
 3318. 3318. 
 3318. 2487. 2487. 2487. 3318. 3318. 3318. 3318. 3318. 2487. 2487. 3318.
 3318. 3318. 2487. 2487. 2487.   35.   35.   35.   35.   35.   35.   35.
   35.   35. 
   35.   35.   35.   35.   35.   35. 2487. 2487. 3318. 3318. 3318. 2487.
 2487.   35.   35.   35.   35.   35.   35.   35.   35.   35.   35.   35.
   35.   35. 
   35.   35.   35.   35.   35.   35.   35. 2487. 2487. 3318. 3318. 3318.
 3318. 3318. 3318. 2487. 2487. 2487. 3318. 3318. 3318. 2487. 2487. 3318.
 3318. 3318. 
 3318. 3318. 2487. 2487. 2487. 2487.   35.   35.   35.   35.   35.   35.
   35.   35.   35.   35.   35.   35. 2487. 2487. 3318. 3318. 3318. 2487.
 2487.   35. 
   35.   35.   35.   35.   35.   35.   35.   35.   35.   35.   35.   35.
   35.   35.   35.   35.   35.   35.   35.   35. 2487. 2487. 3318. 3318.
 3318. 3318. 
 3318. 3318. 2487. 2487. 2487. 3318. 3318. 2487. 2487. 3318. 3318. 3318.
 3318. 3318. 3318. 3318. 3318. 2487.   35.   35.   35.   35.   35.   35.
   35.   35. 
   35.   35.   35.   35. 2487. 2487. 3318. 3318. 3318. 3318. 2487. 2487.
 2487. 2487.   35.   35.   35.   35.   35.   35.   35.   35.   35.   35.
   35.   35. 
   35.   35.   35.   35.   35.   35.   35. 2487. 2487. 2487. 2487. 3318.
 3318. 3318. 3318. 3318. 2487. 2487. 3318. 2487. 2487. 3318. 3318. 3318.
 3318. 3318. 
 3318. 3318. 3318. 3318.   35.   35.   35.   35.   35.   35.   35.   35.
   35.   35.   35.   35. 2487. 2487. 2487. 3318. 3318. 3318. 3318. 2487.
 2487. 2487. 
 2487. 2487.   35.   35.   35.   35.   35.   35.   35.   35.   35.   35.
   35.   35.   35.   35.   35.   35.   35.   35.   35. 2487. 2487. 2487.
 3318. 3318. 
 3318. 3318. 2487. 2487. 2487. 2487. 2487. 2487. 2487. 2487. 3318. 3318.
 3318. 3318. 3318. 3318.   35.   35.   35.   35.   35.   35.   35.   35.
   35.   35. 
   35.   35.   35. 2487. 2487. 2487. 3318. 3318. 3318. 3318. 3318. 3318.
 3318. 2487. 2487.   35.   35.   35.   35.   35.   35.   35.   35.   35.
   35.   35. 
   35.   35.   35.   35.   35.   35.   35. 2487. 2487. 2487. 2487. 3318.
 3318. 3318. 3318. 2487. 2487. 2487. 2487. 2487. 2487. 2487. 2487. 2487.
 3318. 3318. 
 3318. 3318.   35.   35.   35.   35.   35.   35.   35.   35.   35.   35.
   35.   35.   35.   35. 2487. 2487. 2487. 2487. 3318. 3318. 3318. 3318.
 3318. 3318. 
 2487. 2487.   35.   35.   35.   35.   35.   35.   35.   35.   35.   35.
   35.   35.   35.   35.   35.   35. 2487. 2487. 3318. 2487. 2487. 2487.
 3318. 3318. 
 3318. 2487. 2487. 3318. 3318. 2487.   35.   35.   35. 2487. 2487. 2487.
 2487. 3318.   35.   35.   35.   35.   35.   35.   35.   35.   35.   35.
   35.   35. 
   35.   35.   35.   35. 2487. 2487. 2487. 2487. 3318. 3318. 3318. 3318.
 2487. 2487.   35.   35.   35.   35.   35.   35.   35.   35.   35.   35.
   35.   35. 
   35.   35.   35.   35. 2487. 2487. 2487. 2487. 2487. 3318. 3318. 3318.
 3318. 2487. 2487. 3318. 3318. 2487.   35.   35.   35.   35. 2487. 2487.
 3318. 3318. 
   35.   35.   35.   35.   35.   35.   35.   35.   35.   35.   35.   35.
   35.   35.   35.   35.   35. 2487. 2487. 2487. 2487. 3318. 3318. 3318.
 2487. 2487. 
   35.   35.   35.   35.   35.   35.   35.   35.   35.   35.   35.   35.
   35.   35.   35.   35. 2487. 2487. 2487. 3318. 3318. 3318. 3318. 3318.
 3318. 2487. 
 2487. 3318. 2487. 2487.   35.   35.   35. 2487. 2487. 3318. 3318. 3318.
   35.   35.   35.   35.   35.   35.   35.   35.   35.   35.   35.   35.
   35.   35. 
   35. 2487. 2487. 2487. 2487. 3318. 3318. 3318. 3318. 3318. 2487. 2487.
   35.   35.   35.   35.   35.   35.   35.   35.   35.   35.   35.   35.
   35.   35. 
   35. 2487. 2487. 3318. 3318. 3318. 3318. 3318. 3318. 3318. 2487. 2487.
 3318. 2487. 2487. 2487.   35.   35.   35. 2487. 2487. 3318. 3318. 3318.
   35.   35. 
   35.   35.   35.   35.   35.   35.   35.   35.   35.   35.   35.   35.
 2487. 2487. 2487. 3318. 3318. 3318. 3318. 3318. 3318. 2487. 2487.   35.
   35.   35. 
   35.   35.   35.   35.   35.   35.   35.   35.   35.   35.   35.   35.
 2487. 2487. 3318. 3318. 3318. 3318. 3318. 3318. 2487. 2487. 2487. 2487.
 2487. 2487. 
   35.   35.   35.   35.   35. 2487. 3318. 3318. 3318. 3318.   35.   35.
   35.   35.   35.   35.   35.   35.   35.   35.   35.   35.   35. 2487.
 2487. 3318. 
 3318. 3318. 3318. 3318. 3318. 3318. 2487. 2487.   35.   35.   35.   35.
   35.   35.   35.   35.   35.   35.   35.   35.   35.   35.   35.   35.
 2487. 2487. 
 3318. 3318. 3318. 3318. 2487. 2487. 2487. 2487. 2487. 2487. 2487.   35.
   35.   35.   35.   35. 2487. 2487. 3318. 3318. 3318. 3318.   35.   35.
   35.   35. 
   35.   35.   35.   35.   35.   35.   35.   35.   35. 2487. 2487. 3318.
 3318. 3318. 3318. 3318. 2487. 2487. 2487.   35.   35.   35.   35.   35.
   35.   35. 
   35.   35.   35.   35.   35.   35.   35.   35.   35.   35. 2487. 2487.
 3318. 3318. 3318. 3318. 2487. 2487. 3318. 3318. 3318. 2487. 2487. 2487.
   35.   35. 
   35. 2487. 2487. 3318. 3318. 3318. 3318. 2487.   35.   35.   35.   35.
   35.   35.   35.   35.   35.   35.   35.   35.   35. 2487. 3318. 3318.
 3318. 3318. 
 2487. 2487. 2487. 2487.   35.   35.   35.   35.   35.   35.   35.   35.
   35.   35.   35.   35.   35.   35.   35.   35.   35.   35. 2487. 2487.
 3318. 3318. 
 3318. 2487. 2487. 2487. 3318. 3318. 3318. 2487. 2487. 2487. 2487.   35.
   35. 2487. 3318. 3318. 3318. 3318. 2487. 2487.   35.   35.   35.   35.
   35.   35. 
   35.   35.   35.   35.   35.   35.   35. 2487. 3318. 3318. 3318. 3318.
 3318. 2487. 2487. 2487.   35.   35.   35.   35.   35.   35.   35.   35.
   35.   35. 
   35.   35.   35.   35.   35.   35.   35.   35. 2487. 2487. 3318. 3318.
 3318. 3318. 2487. 2487. 3318. 3318. 3318. 2487. 2487. 2487. 2487. 2487.
   35. 2487. 
 3318. 3318. 3318. 2487. 2487. 2487.   35.   35.   35.   35.   35.   35.
   35.   35.   35.   35.   35.   35.   35. 2487. 2487. 3318. 3318. 3318.
 3318. 3318. 
 3318. 2487. 2487.   35.   35.   35.   35.   35.   35.   35.   35.   35.
   35.   35.   35.   35.   35.   35.   35.   35. 2487. 2487. 2487. 3318.
 3318. 3318. 
 3318. 2487. 2487. 3318. 3318. 2487. 2487. 3318. 3318. 2487.   35. 2487.
 2487. 3318. 3318. 3318. 3318. 3318.   35.   35.   35.   35.   35.   35.
   35.   35. 
   35.   35.   35.   35.   35. 2487. 2487. 2487. 3318. 3318. 3318. 3318.
 3318. 3318. 2487. 2487.   35.   35.   35.   35.   35.   35.   35.   35.
   35.   35. 
   35.   35.   35.   35.   35.   35. 2487. 2487. 2487. 2487. 3318. 3318.
 3318. 3318. 2487. 2487. 2487. 2487. 2487. 3318. 3318. 2487. 2487. 2487.
 2487. 3318. 
 3318. 3318. 3318. 3318.   35.   35.   35.   35.   35.   35.   35.   35.
   35.   35.   35.   35.   35.   35. 2487. 2487. 2487. 3318. 3318. 3318.
 3318. 3318. 
 3318. 2487.   35.   35.   35.   35.   35.   35.   35.   35.   35.   35.
   35.   35.   35.   35.   35. 2487. 2487. 2487. 2487. 2487. 2487. 3318.
 3318. 3318. 
 3318. 2487. 2487. 2487. 3318. 3318. 3318. 2487. 2487. 2487. 2487. 3318.
 3318. 3318. 3318. 3318.   35.   35.   35.   35.   35.   35.   35.   35.
   35.   35. 
   35.   35.   35.   35.   35. 2487. 2487. 2487. 2487. 3318. 3318. 3318.
 3318. 2487. 2487.   35.   35.   35.   35.   35.   35.   35.   35.   35.
   35.   35. 
   35.   35.   35. 2487. 2487. 3318. 3318. 3318. 2487. 2487. 3318. 3318.
 3318. 2487. 2487. 3318. 3318. 3318. 3318. 2487. 2487.   35. 2487. 2487.
 2487. 3318. 
 2487. 2487.   35.   35.   35.   35.   35.   35.   35.   35.   35.   35.
   35.   35.   35.   35. 2487. 2487. 2487. 2487. 3318. 3318. 3318. 3318.
 3318. 2487. 
 2487.   35.   35.   35.   35.   35.   35.   35.   35.   35.   35.   35.
   35.   35.   35. 2487. 2487. 2487. 3318. 3318. 3318. 2487. 2487. 3318.
 3318. 3318. 
 2487. 2487. 3318. 3318. 2487. 2487.   35.   35.   35. 2487. 2487. 2487.
 2487. 2487. 
/