PERMI
   20.   20.   20.   20.   20.   20.   20.   20.   20.   20.   20.   20.
   20.   20. 2224. 2224. 3223. 3223. 3223. 2224. 2224. 2224. 2224. 3223.
 3223. 2224. 
 2224.   20.   20.   20.   20.   20.   20.   20.   20.   20.   20.   20.
   20.   20.   20.   20.   20.   20.   20.   20.   20. 2224. 2224. 2224.
 2224. 3223. 
 3223. 3223. 3223. 3223. 3223. 3223. 2224. 2224.   20. 2224. 2224. 3223.
   20.   20.   20.   20.   20.   20.   20.   20.   20.   20.   20.   20.
   20. 2224. 
 2224. 3223. 3223. 3223. 3223. 2224. 2224. 2224. 2224. 3223. 3223. 2224.
 2224.   20.   20.   20.   20.   20.   20.   20.   20.   20.   20.   20.
   20.   20. 
   20.   20.   20.   20.   20.   20. 2224. 2224. 3223. 3223. 3223. 3223.
 3223. 3223. 3223. 3223. 3223. 2224. 2224.   20.   20. 2224. 2224. 3223.
   20.   20. 
   20.   20.   20.   20.   20.   20.   20.   20.   20.   20. 2224. 2224.
 2224. 3223. 3223. 3223. 3223. 2224. 2224. 2224. 3223. 3223. 3223. 2224.
 2224.   20. 
   20.   20.   20.   20.   20.   20.   20.   20.   20.   20.   20.   20.
   20.   20.   20.   20.   20.   20. 2224. 2224. 3223. 3223. 3223. 3223.
 3223. 3223. 
 3223. 3223. 2224. 2224. 2224.   20. 2224. 2224. 3223. 3223.   20.   20.
   20.   20.   20.   20.   20.   20.   20.   20. 2224. 2224. 2224. 2224.
 3223. 3223. 
 3223. 3223. 3223. 2224. 2224. 2224. 3223. 3223. 3223. 2224.   20.   20.
   20.   20.   20.   20.   20.   20.   20.   20.   20.   20.   20.   20.
   20.   20. 
   20.   20.   20. 2224. 2224. 3223. 3223. 3223. 3223. 3223. 2224. 2224.
 2224. 2224. 2224.   20.   20.   20. 2224. 2224. 3223. 3223.   20.   20.
   20.   20. 
   20.   20.   20.   20. 2224. 2224. 2224. 2224. 2224. 3223. 3223. 3223.
 3223. 3223. 2224. 2224. 2224. 2224. 3223. 3223. 3223. 2224.   20.   20.
   20.   20. 
   20.   20.   20.   20.   20.   20.   20.   20.   20.   20.   20.   20.
   20.   20.   20. 2224. 2224. 3223. 3223. 3223. 2224. 2224. 2224. 2224.
 2224.   20. 
   20.   20.   20.   20. 2224. 2224. 3223. 3223.   20.   20.   20.   20.
   20.   20. 2224. 2224. 2224. 2224. 2224. 2224. 3223. 3223. 3223. 3223.
 3223. 2224. 
 2224. 2224. 2224. 3223. 3223. 3223. 2224. 2224.   20.   20.   20.   20.
   20.   20.   20.   20.   20.   20.   20.   20.   20.   20.   20.   20.
   20.   20. 
   20. 2224. 3223. 3223. 3223. 3223. 2224. 2224.   20.   20.   20.   20.
   20.   20.   20.   20.   20. 2224. 2224. 3223.   20.   20.   20.   20.
   20. 2224. 
 2224. 2224. 3223. 3223. 3223. 3223. 3223. 3223. 3223. 2224. 2224. 2224.
 2224. 2224. 2224. 3223. 3223. 3223. 2224.   20.   20.   20.   20.   20.
   20.   20. 
   20.   20.   20.   20.   20.   20.   20.   20.   20.   20.   20.   20.
   20. 2224. 2224. 3223. 3223. 3223. 2224. 2224.   20.   20.   20.   20.
   20.   20. 
   20.   20.   20. 2224. 2224. 3223.   20.   20.   20.   20. 2224. 2224.
 2224. 2224. 3223. 3223. 3223. 3223. 3223. 3223. 2224. 2224. 2224. 2224.
 2224. 2224. 
 3223. 3223. 3223. 2224. 2224.   20.   20.   20.   20.   20.   20.   20.
   20.   20.   20.   20.   20.   20.   20.   20.   20.   20.   20.   20.
   20. 2224. 
 2224. 3223. 3223. 3223. 2224. 2224.   20.   20.   20.   20.   20.   20.
   20.   20.   20. 2224. 2224. 3223.   20.   20.   20.   20. 2224. 2224.
 2224. 3223. 
 3223. 3223. 3223. 3223. 2224. 2224. 2224. 2224. 2224. 2224. 3223. 3223.
 3223. 3223. 2224. 2224.   20.   20.   20.   20.   20.   20.   20.   20.
   20.   20. 
   20.   20.   20.   20.   20. 2224. 2224. 2224. 2224. 2224. 2224. 2224.
 2224. 3223. 3223. 3223. 2224. 2224.   20.   20.   20.   20.   20.   20.
   20.   20. 
   20. 2224. 2224. 3223.   20.   20.   20. 2224. 2224. 2224. 3223. 3223.
 3223. 3223. 2224. 2224. 2224. 2224. 2224. 2224. 2224. 3223. 3223. 3223.
 3223. 3223. 
 2224. 2224.   20.   20.   20.   20.   20.   20.   20.   20.   20.   20.
   20.   20.   20.   20. 2224. 2224. 2224. 2224. 2224. 2224. 2224. 2224.
 2224. 3223. 
 3223. 3223. 2224. 2224.   20.   20.   20.   20.   20.   20.   20. 2224.
 2224. 2224. 2224. 3223.   20.   20.   20. 2224. 2224. 3223. 3223. 3223.
 3223. 3223. 
 2224. 2224. 2224. 2224. 2224. 3223. 3223. 3223. 3223. 3223. 2224. 2224.
 2224.   20.   20.   20.   20.   20.   20.   20.   20.   20.   20.   20.
   20.   20. 
   20. 2224. 2224. 2224. 3223. 3223. 3223. 3223. 2224. 2224. 2224. 3223.
 3223. 3223. 2224. 2224.   20.   20.   20.   20.   20. 2224. 2224. 2224.
 2224. 2224. 
 3223. 3223.   20.   20.   20. 2224. 2224. 3223. 3223. 3223. 3223. 2224.
 2224. 2224. 2224. 2224. 3223. 3223. 3223. 3223. 3223. 2224. 2224. 2224.
   20.   20. 
   20.   20.   20.   20.   20.   20.   20.   20.   20.   20.   20.   20.
   20. 2224. 2224. 3223. 3223. 3223. 3223. 3223. 3223. 3223. 3223. 3223.
 3223. 3223. 
 2224. 2224.   20.   20.   20.   20. 2224. 2224. 2224. 2224. 3223. 3223.
 3223. 3223.   20.   20.   20. 2224. 2224. 3223. 3223. 3223. 3223. 2224.
 2224. 2224. 
 2224. 3223. 3223. 3223. 3223. 3223. 2224. 2224.   20.   20.   20.   20.
   20.   20.   20.   20.   20.   20.   20.   20.   20.   20.   20.   20.
 2224. 2224. 
 2224. 3223. 3223. 3223. 3223. 3223. 3223. 3223. 3223. 3223. 3223. 2224.
 2224.   20.   20.   20.   20. 2224. 2224. 2224. 3223. 3223. 3223. 3223.
 3223. 3223. 
   20.   20. 2224. 2224. 2224. 3223. 3223. 3223. 2224. 2224. 2224. 2224.
 2224. 3223. 3223. 3223. 3223. 2224. 2224.   20.   20.   20.   20.   20.
   20.   20. 
   20.   20.   20.   20.   20.   20.   20.   20.   20.   20. 2224. 2224.
 3223. 3223. 3223. 2224. 2224. 2224. 2224. 3223. 3223. 3223. 2224. 2224.
 2224.   20. 
   20.   20.   20. 2224. 2224. 3223. 3223. 3223. 3223. 3223. 3223. 3223.
   20. 2224. 2224. 2224. 2224. 3223. 3223. 3223. 2224. 2224. 2224. 2224.
 3223. 3223. 
 3223. 3223. 2224. 2224.   20.   20.   20.   20.   20.   20.   20.   20.
   20.   20.   20.   20.   20. 2224. 2224. 2224. 2224.   20. 2224. 2224.
 3223. 3223. 
 3223. 2224. 2224. 2224. 2224. 2224. 2224. 2224. 2224. 2224.   20.   20.
   20.   20. 2224. 2224. 2224. 3223. 3223. 3223. 3223. 3223. 3223. 2224.
 2224. 2224. 
 2224. 2224. 3223. 3223. 3223. 3223. 2224. 2224. 2224. 2224. 3223. 3223.
 3223. 3223. 2224.   20.   20.   20.   20.   20.   20.   20.   20.   20.
   20.   20. 
   20. 2224. 2224. 2224. 2224. 2224. 2224. 2224. 2224. 2224. 3223. 3223.
 3223. 2224. 2224.   20. 2224. 2224. 2224. 2224.   20.   20.   20.   20.
   20.   20. 
 2224. 2224. 3223. 3223. 3223. 3223. 2224. 2224. 2224. 2224. 2224. 3223.
 3223. 3223. 3223. 3223. 3223. 2224. 2224. 2224. 2224. 2224. 3223. 3223.
 3223. 2224. 
 2224.   20.   20.   20.   20.   20.   20.   20.   20.   20.   20.   20.
   20. 2224. 2224. 3223. 3223. 3223. 3223. 2224. 2224. 3223. 3223. 3223.
 3223. 2224. 
 2224.   20.   20.   20.   20.   20.   20.   20.   20.   20.   20.   20.
 2224. 2224. 3223. 3223. 3223. 3223. 2224. 2224. 2224.   20. 3223. 3223.
 3223. 3223. 
 3223. 3223. 3223. 2224. 2224. 2224. 2224. 3223. 3223. 3223. 3223. 2224.
 2224.   20.   20.   20.   20.   20.   20.   20.   20.   20.   20.   20.
 2224. 2224. 
 3223. 3223. 3223. 3223. 3223. 3223. 3223. 3223. 3223. 3223. 2224. 2224.
 2224.   20.   20.   20.   20.   20.   20.   20.   20.   20.   20.   20.
 2224. 2224. 
 3223. 3223. 3223. 3223. 2224. 2224.   20.   20. 3223. 3223. 3223. 3223.
 3223. 3223. 2224. 2224. 2224. 2224. 2224. 3223. 3223. 3223. 3223. 2224.
   20.   20. 
   20.   20.   20.   20.   20.   20.   20.   20.   20. 2224. 2224. 2224.
 3223. 3223. 3223. 3223. 3223. 3223. 3223. 3223. 3223. 2224. 2224. 2224.
   20.   20. 
   20.   20.   20.   20.   20.   20.   20.   20.   20.   20. 2224. 2224.
 3223. 3223. 3223. 3223. 2224. 2224.   20.   20. 3223. 3223. 3223. 3223.
 2224. 2224. 
 2224. 2224. 2224. 2224. 3223. 3223. 3223. 3223. 2224. 2224.   20.   20.
   20.   20.   20.   20.   20.   20.   20.   20.   20. 2224. 2224. 3223.
 3223. 3223. 
 3223. 2224. 3223. 3223. 3223. 2224. 2224. 2224. 2224.   20.   20.   20.
   20.   20.   20.   20.   20.   20.   20. 2224. 2224. 2224. 2224. 2224.
 3223. 3223. 
 3223. 3223. 2224. 2224.   20.   20. 3223. 2224. 2224. 2224. 2224. 2224.
 2224. 3223. 3223. 3223. 3223. 3223. 3223. 2224. 2224.   20.   20.   20.
   20.   20. 
   20.   20.   20.   20.   20.   20.   20. 2224. 2224. 3223. 3223. 3223.
 2224. 2224. 2224. 2224. 2224. 2224. 2224. 2224.   20.   20.   20.   20.
   20.   20. 
   20.   20.   20. 2224. 2224. 2224. 2224. 2224. 3223. 3223. 3223. 3223.
 3223. 2224. 2224. 2224.   20.   20. 2224. 2224. 2224. 2224. 3223. 3223.
 3223. 3223. 
 3223. 3223. 3223. 3223. 2224. 2224. 2224.   20.   20.   20.   20.   20.
   20.   20.   20.   20.   20.   20. 2224. 2224. 3223. 3223. 3223. 3223.
 2224. 2224. 
 2224. 2224. 2224. 2224.   20.   20.   20.   20.   20.   20.   20.   20.
   20. 2224. 2224. 2224. 2224. 2224. 3223. 3223. 3223. 3223. 3223. 3223.
 3223. 2224. 
 2224.   20.   20.   20. 2224. 2224. 3223. 3223. 3223. 3223. 3223. 3223.
 3223. 3223. 3223. 3223. 2224. 2224.   20.   20.   20.   20.   20.   20.
   20.   20. 
   20.   20.   20.   20. 2224. 2224. 3223. 3223. 3223. 3223. 2224.   20.
   20.   20.   20.   20.   20.   20.   20.   20.   20.   20.   20.   20.
 2224. 2224. 
 2224. 3223. 3223. 3223. 3223. 3223. 3223. 3223. 3223. 2224. 2224. 2224.
 2224.   20.   20.   20. 3223. 3223. 3223. 3223. 3223. 3223. 3223. 3223.
 3223. 2224. 
 2224. 2224. 2224.   20.   20.   20.   20.   20.   20.   20.   20.   20.
   20.   20.   20.   20. 2224. 2224. 3223. 3223. 3223. 3223. 2224.   20.
   20.   20. 
   20.   20.   20.   20.   20.   20.   20.   20.   20. 2224. 2224. 2224.
 3223. 3223. 3223. 3223. 3223. 3223. 3223. 3223. 2224. 2224. 2224. 2224.
   20.   20. 
   20.   20. 3223. 3223. 3223. 3223. 3223. 3223. 2224. 2224. 2224. 2224.
 2224.   20.   20.   20.   20.   20.   20.   20.   20.   20.   20.   20.
   20.   20. 
   20.   20. 2224. 2224. 3223. 3223. 3223. 3223. 2224.   20.   20.   20.
   20.   20.   20.   20.   20.   20.   20.   20.   20. 2224. 2224. 3223.
 3223. 3223. 
 3223. 3223. 2224. 2224. 2224. 2224. 2224. 2224.   20.   20.   20.   20.
   20. 2224. 3223. 3223. 2224. 2224. 2224. 2224. 2224. 2224.   20.   20.
   20.   20. 
   20.   20.   20.   20.   20.   20.   20.   20.   20.   20.   20.   20.
   20.   20. 2224. 2224. 3223. 3223. 3223. 3223. 2224.   20.   20.   20.
   20.   20. 
   20.   20.   20.   20.   20.   20. 2224. 2224. 3223. 3223. 3223. 3223.
 3223. 2224. 2224. 2224. 2224. 2224.   20.   20.   20.   20.   20.   20.
 2224. 2224. 
 3223. 2224. 2224. 2224.   20.   20.   20.   20.   20.   20.   20.   20.
   20.   20.   20.   20.   20.   20.   20.   20.   20.   20.   20.   20.
 2224. 2224. 
 2224. 3223. 3223. 3223. 3223. 2224. 2224.   20.   20.   20.   20.   20.
   20.   20.   20.   20.   20.   20. 2224. 2224. 3223. 3223. 3223. 3223.
 2224. 2224. 
   20.   20.   20.   20.   20.   20.   20.   20.   20. 2224. 2224. 3223.
 2224. 2224.   20.   20.   20.   20.   20.   20.   20.   20.   20.   20.
   20.   20. 
   20.   20.   20.   20.   20.   20.   20.   20. 2224. 2224. 2224. 2224.
 3223. 3223. 3223. 3223. 3223. 2224. 2224.   20.   20.   20.   20.   20.
   20.   20. 
   20.   20.   20. 2224. 2224. 2224. 3223. 3223. 3223. 2224. 2224. 2224.
   20.   20.   20.   20.   20.   20.   20.   20.   20. 2224. 2224. 3223.
 2224. 2224. 
   20.   20.   20.   20.   20.   20.   20.   20.   20.   20.   20.   20.
   20.   20.   20.   20.   20.   20.   20. 2224. 2224. 3223. 3223. 3223.
 3223. 3223. 
 3223. 3223. 2224. 2224. 2224.   20.   20.   20.   20.   20.   20.   20.
   20.   20.   20. 2224. 2224. 3223. 3223. 3223. 3223. 2224. 2224.   20.
   20.   20. 
   20.   20.   20.   20.   20.   20. 2224. 2224. 3223. 3223. 2224.   20.
   20.   20.   20.   20.   20.   20.   20.   20.   20.   20.   20.   20.
   20.   20. 
   20.   20.   20.   20. 2224. 2224. 3223. 3223. 3223. 3223. 3223. 3223.
 3223. 2224. 2224. 2224.   20.   20. 2224. 2224. 2224. 2224. 2224. 2224.
 2224. 2224. 
 2224. 2224. 2224. 3223. 3223. 3223. 3223. 2224. 2224.   20.   20.   20.
   20.   20.   20.   20.   20.   20. 2224. 2224. 3223. 3223. 2224.   20.
   20.   20. 
   20.   20.   20.   20.   20.   20.   20.   20.   20.   20.   20.   20.
   20.   20.   20.   20. 2224. 2224. 3223. 3223. 3223. 3223. 3223. 3223.
 2224. 2224. 
 2224.   20.   20. 2224. 2224. 2224. 2224. 2224. 2224. 2224. 2224. 2224.
 2224. 2224. 2224. 3223. 3223. 3223. 3223. 2224. 2224.   20.   20.   20.
   20.   20. 
   20.   20.   20.   20. 2224. 2224. 3223. 3223.   20.   20.   20.   20.
   20.   20.   20.   20.   20.   20.   20.   20.   20.   20.   20.   20.
   20.   20. 
   20. 2224. 2224. 3223. 3223. 3223. 3223. 3223. 2224. 2224. 2224.   20.
   20.   20. 2224. 2224. 2224. 3223. 3223. 3223. 3223. 3223. 3223. 3223.
 3223. 3223. 
 3223. 3223. 3223. 3223. 2224. 2224. 2224.   20.   20.   20.   20.   20.
   20.   20.   20. 2224. 2224. 3223. 3223. 3223.   20.   20.   20.   20.
   20.   20. 
   20.   20.   20.   20.   20.   20.   20.   20.   20.   20.   20.   20.
   20. 2224. 2224. 3223. 3223. 3223. 3223. 2224. 2224. 2224.   20.   20.
 2224. 2224. 
 2224. 3223. 3223. 3223. 3223. 3223. 3223. 3223. 3223. 3223. 3223. 3223.
 3223. 3223. 3223. 3223. 2224. 2224.   20.   20.   20.   20.   20.   20.
   20.   20. 
   20. 2224. 2224. 3223. 3223. 3223.   20.   20.   20.   20.   20.   20.
   20.   20.   20.   20.   20.   20.   20.   20.   20.   20.   20.   20.
   20. 2224. 
 2224. 3223. 3223. 3223. 2224. 2224.   20.   20.   20.   20. 2224. 2224.
 3223. 3223. 3223. 3223. 3223. 3223. 3223. 3223. 3223. 3223. 3223. 3223.
 3223. 3223. 
 3223. 2224. 2224. 2224.   20.   20.   20.   20.   20.   20.   20.   20.
   20. 2224. 2224. 3223. 3223. 3223.   20.   20.   20.   20.   20.   20.
   20.   20. 
   20.   20.   20.   20.   20.   20.   20.   20.   20.   20.   20. 2224.
 3223. 3223. 3223. 3223. 2224.   20.   20.   20.   20. 2224. 2224. 3223.
 3223. 3223. 
 3223. 3223. 3223. 3223. 3223. 3223. 3223. 3223. 3223. 3223. 3223. 2224.
 2224. 2224. 2224.   20.   20.   20.   20.   20.   20.   20.   20.   20.
   20. 2224. 
 3223. 3223. 3223. 2224.   20.   20.   20.   20.   20.   20.   20.   20.
   20.   20.   20.   20.   20.   20.   20.   20.   20.   20.   20. 2224.
 3223. 3223. 
 3223. 2224. 2224.   20.   20.   20. 2224. 2224. 3223. 3223. 3223. 3223.
 3223. 2224. 2224. 2224. 2224. 2224. 2224. 2224. 2224. 2224. 2224. 2224.
 2224. 2224. 
   20.   20.   20.   20.   20.   20.   20.   20.   20.   20. 2224. 2224.
 3223. 3223. 3223. 2224.   20.   20.   20.   20.   20.   20.   20.   20.
   20.   20. 
   20.   20.   20.   20.   20.   20.   20.   20. 2224. 2224. 3223. 3223.
 3223. 2224. 2224.   20.   20. 2224. 2224. 2224. 3223. 3223. 3223. 3223.
 2224. 2224. 
 2224. 2224. 2224. 2224. 2224. 2224. 2224. 2224. 2224. 2224.   20.   20.
   20.   20.   20.   20.   20.   20.   20.   20.   20.   20. 2224. 2224.
 3223. 3223. 
 3223. 2224.   20.   20.   20.   20.   20.   20.   20.   20.   20.   20.
   20.   20.   20.   20.   20.   20.   20.   20. 2224. 2224. 2224. 2224.
 2224. 2224. 
 2224. 2224. 2224. 2224. 2224. 3223. 3223. 3223. 3223. 2224. 2224.   20.
   20.   20.   20.   20.   20.   20.   20.   20.   20.   20.   20.   20.
   20.   20. 
   20.   20.   20.   20.   20.   20.   20. 2224. 2224. 3223. 3223. 3223.
 2224. 2224.   20.   20.   20.   20.   20.   20.   20.   20.   20.   20.
   20.   20. 
   20.   20.   20.   20.   20. 2224. 2224. 2224. 2224. 2224. 2224. 2224.
 2224. 2224. 2224. 2224. 2224. 3223. 3223. 3223. 2224. 2224. 2224.   20.
   20.   20. 
   20.   20.   20.   20.   20.   20.   20.   20.   20.   20.   20.   20.
   20.   20.   20.   20.   20.   20.   20. 2224. 2224. 3223. 3223. 3223.
 2224.   20. 
   20.   20.   20.   20.   20.   20.   20.   20.   20.   20.   20.   20.
   20.   20.   20. 2224. 2224. 2224. 2224. 2224. 3223. 3223. 3223. 3223.
 3223. 3223. 
 3223. 3223. 3223. 3223. 3223. 3223. 2224. 2224.   20.   20.   20.   20.
   20.   20.   20.   20.   20.   20.   20.   20.   20.   20.   20.   20.
   20.   20. 
   20.   20.   20.   20. 2224. 2224. 3223. 3223. 3223. 2224. 2224.   20.
   20.   20.   20.   20.   20.   20.   20.   20.   20.   20.   20.   20.
 2224. 2224. 
 2224. 2224. 2224. 2224. 3223. 3223. 3223. 3223. 3223. 3223. 3223. 3223.
 3223. 3223. 3223. 3223. 2224. 2224. 2224. 2224.   20.   20.   20.   20.
   20.   20. 
   20.   20.   20.   20.   20.   20.   20.   20.   20.   20.   20.   20.
   20.   20.   20.   20. 2224. 2224. 3223. 3223. 3223. 2224. 2224.   20.
   20.   20. 
   20.   20.   20.   20.   20.   20.   20.   20. 2224. 2224. 2224. 2224.
 3223. 2224. 2224. 2224. 3223. 3223. 3223. 3223. 3223. 3223. 3223. 3223.
 3223. 3223. 
 3223. 3223. 2224. 2224.   20.   20.   20.   20.   20.   20.   20.   20.
   20.   20.   20.   20.   20.   20.   20.   20.   20.   20.   20.   20.
   20.   20. 
   20. 2224. 2224. 3223. 3223. 3223. 2224. 2224.   20.   20.   20.   20.
   20.   20.   20.   20.   20.   20.   20. 2224. 2224. 2224. 2224. 3223.
 3223. 2224. 
 2224. 3223. 3223. 3223. 3223. 3223. 3223. 2224. 2224. 2224. 2224. 2224.
 2224. 2224. 2224. 2224.   20.   20.   20.   20.   20.   20.   20.   20.
   20.   20. 
   20.   20.   20.   20.   20.   20.   20.   20.   20.   20.   20.   20.
   20. 2224. 2224. 3223. 3223. 3223. 2224. 2224.   20.   20.   20.   20.
   20.   20. 
   20.   20.   20.   20. 2224. 2224. 2224. 3223. 3223. 3223. 2224. 2224.
 2224. 3223. 3223. 3223. 3223. 2224. 2224. 2224. 2224. 2224. 2224. 2224.
 2224. 2224. 
 2224.   20.   20.   20.   20.   20.   20.   20.   20.   20.   20.   20.
   20.   20.   20.   20.   20.   20.   20.   20.   20.   20.   20.   20.
   20. 2224. 
 2224. 3223. 3223. 3223. 2224. 2224.   20.   20.   20.   20.   20.   20.
   20.   20.   20.   20. 2224. 2224. 3223. 3223. 3223. 3223. 2224. 2224.
 3223. 3223. 
 3223. 3223. 2224. 2224. 2224. 2224.   20. 2224. 2224. 2224.   20.   20.
   20.   20.   20.   20.   20.   20.   20.   20.   20.   20.   20.   20.
   20.   20. 
   20.   20.   20.   20.   20.   20.   20.   20.   20.   20. 2224. 2224.
 2224. 3223. 3223. 3223. 2224. 2224.   20.   20.   20.   20.   20.   20.
   20.   20. 
   20. 2224. 2224. 3223. 3223. 3223. 2224. 2224. 2224. 2224. 3223. 3223.
 3223. 3223. 2224. 2224.   20.   20.   20.   20.   20.   20.   20.   20.
   20.   20. 
   20.   20.   20.   20.   20.   20.   20.   20.   20.   20.   20.   20.
   20.   20.   20.   20.   20.   20.   20.   20.   20.   20. 2224. 2224.
 3223. 3223. 
 3223. 2224. 2224.   20.   20.   20.   20.   20.   20.   20.   20.   20.
 2224. 2224. 2224. 3223. 3223. 2224. 2224. 2224. 2224. 2224. 3223. 3223.
 3223. 2224. 
 2224. 2224.   20.   20.   20.   20.   20.   20.   20.   20.   20.   20.
   20.   20.   20.   20.   20.   20.   20.   20.   20.   20.   20.   20.
   20.   20. 
   20.   20.   20.   20.   20.   20.   20. 2224. 2224. 2224. 3223. 3223.
 3223. 2224. 2224.   20.   20.   20.   20.   20.   20.   20.   20. 2224.
 2224. 2224. 
 3223. 3223. 2224. 2224. 2224. 2224. 3223. 3223. 3223. 3223. 3223. 2224.
 2224. 2224.   20.   20.   20.   20.   20.   20.   20.   20.   20.   20.
   20.   20. 
   20.   20.   20.   20.   20.   20.   20.   20.   20.   20.   20.   20.
   20.   20.   20.   20.   20. 2224. 2224. 2224. 2224. 3223. 3223. 3223.
 3223. 2224. 
 2224.   20.   20.   20.   20.   20.   20.   20. 2224. 2224. 2224. 3223.
 3223. 2224. 2224. 2224. 2224. 3223. 3223. 3223. 3223. 3223. 3223. 2224.
 2224.   20. 
 20. 20. 20. 20. 20. 20. 20. 20. 20. 20. 20. 20. 20. 20. 20. 20. 20. 20.
 20. 20. 20. 20. 20. 20. 20. 20. 
 2224. 2224. 2224. 2224. 2224. 2224. 3223. 3223. 3223. 3223. 2224. 2224.
 2224.   20.   20.   20.   20. 2224. 2224. 2224. 2224. 2224. 3223. 3223.
 2224. 2224. 
 2224. 3223. 3223. 3223. 3223. 3223. 3223. 2224. 2224. 2224. 2224.   20.
   20.   20.   20.   20.   20.   20.   20.   20.   20.   20.   20.   20.
   20.   20. 
   20.   20.   20.   20.   20.   20.   20.   20.   20.   20.   20. 2224.
 2224. 2224. 2224. 3223. 3223. 3223. 3223. 3223. 3223. 2224. 2224. 2224.
   20.   20. 
   20.   20. 2224. 2224. 2224. 2224. 3223. 3223. 3223. 3223. 2224. 2224.
 3223. 3223. 3223. 3223. 3223. 2224. 2224. 2224. 2224. 2224.   20.   20.
   20.   20. 
   20.   20.   20.   20.   20.   20.   20.   20.   20.   20.   20.   20.
   20.   20.   20.   20.   20.   20.   20.   20.   20.   20. 2224. 2224.
 2224. 3223. 
 3223. 3223. 3223. 3223. 3223. 3223. 2224. 2224. 2224.   20.   20.   20.
   20.   20. 3223. 3223. 3223. 3223. 3223. 3223. 3223. 2224. 2224. 2224.
 3223. 3223. 
 3223. 3223. 2224. 2224. 2224. 2224.   20.   20.   20.   20.   20.   20.
   20.   20.   20.   20.   20.   20.   20.   20.   20.   20.   20.   20.
   20.   20. 
   20.   20.   20.   20.   20.   20.   20.   20. 2224. 2224. 3223. 3223.
 3223. 3223. 3223. 3223. 2224. 2224. 2224. 2224.   20.   20.   20.   20.
   20.   20. 
 3223. 3223. 3223. 3223. 3223. 3223. 3223. 2224. 2224. 3223. 3223. 3223.
 3223. 2224. 2224. 2224.   20.   20.   20.   20.   20.   20.   20.   20.
   20.   20. 
   20.   20.   20.   20.   20.   20.   20.   20.   20.   20.   20.   20.
   20.   20.   20.   20.   20.   20.   20. 2224. 2224. 3223. 3223. 3223.
 3223. 3223. 
 2224. 2224. 2224. 2224. 2224.   20.   20.   20.   20.   20.   20.   20.
 3223. 3223. 3223. 3223. 3223. 2224. 2224. 2224. 2224. 3223. 3223. 3223.
 2224. 2224. 
 2224.   20.   20.   20.   20.   20.   20.   20.   20.   20.   20.   20.
   20.   20.   20.   20.   20.   20.   20.   20.   20.   20.   20.   20.
   20.   20. 
   20.   20.   20.   20.   20. 2224. 2224. 3223. 3223. 3223. 3223. 2224.
 2224. 2224. 2224.   20.   20.   20.   20.   20.   20.   20.   20.   20.
 3223. 3223. 
 3223. 2224. 2224. 2224. 2224. 2224. 3223. 3223. 3223. 3223. 2224. 2224.
   20.   20.   20.   20.   20.   20.   20.   20.   20.   20.   20.   20.
   20.   20. 
   20.   20.   20.   20.   20.   20.   20.   20.   20.   20.   20.   20.
   20.   20.   20.   20.   20. 2224. 2224. 3223. 3223. 3223. 2224. 2224.
   20.   20. 
   20.   20.   20.   20.   20.   20.   20.   20.   20.   20. 2224. 2224.
 2224. 2224. 2224. 2224. 2224. 2224. 3223. 3223. 3223. 2224. 2224. 2224.
   20.   20. 
 20. 20. 20. 20. 20. 20. 20. 20. 20. 20. 20. 20. 20. 20. 20. 20. 20. 20.
 20. 20. 20. 20. 20. 20. 20. 20. 
   20.   20. 2224. 2224. 3223. 3223. 3223. 3223. 2224.   20.   20.   20.
   20.   20.   20.   20.   20.   20.   20.   20.   20.   20. 2224. 2224.
   20. 2224. 
 2224. 2224. 2224. 3223. 3223. 3223. 3223. 2224. 2224.   20.   20.   20.
   20.   20.   20.   20.   20.   20.   20.   20.   20.   20.   20.   20.
   20.   20. 
   20.   20.   20.   20.   20.   20.   20.   20.   20.   20.   20.   20.
   20. 2224. 2224. 2224. 3223. 3223. 3223. 2224. 2224.   20.   20.   20.
   20.   20. 
   20.   20.   20.   20.   20.   20.   20.   20. 2224. 2224. 2224. 2224.
 2224. 2224. 3223. 3223. 3223. 3223. 2224. 2224. 2224.   20.   20.   20.
   20.   20. 
   20.   20.   20.   20.   20.   20.   20.   20.   20.   20.   20.   20.
   20.   20.   20.   20.   20.   20.   20.   20.   20.   20. 2224. 2224.
 2224. 2224. 
 2224. 3223. 3223. 3223. 3223. 2224. 2224.   20.   20.   20.   20.   20.
   20.   20.   20.   20.   20.   20.   20.   20. 2224. 2224. 2224. 2224.
 3223. 3223. 
 3223. 3223. 3223. 2224. 2224. 2224.   20.   20.   20.   20.   20.   20.
   20.   20.   20.   20.   20.   20.   20.   20.   20.   20.   20.   20.
   20.   20. 
   20.   20.   20.   20.   20.   20. 2224. 2224. 2224. 2224. 2224. 3223.
 3223. 3223. 3223. 3223. 2224. 2224. 2224.   20.   20.   20.   20.   20.
   20.   20. 
   20.   20.   20.   20.   20.   20. 2224. 2224. 3223. 3223. 3223. 3223.
 3223. 3223. 3223. 2224. 2224. 2224.   20.   20.   20.   20.   20.   20.
   20.   20. 
   20.   20.   20.   20.   20.   20.   20.   20.   20.   20.   20.   20.
   20.   20.   20. 2224. 2224. 2224. 2224. 2224. 3223. 3223. 3223. 3223.
 3223. 3223. 
 3223. 3223. 2224. 2224.   20.   20.   20.   20.   20.   20.   20.   20.
   20.   20.   20.   20.   20.   20. 2224. 3223. 3223. 3223. 3223. 3223.
 3223. 2224. 
 2224. 2224. 2224.   20.   20.   20.   20.   20.   20.   20.   20.   20.
   20.   20.   20.   20.   20.   20.   20.   20.   20.   20.   20.   20.
   20. 2224. 
 2224. 2224. 2224. 2224. 2224. 3223. 3223. 3223. 3223. 3223. 3223. 3223.
 3223. 2224. 2224. 2224.   20.   20.   20.   20.   20.   20.   20.   20.
   20.   20. 
   20.   20.   20.   20. 2224. 3223. 3223. 3223. 3223. 3223. 2224. 2224.
 2224. 2224.   20.   20.   20.   20.   20.   20.   20.   20.   20.   20.
   20.   20. 
   20.   20.   20.   20.   20.   20.   20.   20.   20.   20.   20. 2224.
 2224. 2224. 3223. 3223. 3223. 3223. 3223. 3223. 3223. 3223. 3223. 2224.
 2224. 2224. 
 2224.   20.   20.   20.   20.   20.   20.   20.   20.   20.   20.   20.
   20.   20.   20.   20. 3223. 3223. 3223. 3223. 2224. 2224. 2224. 2224.
   20.   20. 
   20.   20.   20.   20.   20.   20.   20.   20.   20.   20.   20.   20.
   20.   20.   20.   20.   20.   20.   20.   20.   20.   20. 2224. 2224.
 3223. 3223. 
 3223. 3223. 3223. 3223. 3223. 3223. 3223. 2224. 2224. 2224. 2224.   20.
   20.   20.   20.   20.   20.   20.   20.   20.   20.   20.   20.   20.
   20.   20. 
   20.   20. 3223. 3223. 3223. 2224. 2224. 2224.   20.   20.   20.   20.
   20.   20.   20.   20.   20.   20.   20.   20.   20.   20.   20.   20.
   20.   20. 
   20.   20.   20.   20.   20.   20.   20. 2224. 2224. 3223. 3223. 3223.
 3223. 3223. 2224. 2224. 2224. 2224. 2224. 2224. 2224.   20.   20.   20.
   20.   20. 
 20. 20. 20. 20. 20. 20. 20. 20. 20. 20. 20. 20. 20. 20. 
/