PERMI
 1887. 1451. 1451. 1451. 1451.   36.   36.   36.   36.   36.   36.   36.
   36.   36.   36.   36.   36.   36.   36.   36. 1451. 1451. 1887. 1887.
 1887. 1887. 
 1887. 1451. 1451. 1451. 1451.   36.   36.   36.   36.   36.   36.   36.
   36.   36.   36.   36.   36.   36.   36.   36. 1451. 1451. 1451. 1451.
 1451. 1887. 
 1887. 1887. 1887. 1887. 1887. 1887. 1451. 1451. 1451. 1887. 1887. 1451.
 1887. 1451. 1451.   36.   36.   36.   36.   36.   36.   36.   36.   36.
   36.   36. 
   36.   36.   36.   36.   36.   36. 1451. 1451. 1887. 1887. 1887. 1887.
 1451. 1451. 1451.   36.   36.   36.   36.   36.   36.   36.   36.   36.
   36.   36. 
   36.   36.   36.   36.   36. 1451. 1451. 1451. 1451. 1887. 1887. 1887.
 1887. 1887. 1887. 1887. 1887. 1451. 1451. 1451. 1887. 1887. 1887. 1887.
 1887. 1887. 
 1451. 1451.   36.   36.   36.   36.   36.   36.   36.   36.   36.   36.
   36.   36.   36.   36.   36.   36. 1451. 1887. 1887. 1887. 1887. 1451.
 1451. 1451. 
   36.   36.   36.   36.   36.   36.   36.   36.   36.   36.   36.   36.
   36.   36.   36.   36. 1451. 1451. 1451. 1887. 1887. 1887. 1887. 1887.
 1887. 1887. 
 1887. 1451. 1451. 1451. 1451. 1451. 1887. 1887. 1887. 1887. 1887. 1887.
 1887. 1451. 1451.   36.   36.   36.   36.   36.   36.   36.   36.   36.
   36.   36. 
   36.   36.   36.   36. 1451. 1887. 1887. 1887. 1451. 1451.   36.   36.
   36.   36.   36.   36.   36.   36.   36.   36.   36.   36.   36.   36.
   36.   36. 
   36. 1451. 1451. 1451. 1887. 1887. 1887. 1887. 1887. 1451. 1451. 1451.
 1451. 1451. 1451. 1451. 1887. 1887. 1451. 1451. 1887. 1887. 1887. 1887.
 1887. 1887. 
 1451. 1451.   36.   36.   36.   36.   36.   36.   36.   36.   36.   36.
   36.   36.   36.   36. 1451. 1451. 1887. 1887. 1887. 1451. 1451.   36.
   36.   36. 
   36.   36.   36.   36.   36.   36.   36.   36.   36.   36.   36.   36.
   36. 1451. 1451. 1451. 1887. 1887. 1887. 1451. 1451. 1451. 1451. 1451.
   36.   36. 
   36. 1451. 1451. 1887. 1887. 1451. 1451. 1887. 1887. 1887. 1887. 1887.
 1887. 1451. 1451. 1451.   36.   36.   36.   36.   36.   36.   36.   36.
   36.   36. 
   36.   36. 1451. 1451. 1887. 1887. 1887. 1451. 1451.   36.   36.   36.
   36.   36.   36.   36.   36.   36.   36.   36.   36.   36.   36.   36.
 1451. 1451. 
 1451. 1451. 1887. 1887. 1887. 1451. 1451.   36.   36.   36.   36.   36.
   36.   36. 1451. 1451. 1451. 1451. 1451. 1451. 1451. 1887. 1887. 1887.
 1887. 1887. 
 1887. 1451.   36.   36.   36.   36.   36.   36.   36.   36.   36.   36.
   36.   36. 1451. 1451. 1887. 1887. 1887. 1887. 1451. 1451.   36.   36.
   36.   36. 
   36.   36.   36.   36.   36.   36.   36.   36.   36.   36. 1451. 1451.
 1451. 1451. 1887. 1887. 1887. 1451. 1451. 1451. 1451.   36.   36.   36.
 1451. 1451. 
 1451. 1451. 1451. 1451. 1451. 1451. 1451. 1451. 1887. 1887. 1887. 1887.
 1887. 1451. 1451.   36.   36.   36.   36.   36.   36.   36.   36.   36.
   36.   36. 
   36. 1451. 1451. 1887. 1887. 1887. 1887. 1451. 1451.   36.   36.   36.
   36.   36.   36.   36.   36.   36.   36.   36.   36.   36.   36. 1451.
 1887. 1451. 
 1451. 1887. 1887. 1887. 1451. 1451. 1451. 1451. 1451. 1451. 1451. 1887.
 1887. 1887. 1887. 1887. 1887. 1887.   36. 1451. 1451. 1451. 1887. 1887.
 1887. 1887. 
 1451.   36.   36.   36.   36.   36.   36.   36.   36.   36.   36.   36.
   36.   36. 1451. 1451. 1887. 1887. 1887. 1451. 1451.   36.   36.   36.
   36.   36. 
   36.   36.   36.   36.   36.   36.   36.   36.   36. 1451. 1451. 1451.
 1451. 1887. 1887. 1887. 1451. 1451. 1887. 1887. 1451. 1451. 1887. 1887.
 1887. 1887. 
 1887. 1887. 1887. 1887.   36.   36. 1451. 1451. 1451. 1887. 1887. 1887.
 1451. 1451.   36.   36.   36.   36.   36.   36.   36.   36.   36.   36.
   36.   36. 
 1451. 1451. 1887. 1887. 1887. 1887. 1451. 1451.   36.   36.   36.   36.
   36.   36.   36.   36.   36.   36.   36.   36.   36.   36. 1451. 1451.
 1451. 1451. 
 1887. 1887. 1451. 1451. 1887. 1887. 1451. 1887. 1887. 1887. 1887. 1451.
 1451. 1451. 1451. 1451.   36.   36. 1451. 1451. 1887. 1887. 1887. 1887.
 1451.   36. 
   36.   36.   36.   36.   36.   36. 1451. 1451. 1451. 1451. 1451. 1451.
 1451. 1451. 1451. 1887. 1887. 1887. 1887. 1451.   36.   36.   36.   36.
   36.   36. 
   36.   36.   36.   36.   36.   36.   36.   36.   36.   36. 1451. 1451.
 1887. 1887. 1887. 1451. 1887. 1451. 1451. 1887. 1887. 1887. 1451. 1451.
 1451. 1451. 
 1451. 1451. 1451. 1451. 1451. 1887. 1887. 1887. 1887. 1451. 1451.   36.
   36.   36.   36.   36. 1451. 1451. 1451. 1451. 1887. 1887. 1887. 1887.
 1887. 1887. 
 1887. 1887. 1887. 1887. 1887. 1451.   36.   36.   36.   36.   36.   36.
   36.   36.   36.   36.   36.   36.   36.   36.   36.   36. 1451. 1451.
 1887. 1887. 
 1887. 1451. 1451. 1451. 1887. 1887. 1887. 1887. 1451.   36. 1451. 1451.
 1451. 1451. 1451. 1887. 1887. 1887. 1887. 1887. 1887. 1451. 1451.   36.
   36.   36. 
   36.   36. 1451. 1451. 1887. 1887. 1887. 1887. 1887. 1887. 1887. 1887.
 1887. 1887. 1887. 1887. 1887. 1451.   36.   36.   36.   36.   36.   36.
   36.   36. 
   36.   36.   36.   36.   36.   36.   36.   36. 1451. 1451. 1887. 1887.
 1887. 1451. 1451. 1451. 1451. 1887. 1887. 1887. 1451. 1451. 1451. 1451.
 1887. 1887. 
 1887. 1887. 1887. 1887. 1887. 1887. 1451. 1451.   36.   36.   36.   36.
   36. 1451. 1451. 1887. 1887. 1887. 1887. 1887. 1887. 1887. 1887. 1887.
 1887. 1887. 
 1887. 1887. 1451. 1451.   36.   36.   36.   36.   36.   36.   36.   36.
   36.   36.   36.   36.   36.   36.   36. 1451. 1451. 1451. 1887. 1887.
 1887. 1451. 
 1451. 1887. 1451. 1887. 1887. 1887. 1887. 1451. 1451. 1887. 1887. 1887.
 1887. 1887. 1887. 1887. 1451. 1451. 1451.   36.   36.   36.   36.   36.
   36. 1451. 
 1451. 1887. 1887. 1887. 1451. 1451. 1451. 1451. 1451. 1887. 1887. 1887.
 1887. 1451. 1451.   36.   36.   36.   36.   36.   36.   36.   36.   36.
   36.   36. 
 1451. 1451. 1451. 1451. 1451. 1451. 1451. 1887. 1887. 1887. 1887. 1451.
 1887. 1887. 1451. 1451. 1887. 1887. 1887. 1887. 1451. 1451. 1887. 1887.
 1887. 1887. 
 1451. 1451. 1451. 1451.   36.   36.   36.   36.   36.   36.   36. 1451.
 1451. 1887. 1887. 1887. 1887. 1451. 1451. 1451. 1451. 1451. 1451. 1451.
 1451. 1451. 
   36.   36.   36.   36.   36.   36.   36.   36.   36.   36. 1451. 1451.
 1451. 1451. 1451. 1451. 1451. 1887. 1887. 1887. 1887. 1887. 1451. 1451.
 1887. 1451. 
 1451. 1451. 1451. 1887. 1887. 1887. 1887. 1451. 1887. 1451. 1887. 1451.
 1451. 1451.   36.   36.   36.   36.   36.   36.   36.   36.   36.   36.
 1451. 1451. 
 1887. 1887. 1887. 1887. 1451. 1451. 1451.   36.   36.   36.   36.   36.
   36.   36.   36.   36.   36.   36.   36.   36.   36. 1451. 1451. 1451.
 1887. 1887. 
 1887. 1887. 1887. 1887. 1887. 1887. 1887. 1451. 1451. 1451. 1451. 1451.
 1451. 1451. 1451. 1887. 1887. 1887. 1887. 1451. 1451. 1451. 1451. 1451.
 1451.   36. 
   36.   36.   36.   36.   36.   36.   36.   36.   36.   36. 1451. 1451.
 1887. 1887. 1887. 1887. 1887. 1887. 1451. 1451.   36.   36.   36.   36.
   36.   36. 
   36.   36.   36.   36.   36.   36. 1451. 1451. 1887. 1887. 1887. 1887.
 1887. 1887. 1887. 1887. 1887. 1451. 1451. 1451. 1451. 1451.   36.   36.
 1451. 1887. 
 1451. 1451. 1887. 1887. 1887. 1451. 1451.   36. 1451.   36.   36.   36.
   36.   36.   36.   36.   36.   36.   36.   36.   36.   36.   36. 1451.
 1451. 1451. 
 1887. 1887. 1887. 1887. 1451. 1451. 1451.   36.   36.   36.   36.   36.
   36.   36.   36.   36.   36.   36. 1451. 1451. 1887. 1887. 1887. 1887.
 1887. 1451. 
 1451. 1451. 1451. 1451. 1451. 1451.   36.   36.   36.   36. 1451. 1887.
 1887. 1451. 1887. 1887. 1887. 1887. 1451.   36. 1451. 1451.   36.   36.
   36.   36. 
   36.   36.   36.   36.   36.   36.   36.   36.   36.   36. 1451. 1451.
 1887. 1887. 1887. 1887. 1887. 1887. 1451. 1451.   36.   36.   36.   36.
   36.   36. 
   36.   36.   36.   36. 1451. 1451. 1887. 1887. 1451. 1451. 1451. 1451.
 1451. 1451. 1451. 1887. 1451. 1451. 1451.   36.   36.   36. 1451. 1451.
 1887. 1451. 
 1451. 1887. 1887. 1887. 1451.   36. 1451. 1451. 1451.   36.   36.   36.
   36.   36.   36.   36.   36.   36.   36.   36.   36.   36.   36. 1451.
 1451. 1451. 
 1887. 1887. 1887. 1887. 1887. 1451. 1451.   36.   36.   36.   36.   36.
   36.   36.   36.   36. 1451. 1451. 1887. 1887. 1887. 1451. 1451. 1451.
 1451. 1451. 
 1451. 1451. 1451. 1887. 1451. 1451. 1451. 1451. 1451. 1451. 1451. 1887.
 1451. 1887. 1887. 1887. 1451.   36. 1887. 1887. 1451. 1451.   36.   36.
   36.   36. 
   36.   36.   36.   36.   36.   36.   36.   36.   36.   36. 1451. 1451.
 1451. 1887. 1887. 1887. 1887. 1451. 1451.   36.   36.   36.   36.   36.
   36.   36. 
   36.   36.   36. 1451. 1451. 1887. 1887. 1887. 1887. 1887. 1451. 1451.
 1451. 1887. 1887. 1887. 1887. 1887. 1887. 1887. 1887. 1887. 1451. 1451.
 1451. 1887. 
 1887. 1887. 1451.   36. 1887. 1887. 1887. 1451. 1451.   36.   36.   36.
   36.   36.   36.   36.   36.   36.   36.   36.   36. 1451. 1451. 1451.
 1451. 1451. 
 1887. 1887. 1887. 1451. 1451.   36.   36.   36.   36.   36.   36.   36.
   36.   36.   36. 1451. 1451. 1451. 1887. 1887. 1887. 1887. 1887. 1887.
 1451. 1451. 
 1887. 1887. 1887. 1887. 1887. 1887. 1887. 1887. 1887. 1887. 1887. 1887.
 1887. 1887. 1451.   36. 1887. 1887. 1887. 1451. 1451.   36.   36.   36.
   36.   36. 
   36.   36.   36.   36. 1451. 1451. 1451. 1451. 1451. 1887. 1887. 1887.
 1887. 1887. 1887. 1451. 1451.   36.   36.   36.   36.   36.   36.   36.
   36.   36. 
   36.   36. 1451. 1451. 1451. 1451. 1887. 1887. 1887. 1887. 1887. 1451.
 1451. 1887. 1887. 1887. 1887. 1887. 1887. 1887. 1887. 1887. 1887. 1887.
 1887. 1451. 
 1451.   36. 1887. 1887. 1887. 1887. 1451.   36.   36.   36.   36.   36.
   36.   36.   36. 1451. 1451. 1451. 1887. 1887. 1887. 1887. 1887. 1887.
 1887. 1887. 
 1451. 1451.   36.   36.   36.   36.   36.   36.   36.   36.   36.   36.
   36.   36.   36. 1451. 1451. 1451. 1451. 1887. 1887. 1887. 1887. 1887.
 1451. 1451. 
 1451. 1451. 1451. 1451. 1451. 1451. 1451. 1451. 1451. 1451. 1451. 1451.
 1451.   36. 1451. 1887. 1887. 1887. 1451. 1451.   36.   36.   36.   36.
   36.   36. 
 1451. 1451. 1887. 1887. 1887. 1887. 1887. 1887. 1887. 1887. 1451. 1451.
 1451.   36.   36.   36.   36.   36.   36.   36.   36.   36.   36.   36.
   36. 1451. 
 1451. 1451. 1451. 1451. 1451. 1451. 1887. 1887. 1887. 1887. 1451. 1451.
 1887. 1887. 1887. 1451.   36.   36. 1451. 1451. 1451. 1451. 1887. 1451.
   36.   36. 
 1887. 1887. 1887. 1887. 1451.   36.   36.   36.   36.   36.   36. 1451.
 1451. 1887. 1887. 1887. 1887. 1887. 1887. 1887. 1451. 1451. 1451. 1451.
   36.   36. 
   36.   36.   36.   36.   36.   36.   36.   36.   36. 1451. 1451. 1451.
 1451. 1451. 1451. 1451. 1451. 1451. 1451. 1887. 1887. 1887. 1451. 1451.
 1887. 1887. 
 1887. 1451. 1451. 1451. 1451. 1887. 1887. 1887. 1451. 1451.   36.   36.
 1887. 1887. 1887. 1451. 1451.   36.   36.   36.   36.   36.   36. 1451.
 1451. 1887. 
 1887. 1887. 1887. 1887. 1451. 1451. 1451. 1451.   36.   36.   36.   36.
   36.   36.   36.   36.   36.   36.   36.   36. 1451. 1451. 1451. 1887.
 1887. 1887. 
 1887. 1887. 1887. 1887. 1887. 1887. 1887. 1887. 1451. 1451. 1451. 1451.
 1451. 1451. 1451. 1451. 1887. 1887. 1887. 1887. 1451. 1451. 1451. 1451.
 1887. 1887. 
 1887. 1451. 1451.   36.   36.   36.   36.   36.   36. 1451. 1451. 1887.
 1887. 1887. 1887. 1451. 1451. 1451.   36.   36.   36.   36.   36.   36.
   36.   36. 
   36.   36.   36.   36.   36. 1451. 1451. 1451. 1887. 1887. 1887. 1887.
 1887. 1887. 1887. 1887. 1887. 1887. 1887. 1887. 1451. 1887. 1451. 1451.
 1451. 1887. 
 1887. 1887. 1887. 1887. 1887. 1451. 1451. 1451. 1887. 1887. 1451. 1451.
 1451. 1451.   36.   36.   36.   36.   36.   36.   36. 1451. 1451. 1887.
 1887. 1887. 
 1887. 1887. 1451. 1451.   36.   36.   36.   36.   36.   36.   36.   36.
   36.   36.   36.   36.   36. 1451. 1451. 1887. 1887. 1887. 1887. 1451.
 1887. 1887. 
 1887. 1887. 1451. 1451. 1451. 1451. 1451. 1887. 1451. 1887. 1887. 1887.
 1887. 1887. 1887. 1887. 1451. 1451. 1451. 1887. 1887. 1887. 1451. 1451.
   36.   36. 
   36.   36.   36.   36.   36.   36.   36.   36. 1451. 1451. 1887. 1887.
 1887. 1887. 1451. 1451. 1451.   36.   36.   36.   36.   36.   36.   36.
   36.   36. 
   36.   36.   36. 1451. 1451. 1887. 1887. 1887. 1451. 1451. 1451. 1451.
 1451. 1451. 1451. 1451. 1451. 1887. 1887. 1887. 1451. 1887. 1887. 1887.
 1887. 1887. 
 1451. 1451. 1451. 1451. 1887. 1887. 1887. 1887.   36.   36.   36.   36.
   36.   36.   36.   36.   36.   36.   36.   36. 1451. 1451. 1451. 1887.
 1887. 1887. 
 1887. 1451. 1451.   36.   36.   36.   36.   36.   36.   36.   36.   36.
   36.   36.   36. 1451. 1451. 1887. 1887. 1887. 1451. 1451. 1451. 1451.
 1451. 1451. 
 1887. 1887. 1451. 1887. 1887. 1887. 1451. 1451. 1887. 1887. 1451. 1451.
 1451. 1451. 1451. 1451. 1887. 1887. 1887. 1451.   36.   36.   36.   36.
   36.   36. 
   36.   36.   36.   36.   36.   36.   36. 1451. 1451. 1451. 1887. 1887.
 1887. 1887. 1451. 1451.   36.   36.   36.   36.   36.   36.   36.   36.
   36.   36. 
   36. 1451. 1451. 1451. 1887. 1887. 1887. 1451. 1451. 1451. 1451. 1451.
 1887. 1887. 1451. 1887. 1887. 1887. 1887. 1451. 1451. 1451. 1451. 1451.
   36.   36. 
   36. 1451. 1887. 1887. 1887. 1451.   36.   36.   36.   36.   36.   36.
   36.   36.   36.   36.   36.   36.   36.   36. 1451. 1451. 1451. 1887.
 1887. 1887. 
 1887. 1451.   36.   36.   36.   36.   36.   36.   36.   36.   36.   36.
   36.   36. 1451. 1451. 1451. 1887. 1887. 1887. 1451. 1451. 1451. 1451.
 1887. 1887. 
 1451. 1451. 1887. 1887. 1887. 1451. 1451.   36.   36.   36.   36.   36.
   36. 1451. 1887. 1887. 1887. 1887.   36.   36.   36.   36.   36.   36.
   36.   36. 
   36.   36.   36.   36.   36.   36.   36. 1451. 1451. 1451. 1887. 1887.
 1887. 1451. 1451.   36.   36.   36.   36.   36.   36.   36.   36.   36.
   36.   36. 
   36. 1451. 1451. 1887. 1887. 1887. 1887. 1451. 1451. 1451. 1887. 1451.
 1451. 1887. 1887. 1887. 1887. 1451. 1451. 1451.   36.   36.   36.   36.
   36. 1451. 
 1451. 1887. 1887. 1887.   36.   36.   36.   36.   36.   36.   36.   36.
   36.   36.   36.   36.   36.   36.   36. 1451. 1451. 1451. 1887. 1887.
 1887. 1451. 
 1451.   36.   36.   36.   36.   36.   36.   36.   36.   36.   36.   36.
   36.   36. 1451. 1451. 1887. 1887. 1887. 1887. 1451. 1451. 1451. 1451.
 1887. 1887. 
 1887. 1887. 1887. 1451. 1451. 1451. 1451.   36.   36.   36.   36.   36.
 1451. 1451. 1887. 1887.   36.   36.   36.   36.   36.   36.   36.   36.
   36.   36. 
   36.   36.   36.   36. 1451. 1451. 1451. 1887. 1887. 1887. 1887. 1451.
 1451.   36.   36.   36.   36.   36.   36.   36.   36.   36.   36.   36.
   36.   36. 
 1451. 1451. 1451. 1451. 1887. 1887. 1451. 1451. 1887. 1887. 1887. 1887.
 1887. 1887. 1451. 1451. 1887. 1887. 1451.   36.   36.   36.   36.   36.
   36. 1451. 
 1451. 1887.   36.   36.   36.   36.   36.   36.   36.   36.   36.   36.
   36.   36.   36. 1451. 1451. 1451. 1887. 1887. 1887. 1887. 1887. 1451.
 1451.   36. 
   36.   36.   36.   36.   36.   36.   36.   36.   36.   36.   36. 1451.
 1451. 1451. 1451. 1451. 1887. 1887. 1887. 1451. 1451. 1887. 1887. 1887.
 1887. 1451. 
 1451. 1887. 1887. 1887. 1451. 1451. 1451. 1451. 1451. 1451. 1451.   36.
   36. 1451.   36.   36.   36.   36.   36.   36.   36.   36.   36.   36.
   36.   36. 
 1451. 1451. 1451. 1887. 1887. 1887. 1887. 1887. 1451. 1451.   36.   36.
   36.   36.   36.   36.   36.   36.   36.   36.   36. 1451. 1451. 1451.
 1451. 1451. 
 1451. 1887. 1887. 1887. 1887. 1451. 1451. 1887. 1887. 1451. 1451. 1451.
 1451. 1887. 1887. 1887. 1887. 1887. 1451. 1451. 1887. 1887. 1451. 1451.
 1451. 1451. 
   36.   36.   36.   36.   36.   36.   36.   36.   36.   36.   36. 1451.
 1451. 1451. 1887. 1887. 1887. 1887. 1451. 1451. 1451.   36.   36.   36.
   36.   36. 
   36.   36.   36.   36.   36.   36. 1451. 1451. 1451. 1451. 1887. 1887.
 1887. 1887. 1887. 1887. 1451. 1451. 1887. 1451. 1451.   36.   36.   36.
 1451. 1451. 
 1451. 1887. 1887. 1887. 1887. 1451. 1451. 1887. 1887. 1887. 1887. 1887.
   36.   36.   36.   36.   36.   36.   36.   36.   36.   36.   36. 1451.
 1451. 1887. 
 1887. 1887. 1887. 1887. 1451. 1451.   36.   36.   36.   36.   36.   36.
   36.   36.   36.   36. 1451. 1451. 1451. 1887. 1887. 1887. 1887. 1887.
 1887. 1887. 
 1887. 1451. 1451. 1451. 1451. 1451.   36.   36.   36.   36.   36. 1451.
 1451. 1887. 1887. 1887. 1887. 1887. 1451. 1451. 1887. 1887. 1887. 1887.
   36.   36. 
   36.   36.   36.   36.   36.   36.   36.   36. 1451. 1451. 1887. 1887.
 1887. 1887. 1887. 1451. 1451.   36.   36.   36.   36.   36.   36.   36.
   36.   36. 
   36. 1451. 1451. 1887. 1887. 1887. 1887. 1887. 1887. 1887. 1887. 1451.
 1451. 1451. 1451.   36.   36.   36.   36.   36.   36.   36.   36.   36.
 1451. 1451. 
 1887. 1887. 1887. 1887. 1451. 1451. 1451. 1887. 1887. 1887.   36.   36.
   36.   36.   36.   36.   36.   36.   36.   36. 1451. 1451. 1887. 1887.
 1887. 1887. 
 1451. 1451.   36.   36.   36.   36.   36.   36.   36.   36.   36.   36.
   36. 1451. 1887. 1887. 1887. 1887. 1887. 1887. 1451. 1451. 1451. 1451.
 1451. 1451. 
   36.   36.   36.   36.   36.   36.   36.   36.   36.   36. 1451. 1451.
 1451. 1887. 1887. 1887. 1451. 1451. 1451. 1451. 1451. 1451.   36.   36.
   36.   36. 
   36.   36.   36.   36.   36.   36. 1451. 1887. 1887. 1887. 1887. 1451.
 1451.   36.   36.   36.   36.   36.   36.   36.   36.   36.   36.   36.
   36. 1451. 
 1887. 1887. 1887. 1887. 1451. 1451. 1451. 1451. 1451. 1451. 1887. 1451.
   36.   36.   36.   36.   36.   36.   36.   36.   36. 1451. 1451. 1887.
 1887. 1887. 
 1887. 1887. 1451. 1451.   36.   36.   36.   36.   36.   36.   36.   36.
   36.   36.   36.   36.   36.   36. 1451. 1451. 1887. 1887. 1887. 1451.
 1451.   36. 
   36.   36.   36.   36.   36.   36.   36.   36.   36.   36.   36. 1451.
 1887. 1887. 1887. 1451. 1451. 1451. 1451. 1887. 1887. 1887. 1887. 1451.
   36.   36. 
   36.   36.   36.   36.   36.   36. 1451. 1451. 1451. 1887. 1887. 1887.
 1887. 1451. 1451. 1451.   36.   36.   36.   36.   36.   36.   36.   36.
   36.   36. 
   36.   36.   36.   36. 1451. 1451. 1887. 1887. 1887. 1887. 1451. 1451.
   36.   36.   36.   36.   36.   36.   36.   36.   36.   36.   36. 1451.
 1887. 1887. 
 1887. 1887. 1451. 1451. 1451. 1887. 1887. 1887. 1887. 1451.   36.   36.
   36.   36.   36.   36.   36. 1451. 1451. 1887. 1887. 1887. 1887. 1887.
 1451. 1451. 
 1451. 1451.   36.   36.   36.   36.   36.   36.   36.   36.   36.   36.
   36.   36.   36.   36.   36. 1451. 1451. 1887. 1887. 1887. 1887. 1451.
 1451.   36. 
   36.   36.   36.   36.   36.   36.   36.   36.   36. 1451. 1451. 1887.
 1887. 1887. 1887. 1451. 1451. 1451. 1451. 1887. 1887. 1451. 1451.   36.
   36.   36. 
   36.   36. 1451. 1451. 1887. 1887. 1887. 1887. 1887. 1451. 1451. 1451.
 1887. 1451. 1451.   36.   36.   36.   36.   36.   36.   36.   36.   36.
   36.   36. 
   36.   36.   36. 1451. 1451. 1451. 1887. 1887. 1887. 1887. 1451. 1451.
   36.   36.   36.   36.   36.   36.   36.   36.   36.   36. 1451. 1451.
 1887. 1887. 
 1887. 1887. 1887. 1887. 1451. 1451. 1451. 1887. 1451.   36.   36.   36.
   36. 1451. 1451. 1887. 1887. 1887. 1887. 1451. 1451. 1451. 1451. 1887.
 1887. 1887. 
 1451. 1451.   36.   36.   36.   36.   36.   36.   36.   36.   36.   36.
   36.   36.   36.   36. 1451. 1451. 1451. 1887. 1887. 1887. 1887. 1451.
 1451.   36. 
   36.   36.   36.   36.   36.   36.   36.   36.   36. 1451. 1451. 1887.
 1887. 1887. 1887. 1887. 1887. 1451. 1451. 1887. 1451.   36.   36.   36.
 1451. 1451. 
 1887. 1887. 1887. 1887. 1451. 1451. 1451. 1451. 1451. 1887. 1887. 1887.
 1887. 1451. 1451.   36.   36.   36.   36.   36.   36.   36.   36.   36.
   36.   36. 
   36.   36.   36. 1451. 1451. 1451. 1887. 1887. 1887. 1887. 1451. 1451.
   36.   36.   36.   36.   36.   36.   36.   36.   36.   36. 1451. 1451.
 1451. 1451. 
 1887. 1887. 1887. 1887. 1451. 1451. 1451. 1451.   36.   36. 1451. 1451.
 1887. 1887. 1887. 1451. 1451.   36.   36.   36. 1451. 1451. 1887. 1887.
 1887. 1887. 
 1451.   36.   36.   36.   36.   36.   36.   36.   36.   36.   36.   36.
   36.   36.   36.   36.   36. 1451. 1451. 1887. 1887. 1887. 1887. 1451.
   36.   36. 
   36.   36.   36.   36.   36.   36.   36. 1451. 1451. 1451. 1451. 1451.
 1451. 1887. 1887. 1887. 1451. 1451. 1887. 1451.   36.   36. 1451. 1451.
 1887. 1887. 
 1887. 1451. 1451.   36.   36. 1451. 1451. 1451. 1451. 1887. 1887. 1887.
 1451.   36.   36.   36.   36.   36.   36.   36.   36.   36.   36.   36.
   36.   36. 
   36.   36.   36.   36. 1451. 1451. 1887. 1887. 1887. 1451.   36.   36.
   36.   36.   36.   36. 1451. 1451. 1451. 1451. 1451. 1887. 1451. 1451.
 1451. 1451. 
 1887. 1887. 1887. 1451. 1451. 1451.   36.   36. 1451. 1451. 1887. 1887.
 1887. 1887. 1451. 1451. 1451. 1451. 1451. 1887. 1887. 1887. 1887. 1451.
 1451.   36. 
   36.   36.   36.   36.   36.   36.   36.   36.   36.   36.   36.   36.
   36.   36.   36. 1451. 1451. 1887. 1887. 1887. 1887. 1451.   36.   36.
   36.   36. 
   36. 1451. 1451. 1887. 1451. 1451. 1451. 1451. 1451. 1451. 1451. 1887.
 1887. 1887. 1451. 1451. 1451. 1451.   36.   36.   36. 1451. 1451. 1887.
 1887. 1887. 
 1451. 1451. 1887. 1887. 1887. 1887. 1887. 1887. 1887. 1451. 1451.   36.
   36.   36.   36.   36.   36.   36.   36.   36.   36.   36.   36.   36.
   36.   36. 
 1451. 1451. 1887. 1887. 1887. 1887. 1451. 1451.   36.   36.   36.   36.
 1451. 1451. 1887. 1451. 1451. 1451. 1451. 1887. 1887. 1887. 1887. 1887.
 1887. 1887. 
 1451. 1451. 1451.   36.   36.   36.   36.   36. 1451. 1887. 1887. 1887.
 1451. 1451. 1887. 1887. 1887. 1887. 1887. 1887. 1887. 1451.   36.   36.
   36.   36. 
   36.   36.   36.   36.   36.   36.   36.   36.   36.   36.   36. 1451.
 1451. 1887. 1887. 1887. 1887. 1451. 1451.   36.   36.   36.   36.   36.
 1451. 1887. 
 1887. 1451. 1451. 1887. 1887. 1887. 1887. 1887. 1887. 1887. 1887. 1451.
 1451. 1451.   36.   36.   36.   36.   36.   36. 1451. 1451. 1887. 1887.
 1887. 1451. 
 1887. 1887. 1887. 1887. 1451. 1451. 1451. 1451.   36.   36.   36.   36.
   36.   36.   36.   36.   36.   36.   36.   36.   36.   36. 1451. 1451.
 1887. 1887. 
 1887. 1887. 1451. 1451.   36.   36.   36.   36.   36.   36. 1451. 1887.
 1451. 1451. 1887. 1887. 1887. 1887. 1887. 1887. 1887. 1451. 1451. 1451.
 1451. 1451. 
   36.   36.   36.   36.   36.   36. 1451. 1451. 1887. 1887. 1887. 1451.
 1451. 1451. 1451. 1451. 1451.   36.   36.   36.   36.   36.   36.   36.
   36.   36. 
   36.   36.   36.   36.   36.   36.   36. 1451. 1451. 1887. 1887. 1887.
 1887. 1451. 1451.   36.   36.   36.   36.   36.   36.   36. 1451. 1451.
 1451. 1887. 
 1887. 1887. 1451. 1451. 1451. 1451. 1451. 1451. 1451. 1887. 1451. 1451.
   36.   36.   36.   36.   36.   36. 1451. 1451. 1887. 1887. 1887. 1451.
 1451. 1451. 
   36.   36.   36.   36.   36.   36.   36.   36.   36.   36.   36.   36.
   36.   36.   36.   36.   36.   36. 1451. 1451. 1887. 1887. 1887. 1887.
 1451. 1451. 
   36.   36.   36.   36.   36.   36.   36.   36.   36. 1451. 1451. 1887.
 1887. 1887. 1451. 1451. 1451. 1451. 1887. 1887. 1887. 1451. 1451.   36.
   36.   36. 
   36.   36.   36.   36. 1451. 1451. 1451. 1887. 1887. 1887. 1451. 1451.
   36.   36.   36.   36.   36.   36.   36.   36.   36.   36.   36.   36.
   36.   36. 
   36.   36.   36. 1451. 1451. 1887. 1887. 1887. 1887. 1451. 1451.   36.
   36.   36.   36.   36.   36.   36.   36.   36.   36. 1451. 1451. 1887.
 1887. 1887. 
 1887. 1451. 1451. 1887. 1887. 1887. 1451. 1451.   36.   36.   36.   36.
   36.   36.   36.   36.   36. 1451. 1451. 1887. 1887. 1887. 1451. 1451.
   36.   36. 
   36.   36.   36.   36.   36.   36.   36.   36.   36.   36.   36.   36.
   36.   36.   36. 1451. 1451. 1887. 1887. 1887. 1451. 1451.   36.   36.
   36.   36. 
   36.   36.   36.   36.   36.   36.   36.   36. 1451. 1451. 1887. 1887.
 1887. 1451. 1451. 1451. 1451. 1451. 1451.   36.   36.   36.   36.   36.
   36.   36. 
   36.   36.   36. 1451. 1451. 1887. 1887. 1887. 1451. 1451.   36.   36.
   36.   36.   36.   36.   36.   36.   36.   36.   36.   36.   36.   36.
   36.   36. 
   36. 1451. 1887. 1887. 1887. 1887. 1451.   36.   36.   36.   36.   36.
   36.   36.   36.   36.   36.   36.   36. 1451. 1451. 1451. 1887. 1887.
 1887. 1887. 
 1887. 1451. 1451. 1451.   36.   36.   36.   36.   36.   36.   36. 1451.
 1451. 1451. 1451. 1451. 1887. 1887. 1887. 1887. 1451. 1451.   36.   36.
   36.   36. 
   36.   36.   36.   36.   36.   36.   36.   36.   36.   36.   36.   36.
   36. 1451. 1887. 1887. 1887. 1887. 1451. 1451.   36.   36.   36.   36.
   36.   36. 
   36.   36.   36.   36.   36.   36. 1451. 1451. 1451. 1887. 1887. 1887.
 1887. 1451. 1451. 1451.   36.   36.   36.   36.   36. 1451. 1451. 1451.
 1451. 1451. 
 1451. 1887. 1887. 1887. 1887. 1451. 1451. 1451. 1451.   36.   36.   36.
   36.   36.   36.   36.   36.   36.   36.   36.   36.   36.   36.   36.
   36. 1451. 
 1451. 1887. 1887. 1887. 1887. 1451. 1451. 1451.   36.   36.   36.   36.
   36.   36. 1451. 1451. 1451. 1451. 1451. 1451. 1451. 1451. 1887. 1887.
 1887. 1887. 
 1887. 1451. 1451.   36.   36.   36. 1451. 1451. 1451. 1887. 1887. 1887.
 1887. 1887. 1887. 1887. 1451. 1451. 1887. 1451. 1451.   36.   36.   36.
   36.   36. 
   36.   36.   36.   36.   36.   36.   36.   36.   36.   36.   36.   36.
 1451. 1451. 1887. 1887. 1887. 1887. 1887. 1451.   36.   36.   36.   36.
 1451. 1451. 
 1451. 1887. 1887. 1887. 1887. 1451. 1451. 1451. 1451. 1887. 1887. 1887.
 1887. 1451. 1451. 1451.   36.   36. 1451. 1451. 1887. 1887. 1887. 1887.
 1887. 1887. 
 1887. 1451. 1451. 1451. 1887. 1451. 1451.   36.   36.   36.   36.   36.
   36.   36. 
/