PERMI
   22.   22.   22.   22.   22.   22.   22.   22.   22.   22.   22.   22.
   22. 2123. 2621. 2621. 2621. 2621. 2621. 2123.   22.   22.   22.   22.
   22.   22. 
   22.   22.   22.   22.   22.   22.   22.   22.   22.   22.   22. 2123.
 2621. 2621. 2621. 2621. 2621. 2621. 2123. 2123.   22.   22.   22.   22.
   22.   22. 
   22.   22.   22.   22.   22. 2123. 2123. 2123. 2621. 2621. 2621. 2621.
 2123. 2123. 2123. 2123. 2123. 2123.   22.   22.   22.   22.   22.   22.
   22.   22. 
 2123. 2621. 2621. 2621. 2621. 2123. 2123.   22.   22.   22.   22.   22.
   22.   22.   22.   22.   22.   22.   22.   22.   22.   22.   22.   22.
   22. 2123. 
 2621. 2621. 2621. 2621. 2621. 2621. 2123.   22.   22.   22.   22.   22.
   22.   22.   22.   22.   22.   22.   22. 2123. 2123. 2123. 2621. 2621.
 2621. 2621. 
 2621. 2621. 2621. 2123. 2123.   22.   22.   22.   22.   22.   22.   22.
   22. 2123. 2123. 2621. 2621. 2621. 2123.   22.   22.   22.   22.   22.
   22.   22. 
   22.   22.   22.   22.   22.   22.   22.   22.   22.   22.   22.   22.
 2123. 2123. 2621. 2621. 2621. 2621. 2621. 2123.   22.   22.   22.   22.
   22.   22. 
   22.   22.   22.   22.   22.   22.   22. 2123. 2123. 2123. 2621. 2621.
 2621. 2621. 2621. 2621. 2123. 2123.   22.   22.   22.   22.   22.   22.
   22.   22. 
   22. 2123. 2621. 2621. 2123.   22.   22.   22.   22.   22.   22.   22.
   22.   22.   22.   22.   22.   22.   22.   22.   22.   22.   22.   22.
   22.   22. 
 2123. 2123. 2621. 2621. 2621. 2123.   22.   22.   22.   22.   22.   22.
   22.   22.   22.   22.   22.   22.   22.   22.   22. 2123. 2621. 2621.
 2621. 2621. 
 2621. 2621. 2621. 2123.   22.   22.   22.   22.   22.   22.   22.   22.
   22. 2123. 2621. 2621. 2123.   22.   22.   22.   22.   22.   22.   22.
   22.   22. 
   22.   22.   22.   22.   22.   22.   22.   22.   22.   22.   22.   22.
   22.   22. 2123. 2621. 2621. 2621. 2123.   22.   22.   22.   22.   22.
   22.   22. 
   22.   22.   22.   22.   22.   22. 2123. 2123. 2123. 2123. 2123. 2123.
 2621. 2621. 2621. 2123.   22.   22.   22.   22.   22.   22.   22.   22.
 2123. 2123. 
 2621. 2621. 2123.   22.   22.   22.   22.   22.   22.   22.   22.   22.
   22.   22.   22.   22.   22.   22.   22.   22.   22.   22.   22.   22.
   22. 2123. 
 2123. 2621. 2621. 2621. 2123.   22.   22.   22.   22.   22.   22.   22.
   22.   22.   22.   22.   22.   22. 2123. 2621.   22.   22.   22. 2123.
 2621. 2621. 
 2621. 2123.   22.   22.   22.   22.   22.   22.   22.   22. 2123. 2621.
 2621. 2621. 2123.   22.   22.   22.   22.   22.   22.   22.   22.   22.
   22.   22. 
   22.   22.   22.   22.   22.   22.   22.   22.   22. 2123. 2123. 2123.
 2621. 2621. 2621. 2123.   22.   22.   22.   22.   22.   22.   22.   22.
   22.   22. 
   22.   22.   22.   22. 2123. 2621.   22.   22.   22. 2123. 2621. 2621.
 2621. 2123.   22.   22.   22.   22.   22.   22.   22.   22. 2123. 2621.
 2621. 2621. 
 2123.   22.   22.   22.   22.   22.   22.   22.   22.   22.   22.   22.
   22.   22.   22.   22.   22.   22.   22.   22. 2123. 2123. 2621. 2621.
 2621. 2621. 
 2123. 2123.   22.   22.   22.   22.   22.   22.   22.   22.   22.   22.
   22.   22.   22. 2123. 2123. 2621.   22.   22. 2123. 2621. 2621. 2621.
 2123.   22. 
   22.   22.   22.   22.   22.   22.   22. 2123. 2621. 2621. 2621. 2123.
   22.   22.   22.   22.   22.   22.   22.   22.   22.   22.   22.   22.
   22.   22. 
   22.   22.   22.   22.   22. 2123. 2123. 2621. 2621. 2621. 2621. 2123.
 2123.   22.   22.   22.   22.   22.   22.   22.   22.   22.   22.   22.
   22.   22. 
   22. 2123. 2621. 2621.   22. 2123. 2123. 2621. 2621. 2621. 2123.   22.
   22.   22.   22.   22.   22.   22.   22. 2123. 2621. 2621. 2621. 2123.
   22.   22. 
   22.   22.   22.   22.   22.   22.   22.   22.   22.   22.   22.   22.
   22.   22.   22.   22.   22. 2123. 2621. 2621. 2621. 2123. 2123.   22.
   22.   22. 
   22.   22.   22.   22.   22.   22.   22.   22.   22.   22.   22.   22.
   22. 2123. 2621. 2621.   22. 2123. 2621. 2621. 2621. 2123.   22.   22.
   22.   22. 
   22.   22.   22.   22.   22. 2123. 2621. 2621. 2621. 2123.   22.   22.
   22.   22.   22.   22.   22.   22.   22.   22.   22.   22.   22.   22.
   22.   22. 
   22.   22.   22. 2123. 2621. 2621. 2123. 2123.   22.   22.   22.   22.
   22.   22.   22.   22.   22.   22.   22.   22.   22.   22.   22.   22.
   22. 2123. 
 2123. 2621.   22. 2123. 2621. 2621. 2123.   22.   22.   22.   22.   22.
   22.   22.   22.   22.   22. 2123. 2621. 2621. 2123.   22.   22.   22.
   22.   22. 
   22.   22.   22.   22.   22.   22.   22.   22.   22.   22.   22.   22.
   22.   22.   22. 2123. 2621. 2621. 2123.   22.   22.   22.   22.   22.
   22.   22. 
   22.   22.   22.   22.   22.   22.   22.   22.   22.   22.   22.   22.
 2123. 2621.   22. 2123. 2621. 2621. 2123. 2123.   22.   22.   22.   22.
   22.   22. 
   22.   22.   22. 2123. 2621. 2621. 2621. 2123. 2123. 2123. 2123.   22.
   22.   22.   22.   22.   22.   22.   22.   22.   22.   22.   22.   22.
   22.   22. 
   22. 2123. 2621. 2621. 2621. 2123.   22.   22.   22.   22.   22.   22.
   22.   22.   22.   22.   22.   22.   22.   22.   22.   22.   22.   22.
   22. 2123. 
   22. 2123. 2621. 2621. 2621. 2621. 2123. 2123. 2123.   22.   22.   22.
   22.   22.   22. 2123. 2621. 2621. 2621. 2621. 2621. 2621. 2123. 2123.
 2123. 2123. 
   22.   22.   22.   22.   22.   22.   22.   22.   22.   22.   22.   22.
   22.   22. 2123. 2621. 2621. 2621. 2123.   22.   22.   22.   22.   22.
   22.   22. 
   22.   22.   22.   22.   22.   22.   22.   22.   22.   22.   22.   22.
   22. 2123. 2123. 2621. 2621. 2621. 2621. 2621. 2123. 2123.   22.   22.
   22.   22. 
   22.   22. 2123. 2621. 2621. 2621. 2621. 2621. 2621. 2621. 2621. 2123.
 2123.   22.   22.   22.   22.   22.   22.   22.   22.   22.   22.   22.
   22.   22. 
 2123. 2123. 2621. 2621. 2621. 2123.   22.   22.   22.   22.   22.   22.
   22.   22.   22.   22.   22.   22.   22.   22.   22.   22.   22.   22.
   22.   22. 
 2123. 2123. 2621. 2621. 2621. 2621. 2621. 2621. 2123.   22.   22.   22.
   22.   22.   22. 2123. 2123. 2621. 2621. 2621. 2621. 2621. 2621. 2621.
 2123. 2123. 
   22.   22.   22.   22.   22.   22.   22.   22.   22.   22.   22.   22.
   22. 2123. 2123. 2621. 2621. 2123.   22.   22.   22.   22.   22.   22.
   22.   22. 
   22.   22.   22.   22.   22.   22.   22.   22.   22.   22.   22.   22.
   22.   22. 2123. 2123. 2123. 2621. 2621. 2621. 2123.   22.   22.   22.
   22.   22. 
   22.   22.   22. 2123. 2123. 2123. 2621. 2621. 2621. 2621. 2621. 2123.
   22.   22.   22.   22.   22.   22.   22.   22.   22.   22.   22.   22.
   22. 2123. 
 2621. 2621. 2621. 2123.   22.   22.   22.   22.   22.   22.   22.   22.
   22.   22.   22.   22.   22.   22.   22.   22.   22.   22.   22.   22.
   22.   22. 
   22.   22.   22. 2123. 2621. 2621. 2123.   22.   22.   22.   22.   22.
   22.   22.   22.   22.   22.   22. 2123. 2123. 2123. 2621. 2621. 2123.
   22.   22. 
   22.   22.   22.   22.   22.   22.   22.   22.   22.   22. 2123. 2621.
 2621. 2621. 2621. 2123.   22.   22.   22.   22.   22.   22.   22.   22.
   22.   22. 
   22.   22.   22.   22.   22.   22.   22.   22.   22.   22.   22.   22.
   22.   22.   22. 2123. 2621. 2621. 2123.   22.   22.   22.   22.   22.
   22.   22. 
   22.   22.   22.   22.   22.   22. 2123. 2621. 2621. 2123. 2123.   22.
   22.   22.   22.   22.   22.   22.   22.   22. 2123. 2123. 2621. 2621.
 2621. 2621. 
 2123.   22.   22.   22.   22.   22.   22.   22.   22.   22.   22.   22.
   22.   22.   22.   22.   22.   22.   22.   22.   22.   22.   22.   22.
   22.   22. 
   22. 2123. 2621. 2621. 2123.   22.   22.   22.   22.   22.   22.   22.
   22.   22.   22.   22.   22. 2123. 2123. 2621. 2621. 2123. 2123.   22.
   22.   22. 
   22.   22.   22.   22.   22. 2123. 2123. 2621. 2621. 2621. 2621. 2123.
   22.   22.   22.   22.   22.   22.   22.   22.   22.   22.   22.   22.
   22.   22. 
   22.   22.   22.   22.   22.   22.   22.   22.   22.   22.   22.   22.
 2123. 2621. 2621. 2621. 2123.   22.   22.   22.   22.   22.   22.   22.
   22.   22. 
   22.   22.   22. 2123. 2123. 2621. 2621. 2123.   22.   22.   22.   22.
   22.   22.   22.   22.   22. 2123. 2621. 2621. 2621. 2621. 2123.   22.
   22.   22. 
   22.   22.   22.   22.   22.   22.   22.   22.   22.   22.   22.   22.
   22.   22.   22.   22.   22.   22.   22.   22.   22.   22.   22.   22.
 2123. 2621. 
 2621. 2123.   22.   22.   22.   22.   22.   22.   22.   22.   22.   22.
   22.   22.   22. 2123. 2621. 2621. 2621. 2123.   22.   22.   22.   22.
   22.   22. 
   22.   22. 2123. 2621. 2621. 2621. 2621. 2123.   22.   22.   22.   22.
   22.   22.   22.   22.   22.   22.   22.   22.   22.   22.   22.   22.
   22.   22. 
   22.   22.   22.   22.   22.   22.   22.   22.   22. 2123. 2621. 2621.
 2621. 2123.   22.   22.   22.   22.   22.   22.   22.   22.   22.   22.
   22.   22. 
   22. 2123. 2621. 2621. 2621. 2123.   22.   22.   22.   22.   22.   22.
   22.   22. 2123. 2621. 2621. 2621. 2123.   22.   22.   22.   22.   22.
   22.   22. 
   22.   22.   22.   22.   22.   22.   22.   22.   22.   22.   22.   22.
   22.   22.   22.   22.   22.   22.   22.   22.   22. 2123. 2621. 2621.
 2621. 2123. 
 2123. 2123. 2123.   22.   22.   22.   22.   22.   22.   22.   22.   22.
   22. 2123. 2621. 2621. 2621. 2123.   22.   22.   22.   22.   22.   22.
   22.   22. 
 2123. 2123. 2621. 2621. 2621. 2123.   22.   22.   22.   22.   22.   22.
   22.   22.   22.   22.   22.   22.   22.   22.   22.   22.   22.   22.
   22.   22. 
   22.   22.   22.   22.   22.   22.   22. 2123. 2621. 2621. 2621. 2621.
 2621. 2621. 2621. 2123. 2123.   22.   22.   22.   22.   22.   22.   22.
   22. 2123. 
 2621. 2621. 2621. 2123. 2123. 2123. 2123. 2123.   22.   22.   22.   22.
   22. 2123. 2621. 2621. 2621. 2621. 2123.   22.   22.   22.   22.   22.
   22.   22. 
   22.   22.   22.   22.   22.   22.   22.   22.   22.   22.   22.   22.
   22.   22.   22.   22.   22.   22.   22.   22. 2123. 2123. 2621. 2621.
 2621. 2621. 
 2621. 2621. 2621. 2123.   22.   22.   22.   22.   22.   22.   22.   22.
 2123. 2621. 2621. 2621. 2621. 2621. 2621. 2621. 2123. 2123.   22.   22.
   22.   22. 
 2123. 2621. 2621. 2621. 2621. 2123. 2123.   22.   22.   22.   22.   22.
   22.   22.   22.   22.   22.   22.   22.   22.   22.   22.   22.   22.
   22.   22. 
   22.   22.   22.   22.   22.   22.   22. 2123. 2123. 2123. 2621. 2621.
 2621. 2621. 2621. 2123.   22.   22.   22.   22.   22.   22.   22.   22.
 2123. 2123. 
 2621. 2621. 2621. 2621. 2621. 2621. 2621. 2123. 2123.   22.   22.   22.
   22. 2123. 2621. 2621. 2621. 2621. 2123.   22.   22.   22.   22.   22.
   22.   22. 
   22.   22.   22.   22.   22.   22.   22.   22.   22.   22.   22.   22.
   22.   22.   22.   22.   22.   22.   22.   22.   22.   22. 2123. 2123.
 2123. 2621. 
 2621. 2621. 2123.   22.   22.   22.   22.   22.   22.   22.   22. 2123.
 2123. 2123. 2123. 2123. 2621. 2621. 2621. 2621. 2123.   22.   22.   22.
   22.   22. 
 2123. 2621. 2621. 2621. 2621. 2123.   22.   22.   22.   22.   22.   22.
   22.   22.   22.   22.   22.   22.   22.   22.   22.   22.   22.   22.
   22.   22. 
   22.   22.   22.   22.   22.   22.   22.   22.   22.   22. 2123. 2621.
 2621. 2123.   22.   22.   22.   22.   22.   22.   22.   22.   22.   22.
   22.   22. 
   22.   22. 2123. 2123. 2621. 2621. 2621. 2123.   22.   22.   22.   22.
   22. 2123. 2621. 2621. 2621. 2621.   22.   22.   22.   22.   22.   22.
   22.   22. 
   22.   22.   22.   22.   22.   22.   22.   22.   22.   22.   22.   22.
   22.   22.   22.   22.   22.   22.   22.   22.   22. 2123. 2621. 2621.
 2621. 2123. 
   22.   22.   22.   22.   22.   22.   22.   22.   22.   22.   22.   22.
   22.   22.   22. 2123. 2123. 2621. 2621. 2123.   22.   22.   22.   22.
   22.   22. 
 2123. 2621. 2621. 2621. 2123.   22.   22.   22.   22.   22.   22.   22.
   22.   22.   22.   22.   22.   22.   22.   22.   22.   22.   22.   22.
   22.   22. 
   22.   22.   22.   22.   22.   22.   22. 2123. 2621. 2621. 2123.   22.
   22.   22.   22.   22.   22.   22.   22.   22.   22.   22.   22.   22.
   22.   22. 
   22. 2123. 2621. 2621. 2621. 2123.   22.   22.   22.   22.   22.   22.
 2123. 2621. 2621. 2621. 2123.   22.   22.   22.   22.   22.   22.   22.
   22.   22. 
   22.   22.   22.   22.   22.   22.   22.   22.   22.   22.   22.   22.
   22.   22.   22.   22.   22.   22. 2123. 2621. 2621. 2621. 2123.   22.
   22.   22. 
   22.   22.   22.   22.   22.   22.   22.   22.   22.   22.   22.   22.
   22. 2123. 2621. 2621. 2621. 2123.   22.   22.   22.   22.   22.   22.
 2123. 2621. 
 2621. 2123. 2123.   22.   22.   22.   22.   22.   22.   22.   22.   22.
   22.   22.   22.   22.   22.   22.   22.   22.   22.   22.   22.   22.
   22.   22. 
   22.   22.   22.   22. 2123. 2621. 2621. 2123.   22.   22.   22.   22.
   22.   22.   22.   22.   22.   22.   22.   22.   22.   22.   22.   22.
 2123. 2621. 
 2621. 2621. 2123.   22.   22.   22.   22.   22.   22. 2123. 2621. 2621.
 2621. 2123.   22.   22.   22.   22.   22.   22.   22.   22.   22.   22.
   22.   22. 
   22.   22.   22.   22.   22.   22.   22.   22.   22.   22.   22.   22.
   22.   22.   22. 2123. 2621. 2621. 2621. 2123.   22.   22.   22.   22.
   22.   22. 
   22.   22.   22.   22.   22.   22.   22.   22.   22.   22. 2123. 2621.
 2621. 2621. 2123.   22.   22.   22.   22.   22.   22. 2123. 2621. 2621.
 2123.   22. 
 22. 22. 22. 22. 22. 22. 22. 22. 22. 22. 22. 22. 22. 22. 22. 22. 22. 22.
 22. 22. 22. 22. 22. 22. 22. 22. 
   22. 2123. 2621. 2621. 2123. 2123.   22.   22.   22.   22.   22.   22.
   22.   22.   22.   22.   22.   22.   22.   22.   22. 2123. 2123. 2621.
 2621. 2123. 
 2123.   22.   22.   22.   22.   22. 2123. 2123. 2621. 2621. 2123.   22.
   22.   22.   22.   22.   22.   22.   22.   22.   22.   22.   22.   22.
   22.   22. 
   22.   22.   22.   22.   22.   22.   22.   22.   22.   22.   22.   22.
   22. 2123. 2621. 2621. 2621. 2123.   22.   22.   22.   22.   22.   22.
   22.   22. 
   22.   22.   22.   22.   22.   22.   22. 2123. 2621. 2621. 2621. 2621.
 2123. 2123. 2123.   22.   22.   22. 2123. 2621. 2621. 2621. 2123.   22.
   22.   22. 
   22.   22.   22.   22.   22.   22.   22.   22.   22.   22.   22.   22.
   22.   22.   22.   22. 2123. 2123.   22.   22.   22.   22.   22.   22.
   22. 2123. 
 2621. 2621. 2621. 2621. 2123.   22.   22.   22.   22.   22.   22.   22.
   22.   22.   22.   22.   22.   22.   22.   22. 2123. 2621. 2621. 2621.
 2621. 2621. 
 2621. 2123. 2123.   22. 2123. 2621. 2621. 2621. 2123.   22.   22.   22.
   22.   22.   22.   22.   22.   22.   22.   22.   22.   22.   22.   22.
   22.   22. 
   22.   22. 2621. 2123. 2123.   22.   22.   22.   22.   22.   22.   22.
 2123. 2621. 2621. 2621. 2621. 2123.   22.   22.   22.   22.   22.   22.
   22.   22. 
   22.   22.   22.   22.   22.   22. 2123. 2123. 2621. 2621. 2621. 2621.
 2621. 2621. 2621. 2123.   22. 2123. 2621. 2621. 2123. 2123. 2123. 2123.
   22.   22. 
   22.   22.   22.   22.   22.   22.   22.   22.   22.   22.   22.   22.
   22.   22. 2621. 2621. 2123. 2123.   22.   22.   22.   22.   22.   22.
   22. 2123. 
 2621. 2621. 2621. 2621. 2123.   22.   22.   22.   22.   22.   22.   22.
   22.   22.   22.   22.   22.   22.   22.   22. 2123. 2123. 2123. 2621.
 2621. 2621. 
 2621. 2123.   22. 2123. 2621. 2621. 2621. 2621. 2621. 2621. 2123. 2123.
   22.   22.   22.   22.   22.   22.   22.   22.   22.   22.   22.   22.
   22.   22. 
 2621. 2621. 2621. 2123.   22.   22.   22.   22.   22.   22.   22.   22.
 2123. 2621. 2621. 2621. 2621. 2123.   22.   22.   22.   22.   22.   22.
   22.   22. 
   22.   22.   22.   22.   22.   22.   22.   22.   22. 2123. 2123. 2621.
 2621. 2621. 2123.   22. 2123. 2621. 2621. 2621. 2621. 2621. 2621. 2621.
 2123.   22. 
   22.   22.   22.   22.   22.   22.   22.   22.   22.   22.   22.   22.
 2123. 2621. 2621. 2123.   22.   22.   22.   22.   22.   22.   22.   22.
   22. 2123. 
 2621. 2621. 2621. 2621.   22.   22.   22.   22.   22.   22.   22.   22.
   22.   22.   22.   22.   22.   22.   22.   22.   22.   22.   22. 2621.
 2621. 2621. 
   22.   22.   22. 2123. 2123. 2621. 2621. 2621. 2621. 2621. 2621. 2123.
   22.   22.   22.   22.   22.   22.   22.   22.   22.   22.   22.   22.
 2123. 2621. 
 2621. 2123. 2123.   22.   22.   22.   22.   22.   22.   22.   22.   22.
 2123. 2621. 2621. 2621. 2123.   22.   22.   22.   22.   22.   22.   22.
   22.   22. 
   22.   22.   22.   22.   22.   22.   22.   22. 2123. 2621. 2621. 2123.
   22.   22.   22.   22.   22. 2123. 2123. 2123. 2621. 2621. 2621. 2621.
 2123.   22. 
   22.   22.   22.   22.   22.   22.   22.   22.   22.   22. 2123. 2621.
 2621. 2621. 2123.   22.   22.   22.   22.   22.   22.   22.   22.   22.
 2123. 2621. 
 2621. 2621. 2123.   22.   22.   22.   22.   22.   22.   22.   22.   22.
   22.   22.   22.   22.   22.   22.   22. 2123. 2621. 2621. 2621. 2123.
   22.   22. 
   22.   22.   22.   22.   22.   22. 2123. 2621. 2621. 2621. 2123.   22.
   22.   22.   22.   22.   22.   22.   22.   22.   22.   22. 2123. 2621.
 2621. 2621. 
 2123.   22.   22.   22.   22.   22.   22.   22.   22.   22.   22. 2123.
 2621. 2621. 2123.   22.   22.   22.   22.   22.   22.   22.   22.   22.
   22.   22. 
   22.   22.   22.   22.   22. 2123. 2621. 2621. 2123.   22.   22.   22.
   22.   22.   22.   22.   22.   22.   22. 2123. 2621. 2621. 2123.   22.
   22.   22. 
   22.   22.   22.   22.   22.   22.   22.   22. 2621. 2621. 2621. 2123.
 2123.   22.   22.   22.   22.   22.   22.   22.   22. 2123. 2123. 2621.
 2621. 2621. 
 2123.   22.   22.   22.   22.   22.   22.   22.   22.   22.   22.   22.
   22.   22.   22.   22. 2123. 2621. 2621. 2621. 2123.   22.   22.   22.
   22.   22. 
   22.   22.   22.   22. 2123. 2123. 2621. 2621. 2621.   22.   22.   22.
   22.   22.   22.   22.   22.   22.   22.   22. 2621. 2621. 2123. 2123.
   22.   22. 
   22.   22.   22.   22.   22.   22. 2123. 2123. 2621. 2621. 2621. 2123.
   22.   22.   22.   22.   22.   22.   22.   22.   22.   22.   22.   22.
   22.   22. 
   22. 2123. 2621. 2621. 2621. 2621. 2123.   22.   22.   22.   22.   22.
   22.   22.   22. 2123. 2123. 2621. 2621. 2621. 2123.   22.   22.   22.
   22.   22. 
   22.   22.   22.   22.   22.   22. 2123. 2123. 2123.   22.   22.   22.
   22.   22.   22.   22.   22.   22. 2123. 2621. 2621. 2621. 2123.   22.
   22.   22. 
   22.   22.   22.   22.   22.   22.   22.   22.   22.   22.   22.   22.
   22. 2123. 2621. 2621. 2621. 2123.   22.   22.   22.   22.   22.   22.
   22.   22. 
 2123. 2621. 2621. 2621. 2621. 2621. 2123.   22.   22.   22.   22.   22.
   22.   22.   22.   22.   22.   22. 2621. 2123. 2123.   22.   22.   22.
   22.   22. 
   22.   22.   22. 2123. 2621. 2621. 2621. 2123.   22.   22.   22.   22.
   22.   22.   22.   22.   22.   22.   22.   22.   22.   22.   22.   22.
   22. 2123. 
 2621. 2621. 2621. 2123.   22.   22.   22.   22.   22.   22.   22. 2123.
 2621. 2621. 2621. 2621. 2123. 2123.   22.   22.   22.   22.   22.   22.
   22.   22. 
   22.   22.   22.   22. 2621. 2621. 2123. 2123.   22.   22.   22.   22.
   22.   22.   22. 2123. 2621. 2621. 2621. 2123.   22.   22.   22.   22.
   22.   22. 
   22.   22.   22.   22.   22.   22.   22.   22.   22.   22.   22. 2123.
 2621. 2621. 2621. 2123.   22.   22.   22.   22.   22.   22. 2123. 2621.
 2621. 2621. 
 2621. 2123.   22.   22.   22.   22.   22.   22.   22.   22.   22.   22.
   22.   22.   22.   22. 2621. 2621. 2621. 2123.   22.   22.   22.   22.
   22.   22. 
 2123. 2621. 2621. 2621. 2123. 2123.   22.   22.   22.   22.   22.   22.
   22.   22.   22.   22.   22.   22.   22.   22.   22.   22.   22. 2123.
 2621. 2621. 
 2621. 2621. 2123. 2123.   22.   22.   22.   22. 2123. 2621. 2621. 2123.
 2123.   22.   22.   22.   22.   22.   22.   22.   22.   22.   22.   22.
   22.   22. 
   22.   22. 2123. 2621. 2621. 2123. 2123.   22.   22.   22.   22.   22.
 2123. 2621. 2621. 2621. 2123.   22.   22.   22.   22.   22.   22.   22.
   22.   22. 
   22.   22.   22.   22.   22.   22.   22.   22.   22.   22. 2123. 2621.
 2621. 2621. 2621. 2123. 2123.   22.   22.   22. 2123. 2621. 2621. 2123.
   22.   22. 
   22.   22.   22.   22.   22.   22.   22.   22.   22.   22.   22.   22.
   22.   22. 2123. 2621. 2621. 2123. 2123.   22.   22.   22.   22.   22.
 2123. 2621. 
 2621. 2621. 2123. 2123.   22.   22.   22.   22.   22.   22.   22.   22.
   22.   22.   22.   22.   22.   22.   22.   22.   22.   22.   22. 2123.
 2621. 2621. 
 2621. 2621. 2123.   22.   22.   22. 2123. 2621. 2621. 2621. 2123. 2123.
   22.   22.   22.   22.   22.   22.   22.   22.   22.   22.   22.   22.
   22.   22. 
 2123. 2621. 2621. 2123. 2123.   22.   22.   22.   22.   22.   22. 2123.
 2621. 2621. 2621. 2123. 2123. 2123. 2123. 2123. 2123.   22.   22.   22.
   22.   22. 
   22.   22.   22.   22.   22.   22.   22.   22.   22.   22. 2123. 2621.
 2621. 2621. 2621. 2123.   22.   22. 2123. 2621. 2621. 2621. 2621. 2621.
 2123. 2123. 
   22.   22.   22.   22.   22.   22.   22.   22.   22.   22.   22.   22.
 2123. 2621. 2621. 2123. 2123.   22.   22.   22.   22.   22.   22. 2123.
 2621. 2621. 
 2621. 2621. 2621. 2621. 2621. 2621. 2621. 2123. 2123.   22.   22.   22.
   22.   22.   22.   22.   22.   22.   22.   22.   22.   22.   22. 2123.
 2621. 2621. 
 2621. 2123.   22.   22.   22. 2123. 2123. 2621. 2621. 2621. 2621. 2123.
 2123.   22.   22.   22.   22.   22.   22.   22.   22.   22.   22.   22.
 2123. 2621. 
 2621. 2123. 2123. 2123.   22.   22.   22.   22.   22.   22. 2123. 2621.
 2621. 2621. 2621. 2621. 2621. 2621. 2621. 2621. 2123.   22.   22.   22.
   22.   22. 
   22.   22.   22.   22.   22.   22.   22. 2123. 2123. 2123. 2621. 2621.
 2621. 2123.   22.   22.   22.   22. 2123. 2123. 2621. 2621. 2621. 2621.
 2123.   22. 
   22.   22.   22.   22.   22.   22.   22.   22.   22.   22. 2621. 2621.
 2621. 2123. 2123. 2123.   22.   22.   22.   22.   22.   22.   22. 2123.
 2123. 2123. 
 2123. 2621. 2123. 2621. 2621. 2621. 2123.   22.   22.   22.   22.   22.
   22.   22.   22.   22.   22.   22.   22. 2123. 2621. 2621. 2621. 2621.
 2123.   22. 
   22.   22.   22.   22.   22.   22. 2123. 2123. 2621. 2621. 2621. 2123.
   22.   22.   22.   22.   22.   22.   22.   22.   22.   22. 2621. 2621.
 2123. 2621. 
 2123. 2123.   22.   22.   22.   22.   22.   22.   22.   22.   22.   22.
   22.   22.   22. 2123. 2621. 2621. 2123. 2123.   22.   22.   22.   22.
   22.   22. 
   22.   22.   22.   22. 2123. 2621. 2621. 2621. 2621. 2123. 2123.   22.
   22.   22.   22.   22.   22.   22.   22. 2123. 2123. 2621. 2621. 2123.
   22.   22. 
   22.   22.   22.   22.   22.   22.   22.   22. 2621. 2621. 2123. 2621.
 2123. 2123.   22.   22.   22.   22.   22.   22.   22.   22.   22.   22.
   22.   22. 
 2123. 2123. 2621. 2621. 2123.   22.   22.   22.   22.   22.   22.   22.
   22.   22.   22. 2123. 2621. 2621. 2621. 2621. 2123. 2123.   22.   22.
   22.   22. 
   22.   22.   22.   22.   22. 2123. 2621. 2621. 2621. 2123.   22.   22.
   22.   22.   22.   22.   22.   22.   22.   22. 2621. 2123. 2123. 2123.
 2123.   22. 
   22.   22.   22.   22.   22.   22.   22.   22.   22.   22.   22.   22.
 2123. 2621. 2621. 2621. 2123.   22.   22.   22.   22.   22.   22.   22.
   22.   22. 
   22. 2123. 2621. 2621. 2621. 2123.   22.   22.   22.   22.   22.   22.
   22.   22.   22.   22. 2123. 2621. 2621. 2621. 2621. 2123.   22.   22.
   22.   22. 
   22.   22.   22.   22.   22.   22. 2123. 2123. 2123. 2123.   22.   22.
   22.   22.   22.   22.   22.   22.   22.   22.   22.   22.   22. 2123.
 2621. 2621. 
 2621. 2123.   22.   22.   22.   22.   22.   22.   22.   22.   22.   22.
   22. 2123. 2621. 2621. 2123.   22.   22.   22.   22.   22.   22.   22.
   22.   22. 
   22.   22. 2123. 2621. 2621. 2621. 2123.   22.   22.   22.   22.   22.
   22.   22.   22.   22.   22.   22. 2621. 2621. 2123. 2123. 2123. 2123.
   22.   22. 
   22.   22.   22.   22.   22.   22.   22.   22.   22. 2123. 2621. 2621.
 2123.   22.   22.   22.   22.   22.   22.   22.   22.   22.   22.   22.
   22. 2123. 
 2621. 2621. 2621. 2123. 2123.   22.   22.   22.   22.   22.   22.   22.
   22. 2123. 2621. 2621. 2621. 2123.   22.   22.   22.   22.   22.   22.
   22.   22. 
   22.   22.   22.   22. 2621. 2621. 2621. 2621. 2123. 2123. 2123.   22.
   22.   22.   22.   22.   22.   22.   22.   22.   22. 2123. 2621. 2621.
 2123.   22. 
   22.   22.   22.   22.   22.   22.   22.   22.   22.   22.   22.   22.
 2123. 2621. 2621. 2621. 2123.   22.   22.   22.   22.   22.   22.   22.
 2123. 2621. 
 2621. 2621. 2123.   22.   22.   22.   22.   22.   22.   22.   22.   22.
   22.   22.   22.   22. 2123. 2621. 2621. 2621. 2621. 2621. 2123. 2123.
   22.   22. 
   22.   22.   22.   22.   22.   22.   22. 2123. 2621. 2621. 2123.   22.
   22.   22.   22.   22.   22.   22.   22.   22.   22.   22.   22.   22.
   22. 2123. 
 2123. 2621. 2621. 2123.   22.   22.   22.   22.   22.   22. 2123. 2621.
 2621. 2621. 2123.   22.   22.   22.   22.   22.   22.   22.   22.   22.
   22.   22. 
   22.   22. 2123. 2123. 2123. 2621. 2621. 2621. 2621. 2123.   22.   22.
   22.   22.   22.   22.   22.   22.   22. 2123. 2621. 2621. 2123.   22.
   22.   22. 
   22.   22.   22.   22.   22.   22.   22.   22.   22.   22.   22.   22.
 2123. 2123. 2621. 2123. 2123.   22.   22.   22.   22.   22. 2123. 2621.
 2621. 2123. 
 22. 22. 22. 22. 22. 22. 22. 22. 22. 22. 22. 22. 22. 22. 
/