PERMI
 1961. 1961. 1536. 1536.    6.    6.    6.    6.    6.    6.    6.    6.
    6.    6.    6.    6.    6.    6.    6.    6.    6.    6.    6.    6.
    6.    6. 
 6. 6. 6. 6. 6. 6. 6. 6. 6. 6. 6. 6. 6. 6. 6. 6. 6. 6. 6. 6. 6. 6. 6. 6.
 6. 6. 
    6.    6.    6.    6.    6.    6.    6.    6.    6.    6.    6.    6.
 1961. 1961. 1961. 1536. 1536.    6.    6.    6.    6.    6.    6.    6.
    6.    6. 
 6. 6. 6. 6. 6. 6. 6. 6. 6. 6. 6. 6. 6. 6. 6. 6. 6. 6. 6. 6. 6. 6. 6. 6.
 6. 6. 
    6.    6.    6.    6.    6.    6.    6.    6.    6.    6.    6.    6.
    6.    6.    6.    6.    6.    6.    6.    6.    6.    6.    6.    6.
 1961. 1961. 
 1961. 1536. 1536.    6.    6.    6.    6.    6.    6.    6.    6.    6.
    6.    6.    6.    6.    6.    6.    6.    6.    6.    6.    6.    6.
    6.    6. 
 6. 6. 6. 6. 6. 6. 6. 6. 6. 6. 6. 6. 6. 6. 6. 6. 6. 6. 6. 6. 6. 6. 6. 6.
 6. 6. 
    6.    6.    6.    6.    6.    6.    6.    6.    6.    6. 1961. 1961.
 1961. 1961. 1536.    6.    6.    6.    6.    6.    6.    6.    6.    6.
    6.    6. 
    6.    6. 1536. 1536. 1536. 1536.    6.    6.    6.    6.    6.    6.
    6.    6.    6.    6.    6.    6.    6.    6.    6.    6.    6.    6.
    6.    6. 
    6.    6.    6.    6.    6.    6.    6.    6.    6.    6.    6.    6.
    6.    6.    6.    6.    6.    6.    6.    6.    6.    6. 1961. 1961.
 1961. 1961. 
 1536.    6.    6.    6.    6.    6.    6.    6.    6.    6.    6.    6.
 1536. 1536. 1536. 1536. 1536. 1536. 1536.    6.    6.    6.    6.    6.
    6.    6. 
 6. 6. 6. 6. 6. 6. 6. 6. 6. 6. 6. 6. 6. 6. 6. 6. 6. 6. 6. 6. 6. 6. 6. 6.
 6. 6. 
    6.    6.    6.    6.    6.    6.    6.    6. 1536. 1961. 1961. 1961.
 1536. 1536.    6. 1536. 1536. 1536. 1536. 1536. 1536.    6.    6.    6.
 1536. 1536. 
 1536. 1961. 1961. 1536. 1536. 1536.    6.    6.    6.    6.    6.    6.
    6.    6.    6.    6.    6.    6.    6.    6.    6.    6.    6.    6.
    6.    6. 
    6.    6.    6.    6.    6.    6.    6.    6.    6.    6.    6.    6.
    6.    6.    6.    6.    6.    6.    6.    6. 1536. 1961. 1961. 1961.
 1536. 1536. 
 1536. 1536. 1536. 1536. 1536. 1536. 1536. 1536. 1536. 1536. 1536. 1536.
 1961. 1961. 1961. 1961. 1536. 1536. 1536.    6.    6.    6.    6.    6.
    6.    6. 
 6. 6. 6. 6. 6. 6. 6. 6. 6. 6. 6. 6. 6. 6. 6. 6. 6. 6. 6. 6. 6. 6. 6. 6.
 6. 6. 
    6.    6.    6.    6.    6.    6. 1536. 1961. 1961. 1961. 1536. 1536.
 1536. 1536. 1961. 1961. 1961. 1961. 1961. 1536. 1536. 1536. 1536. 1961.
 1961. 1961. 
 1961. 1961. 1961. 1536. 1536.    6.    6.    6.    6.    6.    6.    6.
    6.    6.    6.    6.    6.    6.    6.    6.    6.    6.    6.    6.
    6.    6. 
    6.    6.    6.    6.    6.    6.    6.    6.    6.    6.    6.    6.
    6.    6.    6.    6.    6.    6. 1536. 1961. 1961. 1961. 1536. 1536.
 1961. 1961. 
 1961. 1961. 1961. 1961. 1961. 1961. 1536. 1536. 1961. 1961. 1961. 1961.
 1961. 1961. 1961. 1536. 1536.    6.    6.    6. 1536.    6.    6.    6.
    6.    6. 
 6. 6. 6. 6. 6. 6. 6. 6. 6. 6. 6. 6. 6. 6. 6. 6. 6. 6. 6. 6. 6. 6. 6. 6.
 6. 6. 
    6.    6.    6.    6. 1536. 1961. 1961. 1961. 1961. 1961. 1961. 1961.
 1961. 1961. 1961. 1961. 1961. 1961. 1961. 1961. 1961. 1961. 1961. 1536.
 1961. 1961. 
 1961. 1536. 1536. 1536. 1536. 1536. 1536. 1536. 1536.    6.    6.    6.
    6.    6.    6.    6.    6.    6.    6.    6.    6.    6.    6.    6.
    6.    6. 
    6.    6.    6.    6.    6.    6.    6.    6.    6.    6.    6.    6.
    6.    6.    6.    6. 1536. 1961. 1961. 1961. 1961. 1961. 1961. 1961.
 1536. 1536. 
 1536. 1961. 1961. 1961. 1961. 1961. 1961. 1961. 1961. 1536. 1961. 1961.
 1961. 1536. 1536. 1536. 1536. 1961. 1961. 1536. 1536. 1536.    6.    6.
    6.    6. 
 6. 6. 6. 6. 6. 6. 6. 6. 6. 6. 6. 6. 6. 6. 6. 6. 6. 6. 6. 6. 6. 6. 6. 6.
 6. 6. 
    6.    6. 1536. 1536. 1961. 1961. 1961. 1961. 1961. 1536. 1536. 1536.
 1536. 1536. 1961. 1961. 1961. 1961. 1961. 1961. 1536. 1536. 1961. 1961.
 1961. 1961. 
 1961. 1961. 1961. 1961. 1961. 1961. 1961. 1536. 1536.    6.    6.    6.
    6.    6.    6.    6.    6.    6.    6.    6.    6.    6.    6.    6.
    6.    6. 
    6.    6.    6.    6.    6.    6.    6.    6.    6.    6.    6.    6.
    6.    6.    6. 1536. 1536. 1536. 1536. 1536. 1536. 1536. 1536.    6.
 1536. 1536. 
 1536. 1536. 1536. 1536. 1536. 1536. 1536. 1536. 1961. 1961. 1961. 1961.
 1961. 1961. 1961. 1961. 1961. 1961. 1961. 1536. 1536. 1536.    6.    6.
    6.    6. 
    6.    6. 1536.    6.    6.    6.    6.    6.    6.    6.    6.    6.
    6.    6.    6.    6.    6.    6.    6.    6.    6.    6.    6.    6.
    6.    6. 
    6.    6. 1536. 1536. 1536. 1536. 1536.    6.    6.    6.    6. 1536.
 1536. 1536. 1536. 1536. 1536. 1536. 1536. 1536. 1536. 1961. 1961. 1961.
 1961. 1961. 
 1961. 1961. 1961. 1961. 1961. 1961. 1536. 1536.    6.    6. 1536. 1536.
 1536. 1536. 1536. 1536. 1536. 1536.    6.    6.    6.    6.    6.    6.
    6.    6. 
 6. 6. 6. 6. 6. 6. 6. 6. 6. 6. 6. 6. 6. 6. 6. 6. 6. 6. 6. 6. 6. 6. 6. 6.
 6. 6. 
 1536. 1536.    6.    6.    6. 1536. 1536. 1536. 1961. 1961. 1961. 1536.
 1536. 1536. 1536. 1961. 1961. 1961. 1536. 1536. 1536. 1536. 1536. 1536.
 1536. 1536. 
 1536. 1536. 1536. 1536. 1536.    6.    6.    6.    6.    6.    6.    6.
    6.    6.    6.    6.    6.    6.    6.    6.    6.    6.    6.    6.
    6.    6. 
    6.    6.    6.    6.    6.    6.    6.    6.    6.    6.    6.    6.
    6.    6.    6.    6.    6.    6. 1536. 1536. 1536. 1536. 1536. 1536.
 1536. 1536. 
 1536. 1536. 1961. 1961. 1961. 1536. 1536. 1536. 1536. 1961. 1961. 1961.
 1961. 1961. 1961. 1536. 1536. 1536.    6.    6.    6.    6. 1536. 1536.
 1536. 1536. 
 1536.    6.    6.    6.    6.    6.    6.    6.    6.    6.    6.    6.
    6.    6.    6.    6.    6.    6.    6.    6.    6.    6.    6.    6.
    6.    6. 
    6.    6.    6.    6.    6. 1536. 1536. 1536. 1536. 1536.    6.    6.
 1536. 1536. 1961. 1961. 1961. 1961. 1961. 1961. 1961. 1961. 1961. 1961.
 1961. 1961. 
 1961. 1961. 1536. 1536.    6.    6.    6. 1536. 1536. 1536. 1536. 1536.
 1536. 1536.    6.    6.    6.    6.    6.    6.    6.    6.    6.    6.
    6.    6. 
    6.    6.    6.    6.    6.    6.    6.    6.    6.    6.    6.    6.
    6.    6.    6.    6.    6.    6.    6.    6.    6.    6.    6.    6.
 1536. 1536. 
 1536. 1961. 1961. 1961. 1961. 1961. 1961. 1961. 1961. 1961. 1536. 1961.
 1961. 1961. 1536. 1536.    6.    6. 1536. 1536. 1536. 1961. 1961. 1961.
 1961. 1536. 
 1536.    6.    6.    6.    6.    6.    6.    6.    6.    6.    6.    6.
    6.    6.    6.    6.    6.    6.    6.    6.    6.    6.    6.    6.
    6.    6. 
    6.    6.    6.    6.    6.    6.    6.    6.    6.    6.    6. 1536.
 1536. 1536. 1961. 1961. 1961. 1961. 1961. 1961. 1536. 1536. 1536. 1961.
 1961. 1961. 
 1536. 1536. 1536. 1536. 1536. 1536. 1961. 1961. 1961. 1961. 1961. 1536.
 1536. 1536.    6.    6.    6.    6.    6.    6.    6.    6.    6.    6.
    6.    6. 
    6.    6.    6.    6.    6.    6.    6.    6.    6.    6.    6.    6.
    6.    6.    6.    6.    6.    6.    6.    6.    6.    6.    6.    6.
 1536. 1536. 
 1961. 1961. 1961. 1961. 1536. 1536. 1536. 1536. 1536. 1961. 1961. 1961.
 1536. 1536. 1536. 1536. 1536. 1961. 1961. 1961. 1961. 1961. 1961. 1961.
 1536. 1536. 
 6. 6. 6. 6. 6. 6. 6. 6. 6. 6. 6. 6. 6. 6. 6. 6. 6. 6. 6. 6. 6. 6. 6. 6.
 6. 6. 
    6.    6.    6.    6.    6.    6.    6.    6.    6.    6.    6. 1536.
 1536. 1536. 1536. 1536. 1536. 1536. 1536. 1536. 1536. 1961. 1961. 1961.
 1961. 1961. 
 1961. 1961. 1961. 1961. 1961. 1961. 1536. 1961. 1961. 1961. 1961. 1536.
 1536.    6.    6.    6.    6.    6.    6.    6.    6.    6.    6.    6.
    6.    6. 
    6.    6.    6.    6.    6.    6.    6.    6.    6.    6.    6.    6.
    6.    6.    6.    6.    6.    6.    6.    6.    6.    6.    6.    6.
 1536. 1536. 
 1536. 1536. 1536.    6.    6. 1536. 1536. 1536. 1961. 1961. 1961. 1961.
 1961. 1961. 1961. 1961. 1961. 1536. 1536. 1536. 1961. 1961. 1961. 1536.
 1536. 1536. 
 1536. 1536. 1536. 1536.    6.    6.    6.    6.    6.    6.    6.    6.
    6.    6.    6.    6.    6.    6.    6.    6.    6.    6.    6.    6.
    6.    6. 
    6.    6.    6.    6.    6.    6.    6.    6.    6.    6.    6.    6.
    6.    6.    6.    6.    6.    6. 1536. 1536. 1536. 1961. 1961. 1961.
 1961. 1961. 
 1961. 1536. 1536. 1536. 1536. 1536. 1961. 1961. 1961. 1961. 1536. 1536.
 1536. 1961. 1961. 1961.    6.    6.    6.    6.    6.    6.    6.    6.
    6.    6. 
 6. 6. 6. 6. 6. 6. 6. 6. 6. 6. 6. 6. 6. 6. 6. 6. 6. 6. 6. 6. 6. 6. 6. 6.
 6. 6. 
    6.    6.    6.    6. 1536. 1536. 1536. 1536. 1536. 1536. 1536. 1536.
 1536. 1536. 1536. 1536.    6. 1536. 1536. 1961. 1961. 1961. 1961. 1961.
 1961. 1961. 
 1961. 1961.    6.    6.    6.    6.    6.    6.    6.    6.    6.    6.
    6.    6.    6.    6.    6.    6.    6.    6.    6.    6.    6.    6.
    6.    6. 
    6.    6.    6.    6.    6.    6.    6.    6.    6.    6.    6.    6.
    6.    6.    6.    6.    6.    6. 1536. 1536. 1536. 1536. 1536. 1536.
 1536. 1536. 
    6.    6.    6. 1536. 1536. 1961. 1961. 1961. 1961. 1961. 1961. 1961.
 1961. 1961. 1536.    6.    6.    6.    6.    6.    6.    6.    6.    6.
    6.    6. 
 6. 6. 6. 6. 6. 6. 6. 6. 6. 6. 6. 6. 6. 6. 6. 6. 6. 6. 6. 6. 6. 6. 6. 6.
 6. 6. 
    6.    6.    6.    6.    6.    6.    6.    6.    6.    6.    6.    6.
    6.    6.    6. 1536. 1536. 1536. 1536. 1961. 1961. 1961. 1961. 1961.
 1961. 1536. 
 1536. 1536.    6.    6.    6. 1536. 1536. 1536.    6.    6.    6.    6.
    6.    6.    6.    6.    6.    6.    6.    6.    6.    6.    6.    6.
    6.    6. 
 6. 6. 6. 6. 6. 6. 6. 6. 6. 6. 6. 6. 6. 6. 6. 6. 6. 6. 6. 6. 6. 6. 6. 6.
 6. 6. 
    6. 1536. 1536. 1536. 1536. 1536. 1536. 1536. 1536. 1536. 1536. 1536.
 1961. 1536.    6. 1536. 1536. 1961. 1961. 1536. 1536.    6.    6.    6.
    6.    6. 
    6.    6.    6.    6.    6.    6.    6.    6.    6.    6.    6.    6.
    6. 1536.    6.    6.    6.    6.    6.    6.    6.    6.    6.    6.
    6.    6. 
    6.    6. 1536. 1536. 1536. 1536. 1536. 1536. 1536.    6.    6.    6.
 1536. 1536. 1961. 1961. 1961. 1536. 1536. 1536. 1536. 1536.    6. 1536.
 1961. 1536. 
 1536. 1536. 1961. 1961. 1961. 1961. 1536. 1536.    6.    6.    6.    6.
 1536. 1536. 1536.    6.    6.    6.    6.    6.    6.    6. 1536. 1536.
 1536. 1536. 
 1536. 1536.    6.    6. 1536. 1536. 1536. 1536.    6.    6.    6.    6.
    6. 1536. 1536. 1961. 1961. 1961. 1961. 1961. 1536. 1536.    6. 1536.
 1536. 1961. 
 1961. 1961. 1961. 1961. 1961. 1961. 1536. 1536.    6. 1536. 1961. 1536.
 1536. 1961. 1961. 1961. 1961. 1961. 1961. 1536. 1536.    6. 1536. 1536.
 1536. 1536. 
 1536. 1536.    6.    6.    6.    6.    6. 1536. 1536. 1961. 1961. 1961.
 1961. 1536. 1536. 1536. 1536. 1536. 1536. 1536. 1536. 1536.    6.    6.
 1536. 1536. 
 1961. 1961. 1961. 1961. 1961. 1961. 1961. 1536. 1536. 1536. 1961. 1961.
 1961. 1961. 1536. 1961. 1961. 1961. 1961. 1536. 1536.    6. 1961. 1961.
 1961. 1961. 
 1961. 1961. 1961. 1961. 1961. 1536. 1536. 1536. 1961. 1961. 1961. 1961.
 1961. 1536. 1536. 1536.    6.    6. 1536. 1536. 1961. 1961. 1961. 1961.
 1961. 1961. 
 1536. 1536. 1961. 1961. 1961. 1961. 1961. 1536. 1536.    6. 1536. 1961.
 1961. 1961. 1961. 1961. 1961. 1961. 1961. 1961. 1961. 1961. 1961. 1961.
 1961. 1961. 
 1536. 1536. 1961. 1961. 1961. 1536. 1536. 1536. 1961. 1961. 1961. 1961.
 1961. 1536. 1536. 1961. 1961. 1961. 1536. 1961. 1961. 1961. 1961. 1961.
 1961. 1961. 
 1536. 1536. 1536. 1536. 1536. 1961. 1961. 1961. 1961. 1961. 1961. 1961.
 1536. 1536. 1961. 1961. 1961. 1961. 1961. 1961. 1536. 1536. 1536. 1961.
 1961. 1961. 
 1536. 1536. 1961. 1961. 1961. 1961. 1961. 1961. 1961. 1961. 1961. 1536.
 1536. 1536. 1536. 1961. 1961. 1961. 1536. 1536. 1961. 1961. 1961. 1536.
 1536. 1536. 
 1536. 1961. 1961. 1961. 1961. 1961. 1961. 1961. 1536. 1536. 1961. 1961.
 1961. 1961. 1536. 1536. 1961. 1961. 1961. 1961. 1536. 1536. 1961. 1961.
 1961. 1961. 
 1961. 1961. 1961. 1961. 1961. 1961. 1536. 1536. 1961. 1961. 1961. 1961.
 1536. 1536. 1536. 1536. 1961. 1961. 1961. 1961. 1961. 1961. 1536. 1536.
    6. 1536. 
 1536. 1961. 1961. 1961. 1961. 1961. 1536. 1536. 1536. 1536.    6. 1536.
 1536. 1961. 1961. 1961. 1961. 1961. 1961. 1536. 1536. 1536. 1536. 1961.
 1961. 1961. 
 1961. 1961. 1961. 1961. 1961. 1536. 1536. 1536. 1961. 1961. 1961. 1961.
 1961. 1536. 1536. 1961. 1961. 1961. 1961. 1536. 1961. 1961. 1961. 1536.
 1536.    6. 
    6. 1536. 1536. 1961. 1961. 1961. 1536. 1536. 1536.    6.    6.    6.
 1536. 1961. 1961. 1961. 1961. 1961. 1536. 1536. 1536.    6.    6. 1536.
 1536. 1961. 
 1961. 1961. 1961. 1961. 1536. 1536.    6.    6. 1536. 1536. 1961. 1961.
 1961. 1961. 1961. 1961. 1536. 1536.    6. 1536. 1961. 1961. 1961. 1961.
 1536. 1536. 
 1536. 1536. 1961. 1961. 1961. 1961. 1961. 1961. 1961. 1536.    6.    6.
    6.    6. 1536. 1536. 1536. 1536. 1536. 1536.    6.    6.    6.    6.
 1536. 1536. 
 1961. 1961. 1961. 1961.    6.    6.    6.    6.    6.    6. 1536. 1536.
 1961. 1961. 1961. 1536. 1536.    6.    6.    6.    6. 1536. 1536. 1536.
 1961. 1536. 
 1536. 1536. 1536.    6.    6.    6. 1536. 1536. 1961. 1536. 1536. 1536.
    6. 1536. 1536. 1961. 1961. 1961. 1961. 1961. 1536. 1536.    6.    6.
    6.    6. 
    6.    6.    6.    6.    6.    6.    6.    6.    6.    6. 1536. 1536.
 1536. 1961. 1961. 1961.    6.    6.    6.    6.    6.    6.    6. 1536.
 1536. 1536. 
 1536. 1536.    6.    6.    6.    6.    6.    6. 1536. 1536. 1536. 1536.
 1536.    6.    6.    6.    6.    6.    6. 1536. 1536. 1536.    6.    6.
    6. 1536. 
 1536. 1536. 1536. 1961. 1961. 1536. 1536.    6.    6.    6.    6.    6.
    6.    6.    6.    6.    6.    6.    6.    6.    6.    6.    6. 1536.
 1536. 1536. 
 1536. 1536.    6.    6.    6.    6.    6.    6.    6.    6.    6.    6.
    6.    6.    6.    6.    6.    6.    6.    6.    6.    6.    6.    6.
    6.    6. 
    6.    6.    6.    6.    6.    6.    6.    6.    6.    6.    6.    6.
    6. 1536. 1536. 1536. 1536. 1536.    6.    6.    6.    6.    6.    6.
    6.    6. 
 6. 6. 6. 6. 6. 6. 6. 6. 6. 6. 6. 6. 6. 6. 6. 6. 6. 6. 6. 6. 6. 6. 6. 6.
 6. 6. 
 6. 6. 6. 6. 6. 6. 6. 6. 6. 6. 6. 6. 6. 6. 6. 6. 6. 6. 6. 6. 6. 6. 6. 6.
 6. 6. 
 6. 6. 6. 6. 6. 6. 6. 6. 6. 6. 6. 6. 6. 6. 6. 6. 6. 6. 6. 6. 6. 6. 6. 6.
 6. 6. 
 6. 6. 6. 6. 6. 6. 6. 6. 6. 6. 6. 6. 6. 6. 6. 6. 6. 6. 6. 6. 6. 6. 6. 6.
 6. 6. 
 6. 6. 6. 6. 6. 6. 6. 6. 6. 6. 6. 6. 6. 6. 6. 6. 6. 6. 6. 6. 6. 6. 6. 6.
 6. 6. 
 6. 6. 6. 6. 6. 6. 6. 6. 6. 6. 6. 6. 6. 6. 6. 6. 6. 6. 6. 6. 6. 6. 6. 6.
 6. 6. 
 6. 6. 6. 6. 6. 6. 6. 6. 6. 6. 6. 6. 6. 6. 6. 6. 6. 6. 6. 6. 6. 6. 6. 6.
 6. 6. 
 6. 6. 6. 6. 6. 6. 6. 6. 6. 6. 6. 6. 6. 6. 6. 6. 6. 6. 6. 6. 6. 6. 6. 6.
 6. 6. 
 6. 6. 6. 6. 6. 6. 6. 6. 6. 6. 6. 6. 6. 6. 6. 6. 6. 6. 6. 6. 6. 6. 6. 6.
 6. 6. 
 6. 6. 6. 6. 6. 6. 6. 6. 6. 6. 6. 6. 6. 6. 6. 6. 6. 6. 6. 6. 6. 6. 6. 6.
 6. 6. 
 6. 6. 6. 6. 6. 6. 6. 6. 6. 6. 6. 6. 6. 6. 6. 6. 6. 6. 6. 6. 6. 6. 6. 6.
 6. 6. 
 6. 6. 6. 6. 6. 6. 6. 6. 6. 6. 6. 6. 6. 6. 6. 6. 6. 6. 6. 6. 6. 6. 6. 6.
 6. 6. 
 6. 6. 6. 6. 6. 6. 6. 6. 6. 6. 6. 6. 6. 6. 6. 6. 6. 6. 6. 6. 6. 6. 6. 6.
 6. 6. 
 6. 6. 6. 6. 6. 6. 6. 6. 6. 6. 6. 6. 6. 6. 6. 6. 6. 6. 6. 6. 6. 6. 6. 6.
 6. 6. 
 6. 6. 6. 6. 6. 6. 6. 6. 6. 6. 6. 6. 6. 6. 6. 6. 6. 6. 6. 6. 6. 6. 6. 6.
 6. 6. 
 6. 6. 6. 6. 6. 6. 6. 6. 6. 6. 6. 6. 6. 6. 6. 6. 6. 6. 6. 6. 6. 6. 6. 6.
 6. 6. 
 6. 6. 6. 6. 6. 6. 6. 6. 6. 6. 6. 6. 6. 6. 6. 6. 6. 6. 6. 6. 6. 6. 6. 6.
 6. 6. 
 6. 6. 6. 6. 6. 6. 6. 6. 6. 6. 6. 6. 6. 6. 6. 6. 6. 6. 6. 6. 6. 6. 6. 6.
 6. 6. 
 6. 6. 6. 6. 6. 6. 6. 6. 6. 6. 6. 6. 6. 6. 6. 6. 6. 6. 6. 6. 6. 6. 6. 6.
 6. 6. 
 6. 6. 6. 6. 6. 6. 6. 6. 6. 6. 6. 6. 6. 6. 6. 6. 6. 6. 6. 6. 6. 6. 6. 6.
 6. 6. 
 6. 6. 6. 6. 6. 6. 6. 6. 6. 6. 6. 6. 6. 6. 6. 6. 6. 6. 6. 6. 6. 6. 6. 6.
 6. 6. 
 6. 6. 6. 6. 6. 6. 6. 6. 6. 6. 6. 6. 6. 6. 6. 6. 6. 6. 6. 6. 6. 6. 6. 6.
 6. 6. 
 6. 6. 6. 6. 6. 6. 6. 6. 6. 6. 6. 6. 6. 6. 6. 6. 6. 6. 6. 6. 6. 6. 6. 6.
 6. 6. 
 6. 6. 6. 6. 6. 6. 6. 6. 6. 6. 6. 6. 6. 6. 6. 6. 6. 6. 6. 6. 6. 6. 6. 6.
 6. 6. 
 6. 6. 6. 6. 6. 6. 6. 6. 6. 6. 6. 6. 6. 6. 6. 6. 6. 6. 6. 6. 6. 6. 6. 6.
 6. 6. 
 6. 6. 6. 6. 6. 6. 6. 6. 6. 6. 6. 6. 6. 6. 6. 6. 6. 6. 6. 6. 6. 6. 6. 6.
 6. 6. 
 6. 6. 6. 6. 6. 6. 6. 6. 6. 6. 6. 6. 6. 6. 6. 6. 6. 6. 6. 6. 6. 6. 6. 6.
 6. 6. 
 6. 6. 6. 6. 6. 6. 6. 6. 6. 6. 6. 6. 6. 6. 6. 6. 6. 6. 6. 6. 6. 6. 6. 6.
 6. 6. 
 6. 6. 6. 6. 6. 6. 6. 6. 6. 6. 6. 6. 6. 6. 6. 6. 6. 6. 6. 6. 6. 6. 6. 6.
 6. 6. 
 6. 6. 6. 6. 6. 6. 6. 6. 6. 6. 6. 6. 6. 6. 6. 6. 6. 6. 6. 6. 6. 6. 6. 6.
 6. 6. 
 6. 6. 6. 6. 6. 6. 6. 6. 6. 6. 6. 6. 6. 6. 6. 6. 6. 6. 6. 6. 6. 6. 6. 6.
 6. 6. 
 6. 6. 6. 6. 6. 6. 6. 6. 6. 6. 6. 6. 6. 6. 6. 6. 6. 6. 6. 6. 6. 6. 6. 6.
 6. 6. 
 6. 6. 6. 6. 6. 6. 6. 6. 6. 6. 6. 6. 6. 6. 6. 6. 6. 6. 6. 6. 6. 6. 6. 6.
 6. 6. 
 6. 6. 6. 6. 6. 6. 6. 6. 6. 6. 6. 6. 6. 6. 6. 6. 6. 6. 6. 6. 6. 6. 6. 6.
 6. 6. 
 6. 6. 6. 6. 6. 6. 6. 6. 6. 6. 6. 6. 6. 6. 6. 6. 6. 6. 6. 6. 6. 6. 6. 6.
 6. 6. 
 6. 6. 6. 6. 6. 6. 6. 6. 6. 6. 6. 6. 6. 6. 6. 6. 6. 6. 6. 6. 6. 6. 6. 6.
 6. 6. 
 6. 6. 6. 6. 6. 6. 6. 6. 6. 6. 6. 6. 6. 6. 6. 6. 6. 6. 6. 6. 6. 6. 6. 6.
 6. 6. 
 6. 6. 6. 6. 6. 6. 6. 6. 6. 6. 6. 6. 6. 6. 6. 6. 6. 6. 6. 6. 6. 6. 6. 6.
 6. 6. 
 6. 6. 6. 6. 6. 6. 6. 6. 6. 6. 6. 6. 6. 6. 6. 6. 6. 6. 6. 6. 6. 6. 6. 6.
 6. 6. 
 6. 6. 6. 6. 6. 6. 6. 6. 6. 6. 6. 6. 6. 6. 6. 6. 6. 6. 6. 6. 6. 6. 6. 6.
 6. 6. 
 6. 6. 6. 6. 6. 6. 6. 6. 6. 6. 6. 6. 6. 6. 6. 6. 6. 6. 6. 6. 6. 6. 6. 6.
 6. 6. 
 6. 6. 6. 6. 6. 6. 6. 6. 6. 6. 6. 6. 6. 6. 6. 6. 6. 6. 6. 6. 6. 6. 6. 6.
 6. 6. 
 6. 6. 6. 6. 6. 6. 6. 6. 6. 6. 6. 6. 6. 6. 6. 6. 6. 6. 6. 6. 6. 6. 6. 6.
 6. 6. 
 6. 6. 6. 6. 6. 6. 6. 6. 6. 6. 6. 6. 6. 6. 6. 6. 6. 6. 6. 6. 6. 6. 6. 6.
 6. 6. 
    6.    6.    6.    6.    6.    6.    6.    6.    6.    6.    6.    6.
    6.    6.    6.    6.    6.    6.    6.    6.    6.    6. 1536. 1536.
 1536.    6. 
 6. 6. 6. 6. 6. 6. 6. 6. 6. 6. 6. 6. 6. 6. 6. 6. 6. 6. 6. 6. 6. 6. 6. 6.
 6. 6. 
 6. 6. 6. 6. 6. 6. 6. 6. 6. 6. 6. 6. 6. 6. 6. 6. 6. 6. 6. 6. 6. 6. 6. 6.
 6. 6. 
    6.    6.    6.    6.    6.    6.    6.    6. 1536. 1536. 1536. 1536.
 1536.    6.    6.    6.    6.    6. 1536. 1536.    6.    6.    6.    6.
    6.    6. 
 6. 6. 6. 6. 6. 6. 6. 6. 6. 6. 6. 6. 6. 6. 6. 6. 6. 6. 6. 6. 6. 6. 6. 6.
 6. 6. 
    6.    6.    6.    6.    6.    6.    6.    6.    6.    6.    6.    6.
    6.    6.    6.    6.    6.    6.    6.    6. 1961. 1961. 1961. 1961.
 1536. 1536. 
    6. 1536. 1536. 1536. 1536. 1536. 1536. 1536.    6.    6.    6.    6.
    6.    6.    6.    6.    6.    6.    6.    6.    6.    6.    6.    6.
    6.    6. 
 6. 6. 6. 6. 6. 6. 6. 6. 6. 6. 6. 6. 6. 6. 6. 6. 6. 6. 6. 6. 6. 6. 6. 6.
 6. 6. 
    6.    6.    6.    6.    6.    6. 1961. 1961. 1961. 1961. 1536. 1536.
 1536. 1536. 1536. 1536. 1961. 1961. 1961. 1536. 1536. 1536.    6.    6.
    6.    6. 
 6. 6. 6. 6. 6. 6. 6. 6. 6. 6. 6. 6. 6. 6. 6. 6. 6. 6. 6. 6. 6. 6. 6. 6.
 6. 6. 
    6.    6.    6.    6.    6.    6.    6.    6.    6.    6.    6.    6.
    6.    6.    6.    6.    6.    6. 1961. 1961. 1961. 1961. 1961. 1536.
 1536. 1961. 
 1961. 1961. 1961. 1961. 1961. 1961. 1536. 1536.    6.    6.    6.    6.
 1536. 1536. 1536. 1536. 1536.    6.    6.    6.    6.    6.    6.    6.
    6.    6. 
 6. 6. 6. 6. 6. 6. 6. 6. 6. 6. 6. 6. 6. 6. 6. 6. 6. 6. 6. 6. 6. 6. 6. 6.
 6. 6. 
    6.    6.    6.    6. 1536. 1536. 1961. 1961. 1961. 1536. 1961. 1961.
 1961. 1961. 1961. 1961. 1961. 1961. 1961. 1536. 1536. 1536. 1536. 1536.
 1536. 1536. 
 1536. 1536. 1536. 1536.    6.    6.    6.    6.    6.    6.    6.    6.
    6.    6.    6.    6.    6.    6.    6.    6.    6.    6.    6.    6.
    6.    6. 
    6.    6.    6.    6.    6.    6.    6.    6.    6.    6.    6.    6.
    6.    6.    6.    6. 1536. 1536. 1536. 1961. 1961. 1961. 1961. 1961.
 1961. 1961. 
 1536. 1961. 1961. 1961. 1961. 1961. 1536. 1536. 1536. 1536. 1961. 1961.
 1961. 1961. 1536. 1536. 1536.    6.    6.    6.    6.    6.    6.    6.
    6.    6. 
 6. 6. 6. 6. 6. 6. 6. 6. 6. 6. 6. 6. 6. 6. 6. 6. 6. 6. 6. 6. 6. 6. 6. 6.
 6. 6. 
    6.    6.    6. 1536. 1536. 1961. 1961. 1961. 1961. 1961. 1961. 1536.
 1536. 1536. 1961. 1961. 1961. 1961. 1961. 1961. 1961. 1961. 1961. 1961.
 1961. 1961. 
 1961. 1536. 1536. 1536.    6.    6.    6.    6.    6.    6.    6.    6.
    6.    6.    6.    6.    6.    6.    6.    6.    6.    6.    6.    6.
    6.    6. 
 6. 6. 6. 6. 6. 6. 6. 6. 6. 6. 6. 6. 6. 6. 
/