PERMI
 3840. 3840. 3840. 3840. 3840. 3840. 3840. 2606. 2606. 2606.   28.   28.
   28.   28.   28. 2606. 2606. 2606. 3840. 3840. 3840. 3840. 3840. 3840.
 3840. 2606. 
 2606.   28.   28.   28.   28.   28.   28.   28.   28.   28.   28.   28.
   28.   28.   28.   28.   28.   28.   28.   28.   28.   28.   28.   28.
   28.   28. 
   28.   28.   28.   28.   28.   28.   28.   28.   28.   28.   28.   28.
 3840. 3840. 3840. 3840. 3840. 3840. 2606. 2606. 2606.   28.   28.   28.
   28.   28. 
   28.   28. 2606. 2606. 2606. 3840. 3840. 3840. 3840. 3840. 2606. 2606.
 2606.   28.   28.   28.   28.   28.   28.   28.   28.   28.   28.   28.
   28.   28. 
   28.   28.   28.   28.   28.   28.   28.   28.   28.   28.   28.   28.
   28.   28.   28.   28.   28.   28.   28.   28.   28.   28.   28.   28.
 2606. 3840. 
 3840. 3840. 3840. 2606. 2606. 2606.   28.   28.   28.   28.   28.   28.
   28.   28.   28. 2606. 2606. 2606. 2606. 2606. 2606. 2606. 2606. 2606.
   28.   28. 
 28. 28. 28. 28. 28. 28. 28. 28. 28. 28. 28. 28. 28. 28. 28. 28. 28. 28.
 28. 28. 28. 28. 28. 28. 28. 28. 
   28.   28.   28.   28.   28.   28.   28.   28.   28.   28. 2606. 2606.
 2606. 2606. 2606. 2606. 2606.   28.   28.   28.   28.   28.   28.   28.
   28.   28. 
   28.   28.   28. 2606. 2606. 2606. 2606. 2606.   28.   28.   28.   28.
   28.   28.   28.   28.   28.   28.   28.   28.   28.   28.   28.   28.
   28.   28. 
   28.   28.   28.   28.   28.   28.   28.   28.   28.   28.   28.   28.
   28.   28.   28.   28.   28.   28.   28.   28.   28.   28. 2606. 2606.
 2606. 2606. 
 2606.   28.   28.   28.   28.   28.   28.   28.   28.   28.   28.   28.
   28.   28.   28.   28.   28.   28.   28.   28.   28.   28.   28.   28.
   28.   28. 
 28. 28. 28. 28. 28. 28. 28. 28. 28. 28. 28. 28. 28. 28. 28. 28. 28. 28.
 28. 28. 28. 28. 28. 28. 28. 28. 
 28. 28. 28. 28. 28. 28. 28. 28. 28. 28. 28. 28. 28. 28. 28. 28. 28. 28.
 28. 28. 28. 28. 28. 28. 28. 28. 
 28. 28. 28. 28. 28. 28. 28. 28. 28. 28. 28. 28. 28. 28. 28. 28. 28. 28.
 28. 28. 28. 28. 28. 28. 28. 28. 
 28. 28. 28. 28. 28. 28. 28. 28. 28. 28. 28. 28. 28. 28. 28. 28. 28. 28.
 28. 28. 28. 28. 28. 28. 28. 28. 
 28. 28. 28. 28. 28. 28. 28. 28. 28. 28. 28. 28. 28. 28. 28. 28. 28. 28.
 28. 28. 28. 28. 28. 28. 28. 28. 
 28. 28. 28. 28. 28. 28. 28. 28. 28. 28. 28. 28. 28. 28. 28. 28. 28. 28.
 28. 28. 28. 28. 28. 28. 28. 28. 
 28. 28. 28. 28. 28. 28. 28. 28. 28. 28. 28. 28. 28. 28. 28. 28. 28. 28.
 28. 28. 28. 28. 28. 28. 28. 28. 
 28. 28. 28. 28. 28. 28. 28. 28. 28. 28. 28. 28. 28. 28. 28. 28. 28. 28.
 28. 28. 28. 28. 28. 28. 28. 28. 
 28. 28. 28. 28. 28. 28. 28. 28. 28. 28. 28. 28. 28. 28. 28. 28. 28. 28.
 28. 28. 28. 28. 28. 28. 28. 28. 
 28. 28. 28. 28. 28. 28. 28. 28. 28. 28. 28. 28. 28. 28. 28. 28. 28. 28.
 28. 28. 28. 28. 28. 28. 28. 28. 
 28. 28. 28. 28. 28. 28. 28. 28. 28. 28. 28. 28. 28. 28. 28. 28. 28. 28.
 28. 28. 28. 28. 28. 28. 28. 28. 
 28. 28. 28. 28. 28. 28. 28. 28. 28. 28. 28. 28. 28. 28. 28. 28. 28. 28.
 28. 28. 28. 28. 28. 28. 28. 28. 
 28. 28. 28. 28. 28. 28. 28. 28. 28. 28. 28. 28. 28. 28. 28. 28. 28. 28.
 28. 28. 28. 28. 28. 28. 28. 28. 
 28. 28. 28. 28. 28. 28. 28. 28. 28. 28. 28. 28. 28. 28. 28. 28. 28. 28.
 28. 28. 28. 28. 28. 28. 28. 28. 
 28. 28. 28. 28. 28. 28. 28. 28. 28. 28. 28. 28. 28. 28. 28. 28. 28. 28.
 28. 28. 28. 28. 28. 28. 28. 28. 
 28. 28. 28. 28. 28. 28. 28. 28. 28. 28. 28. 28. 28. 28. 28. 28. 28. 28.
 28. 28. 28. 28. 28. 28. 28. 28. 
 28. 28. 28. 28. 28. 28. 28. 28. 28. 28. 28. 28. 28. 28. 28. 28. 28. 28.
 28. 28. 28. 28. 28. 28. 28. 28. 
   28.   28.   28.   28.   28.   28.   28.   28.   28.   28.   28. 2606.
 2606. 2606.   28.   28.   28.   28.   28.   28.   28.   28.   28.   28.
   28.   28. 
   28.   28. 2606. 2606. 2606. 2606. 2606. 2606.   28.   28.   28.   28.
   28.   28.   28.   28.   28.   28.   28.   28.   28.   28.   28.   28.
   28.   28. 
   28.   28.   28.   28.   28.   28.   28.   28.   28.   28.   28.   28.
   28.   28.   28.   28.   28.   28.   28.   28.   28. 2606. 2606. 2606.
 2606. 2606. 
 2606. 2606.   28.   28.   28.   28.   28.   28.   28.   28.   28.   28.
   28. 2606. 2606. 3840. 3840. 3840. 3840. 2606. 2606. 2606. 2606.   28.
   28. 2606. 
 28. 28. 28. 28. 28. 28. 28. 28. 28. 28. 28. 28. 28. 28. 28. 28. 28. 28.
 28. 28. 28. 28. 28. 28. 28. 28. 
   28.   28.   28.   28.   28.   28. 2606. 2606. 2606. 3840. 3840. 3840.
 3840. 2606. 2606.   28.   28.   28.   28.   28.   28.   28.   28.   28.
 2606. 2606. 
 3840. 3840. 3840. 3840. 3840. 3840. 3840. 2606. 2606. 2606.   28. 2606.
   28.   28.   28.   28.   28.   28.   28.   28.   28.   28.   28.   28.
   28.   28. 
   28.   28.   28.   28.   28.   28.   28.   28.   28.   28.   28.   28.
   28.   28.   28.   28.   28. 2606. 2606. 3840. 3840. 3840. 3840. 3840.
 3840. 3840. 
 2606. 2606. 2606.   28.   28.   28.   28.   28.   28. 2606. 2606. 3840.
 3840. 3840. 3840. 3840. 3840. 3840. 3840. 3840. 2606. 2606. 2606. 2606.
   28.   28. 
 28. 28. 28. 28. 28. 28. 28. 28. 28. 28. 28. 28. 28. 28. 28. 28. 28. 28.
 28. 28. 28. 28. 28. 28. 28. 28. 
   28.   28.   28. 2606. 2606. 3840. 3840. 3840. 3840. 3840. 3840. 3840.
 3840. 2606. 2606. 2606.   28.   28.   28. 2606. 2606. 2606. 3840. 3840.
 3840. 3840. 
 2606. 3840. 3840. 3840. 3840. 3840. 2606. 2606. 2606. 2606.   28.   28.
   28.   28.   28.   28.   28.   28.   28.   28.   28.   28.   28.   28.
   28.   28. 
   28.   28.   28.   28.   28.   28.   28.   28.   28.   28.   28.   28.
   28.   28. 2606. 2606. 3840. 3840. 3840. 2606. 2606. 3840. 3840. 3840.
 3840. 3840. 
 3840. 2606. 2606.   28. 2606. 2606. 3840. 3840. 3840. 3840. 3840. 3840.
 2606. 2606. 2606. 3840. 3840. 3840. 3840. 2606. 2606. 3840.   28.   28.
   28.   28. 
 28. 28. 28. 28. 28. 28. 28. 28. 28. 28. 28. 28. 28. 28. 28. 28. 28. 28.
 28. 28. 28. 28. 28. 28. 28. 28. 
 2606. 2606. 3840. 3840. 3840. 2606. 2606. 2606. 2606. 3840. 3840. 3840.
 3840. 3840. 2606. 2606. 2606. 3840. 3840. 3840. 3840. 3840. 3840. 2606.
   28. 2606. 
 2606. 2606. 3840. 3840. 3840. 3840. 2606. 3840.   28.   28.   28.   28.
   28.   28.   28.   28.   28.   28.   28.   28.   28.   28.   28.   28.
   28.   28. 
   28.   28.   28.   28.   28.   28.   28.   28.   28.   28.   28.   28.
 2606. 3840. 3840. 3840. 2606. 2606.   28.   28. 2606. 2606. 3840. 3840.
 3840. 3840. 
 3840. 3840. 3840. 3840. 3840. 3840. 3840. 2606. 2606.   28.   28.   28.
   28. 2606. 2606. 3840. 3840. 3840. 3840. 3840.   28.   28.   28.   28.
   28.   28. 
   28.   28.   28.   28.   28.   28.   28.   28.   28.   28.   28.   28.
   28. 2606. 2606. 2606. 2606.   28.   28.   28.   28.   28.   28.   28.
 2606. 3840. 
 3840. 3840. 2606. 2606.   28.   28.   28. 2606. 2606. 3840. 3840. 3840.
 3840. 3840. 3840. 3840. 3840. 2606. 2606. 2606.   28.   28.   28.   28.
   28.   28. 
 2606. 2606. 3840. 3840. 3840. 3840.   28.   28.   28.   28.   28.   28.
   28.   28.   28.   28.   28.   28.   28.   28.   28.   28.   28. 2606.
 2606. 2606. 
 3840. 2606. 2606. 2606. 2606.   28.   28.   28.   28.   28. 2606. 3840.
 3840. 3840. 2606.   28.   28.   28.   28.   28. 2606. 2606. 2606. 3840.
 3840. 3840. 
 3840. 3840. 2606. 2606.   28.   28.   28.   28.   28.   28.   28.   28.
   28. 2606. 2606. 2606. 3840. 2606.   28.   28.   28.   28.   28.   28.
   28.   28. 
   28.   28.   28.   28.   28.   28.   28.   28.   28. 2606. 2606. 3840.
 3840. 3840. 3840. 3840. 2606. 2606.   28.   28.   28.   28. 2606. 3840.
 3840. 3840. 
 2606.   28.   28.   28.   28.   28.   28. 2606. 2606. 2606. 3840. 3840.
 3840. 2606. 2606.   28.   28.   28.   28.   28.   28.   28.   28.   28.
   28.   28. 
 2606. 2606. 2606. 2606.   28.   28.   28.   28.   28.   28.   28.   28.
   28.   28.   28.   28.   28.   28.   28.   28. 2606. 2606. 3840. 3840.
 3840. 3840. 
 3840. 3840. 3840. 2606. 2606.   28.   28. 2606. 2606. 3840. 3840. 3840.
 2606.   28.   28.   28.   28.   28.   28.   28.   28. 2606. 2606. 2606.
 2606. 2606. 
 28. 28. 28. 28. 28. 28. 28. 28. 28. 28. 28. 28. 28. 28. 28. 28. 28. 28.
 28. 28. 28. 28. 28. 28. 28. 28. 
   28.   28.   28.   28.   28.   28. 2606. 2606. 3840. 3840. 3840. 2606.
 3840. 3840. 3840. 3840. 2606. 2606. 2606. 2606. 2606. 3840. 3840. 3840.
 2606.   28. 
 28. 28. 28. 28. 28. 28. 28. 28. 28. 28. 28. 28. 28. 28. 28. 28. 28. 28.
 28. 28. 28. 28. 28. 28. 28. 28. 
   28.   28.   28.   28.   28.   28.   28.   28.   28.   28.   28.   28.
   28.   28.   28.   28.   28.   28. 2606. 3840. 3840. 3840. 3840. 2606.
 2606. 3840. 
 3840. 3840. 3840. 2606. 2606. 2606. 3840. 3840. 3840. 2606. 2606.   28.
   28.   28.   28.   28.   28.   28.   28.   28.   28.   28.   28.   28.
   28.   28. 
 28. 28. 28. 28. 28. 28. 28. 28. 28. 28. 28. 28. 28. 28. 28. 28. 28. 28.
 28. 28. 28. 28. 28. 28. 28. 28. 
   28.   28.   28.   28. 2606. 3840. 3840. 3840. 3840. 2606. 2606. 2606.
 3840. 3840. 3840. 3840. 3840. 3840. 3840. 3840. 3840. 2606.   28.   28.
   28.   28. 
 28. 28. 28. 28. 28. 28. 28. 28. 28. 28. 28. 28. 28. 28. 28. 28. 28. 28.
 28. 28. 28. 28. 28. 28. 28. 28. 
   28.   28.   28.   28.   28. 2606. 2606. 2606. 2606. 2606. 2606. 2606.
   28.   28.   28.   28. 2606. 3840. 3840. 3840. 3840. 2606.   28. 2606.
 2606. 3840. 
 3840. 3840. 3840. 3840. 3840. 3840. 2606. 2606.   28.   28.   28.   28.
   28.   28.   28.   28.   28.   28.   28.   28.   28.   28.   28.   28.
   28.   28. 
   28.   28.   28.   28. 2606. 2606. 2606. 2606.   28.   28.   28.   28.
   28.   28.   28.   28. 2606. 2606. 3840. 3840. 3840. 3840. 2606. 2606.
 2606.   28. 
   28.   28. 2606. 3840. 3840. 3840. 2606. 2606.   28.   28. 2606. 2606.
 2606. 2606. 2606. 2606. 2606. 2606. 2606.   28.   28.   28.   28.   28.
   28.   28. 
   28.   28.   28.   28.   28.   28.   28.   28.   28.   28.   28.   28.
   28.   28. 2606. 2606. 2606. 2606. 2606. 2606. 2606. 2606.   28.   28.
   28.   28. 
   28. 2606. 2606. 3840. 3840. 3840. 3840. 3840. 3840. 3840. 2606. 2606.
   28. 2606. 2606. 3840. 3840. 3840. 2606. 2606.   28.   28.   28.   28.
   28.   28. 
   28. 2606.   28.   28.   28.   28.   28.   28.   28.   28.   28.   28.
   28.   28.   28.   28.   28.   28.   28.   28.   28.   28.   28.   28.
   28. 2606. 
 2606. 2606. 3840. 3840. 3840. 3840. 2606. 2606. 2606.   28.   28.   28.
   28. 2606. 3840. 3840. 3840. 3840. 3840. 3840. 3840. 3840. 3840. 2606.
 2606. 2606. 
 2606. 3840. 3840. 3840. 2606.   28.   28.   28.   28.   28.   28.   28.
   28.   28.   28.   28.   28.   28.   28.   28.   28.   28.   28.   28.
   28.   28. 
   28.   28.   28.   28.   28.   28.   28.   28.   28.   28.   28. 2606.
 2606. 3840. 3840. 3840. 3840. 3840. 3840. 3840. 2606. 2606.   28.   28.
 2606. 2606. 
 3840. 3840. 3840. 2606. 2606. 2606. 3840. 3840. 3840. 3840. 3840. 2606.
 3840. 3840. 3840. 3840. 2606.   28.   28.   28.   28.   28.   28.   28.
   28.   28. 
   28.   28.   28.   28.   28.   28.   28.   28.   28.   28.   28.   28.
   28.   28.   28.   28.   28.   28.   28.   28.   28.   28. 2606. 2606.
 2606. 3840. 
 3840. 3840. 3840. 3840. 3840. 3840. 3840. 2606.   28.   28. 2606. 2606.
 3840. 3840. 3840. 2606. 2606. 2606. 2606. 3840. 3840. 3840. 3840. 3840.
 3840. 3840. 
 3840. 2606. 2606.   28.   28.   28.   28.   28.   28.   28.   28.   28.
   28.   28.   28.   28.   28.   28.   28.   28.   28.   28.   28.   28.
   28.   28. 
   28.   28.   28.   28.   28.   28.   28.   28. 2606. 2606. 3840. 3840.
 3840. 3840. 2606. 3840. 3840. 3840. 3840. 3840.   28.   28. 2606. 2606.
 3840. 3840. 
 3840. 2606. 2606.   28. 2606. 2606. 2606. 3840. 3840. 3840. 3840. 3840.
 2606. 2606.   28.   28.   28.   28.   28.   28.   28.   28.   28.   28.
   28.   28. 
   28.   28.   28.   28.   28.   28.   28.   28.   28.   28.   28.   28.
   28.   28.   28.   28.   28.   28.   28.   28. 2606. 2606. 3840. 3840.
 3840. 2606. 
 2606. 2606. 2606. 3840. 3840. 3840.   28.   28.   28. 2606. 3840. 3840.
 3840. 2606. 2606.   28.   28.   28. 2606. 2606. 2606. 3840. 2606. 2606.
 2606.   28. 
 28. 28. 28. 28. 28. 28. 28. 28. 28. 28. 28. 28. 28. 28. 28. 28. 28. 28.
 28. 28. 28. 28. 28. 28. 28. 28. 
   28.   28.   28.   28.   28.   28. 2606. 2606. 3840. 3840. 2606. 2606.
 2606. 2606. 2606. 3840. 3840. 3840. 2606.   28. 2606. 2606. 3840. 3840.
 3840. 2606. 
 2606.   28.   28.   28.   28. 2606. 2606. 2606. 2606. 2606.   28.   28.
   28.   28.   28.   28.   28.   28.   28.   28.   28.   28.   28.   28.
   28.   28. 
   28.   28.   28.   28.   28.   28.   28.   28.   28.   28.   28.   28.
   28.   28.   28.   28.   28.   28. 2606. 2606. 3840. 3840. 2606. 2606.
   28.   28. 
 2606. 2606. 3840. 2606. 2606. 2606. 2606. 2606. 3840. 3840. 3840. 2606.
 2606.   28.   28.   28.   28.   28.   28.   28.   28.   28.   28.   28.
   28.   28. 
 28. 28. 28. 28. 28. 28. 28. 28. 28. 28. 28. 28. 28. 28. 28. 28. 28. 28.
 28. 28. 28. 28. 28. 28. 28. 28. 
   28.   28.   28.   28. 2606. 2606. 2606. 2606. 2606. 2606.   28.   28.
   28. 2606. 2606. 2606. 3840. 3840. 2606. 2606. 3840. 3840. 3840. 2606.
 2606.   28. 
 28. 28. 28. 28. 28. 28. 28. 28. 28. 28. 28. 28. 28. 28. 28. 28. 28. 28.
 28. 28. 28. 28. 28. 28. 28. 28. 
   28.   28.   28.   28.   28.   28. 2606. 2606. 2606. 2606. 2606.   28.
   28.   28.   28. 2606. 2606. 2606. 2606. 2606. 2606. 2606.   28.   28.
   28.   28. 
 2606. 2606. 3840. 3840. 3840. 3840. 3840. 3840. 2606. 2606.   28.   28.
   28.   28.   28.   28.   28.   28.   28.   28.   28.   28.   28.   28.
   28.   28. 
   28.   28.   28.   28.   28.   28.   28.   28.   28.   28.   28.   28.
   28.   28.   28.   28. 2606. 2606. 2606. 2606. 2606. 2606. 2606. 2606.
 2606. 2606. 
 2606. 2606. 2606. 3840. 3840. 3840. 3840. 2606. 2606. 2606.   28.   28.
 2606. 2606. 3840. 3840. 3840. 3840. 3840. 3840. 2606. 2606.   28.   28.
   28.   28. 
   28.   28.   28.   28.   28.   28.   28.   28.   28.   28.   28.   28.
   28.   28.   28.   28.   28.   28. 2606. 2606. 2606. 2606. 2606.   28.
   28.   28. 
 2606. 2606. 2606. 2606. 2606. 2606. 3840. 3840. 3840. 3840. 2606. 2606.
 2606. 2606. 3840. 3840. 3840. 3840. 3840. 3840. 2606. 2606. 2606.   28.
 2606. 2606. 
 2606. 3840. 3840. 3840. 2606. 2606. 2606.   28.   28.   28.   28.   28.
   28.   28.   28. 2606. 2606. 2606. 2606. 2606.   28.   28.   28.   28.
   28.   28. 
   28.   28.   28. 2606. 2606. 2606. 3840. 2606. 2606. 2606.   28. 2606.
 2606. 3840. 3840. 3840. 2606. 2606. 2606. 3840. 3840. 3840. 3840. 2606.
 2606. 3840. 
 3840. 3840. 3840. 3840. 3840. 3840. 3840. 2606. 2606. 2606. 2606. 3840.
 2606. 2606. 2606. 2606. 2606. 2606.   28.   28.   28.   28.   28.   28.
   28.   28. 
 2606. 2606. 2606. 2606. 2606. 2606. 2606.   28.   28.   28.   28.   28.
   28.   28. 2606. 2606. 2606. 3840. 3840. 3840. 3840. 2606. 2606. 2606.
 3840. 3840. 
 3840. 3840. 3840. 3840. 2606. 2606. 3840. 3840. 3840. 2606. 2606. 3840.
 3840. 2606. 2606. 2606. 3840. 3840. 3840. 3840. 3840. 2606. 2606. 3840.
 2606.   28. 
   28. 2606.   28.   28.   28.   28.   28.   28.   28.   28.   28. 2606.
 2606. 3840. 3840. 3840. 3840. 3840. 2606. 2606.   28.   28.   28.   28.
   28. 2606. 
 2606. 2606. 3840. 3840. 3840. 3840. 3840. 2606. 2606. 3840. 3840. 3840.
 3840. 3840. 3840. 3840. 3840. 2606. 2606. 2606. 2606. 2606. 2606. 3840.
 3840. 3840. 
 2606. 2606. 2606. 2606. 3840. 3840. 3840. 3840. 3840. 3840. 2606. 2606.
   28.   28. 2606. 2606.   28.   28.   28.   28.   28.   28.   28. 2606.
 2606. 3840. 
 3840. 3840. 3840. 3840. 3840. 2606. 2606.   28.   28.   28. 2606. 2606.
 3840. 3840. 3840. 3840. 3840. 3840. 3840. 2606. 2606. 3840. 3840. 3840.
 2606. 3840. 
 3840. 3840. 3840. 3840. 2606. 2606. 2606. 2606. 2606. 3840. 3840. 3840.
 2606. 2606. 2606. 2606. 2606. 3840. 3840. 3840. 3840. 3840. 3840. 2606.
 2606. 2606. 
 2606. 2606. 2606. 2606.   28.   28.   28.   28.   28. 2606. 3840. 3840.
 3840. 3840. 3840. 3840. 3840. 2606. 2606. 2606. 2606. 2606. 2606. 2606.
 3840. 3840. 
 3840. 3840. 2606. 3840. 2606. 2606. 3840. 3840. 3840. 3840. 2606. 2606.
 3840. 3840. 3840. 3840. 2606. 2606. 2606. 2606. 2606. 3840. 3840. 3840.
 2606. 2606. 
 2606. 2606. 2606. 2606. 3840. 3840. 3840. 3840. 3840. 3840. 2606. 2606.
 3840. 3840. 3840. 2606. 2606.   28.   28.   28.   28. 2606. 3840. 3840.
 3840. 3840. 
 3840. 3840. 3840. 3840. 2606. 2606. 2606. 2606. 2606. 2606. 2606. 2606.
 2606. 2606. 2606. 2606. 2606. 2606. 3840. 3840. 3840. 2606. 2606. 2606.
 2606. 2606. 
 3840. 3840. 3840. 2606. 2606. 2606. 2606. 3840. 3840. 3840. 2606. 3840.
 2606. 2606. 2606. 2606. 2606. 3840. 3840. 3840. 3840. 3840. 2606. 2606.
 3840. 3840. 
 3840. 3840. 2606. 2606. 2606. 2606. 2606. 2606. 3840. 3840. 3840. 3840.
 2606. 3840. 3840. 2606. 2606. 3840. 3840. 3840. 3840. 3840. 2606. 2606.
 2606. 2606. 
 2606. 2606. 2606. 3840. 3840. 3840. 3840. 2606. 2606. 3840. 2606. 2606.
 2606. 3840. 3840. 3840. 2606. 2606. 3840. 3840. 3840. 2606. 2606. 3840.
 3840. 2606. 
 2606. 2606. 2606. 2606. 2606. 2606. 3840. 3840. 3840. 2606. 2606. 3840.
 3840. 3840. 2606. 2606. 2606. 2606. 2606. 2606. 2606. 3840. 3840. 3840.
 2606. 2606. 
 2606. 2606. 3840. 3840. 3840. 3840. 3840. 3840. 3840. 3840. 3840. 2606.
 2606. 2606. 2606. 3840. 3840. 3840. 2606. 2606. 3840. 3840. 2606. 2606.
 2606. 3840. 
 3840. 3840. 3840. 3840. 3840. 3840. 3840. 2606. 2606. 3840. 3840. 3840.
 3840. 2606. 2606. 2606. 2606. 3840. 3840. 3840. 3840. 2606. 2606. 3840.
 3840. 2606. 
 2606. 2606. 3840. 3840. 3840. 3840. 2606. 2606. 3840. 3840. 2606. 2606.
 2606. 2606. 3840. 3840. 3840. 3840. 2606. 3840. 3840. 3840. 3840. 3840.
 3840. 2606. 
 3840. 3840. 3840. 3840. 2606. 2606. 3840. 2606. 2606. 3840. 2606. 2606.
 3840. 3840. 3840. 3840. 3840. 3840. 2606. 2606. 3840. 3840. 3840. 3840.
 3840. 3840. 
 2606. 2606. 2606. 3840. 3840. 3840. 3840. 3840. 2606. 2606. 2606. 2606.
 2606. 3840. 3840. 3840. 3840. 3840. 3840. 2606. 3840. 2606. 2606. 2606.
 2606. 3840. 
 3840. 3840. 3840. 2606. 2606. 2606. 2606. 3840. 3840. 3840. 3840. 3840.
 3840. 3840. 3840. 2606. 2606. 3840. 3840. 2606. 2606. 3840. 3840. 2606.
 2606. 3840. 
 3840. 3840. 3840. 2606. 2606. 2606. 2606. 2606. 2606. 3840. 3840. 3840.
 3840. 2606. 2606. 3840. 3840. 3840. 3840. 3840. 2606. 2606. 2606. 3840.
 3840. 3840. 
 3840. 3840. 3840. 3840. 3840. 2606. 2606. 2606. 2606. 2606. 2606. 3840.
 3840. 3840. 2606. 2606. 2606. 2606. 2606. 2606. 2606. 3840. 3840. 3840.
 3840. 3840. 
 3840. 2606. 2606. 3840. 2606. 2606. 2606. 2606. 2606. 2606. 2606. 2606.
 2606. 2606. 2606. 2606. 2606. 2606. 2606. 2606. 2606. 2606. 3840. 3840.
 3840. 3840. 
 2606. 2606. 2606. 3840. 3840. 3840. 3840. 3840. 3840. 3840. 3840. 3840.
 3840. 2606. 3840. 3840. 3840. 2606. 2606. 2606. 2606. 2606. 2606. 3840.
 3840. 3840. 
 2606. 2606. 2606. 2606. 2606. 2606. 2606. 2606. 3840. 3840. 3840. 3840.
 2606. 2606. 2606. 2606. 2606. 3840. 3840. 3840. 2606. 2606. 2606. 3840.
 2606. 2606. 
 3840. 2606. 2606.   28. 2606. 2606. 2606. 2606. 2606. 3840. 3840. 3840.
 3840. 2606. 2606. 2606. 3840. 3840. 3840. 3840. 3840. 3840. 3840. 2606.
 2606. 2606. 
 2606. 3840. 3840. 3840. 2606. 2606. 2606. 2606. 2606. 3840. 3840. 3840.
 2606. 2606. 3840. 3840. 3840. 3840. 2606. 2606. 2606. 2606. 2606. 2606.
 2606. 2606. 
 2606. 2606. 2606. 3840. 3840. 3840. 3840. 2606. 3840. 3840. 3840. 3840.
 2606. 2606. 2606. 2606. 2606. 2606. 2606. 2606. 2606. 3840. 3840. 3840.
 3840. 2606. 
 2606. 2606. 3840. 3840. 3840. 3840. 3840. 2606. 2606. 2606. 2606. 2606.
 2606. 3840. 3840. 3840. 2606. 2606.   28. 2606. 2606. 3840. 3840. 3840.
 2606. 2606. 
 3840. 3840. 3840. 3840. 3840. 2606. 2606. 2606. 2606. 2606. 3840. 2606.
 2606. 2606. 3840. 3840. 3840. 3840. 3840. 3840. 3840. 3840. 3840. 2606.
 2606. 2606. 
 2606. 2606. 2606. 3840. 3840. 3840. 2606. 2606. 3840. 3840. 3840. 3840.
 3840. 2606. 2606. 2606. 3840. 2606. 2606. 2606. 2606. 2606. 2606. 2606.
 2606. 2606. 
 3840. 3840. 3840. 2606. 2606. 2606. 3840. 3840. 3840. 2606. 2606. 3840.
 3840. 3840. 3840. 3840. 3840. 3840. 2606. 2606. 3840. 3840. 3840. 2606.
 2606. 2606. 
 2606. 2606. 3840. 3840. 3840. 3840. 3840. 3840. 3840. 2606. 3840. 3840.
 2606. 2606. 3840. 3840. 3840. 3840. 2606. 2606. 2606. 3840. 3840. 3840.
 3840. 3840. 
 2606. 2606. 2606. 2606. 2606. 2606. 2606. 2606. 2606. 2606. 2606. 2606.
 3840. 3840. 3840. 3840. 2606. 3840. 3840. 3840. 3840. 2606. 2606. 3840.
 3840. 3840. 
 2606. 3840. 3840. 2606. 2606. 3840. 3840. 3840. 3840. 2606. 2606. 3840.
 2606. 2606. 2606. 2606. 3840. 3840. 3840. 3840. 2606. 2606. 3840. 3840.
 3840. 3840. 
 3840. 3840. 3840. 2606. 2606. 2606. 2606. 2606. 3840. 3840. 2606. 2606.
 2606. 2606. 2606.   28. 2606. 2606. 2606. 3840. 3840. 3840. 3840. 2606.
 2606. 3840. 
 3840. 3840. 3840. 3840. 3840. 3840. 3840. 2606. 2606. 2606. 2606. 2606.
 2606. 2606. 2606. 2606. 2606. 3840. 3840. 3840. 2606. 2606. 3840. 3840.
 2606.   28. 
 2606. 2606. 2606. 2606. 2606. 2606. 2606. 3840. 3840. 3840. 3840. 3840.
 3840. 2606. 2606. 2606. 2606.   28. 2606. 2606. 2606. 2606. 2606. 2606.
 2606. 2606. 
   28. 2606. 2606. 3840. 3840. 3840. 3840. 3840. 3840. 3840. 2606. 2606.
 3840. 3840. 3840. 3840. 3840. 3840. 2606. 2606. 3840. 3840. 2606. 2606.
 2606. 2606. 
 2606. 2606. 3840. 3840. 3840. 3840. 2606. 2606. 3840. 2606. 2606.   28.
   28.   28.   28.   28. 2606. 2606. 2606. 2606. 2606. 2606. 2606. 2606.
 2606. 2606. 
 2606. 2606.   28.   28.   28.   28. 2606. 2606. 3840. 3840. 2606. 2606.
 2606. 2606. 2606. 3840. 3840. 3840. 3840. 3840. 2606. 2606. 3840. 2606.
 2606. 3840. 
 3840. 2606. 2606. 2606. 2606. 3840. 3840. 3840. 3840. 3840. 3840. 2606.
 2606. 2606. 3840. 3840. 3840. 2606. 2606. 3840. 2606. 2606. 2606.   28.
   28.   28. 
   28.   28.   28.   28.   28. 2606. 2606. 2606. 2606. 2606. 2606. 2606.
   28.   28.   28.   28.   28.   28.   28.   28. 3840. 3840. 3840. 3840.
 2606. 3840. 
 3840. 3840. 2606. 2606. 3840. 2606. 2606. 2606. 2606. 3840. 2606. 2606.
 2606. 2606. 2606. 2606. 3840. 3840. 3840. 3840. 3840. 3840. 3840. 3840.
 3840. 3840. 
 3840. 3840. 3840. 2606. 2606. 2606. 2606. 2606.   28.   28.   28.   28.
   28.   28.   28.   28.   28.   28.   28. 2606. 2606. 2606.   28.   28.
   28.   28. 
   28.   28.   28.   28.   28.   28. 3840. 3840. 3840. 3840. 3840. 3840.
 2606. 2606. 2606. 2606. 2606. 2606.   28. 2606. 2606. 3840. 2606. 2606.
 3840. 3840. 
 3840. 3840. 2606. 2606. 3840. 3840. 3840. 3840. 3840. 3840. 3840. 3840.
 3840. 3840. 2606. 2606. 2606. 2606.   28.   28.   28.   28.   28.   28.
   28.   28. 
   28.   28.   28.   28.   28.   28.   28.   28.   28.   28.   28.   28.
   28.   28.   28.   28.   28.   28. 2606. 3840. 3840. 3840. 3840. 2606.
 2606. 2606. 
 3840. 3840. 3840. 2606. 2606. 2606. 2606. 2606. 3840. 2606. 3840. 3840.
 3840. 3840. 2606. 2606. 2606. 2606. 2606. 3840. 3840. 3840. 3840. 3840.
 3840. 2606. 
 2606.   28.   28.   28.   28.   28.   28.   28.   28.   28.   28.   28.
   28.   28.   28.   28.   28.   28.   28.   28.   28.   28.   28.   28.
   28.   28. 
   28.   28.   28.   28. 2606. 2606. 3840. 3840. 2606. 2606. 3840. 3840.
 3840. 3840. 3840. 3840. 2606. 2606. 2606. 2606. 2606. 2606. 3840. 3840.
 3840. 3840. 
 2606. 2606. 2606. 2606. 2606. 2606. 2606. 2606. 2606. 2606. 2606. 2606.
 2606.   28.   28.   28.   28.   28.   28.   28.   28.   28.   28.   28.
   28.   28. 
   28.   28.   28.   28.   28.   28.   28.   28.   28.   28.   28.   28.
   28.   28.   28.   28. 2606. 2606. 3840. 2606. 2606. 3840. 3840. 3840.
 3840. 3840. 
 3840. 3840. 3840. 2606. 2606. 2606. 2606. 2606. 2606. 3840. 3840. 3840.
 2606. 2606. 3840. 2606. 2606.   28. 2606. 2606. 2606. 2606. 2606.   28.
   28.   28. 
 28. 28. 28. 28. 28. 28. 28. 28. 28. 28. 28. 28. 28. 28. 28. 28. 28. 28.
 28. 28. 28. 28. 28. 28. 28. 28. 
   28.   28. 2606. 2606. 2606. 2606. 3840. 3840. 3840. 3840. 3840. 3840.
 3840. 3840. 3840. 3840. 2606. 2606. 2606. 2606. 2606. 3840. 3840. 3840.
 2606. 2606. 
 2606. 2606.   28.   28.   28.   28.   28.   28.   28.   28.   28.   28.
   28.   28.   28.   28.   28.   28.   28.   28.   28.   28.   28.   28.
   28.   28. 
 28. 28. 28. 28. 28. 28. 28. 28. 28. 28. 28. 28. 28. 28. 
/