PERMI
    6.    6.    6.    6.    6.    6.    6.    6.    6.    6.    6.    6.
 1042. 1628. 1628. 1628. 1628. 1628. 1628. 1628. 1628. 1042. 1042. 1042.
    6.    6. 
    6.    6. 1042. 1042. 1042. 1628. 1628. 1628. 1628. 1628. 1628. 1628.
 1042. 1042. 1042.    6.    6.    6.    6.    6.    6.    6.    6.    6.
    6.    6. 
    6.    6.    6.    6.    6.    6.    6.    6.    6.    6.    6.    6.
    6.    6.    6.    6.    6.    6.    6.    6.    6.    6.    6.    6.
 1042. 1042. 
 1628. 1628. 1628. 1628. 1628. 1628. 1042. 1042. 1042.    6.    6.    6.
    6.    6.    6.    6. 1042. 1042. 1042. 1628. 1628. 1628. 1628. 1042.
 1042. 1042. 
 6. 6. 6. 6. 6. 6. 6. 6. 6. 6. 6. 6. 6. 6. 6. 6. 6. 6. 6. 6. 6. 6. 6. 6.
 6. 6. 
    6.    6.    6.    6.    6.    6.    6.    6.    6.    6.    6. 1042.
 1042. 1042. 1042. 1042. 1042. 1042. 1042. 1042.    6.    6.    6.    6.
    6.    6. 
    6.    6.    6.    6. 1042. 1042. 1042. 1042. 1042. 1042.    6.    6.
    6.    6.    6.    6.    6.    6.    6.    6.    6.    6.    6.    6.
    6.    6. 
    6.    6.    6.    6.    6.    6.    6.    6.    6.    6.    6.    6.
    6.    6.    6.    6.    6.    6.    6.    6.    6.    6.    6.    6.
 1042. 1042. 
 1042. 1042. 1042. 1042.    6.    6.    6.    6.    6.    6.    6.    6.
    6.    6.    6.    6.    6. 1042. 1042. 1042. 1042.    6.    6.    6.
    6.    6. 
 6. 6. 6. 6. 6. 6. 6. 6. 6. 6. 6. 6. 6. 6. 6. 6. 6. 6. 6. 6. 6. 6. 6. 6.
 6. 6. 
 6. 6. 6. 6. 6. 6. 6. 6. 6. 6. 6. 6. 6. 6. 6. 6. 6. 6. 6. 6. 6. 6. 6. 6.
 6. 6. 
 6. 6. 6. 6. 6. 6. 6. 6. 6. 6. 6. 6. 6. 6. 6. 6. 6. 6. 6. 6. 6. 6. 6. 6.
 6. 6. 
 6. 6. 6. 6. 6. 6. 6. 6. 6. 6. 6. 6. 6. 6. 6. 6. 6. 6. 6. 6. 6. 6. 6. 6.
 6. 6. 
 6. 6. 6. 6. 6. 6. 6. 6. 6. 6. 6. 6. 6. 6. 6. 6. 6. 6. 6. 6. 6. 6. 6. 6.
 6. 6. 
 6. 6. 6. 6. 6. 6. 6. 6. 6. 6. 6. 6. 6. 6. 6. 6. 6. 6. 6. 6. 6. 6. 6. 6.
 6. 6. 
 6. 6. 6. 6. 6. 6. 6. 6. 6. 6. 6. 6. 6. 6. 6. 6. 6. 6. 6. 6. 6. 6. 6. 6.
 6. 6. 
 6. 6. 6. 6. 6. 6. 6. 6. 6. 6. 6. 6. 6. 6. 6. 6. 6. 6. 6. 6. 6. 6. 6. 6.
 6. 6. 
 6. 6. 6. 6. 6. 6. 6. 6. 6. 6. 6. 6. 6. 6. 6. 6. 6. 6. 6. 6. 6. 6. 6. 6.
 6. 6. 
 6. 6. 6. 6. 6. 6. 6. 6. 6. 6. 6. 6. 6. 6. 6. 6. 6. 6. 6. 6. 6. 6. 6. 6.
 6. 6. 
 6. 6. 6. 6. 6. 6. 6. 6. 6. 6. 6. 6. 6. 6. 6. 6. 6. 6. 6. 6. 6. 6. 6. 6.
 6. 6. 
 6. 6. 6. 6. 6. 6. 6. 6. 6. 6. 6. 6. 6. 6. 6. 6. 6. 6. 6. 6. 6. 6. 6. 6.
 6. 6. 
 6. 6. 6. 6. 6. 6. 6. 6. 6. 6. 6. 6. 6. 6. 6. 6. 6. 6. 6. 6. 6. 6. 6. 6.
 6. 6. 
 6. 6. 6. 6. 6. 6. 6. 6. 6. 6. 6. 6. 6. 6. 6. 6. 6. 6. 6. 6. 6. 6. 6. 6.
 6. 6. 
 6. 6. 6. 6. 6. 6. 6. 6. 6. 6. 6. 6. 6. 6. 6. 6. 6. 6. 6. 6. 6. 6. 6. 6.
 6. 6. 
 6. 6. 6. 6. 6. 6. 6. 6. 6. 6. 6. 6. 6. 6. 6. 6. 6. 6. 6. 6. 6. 6. 6. 6.
 6. 6. 
 6. 6. 6. 6. 6. 6. 6. 6. 6. 6. 6. 6. 6. 6. 6. 6. 6. 6. 6. 6. 6. 6. 6. 6.
 6. 6. 
 6. 6. 6. 6. 6. 6. 6. 6. 6. 6. 6. 6. 6. 6. 6. 6. 6. 6. 6. 6. 6. 6. 6. 6.
 6. 6. 
 6. 6. 6. 6. 6. 6. 6. 6. 6. 6. 6. 6. 6. 6. 6. 6. 6. 6. 6. 6. 6. 6. 6. 6.
 6. 6. 
 6. 6. 6. 6. 6. 6. 6. 6. 6. 6. 6. 6. 6. 6. 6. 6. 6. 6. 6. 6. 6. 6. 6. 6.
 6. 6. 
 6. 6. 6. 6. 6. 6. 6. 6. 6. 6. 6. 6. 6. 6. 6. 6. 6. 6. 6. 6. 6. 6. 6. 6.
 6. 6. 
 6. 6. 6. 6. 6. 6. 6. 6. 6. 6. 6. 6. 6. 6. 6. 6. 6. 6. 6. 6. 6. 6. 6. 6.
 6. 6. 
 6. 6. 6. 6. 6. 6. 6. 6. 6. 6. 6. 6. 6. 6. 6. 6. 6. 6. 6. 6. 6. 6. 6. 6.
 6. 6. 
 6. 6. 6. 6. 6. 6. 6. 6. 6. 6. 6. 6. 6. 6. 6. 6. 6. 6. 6. 6. 6. 6. 6. 6.
 6. 6. 
 6. 6. 6. 6. 6. 6. 6. 6. 6. 6. 6. 6. 6. 6. 6. 6. 6. 6. 6. 6. 6. 6. 6. 6.
 6. 6. 
 6. 6. 6. 6. 6. 6. 6. 6. 6. 6. 6. 6. 6. 6. 6. 6. 6. 6. 6. 6. 6. 6. 6. 6.
 6. 6. 
 6. 6. 6. 6. 6. 6. 6. 6. 6. 6. 6. 6. 6. 6. 6. 6. 6. 6. 6. 6. 6. 6. 6. 6.
 6. 6. 
 6. 6. 6. 6. 6. 6. 6. 6. 6. 6. 6. 6. 6. 6. 6. 6. 6. 6. 6. 6. 6. 6. 6. 6.
 6. 6. 
    6.    6.    6.    6.    6. 1042. 1042. 1042.    6.    6.    6.    6.
    6.    6.    6.    6.    6.    6.    6.    6.    6.    6.    6.    6.
    6.    6. 
 6. 6. 6. 6. 6. 6. 6. 6. 6. 6. 6. 6. 6. 6. 6. 6. 6. 6. 6. 6. 6. 6. 6. 6.
 6. 6. 
    6.    6.    6.    6.    6.    6.    6.    6.    6.    6.    6.    6.
    6.    6.    6.    6. 1042. 1042. 1628. 1042. 1042.    6.    6.    6.
    6.    6. 
 6. 6. 6. 6. 6. 6. 6. 6. 6. 6. 6. 6. 6. 6. 6. 6. 6. 6. 6. 6. 6. 6. 6. 6.
 6. 6. 
 6. 6. 6. 6. 6. 6. 6. 6. 6. 6. 6. 6. 6. 6. 6. 6. 6. 6. 6. 6. 6. 6. 6. 6.
 6. 6. 
    6. 1042. 1042. 1628. 1628. 1628. 1628. 1042.    6.    6.    6.    6.
    6.    6.    6.    6.    6.    6.    6.    6.    6.    6.    6.    6.
    6.    6. 
 6. 6. 6. 6. 6. 6. 6. 6. 6. 6. 6. 6. 6. 6. 6. 6. 6. 6. 6. 6. 6. 6. 6. 6.
 6. 6. 
    6.    6.    6.    6.    6.    6.    6.    6.    6.    6.    6.    6.
 1042. 1042. 1628. 1628. 1628. 1628. 1628. 1628. 1042.    6.    6.    6.
    6.    6. 
    6.    6.    6. 1042. 1042. 1042. 1042.    6.    6.    6.    6.    6.
    6.    6.    6.    6.    6.    6.    6.    6.    6.    6.    6.    6.
    6.    6. 
    6.    6.    6.    6.    6.    6.    6.    6.    6.    6.    6.    6.
    6.    6.    6.    6.    6.    6.    6.    6.    6.    6.    6. 1042.
 1042. 1628. 
 1628. 1628. 1042. 1628. 1628. 1628. 1042.    6.    6.    6.    6.    6.
    6. 1042. 1042. 1042. 1628. 1628. 1042. 1042.    6.    6.    6.    6.
    6.    6. 
 6. 6. 6. 6. 6. 6. 6. 6. 6. 6. 6. 6. 6. 6. 6. 6. 6. 6. 6. 6. 6. 6. 6. 6.
 6. 6. 
    6.    6.    6.    6.    6.    6. 1042.    6. 1042. 1628. 1628. 1628.
 1628. 1042. 1042. 1628. 1628. 1628. 1042.    6.    6.    6.    6.    6.
 1042. 1042. 
 1628. 1628. 1628. 1628. 1628. 1628. 1042.    6.    6.    6.    6.    6.
    6.    6.    6.    6.    6.    6.    6.    6.    6.    6.    6.    6.
    6.    6. 
    6.    6.    6.    6.    6.    6.    6.    6.    6.    6.    6.    6.
    6.    6.    6.    6.    6. 1042. 1042. 1042. 1628. 1628. 1628. 1628.
 1628. 1042. 
 1042. 1628. 1628. 1628. 1042.    6.    6.    6.    6. 1042. 1042. 1628.
 1628. 1628. 1628. 1628. 1628. 1628. 1628. 1042.    6.    6.    6.    6.
    6.    6. 
 6. 6. 6. 6. 6. 6. 6. 6. 6. 6. 6. 6. 6. 6. 6. 6. 6. 6. 6. 6. 6. 6. 6. 6.
 6. 6. 
    6.    6. 1042. 1042. 1628. 1628. 1628. 1628. 1628. 1628. 1042. 1042.
 1042. 1628. 1628. 1628. 1042.    6.    6.    6.    6. 1042. 1628. 1628.
 1628. 1628. 
 1042. 1042. 1628. 1628. 1628. 1042.    6.    6.    6.    6.    6. 1042.
 1042. 1042. 1042. 1042.    6.    6.    6.    6.    6.    6.    6.    6.
    6.    6. 
 1042. 1042. 1042.    6.    6.    6.    6.    6.    6.    6.    6.    6.
    6. 1042. 1042. 1628. 1628. 1628. 1628. 1628. 1628. 1042. 1042.    6.
 1042. 1628. 
 1628. 1628. 1042.    6.    6.    6. 1042. 1042. 1628. 1628. 1628. 1042.
 1042. 1042. 1628. 1628. 1628. 1042.    6.    6.    6. 1042. 1042. 1628.
 1628. 1628. 
 1628. 1042.    6.    6.    6.    6.    6.    6.    6.    6. 1042. 1042.
 1628. 1628. 1042. 1042. 1042.    6.    6.    6.    6.    6.    6.    6.
 1042. 1042. 
 1628. 1628. 1628. 1628. 1628. 1042. 1042. 1042.    6.    6. 1042. 1628.
 1628. 1628. 1042.    6.    6. 1042. 1042. 1628. 1628. 1628. 1628. 1042.
    6. 1042. 
 1628. 1628. 1628. 1042.    6.    6. 1042. 1042. 1628. 1628. 1628. 1628.
 1628. 1628. 1042.    6.    6.    6.    6.    6.    6. 1042. 1042. 1628.
 1628. 1628. 
 1628. 1628. 1042. 1042.    6.    6.    6.    6.    6. 1042. 1042. 1628.
 1628. 1628. 1042. 1042. 1042. 1042.    6.    6.    6.    6. 1042. 1628.
 1628. 1628. 
 1042. 1042. 1042. 1042. 1628. 1628. 1628. 1628. 1042.    6.    6. 1042.
 1628. 1628. 1628. 1042.    6. 1042. 1042. 1628. 1628. 1628. 1628. 1628.
 1628. 1628. 
 1042. 1042.    6.    6.    6.    6.    6. 1042. 1628. 1628. 1628. 1628.
 1628. 1628. 1628. 1628. 1042.    6.    6.    6.    6. 1042. 1628. 1628.
 1628. 1628. 
    6.    6.    6.    6.    6.    6.    6.    6. 1042. 1042. 1628. 1628.
 1628. 1042. 1042. 1628. 1628. 1628. 1628. 1042. 1042.    6.    6. 1042.
 1042. 1628. 
 1628. 1042. 1042. 1042. 1628. 1628. 1628. 1042. 1042. 1042. 1628. 1628.
 1628. 1042.    6.    6.    6.    6. 1042. 1042. 1628. 1628. 1628. 1042.
 1628. 1628. 
 1628. 1628. 1628. 1042.    6.    6. 1042. 1042. 1628. 1628. 1628. 1042.
    6.    6.    6.    6.    6.    6.    6.    6.    6. 1042. 1628. 1628.
 1628. 1628. 
 1628. 1628. 1628. 1628. 1042. 1042.    6.    6.    6.    6. 1042. 1628.
 1628. 1042. 1042. 1628. 1628. 1628. 1042. 1042.    6. 1042. 1628. 1628.
 1628. 1042. 
    6.    6.    6.    6. 1042. 1628. 1628. 1628. 1042. 1042. 1042. 1628.
 1628. 1628. 1628. 1042. 1042.    6. 1042. 1628. 1628. 1628. 1042. 1042.
    6.    6. 
    6.    6.    6.    6.    6.    6.    6. 1042. 1042. 1628. 1628. 1628.
 1628. 1628. 1628. 1042. 1042.    6.    6.    6.    6.    6. 1042. 1628.
 1628. 1628. 
 1628. 1628. 1628. 1042. 1042.    6.    6. 1042. 1042. 1628. 1628. 1042.
 1042.    6.    6.    6. 1042. 1628. 1628. 1628. 1042.    6. 1042. 1042.
 1628. 1628. 
 1628. 1628. 1628. 1042. 1042. 1628. 1628. 1628. 1042.    6.    6.    6.
    6.    6.    6.    6.    6.    6.    6.    6. 1042. 1042. 1042. 1628.
 1628. 1042. 
 1042. 1042.    6.    6.    6.    6.    6.    6. 1042. 1042. 1628. 1628.
 1628. 1628. 1042. 1042.    6.    6.    6.    6. 1042. 1628. 1628. 1628.
 1042.    6. 
 1042. 1042. 1628. 1628. 1628. 1628. 1042.    6.    6. 1042. 1042. 1628.
 1628. 1628. 1628. 1628. 1628. 1628. 1628. 1628. 1042.    6.    6.    6.
    6.    6. 
    6.    6.    6.    6. 1042. 1042. 1042. 1042. 1042. 1042. 1042. 1042.
    6.    6.    6.    6.    6.    6.    6.    6.    6. 1042. 1042. 1628.
 1628. 1042. 
 1042.    6.    6.    6.    6.    6. 1042. 1042. 1628. 1628. 1042. 1042.
 1042. 1628. 1628. 1628. 1628. 1042. 1042.    6.    6.    6. 1042. 1042.
 1628. 1628. 
 1628. 1628. 1628. 1628. 1628. 1042.    6.    6.    6.    6.    6.    6.
    6.    6.    6. 1042. 1042. 1628. 1628. 1628. 1628. 1628. 1042. 1042.
    6.    6. 
    6.    6.    6.    6.    6.    6.    6.    6. 1042. 1042. 1042. 1042.
    6.    6.    6.    6.    6.    6.    6. 1042. 1628. 1628. 1628. 1628.
 1628. 1628. 
 1628. 1628. 1042. 1042.    6.    6.    6.    6.    6.    6. 1042. 1042.
 1628. 1628. 1628. 1628. 1042. 1042.    6.    6.    6.    6.    6.    6.
    6. 1042. 
 1042. 1042. 1628. 1628. 1628. 1628. 1628. 1628. 1628. 1042. 1042.    6.
    6.    6.    6.    6.    6.    6.    6.    6.    6.    6.    6. 1042.
 1042. 1042. 
 1042.    6.    6.    6.    6. 1042. 1042. 1628. 1628. 1628. 1628. 1628.
 1628. 1042. 1042. 1042. 1042.    6.    6.    6.    6.    6.    6. 1042.
 1042. 1042. 
 1042. 1042.    6.    6.    6.    6. 1042. 1042. 1042. 1042. 1042. 1042.
 1628. 1628. 1628. 1628. 1628. 1628. 1628. 1628. 1628. 1628. 1042.    6.
    6.    6. 
    6.    6.    6.    6.    6.    6.    6. 1042. 1042. 1042. 1628. 1628.
 1042. 1042. 1042.    6.    6.    6. 1042. 1042. 1628. 1628. 1628. 1042.
 1042. 1628. 
 1628. 1628. 1042. 1042.    6.    6.    6.    6.    6.    6.    6.    6.
    6.    6.    6. 1042. 1042.    6. 1628. 1042. 1628. 1628. 1628. 1628.
 1628. 1628. 
 1628. 1042. 1042. 1042. 1628. 1628. 1628. 1628. 1042. 1042.    6.    6.
    6.    6.    6.    6.    6.    6. 1042. 1628. 1628. 1628. 1628. 1628.
 1628. 1628. 
 1042. 1042.    6.    6.    6. 1042. 1042. 1042. 1042. 1042. 1628. 1628.
 1628. 1628. 1628. 1042. 1042.    6.    6.    6.    6.    6.    6.    6.
    6. 1042. 
 1042. 1042. 1042. 1042. 1628. 1628. 1628. 1628. 1628. 1628. 1628. 1628.
 1042. 1042.    6. 1042. 1042. 1628. 1628. 1628. 1628. 1042. 1042.    6.
    6.    6. 
    6.    6.    6. 1042. 1628. 1628. 1628. 1628. 1628. 1628. 1628. 1628.
 1628. 1042.    6.    6.    6.    6. 1042. 1628. 1628. 1628. 1628. 1042.
 1628. 1628. 
 1628. 1628. 1042. 1042.    6.    6.    6.    6.    6. 1042. 1042. 1042.
 1628. 1628. 1628. 1628. 1628. 1628. 1628. 1628. 1628. 1628. 1042. 1042.
 1042.    6. 
    6.    6. 1042. 1042. 1628. 1628. 1628. 1628. 1042.    6.    6. 1042.
 1042. 1042. 1042. 1628. 1628. 1628. 1628. 1042. 1042. 1042. 1628. 1628.
 1628. 1628. 
 1042.    6.    6.    6. 1042. 1628. 1628. 1628. 1042. 1042. 1042. 1628.
 1628. 1628. 1628. 1042. 1042.    6.    6. 1042. 1042. 1042. 1628. 1628.
 1628. 1628. 
 1628. 1628. 1042. 1042. 1042. 1042. 1042. 1042. 1042. 1042.    6.    6.
    6.    6.    6. 1042. 1042. 1628. 1628. 1628. 1042. 1042. 1042. 1042.
 1042. 1628. 
 1628. 1628. 1628. 1628. 1042. 1042.    6. 1042. 1042. 1628. 1628. 1628.
 1042. 1042.    6. 1042. 1042. 1628. 1628. 1628. 1042.    6. 1042. 1042.
 1628. 1628. 
 1628. 1628. 1042. 1042. 1042. 1042. 1628. 1628. 1628. 1628. 1628. 1042.
 1042. 1628. 1042. 1042. 1042. 1042. 1042.    6.    6.    6.    6.    6.
    6.    6. 
    6.    6. 1042. 1042. 1628. 1628. 1628. 1628. 1628. 1628. 1628. 1628.
 1628. 1628. 1628. 1628. 1042.    6.    6.    6. 1042. 1042. 1628. 1628.
 1628. 1042. 
 1042. 1042. 1628. 1628. 1628. 1628. 1042.    6.    6. 1042. 1042. 1628.
 1628. 1628. 1628. 1042. 1042. 1628. 1628. 1628. 1628. 1042. 1042. 1042.
 1042. 1042. 
    6.    6.    6.    6.    6.    6.    6.    6.    6.    6.    6.    6.
    6.    6.    6. 1042. 1042. 1628. 1628. 1628. 1628. 1628. 1628. 1628.
 1628. 1628. 
 1628. 1042. 1042.    6.    6.    6.    6. 1042. 1628. 1628. 1628. 1628.
 1042. 1042. 1628. 1628. 1628. 1628. 1042.    6.    6.    6. 1042. 1042.
 1628. 1628. 
 1628. 1628. 1628. 1628. 1628. 1628. 1042. 1042.    6.    6.    6.    6.
    6.    6.    6.    6.    6.    6.    6.    6.    6.    6.    6.    6.
    6.    6. 
    6.    6. 1042. 1042. 1628. 1628. 1628. 1628. 1628. 1628. 1042. 1042.
 1042. 1042.    6.    6.    6.    6.    6.    6. 1042. 1628. 1628. 1628.
 1628. 1042. 
 1628. 1628. 1628. 1042. 1042.    6.    6.    6.    6. 1042. 1042. 1628.
 1628. 1628. 1628. 1628. 1628. 1042. 1042.    6.    6.    6.    6.    6.
 1042.    6. 
    6.    6.    6.    6.    6.    6.    6.    6.    6.    6.    6.    6.
    6.    6.    6. 1042. 1042. 1042. 1042. 1042. 1042. 1042. 1042.    6.
    6.    6. 
    6.    6.    6.    6.    6.    6. 1042. 1042. 1628. 1628. 1628. 1628.
 1628. 1628. 1628. 1042.    6.    6.    6.    6.    6.    6. 1042. 1042.
 1042. 1042. 
 1042. 1042. 1042. 1042.    6.    6.    6.    6.    6.    6. 1042.    6.
    6.    6.    6.    6.    6.    6.    6.    6.    6.    6.    6.    6.
    6.    6. 
    6.    6.    6.    6.    6.    6.    6.    6.    6.    6.    6.    6.
    6.    6.    6.    6.    6.    6.    6. 1042. 1042. 1628. 1628. 1628.
 1628. 1628. 
 1042. 1042.    6.    6.    6.    6.    6.    6.    6.    6.    6. 1042.
 1042.    6.    6.    6.    6.    6.    6.    6.    6.    6. 1042.    6.
    6.    6. 
 6. 6. 6. 6. 6. 6. 6. 6. 6. 6. 6. 6. 6. 6. 6. 6. 6. 6. 6. 6. 6. 6. 6. 6.
 6. 6. 
    6.    6.    6.    6.    6.    6. 1042. 1042. 1042. 1628. 1628. 1042.
 1042.    6.    6.    6.    6.    6.    6.    6.    6.    6.    6.    6.
    6.    6. 
    6.    6.    6.    6.    6.    6.    6.    6. 1042.    6.    6.    6.
    6.    6.    6.    6.    6.    6.    6.    6.    6.    6.    6.    6.
    6.    6. 
    6.    6.    6.    6.    6.    6.    6.    6.    6.    6.    6.    6.
    6.    6.    6.    6.    6.    6.    6. 1042. 1042. 1042. 1042. 1042.
    6.    6. 
    6.    6.    6.    6.    6.    6.    6.    6.    6.    6.    6.    6.
    6.    6.    6.    6.    6.    6.    6.    6. 1042.    6.    6.    6.
    6.    6. 
    6. 1042. 1042. 1042. 1042. 1042.    6.    6.    6.    6.    6.    6.
    6.    6.    6.    6.    6.    6.    6.    6.    6.    6.    6.    6.
    6.    6. 
 6. 6. 6. 6. 6. 6. 6. 6. 6. 6. 6. 6. 6. 6. 6. 6. 6. 6. 6. 6. 6. 6. 6. 6.
 6. 6. 
    6.    6.    6.    6.    6.    6. 1042.    6.    6.    6.    6. 1042.
 1042. 1628. 1628. 1628. 1628. 1628. 1042.    6.    6.    6.    6.    6.
    6.    6. 
 6. 6. 6. 6. 6. 6. 6. 6. 6. 6. 6. 6. 6. 6. 6. 6. 6. 6. 6. 6. 6. 6. 6. 6.
 6. 6. 
    6.    6.    6.    6.    6.    6.    6.    6.    6.    6.    6.    6.
    6.    6.    6.    6.    6.    6. 1042.    6.    6.    6.    6. 1042.
 1628. 1628. 
 1628. 1628. 1628. 1628. 1628. 1042.    6.    6.    6.    6.    6.    6.
    6.    6.    6.    6.    6.    6.    6.    6.    6.    6.    6.    6.
    6.    6. 
 6. 6. 6. 6. 6. 6. 6. 6. 6. 6. 6. 6. 6. 6. 6. 6. 6. 6. 6. 6. 6. 6. 6. 6.
 6. 6. 
    6.    6.    6.    6. 1042. 1042.    6.    6. 1042. 1042. 1628. 1628.
 1628. 1628. 1628. 1628. 1628. 1628. 1042.    6.    6.    6.    6.    6.
    6.    6. 
 6. 6. 6. 6. 6. 6. 6. 6. 6. 6. 6. 6. 6. 6. 6. 6. 6. 6. 6. 6. 6. 6. 6. 6.
 6. 6. 
    6.    6.    6.    6.    6.    6.    6.    6.    6.    6.    6.    6.
    6.    6.    6.    6. 1042. 1042.    6.    6. 1042. 1628. 1628. 1628.
 1042. 1042. 
 1042. 1628. 1628. 1628. 1042.    6.    6.    6.    6.    6.    6.    6.
    6.    6.    6.    6.    6.    6.    6.    6.    6.    6.    6.    6.
    6.    6. 
    6.    6.    6.    6.    6.    6.    6.    6. 1042. 1042.    6.    6.
    6.    6.    6.    6.    6.    6.    6.    6.    6.    6.    6.    6.
    6.    6. 
    6.    6. 1042. 1042.    6. 1042. 1628. 1628. 1628. 1042. 1042.    6.
 1042. 1042. 1628. 1628. 1042.    6.    6.    6.    6.    6.    6.    6.
    6.    6. 
    6.    6.    6.    6.    6.    6.    6.    6.    6.    6.    6.    6.
    6.    6.    6.    6.    6.    6. 1042. 1042. 1042. 1042. 1042. 1042.
    6.    6. 
    6.    6.    6.    6.    6.    6.    6.    6.    6.    6.    6.    6.
    6.    6. 1628. 1042. 1042. 1628. 1628. 1628. 1628. 1042.    6.    6.
    6. 1042. 
 1628. 1628. 1042. 1042.    6.    6.    6.    6.    6.    6.    6.    6.
    6.    6.    6.    6.    6.    6.    6.    6.    6.    6.    6.    6.
    6.    6. 
    6.    6.    6. 1042. 1042. 1628. 1628. 1628. 1628. 1042. 1042.    6.
    6.    6.    6.    6.    6.    6.    6.    6.    6.    6.    6.    6.
    6.    6. 
 1628. 1042. 1628. 1628. 1628. 1628. 1042. 1042.    6.    6.    6. 1042.
 1628. 1628. 1628. 1042. 1042.    6.    6.    6.    6.    6.    6.    6.
    6.    6. 
    6.    6.    6. 1042. 1042. 1042.    6.    6.    6.    6.    6.    6.
    6.    6. 1042. 1042. 1628. 1628. 1628. 1628. 1628. 1628. 1042. 1042.
    6.    6. 
    6.    6.    6.    6.    6.    6.    6.    6.    6. 1042. 1042. 1042.
 1628. 1628. 1628. 1628. 1628. 1042. 1042.    6.    6.    6.    6. 1042.
 1628. 1628. 
 1628. 1628. 1042. 1042.    6.    6.    6.    6.    6.    6.    6. 1042.
 1042. 1042. 1042. 1042. 1628. 1628. 1042. 1042.    6.    6.    6.    6.
    6.    6. 
 1042. 1628. 1628. 1628. 1628. 1628. 1628. 1628. 1628. 1042.    6.    6.
    6.    6.    6.    6.    6.    6.    6. 1042. 1042. 1042. 1628. 1628.
 1628. 1628. 
 1628. 1628. 1042. 1042.    6.    6.    6.    6.    6. 1042. 1042. 1628.
 1628. 1628. 1628. 1042.    6.    6.    6.    6.    6. 1042. 1042. 1042.
 1628. 1628. 
 1628. 1628. 1628. 1628. 1628. 1042. 1042.    6.    6.    6.    6. 1042.
 1042. 1628. 1628. 1628. 1628. 1042. 1628. 1628. 1628. 1042. 1042.    6.
    6.    6. 
    6.    6.    6.    6. 1042. 1042. 1628. 1628. 1628. 1628. 1042. 1042.
 1042. 1042. 1042.    6.    6.    6.    6.    6.    6.    6. 1042. 1042.
 1628. 1628. 
 1628. 1042. 1042. 1042. 1042. 1042. 1042. 1042. 1628. 1628. 1628. 1628.
 1628. 1628. 1628. 1628. 1628. 1628. 1042. 1042.    6.    6. 1042. 1042.
 1628. 1628. 
 1628. 1628. 1042. 1042. 1042. 1628. 1628. 1628. 1042. 1042.    6.    6.
    6.    6.    6. 1042. 1042. 1628. 1628. 1628. 1628. 1042.    6. 1042.
    6.    6. 
    6.    6.    6.    6.    6.    6.    6.    6.    6. 1042. 1042. 1628.
 1628. 1628. 1042. 1042. 1042. 1628. 1628. 1628. 1628. 1628. 1628. 1628.
 1628. 1042. 
 1042. 1628. 1628. 1628. 1628. 1042. 1042.    6. 1042. 1042. 1628. 1628.
 1628. 1042. 1042. 1042. 1042. 1628. 1628. 1628. 1628. 1042. 1042.    6.
    6.    6. 
 1042. 1042. 1628. 1628. 1628. 1628. 1042. 1042.    6.    6.    6.    6.
    6.    6.    6.    6.    6.    6.    6.    6.    6.    6. 1042. 1628.
 1628. 1628. 
 1628. 1628. 1628. 1628. 1628. 1628. 1628. 1628. 1628. 1042. 1042. 1042.
    6. 1042. 1628. 1628. 1628. 1628. 1042.    6. 1042. 1628. 1628. 1628.
 1628. 1042. 
    6.    6. 1042. 1042. 1628. 1628. 1628. 1628. 1042. 1042.    6. 1042.
 1042. 1628. 1628. 1628. 1042. 1042. 1042. 1042.    6.    6.    6.    6.
    6.    6. 
    6.    6.    6.    6.    6.    6.    6.    6. 1042. 1042. 1628. 1628.
 1628. 1628. 1628. 1628. 1628. 1628. 1042. 1042. 1042. 1042.    6.    6.
    6. 1042. 
 1042. 1628. 1628. 1628. 1042. 1042. 1042. 1628. 1628. 1628. 1042. 1042.
    6.    6.    6. 1042. 1042. 1628. 1628. 1628. 1628. 1628. 1042. 1042.
 1628. 1628. 
 1628. 1042. 1042.    6.    6.    6.    6.    6.    6.    6.    6.    6.
    6.    6.    6.    6.    6.    6.    6.    6.    6. 1042. 1042. 1628.
 1628. 1628. 
 1628. 1628. 1042. 1042. 1042.    6.    6.    6.    6.    6.    6.    6.
 1042. 1628. 1628. 1628. 1628. 1042. 1628. 1628. 1628. 1628. 1042.    6.
    6.    6. 
    6.    6.    6. 1042. 1628. 1628. 1628. 1628. 1628. 1628. 1628. 1628.
 1628. 1042.    6.    6.    6.    6.    6.    6.    6.    6.    6.    6.
    6.    6. 
    6.    6.    6.    6.    6.    6.    6.    6. 1042. 1042. 1042. 1042.
 1042. 1042. 1042.    6.    6.    6.    6.    6.    6.    6.    6.    6.
 1042. 1042. 
 1628. 1628. 1628. 1628. 1628. 1628. 1628. 1628. 1042.    6.    6.    6.
    6.    6.    6.    6. 1042. 1628. 1628. 1628. 1628. 1628. 1628. 1628.
 1042. 1042. 
 6. 6. 6. 6. 6. 6. 6. 6. 6. 6. 6. 6. 6. 6. 6. 6. 6. 6. 6. 6. 6. 6. 6. 6.
 6. 6. 
    6.    6.    6.    6.    6.    6.    6.    6.    6.    6.    6. 1042.
 1042. 1628. 1628. 1628. 1628. 1628. 1628. 1042. 1042.    6.    6.    6.
    6.    6. 
    6.    6.    6. 1042. 1042. 1042. 1628. 1628. 1628. 1042. 1042.    6.
    6.    6.    6.    6.    6.    6.    6.    6.    6.    6.    6.    6.
    6.    6. 
    6.    6.    6.    6.    6.    6.    6.    6.    6.    6.    6.    6.
    6.    6.    6.    6.    6.    6.    6.    6.    6.    6.    6.    6.
 1042. 1042. 
 1628. 1628. 1628. 1628. 1042. 1042.    6.    6.    6.    6.    6.    6.
    6.    6.    6.    6.    6.    6. 1042. 1042. 1042.    6.    6.    6.
    6.    6. 
 6. 6. 6. 6. 6. 6. 6. 6. 6. 6. 6. 6. 6. 6. 6. 6. 6. 6. 6. 6. 6. 6. 6. 6.
 6. 6. 
    6.    6.    6.    6.    6.    6.    6.    6.    6.    6.    6. 1042.
 1042. 1042. 1042. 1042. 1042.    6.    6.    6.    6.    6.    6.    6.
    6.    6. 
 6. 6. 6. 6. 6. 6. 6. 6. 6. 6. 6. 6. 6. 6. 
/