PERMI
   18.   18.   18.   18.   18.   18.   18.   18.   18.   18.   18.   18.
   18. 1919. 1919. 2973. 2973. 2973. 1919. 1919.   18.   18.   18.   18.
   18.   18. 
   18.   18.   18.   18.   18.   18.   18.   18.   18.   18.   18.   18.
   18.   18.   18.   18. 1919. 2973. 2973. 2973. 2973. 1919. 1919.   18.
   18.   18. 
   18.   18.   18.   18.   18.   18.   18.   18.   18.   18.   18.   18.
   18.   18.   18.   18.   18.   18.   18.   18.   18.   18.   18.   18.
   18. 1919. 
 1919. 2973. 2973. 2973. 1919. 1919.   18.   18.   18.   18.   18.   18.
   18.   18.   18.   18.   18.   18.   18.   18.   18.   18.   18.   18.
   18.   18. 
   18.   18. 1919. 2973. 2973. 2973. 2973. 1919. 1919.   18.   18.   18.
   18.   18.   18.   18.   18.   18.   18.   18.   18.   18.   18.   18.
   18.   18. 
   18.   18.   18.   18.   18.   18.   18.   18.   18. 1919. 1919. 1919.
 1919. 2973. 2973. 2973. 1919. 1919.   18.   18.   18.   18.   18.   18.
   18.   18. 
   18.   18.   18.   18.   18.   18.   18.   18.   18.   18.   18.   18.
   18.   18. 1919. 2973. 2973. 2973. 2973. 2973. 1919. 1919.   18.   18.
   18.   18. 
   18.   18.   18.   18.   18.   18.   18.   18.   18.   18.   18.   18.
   18.   18.   18.   18.   18.   18. 1919. 1919. 1919. 1919. 2973. 2973.
 2973. 2973. 
 2973. 2973. 1919.   18.   18.   18.   18.   18.   18.   18.   18.   18.
   18.   18.   18.   18.   18.   18.   18.   18.   18.   18.   18.   18.
   18.   18. 
 1919. 1919. 2973. 2973. 2973. 2973. 2973. 1919. 1919.   18.   18.   18.
   18.   18.   18.   18.   18.   18.   18.   18.   18.   18.   18.   18.
   18.   18. 
   18. 1919. 1919. 1919. 1919. 1919. 2973. 2973. 2973. 2973. 2973. 2973.
 2973. 1919. 1919.   18.   18.   18.   18.   18.   18.   18.   18.   18.
   18.   18. 
   18.   18.   18.   18.   18.   18.   18.   18.   18.   18.   18.   18.
   18. 1919. 1919. 2973. 2973. 2973. 2973. 2973. 1919. 1919.   18.   18.
   18.   18. 
   18.   18.   18.   18.   18.   18.   18.   18.   18.   18.   18.   18.
 1919. 1919. 1919. 2973. 2973. 2973. 2973. 2973. 2973. 2973. 2973. 1919.
 1919. 1919. 
 18. 18. 18. 18. 18. 18. 18. 18. 18. 18. 18. 18. 18. 18. 18. 18. 18. 18.
 18. 18. 18. 18. 18. 18. 18. 18. 
 1919. 1919. 2973. 2973. 2973. 2973. 2973. 1919. 1919.   18.   18.   18.
   18.   18.   18.   18.   18.   18.   18.   18.   18.   18.   18. 1919.
 1919. 2973. 
 2973. 2973. 2973. 2973. 2973. 2973. 2973. 1919. 1919. 1919.   18.   18.
   18.   18.   18.   18.   18.   18.   18.   18.   18.   18.   18.   18.
   18.   18. 
   18.   18.   18.   18.   18.   18.   18.   18.   18.   18.   18.   18.
   18. 1919. 1919. 2973. 2973. 2973. 2973. 2973. 1919.   18.   18.   18.
   18.   18. 
   18.   18.   18.   18. 1919. 1919.   18.   18. 1919. 1919. 2973. 2973.
 2973. 2973. 2973. 2973. 1919. 1919. 1919. 1919. 1919.   18.   18.   18.
   18.   18. 
 18. 18. 18. 18. 18. 18. 18. 18. 18. 18. 18. 18. 18. 18. 18. 18. 18. 18.
 18. 18. 18. 18. 18. 18. 18. 18. 
 1919. 1919. 2973. 2973. 2973. 2973. 1919. 1919.   18.   18.   18.   18.
   18.   18.   18. 1919. 1919. 1919.   18.   18. 1919. 1919. 2973. 2973.
 2973. 2973. 
 1919. 1919. 1919. 1919.   18.   18.   18.   18.   18.   18.   18.   18.
   18.   18.   18.   18.   18.   18.   18.   18.   18.   18.   18.   18.
   18.   18. 
   18.   18.   18.   18.   18.   18.   18.   18.   18.   18.   18.   18.
   18. 1919. 1919. 2973. 2973. 2973. 2973. 1919.   18.   18.   18.   18.
   18.   18. 
 1919. 1919. 1919. 2973.   18.   18. 1919. 1919. 2973. 2973. 2973. 1919.
 1919.   18.   18.   18.   18.   18.   18.   18.   18.   18.   18.   18.
   18.   18. 
   18.   18.   18.   18.   18.   18.   18.   18.   18.   18.   18.   18.
   18.   18.   18.   18.   18.   18.   18.   18.   18.   18.   18.   18.
   18. 1919. 
 1919. 2973. 2973. 2973. 2973. 1919.   18.   18.   18.   18.   18. 1919.
 1919. 2973. 2973. 2973.   18.   18. 1919. 1919. 2973. 2973. 2973. 2973.
 1919. 1919. 
 1919.   18.   18.   18.   18.   18.   18.   18.   18.   18.   18.   18.
   18.   18.   18.   18.   18.   18.   18.   18.   18.   18.   18.   18.
   18.   18. 
   18.   18.   18.   18.   18.   18.   18.   18. 1919. 1919. 1919. 1919.
 1919. 2973. 2973. 2973. 2973. 1919.   18.   18.   18.   18.   18. 1919.
 1919. 2973. 
 2973. 2973.   18.   18.   18. 1919. 1919. 2973. 2973. 2973. 2973. 1919.
 1919. 1919.   18.   18.   18.   18.   18.   18.   18.   18.   18.   18.
   18.   18. 
   18.   18.   18.   18.   18.   18.   18.   18.   18.   18.   18.   18.
   18.   18.   18.   18.   18. 1919. 1919. 1919. 1919. 1919. 1919. 2973.
 2973. 2973. 
 2973. 2973. 1919. 1919.   18.   18.   18.   18.   18. 1919. 1919. 2973.
 2973. 2973.   18.   18.   18. 1919. 1919. 2973. 2973. 2973. 2973. 2973.
 1919. 1919. 
 1919. 1919.   18.   18.   18.   18.   18.   18.   18.   18.   18.   18.
   18.   18.   18.   18.   18.   18.   18.   18.   18.   18.   18.   18.
   18.   18. 
   18.   18. 1919. 1919. 1919. 2973. 2973. 2973. 2973. 2973. 2973. 2973.
 2973. 2973. 1919. 1919.   18.   18.   18.   18.   18. 1919. 1919. 2973.
 2973. 2973. 
   18.   18.   18.   18. 1919. 1919. 2973. 2973. 2973. 2973. 2973. 2973.
 1919. 1919. 1919.   18.   18.   18.   18.   18.   18.   18.   18.   18.
   18.   18. 
   18.   18.   18.   18.   18.   18.   18.   18.   18.   18.   18.   18.
 1919. 1919. 1919. 2973. 2973. 2973. 2973. 2973. 2973. 2973. 2973. 2973.
 1919. 1919. 
 1919.   18.   18.   18.   18.   18.   18. 1919. 1919. 2973. 2973. 2973.
   18.   18.   18.   18.   18. 1919. 1919. 1919. 2973. 2973. 2973. 2973.
 2973. 1919. 
 1919.   18.   18.   18.   18.   18.   18.   18.   18.   18.   18.   18.
   18.   18.   18.   18.   18.   18.   18.   18.   18.   18.   18. 1919.
 1919. 1919. 
 2973. 2973. 2973. 2973. 2973. 2973. 2973. 1919. 1919. 1919. 1919. 1919.
   18.   18.   18.   18.   18.   18.   18.   18. 1919. 1919. 2973. 2973.
   18.   18. 
   18.   18.   18.   18. 1919. 1919. 1919. 1919. 2973. 2973. 2973. 2973.
 1919. 1919.   18.   18.   18.   18.   18.   18.   18.   18.   18.   18.
   18.   18. 
   18.   18.   18.   18.   18.   18.   18.   18.   18. 1919. 1919. 2973.
 2973. 2973. 2973. 1919. 1919. 1919. 1919. 1919. 1919. 1919.   18.   18.
   18.   18. 
   18.   18.   18.   18.   18.   18. 1919. 1919. 2973. 2973.   18.   18.
   18.   18.   18.   18.   18.   18. 1919. 1919. 1919. 2973. 2973. 2973.
 2973. 1919. 
   18.   18.   18.   18.   18.   18.   18.   18.   18.   18.   18.   18.
   18.   18.   18.   18.   18.   18.   18.   18. 1919. 1919. 2973. 2973.
 2973. 2973. 
 1919. 1919. 1919. 1919.   18.   18.   18.   18.   18.   18.   18.   18.
   18.   18.   18.   18.   18.   18. 1919. 1919. 1919. 2973.   18.   18.
   18.   18. 
   18.   18.   18.   18.   18. 1919. 1919. 2973. 2973. 2973. 1919. 1919.
   18.   18.   18.   18.   18.   18.   18.   18.   18.   18.   18.   18.
   18.   18. 
   18.   18.   18.   18.   18.   18. 1919. 1919. 2973. 2973. 1919. 1919.
 1919.   18.   18.   18.   18.   18.   18.   18.   18.   18.   18.   18.
   18.   18. 
   18.   18.   18.   18.   18. 1919. 1919. 2973.   18.   18.   18.   18.
   18.   18. 1919. 1919. 1919. 1919. 2973. 2973. 2973. 2973. 1919. 1919.
   18.   18. 
   18.   18.   18.   18.   18.   18.   18.   18.   18.   18.   18.   18.
   18.   18.   18.   18.   18.   18. 1919. 1919. 2973. 2973. 2973. 1919.
 1919. 1919. 
   18.   18.   18.   18.   18.   18.   18.   18.   18.   18.   18.   18.
   18.   18.   18.   18.   18.   18. 1919. 1919.   18.   18.   18.   18.
 1919. 1919. 
 1919. 2973. 2973. 2973. 2973. 2973. 2973. 1919. 1919.   18.   18.   18.
   18.   18.   18.   18.   18.   18.   18.   18.   18.   18.   18.   18.
   18.   18. 
   18.   18.   18.   18. 1919. 1919. 2973. 2973. 2973. 2973. 1919. 1919.
 1919. 1919. 1919.   18.   18.   18.   18.   18.   18.   18.   18.   18.
   18.   18. 
   18.   18.   18.   18.   18. 1919.   18.   18.   18. 1919. 1919. 2973.
 2973. 2973. 2973. 2973. 2973. 2973. 1919. 1919.   18.   18.   18.   18.
   18.   18. 
   18.   18.   18.   18.   18.   18.   18.   18.   18.   18.   18.   18.
   18.   18.   18.   18.   18. 1919. 1919. 2973. 2973. 2973. 2973. 2973.
 2973. 1919. 
 1919. 1919.   18.   18.   18.   18.   18. 1919. 1919. 1919. 1919. 1919.
 1919. 1919.   18.   18.   18. 1919.   18.   18. 1919. 1919. 2973. 2973.
 2973. 2973. 
 2973. 2973. 2973. 1919. 1919.   18.   18.   18.   18.   18.   18.   18.
   18.   18.   18.   18.   18.   18.   18.   18.   18.   18.   18.   18.
   18.   18. 
   18.   18.   18. 1919. 1919. 1919. 2973. 2973. 2973. 2973. 2973. 2973.
 1919. 1919. 1919.   18.   18.   18. 1919. 1919. 1919. 1919. 1919. 1919.
 1919. 1919. 
 1919. 1919. 1919. 1919.   18. 1919. 1919. 2973. 2973. 2973. 2973. 2973.
 2973. 1919. 1919. 1919.   18.   18.   18.   18.   18.   18.   18.   18.
   18.   18. 
   18.   18.   18.   18.   18.   18.   18.   18.   18.   18.   18.   18.
   18.   18.   18.   18. 1919. 1919. 1919. 2973. 2973. 2973. 2973. 2973.
 2973. 2973. 
 1919. 1919.   18. 1919. 1919. 1919. 2973. 2973. 2973. 2973. 2973. 2973.
 1919. 2973. 2973. 2973. 1919. 1919. 2973. 2973. 2973. 2973. 2973. 1919.
 1919.   18. 
 18. 18. 18. 18. 18. 18. 18. 18. 18. 18. 18. 18. 18. 18. 18. 18. 18. 18.
 18. 18. 18. 18. 18. 18. 18. 18. 
   18.   18.   18.   18. 1919. 1919. 1919. 1919. 2973. 2973. 2973. 2973.
 2973. 1919. 1919. 1919. 1919. 2973. 2973. 2973. 2973. 2973. 2973. 2973.
 2973. 2973. 
 2973. 2973. 1919. 1919. 2973. 2973. 2973. 2973. 1919. 1919.   18.   18.
   18.   18.   18.   18.   18.   18.   18.   18.   18.   18.   18.   18.
   18.   18. 
   18.   18.   18.   18.   18.   18.   18.   18.   18.   18.   18.   18.
   18.   18.   18.   18.   18.   18. 1919. 1919. 1919. 2973. 2973. 2973.
 2973. 1919. 
 1919. 1919. 1919. 2973. 2973. 2973. 2973. 2973. 2973. 2973. 2973. 2973.
 2973. 2973. 1919. 1919. 2973. 2973. 2973. 1919. 1919.   18.   18.   18.
   18.   18. 
 18. 18. 18. 18. 18. 18. 18. 18. 18. 18. 18. 18. 18. 18. 18. 18. 18. 18.
 18. 18. 18. 18. 18. 18. 18. 18. 
 1919. 1919. 1919. 1919. 1919. 1919. 1919. 1919. 2973. 2973. 2973. 1919.
 1919. 1919. 1919. 2973. 2973. 2973. 1919. 1919. 1919. 1919. 1919. 2973.
 1919. 1919. 
 1919. 1919. 2973. 2973. 2973. 2973. 1919. 1919.   18.   18.   18.   18.
   18.   18.   18.   18.   18.   18.   18.   18.   18.   18.   18.   18.
   18.   18. 
   18.   18.   18.   18.   18.   18.   18.   18.   18.   18. 1919. 1919.
 1919. 1919. 1919. 1919. 2973. 2973. 2973. 2973. 2973. 2973. 2973. 1919.
 1919. 1919. 
 1919. 2973. 2973. 2973. 1919. 1919. 1919. 1919. 1919. 1919. 1919. 1919.
   18. 1919. 2973. 2973. 2973. 2973. 2973. 1919.   18.   18.   18.   18.
   18.   18. 
   18.   18.   18.   18.   18.   18.   18.   18.   18.   18.   18.   18.
   18.   18.   18.   18.   18.   18.   18.   18. 1919. 1919. 1919. 1919.
 2973. 2973. 
 2973. 2973. 2973. 2973. 2973. 2973. 2973. 2973. 2973. 1919. 1919. 1919.
 1919. 2973. 2973. 2973. 2973. 1919. 1919.   18.   18.   18.   18.   18.
   18. 1919. 
 1919. 1919. 2973. 2973. 2973. 1919. 1919.   18.   18.   18.   18.   18.
   18.   18.   18.   18.   18.   18.   18.   18.   18.   18.   18.   18.
   18.   18. 
   18.   18.   18.   18.   18.   18. 1919. 1919. 2973. 2973. 2973. 2973.
 2973. 2973. 2973. 2973. 2973. 2973. 2973. 2973. 1919. 1919. 1919. 1919.
 1919. 2973. 
 2973. 2973. 2973. 1919. 1919.   18.   18.   18.   18.   18.   18.   18.
 1919. 1919. 2973. 2973. 2973. 2973. 1919. 1919.   18.   18.   18.   18.
   18.   18. 
   18.   18.   18.   18.   18.   18.   18.   18.   18.   18.   18.   18.
   18.   18.   18.   18.   18.   18. 1919. 2973. 2973. 2973. 2973. 2973.
 2973. 2973. 
 2973. 2973. 2973. 2973. 2973. 1919. 1919. 1919.   18.   18. 1919. 1919.
 2973. 2973. 2973. 2973. 1919. 1919.   18.   18.   18.   18.   18.   18.
   18. 1919. 
 1919. 2973. 2973. 2973. 2973. 1919. 1919.   18.   18.   18.   18.   18.
   18.   18.   18.   18.   18.   18.   18.   18.   18.   18.   18.   18.
   18.   18. 
   18.   18.   18. 1919. 1919. 2973. 2973. 2973. 1919. 1919. 1919. 1919.
 1919. 1919. 1919. 1919. 1919. 1919. 1919.   18.   18.   18. 1919. 1919.
 1919. 2973. 
 2973. 2973. 2973. 1919. 1919.   18.   18.   18.   18.   18.   18.   18.
 1919. 1919. 2973. 2973. 2973. 2973. 1919. 1919.   18.   18.   18.   18.
   18.   18. 
   18.   18.   18.   18.   18.   18.   18.   18.   18.   18.   18.   18.
   18.   18.   18. 1919. 1919. 2973. 2973. 2973. 1919. 1919. 1919. 1919.
 1919. 1919. 
 1919. 1919. 1919.   18.   18.   18.   18.   18.   18. 1919. 1919. 1919.
 2973. 2973. 2973. 2973. 1919. 1919.   18.   18.   18.   18.   18.   18.
 1919. 1919. 
 1919. 2973. 2973. 2973. 1919. 1919.   18.   18.   18.   18.   18.   18.
   18.   18.   18.   18.   18.   18.   18.   18.   18.   18.   18.   18.
   18.   18. 
   18. 1919. 1919. 2973. 2973. 1919. 1919.   18.   18.   18.   18.   18.
   18.   18.   18.   18.   18.   18.   18.   18.   18.   18. 1919. 1919.
 2973. 2973. 
 2973. 2973. 1919. 1919.   18.   18.   18.   18.   18. 1919. 1919. 1919.
 1919. 2973. 2973. 2973. 2973. 1919.   18.   18.   18.   18.   18.   18.
   18.   18. 
   18.   18.   18.   18.   18.   18.   18.   18.   18.   18.   18.   18.
   18. 1919. 1919. 2973. 2973. 1919. 1919.   18.   18.   18.   18.   18.
   18.   18. 
   18.   18.   18.   18.   18. 1919. 1919. 1919. 1919. 1919. 1919. 2973.
 2973. 2973. 2973. 1919. 1919.   18.   18. 1919. 1919. 1919. 1919. 1919.
 1919. 1919. 
 2973. 2973. 2973. 1919.   18.   18.   18.   18.   18.   18.   18.   18.
   18.   18.   18.   18.   18.   18.   18.   18.   18.   18.   18.   18.
   18.   18. 
 1919. 2973. 2973. 2973. 1919. 1919.   18.   18.   18.   18.   18.   18.
   18.   18.   18. 1919. 1919. 1919. 1919. 1919. 1919. 1919. 1919. 1919.
 2973. 2973. 
 2973. 1919. 1919.   18. 1919. 1919. 2973. 2973. 2973. 2973. 2973. 2973.
 2973. 2973. 2973. 1919.   18.   18.   18.   18.   18.   18.   18.   18.
   18.   18. 
   18.   18.   18.   18.   18.   18.   18.   18.   18.   18.   18.   18.
 1919. 2973. 2973. 2973. 1919. 1919.   18.   18.   18.   18.   18.   18.
   18. 1919. 
 1919. 1919. 1919. 2973. 2973. 2973. 2973. 2973. 2973. 2973. 2973. 2973.
 2973. 1919. 1919.   18. 1919. 2973. 2973. 2973. 2973. 2973. 2973. 2973.
 2973. 2973. 
 1919. 1919.   18.   18.   18.   18.   18.   18.   18.   18.   18.   18.
   18.   18.   18.   18.   18.   18.   18.   18.   18.   18.   18.   18.
 1919. 1919. 
 2973. 2973. 1919. 1919.   18.   18.   18.   18.   18.   18. 1919. 1919.
 1919. 2973. 2973. 2973. 2973. 2973. 2973. 2973. 2973. 2973. 2973. 2973.
 1919. 1919. 
   18.   18. 2973. 2973. 2973. 2973. 2973. 2973. 2973. 2973. 2973. 1919.
 1919. 1919.   18.   18.   18.   18.   18.   18.   18.   18.   18.   18.
   18.   18. 
   18.   18.   18.   18.   18.   18.   18.   18.   18.   18. 1919. 1919.
 2973. 2973. 2973. 1919.   18.   18.   18.   18. 1919. 1919. 1919. 2973.
 2973. 2973. 
 2973. 2973. 2973. 2973. 2973. 2973. 2973. 2973. 1919. 1919. 1919. 1919.
   18.   18. 2973. 2973. 2973. 1919. 1919. 1919. 1919. 1919. 1919. 1919.
 1919.   18. 
   18.   18.   18.   18.   18.   18.   18.   18.   18.   18.   18.   18.
   18.   18.   18.   18.   18.   18.   18.   18.   18.   18.   18. 1919.
 2973. 2973. 
 2973. 1919. 1919.   18.   18.   18. 1919. 1919. 2973. 2973. 2973. 2973.
 2973. 2973. 1919. 1919. 1919. 1919. 1919. 1919. 1919. 1919.   18.   18.
   18.   18. 
 2973. 2973. 1919. 1919. 1919. 1919. 1919. 1919.   18.   18.   18.   18.
   18.   18.   18.   18.   18.   18.   18.   18.   18.   18.   18.   18.
   18.   18. 
   18.   18.   18.   18.   18.   18.   18.   18.   18. 1919. 2973. 2973.
 2973. 1919. 1919.   18.   18. 1919. 1919. 2973. 2973. 2973. 2973. 2973.
 1919. 1919. 
 1919. 1919. 1919. 1919. 1919. 1919. 1919.   18.   18.   18.   18.   18.
 2973. 2973. 1919. 1919.   18.   18.   18.   18.   18.   18.   18.   18.
   18.   18. 
   18.   18.   18.   18.   18.   18.   18.   18.   18.   18.   18.   18.
   18.   18.   18.   18.   18.   18.   18.   18.   18. 1919. 1919. 2973.
 2973. 1919. 
 1919.   18.   18. 1919. 2973. 2973. 2973. 2973. 1919. 1919. 1919.   18.
   18.   18.   18.   18.   18.   18.   18.   18.   18.   18.   18.   18.
 2973. 2973. 
 2973. 1919. 1919.   18.   18.   18.   18.   18.   18.   18.   18.   18.
   18.   18.   18.   18.   18.   18.   18.   18.   18.   18.   18.   18.
   18.   18. 
   18.   18.   18.   18. 1919. 1919. 1919. 1919. 1919. 2973. 2973. 2973.
 1919.   18.   18. 1919. 2973. 2973. 2973. 1919. 1919. 1919.   18.   18.
   18.   18. 
   18.   18.   18.   18.   18.   18.   18.   18.   18.   18. 2973. 2973.
 2973. 2973. 1919. 1919. 1919.   18.   18.   18.   18.   18.   18.   18.
   18.   18. 
   18.   18.   18.   18.   18.   18.   18.   18.   18.   18.   18.   18.
   18.   18.   18. 1919. 1919. 1919. 1919. 1919. 2973. 2973. 2973. 2973.
 1919. 1919. 
   18. 1919. 2973. 2973. 2973. 2973. 1919. 1919. 1919.   18.   18.   18.
   18.   18.   18.   18.   18.   18.   18.   18.   18.   18. 2973. 2973.
 2973. 2973. 
 2973. 1919. 1919. 1919. 1919.   18.   18.   18.   18.   18.   18.   18.
   18.   18.   18.   18.   18.   18.   18.   18.   18.   18.   18.   18.
   18. 1919. 
 1919. 1919. 2973. 2973. 2973. 2973. 2973. 2973. 2973. 1919. 1919.   18.
   18. 1919. 1919. 2973. 2973. 2973. 2973. 2973. 1919. 1919.   18.   18.
   18.   18. 
   18.   18.   18.   18.   18.   18.   18.   18. 2973. 2973. 2973. 2973.
 2973. 2973. 2973. 1919. 1919. 1919.   18.   18.   18.   18.   18.   18.
   18.   18. 
   18.   18.   18.   18.   18.   18.   18.   18.   18.   18. 1919. 1919.
 1919. 2973. 2973. 2973. 2973. 2973. 2973. 2973. 1919. 1919.   18.   18.
   18.   18. 
 1919. 1919. 2973. 2973. 2973. 2973. 2973. 1919. 1919.   18.   18.   18.
   18.   18.   18.   18.   18.   18.   18.   18. 1919. 1919. 2973. 2973.
 2973. 2973. 
 2973. 2973. 1919. 1919. 1919.   18.   18.   18.   18.   18.   18.   18.
   18.   18.   18.   18.   18.   18.   18.   18.   18. 1919. 1919. 2973.
 2973. 2973. 
 2973. 2973. 2973. 1919. 1919. 1919. 1919.   18.   18.   18.   18.   18.
   18. 1919. 1919. 2973. 2973. 2973. 2973. 2973. 1919. 1919.   18.   18.
   18.   18. 
   18.   18.   18.   18.   18.   18. 1919. 1919. 1919. 2973. 2973. 2973.
 2973. 2973. 2973. 1919. 1919.   18.   18.   18.   18.   18.   18.   18.
   18.   18. 
   18.   18.   18.   18.   18.   18. 1919. 1919. 2973. 2973. 2973. 2973.
 1919. 1919. 1919. 1919. 1919. 1919.   18.   18.   18.   18.   18.   18.
   18.   18. 
 1919. 1919. 2973. 2973. 2973. 2973. 1919. 1919.   18.   18.   18.   18.
   18.   18.   18.   18.   18.   18.   18. 1919. 1919. 1919. 1919. 1919.
 2973. 2973. 
 2973. 2973. 1919. 1919.   18.   18.   18.   18.   18.   18.   18.   18.
   18.   18.   18.   18.   18. 1919. 1919. 2973. 2973. 2973. 2973. 1919.
 1919. 1919. 
   18.   18.   18.   18.   18.   18.   18.   18.   18.   18.   18.   18.
   18. 1919. 1919. 2973. 2973. 2973. 2973. 1919. 1919.   18.   18.   18.
   18.   18. 
   18.   18.   18.   18. 1919. 1919. 1919. 1919. 1919. 1919. 1919. 2973.
 2973. 2973. 1919. 1919.   18.   18.   18.   18.   18.   18.   18.   18.
   18.   18. 
   18.   18.   18. 1919. 2973. 2973. 2973. 2973. 1919. 1919.   18.   18.
   18.   18.   18.   18.   18.   18.   18.   18.   18.   18.   18.   18.
   18.   18. 
 1919. 1919. 2973. 2973. 2973. 1919. 1919.   18.   18.   18.   18.   18.
   18.   18.   18.   18. 1919. 1919. 1919. 1919. 1919. 2973. 2973. 2973.
 2973. 2973. 
 1919. 1919.   18.   18.   18.   18.   18.   18.   18.   18.   18.   18.
   18.   18.   18. 1919. 2973. 2973. 2973. 2973. 1919. 1919.   18.   18.
   18.   18. 
   18.   18.   18.   18.   18.   18.   18.   18.   18.   18.   18.   18.
   18. 1919. 1919. 2973. 2973. 2973. 1919.   18.   18.   18.   18.   18.
   18.   18. 
   18.   18. 2973. 2973. 2973. 2973. 2973. 2973. 2973. 2973. 2973. 1919.
 1919.   18.   18.   18.   18.   18.   18.   18.   18.   18.   18.   18.
   18.   18. 
   18. 1919. 1919. 2973. 2973. 2973. 2973. 1919. 1919.   18.   18.   18.
   18.   18.   18.   18.   18.   18.   18.   18.   18. 1919. 1919. 1919.
 1919. 1919. 
 1919. 2973. 2973. 2973. 1919. 1919.   18.   18.   18.   18.   18.   18.
   18.   18. 2973. 2973. 2973. 2973. 2973. 2973. 2973. 2973. 1919. 1919.
 1919.   18. 
   18.   18.   18.   18.   18.   18.   18.   18.   18.   18.   18.   18.
   18. 1919. 1919. 1919. 2973. 2973. 2973. 1919. 1919. 1919.   18.   18.
   18.   18. 
   18.   18. 1919. 1919. 1919. 1919. 1919. 1919. 1919. 1919. 1919. 1919.
 1919. 2973. 2973. 2973. 1919. 1919.   18.   18.   18.   18.   18.   18.
   18.   18. 
 2973. 2973. 2973. 2973. 2973. 2973. 1919. 1919. 1919. 1919.   18.   18.
   18.   18.   18.   18.   18.   18.   18.   18.   18.   18.   18.   18.
   18.   18. 
 1919. 1919. 2973. 2973. 2973. 2973. 1919. 1919.   18.   18.   18.   18.
   18. 1919. 1919. 1919. 2973. 2973. 2973. 2973. 2973. 2973. 2973. 2973.
 2973. 2973. 
 2973. 2973. 1919.   18.   18.   18.   18.   18.   18.   18.   18.   18.
 1919. 1919. 1919. 1919. 1919. 1919. 1919. 1919. 1919.   18.   18.   18.
   18.   18. 
   18.   18.   18.   18.   18.   18.   18.   18.   18.   18.   18.   18.
   18. 1919. 1919. 2973. 2973. 2973. 2973. 1919. 1919.   18.   18.   18.
 1919. 1919. 
 2973. 2973. 2973. 2973. 2973. 2973. 2973. 2973. 2973. 2973. 2973. 2973.
 2973. 1919. 1919.   18.   18.   18.   18.   18.   18.   18.   18.   18.
 1919. 1919. 
 1919. 1919. 1919.   18.   18.   18.   18.   18.   18.   18.   18.   18.
   18.   18.   18.   18.   18.   18.   18.   18.   18.   18.   18.   18.
   18.   18. 
 1919. 1919. 2973. 2973. 2973. 1919. 1919.   18.   18. 1919. 1919. 2973.
 2973. 2973. 2973. 2973. 2973. 2973. 2973. 2973. 2973. 2973. 2973. 1919.
 1919. 1919. 
   18.   18.   18.   18.   18.   18.   18.   18.   18.   18. 1919. 1919.
   18.   18.   18.   18.   18.   18.   18.   18.   18.   18.   18.   18.
   18.   18. 
   18.   18.   18.   18.   18.   18.   18.   18.   18.   18.   18.   18.
   18. 1919. 1919. 2973. 2973. 2973. 1919. 1919.   18. 1919. 2973. 2973.
 2973. 2973. 
 2973. 2973. 1919. 1919. 1919. 1919. 1919. 1919. 1919. 1919. 1919.   18.
   18.   18.   18.   18.   18.   18.   18.   18.   18.   18. 1919. 1919.
 1919.   18. 
   18.   18.   18.   18.   18.   18.   18.   18.   18.   18.   18.   18.
   18.   18.   18.   18.   18.   18.   18.   18.   18.   18.   18.   18.
   18. 1919. 
 1919. 2973. 2973. 2973. 2973. 1919. 1919. 1919. 2973. 2973. 2973. 1919.
 1919. 1919. 1919. 1919. 1919. 1919. 1919. 1919.   18.   18.   18.   18.
   18.   18. 
   18.   18.   18.   18.   18.   18.   18.   18. 2973. 2973. 1919. 1919.
   18.   18.   18.   18.   18.   18.   18.   18.   18.   18.   18.   18.
   18.   18. 
   18.   18.   18.   18.   18.   18.   18.   18.   18.   18.   18.   18.
 1919. 1919. 2973. 2973. 2973. 1919. 1919. 1919. 2973. 2973. 2973. 2973.
 1919. 1919. 
   18.   18.   18.   18.   18.   18.   18.   18.   18.   18.   18.   18.
   18.   18.   18.   18.   18.   18.   18.   18. 2973. 2973. 1919. 1919.
   18.   18. 
   18.   18.   18.   18.   18.   18.   18.   18.   18.   18.   18.   18.
   18.   18.   18.   18.   18.   18.   18.   18.   18.   18.   18.   18.
 1919. 1919. 
 1919. 2973. 2973. 2973. 1919. 1919. 1919. 2973. 2973. 2973. 2973. 1919.
 1919.   18.   18.   18.   18.   18.   18.   18.   18.   18.   18.   18.
   18.   18. 
   18.   18.   18.   18.   18.   18. 2973. 2973. 2973. 1919. 1919.   18.
   18.   18.   18.   18.   18.   18.   18.   18.   18.   18.   18.   18.
   18.   18. 
   18.   18.   18.   18.   18.   18.   18.   18. 1919. 1919. 1919. 1919.
 1919. 1919. 2973. 2973. 1919. 1919. 1919. 2973. 2973. 2973. 2973. 2973.
 1919. 1919. 
   18.   18.   18.   18.   18.   18.   18.   18.   18.   18.   18.   18.
   18.   18.   18.   18.   18.   18. 2973. 2973. 2973. 1919. 1919.   18.
   18.   18. 
   18.   18.   18.   18.   18.   18.   18.   18.   18.   18.   18.   18.
   18.   18.   18.   18.   18. 1919. 1919. 1919. 1919. 1919. 1919. 1919.
 1919. 2973. 
 2973. 2973. 1919. 1919. 1919. 1919. 2973. 2973. 2973. 2973. 1919. 1919.
 1919.   18.   18.   18.   18.   18.   18.   18.   18.   18.   18.   18.
   18.   18. 
   18.   18.   18.   18. 2973. 2973. 2973. 1919. 1919.   18.   18.   18.
   18.   18.   18.   18.   18.   18.   18.   18.   18.   18.   18.   18.
   18.   18. 
   18. 1919. 1919. 1919. 1919. 1919. 2973. 2973. 2973. 2973. 2973. 2973.
 2973. 2973. 1919. 1919. 1919. 1919. 2973. 2973. 2973. 2973. 2973. 1919.
 1919.   18. 
   18.   18.   18.   18.   18.   18.   18.   18.   18.   18.   18.   18.
   18.   18.   18.   18. 2973. 2973. 2973. 1919. 1919.   18.   18.   18.
   18.   18. 
   18.   18.   18.   18.   18.   18.   18.   18.   18.   18.   18.   18.
 1919. 1919. 1919. 2973. 2973. 2973. 2973. 2973. 2973. 2973. 2973. 2973.
 1919. 1919. 
 1919.   18.   18. 1919. 1919. 2973. 2973. 2973. 2973. 2973. 1919. 1919.
   18.   18.   18.   18.   18.   18.   18.   18.   18.   18.   18.   18.
   18.   18. 
   18.   18. 2973. 2973. 2973. 1919.   18.   18.   18.   18.   18.   18.
   18.   18.   18.   18.   18.   18.   18.   18.   18.   18.   18. 1919.
 1919. 1919. 
 2973. 2973. 2973. 2973. 2973. 2973. 2973. 1919. 1919. 1919. 1919. 1919.
   18.   18.   18.   18. 1919. 1919. 2973. 2973. 2973. 2973. 1919. 1919.
   18.   18. 
 18. 18. 18. 18. 18. 18. 18. 18. 18. 18. 18. 18. 18. 18. 
/