PERMI
   32.   32.   32.   32.   32.   32.   32.   32.   32.   32.   32.   32.
   32.   32.   32.   32.   32.   32.   32.   32.   32.   32.   32.   32.
   32. 1409. 
 1659. 1659. 1659. 1659. 1659. 1659. 1659. 1659. 1659. 1409. 1409. 1409.
   32.   32.   32.   32.   32.   32.   32.   32.   32.   32.   32.   32.
   32.   32. 
 32. 32. 32. 32. 32. 32. 32. 32. 32. 32. 32. 32. 32. 32. 32. 32. 32. 32.
 32. 32. 32. 32. 32. 32. 32. 32. 
   32.   32.   32.   32.   32.   32.   32.   32.   32.   32.   32.   32.
 1409. 1659. 1659. 1659. 1659. 1409. 1659. 1659. 1659. 1659. 1659. 1409.
 1409.   32. 
   32.   32. 1409. 1409.   32.   32.   32.   32.   32.   32.   32.   32.
   32.   32.   32.   32.   32.   32.   32.   32.   32.   32.   32.   32.
   32.   32. 
   32.   32.   32.   32.   32.   32.   32.   32.   32.   32.   32.   32.
   32.   32.   32.   32.   32.   32.   32.   32.   32.   32.   32.   32.
   32. 1409. 
 1409. 1409. 1409.   32. 1409. 1659. 1659. 1659. 1659. 1409. 1409.   32.
 1409. 1409. 1409. 1409. 1409.   32.   32.   32.   32.   32.   32.   32.
   32.   32. 
 32. 32. 32. 32. 32. 32. 32. 32. 32. 32. 32. 32. 32. 32. 32. 32. 32. 32.
 32. 32. 32. 32. 32. 32. 32. 32. 
   32.   32.   32.   32.   32.   32.   32.   32.   32.   32.   32.   32.
   32.   32.   32.   32.   32. 1409. 1409. 1659. 1659. 1659. 1409. 1409.
 1409. 1659. 
 1659. 1659. 1409. 1409.   32.   32.   32.   32.   32.   32.   32.   32.
   32.   32.   32.   32.   32.   32.   32.   32.   32.   32.   32.   32.
   32.   32. 
 32. 32. 32. 32. 32. 32. 32. 32. 32. 32. 32. 32. 32. 32. 32. 32. 32. 32.
 32. 32. 32. 32. 32. 32. 32. 32. 
   32.   32.   32.   32. 1409. 1409. 1659. 1659. 1659. 1409. 1659. 1659.
 1659. 1659. 1659. 1409.   32.   32.   32.   32.   32.   32.   32.   32.
   32.   32. 
 32. 32. 32. 32. 32. 32. 32. 32. 32. 32. 32. 32. 32. 32. 32. 32. 32. 32.
 32. 32. 32. 32. 32. 32. 32. 32. 
   32.   32.   32.   32.   32.   32.   32.   32.   32.   32.   32.   32.
   32.   32.   32.   32.   32. 1409. 1659. 1659. 1659. 1659. 1659. 1659.
 1659. 1659. 
 1659. 1409. 1409. 1409.   32.   32.   32.   32.   32.   32.   32.   32.
   32.   32.   32.   32.   32.   32.   32.   32.   32.   32.   32.   32.
   32.   32. 
 32. 32. 32. 32. 32. 32. 32. 32. 32. 32. 32. 32. 32. 32. 32. 32. 32. 32.
 32. 32. 32. 32. 32. 32. 32. 32. 
   32.   32.   32. 1409. 1659. 1659. 1659. 1659. 1659. 1659. 1409. 1659.
 1659. 1659. 1409. 1409. 1409.   32.   32.   32.   32.   32.   32.   32.
   32.   32. 
 32. 32. 32. 32. 32. 32. 32. 32. 32. 32. 32. 32. 32. 32. 32. 32. 32. 32.
 32. 32. 32. 32. 32. 32. 32. 32. 
   32.   32.   32.   32.   32.   32.   32.   32.   32.   32.   32.   32.
   32.   32.   32.   32. 1409. 1409. 1659. 1659. 1659. 1409. 1409. 1659.
 1659. 1659. 
 1409. 1659. 1409.   32.   32.   32.   32.   32.   32.   32.   32.   32.
   32.   32.   32.   32.   32.   32.   32.   32.   32.   32.   32.   32.
   32.   32. 
 32. 32. 32. 32. 32. 32. 32. 32. 32. 32. 32. 32. 32. 32. 32. 32. 32. 32.
 32. 32. 32. 32. 32. 32. 32. 32. 
   32.   32.   32. 1409. 1409. 1409. 1409. 1409. 1409. 1409. 1659. 1659.
 1409. 1659. 1409. 1409. 1409. 1409. 1409. 1409.   32.   32.   32.   32.
   32.   32. 
 32. 32. 32. 32. 32. 32. 32. 32. 32. 32. 32. 32. 32. 32. 32. 32. 32. 32.
 32. 32. 32. 32. 32. 32. 32. 32. 
   32.   32.   32.   32.   32.   32.   32.   32.   32.   32.   32.   32.
   32.   32.   32.   32.   32.   32.   32.   32.   32. 1409. 1659. 1659.
 1659. 1409. 
 1409. 1659. 1659. 1659. 1659. 1409. 1409.   32.   32.   32.   32.   32.
   32.   32.   32.   32.   32.   32.   32.   32.   32.   32.   32.   32.
   32.   32. 
 32. 32. 32. 32. 32. 32. 32. 32. 32. 32. 32. 32. 32. 32. 32. 32. 32. 32.
 32. 32. 32. 32. 32. 32. 32. 32. 
   32.   32.   32.   32.   32.   32.   32. 1409. 1659. 1659. 1659. 1659.
 1659. 1659. 1659. 1659. 1659. 1659. 1409. 1409. 1409.   32.   32.   32.
   32.   32. 
 32. 32. 32. 32. 32. 32. 32. 32. 32. 32. 32. 32. 32. 32. 32. 32. 32. 32.
 32. 32. 32. 32. 32. 32. 32. 32. 
   32.   32.   32.   32.   32.   32.   32.   32.   32.   32.   32.   32.
   32.   32.   32.   32.   32.   32.   32. 1409. 1409. 1659. 1659. 1659.
 1659. 1659. 
 1659. 1659. 1659. 1659. 1409. 1409. 1659. 1409.   32.   32.   32.   32.
   32.   32.   32.   32.   32.   32.   32.   32.   32.   32.   32.   32.
   32.   32. 
 32. 32. 32. 32. 32. 32. 32. 32. 32. 32. 32. 32. 32. 32. 32. 32. 32. 32.
 32. 32. 32. 32. 32. 32. 32. 32. 
   32.   32.   32.   32.   32.   32. 1409. 1409. 1659. 1659. 1409. 1409.
 1409. 1409. 1659. 1659. 1409. 1409. 1659. 1659. 1409.   32.   32.   32.
   32.   32. 
 32. 32. 32. 32. 32. 32. 32. 32. 32. 32. 32. 32. 32. 32. 32. 32. 32. 32.
 32. 32. 32. 32. 32. 32. 32. 32. 
   32.   32.   32.   32.   32.   32.   32.   32.   32.   32.   32.   32.
   32.   32.   32.   32.   32.   32.   32.   32. 1409. 1409. 1409.   32.
 1409. 1659. 
 1659. 1659. 1409. 1409. 1659. 1659. 1409.   32.   32.   32.   32.   32.
   32.   32.   32.   32.   32.   32.   32.   32.   32.   32.   32.   32.
   32.   32. 
 32. 32. 32. 32. 32. 32. 32. 32. 32. 32. 32. 32. 32. 32. 32. 32. 32. 32.
 32. 32. 32. 32. 32. 32. 32. 32. 
   32.   32.   32.   32.   32.   32.   32.   32.   32.   32. 1409. 1659.
 1659. 1659. 1409. 1409. 1659. 1659. 1409.   32.   32.   32.   32.   32.
   32.   32. 
 32. 32. 32. 32. 32. 32. 32. 32. 32. 32. 32. 32. 32. 32. 32. 32. 32. 32.
 32. 32. 32. 32. 32. 32. 32. 32. 
   32.   32.   32.   32.   32.   32.   32.   32.   32.   32.   32.   32.
   32.   32.   32.   32.   32.   32.   32.   32.   32.   32. 1409. 1659.
 1659. 1659. 
 1409. 1409. 1659. 1659. 1409.   32.   32.   32.   32.   32.   32.   32.
   32.   32.   32.   32.   32.   32.   32.   32.   32.   32.   32.   32.
   32.   32. 
 32. 32. 32. 32. 32. 32. 32. 32. 32. 32. 32. 32. 32. 32. 32. 32. 32. 32.
 32. 32. 32. 32. 32. 32. 32. 32. 
   32.   32.   32.   32.   32.   32.   32.   32. 1409. 1659. 1659. 1409.
 1409. 1409. 1409. 1659. 1409. 1409. 1409. 1409. 1409.   32.   32.   32.
   32.   32. 
 32. 32. 32. 32. 32. 32. 32. 32. 32. 32. 32. 32. 32. 32. 32. 32. 32. 32.
 32. 32. 32. 32. 32. 32. 32. 32. 
   32.   32.   32.   32.   32.   32.   32.   32.   32.   32.   32.   32.
   32.   32.   32.   32.   32.   32.   32.   32. 1409. 1659. 1659. 1659.
 1659. 1659. 
 1409. 1409. 1409. 1659. 1659. 1659. 1659. 1409.   32.   32.   32.   32.
   32.   32.   32.   32.   32.   32.   32.   32.   32.   32.   32.   32.
   32.   32. 
 32. 32. 32. 32. 32. 32. 32. 32. 32. 32. 32. 32. 32. 32. 32. 32. 32. 32.
 32. 32. 32. 32. 32. 32. 32. 32. 
   32.   32.   32.   32.   32.   32. 1409. 1409. 1659. 1659. 1659. 1659.
 1659. 1659. 1659. 1409. 1659. 1659. 1659. 1659.   32.   32.   32.   32.
   32.   32. 
 32. 32. 32. 32. 32. 32. 32. 32. 32. 32. 32. 32. 32. 32. 32. 32. 32. 32.
 32. 32. 32. 32. 32. 32. 32. 32. 
   32.   32.   32.   32.   32.   32.   32.   32.   32.   32.   32.   32.
   32.   32.   32.   32.   32.   32.   32. 1409. 1409. 1409. 1659. 1659.
 1659. 1659. 
 1659. 1659. 1409. 1659. 1659. 1659.   32.   32.   32.   32.   32.   32.
   32.   32.   32.   32.   32.   32.   32.   32.   32.   32.   32.   32.
   32.   32. 
 32. 32. 32. 32. 32. 32. 32. 32. 32. 32. 32. 32. 32. 32. 32. 32. 32. 32.
 32. 32. 32. 32. 32. 32. 32. 32. 
   32.   32.   32.   32.   32.   32.   32.   32. 1409. 1409. 1409. 1409.
 1659. 1659. 1409. 1409. 1409. 1659.   32.   32.   32.   32.   32.   32.
   32.   32. 
 32. 32. 32. 32. 32. 32. 32. 32. 32. 32. 32. 32. 32. 32. 32. 32. 32. 32.
 32. 32. 32. 32. 32. 32. 32. 32. 
   32.   32.   32.   32.   32.   32.   32.   32.   32.   32.   32.   32.
   32.   32.   32.   32.   32.   32.   32.   32.   32.   32.   32. 1409.
 1659. 1659. 
 1409.   32. 1409. 1659.   32.   32.   32.   32.   32.   32.   32.   32.
   32.   32.   32.   32.   32.   32.   32.   32.   32.   32.   32.   32.
   32.   32. 
 32. 32. 32. 32. 32. 32. 32. 32. 32. 32. 32. 32. 32. 32. 32. 32. 32. 32.
 32. 32. 32. 32. 32. 32. 32. 32. 
   32.   32.   32.   32.   32.   32.   32.   32.   32. 1409. 1659. 1659.
 1409. 1409. 1409. 1659.   32.   32.   32.   32.   32.   32.   32.   32.
   32.   32. 
 32. 32. 32. 32. 32. 32. 32. 32. 32. 32. 32. 32. 32. 32. 32. 32. 32. 32.
 32. 32. 32. 32. 32. 32. 32. 32. 
   32.   32.   32.   32.   32.   32.   32.   32.   32.   32.   32.   32.
   32.   32.   32.   32.   32.   32.   32.   32.   32. 1409. 1659. 1659.
 1409. 1409. 
 1409. 1409.   32.   32.   32.   32.   32.   32.   32.   32.   32.   32.
   32.   32.   32.   32.   32.   32.   32.   32.   32.   32.   32.   32.
   32.   32. 
 32. 32. 32. 32. 32. 32. 32. 32. 32. 32. 32. 32. 32. 32. 32. 32. 32. 32.
 32. 32. 32. 32. 32. 32. 32. 32. 
   32.   32.   32.   32.   32.   32.   32. 1409. 1659. 1659. 1659. 1409.
 1409. 1659.   32.   32.   32.   32.   32.   32.   32.   32.   32.   32.
   32.   32. 
 32. 32. 32. 32. 32. 32. 32. 32. 32. 32. 32. 32. 32. 32. 32. 32. 32. 32.
 32. 32. 32. 32. 32. 32. 32. 32. 
   32.   32.   32.   32.   32.   32.   32.   32.   32.   32.   32.   32.
   32.   32.   32.   32.   32.   32.   32.   32. 1409. 1659. 1659. 1659.
 1659. 1659. 
 32. 32. 32. 32. 32. 32. 32. 32. 32. 32. 32. 32. 32. 32. 32. 32. 32. 32.
 32. 32. 32. 32. 32. 32. 32. 32. 
 32. 32. 32. 32. 32. 32. 32. 32. 32. 32. 32. 32. 32. 32. 32. 32. 32. 32.
 32. 32. 32. 32. 32. 32. 32. 32. 
   32.   32.   32.   32.   32.   32. 1409. 1409. 1659. 1659. 1659. 1659.
   32.   32.   32.   32.   32.   32.   32.   32.   32.   32.   32.   32.
   32.   32. 
 32. 32. 32. 32. 32. 32. 32. 32. 32. 32. 32. 32. 32. 32. 32. 32. 32. 32.
 32. 32. 32. 32. 32. 32. 32. 32. 
   32.   32.   32.   32.   32.   32.   32.   32.   32.   32.   32.   32.
   32.   32.   32.   32.   32.   32.   32. 1409. 1409. 1409. 1409. 1409.
   32.   32. 
 32. 32. 32. 32. 32. 32. 32. 32. 32. 32. 32. 32. 32. 32. 32. 32. 32. 32.
 32. 32. 32. 32. 32. 32. 32. 32. 
 32. 32. 32. 32. 32. 32. 32. 32. 32. 32. 32. 32. 32. 32. 32. 32. 32. 32.
 32. 32. 32. 32. 32. 32. 32. 32. 
 32. 32. 32. 32. 32. 32. 32. 32. 32. 32. 32. 32. 32. 32. 32. 32. 32. 32.
 32. 32. 32. 32. 32. 32. 32. 32. 
 32. 32. 32. 32. 32. 32. 32. 32. 32. 32. 32. 32. 32. 32. 32. 32. 32. 32.
 32. 32. 32. 32. 32. 32. 32. 32. 
 32. 32. 32. 32. 32. 32. 32. 32. 32. 32. 32. 32. 32. 32. 32. 32. 32. 32.
 32. 32. 32. 32. 32. 32. 32. 32. 
 32. 32. 32. 32. 32. 32. 32. 32. 32. 32. 32. 32. 32. 32. 32. 32. 32. 32.
 32. 32. 32. 32. 32. 32. 32. 32. 
 32. 32. 32. 32. 32. 32. 32. 32. 32. 32. 32. 32. 32. 32. 32. 32. 32. 32.
 32. 32. 32. 32. 32. 32. 32. 32. 
 32. 32. 32. 32. 32. 32. 32. 32. 32. 32. 32. 32. 32. 32. 32. 32. 32. 32.
 32. 32. 32. 32. 32. 32. 32. 32. 
 32. 32. 32. 32. 32. 32. 32. 32. 32. 32. 32. 32. 32. 32. 32. 32. 32. 32.
 32. 32. 32. 32. 32. 32. 32. 32. 
   32.   32.   32.   32.   32.   32.   32.   32.   32.   32.   32.   32.
   32.   32.   32.   32.   32.   32.   32.   32. 1409.   32.   32.   32.
   32.   32. 
 32. 32. 32. 32. 32. 32. 32. 32. 32. 32. 32. 32. 32. 32. 32. 32. 32. 32.
 32. 32. 32. 32. 32. 32. 32. 32. 
 32. 32. 32. 32. 32. 32. 32. 32. 32. 32. 32. 32. 32. 32. 32. 32. 32. 32.
 32. 32. 32. 32. 32. 32. 32. 32. 
   32.   32.   32.   32.   32.   32. 1409. 1409.   32.   32.   32.   32.
   32.   32.   32.   32.   32.   32.   32.   32.   32.   32.   32.   32.
   32.   32. 
 32. 32. 32. 32. 32. 32. 32. 32. 32. 32. 32. 32. 32. 32. 32. 32. 32. 32.
 32. 32. 32. 32. 32. 32. 32. 32. 
   32.   32.   32.   32.   32.   32.   32.   32.   32.   32.   32.   32.
   32.   32.   32.   32.   32.   32. 1409. 1409. 1409. 1409.   32.   32.
   32.   32. 
 32. 32. 32. 32. 32. 32. 32. 32. 32. 32. 32. 32. 32. 32. 32. 32. 32. 32.
 32. 32. 32. 32. 32. 32. 32. 32. 
 32. 32. 32. 32. 32. 32. 32. 32. 32. 32. 32. 32. 32. 32. 32. 32. 32. 32.
 32. 32. 32. 32. 32. 32. 32. 32. 
   32.   32.   32.   32. 1659. 1409. 1409. 1409.   32.   32.   32.   32.
   32.   32.   32.   32.   32.   32.   32.   32.   32.   32.   32.   32.
   32.   32. 
 32. 32. 32. 32. 32. 32. 32. 32. 32. 32. 32. 32. 32. 32. 32. 32. 32. 32.
 32. 32. 32. 32. 32. 32. 32. 32. 
   32.   32.   32.   32.   32.   32.   32.   32.   32.   32.   32.   32.
   32.   32.   32.   32. 1659. 1409. 1409. 1659. 1409.   32.   32.   32.
   32.   32. 
 32. 32. 32. 32. 32. 32. 32. 32. 32. 32. 32. 32. 32. 32. 32. 32. 32. 32.
 32. 32. 32. 32. 32. 32. 32. 32. 
 32. 32. 32. 32. 32. 32. 32. 32. 32. 32. 32. 32. 32. 32. 32. 32. 32. 32.
 32. 32. 32. 32. 32. 32. 32. 32. 
   32.   32. 1659. 1409. 1409. 1409. 1409.   32.   32.   32.   32.   32.
   32.   32.   32.   32.   32.   32.   32.   32.   32.   32.   32.   32.
   32.   32. 
 32. 32. 32. 32. 32. 32. 32. 32. 32. 32. 32. 32. 32. 32. 32. 32. 32. 32.
 32. 32. 32. 32. 32. 32. 32. 32. 
   32.   32.   32.   32.   32.   32.   32.   32.   32.   32.   32.   32.
   32.   32. 1659. 1659. 1409. 1409. 1409.   32.   32.   32.   32.   32.
   32.   32. 
 32. 32. 32. 32. 32. 32. 32. 32. 32. 32. 32. 32. 32. 32. 32. 32. 32. 32.
 32. 32. 32. 32. 32. 32. 32. 32. 
 32. 32. 32. 32. 32. 32. 32. 32. 32. 32. 32. 32. 32. 32. 32. 32. 32. 32.
 32. 32. 32. 32. 32. 32. 32. 32. 
 1659. 1659. 1409. 1409. 1409. 1409. 1409. 1409. 1409. 1409. 1409. 1409.
 1409.   32.   32.   32. 1409. 1409.   32.   32.   32.   32.   32.   32.
   32.   32. 
 32. 32. 32. 32. 32. 32. 32. 32. 32. 32. 32. 32. 32. 32. 32. 32. 32. 32.
 32. 32. 32. 32. 32. 32. 32. 32. 
   32.   32.   32.   32.   32.   32.   32.   32.   32.   32.   32.   32.
 1659. 1659. 1659. 1659. 1409. 1409. 1409. 1409. 1409. 1409. 1409. 1409.
 1409. 1409. 
   32. 1409. 1409. 1409. 1409. 1409.   32.   32.   32.   32.   32.   32.
   32.   32.   32.   32.   32.   32.   32.   32.   32.   32.   32.   32.
   32.   32. 
   32.   32.   32.   32.   32.   32.   32.   32.   32.   32.   32.   32.
   32.   32.   32.   32.   32.   32.   32.   32.   32.   32.   32.   32.
 1409. 1659. 
 1659. 1659. 1659. 1659. 1659. 1659. 1409. 1409. 1409. 1409. 1659. 1409.
 1409. 1409. 1659. 1659. 1659. 1409. 1409.   32.   32.   32.   32.   32.
   32.   32. 
 32. 32. 32. 32. 32. 32. 32. 32. 32. 32. 32. 32. 32. 32. 32. 32. 32. 32.
 32. 32. 32. 32. 32. 32. 32. 32. 
   32.   32.   32.   32.   32.   32.   32.   32.   32.   32. 1409. 1409.
 1659. 1659. 1659. 1659. 1659. 1659. 1659. 1659. 1409. 1409. 1409. 1409.
 1409. 1659. 
 1659. 1659. 1659. 1409. 1409.   32.   32.   32.   32.   32.   32.   32.
   32.   32.   32.   32.   32.   32.   32.   32.   32.   32.   32.   32.
   32.   32. 
   32.   32.   32.   32.   32.   32.   32.   32.   32.   32.   32.   32.
   32.   32.   32.   32.   32.   32.   32.   32.   32.   32.   32. 1409.
 1409. 1409. 
 1409. 1409. 1659. 1659. 1659. 1659. 1409. 1409. 1409. 1409. 1659. 1659.
 1409. 1409. 1659. 1659. 1409. 1409. 1409. 1409. 1409. 1409. 1409. 1409.
 1409.   32. 
 32. 32. 32. 32. 32. 32. 32. 32. 32. 32. 32. 32. 32. 32. 32. 32. 32. 32.
 32. 32. 32. 32. 32. 32. 32. 32. 
   32.   32.   32.   32.   32.   32.   32.   32.   32.   32.   32. 1409.
 1409. 1409. 1409. 1409. 1659. 1659. 1659. 1409. 1659. 1659. 1659. 1659.
 1409. 1409. 
 1659. 1659. 1409. 1409. 1409. 1409. 1409. 1409. 1409. 1409. 1409. 1409.
 1409.   32.   32.   32.   32.   32.   32.   32.   32.   32.   32.   32.
   32.   32. 
 32. 32. 32. 32. 32. 32. 32. 32. 32. 32. 32. 32. 32. 32. 32. 32. 32. 32.
 32. 32. 32. 32. 32. 32. 32. 32. 
   32. 1409. 1659. 1659. 1659. 1409. 1409. 1659. 1409. 1409. 1409. 1409.
 1659. 1659. 1659. 1659. 1659. 1659. 1659. 1659. 1659. 1659. 1659. 1659.
 1409. 1409. 
   32.   32. 1409. 1409. 1409. 1409. 1409.   32.   32.   32.   32.   32.
   32.   32.   32.   32.   32.   32.   32.   32.   32.   32.   32.   32.
   32.   32. 
   32.   32.   32.   32.   32.   32.   32.   32.   32.   32.   32.   32.
   32. 1409. 1659. 1659. 1659. 1409. 1409. 1409. 1409. 1409. 1659. 1409.
 1409. 1659. 
 1659. 1659. 1659. 1659. 1659. 1659. 1659. 1659. 1659. 1659. 1409. 1409.
 1409. 1409. 1409. 1409. 1659. 1409. 1409. 1409.   32.   32.   32.   32.
   32.   32. 
   32.   32.   32.   32.   32.   32.   32.   32.   32.   32.   32.   32.
   32.   32.   32.   32.   32.   32.   32.   32.   32.   32.   32.   32.
 1409. 1409. 
 1659. 1659. 1659. 1409. 1409. 1409. 1409. 1659. 1659. 1409. 1409. 1409.
 1659. 1659. 1409. 1409. 1409. 1409. 1409. 1409. 1659. 1659. 1659. 1409.
 1409. 1659. 
 1659. 1659. 1659. 1659. 1659. 1409. 1409.   32.   32.   32.   32.   32.
   32.   32.   32.   32.   32.   32.   32.   32.   32.   32.   32.   32.
   32.   32. 
   32.   32.   32.   32.   32.   32.   32.   32.   32.   32. 1409. 1409.
 1659. 1659. 1659. 1409. 1409. 1409. 1409. 1409. 1409. 1409. 1409. 1409.
 1409. 1409. 
 1409. 1409. 1409. 1409. 1409. 1409. 1409. 1659. 1659. 1659. 1659. 1659.
 1659. 1659. 1659. 1659. 1659. 1659. 1409.   32.   32.   32.   32.   32.
   32.   32. 
   32.   32.   32.   32.   32.   32.   32.   32.   32.   32.   32.   32.
   32.   32.   32.   32.   32.   32.   32.   32.   32.   32. 1409. 1409.
 1659. 1659. 
 1659. 1659. 1659. 1659. 1659. 1659. 1659. 1409. 1409. 1409.   32.   32.
   32. 1409. 1409. 1659. 1659. 1409. 1409. 1409. 1659. 1659. 1659. 1659.
 1659. 1409. 
 1409. 1409. 1659. 1659. 1409. 1409.   32.   32.   32.   32.   32.   32.
   32.   32.   32.   32.   32.   32.   32.   32.   32.   32.   32.   32.
   32.   32. 
   32.   32. 1409. 1409.   32.   32.   32.   32.   32. 1409. 1409. 1659.
 1659. 1659. 1659. 1659. 1659. 1659. 1659. 1659. 1659. 1409. 1409.   32.
   32.   32. 
 1409. 1409. 1409. 1409. 1409. 1409. 1409. 1409. 1409. 1409. 1409. 1409.
 1659. 1409. 1659. 1659. 1409. 1409. 1409. 1409.   32.   32.   32.   32.
   32.   32. 
   32.   32.   32.   32.   32.   32.   32.   32.   32.   32.   32.   32.
   32.   32. 1659. 1409.   32.   32.   32.   32.   32.   32. 1409. 1409.
 1409. 1409. 
 1409. 1409. 1409. 1409. 1659. 1659. 1659. 1659. 1409.   32.   32.   32.
   32.   32. 1409. 1409. 1409.   32. 1409. 1409. 1409. 1409. 1409. 1659.
 1659. 1409. 
 1659. 1659. 1409. 1409. 1659. 1409. 1409.   32.   32.   32.   32.   32.
   32.   32.   32.   32.   32.   32.   32.   32.   32.   32.   32.   32.
   32.   32. 
 1659. 1659. 1409.   32.   32.   32.   32.   32.   32. 1409. 1409. 1409.
 1409. 1409. 1409. 1409. 1409. 1659. 1659. 1659. 1409. 1409.   32.   32.
 1409. 1409. 
 1409.   32.   32.   32.   32.   32.   32.   32. 1409. 1409. 1659. 1409.
 1659. 1659. 1659. 1409. 1659. 1659. 1409. 1409.   32.   32.   32.   32.
   32.   32. 
   32.   32.   32.   32.   32.   32.   32.   32.   32.   32.   32.   32.
 1659. 1659. 1409.   32.   32.   32.   32.   32.   32.   32.   32.   32.
   32.   32. 
   32.   32. 1409. 1409. 1659. 1659. 1409. 1409. 1409. 1409. 1409. 1409.
 1409. 1409. 1409.   32.   32.   32.   32.   32.   32. 1409. 1659. 1409.
 1409. 1659. 
 1659. 1409. 1409. 1409. 1409. 1409.   32.   32.   32.   32.   32.   32.
   32.   32.   32.   32.   32.   32.   32.   32.   32.   32.   32.   32.
 1659. 1659. 
 1409.   32.   32.   32.   32.   32.   32.   32.   32.   32.   32.   32.
   32.   32.   32. 1409. 1659. 1659. 1409. 1409. 1409. 1659. 1659. 1659.
 1659. 1409. 
 1409.   32.   32.   32.   32.   32.   32. 1409. 1409. 1659. 1409. 1409.
 1659. 1659. 1409. 1409. 1409. 1409. 1409. 1409.   32.   32.   32.   32.
   32.   32. 
   32.   32.   32.   32.   32.   32.   32.   32.   32.   32. 1659. 1659.
 1409.   32.   32.   32.   32.   32.   32.   32.   32.   32.   32.   32.
   32.   32. 
   32. 1409. 1409. 1659. 1659. 1659. 1659. 1659. 1659. 1659. 1659. 1659.
 1409. 1409.   32.   32.   32.   32.   32.   32. 1409. 1409. 1409. 1409.
 1659. 1659. 
 1659. 1659. 1659. 1659. 1409. 1409. 1409.   32.   32.   32.   32.   32.
   32.   32.   32.   32.   32.   32.   32.   32.   32.   32. 1659. 1659.
 1409.   32. 
   32.   32.   32.   32.   32.   32.   32.   32.   32.   32.   32.   32.
   32.   32. 1409. 1659. 1659. 1659. 1659. 1659. 1659. 1409. 1659. 1659.
 1409. 1409. 
   32.   32.   32.   32.   32.   32.   32. 1409. 1409. 1409. 1409. 1409.
 1659. 1659. 1659. 1659. 1659. 1659. 1409. 1409.   32.   32.   32.   32.
   32.   32. 
   32.   32.   32.   32.   32.   32.   32.   32. 1659. 1659. 1409. 1409.
 1409. 1409. 1409.   32.   32.   32.   32.   32.   32.   32.   32.   32.
   32.   32. 
 1409. 1409. 1409. 1659. 1659. 1409. 1409. 1409. 1659. 1659. 1409. 1409.
   32.   32.   32.   32.   32.   32.   32.   32.   32.   32. 1409. 1409.
 1409. 1409. 
 1409. 1659. 1659. 1659. 1409. 1409.   32.   32.   32. 1409. 1409. 1409.
 1409. 1409.   32.   32.   32.   32.   32.   32. 1659. 1659. 1659. 1409.
 1409. 1409. 
 1409. 1409. 1409. 1409.   32.   32.   32.   32.   32.   32.   32.   32.
   32. 1409. 1409. 1409. 1409. 1409.   32. 1409. 1659. 1659. 1409. 1409.
   32.   32. 
 1409. 1409. 1409. 1409.   32.   32.   32.   32. 1409. 1659. 1659. 1659.
 1409. 1409. 1409. 1659. 1659. 1409. 1409.   32. 1409. 1409. 1409. 1409.
 1409. 1409. 
 1409.   32.   32.   32.   32.   32. 1409. 1659. 1659. 1659. 1659. 1659.
 1659. 1659. 1659. 1409. 1409.   32.   32.   32.   32.   32.   32.   32.
   32.   32. 
   32.   32.   32.   32.   32. 1409. 1659. 1659. 1659. 1409. 1409. 1409.
 1409. 1659. 1409. 1409. 1409. 1409.   32.   32. 1409. 1409. 1659. 1659.
 1659. 1409. 
 1409. 1659. 1659. 1409. 1409. 1409. 1409. 1659. 1659. 1659. 1659. 1659.
 1409. 1409.   32.   32.   32.   32. 1409. 1409. 1659. 1659. 1659. 1659.
 1659. 1659. 
 1659. 1659. 1409. 1409.   32.   32.   32.   32.   32.   32.   32.   32.
   32.   32.   32.   32.   32. 1409. 1659. 1659. 1659. 1659. 1659. 1659.
 1659. 1659. 
 1659. 1659. 1659. 1409. 1409.   32.   32. 1409. 1409. 1409. 1659. 1409.
 1409. 1659. 1659. 1659. 1409. 1659. 1659. 1659. 1659. 1659. 1659. 1659.
 1659. 1409. 
   32.   32.   32.   32.   32. 1409. 1409. 1409. 1409. 1409. 1409. 1409.
 1659. 1659. 1659. 1409.   32.   32.   32.   32.   32.   32.   32.   32.
   32.   32. 
   32.   32.   32. 1409. 1409. 1659. 1659. 1659. 1659. 1659. 1659. 1659.
 1659. 1659. 1659. 1659. 1409. 1409.   32.   32. 1409. 1409. 1409. 1409.
 1409. 1659. 
 1659. 1659. 1659. 1659. 1659. 1659. 1659. 1659. 1659. 1659. 1659. 1409.
   32.   32.   32.   32.   32.   32.   32.   32.   32.   32.   32. 1409.
 1409. 1659. 
 1659. 1409.   32.   32.   32.   32.   32.   32.   32.   32.   32.   32.
   32.   32.   32.   32. 1409. 1409. 1659. 1659. 1659. 1659. 1659. 1409.
 1409. 1409. 
 1659. 1659. 1659. 1409. 1409. 1409. 1409. 1659. 1659. 1409. 1409. 1409.
 1659. 1659. 1659. 1659. 1659. 1409. 1409. 1409. 1659. 1659. 1659. 1409.
   32.   32. 
   32.   32.   32.   32.   32.   32.   32.   32.   32.   32. 1409. 1659.
 1659. 1409.   32.   32.   32.   32.   32.   32.   32.   32.   32.   32.
   32.   32. 
   32.   32.   32. 1409. 1409. 1409. 1409. 1409. 1409. 1409. 1409. 1409.
 1659. 1659. 1659. 1409. 1409. 1659. 1659. 1659. 1659. 1659. 1409. 1409.
 1409. 1659. 
 1409. 1409. 1409. 1409.   32. 1409. 1659. 1659. 1659. 1409.   32.   32.
   32.   32. 
/