PERMI
   18. 1300. 1614. 1614. 1300. 1300.   18.   18.   18.   18.   18.   18.
   18.   18.   18.   18. 1300. 1300. 1614. 1614. 1614. 1300. 1300. 1300.
 1300. 1300. 
 1300. 1300. 1300. 1300.   18.   18.   18.   18.   18.   18.   18.   18.
   18.   18.   18.   18.   18.   18.   18.   18.   18.   18.   18. 1300.
 1614. 1614. 
 1614. 1614. 1614. 1300. 1300. 1300.   18.   18.   18.   18.   18.   18.
 1300. 1300. 1614. 1614. 1614. 1300. 1300. 1300.   18.   18.   18.   18.
   18.   18. 
   18.   18. 1300. 1300. 1614. 1614. 1614. 1614. 1614. 1614. 1614. 1614.
 1614. 1614. 1300. 1300. 1300.   18.   18.   18.   18.   18.   18.   18.
   18.   18. 
   18.   18.   18.   18.   18.   18.   18.   18.   18.   18. 1300. 1300.
 1614. 1614. 1614. 1614. 1614. 1300. 1300.   18.   18.   18.   18.   18.
   18. 1300. 
 1614. 1614. 1614. 1614. 1614. 1614. 1300. 1300. 1300.   18.   18.   18.
   18.   18.   18. 1300. 1300. 1614. 1614. 1614. 1614. 1614. 1614. 1614.
 1614. 1614. 
 1614. 1300. 1300.   18.   18.   18.   18.   18.   18.   18.   18.   18.
   18.   18.   18.   18.   18.   18.   18.   18.   18.   18.   18. 1300.
 1300. 1614. 
 1614. 1614. 1614. 1614. 1300.   18.   18.   18.   18.   18.   18. 1300.
 1300. 1614. 1614. 1614. 1614. 1614. 1614. 1614. 1614. 1300.   18.   18.
   18.   18. 
   18. 1300. 1300. 1300. 1614. 1614. 1614. 1614. 1614. 1614. 1614. 1614.
 1614. 1300. 1300.   18.   18.   18.   18.   18.   18.   18.   18.   18.
   18.   18. 
   18.   18.   18.   18.   18.   18.   18.   18.   18.   18.   18. 1300.
 1300. 1300. 1614. 1614. 1614. 1300.   18.   18.   18.   18.   18.   18.
   18. 1300. 
 1300. 1614. 1614. 1614. 1614. 1614. 1614. 1300. 1300.   18.   18.   18.
   18.   18. 1300. 1300. 1300. 1300. 1300. 1300. 1300. 1300. 1614. 1614.
 1614. 1300. 
 1300.   18.   18.   18.   18.   18.   18.   18.   18.   18.   18.   18.
   18.   18.   18.   18.   18.   18.   18.   18.   18.   18.   18.   18.
   18. 1300. 
 1614. 1614. 1614. 1300.   18.   18.   18.   18.   18.   18.   18.   18.
 1300. 1300. 1300. 1614. 1614. 1614. 1614. 1614. 1300.   18.   18.   18.
   18.   18. 
   18. 1300. 1300. 1300. 1300. 1300. 1300. 1300. 1614. 1614. 1614. 1300.
 1300.   18.   18.   18.   18.   18.   18.   18.   18.   18.   18.   18.
   18.   18. 
   18.   18.   18.   18.   18.   18.   18.   18.   18. 1300. 1300. 1300.
 1614. 1614. 1614. 1300.   18.   18.   18.   18.   18.   18.   18.   18.
   18.   18. 
 1300. 1300. 1300. 1614. 1614. 1614. 1300.   18.   18.   18.   18.   18.
   18.   18.   18. 1300. 1300. 1300. 1300. 1300. 1614. 1614. 1614. 1300.
 1300.   18. 
   18.   18.   18.   18.   18.   18.   18.   18.   18.   18.   18.   18.
   18.   18.   18.   18.   18.   18.   18.   18. 1300. 1300. 1614. 1614.
 1614. 1614. 
 1300.   18.   18.   18.   18.   18.   18.   18.   18.   18.   18.   18.
   18. 1300. 1300. 1614. 1614. 1614. 1300.   18.   18.   18.   18.   18.
   18.   18. 
   18.   18.   18.   18. 1300. 1300. 1614. 1614. 1614. 1300. 1300.   18.
   18.   18.   18.   18.   18.   18.   18.   18.   18.   18.   18.   18.
   18.   18. 
   18.   18.   18.   18.   18. 1300. 1300. 1614. 1614. 1614. 1614. 1300.
 1300.   18.   18.   18.   18.   18.   18.   18.   18.   18.   18.   18.
   18. 1300. 
 1614. 1614. 1614. 1300.   18.   18.   18.   18.   18.   18.   18.   18.
   18.   18.   18.   18. 1300. 1614. 1614. 1614. 1614. 1300. 1300. 1300.
   18.   18. 
   18.   18.   18.   18.   18.   18.   18.   18.   18.   18.   18.   18.
   18.   18.   18.   18.   18. 1300. 1614. 1614. 1614. 1614. 1300. 1300.
   18.   18. 
   18.   18.   18.   18.   18.   18.   18.   18.   18.   18.   18. 1300.
 1614. 1614. 1614. 1300.   18.   18.   18.   18.   18.   18.   18.   18.
   18.   18. 
   18.   18. 1300. 1300. 1614. 1614. 1614. 1300. 1300. 1300. 1300. 1300.
 1300.   18.   18.   18.   18.   18.   18.   18.   18.   18.   18.   18.
   18.   18. 
   18.   18.   18. 1300. 1614. 1614. 1614. 1300. 1300. 1300. 1300. 1300.
   18.   18.   18.   18.   18.   18.   18.   18.   18.   18.   18. 1300.
 1614. 1614. 
 1614. 1300.   18. 1300. 1300. 1300. 1300. 1300. 1300.   18.   18.   18.
   18.   18. 1300. 1300. 1614. 1614. 1614. 1614. 1614. 1614. 1300. 1300.
 1300. 1300. 
   18.   18.   18.   18.   18.   18.   18.   18.   18.   18.   18.   18.
   18.   18.   18. 1300. 1300. 1614. 1614. 1614. 1614. 1614. 1614. 1300.
 1300.   18. 
   18.   18.   18.   18.   18.   18.   18.   18.   18. 1300. 1614. 1614.
 1614. 1300. 1300. 1300. 1614. 1614. 1614. 1614. 1614. 1300.   18.   18.
   18.   18. 
 1300. 1300. 1300. 1614. 1614. 1614. 1614. 1614. 1614. 1614. 1300. 1300.
 1300.   18.   18.   18.   18.   18.   18.   18.   18.   18.   18.   18.
   18.   18. 
   18.   18. 1300. 1614. 1614. 1614. 1614. 1614. 1614. 1614. 1300. 1300.
   18.   18.   18.   18.   18.   18.   18.   18.   18. 1300. 1614. 1614.
 1614. 1300. 
 1300. 1614. 1614. 1614. 1614. 1614. 1614. 1300. 1300.   18.   18.   18.
   18. 1300. 1300. 1300. 1300. 1300. 1614. 1614. 1614. 1614. 1614. 1300.
 1300. 1300. 
   18.   18.   18.   18.   18.   18.   18.   18.   18.   18.   18.   18.
   18.   18. 1300. 1300. 1300. 1614. 1614. 1614. 1614. 1614. 1614. 1300.
 1300.   18. 
   18.   18.   18.   18.   18.   18.   18. 1300. 1614. 1614. 1614. 1614.
 1614. 1614. 1614. 1614. 1614. 1614. 1614. 1614. 1300.   18.   18.   18.
   18.   18. 
   18. 1300. 1300. 1300. 1300. 1300. 1614. 1614. 1614. 1614. 1300. 1300.
   18.   18.   18.   18.   18.   18.   18.   18.   18.   18.   18.   18.
   18.   18. 
   18.   18. 1300. 1300. 1300. 1300. 1300. 1614. 1614. 1614. 1300.   18.
   18.   18.   18.   18.   18.   18.   18. 1300. 1614. 1614. 1614. 1614.
 1614. 1614. 
 1300. 1300. 1300. 1614. 1614. 1614. 1300.   18.   18.   18.   18.   18.
   18.   18.   18. 1300. 1300. 1300. 1614. 1614. 1614. 1614. 1300. 1300.
   18.   18. 
   18.   18.   18.   18.   18.   18.   18.   18.   18.   18.   18.   18.
   18.   18.   18.   18.   18. 1300. 1300. 1614. 1614. 1614. 1300.   18.
   18.   18. 
   18.   18.   18.   18.   18.   18. 1300. 1614. 1614. 1614. 1614. 1300.
 1300.   18. 1300. 1614. 1614. 1614. 1300.   18.   18.   18.   18.   18.
   18.   18. 
   18. 1300. 1300. 1300. 1614. 1614. 1614. 1614. 1300. 1300.   18.   18.
   18.   18.   18.   18.   18.   18.   18.   18.   18.   18.   18.   18.
   18.   18. 
   18.   18.   18. 1300. 1614. 1614. 1614. 1300. 1300.   18.   18.   18.
   18.   18.   18.   18.   18.   18.   18. 1300. 1300. 1300. 1300.   18.
   18. 1300. 
 1614. 1614. 1614. 1300.   18.   18.   18.   18.   18.   18.   18.   18.
   18. 1300. 1300. 1614. 1614. 1614. 1614. 1300. 1300.   18.   18.   18.
   18.   18. 
   18.   18.   18.   18.   18.   18.   18.   18.   18.   18.   18.   18.
   18.   18. 1300. 1300. 1614. 1614. 1614. 1300.   18.   18.   18.   18.
   18.   18. 
   18.   18.   18.   18.   18.   18.   18.   18.   18.   18.   18. 1300.
 1614. 1614. 1614. 1300.   18.   18.   18.   18.   18.   18.   18.   18.
 1300. 1300. 
 1300. 1614. 1614. 1614. 1300. 1300. 1300.   18.   18.   18.   18.   18.
   18.   18.   18.   18.   18.   18.   18.   18.   18.   18.   18.   18.
   18.   18. 
 1300. 1614. 1614. 1614. 1300. 1300.   18.   18.   18.   18.   18.   18.
   18.   18.   18.   18.   18.   18.   18.   18.   18.   18. 1300. 1614.
 1614. 1614. 
 1300. 1300.   18.   18.   18.   18.   18.   18.   18.   18. 1300. 1300.
 1614. 1614. 1614. 1614. 1300. 1300.   18.   18.   18.   18.   18.   18.
   18.   18. 
   18.   18.   18.   18.   18.   18.   18.   18.   18.   18.   18.   18.
 1300. 1614. 1614. 1614. 1300.   18.   18.   18.   18.   18.   18.   18.
   18.   18. 
   18.   18.   18.   18.   18.   18.   18.   18. 1300. 1614. 1614. 1614.
 1300.   18.   18.   18.   18.   18.   18.   18.   18. 1300. 1300. 1614.
 1614. 1614. 
 1614. 1300. 1300. 1300. 1300. 1300. 1300.   18.   18.   18.   18.   18.
   18.   18.   18.   18.   18.   18.   18.   18.   18.   18.   18.   18.
 1300. 1614. 
 1614. 1300. 1300.   18.   18.   18.   18.   18.   18.   18.   18.   18.
   18.   18.   18.   18.   18.   18.   18. 1300. 1614. 1614. 1614. 1300.
 1300.   18. 
   18.   18.   18.   18.   18.   18.   18. 1300. 1300. 1614. 1614. 1614.
 1300. 1300. 1300. 1300. 1300. 1300. 1300. 1300.   18.   18.   18.   18.
   18.   18. 
   18.   18.   18.   18.   18.   18.   18.   18.   18. 1300. 1300. 1614.
 1614. 1300. 1300.   18.   18.   18.   18.   18.   18.   18.   18.   18.
   18.   18. 
   18.   18.   18.   18.   18. 1300. 1614. 1614. 1614. 1614. 1300. 1300.
 1300.   18.   18.   18.   18.   18.   18.   18. 1300. 1614. 1614. 1614.
 1614. 1614. 
 1614. 1614. 1614. 1614. 1300. 1300. 1300.   18.   18.   18.   18.   18.
   18.   18.   18.   18.   18.   18.   18.   18.   18. 1300. 1614. 1614.
 1614. 1614. 
 1614. 1300. 1300. 1300.   18.   18.   18.   18.   18.   18.   18.   18.
   18.   18.   18.   18.   18.   18. 1300. 1614. 1614. 1614. 1614. 1614.
 1300. 1300. 
 1300.   18.   18.   18.   18.   18. 1300. 1300. 1614. 1614. 1614. 1614.
 1614. 1614. 1614. 1614. 1614. 1300. 1300. 1300.   18.   18.   18.   18.
   18.   18. 
   18.   18.   18.   18.   18.   18.   18. 1300. 1300. 1614. 1614. 1614.
 1614. 1614. 1614. 1614.   18.   18.   18.   18.   18.   18.   18.   18.
   18.   18. 
   18.   18.   18.   18. 1300. 1300. 1614. 1614. 1614. 1614. 1614. 1614.
 1300. 1300.   18.   18.   18.   18.   18. 1300. 1300. 1300. 1614. 1614.
 1614. 1614. 
 1614. 1614. 1614. 1614. 1300. 1300.   18.   18.   18.   18.   18.   18.
   18.   18.   18.   18.   18.   18.   18.   18. 1300. 1300. 1614. 1614.
 1614. 1614. 
 1614. 1614.   18.   18.   18.   18.   18.   18.   18.   18.   18.   18.
   18.   18.   18.   18.   18. 1300. 1300. 1300. 1614. 1614. 1614. 1614.
 1614. 1300. 
   18.   18.   18.   18.   18.   18. 1300. 1300. 1300. 1300. 1300. 1300.
 1300. 1614. 1614. 1614. 1300. 1300.   18.   18.   18.   18.   18.   18.
   18.   18. 
   18.   18.   18.   18.   18.   18.   18. 1300. 1300. 1300. 1300. 1614.
 1614. 1614.   18.   18.   18.   18.   18.   18.   18.   18.   18.   18.
   18.   18. 
   18.   18.   18.   18.   18. 1300. 1300. 1300. 1614. 1614. 1614. 1300.
   18.   18.   18.   18.   18.   18.   18.   18. 1300. 1300. 1300. 1300.
 1300. 1614. 
 1614. 1614. 1300. 1300.   18.   18.   18.   18.   18.   18.   18.   18.
   18.   18.   18.   18.   18.   18.   18.   18.   18. 1300. 1300. 1300.
 1300. 1300. 
   18.   18.   18.   18.   18.   18.   18.   18.   18.   18.   18.   18.
   18.   18.   18.   18.   18.   18. 1300. 1300. 1614. 1614. 1614. 1614.
 1300.   18. 
   18.   18.   18.   18.   18.   18.   18.   18.   18. 1300. 1300. 1614.
 1614. 1614. 1300. 1300.   18.   18.   18.   18.   18.   18.   18.   18.
   18.   18. 
   18.   18.   18.   18.   18.   18.   18.   18.   18.   18.   18. 1300.
   18.   18.   18.   18.   18.   18.   18.   18.   18.   18.   18.   18.
   18.   18. 
   18.   18.   18. 1300. 1300. 1614. 1614. 1614. 1614. 1300.   18.   18.
   18.   18.   18.   18.   18.   18.   18.   18.   18. 1300. 1300. 1614.
 1614. 1614. 
 1300. 1300.   18.   18.   18.   18.   18.   18.   18.   18.   18.   18.
   18.   18.   18.   18.   18.   18.   18.   18.   18.   18.   18. 1300.
   18.   18. 
   18.   18.   18.   18.   18.   18.   18.   18.   18.   18.   18.   18.
   18.   18. 1300. 1300. 1614. 1614. 1614. 1614. 1300. 1300.   18.   18.
   18.   18. 
   18.   18.   18.   18.   18.   18. 1300. 1300. 1300. 1614. 1614. 1614.
 1300. 1300. 1300. 1300. 1300. 1300. 1300.   18.   18.   18.   18.   18.
   18.   18. 
   18.   18.   18.   18.   18.   18.   18.   18.   18. 1300.   18.   18.
   18.   18.   18.   18.   18.   18.   18.   18.   18.   18.   18.   18.
   18. 1300. 
 1300. 1614. 1614. 1614. 1614. 1300. 1300.   18.   18.   18.   18.   18.
   18.   18.   18.   18.   18.   18. 1300. 1300. 1614. 1614. 1614. 1300.
 1300. 1300. 
 1300. 1300. 1300. 1300. 1300. 1300. 1300.   18.   18.   18.   18.   18.
   18.   18.   18.   18.   18.   18.   18.   18.   18. 1300.   18.   18.
   18.   18. 
   18.   18.   18.   18.   18.   18.   18.   18.   18.   18.   18. 1300.
 1614. 1614. 1614. 1614. 1300. 1300.   18.   18.   18.   18.   18.   18.
   18.   18. 
   18.   18.   18.   18. 1300. 1300. 1614. 1614. 1614. 1300. 1300. 1614.
 1614. 1614. 1614. 1614. 1300. 1300. 1300. 1300.   18.   18.   18.   18.
   18.   18. 
   18.   18.   18.   18.   18.   18.   18. 1300.   18.   18.   18.   18.
   18.   18.   18.   18.   18.   18.   18.   18.   18.   18.   18. 1300.
 1614. 1614. 
 1614. 1614. 1300. 1300.   18.   18.   18.   18.   18.   18.   18.   18.
   18.   18.   18.   18. 1300. 1300. 1614. 1614. 1614. 1614. 1614. 1614.
 1614. 1614. 
 1614. 1614. 1614. 1614. 1300. 1300.   18.   18.   18.   18.   18.   18.
   18.   18.   18.   18.   18.   18.   18.   18.   18.   18.   18.   18.
   18.   18. 
   18.   18.   18.   18.   18.   18.   18.   18.   18. 1300. 1300. 1614.
 1614. 1614. 1614. 1614. 1300.   18.   18.   18.   18.   18.   18.   18.
   18.   18. 
   18.   18. 1300. 1300. 1300. 1614. 1614. 1614. 1614. 1614. 1614. 1614.
 1614. 1614. 1614. 1614. 1300. 1300.   18.   18.   18.   18.   18.   18.
   18.   18. 
   18.   18.   18.   18.   18.   18.   18.   18.   18.   18.   18.   18.
   18.   18.   18.   18.   18.   18.   18.   18.   18.   18. 1300. 1300.
 1614. 1614. 
 1614. 1614. 1614. 1300.   18.   18.   18.   18.   18.   18.   18.   18.
   18.   18.   18. 1300. 1300. 1300. 1614. 1614. 1614. 1614. 1614. 1300.
 1300. 1614. 
 1614. 1614. 1300. 1300.   18.   18.   18.   18.   18.   18.   18.   18.
   18.   18.   18.   18.   18.   18.   18.   18.   18.   18.   18.   18.
   18.   18. 
   18.   18.   18.   18.   18.   18.   18.   18.   18. 1300. 1300. 1614.
 1614. 1614. 1614. 1300. 1300.   18.   18.   18.   18.   18.   18.   18.
   18.   18. 
   18. 1300. 1300. 1300. 1300. 1300. 1300. 1300. 1300. 1300. 1300. 1614.
 1614. 1614. 1300. 1300.   18.   18.   18.   18.   18.   18.   18.   18.
   18.   18. 
   18.   18.   18.   18.   18.   18.   18.   18.   18.   18.   18.   18.
   18.   18.   18.   18.   18.   18.   18.   18.   18.   18. 1300. 1300.
 1614. 1614. 
 1614. 1614. 1300.   18.   18.   18.   18.   18.   18.   18.   18.   18.
   18.   18.   18. 1300. 1300. 1300. 1300. 1300. 1300. 1300. 1300. 1614.
 1614. 1614. 
 1300. 1300.   18.   18.   18.   18.   18.   18.   18.   18.   18.   18.
   18.   18.   18.   18.   18.   18.   18.   18.   18.   18.   18.   18.
   18.   18. 
   18.   18.   18.   18.   18.   18.   18.   18.   18.   18. 1300. 1614.
 1614. 1614. 1300.   18.   18.   18.   18.   18.   18.   18.   18.   18.
   18.   18. 
   18.   18.   18.   18.   18.   18. 1300. 1300. 1614. 1614. 1614. 1300.
 1300. 1300.   18.   18.   18.   18.   18.   18.   18.   18.   18.   18.
   18.   18. 
   18.   18.   18.   18.   18.   18.   18.   18.   18.   18.   18.   18.
   18.   18.   18.   18.   18.   18.   18.   18.   18. 1300. 1614. 1614.
 1614. 1614. 
 1300.   18.   18.   18.   18.   18.   18.   18.   18.   18.   18.   18.
   18.   18.   18.   18.   18.   18. 1300. 1300. 1614. 1614. 1614. 1300.
 1300.   18. 
 1300.   18.   18.   18.   18.   18.   18.   18.   18.   18.   18.   18.
   18.   18.   18.   18.   18.   18.   18.   18.   18.   18.   18.   18.
   18.   18. 
   18.   18.   18.   18.   18.   18. 1300. 1614. 1614. 1614. 1614. 1300.
   18.   18.   18.   18.   18.   18.   18.   18.   18.   18.   18.   18.
   18.   18. 
   18.   18.   18. 1300. 1300. 1614. 1614. 1614. 1614. 1300. 1300. 1300.
 1300. 1300. 1300. 1300.   18.   18.   18.   18.   18.   18.   18.   18.
   18.   18. 
   18.   18.   18.   18.   18.   18.   18.   18.   18.   18.   18.   18.
   18.   18.   18.   18.   18. 1300. 1300. 1614. 1614. 1614. 1300. 1300.
   18.   18. 
   18.   18.   18.   18.   18.   18.   18.   18.   18.   18.   18.   18.
   18.   18.   18. 1300. 1300. 1614. 1614. 1614. 1614. 1300. 1300. 1300.
 1300. 1300. 
 1300. 1300. 1300.   18.   18.   18.   18.   18.   18.   18.   18.   18.
   18.   18.   18.   18.   18.   18.   18.   18.   18.   18.   18.   18.
   18.   18. 
   18.   18.   18. 1300. 1614. 1614. 1614. 1300. 1300.   18.   18.   18.
   18.   18.   18.   18.   18.   18.   18.   18.   18.   18.   18.   18.
   18.   18. 
   18.   18. 1300. 1614. 1614. 1614. 1614. 1614. 1614. 1614. 1614. 1614.
 1614. 1300. 1300.   18.   18.   18.   18.   18.   18.   18.   18.   18.
   18.   18. 
   18.   18.   18.   18.   18.   18.   18.   18.   18.   18.   18.   18.
   18.   18. 1300. 1300. 1614. 1614. 1300. 1300.   18. 1300. 1300. 1300.
 1300.   18. 
   18.   18.   18.   18.   18.   18.   18.   18.   18.   18.   18.   18.
   18.   18. 1300. 1300. 1614. 1614. 1614. 1614. 1614. 1614. 1614. 1614.
 1614. 1300. 
 1300. 1300.   18.   18.   18.   18.   18.   18.   18.   18.   18.   18.
   18.   18.   18.   18.   18.   18.   18.   18.   18.   18.   18.   18.
   18.   18. 
 1300. 1614. 1614. 1614. 1300. 1300. 1300. 1614. 1614. 1614. 1614. 1300.
   18.   18.   18.   18.   18.   18.   18.   18.   18.   18.   18.   18.
   18.   18. 
   18. 1300. 1300. 1300. 1300. 1300. 1300. 1300. 1300. 1614. 1614. 1300.
 1300. 1300.   18.   18.   18.   18.   18.   18.   18.   18.   18.   18.
   18.   18. 
   18.   18.   18.   18.   18.   18.   18.   18.   18.   18.   18.   18.
 1300. 1614. 1614. 1614. 1614. 1614. 1614. 1614. 1614. 1614. 1614. 1614.
   18.   18. 
   18.   18.   18.   18.   18.   18.   18.   18.   18.   18.   18.   18.
   18.   18. 1300. 1300. 1300. 1300. 1300. 1300. 1300. 1614. 1614. 1300.
 1300.   18. 
   18.   18.   18.   18.   18.   18.   18.   18.   18.   18.   18.   18.
   18.   18.   18.   18.   18.   18.   18.   18.   18.   18.   18.   18.
 1300. 1614. 
 1614. 1614. 1614. 1614. 1614. 1614. 1614. 1614. 1614. 1300.   18.   18.
   18.   18.   18.   18.   18.   18.   18.   18.   18.   18.   18.   18.
   18.   18. 
   18.   18.   18. 1300. 1300. 1300. 1614. 1614. 1614. 1300. 1300.   18.
   18.   18.   18.   18.   18.   18.   18.   18.   18.   18.   18.   18.
   18.   18. 
   18.   18.   18.   18.   18.   18.   18.   18.   18.   18.   18. 1300.
 1614. 1614. 1614. 1614. 1614. 1614. 1614. 1614. 1614. 1300.   18.   18.
   18.   18. 
   18.   18.   18.   18.   18.   18.   18.   18.   18.   18.   18.   18.
   18.   18. 1300. 1300. 1300. 1614. 1614. 1614. 1300. 1300. 1300.   18.
   18.   18. 
   18.   18.   18.   18.   18.   18.   18.   18.   18.   18.   18.   18.
   18.   18.   18.   18.   18.   18.   18.   18.   18.   18.   18.   18.
 1300. 1300. 
 1300. 1300. 1300. 1614. 1614. 1614. 1614. 1300.   18.   18.   18.   18.
   18.   18.   18.   18.   18.   18.   18.   18.   18.   18.   18.   18.
   18. 1300. 
 1300. 1300. 1614. 1614. 1614. 1614. 1300. 1300.   18.   18.   18.   18.
   18.   18.   18.   18.   18.   18.   18.   18.   18.   18.   18.   18.
   18.   18. 
   18.   18.   18.   18.   18.   18.   18.   18.   18.   18.   18.   18.
   18. 1300. 1614. 1614. 1614. 1614. 1300.   18.   18.   18.   18.   18.
   18.   18. 
   18.   18.   18.   18.   18.   18.   18.   18.   18.   18. 1300. 1300.
 1300. 1614. 1614. 1614. 1614. 1300. 1300. 1300.   18.   18.   18.   18.
   18.   18. 
   18.   18.   18.   18.   18.   18.   18.   18.   18.   18.   18.   18.
   18.   18.   18.   18.   18.   18.   18.   18.   18.   18.   18.   18.
   18. 1300. 
 1614. 1614. 1614. 1300. 1300. 1300. 1300. 1300. 1300. 1300.   18.   18.
   18.   18.   18.   18.   18.   18.   18.   18.   18.   18. 1300. 1300.
 1614. 1614. 
 1614. 1614. 1300. 1300. 1300.   18.   18.   18.   18.   18.   18.   18.
   18.   18.   18.   18.   18.   18.   18.   18.   18.   18.   18.   18.
   18.   18. 
   18.   18.   18.   18.   18.   18.   18.   18.   18.   18.   18. 1300.
 1614. 1614. 1614. 1614. 1614. 1614. 1614. 1614. 1614. 1614. 1300.   18.
   18.   18. 
   18.   18.   18.   18.   18.   18.   18.   18. 1300. 1300. 1300. 1614.
 1614. 1614. 1300. 1300. 1300. 1300.   18.   18.   18.   18.   18.   18.
   18.   18. 
   18.   18.   18.   18.   18.   18.   18.   18.   18.   18.   18.   18.
   18.   18.   18.   18.   18.   18.   18.   18.   18.   18.   18. 1300.
 1614. 1614. 
 1614. 1614. 1614. 1614. 1614. 1614. 1614. 1614. 1300.   18.   18.   18.
   18.   18.   18.   18.   18.   18.   18.   18.   18. 1300. 1300. 1300.
 1614. 1614. 
 1614. 1300. 1300. 1300. 1300.   18.   18.   18.   18.   18.   18.   18.
   18.   18.   18.   18.   18.   18.   18.   18.   18.   18.   18.   18.
   18.   18. 
   18.   18.   18.   18.   18.   18.   18.   18.   18.   18. 1300. 1614.
 1614. 1614. 1614. 1614. 1614. 1614. 1614. 1614. 1614. 1300.   18.   18.
   18.   18. 
   18.   18.   18.   18.   18.   18.   18.   18. 1300. 1300. 1614. 1614.
 1614. 1614. 1614. 1300. 1300. 1300.   18.   18.   18.   18.   18.   18.
   18.   18. 
   18.   18.   18.   18.   18.   18.   18.   18.   18.   18.   18.   18.
   18.   18.   18.   18.   18.   18.   18.   18.   18.   18.   18.   18.
 1300. 1300. 
 1300. 1300. 1300. 1300. 1614. 1614. 1614. 1300.   18.   18.   18.   18.
   18.   18.   18.   18.   18.   18.   18.   18. 1300. 1300. 1300. 1614.
 1614. 1614. 
 1614. 1614. 1300. 1300.   18.   18.   18.   18.   18.   18.   18.   18.
   18.   18.   18.   18.   18.   18.   18.   18.   18.   18.   18.   18.
   18.   18. 
   18.   18.   18.   18.   18.   18.   18.   18.   18.   18.   18.   18.
   18.   18.   18. 1300. 1614. 1614. 1614. 1300.   18.   18.   18.   18.
   18.   18. 
   18.   18.   18.   18.   18.   18.   18. 1300. 1300. 1300. 1300. 1614.
 1614. 1614. 1614. 1300. 1300.   18.   18.   18.   18.   18.   18.   18.
   18.   18. 
 18. 18. 18. 18. 18. 18. 18. 18. 18. 18. 18. 18. 18. 18. 18. 18. 18. 18.
 18. 18. 18. 18. 18. 18. 18. 18. 
   18. 1300. 1300. 1614. 1614. 1300.   18.   18.   18.   18.   18.   18.
   18.   18.   18.   18.   18.   18.   18.   18. 1300. 1300. 1300. 1300.
 1614. 1614. 
 1614. 1300. 1300.   18.   18.   18.   18.   18.   18.   18.   18.   18.
   18.   18.   18.   18.   18.   18.   18.   18.   18.   18.   18.   18.
   18.   18. 
   18.   18.   18.   18.   18.   18.   18.   18.   18.   18.   18.   18.
   18. 1300. 1614. 1614. 1614. 1300.   18.   18.   18.   18.   18.   18.
   18.   18. 
   18.   18.   18.   18.   18.   18.   18. 1300. 1300. 1614. 1614. 1614.
 1614. 1300. 1300.   18.   18.   18.   18.   18.   18.   18.   18.   18.
   18.   18. 
   18.   18.   18.   18.   18.   18.   18.   18.   18.   18.   18.   18.
   18.   18.   18.   18.   18.   18.   18.   18.   18.   18.   18.   18.
   18. 1300. 
 1614. 1614. 1614. 1300.   18.   18.   18.   18.   18.   18.   18.   18.
   18.   18.   18.   18.   18.   18. 1300. 1300. 1614. 1614. 1614. 1614.
 1300. 1300. 
 18. 18. 18. 18. 18. 18. 18. 18. 18. 18. 18. 18. 18. 18. 18. 18. 18. 18.
 18. 18. 18. 18. 18. 18. 18. 18. 
   18.   18.   18.   18.   18.   18.   18.   18.   18.   18.   18. 1300.
 1614. 1614. 1614. 1300.   18.   18.   18.   18.   18.   18.   18.   18.
   18.   18. 
   18.   18.   18.   18. 1300. 1300. 1614. 1614. 1614. 1300. 1300. 1300.
   18.   18.   18.   18.   18.   18.   18.   18.   18.   18.   18.   18.
   18.   18. 
   18.   18.   18.   18.   18.   18.   18.   18.   18.   18.   18.   18.
   18.   18.   18.   18.   18.   18.   18.   18.   18.   18. 1300. 1614.
 1614. 1614. 
 1300.   18.   18.   18.   18.   18.   18.   18.   18.   18.   18.   18.
   18.   18.   18. 1300. 1300. 1300. 1614. 1614. 1300. 1300. 1300.   18.
   18.   18. 
 18. 18. 18. 18. 18. 18. 18. 18. 18. 18. 18. 18. 18. 18. 18. 18. 18. 18.
 18. 18. 18. 18. 18. 18. 18. 18. 
   18.   18.   18.   18.   18.   18.   18.   18. 1300. 1614. 1614. 1614.
 1300. 1300.   18.   18.   18.   18.   18.   18.   18.   18.   18.   18.
   18.   18. 
   18. 1300. 1300. 1614. 1614. 1614. 1300. 1300.   18.   18.   18.   18.
   18.   18.   18.   18.   18.   18.   18.   18.   18.   18.   18.   18.
   18.   18. 
   18.   18.   18.   18.   18.   18.   18.   18.   18.   18.   18.   18.
   18.   18.   18.   18.   18.   18.   18.   18. 1300. 1614. 1614. 1614.
 1614. 1300. 
 1300. 1300. 1300. 1300.   18.   18.   18.   18.   18.   18.   18.   18.
   18. 1300. 1300. 1614. 1614. 1614. 1300. 1300. 1300. 1300.   18.   18.
   18.   18. 
 18. 18. 18. 18. 18. 18. 18. 18. 18. 18. 18. 18. 18. 18. 18. 18. 18. 18.
 18. 18. 18. 18. 18. 18. 18. 18. 
   18.   18.   18.   18.   18.   18.   18. 1300. 1614. 1614. 1614. 1614.
 1614. 1614. 1614. 1614. 1300. 1300.   18.   18.   18.   18.   18.   18.
   18. 1300. 
 1300. 1614. 1614. 1614. 1300. 1300. 1300. 1300. 1300. 1300. 1300.   18.
   18.   18.   18.   18.   18.   18.   18.   18.   18.   18.   18.   18.
   18.   18. 
   18.   18.   18.   18.   18.   18.   18.   18.   18.   18.   18.   18.
   18.   18.   18.   18.   18.   18.   18. 1300. 1300. 1300. 1614. 1614.
 1614. 1614. 
 1614. 1614. 1614. 1300.   18.   18.   18.   18.   18.   18.   18.   18.
 1300. 1300. 1614. 1614. 1614. 1614. 1614. 1614. 1300. 1300. 1300. 1300.
   18.   18. 
 18. 18. 18. 18. 18. 18. 18. 18. 18. 18. 18. 18. 18. 18. 18. 18. 18. 18.
 18. 18. 18. 18. 18. 18. 18. 18. 
   18.   18.   18.   18.   18.   18.   18. 1300. 1300. 1300. 1300. 1614.
 1614. 1614. 1614. 1300.   18.   18.   18.   18.   18.   18.   18.   18.
 1300. 1300. 
 1614. 1614. 1614. 1614. 1614. 1614. 1614. 1614. 1300. 1300. 1300.   18.
   18.   18. 
/