PERMI
 1741. 1741. 1741. 1741. 1741. 1741. 1741. 1741.   25.   25.   25.   25.
   25. 1741. 1741. 1741. 2887. 2887. 2887. 2887. 1741. 1741. 1741.   25.
   25.   25. 
 25. 25. 25. 25. 25. 25. 25. 25. 25. 25. 25. 25. 25. 25. 25. 25. 25. 25.
 25. 25. 25. 25. 25. 25. 25. 25. 
   25.   25.   25.   25.   25. 1741. 2887. 2887. 2887. 2887. 1741. 1741.
 1741. 1741. 1741. 1741. 1741. 1741.   25.   25.   25.   25.   25.   25.
   25.   25. 
 1741. 1741. 1741. 2887. 2887. 2887. 2887. 1741. 1741.   25.   25.   25.
   25.   25.   25.   25.   25.   25.   25.   25.   25.   25.   25.   25.
   25.   25. 
   25.   25.   25.   25.   25.   25.   25.   25.   25.   25.   25.   25.
   25.   25.   25.   25.   25. 1741. 1741. 2887. 2887. 2887. 1741. 1741.
 1741. 1741. 
 2887. 1741. 1741.   25.   25.   25.   25.   25.   25.   25.   25.   25.
   25. 1741. 1741. 1741. 2887. 2887. 2887. 2887. 1741.   25.   25.   25.
   25.   25. 
 25. 25. 25. 25. 25. 25. 25. 25. 25. 25. 25. 25. 25. 25. 25. 25. 25. 25.
 25. 25. 25. 25. 25. 25. 25. 25. 
   25.   25.   25.   25. 1741. 2887. 2887. 2887. 2887. 1741. 2887. 1741.
 1741. 1741. 1741.   25.   25.   25.   25.   25.   25.   25.   25.   25.
   25.   25. 
 1741. 1741. 1741. 2887. 2887. 2887. 1741. 1741.   25.   25.   25.   25.
   25.   25.   25.   25.   25.   25.   25.   25.   25.   25.   25.   25.
   25.   25. 
   25.   25.   25.   25.   25.   25.   25.   25.   25.   25.   25.   25.
   25.   25.   25.   25. 1741. 1741. 2887. 2887. 2887. 1741. 2887. 1741.
 1741. 1741. 
 1741.   25.   25.   25.   25.   25.   25.   25.   25. 1741. 1741. 1741.
 1741. 1741. 2887. 2887. 2887. 1741. 1741.   25.   25.   25.   25.   25.
   25.   25. 
 25. 25. 25. 25. 25. 25. 25. 25. 25. 25. 25. 25. 25. 25. 25. 25. 25. 25.
 25. 25. 25. 25. 25. 25. 25. 25. 
 1741. 1741. 1741. 1741. 2887. 2887. 2887. 1741. 2887. 2887. 2887. 1741.
 1741.   25.   25.   25.   25.   25.   25. 1741. 1741. 1741. 1741. 1741.
 2887. 2887. 
 2887. 2887. 2887. 1741. 1741.   25.   25.   25.   25.   25.   25.   25.
   25.   25.   25.   25.   25.   25.   25.   25.   25.   25.   25.   25.
   25.   25. 
   25.   25.   25.   25.   25.   25.   25.   25.   25.   25. 1741. 1741.
 1741. 1741. 2887. 2887. 2887. 2887. 1741. 1741. 2887. 2887. 2887. 1741.
 1741. 1741. 
   25.   25.   25.   25. 1741. 1741. 1741. 2887. 2887. 2887. 2887. 2887.
 2887. 2887. 1741. 1741.   25.   25.   25.   25.   25.   25.   25.   25.
   25.   25. 
   25.   25.   25.   25.   25.   25.   25.   25.   25.   25.   25.   25.
   25.   25.   25.   25.   25.   25.   25.   25. 1741. 1741. 1741. 1741.
 2887. 2887. 
 2887. 2887. 2887. 2887. 1741. 1741. 2887. 2887. 2887. 2887. 1741. 1741.
   25.   25.   25.   25. 1741. 2887. 2887. 2887. 2887. 2887. 2887. 2887.
 1741. 1741. 
 1741.   25.   25.   25.   25.   25.   25.   25.   25.   25.   25.   25.
   25.   25.   25.   25.   25.   25.   25.   25.   25.   25.   25.   25.
   25.   25. 
   25.   25.   25.   25.   25. 1741. 1741. 1741. 2887. 2887. 2887. 2887.
 2887. 2887. 1741. 1741. 1741.   25. 1741. 2887. 2887. 2887. 2887. 1741.
   25.   25. 
   25. 1741. 1741. 2887. 2887. 2887. 2887. 1741. 1741. 1741. 1741. 1741.
   25.   25.   25.   25.   25.   25.   25.   25.   25.   25.   25.   25.
   25.   25. 
   25.   25.   25.   25.   25.   25.   25.   25.   25.   25.   25.   25.
   25.   25.   25.   25.   25. 1741. 2887. 2887. 2887. 2887. 2887. 2887.
 2887. 1741. 
 1741. 1741.   25.   25. 1741. 2887. 2887. 2887. 2887. 1741.   25.   25.
   25. 1741. 1741. 2887. 2887. 2887. 1741. 1741. 1741. 1741.   25.   25.
   25.   25. 
 25. 25. 25. 25. 25. 25. 25. 25. 25. 25. 25. 25. 25. 25. 25. 25. 25. 25.
 25. 25. 25. 25. 25. 25. 25. 25. 
   25.   25. 1741. 1741. 2887. 2887. 2887. 2887. 1741. 1741. 1741. 1741.
   25.   25.   25.   25. 2887. 2887. 2887. 2887. 2887. 1741.   25.   25.
   25. 1741. 
 1741. 2887. 2887. 2887. 1741.   25.   25.   25.   25.   25.   25.   25.
   25.   25.   25.   25.   25.   25.   25.   25.   25.   25.   25.   25.
   25.   25. 
   25.   25.   25.   25.   25.   25.   25.   25.   25.   25.   25.   25.
   25.   25. 1741. 1741. 2887. 2887. 2887. 1741. 1741. 1741. 1741.   25.
   25.   25. 
   25.   25. 2887. 2887. 2887. 2887. 1741. 1741.   25.   25.   25. 1741.
 1741. 2887. 2887. 2887. 1741.   25.   25.   25.   25.   25.   25.   25.
   25.   25. 
 25. 25. 25. 25. 25. 25. 25. 25. 25. 25. 25. 25. 25. 25. 25. 25. 25. 25.
 25. 25. 25. 25. 25. 25. 25. 25. 
 1741. 1741. 2887. 2887. 2887. 2887. 2887. 1741. 1741. 1741.   25.   25.
   25.   25. 2887. 2887. 1741. 1741. 1741.   25.   25.   25.   25.   25.
 1741. 2887. 
 2887. 2887. 1741.   25.   25.   25.   25.   25.   25.   25.   25.   25.
   25.   25.   25.   25.   25.   25.   25.   25.   25.   25.   25.   25.
   25.   25. 
   25.   25.   25.   25.   25.   25.   25.   25.   25.   25.   25.   25.
   25. 1741. 1741. 2887. 2887. 2887. 2887. 2887. 2887. 1741. 1741.   25.
   25.   25. 
 1741. 1741. 1741. 1741.   25.   25.   25.   25.   25.   25. 1741. 2887.
 2887. 2887. 1741. 1741.   25.   25.   25.   25.   25.   25.   25.   25.
   25.   25. 
   25.   25.   25.   25.   25.   25.   25.   25.   25.   25.   25.   25.
   25.   25.   25.   25.   25.   25.   25.   25.   25.   25.   25.   25.
   25. 1741. 
 1741. 1741. 2887. 2887. 2887. 2887. 2887. 1741. 1741. 1741.   25.   25.
 1741. 1741. 1741. 1741. 1741.   25.   25.   25.   25.   25. 1741. 1741.
 2887. 2887. 
 1741. 1741.   25.   25.   25.   25.   25.   25.   25.   25.   25.   25.
   25.   25.   25.   25.   25.   25.   25.   25.   25.   25.   25.   25.
   25.   25. 
   25.   25.   25.   25.   25.   25.   25.   25.   25.   25.   25.   25.
   25. 1741. 1741. 2887. 2887. 2887. 2887. 2887. 1741. 1741.   25.   25.
 1741. 1741. 
 1741. 1741. 1741. 1741.   25.   25.   25.   25. 1741. 1741. 2887. 2887.
 1741. 1741.   25.   25.   25.   25.   25.   25.   25.   25.   25.   25.
   25.   25. 
 25. 25. 25. 25. 25. 25. 25. 25. 25. 25. 25. 25. 25. 25. 25. 25. 25. 25.
 25. 25. 25. 25. 25. 25. 25. 25. 
 1741. 1741. 1741. 2887. 2887. 2887. 2887. 1741.   25.   25. 2887. 2887.
 2887. 2887. 2887. 1741. 1741. 1741. 1741. 1741. 1741. 1741. 2887. 2887.
 1741. 1741. 
 25. 25. 25. 25. 25. 25. 25. 25. 25. 25. 25. 25. 25. 25. 25. 25. 25. 25.
 25. 25. 25. 25. 25. 25. 25. 25. 
   25.   25.   25.   25.   25.   25.   25.   25.   25.   25.   25.   25.
   25. 1741. 1741. 1741. 2887. 2887. 2887. 1741.   25.   25. 2887. 2887.
 2887. 2887. 
 2887. 1741. 1741. 1741. 1741. 2887. 2887. 2887. 2887. 2887. 1741. 1741.
   25.   25.   25.   25.   25.   25.   25.   25.   25.   25.   25.   25.
   25.   25. 
   25.   25.   25.   25.   25.   25.   25.   25.   25.   25.   25.   25.
   25.   25.   25.   25.   25.   25.   25.   25.   25.   25.   25.   25.
   25. 1741. 
 1741. 2887. 2887. 2887. 2887. 1741.   25.   25. 1741. 2887. 2887. 2887.
 1741. 1741. 1741. 2887. 2887. 2887. 2887. 2887. 2887. 1741. 1741. 1741.
   25.   25. 
 25. 25. 25. 25. 25. 25. 25. 25. 25. 25. 25. 25. 25. 25. 25. 25. 25. 25.
 25. 25. 25. 25. 25. 25. 25. 25. 
   25.   25.   25.   25.   25.   25.   25.   25.   25.   25. 1741. 1741.
 2887. 2887. 2887. 2887. 1741. 1741.   25.   25. 1741. 1741. 2887. 2887.
 1741. 1741. 
 2887. 2887. 2887. 2887. 2887. 2887. 1741. 1741. 1741.   25.   25.   25.
   25.   25.   25.   25.   25.   25.   25.   25.   25.   25.   25.   25.
   25.   25. 
   25.   25.   25.   25.   25.   25.   25.   25.   25.   25.   25.   25.
   25.   25.   25.   25.   25.   25.   25.   25.   25.   25. 1741. 1741.
 2887. 2887. 
 2887. 2887. 1741.   25.   25.   25. 1741. 2887. 2887. 1741. 1741. 2887.
 2887. 2887. 2887. 1741. 1741. 1741. 1741. 1741.   25.   25.   25.   25.
   25.   25. 
 25. 25. 25. 25. 25. 25. 25. 25. 25. 25. 25. 25. 25. 25. 25. 25. 25. 25.
 25. 25. 25. 25. 25. 25. 25. 25. 
   25.   25.   25.   25.   25.   25.   25. 1741. 1741. 2887. 2887. 2887.
 2887. 1741. 1741.   25.   25.   25. 2887. 2887. 2887. 1741. 1741. 2887.
 2887. 2887. 
 1741. 1741. 1741. 1741.   25.   25.   25.   25.   25.   25.   25.   25.
   25.   25.   25.   25.   25.   25.   25.   25.   25.   25.   25.   25.
   25.   25. 
   25.   25.   25.   25.   25.   25.   25.   25.   25.   25.   25.   25.
   25.   25.   25.   25.   25.   25.   25. 1741. 1741. 2887. 2887. 2887.
 2887. 1741. 
   25.   25.   25.   25. 2887. 2887. 2887. 1741. 1741. 2887. 2887. 2887.
 1741. 1741.   25.   25.   25.   25.   25.   25.   25.   25.   25.   25.
   25.   25. 
 25. 25. 25. 25. 25. 25. 25. 25. 25. 25. 25. 25. 25. 25. 25. 25. 25. 25.
 25. 25. 25. 25. 25. 25. 25. 25. 
   25.   25.   25.   25.   25. 1741. 2887. 2887. 2887. 2887. 1741. 1741.
   25.   25.   25.   25. 2887. 2887. 2887. 1741. 1741. 2887. 2887. 2887.
 2887. 1741. 
 1741.   25.   25.   25.   25.   25.   25.   25.   25.   25.   25.   25.
   25.   25.   25.   25.   25.   25.   25.   25.   25.   25.   25.   25.
   25.   25. 
   25.   25.   25.   25.   25.   25.   25.   25.   25.   25.   25.   25.
   25.   25.   25.   25. 1741. 1741. 2887. 2887. 2887. 2887. 1741.   25.
   25.   25. 
   25.   25. 2887. 2887. 2887. 1741. 1741. 1741. 2887. 2887. 2887. 1741.
 1741. 1741.   25.   25.   25.   25.   25.   25.   25.   25.   25.   25.
   25.   25. 
 25. 25. 25. 25. 25. 25. 25. 25. 25. 25. 25. 25. 25. 25. 25. 25. 25. 25.
 25. 25. 25. 25. 25. 25. 25. 25. 
   25.   25.   25. 1741. 2887. 2887. 2887. 2887. 1741. 1741.   25.   25.
   25.   25. 2887. 2887. 1741. 1741. 1741. 1741. 2887. 2887. 2887. 2887.
 1741. 1741. 
 1741.   25.   25.   25.   25.   25.   25.   25.   25.   25.   25.   25.
   25.   25.   25.   25.   25.   25.   25.   25.   25.   25.   25.   25.
   25.   25. 
   25.   25.   25.   25.   25.   25.   25.   25.   25.   25.   25.   25.
   25.   25. 1741. 1741. 2887. 2887. 2887. 2887. 1741. 1741. 1741.   25.
   25.   25. 
 2887. 2887. 1741. 1741. 1741. 1741. 1741. 2887. 2887. 2887. 2887. 1741.
 1741. 1741.   25.   25.   25.   25.   25.   25.   25.   25.   25.   25.
   25.   25. 
 25. 25. 25. 25. 25. 25. 25. 25. 25. 25. 25. 25. 25. 25. 25. 25. 25. 25.
 25. 25. 25. 25. 25. 25. 25. 25. 
   25. 1741. 1741. 2887. 2887. 2887. 2887. 2887. 1741. 1741. 1741.   25.
 2887. 2887. 2887. 1741. 1741. 1741. 1741. 1741. 2887. 2887. 2887. 2887.
 1741. 1741. 
 25. 25. 25. 25. 25. 25. 25. 25. 25. 25. 25. 25. 25. 25. 25. 25. 25. 25.
 25. 25. 25. 25. 25. 25. 25. 25. 
   25.   25.   25.   25.   25.   25.   25.   25.   25.   25.   25.   25.
   25. 1741. 1741. 2887. 2887. 2887. 2887. 2887. 2887. 1741. 1741. 1741.
 2887. 2887. 
 2887. 2887. 2887. 1741. 1741. 1741. 2887. 2887. 2887. 2887. 1741. 1741.
 1741.   25.   25.   25.   25.   25.   25.   25.   25.   25.   25.   25.
   25.   25. 
 25. 25. 25. 25. 25. 25. 25. 25. 25. 25. 25. 25. 25. 25. 25. 25. 25. 25.
 25. 25. 25. 25. 25. 25. 25. 25. 
 1741. 1741. 1741. 2887. 2887. 2887. 2887. 2887. 1741. 1741. 2887. 2887.
 1741. 1741. 1741. 1741. 1741. 1741. 2887. 2887. 2887. 2887. 2887. 1741.
 1741.   25. 
 25. 25. 25. 25. 25. 25. 25. 25. 25. 25. 25. 25. 25. 25. 25. 25. 25. 25.
 25. 25. 25. 25. 25. 25. 25. 25. 
   25.   25.   25.   25.   25.   25.   25.   25.   25.   25.   25.   25.
   25.   25. 1741. 1741. 1741. 2887. 2887. 2887. 2887. 1741. 1741. 1741.
 1741. 1741. 
 1741. 2887. 2887. 2887. 2887. 2887. 2887. 2887. 1741. 1741.   25.   25.
   25.   25.   25.   25.   25.   25.   25.   25.   25.   25.   25.   25.
   25.   25. 
 25. 25. 25. 25. 25. 25. 25. 25. 25. 25. 25. 25. 25. 25. 25. 25. 25. 25.
 25. 25. 25. 25. 25. 25. 25. 25. 
   25. 1741. 1741. 1741. 2887. 2887. 2887. 2887. 1741. 1741. 1741. 2887.
 2887. 2887. 2887. 2887. 2887. 2887. 2887. 1741. 1741. 1741.   25.   25.
   25.   25. 
 25. 25. 25. 25. 25. 25. 25. 25. 25. 25. 25. 25. 25. 25. 25. 25. 25. 25.
 25. 25. 25. 25. 25. 25. 25. 25. 
   25.   25.   25.   25.   25.   25.   25.   25.   25.   25.   25.   25.
   25. 1741. 1741. 1741. 1741. 2887. 2887. 1741. 1741. 1741. 2887. 2887.
 2887. 2887. 
 2887. 2887. 2887. 1741. 1741. 1741. 1741.   25.   25.   25.   25.   25.
   25.   25.   25.   25.   25.   25.   25.   25.   25.   25.   25.   25.
   25.   25. 
   25.   25.   25.   25.   25.   25.   25.   25.   25.   25.   25.   25.
   25.   25.   25.   25.   25.   25.   25.   25.   25.   25.   25. 1741.
 1741. 1741. 
 1741. 2887. 2887. 2887. 2887. 1741. 1741. 1741. 2887. 2887. 2887. 2887.
 1741. 1741. 1741. 1741. 1741. 1741.   25.   25.   25.   25.   25.   25.
   25.   25. 
 25. 25. 25. 25. 25. 25. 25. 25. 25. 25. 25. 25. 25. 25. 25. 25. 25. 25.
 25. 25. 25. 25. 25. 25. 25. 25. 
   25.   25.   25.   25.   25.   25.   25.   25. 1741. 1741. 1741. 2887.
 2887. 2887. 2887. 2887. 2887. 1741. 1741. 1741. 2887. 2887. 2887. 2887.
 1741. 1741. 
 1741. 1741.   25.   25.   25.   25.   25.   25.   25.   25.   25.   25.
   25.   25.   25.   25.   25.   25.   25.   25.   25.   25.   25.   25.
   25.   25. 
   25.   25.   25.   25.   25.   25.   25.   25.   25.   25.   25.   25.
   25.   25.   25.   25.   25.   25.   25. 1741. 1741. 1741. 2887. 2887.
 2887. 2887. 
 2887. 2887. 1741. 1741. 1741. 1741. 2887. 2887. 2887. 2887. 1741. 1741.
 1741. 1741.   25.   25.   25.   25.   25.   25.   25.   25.   25.   25.
   25.   25. 
 25. 25. 25. 25. 25. 25. 25. 25. 25. 25. 25. 25. 25. 25. 25. 25. 25. 25.
 25. 25. 25. 25. 25. 25. 25. 25. 
   25.   25.   25.   25. 1741. 1741. 1741. 2887. 2887. 2887. 2887. 2887.
 1741. 1741. 1741.   25.   25. 1741. 1741. 2887. 2887. 2887. 2887. 1741.
 1741.   25. 
 25. 25. 25. 25. 25. 25. 25. 25. 25. 25. 25. 25. 25. 25. 25. 25. 25. 25.
 25. 25. 25. 25. 25. 25. 25. 25. 
   25.   25.   25.   25.   25.   25.   25.   25.   25.   25.   25.   25.
   25.   25.   25.   25. 1741. 1741. 2887. 2887. 2887. 2887. 1741. 1741.
 1741.   25. 
   25.   25. 1741. 1741. 1741. 2887. 2887. 2887. 2887. 1741. 1741. 1741.
   25.   25.   25.   25.   25.   25.   25.   25.   25.   25.   25.   25.
   25.   25. 
 25. 25. 25. 25. 25. 25. 25. 25. 25. 25. 25. 25. 25. 25. 25. 25. 25. 25.
 25. 25. 25. 25. 25. 25. 25. 25. 
   25.   25. 1741. 2887. 2887. 2887. 2887. 1741. 1741. 1741.   25.   25.
   25.   25. 1741. 2887. 1741. 1741. 2887. 2887. 2887. 2887. 1741. 1741.
   25.   25. 
 25. 25. 25. 25. 25. 25. 25. 25. 25. 25. 25. 25. 25. 25. 25. 25. 25. 25.
 25. 25. 25. 25. 25. 25. 25. 25. 
   25.   25.   25.   25.   25.   25.   25.   25.   25.   25.   25.   25.
   25.   25. 1741. 2887. 2887. 2887. 2887. 1741. 1741.   25.   25.   25.
   25.   25. 
 1741. 1741. 1741. 1741. 1741. 2887. 2887. 2887. 2887. 1741. 1741.   25.
   25.   25.   25.   25.   25.   25.   25.   25.   25.   25.   25.   25.
   25.   25. 
 25. 25. 25. 25. 25. 25. 25. 25. 25. 25. 25. 25. 25. 25. 25. 25. 25. 25.
 25. 25. 25. 25. 25. 25. 25. 25. 
 1741. 1741. 2887. 2887. 2887. 2887. 1741. 1741.   25.   25.   25.   25.
 1741. 1741. 1741. 1741. 2887. 2887. 2887. 2887. 2887. 1741. 1741.   25.
   25.   25. 
 25. 25. 25. 25. 25. 25. 25. 25. 25. 25. 25. 25. 25. 25. 25. 25. 25. 25.
 25. 25. 25. 25. 25. 25. 25. 25. 
   25.   25.   25.   25.   25.   25.   25.   25.   25.   25.   25.   25.
 1741. 1741. 2887. 2887. 2887. 2887. 2887. 1741. 1741.   25.   25.   25.
 1741. 2887. 
 2887. 2887. 2887. 2887. 2887. 2887. 2887. 1741. 1741.   25.   25.   25.
   25.   25.   25.   25.   25.   25.   25.   25.   25.   25.   25.   25.
   25.   25. 
   25.   25.   25.   25.   25.   25.   25.   25.   25.   25.   25.   25.
   25.   25.   25.   25.   25.   25.   25.   25.   25.   25.   25.   25.
   25. 1741. 
 1741. 2887. 2887. 2887. 2887. 2887. 1741. 1741.   25.   25. 2887. 2887.
 2887. 2887. 2887. 2887. 2887. 2887. 2887. 1741. 1741.   25.   25.   25.
   25.   25. 
 25. 25. 25. 25. 25. 25. 25. 25. 25. 25. 25. 25. 25. 25. 25. 25. 25. 25.
 25. 25. 25. 25. 25. 25. 25. 25. 
   25.   25.   25.   25.   25.   25.   25.   25.   25.   25.   25.   25.
 1741. 1741. 2887. 2887. 2887. 2887. 1741. 1741.   25.   25. 2887. 2887.
 2887. 2887. 
 2887. 2887. 2887. 1741. 1741. 1741.   25.   25.   25.   25.   25.   25.
   25.   25.   25.   25.   25.   25.   25.   25.   25.   25.   25.   25.
   25.   25. 
   25.   25.   25.   25.   25.   25.   25.   25.   25.   25.   25.   25.
   25.   25.   25.   25.   25.   25.   25.   25.   25.   25.   25.   25.
   25. 1741. 
 1741. 2887. 2887. 2887. 2887. 1741.   25.   25. 2887. 2887. 1741. 1741.
 1741. 1741. 1741. 1741. 1741.   25.   25.   25.   25.   25.   25.   25.
   25.   25. 
 25. 25. 25. 25. 25. 25. 25. 25. 25. 25. 25. 25. 25. 25. 25. 25. 25. 25.
 25. 25. 25. 25. 25. 25. 25. 25. 
   25.   25.   25.   25.   25.   25.   25.   25.   25.   25.   25. 1741.
 1741. 2887. 2887. 2887. 2887. 1741. 1741.   25. 1741. 1741. 1741. 1741.
 1741. 2887. 
 2887. 2887. 1741. 1741.   25.   25.   25.   25.   25.   25.   25.   25.
   25.   25.   25.   25.   25.   25.   25.   25.   25.   25.   25.   25.
   25.   25. 
   25.   25.   25.   25.   25.   25.   25.   25.   25.   25.   25.   25.
   25.   25.   25.   25.   25.   25.   25.   25.   25.   25.   25. 1741.
 1741. 2887. 
 2887. 2887. 2887. 1741. 1741.   25. 1741. 1741. 2887. 2887. 2887. 2887.
 2887. 1741. 1741.   25.   25.   25.   25.   25.   25.   25.   25.   25.
   25.   25. 
 25. 25. 25. 25. 25. 25. 25. 25. 25. 25. 25. 25. 25. 25. 25. 25. 25. 25.
 25. 25. 25. 25. 25. 25. 25. 25. 
   25.   25.   25.   25.   25.   25. 1741. 1741. 1741. 1741. 1741. 2887.
 2887. 2887. 2887. 1741. 1741.   25. 1741. 1741. 2887. 2887. 2887. 2887.
 2887. 1741. 
 1741.   25.   25.   25.   25.   25.   25.   25.   25.   25.   25.   25.
   25.   25.   25.   25.   25.   25.   25.   25.   25.   25.   25.   25.
   25.   25. 
   25.   25.   25.   25.   25.   25.   25.   25.   25.   25.   25.   25.
   25.   25.   25.   25. 1741. 1741. 1741. 1741. 1741. 2887. 2887. 2887.
 2887. 2887. 
 2887. 1741.   25.   25. 1741. 1741. 1741. 2887. 2887. 1741. 1741. 1741.
   25.   25.   25.   25.   25.   25.   25.   25.   25.   25.   25.   25.
   25.   25. 
 25. 25. 25. 25. 25. 25. 25. 25. 25. 25. 25. 25. 25. 25. 25. 25. 25. 25.
 25. 25. 25. 25. 25. 25. 25. 25. 
 1741. 1741. 1741. 2887. 2887. 2887. 2887. 2887. 2887. 2887. 2887. 2887.
 1741. 1741.   25.   25. 2887. 1741. 1741. 1741. 1741. 1741. 1741. 1741.
 1741.   25. 
 25. 25. 25. 25. 25. 25. 25. 25. 25. 25. 25. 25. 25. 25. 25. 25. 25. 25.
 25. 25. 25. 25. 25. 25. 25. 25. 
   25.   25.   25.   25.   25.   25.   25.   25.   25.   25.   25. 1741.
 1741. 1741. 2887. 2887. 2887. 2887. 2887. 2887. 2887. 2887. 2887. 2887.
 1741. 1741. 
   25.   25. 2887. 2887. 1741. 1741. 2887. 1741. 1741. 1741. 1741. 1741.
   25.   25.   25.   25.   25.   25.   25.   25.   25.   25.   25.   25.
   25.   25. 
   25.   25.   25.   25.   25.   25.   25.   25.   25.   25.   25.   25.
   25.   25.   25.   25.   25.   25.   25.   25.   25.   25. 1741. 1741.
 1741. 2887. 
 2887. 2887. 2887. 2887. 2887. 2887. 2887. 1741. 1741. 1741. 1741.   25.
   25.   25. 2887. 2887. 1741. 1741. 2887. 2887. 2887. 2887. 1741. 1741.
 1741.   25. 
 25. 25. 25. 25. 25. 25. 25. 25. 25. 25. 25. 25. 25. 25. 25. 25. 25. 25.
 25. 25. 25. 25. 25. 25. 25. 25. 
   25.   25.   25.   25.   25.   25.   25.   25. 1741. 1741. 2887. 2887.
 2887. 2887. 1741. 1741. 1741. 1741. 1741. 1741. 1741. 1741.   25.   25.
   25.   25. 
 2887. 2887. 1741. 1741. 1741. 2887. 2887. 2887. 2887. 1741. 1741.   25.
   25.   25.   25.   25.   25.   25.   25.   25.   25.   25.   25.   25.
   25.   25. 
   25.   25.   25.   25.   25.   25.   25.   25.   25.   25.   25.   25.
   25.   25.   25.   25.   25.   25.   25.   25. 1741. 1741. 2887. 2887.
 2887. 1741. 
 1741. 1741. 1741. 1741.   25.   25.   25.   25.   25.   25.   25.   25.
 2887. 2887. 2887. 1741. 1741. 2887. 2887. 2887. 2887. 1741. 1741.   25.
   25.   25. 
 25. 25. 25. 25. 25. 25. 25. 25. 25. 25. 25. 25. 25. 25. 25. 25. 25. 25.
 25. 25. 25. 25. 25. 25. 25. 25. 
   25.   25.   25.   25.   25.   25. 1741. 1741. 2887. 2887. 2887. 1741.
 1741.   25.   25.   25.   25.   25.   25.   25.   25.   25.   25.   25.
 2887. 2887. 
 2887. 1741. 1741. 2887. 2887. 2887. 2887. 1741. 1741.   25.   25.   25.
   25.   25.   25.   25.   25.   25.   25.   25.   25.   25.   25.   25.
   25.   25. 
   25.   25.   25.   25.   25.   25.   25.   25.   25.   25.   25.   25.
   25.   25.   25.   25.   25.   25. 1741. 1741. 2887. 2887. 2887. 2887.
 1741. 1741. 
   25.   25.   25.   25.   25.   25.   25.   25.   25.   25. 2887. 2887.
 1741. 1741. 2887. 2887. 2887. 2887. 1741. 1741.   25.   25.   25.   25.
   25.   25. 
 25. 25. 25. 25. 25. 25. 25. 25. 25. 25. 25. 25. 25. 25. 25. 25. 25. 25.
 25. 25. 25. 25. 25. 25. 25. 25. 
   25.   25.   25.   25.   25. 1741. 1741. 2887. 2887. 2887. 2887. 1741.
 1741.   25.   25.   25.   25.   25.   25.   25.   25.   25. 1741. 1741.
 1741. 1741. 
 2887. 2887. 2887. 1741. 1741. 1741.   25.   25.   25.   25.   25.   25.
   25.   25.   25.   25.   25.   25.   25.   25.   25.   25.   25.   25.
   25.   25. 
   25.   25.   25.   25.   25.   25.   25.   25.   25.   25.   25.   25.
   25.   25.   25.   25.   25. 1741. 1741. 2887. 2887. 2887. 2887. 2887.
 1741. 1741. 
   25.   25.   25.   25.   25.   25.   25.   25. 1741. 1741. 1741. 2887.
 2887. 2887. 1741. 1741. 1741.   25.   25.   25.   25.   25.   25.   25.
   25.   25. 
 25. 25. 25. 25. 25. 25. 25. 25. 25. 25. 25. 25. 25. 25. 25. 25. 25. 25.
 25. 25. 25. 25. 25. 25. 25. 25. 
   25.   25.   25.   25. 1741. 1741. 2887. 2887. 2887. 2887. 1741. 1741.
   25.   25.   25.   25.   25.   25.   25.   25. 1741. 2887. 2887. 2887.
 2887. 1741. 
 1741. 1741.   25.   25.   25.   25.   25.   25.   25.   25.   25.   25.
   25.   25.   25.   25.   25.   25.   25.   25.   25.   25.   25.   25.
   25.   25. 
   25.   25.   25.   25.   25.   25.   25.   25.   25.   25.   25.   25.
   25.   25.   25.   25.   25. 1741. 1741. 2887. 2887. 2887. 2887. 1741.
 1741.   25. 
   25.   25.   25.   25.   25.   25. 1741. 2887. 2887. 2887. 2887. 1741.
 1741. 1741.   25.   25.   25.   25.   25.   25.   25.   25.   25.   25.
   25.   25. 
 25. 25. 25. 25. 25. 25. 25. 25. 25. 25. 25. 25. 25. 25. 25. 25. 25. 25.
 25. 25. 25. 25. 25. 25. 25. 25. 
   25.   25. 1741. 1741. 1741. 1741. 2887. 2887. 2887. 1741. 1741.   25.
   25.   25.   25.   25.   25.   25. 1741. 2887. 2887. 2887. 2887. 2887.
 1741. 1741. 
 1741. 1741.   25.   25.   25.   25.   25.   25.   25.   25.   25.   25.
   25.   25.   25.   25.   25.   25.   25.   25.   25.   25.   25.   25.
   25.   25. 
   25.   25.   25.   25.   25.   25.   25.   25.   25.   25.   25. 1741.
 1741. 1741. 1741. 1741. 1741. 2887. 2887. 2887. 2887. 1741. 1741.   25.
   25.   25. 
   25.   25.   25.   25. 1741. 2887. 2887. 2887. 2887. 2887. 2887. 2887.
 1741. 1741. 1741.   25.   25.   25.   25.   25.   25.   25.   25.   25.
   25.   25. 
   25.   25.   25.   25.   25.   25.   25.   25.   25.   25.   25.   25.
   25.   25.   25.   25.   25.   25.   25.   25.   25.   25. 1741. 1741.
 1741. 2887. 
 2887. 2887. 2887. 2887. 2887. 2887. 2887. 1741. 1741.   25.   25.   25.
   25.   25.   25.   25. 1741. 1741. 2887. 2887. 2887. 2887. 2887. 2887.
 2887. 1741. 
 1741. 1741.   25.   25.   25.   25.   25.   25.   25.   25.   25.   25.
   25.   25.   25.   25.   25.   25.   25.   25.   25.   25.   25.   25.
   25.   25. 
   25.   25.   25.   25.   25.   25.   25. 1741. 1741. 2887. 2887. 2887.
 2887. 2887. 2887. 2887. 2887. 2887. 1741. 1741.   25.   25.   25.   25.
   25.   25. 
   25.   25. 1741. 1741. 1741. 1741. 2887. 2887. 2887. 2887. 2887. 2887.
 1741. 1741.   25.   25.   25.   25.   25.   25.   25.   25.   25.   25.
   25.   25. 
   25.   25.   25.   25.   25.   25.   25.   25.   25.   25.   25.   25.
   25.   25.   25.   25.   25.   25. 1741. 1741. 2887. 2887. 2887. 2887.
 2887. 2887. 
 2887. 2887. 1741. 1741. 1741. 1741.   25.   25.   25.   25.   25.   25.
   25.   25. 
/