PERMI
 2465. 2465.   22.   22.   22.   22.   22.   22.   22.   22.   22.   22.
   22.   22.   22.   22.   22.   22.   22.   22.   22.   22.   22. 2465.
 2465. 3217. 
 3217. 3217. 3217. 2465. 2465. 2465. 3217. 2465. 2465. 3217. 3217. 3217.
 2465. 2465. 2465. 3217. 3217. 2465. 3217. 3217. 3217. 2465.   22.   22.
   22.   22. 
   22.   22. 2465. 3217. 3217. 3217. 2465. 2465. 3217. 3217. 3217. 3217.
 3217. 2465. 2465. 2465.   22.   22.   22.   22.   22.   22.   22.   22.
   22.   22. 
   22.   22.   22.   22.   22.   22.   22.   22.   22.   22.   22. 2465.
 2465. 2465. 2465. 2465. 3217. 3217. 3217. 3217. 3217. 2465. 3217. 3217.
 3217. 2465. 
 3217. 3217. 3217. 2465. 2465. 3217. 3217. 3217. 2465.   22.   22.   22.
   22. 2465. 2465. 2465. 2465. 2465. 2465. 3217. 3217. 3217. 3217. 3217.
 3217. 3217. 
 3217. 2465. 2465.   22.   22.   22.   22.   22.   22.   22.   22.   22.
   22.   22.   22.   22.   22.   22.   22.   22.   22.   22.   22. 2465.
 2465. 3217. 
 3217. 3217. 3217. 3217. 3217. 3217. 3217. 2465. 3217. 3217. 3217. 3217.
 3217. 3217. 2465.   22. 2465. 3217. 3217. 3217. 2465.   22.   22. 2465.
 2465. 3217. 
 3217. 3217. 3217. 3217. 2465. 2465. 3217. 3217. 2465. 2465. 3217. 3217.
 3217. 3217. 2465. 2465.   22.   22.   22.   22. 2465. 2465. 2465. 2465.
 2465. 2465. 
 2465. 2465. 2465.   22.   22.   22.   22.   22. 2465. 2465. 3217. 3217.
 3217. 3217. 2465. 2465. 2465. 3217. 3217. 3217. 2465. 3217. 3217. 3217.
 3217. 2465. 
 2465.   22. 2465. 2465. 3217. 3217. 2465. 2465. 2465. 3217. 3217. 3217.
 3217. 3217. 3217. 3217. 3217. 2465. 2465. 2465.   22.   22. 2465. 2465.
 3217. 3217. 
 3217. 2465. 2465.   22.   22. 2465. 2465. 3217. 3217. 3217. 3217. 3217.
 3217. 3217. 2465. 2465.   22.   22.   22.   22. 2465. 3217. 3217. 3217.
 3217. 2465. 
 2465.   22.   22. 2465. 2465. 3217. 2465. 2465. 2465. 2465. 2465. 2465.
 2465. 2465. 2465. 2465. 3217. 3217. 3217. 3217. 3217. 3217. 3217. 3217.
 3217. 2465. 
 2465. 3217. 3217. 3217. 2465. 2465.   22.   22.   22. 2465. 2465. 3217.
 3217. 3217. 2465. 2465. 2465. 3217. 3217. 3217. 3217. 3217. 3217. 3217.
 3217. 3217. 
 3217. 3217. 2465. 2465.   22. 2465. 3217. 3217. 3217. 3217. 2465. 2465.
   22.   22.   22.   22. 2465. 2465. 3217. 3217. 3217. 2465. 2465. 2465.
 3217. 3217. 
 3217. 2465. 2465. 3217. 3217. 3217. 3217. 3217. 3217. 2465. 2465.   22.
 2465. 2465. 3217. 3217. 3217. 2465. 2465. 2465.   22.   22. 2465. 2465.
 3217. 3217. 
 3217. 3217. 3217. 3217. 3217. 3217. 3217. 2465. 2465. 2465. 2465. 3217.
 3217. 3217. 3217. 3217. 2465. 3217. 3217. 3217. 3217. 2465.   22.   22.
   22.   22. 
   22.   22.   22. 2465. 2465. 3217. 3217. 3217. 3217. 3217. 3217. 3217.
 3217. 3217. 2465. 2465. 2465. 2465. 2465. 2465. 2465.   22.   22.   22.
   22. 2465. 
 2465. 3217. 3217. 3217. 2465. 2465.   22.   22.   22. 2465. 2465. 3217.
 3217. 3217. 3217. 3217. 3217. 2465. 2465.   22.   22.   22.   22. 2465.
 3217. 3217. 
 3217. 3217. 3217. 3217. 3217. 3217. 2465.   22.   22.   22.   22.   22.
   22.   22.   22.   22. 2465. 2465. 3217. 3217. 3217. 3217. 3217. 3217.
 3217. 3217. 
 3217. 3217. 3217. 2465. 3217. 2465.   22.   22.   22.   22.   22.   22.
 2465. 3217. 3217. 3217. 3217. 3217.   22.   22.   22.   22. 2465. 2465.
 3217. 3217. 
 3217. 2465. 2465. 2465.   22.   22.   22.   22.   22.   22. 2465. 2465.
 3217. 3217. 3217. 3217. 2465. 2465.   22.   22.   22.   22.   22.   22.
   22.   22. 
   22.   22.   22. 2465. 2465. 2465. 3217. 2465. 2465. 2465. 2465. 2465.
 2465. 2465. 2465. 3217. 3217. 2465.   22.   22.   22.   22.   22.   22.
   22. 2465. 
 3217. 3217. 3217. 3217.   22.   22.   22.   22.   22. 2465. 2465. 2465.
 2465. 2465. 2465. 2465.   22.   22.   22.   22.   22.   22.   22.   22.
 2465. 2465. 
 2465. 2465.   22.   22.   22.   22.   22.   22.   22.   22.   22.   22.
   22.   22.   22.   22.   22. 2465. 2465. 2465.   22.   22.   22.   22.
   22.   22. 
 2465. 3217. 3217. 3217. 2465.   22.   22.   22. 2465. 2465. 2465. 2465.
 2465. 2465. 2465. 2465. 2465.   22.   22.   22.   22. 2465. 2465. 3217.
 3217. 3217. 
 2465. 2465.   22.   22.   22.   22.   22.   22.   22.   22.   22.   22.
   22.   22.   22.   22.   22.   22.   22.   22.   22.   22.   22.   22.
   22.   22. 
   22.   22.   22.   22.   22.   22.   22.   22.   22.   22.   22.   22.
 2465. 2465. 3217. 3217. 2465.   22.   22. 2465. 2465. 3217. 3217. 2465.
 2465.   22. 
   22.   22. 2465. 2465.   22.   22. 2465. 2465. 3217. 3217. 3217. 3217.
 3217. 2465. 2465.   22.   22.   22.   22.   22.   22.   22.   22.   22.
   22.   22. 
   22.   22.   22.   22.   22.   22.   22.   22.   22.   22.   22.   22.
   22.   22.   22.   22.   22.   22.   22.   22.   22.   22.   22.   22.
 2465. 2465. 
 3217. 3217. 2465.   22. 2465. 2465. 3217. 3217. 3217. 3217. 3217. 2465.
   22.   22. 2465. 2465. 2465. 2465. 2465. 3217. 3217. 3217. 2465. 3217.
 3217. 3217. 
 2465.   22.   22.   22. 2465. 2465. 2465. 2465. 2465.   22.   22.   22.
   22.   22.   22.   22.   22.   22.   22.   22.   22.   22.   22.   22.
   22.   22. 
   22.   22.   22.   22.   22.   22.   22.   22.   22.   22. 2465. 2465.
 3217. 3217. 2465. 2465. 2465. 3217. 3217. 3217. 3217. 3217. 3217. 3217.
 2465.   22. 
 3217. 2465. 3217. 3217. 3217. 3217. 3217. 2465. 2465. 2465. 3217. 3217.
 2465.   22. 2465. 2465. 2465. 3217. 3217. 3217. 2465. 2465. 2465.   22.
   22.   22. 
   22.   22.   22.   22.   22.   22.   22.   22.   22.   22.   22.   22.
   22.   22.   22.   22.   22.   22.   22.   22.   22.   22.   22. 2465.
 3217. 3217. 
 2465. 2465. 3217. 3217. 3217. 2465. 2465. 3217. 3217. 3217. 2465. 2465.
 3217. 2465. 2465. 3217. 3217. 3217. 2465. 2465. 2465. 2465. 3217. 3217.
 2465. 2465. 
 2465. 3217. 3217. 3217. 3217. 3217. 3217. 3217. 2465. 2465.   22.   22.
   22.   22.   22.   22.   22. 2465. 2465.   22.   22.   22.   22.   22.
   22.   22. 
   22.   22.   22.   22.   22.   22.   22.   22.   22. 2465. 3217. 3217.
 3217. 3217. 3217. 3217. 3217. 2465. 2465. 2465. 3217. 3217. 3217. 3217.
 3217. 2465. 
 2465. 3217. 2465. 2465. 2465.   22. 2465. 2465. 2465. 2465. 2465. 2465.
 3217. 3217. 3217. 3217. 2465. 3217. 3217. 3217. 3217. 2465.   22.   22.
   22.   22. 
   22.   22. 2465. 2465. 2465. 2465. 2465. 2465.   22.   22.   22.   22.
   22.   22.   22.   22.   22.   22.   22.   22.   22. 2465. 2465. 3217.
 3217. 3217. 
 3217. 2465. 2465.   22.   22. 2465. 2465. 3217. 3217. 3217. 3217. 3217.
 2465. 2465. 2465. 2465. 2465. 2465. 3217. 3217. 3217. 3217. 2465. 2465.
 3217. 3217. 
 2465. 2465. 2465. 2465. 2465. 3217. 3217. 2465.   22.   22.   22.   22.
 2465. 2465. 2465. 3217. 3217. 3217. 2465. 2465. 2465.   22.   22.   22.
   22.   22. 
   22.   22.   22.   22.   22.   22.   22.   22. 2465. 2465. 2465. 2465.
 2465. 2465.   22.   22.   22.   22. 2465. 2465. 3217. 3217. 3217. 3217.
 2465. 2465. 
 2465. 2465. 3217. 3217. 3217. 3217. 3217. 3217. 3217. 2465. 3217. 3217.
 2465.   22.   22.   22. 2465. 3217. 3217. 2465. 2465.   22.   22. 2465.
 2465. 3217. 
 3217. 3217. 3217. 3217. 3217. 3217. 2465. 2465.   22.   22.   22.   22.
   22.   22.   22.   22.   22.   22.   22.   22.   22.   22.   22. 2465.
 2465. 2465. 
   22.   22.   22.   22.   22.   22. 2465. 2465. 3217. 3217. 3217. 3217.
 3217. 3217. 3217. 3217. 3217. 3217. 2465. 3217. 3217. 3217. 2465. 2465.
 2465.   22. 
   22.   22. 2465. 3217. 3217. 3217. 2465. 2465. 2465. 2465. 3217. 3217.
 3217. 2465. 2465. 2465. 3217. 3217. 2465. 2465.   22.   22.   22.   22.
   22.   22. 
   22.   22.   22.   22.   22.   22.   22. 2465. 2465. 2465. 3217. 3217.
 2465. 2465.   22.   22.   22.   22.   22.   22. 2465. 3217. 3217. 3217.
 3217. 3217. 
 3217. 3217. 2465. 2465. 2465. 3217. 3217. 3217. 2465. 2465.   22.   22.
   22.   22. 2465. 3217. 2465. 2465. 2465. 2465. 2465. 3217. 3217. 3217.
 2465. 2465. 
 2465. 2465. 2465. 3217. 3217. 2465. 2465. 2465.   22.   22.   22.   22.
   22.   22. 2465. 2465. 2465. 2465. 2465. 3217. 3217. 3217. 3217. 3217.
 3217. 2465. 
 2465.   22.   22.   22.   22.   22. 2465. 2465. 2465. 3217. 3217. 3217.
 2465. 2465.   22.   22. 2465. 3217. 3217. 3217. 2465. 2465.   22.   22.
 2465. 2465. 
 2465. 2465. 3217. 3217. 3217. 3217. 3217. 2465. 2465. 2465. 2465.   22.
   22. 2465. 2465. 2465. 2465. 2465. 2465. 2465. 2465. 2465.   22.   22.
 2465. 2465. 
 2465. 2465. 2465. 2465. 3217. 3217. 3217. 3217. 3217. 3217. 3217. 3217.
 3217. 2465.   22.   22.   22.   22.   22. 2465. 2465. 2465. 2465. 2465.
 2465.   22. 
   22.   22.   22. 2465. 3217. 3217. 3217. 2465. 2465. 2465. 3217. 3217.
 3217. 3217. 3217. 3217. 3217. 3217. 3217. 3217. 2465. 2465. 2465.   22.
   22. 2465. 
 2465. 2465. 3217. 3217. 3217. 3217. 3217. 3217. 2465. 2465. 2465. 3217.
 2465. 2465. 3217. 3217. 3217. 3217. 3217. 2465. 2465. 2465. 3217. 3217.
 3217. 2465. 
 2465. 2465. 2465. 2465.   22.   22.   22.   22.   22.   22.   22.   22.
   22.   22.   22. 2465. 3217. 3217. 3217. 3217. 3217. 3217. 3217. 3217.
 3217. 3217. 
 3217. 3217. 3217. 3217. 3217. 3217. 3217. 2465.   22. 2465. 2465. 2465.
 3217. 3217. 3217. 3217. 3217. 3217. 3217. 3217. 3217. 2465. 3217. 3217.
 2465. 3217. 
 3217. 3217. 3217. 3217. 2465. 2465. 2465. 2465. 2465. 3217. 3217. 3217.
 2465. 2465. 2465. 2465.   22.   22.   22.   22.   22.   22.   22.   22.
   22.   22. 
   22.   22. 2465. 3217. 3217. 3217. 3217. 3217. 3217. 3217. 3217. 2465.
 2465. 2465. 2465. 2465. 3217. 3217. 3217. 2465. 2465. 2465. 3217. 3217.
 3217. 3217. 
 3217. 2465. 2465. 3217. 3217. 3217. 3217. 3217. 2465. 2465. 3217. 3217.
 3217. 3217. 2465. 2465. 2465. 2465. 2465. 2465. 2465. 2465. 3217. 3217.
 3217. 2465. 
 3217. 3217.   22.   22.   22.   22.   22.   22.   22.   22.   22.   22.
   22.   22.   22. 2465. 2465. 3217. 3217. 3217. 3217. 2465. 2465.   22.
   22.   22. 
   22. 2465. 3217. 3217. 3217. 2465. 3217. 3217. 3217. 3217. 3217. 2465.
 2465. 2465. 2465. 2465. 2465. 3217. 3217. 3217. 3217. 3217. 3217. 3217.
 3217. 2465. 
 3217. 3217. 3217. 3217. 3217. 3217. 3217. 2465. 3217. 3217. 3217. 3217.
 3217. 3217.   22.   22.   22.   22.   22.   22.   22.   22.   22.   22.
   22.   22. 
   22.   22. 2465. 2465. 2465. 2465. 2465.   22.   22.   22.   22.   22.
   22. 2465. 2465. 3217. 3217. 3217. 3217. 3217. 3217. 2465. 2465. 2465.
   22.   22. 
   22. 2465. 2465. 2465. 3217. 3217. 3217. 3217. 3217. 3217. 2465. 2465.
 2465. 3217. 3217. 3217. 3217. 3217. 3217. 3217. 2465. 2465. 3217. 3217.
 3217. 3217. 
 22. 22. 22. 22. 22. 22. 22. 22. 22. 22. 22. 22. 22. 22. 22. 22. 22. 22.
 22. 22. 22. 22. 22. 22. 22. 22. 
 2465. 3217. 3217. 3217. 3217. 3217. 2465. 2465.   22.   22.   22.   22.
   22.   22.   22. 2465. 2465. 3217. 3217. 3217. 3217. 2465.   22.   22.
 2465. 2465. 
 2465. 2465. 2465. 2465. 2465. 2465. 2465. 2465. 2465. 2465. 2465. 2465.
   22.   22.   22.   22.   22.   22.   22.   22.   22.   22.   22.   22.
   22.   22. 
   22.   22.   22.   22.   22.   22.   22.   22.   22.   22.   22.   22.
   22. 2465. 2465. 2465. 2465. 2465.   22.   22.   22.   22.   22.   22.
   22.   22. 
   22.   22.   22. 2465. 2465. 2465. 2465.   22.   22.   22.   22.   22.
 2465. 2465. 2465. 2465.   22.   22.   22.   22.   22.   22.   22. 2465.
   22.   22. 
 22. 22. 22. 22. 22. 22. 22. 22. 22. 22. 22. 22. 22. 22. 22. 22. 22. 22.
 22. 22. 22. 22. 22. 22. 22. 22. 
 22. 22. 22. 22. 22. 22. 22. 22. 22. 22. 22. 22. 22. 22. 22. 22. 22. 22.
 22. 22. 22. 22. 22. 22. 22. 22. 
   22.   22.   22.   22.   22.   22.   22.   22.   22. 2465.   22.   22.
   22.   22.   22.   22.   22.   22.   22.   22.   22.   22.   22.   22.
   22.   22. 
 22. 22. 22. 22. 22. 22. 22. 22. 22. 22. 22. 22. 22. 22. 22. 22. 22. 22.
 22. 22. 22. 22. 22. 22. 22. 22. 
   22.   22.   22.   22.   22.   22.   22.   22.   22.   22.   22.   22.
   22.   22.   22.   22.   22.   22.   22.   22.   22. 2465.   22.   22.
   22.   22. 
 22. 22. 22. 22. 22. 22. 22. 22. 22. 22. 22. 22. 22. 22. 22. 22. 22. 22.
 22. 22. 22. 22. 22. 22. 22. 22. 
 22. 22. 22. 22. 22. 22. 22. 22. 22. 22. 22. 22. 22. 22. 22. 22. 22. 22.
 22. 22. 22. 22. 22. 22. 22. 22. 
   22.   22.   22.   22.   22.   22.   22.   22. 2465. 2465.   22.   22.
   22.   22.   22.   22.   22.   22.   22.   22.   22.   22.   22.   22.
   22.   22. 
 22. 22. 22. 22. 22. 22. 22. 22. 22. 22. 22. 22. 22. 22. 22. 22. 22. 22.
 22. 22. 22. 22. 22. 22. 22. 22. 
   22.   22.   22.   22.   22.   22.   22.   22.   22.   22.   22.   22.
   22.   22.   22.   22.   22.   22.   22.   22. 3217. 2465. 2465.   22.
   22.   22. 
 22. 22. 22. 22. 22. 22. 22. 22. 22. 22. 22. 22. 22. 22. 22. 22. 22. 22.
 22. 22. 22. 22. 22. 22. 22. 22. 
 22. 22. 22. 22. 22. 22. 22. 22. 22. 22. 22. 22. 22. 22. 22. 22. 22. 22.
 22. 22. 22. 22. 22. 22. 22. 22. 
   22.   22.   22.   22.   22.   22. 3217. 3217. 2465. 2465.   22.   22.
 2465. 2465.   22.   22.   22.   22.   22.   22.   22.   22.   22.   22.
   22.   22. 
 22. 22. 22. 22. 22. 22. 22. 22. 22. 22. 22. 22. 22. 22. 22. 22. 22. 22.
 22. 22. 22. 22. 22. 22. 22. 22. 
   22.   22.   22.   22.   22.   22.   22.   22.   22.   22.   22.   22.
   22.   22.   22.   22.   22.   22. 3217. 3217. 3217. 2465. 2465. 2465.
 2465. 2465. 
 2465. 2465.   22.   22.   22.   22.   22.   22. 2465. 2465. 2465. 2465.
 2465.   22.   22.   22.   22.   22.   22.   22.   22.   22.   22.   22.
   22.   22. 
 22. 22. 22. 22. 22. 22. 22. 22. 22. 22. 22. 22. 22. 22. 22. 22. 22. 22.
 22. 22. 22. 22. 22. 22. 22. 22. 
   22.   22.   22.   22. 2465. 3217. 3217. 3217. 2465. 2465. 3217. 3217.
 3217. 2465. 2465.   22.   22.   22.   22. 2465. 3217. 3217. 3217. 3217.
 2465.   22. 
   22.   22.   22.   22.   22.   22. 2465. 2465. 2465. 2465.   22.   22.
   22.   22.   22.   22.   22.   22.   22.   22.   22.   22.   22.   22.
   22.   22. 
   22.   22.   22.   22.   22.   22.   22.   22.   22.   22.   22.   22.
   22.   22.   22.   22. 2465. 3217. 3217. 3217. 3217. 2465. 3217. 3217.
 3217. 3217. 
 2465. 2465.   22.   22. 2465. 3217. 3217. 3217. 3217. 3217. 3217. 2465.
 2465.   22.   22.   22.   22. 2465. 2465. 2465. 2465. 2465. 2465. 2465.
   22.   22. 
 22. 22. 22. 22. 22. 22. 22. 22. 22. 22. 22. 22. 22. 22. 22. 22. 22. 22.
 22. 22. 22. 22. 22. 22. 22. 22. 
   22.   22. 2465. 2465. 3217. 3217. 3217. 2465. 2465. 3217. 3217. 3217.
 3217. 2465. 2465. 2465. 2465. 2465. 2465. 2465. 2465. 2465. 3217. 3217.
 2465. 2465. 
 2465.   22. 2465. 2465. 3217. 3217. 3217. 3217. 3217. 2465. 2465.   22.
   22.   22.   22.   22.   22.   22.   22.   22.   22.   22.   22.   22.
   22.   22. 
   22.   22.   22.   22.   22.   22.   22.   22.   22.   22.   22.   22.
   22.   22. 3217. 2465. 2465. 3217. 3217. 3217. 2465. 2465. 2465. 2465.
 2465. 2465. 
 2465. 2465. 2465. 3217. 3217. 2465. 2465. 2465. 2465. 2465. 3217. 3217.
 2465. 2465. 2465. 3217. 3217. 3217. 3217. 3217. 3217. 3217. 2465. 2465.
   22.   22. 
 22. 22. 22. 22. 22. 22. 22. 22. 22. 22. 22. 22. 22. 22. 22. 22. 22. 22.
 22. 22. 22. 22. 22. 22. 22. 22. 
 3217. 3217. 2465. 3217. 3217. 3217. 3217. 2465. 2465. 2465. 2465. 3217.
 3217. 3217. 3217. 3217. 3217. 3217. 3217. 3217. 2465. 2465. 2465. 2465.
 2465. 3217. 
 3217. 3217. 3217. 2465. 2465. 2465. 3217. 3217. 3217. 2465.   22.   22.
   22.   22.   22.   22. 2465. 2465.   22.   22.   22.   22.   22.   22.
   22.   22. 
   22.   22.   22.   22.   22.   22.   22.   22.   22.   22.   22.   22.
 2465. 2465. 2465. 2465. 3217. 3217. 3217. 3217. 3217. 3217. 3217. 3217.
 3217. 3217. 
 2465. 3217. 3217. 3217. 3217. 3217. 3217. 3217. 2465. 2465. 3217. 3217.
 3217. 3217. 2465. 2465. 3217. 2465. 2465. 3217. 3217. 3217. 2465. 2465.
   22.   22. 
 2465. 2465. 2465. 2465. 2465. 2465.   22.   22.   22.   22.   22.   22.
   22.   22.   22.   22.   22.   22.   22.   22.   22.   22.   22.   22.
 2465. 3217. 
 3217. 2465. 2465. 2465. 3217. 3217. 3217. 3217. 3217. 3217. 2465. 2465.
 2465. 2465. 2465. 2465. 2465. 3217. 3217. 3217. 3217. 3217. 3217. 3217.
 3217. 2465. 
 2465. 2465. 2465. 2465. 2465. 3217. 3217. 3217. 2465. 2465. 2465. 2465.
 2465. 3217. 3217. 3217. 3217. 2465. 2465.   22.   22.   22.   22.   22.
   22.   22. 
   22.   22.   22.   22.   22.   22.   22.   22.   22.   22. 3217. 3217.
 3217. 3217. 2465. 2465. 2465. 2465. 2465. 2465. 2465. 2465. 2465. 2465.
 2465. 2465. 
 2465.   22. 2465. 2465. 2465. 3217. 3217. 3217. 3217. 3217. 2465. 2465.
   22. 2465. 2465. 2465. 2465. 2465. 3217. 3217. 2465. 2465. 2465. 2465.
 3217. 3217. 
 3217. 3217. 3217. 3217. 2465. 2465. 2465. 2465. 2465.   22.   22.   22.
   22.   22.   22.   22.   22.   22.   22.   22.   22.   22. 3217. 3217.
 2465. 2465. 
   22.   22.   22.   22.   22. 2465. 2465. 2465. 2465. 2465. 2465. 2465.
   22.   22.   22.   22. 2465. 2465. 2465. 2465. 2465. 2465. 2465. 2465.
 2465. 2465. 
 3217. 3217. 3217. 2465. 2465. 3217. 3217. 3217. 3217. 3217. 3217. 3217.
 2465. 2465. 3217. 3217. 3217. 2465. 3217. 3217. 2465. 2465.   22.   22.
   22.   22. 
   22. 2465. 2465.   22.   22.   22.   22.   22. 2465. 2465.   22.   22.
   22.   22.   22.   22.   22.   22.   22.   22.   22.   22.   22.   22.
   22.   22. 
   22.   22.   22.   22. 2465. 2465. 2465. 3217. 3217. 3217. 3217. 3217.
 3217. 3217. 3217. 2465. 2465. 3217. 3217. 3217. 3217. 3217. 3217. 2465.
 2465. 2465. 
 2465. 3217. 3217. 2465. 2465. 3217. 3217. 2465. 2465.   22.   22. 2465.
 3217. 3217. 3217. 2465.   22.   22.   22.   22. 2465.   22.   22.   22.
   22.   22. 
   22.   22.   22.   22.   22.   22.   22.   22.   22.   22.   22.   22.
   22.   22.   22.   22.   22. 2465. 3217. 3217. 3217. 3217. 3217. 3217.
 3217. 3217. 
 3217. 2465. 2465. 2465. 2465. 2465. 2465. 2465. 2465. 2465. 2465. 2465.
 2465. 3217. 3217. 2465. 2465. 2465. 3217. 3217. 2465. 2465. 2465. 3217.
 3217. 3217. 
 3217. 3217. 2465.   22.   22.   22.   22.   22.   22.   22.   22.   22.
   22.   22.   22.   22.   22.   22.   22.   22.   22.   22.   22.   22.
   22.   22. 
   22.   22.   22. 2465. 2465. 3217. 3217. 3217. 2465. 2465. 2465. 2465.
 2465. 2465. 2465. 3217. 3217. 2465. 2465. 3217. 3217. 2465. 3217. 3217.
 2465. 3217. 
 3217. 3217. 2465. 2465. 2465. 2465. 3217. 3217. 3217. 2465. 2465. 2465.
 3217. 3217. 3217. 2465.   22.   22.   22.   22.   22.   22.   22.   22.
   22.   22. 
   22.   22.   22.   22.   22.   22.   22.   22.   22.   22.   22.   22.
   22.   22.   22.   22. 2465. 2465. 2465. 2465. 2465.   22.   22.   22.
   22.   22. 
   22. 2465. 2465. 3217. 2465. 2465. 2465. 3217. 3217. 3217. 2465. 3217.
 3217. 3217. 2465. 2465. 2465. 2465. 2465. 2465. 2465. 2465. 2465. 2465.
 2465. 3217. 
 3217. 2465.   22. 2465.   22.   22.   22.   22.   22.   22.   22.   22.
   22.   22.   22.   22.   22.   22.   22.   22.   22.   22.   22.   22.
   22.   22. 
   22.   22.   22.   22.   22.   22.   22.   22.   22.   22.   22.   22.
   22.   22.   22.   22.   22.   22. 2465. 2465. 2465. 2465. 2465. 2465.
 3217. 3217. 
 3217. 3217. 3217. 3217. 3217. 3217. 3217. 3217. 3217. 3217. 2465. 2465.
 3217. 2465. 2465. 2465.   22.   22.   22.   22.   22.   22.   22.   22.
   22.   22. 
 22. 22. 22. 22. 22. 22. 22. 22. 22. 22. 22. 22. 22. 22. 22. 22. 22. 22.
 22. 22. 22. 22. 22. 22. 22. 22. 
   22.   22.   22.   22.   22.   22. 2465. 2465. 2465. 2465. 2465. 3217.
 3217. 3217. 3217. 3217. 3217. 3217. 3217. 3217. 3217. 3217. 3217. 2465.
 2465. 3217. 
 3217. 3217.   22.   22.   22.   22.   22.   22.   22.   22.   22.   22.
   22.   22.   22.   22.   22.   22.   22.   22.   22.   22.   22.   22.
   22.   22. 
   22.   22.   22.   22.   22.   22.   22.   22.   22.   22.   22.   22.
   22.   22.   22.   22.   22.   22.   22.   22.   22.   22. 2465. 2465.
 3217. 3217. 
 3217. 3217. 3217. 2465. 2465. 2465. 2465. 3217. 3217. 3217. 2465. 2465.
 3217. 3217.   22.   22.   22.   22.   22.   22.   22.   22.   22.   22.
   22.   22. 
 22. 22. 22. 22. 22. 22. 22. 22. 22. 22. 22. 22. 22. 22. 22. 22. 22. 22.
 22. 22. 22. 22. 22. 22. 22. 22. 
   22.   22.   22.   22.   22.   22.   22.   22.   22. 2465. 2465. 2465.
 2465. 2465. 2465. 2465. 2465. 3217. 2465. 2465. 3217. 3217. 3217. 3217.
 2465. 2465. 
 22. 22. 22. 22. 22. 22. 22. 22. 22. 22. 22. 22. 22. 22. 22. 22. 22. 22.
 22. 22. 22. 22. 22. 22. 22. 22. 
   22.   22.   22.   22.   22.   22.   22.   22.   22.   22.   22.   22.
   22.   22.   22.   22.   22.   22.   22.   22.   22.   22.   22. 2465.
 2465. 2465. 
 2465. 3217. 3217. 3217. 3217. 2465. 2465. 3217. 3217. 3217. 3217. 3217.
   22.   22.   22.   22.   22.   22.   22.   22.   22.   22.   22.   22.
   22.   22. 
 22. 22. 22. 22. 22. 22. 22. 22. 22. 22. 22. 22. 22. 22. 22. 22. 22. 22.
 22. 22. 22. 22. 22. 22. 22. 22. 
   22.   22.   22.   22.   22.   22.   22.   22.   22.   22.   22.   22.
 2465. 2465. 2465. 2465. 2465. 2465. 2465. 2465. 2465. 3217. 3217. 3217.
   22.   22. 
 22. 22. 22. 22. 22. 22. 22. 22. 22. 22. 22. 22. 22. 22. 22. 22. 22. 22.
 22. 22. 22. 22. 22. 22. 22. 22. 
 22. 22. 22. 22. 22. 22. 22. 22. 22. 22. 22. 22. 22. 22. 22. 22. 22. 22.
 22. 22. 22. 22. 22. 22. 22. 22. 
 2465. 2465. 2465.   22.   22.   22. 2465. 2465. 2465. 2465.   22.   22.
   22.   22.   22.   22.   22.   22.   22.   22.   22.   22.   22.   22.
   22.   22. 
 22. 22. 22. 22. 22. 22. 22. 22. 22. 22. 22. 22. 22. 22. 22. 22. 22. 22.
 22. 22. 22. 22. 22. 22. 22. 22. 
   22.   22.   22.   22.   22.   22.   22.   22.   22.   22.   22.   22.
   22.   22.   22.   22.   22.   22.   22.   22. 2465. 2465.   22.   22.
   22.   22. 
 22. 22. 22. 22. 22. 22. 22. 22. 22. 22. 22. 22. 22. 22. 22. 22. 22. 22.
 22. 22. 22. 22. 22. 22. 22. 22. 
 22. 22. 22. 22. 22. 22. 22. 22. 22. 22. 22. 22. 22. 22. 22. 22. 22. 22.
 22. 22. 22. 22. 22. 22. 22. 22. 
   22.   22.   22.   22.   22.   22.   22. 2465.   22.   22.   22.   22.
   22.   22.   22.   22.   22.   22.   22.   22.   22.   22.   22.   22.
   22.   22. 
 22. 22. 22. 22. 22. 22. 22. 22. 22. 22. 22. 22. 22. 22. 22. 22. 22. 22.
 22. 22. 22. 22. 22. 22. 22. 22. 
   22.   22.   22.   22.   22.   22.   22.   22.   22.   22.   22.   22.
   22.   22.   22.   22.   22.   22.   22. 2465.   22.   22.   22.   22.
   22.   22. 
 22. 22. 22. 22. 22. 22. 22. 22. 22. 22. 22. 22. 22. 22. 22. 22. 22. 22.
 22. 22. 22. 22. 22. 22. 22. 22. 
 22. 22. 22. 22. 22. 22. 22. 22. 22. 22. 22. 22. 22. 22. 22. 22. 22. 22.
 22. 22. 22. 22. 22. 22. 22. 22. 
 22. 22. 22. 22. 22. 22. 22. 22. 22. 22. 22. 22. 22. 22. 22. 22. 22. 22.
 22. 22. 22. 22. 22. 22. 22. 22. 
 22. 22. 22. 22. 22. 22. 22. 22. 22. 22. 22. 22. 22. 22. 22. 22. 22. 22.
 22. 22. 22. 22. 22. 22. 22. 22. 
 22. 22. 22. 22. 22. 22. 22. 22. 22. 22. 22. 22. 22. 22. 22. 22. 22. 22.
 22. 22. 22. 22. 22. 22. 22. 22. 
 22. 22. 22. 22. 22. 22. 22. 22. 22. 22. 22. 22. 22. 22. 22. 22. 22. 22.
 22. 22. 22. 22. 22. 22. 22. 22. 
 22. 22. 22. 22. 22. 22. 22. 22. 22. 22. 22. 22. 22. 22. 22. 22. 22. 22.
 22. 22. 22. 22. 22. 22. 22. 22. 
 22. 22. 22. 22. 22. 22. 22. 22. 22. 22. 22. 22. 22. 22. 22. 22. 22. 22.
 22. 22. 22. 22. 22. 22. 22. 22. 
 22. 22. 22. 22. 22. 22. 22. 22. 22. 22. 22. 22. 22. 22. 22. 22. 22. 22.
 22. 22. 22. 22. 22. 22. 22. 22. 
 22. 22. 22. 22. 22. 22. 22. 22. 22. 22. 22. 22. 22. 22. 22. 22. 22. 22.
 22. 22. 22. 22. 22. 22. 22. 22. 
 22. 22. 22. 22. 22. 22. 22. 22. 22. 22. 22. 22. 22. 22. 22. 22. 22. 22.
 22. 22. 22. 22. 22. 22. 22. 22. 
 22. 22. 22. 22. 22. 22. 22. 22. 22. 22. 22. 22. 22. 22. 22. 22. 22. 22.
 22. 22. 22. 22. 22. 22. 22. 22. 
 22. 22. 22. 22. 22. 22. 22. 22. 22. 22. 22. 22. 22. 22. 22. 22. 22. 22.
 22. 22. 22. 22. 22. 22. 22. 22. 
 22. 22. 22. 22. 22. 22. 22. 22. 22. 22. 22. 22. 22. 22. 22. 22. 22. 22.
 22. 22. 22. 22. 22. 22. 22. 22. 
 22. 22. 22. 22. 22. 22. 22. 22. 22. 22. 22. 22. 22. 22. 
/