PERMI
   18.   18.   18.   18.   18.   18.   18.   18.   18.   18.   18.   18.
   18.   18.  715. 1030. 1030. 1030.  715.   18.   18.   18.   18.   18.
   18.   18. 
   18.   18.   18.   18.   18.  715.  715. 1030.  715.  715. 1030. 1030.
 1030.  715.  715. 1030.  715.  715.   18.   18.   18.   18.   18.   18.
  715. 1030. 
 1030. 1030.  715.   18.   18.  715.  715.  715. 1030. 1030. 1030. 1030.
   18.   18.   18.   18.   18.   18.   18.   18.   18.   18.   18.   18.
   18.   18. 
   18.  715. 1030. 1030. 1030.  715.   18.   18.   18.   18.   18.   18.
   18.   18.   18.   18.   18.  715. 1030. 1030. 1030.  715.  715. 1030.
 1030. 1030. 
  715.  715. 1030.  715.   18.   18.   18.   18.   18.   18.  715.  715.
 1030. 1030.  715.  715.   18.  715. 1030. 1030. 1030. 1030. 1030.  715.
   18.   18. 
   18.   18.   18.   18.   18.   18.   18.   18.   18.   18.   18.   18.
   18.  715. 1030. 1030. 1030. 1030.  715.   18.   18.   18.   18.   18.
   18.   18. 
   18.   18.  715.  715. 1030. 1030. 1030. 1030.  715.  715. 1030. 1030.
 1030.  715.  715.   18.   18.   18.   18.   18.   18.   18.   18.  715.
 1030. 1030. 
 1030.  715.  715. 1030. 1030. 1030. 1030. 1030.  715.  715.   18.   18.
   18.   18.   18.   18.   18.   18.   18.   18.   18.   18.   18.   18.
   18.   18. 
  715. 1030. 1030. 1030.  715.   18.   18.   18.   18.   18.   18.   18.
   18.   18.  715. 1030. 1030. 1030.  715.  715.  715.  715.  715. 1030.
 1030.  715. 
  715.   18.   18.   18.   18.   18.   18.   18.   18.  715. 1030. 1030.
 1030.  715.  715. 1030. 1030. 1030.  715.  715.  715. 1030.   18.   18.
   18.   18. 
   18.   18.   18.   18.   18.   18.   18.   18.   18.   18.   18.   18.
   18.  715. 1030. 1030. 1030.  715.   18.   18.   18.   18.   18.   18.
   18.   18. 
   18.  715. 1030. 1030.  715.   18.  715. 1030. 1030. 1030. 1030.  715.
  715.   18.   18.   18.   18.   18.   18.  715.  715.  715.  715. 1030.
 1030.  715. 
  715. 1030. 1030. 1030.  715.  715. 1030. 1030.   18.   18.   18.   18.
   18.   18.   18.   18.   18.   18.   18.   18.   18.   18.  715.  715.
  715.  715. 
  715. 1030. 1030.  715.   18.   18.   18.   18.   18.   18.   18.   18.
   18.  715. 1030. 1030.  715.  715. 1030. 1030. 1030. 1030.  715.  715.
   18.   18. 
   18.   18.   18.  715.  715.  715. 1030. 1030. 1030. 1030. 1030.  715.
  715.  715. 1030. 1030.  715.  715. 1030.  715.   18.   18.   18.   18.
   18.   18. 
   18.   18.   18.   18.   18.  715.  715. 1030. 1030. 1030. 1030. 1030.
 1030. 1030. 1030.  715.   18.   18.   18.   18.   18.   18.   18.   18.
   18.  715. 
 1030. 1030.  715. 1030. 1030. 1030. 1030.  715.  715.   18.   18.   18.
   18.   18.  715. 1030. 1030. 1030. 1030. 1030. 1030. 1030.  715.  715.
   18.  715. 
 1030. 1030. 1030.  715. 1030.  715.   18.   18.   18.   18.   18.   18.
   18.   18.   18.   18.   18.  715. 1030. 1030. 1030. 1030. 1030. 1030.
 1030. 1030. 
  715.   18.   18.   18.   18.   18.   18.   18.   18.   18.   18.   18.
  715.  715. 1030. 1030. 1030. 1030.  715.  715.   18.   18.   18.   18.
   18.  715. 
  715. 1030. 1030. 1030. 1030. 1030.  715.  715.  715.   18.   18.   18.
  715. 1030. 1030.  715. 1030. 1030.   18.   18.   18.   18.   18.   18.
   18.   18. 
   18.   18.  715. 1030. 1030. 1030. 1030. 1030.  715.  715.  715.  715.
   18.   18.   18.   18.   18.   18.   18.   18.   18.   18.   18.   18.
  715.  715. 
 1030. 1030. 1030.  715.  715.   18.   18.   18.   18.   18.   18.  715.
 1030. 1030. 1030.  715.  715.  715.  715.  715.  715.  715.  715.  715.
  715. 1030. 
 1030. 1030.  715. 1030.   18.   18.   18.   18.   18.   18.   18.   18.
   18.   18.  715. 1030. 1030. 1030.  715.   18.   18.   18.   18.   18.
   18.   18. 
   18.   18.   18.   18.   18.   18.   18.   18.   18.   18.  715.  715.
 1030. 1030.  715.  715.   18.   18.   18.   18.   18.   18.   18.  715.
 1030. 1030. 
 1030.  715.   18.  715.  715.  715.  715.  715.  715.  715.  715. 1030.
 1030. 1030.  715. 1030.   18.   18.   18.   18.   18.   18.   18.   18.
   18.   18. 
   18.  715. 1030. 1030. 1030.  715.   18.   18.   18.   18.   18.   18.
   18.   18.   18.   18.   18.   18.   18.   18.   18.  715.  715.  715.
 1030. 1030. 
 1030.  715.  715.  715.   18.   18.   18.   18.   18.  715. 1030. 1030.
 1030.  715.  715.  715. 1030. 1030. 1030. 1030. 1030. 1030. 1030. 1030.
 1030. 1030. 
  715. 1030.   18.   18.   18.   18.   18.   18.   18.   18.   18.   18.
   18.  715. 1030. 1030. 1030.  715.  715.  715.   18.   18.   18.   18.
   18.   18. 
   18.   18.   18.   18.   18.   18.  715.  715. 1030.  715.  715. 1030.
 1030. 1030. 1030. 1030.  715.  715.   18.   18.   18.  715. 1030. 1030.
 1030.  715. 
  715. 1030. 1030. 1030. 1030. 1030. 1030. 1030. 1030. 1030.  715.  715.
 1030. 1030.   18.   18.   18.   18.   18.   18.   18.   18.   18.   18.
   18.   18. 
  715. 1030. 1030. 1030. 1030.  715.   18.   18.   18.   18.   18.   18.
   18.   18.   18.   18.  715.  715. 1030. 1030. 1030. 1030.  715. 1030.
 1030. 1030. 
 1030. 1030. 1030. 1030.  715.  715.   18.  715.  715. 1030. 1030.  715.
  715. 1030. 1030. 1030.  715.  715.  715.  715.  715.  715.  715.  715.
  715.  715. 
   18.   18.   18.   18.   18.   18.   18.   18.   18.   18.   18.   18.
  715.  715. 1030. 1030. 1030. 1030.  715.   18.   18.   18.   18.   18.
   18.   18. 
   18.  715.  715. 1030. 1030. 1030.  715.  715.   18.  715.  715.  715.
 1030. 1030. 1030.  715.  715.  715.  715.  715.  715. 1030. 1030.  715.
  715. 1030. 
 1030.  715.  715.  715. 1030. 1030. 1030.  715.  715.  715.  715.  715.
   18.   18.   18.   18.   18.   18.   18.   18.   18.   18.   18.   18.
   18.  715. 
  715. 1030. 1030. 1030.  715.   18.   18.   18.   18.   18.   18.   18.
   18.  715. 1030. 1030. 1030.  715.  715.   18.   18.   18.   18.  715.
  715.  715. 
  715.  715. 1030. 1030. 1030. 1030. 1030. 1030. 1030.  715.  715. 1030.
 1030.  715.  715.  715. 1030. 1030. 1030.  715.  715.  715.  715.  715.
   18.   18. 
   18.   18.   18.   18.   18.   18.   18.   18.   18.   18.  715.  715.
 1030. 1030. 1030.  715.  715.   18.   18.   18.   18.   18.   18.   18.
  715. 1030. 
 1030. 1030.  715.   18.   18.   18.   18.   18.   18.  715.  715.  715.
  715. 1030. 1030. 1030. 1030. 1030. 1030. 1030. 1030.  715. 1030. 1030.
 1030.  715. 
  715.  715.  715. 1030. 1030. 1030.  715.  715.  715.  715.   18.   18.
   18.   18.   18.   18.   18.   18.   18.   18.   18.  715.  715. 1030.
 1030. 1030. 
  715.  715.   18.   18.   18.   18.   18.   18.   18.   18.   18.  715.
 1030. 1030.  715.   18.   18.   18.   18.  715.  715. 1030. 1030.  715.
 1030. 1030. 
  715.  715.  715.  715. 1030. 1030.  715.  715.  715. 1030. 1030.  715.
  715.   18.  715.  715. 1030. 1030. 1030.  715.  715.  715.   18.   18.
   18.   18. 
   18.   18.   18.   18.   18.   18.  715. 1030. 1030. 1030. 1030.  715.
   18.   18.   18.   18.   18.   18.   18.   18.   18.   18.   18.  715.
 1030. 1030. 
  715.   18.   18.   18.  715.  715. 1030. 1030. 1030.  715.  715. 1030.
 1030.  715.  715.  715.  715.  715.  715.  715. 1030. 1030. 1030.  715.
  715.  715. 
  715.  715.  715. 1030. 1030.  715.  715.  715.   18.   18.   18.   18.
   18.   18.   18.   18.   18.   18.  715. 1030. 1030. 1030.  715.   18.
   18.   18. 
   18.   18.   18.   18.   18.   18.   18.   18.   18.  715. 1030. 1030.
 1030.  715.   18.   18.  715. 1030. 1030. 1030.  715.  715.  715. 1030.
 1030.  715. 
 1030.  715. 1030. 1030. 1030. 1030. 1030. 1030. 1030.  715. 1030. 1030.
 1030. 1030. 1030. 1030. 1030.  715.  715. 1030.   18.   18.   18.   18.
   18.   18. 
   18.   18.   18.   18.  715. 1030. 1030.  715.  715.   18.   18.   18.
   18.   18.   18.   18.   18.   18.   18.   18.   18.   18.  715. 1030.
 1030. 1030. 
  715.  715. 1030. 1030. 1030.  715.   18.   18.  715. 1030. 1030. 1030.
  715. 1030. 1030. 1030. 1030. 1030. 1030. 1030.  715.  715. 1030. 1030.
 1030. 1030. 
 1030. 1030.  715.  715. 1030. 1030.   18.   18.   18.   18.   18.   18.
   18.   18.   18.   18.  715. 1030. 1030. 1030. 1030.  715.   18.   18.
   18.   18. 
   18.   18.   18.   18.   18.   18.   18.   18.   18.  715. 1030. 1030.
  715.  715. 1030. 1030. 1030.  715.   18.   18.  715.  715. 1030. 1030.
  715. 1030. 
 1030. 1030. 1030. 1030. 1030.  715.  715. 1030. 1030. 1030. 1030. 1030.
  715.  715.  715. 1030. 1030. 1030.   18.   18.   18.   18.   18.   18.
   18.   18. 
   18.   18.   18.  715. 1030. 1030. 1030. 1030.  715.   18.   18.   18.
   18.   18.   18.   18.   18.   18.   18.   18.   18.  715. 1030. 1030.
 1030.  715. 
  715. 1030. 1030. 1030.  715.   18.   18.  715. 1030. 1030.  715.  715.
  715.  715.  715.  715.  715.  715. 1030. 1030. 1030.  715.  715.  715.
  715.  715. 
 1030. 1030. 1030. 1030.   18.   18.   18.   18.   18.   18.   18.   18.
   18.   18.   18.   18.  715.  715. 1030. 1030.  715.   18.   18.   18.
   18.   18. 
   18.   18.   18.   18.   18.   18.   18.  715. 1030. 1030. 1030.  715.
  715. 1030. 1030. 1030.  715.  715.  715.  715. 1030. 1030.  715.  715.
  715.  715. 
   18.   18.   18.  715. 1030. 1030. 1030.  715.  715.   18.   18.  715.
  715.  715. 1030. 1030.   18.   18.   18.   18.   18.   18.   18.   18.
   18.   18. 
   18.   18.   18.  715. 1030. 1030. 1030.  715.   18.   18.   18.   18.
   18.   18.   18.   18.   18.  715.  715. 1030. 1030. 1030.  715.   18.
   18.  715. 
 1030. 1030.  715.  715. 1030. 1030. 1030. 1030.  715. 1030. 1030.  715.
  715.  715.  715.  715.  715. 1030. 1030.  715.  715.   18.   18.  715.
  715.  715. 
  715. 1030.   18.   18.   18.   18.   18.   18.   18.   18.   18.   18.
   18.   18.   18.   18.  715. 1030. 1030.  715.   18.   18.   18.   18.
   18.   18. 
   18.  715.  715. 1030. 1030. 1030. 1030. 1030.  715.   18.   18.  715.
  715.  715. 1030. 1030. 1030. 1030. 1030.  715.  715. 1030. 1030. 1030.
  715.  715. 
  715.  715.  715. 1030. 1030. 1030.  715.  715.  715.  715.  715.  715.
 1030. 1030.   18.   18.   18.   18.   18.   18.   18.   18.   18.   18.
   18.   18. 
  715.  715. 1030. 1030. 1030.  715.   18.   18.   18.   18.   18.   18.
  715. 1030. 1030. 1030. 1030. 1030. 1030.  715.   18.  715.  715.  715.
  715. 1030. 
 1030. 1030. 1030.  715.  715.  715.  715. 1030. 1030. 1030.  715. 1030.
 1030.  715.  715.  715. 1030. 1030.  715.  715.  715. 1030. 1030. 1030.
 1030. 1030. 
   18.   18.   18.   18.   18.   18.   18.   18.   18.   18.  715.  715.
 1030. 1030. 1030. 1030. 1030.  715.   18.   18.   18.   18.   18.  715.
 1030. 1030. 
 1030. 1030. 1030.  715.  715.  715.  715.  715.  715. 1030.  715. 1030.
 1030.  715.  715.  715.   18.   18.  715. 1030. 1030. 1030.  715. 1030.
 1030. 1030. 
 1030. 1030. 1030. 1030.  715.  715. 1030. 1030. 1030. 1030. 1030. 1030.
   18.   18.   18.   18.   18.   18.   18.   18.   18.  715.  715. 1030.
 1030. 1030. 
 1030. 1030.  715.   18.   18.   18.   18.   18.   18.  715. 1030. 1030.
 1030.  715.   18.   18.  715.  715. 1030. 1030. 1030. 1030.  715. 1030.
 1030. 1030. 
  715.  715.   18.  715.  715. 1030. 1030. 1030.  715. 1030. 1030. 1030.
 1030. 1030. 1030.  715.  715.  715. 1030. 1030.  715.  715.  715.  715.
   18.   18. 
   18.   18.   18.   18.   18.   18.   18.  715. 1030. 1030. 1030. 1030.
  715.  715.   18.   18.   18.   18.   18.   18.   18.  715. 1030. 1030.
 1030. 1030. 
  715.   18.  715. 1030. 1030. 1030. 1030.  715.  715.  715. 1030. 1030.
 1030.  715.  715.  715. 1030. 1030. 1030. 1030.  715. 1030.  715.  715.
  715.  715. 
  715.  715.   18.  715. 1030. 1030. 1030.  715.  715.   18.   18.   18.
   18.   18.   18.   18.   18.   18.  715. 1030. 1030. 1030.  715.   18.
   18.   18. 
   18.   18.   18.   18.   18.   18.   18.   18.  715. 1030. 1030. 1030.
 1030.  715.  715.  715. 1030. 1030.  715.  715.   18.  715.  715. 1030.
 1030. 1030. 
  715. 1030. 1030. 1030. 1030.  715.  715. 1030. 1030.  715.  715.  715.
   18.   18.   18.  715.  715. 1030. 1030. 1030.  715.   18.   18.   18.
   18.   18. 
   18.   18.   18.   18.  715. 1030. 1030.  715.   18.   18.   18.   18.
   18.   18.   18.   18.   18.   18.   18.   18.   18.  715. 1030. 1030.
 1030. 1030. 
  715.  715. 1030. 1030.  715.  715.   18.   18.  715.  715. 1030. 1030.
 1030.  715. 1030. 1030.  715.  715.  715. 1030. 1030. 1030.  715.   18.
   18.   18. 
   18.   18.  715. 1030. 1030. 1030.  715.  715.   18.   18.   18.   18.
   18.   18.   18.   18.  715. 1030. 1030.  715.  715.   18.   18.   18.
   18.   18. 
   18.   18.   18.   18.   18.   18.   18.  715.  715. 1030.  715. 1030.
 1030.  715. 1030. 1030.  715.  715.  715.  715.  715.  715. 1030. 1030.
 1030.  715. 
  715.  715.   18.  715.  715. 1030. 1030. 1030.  715.  715.   18.   18.
   18.   18.  715.  715. 1030. 1030.  715.  715.   18.   18.   18.   18.
   18.   18. 
   18.   18.  715. 1030. 1030. 1030.  715.   18.   18.   18.   18.   18.
   18.   18.   18.   18.   18.   18.   18.  715.  715. 1030. 1030.  715.
  715.  715. 
  715.  715.  715. 1030. 1030. 1030. 1030. 1030. 1030. 1030. 1030.  715.
   18.   18.  715.  715.  715.  715. 1030. 1030. 1030.  715.   18.  715.
  715.  715. 
  715.  715. 1030. 1030.  715.  715.   18.   18.   18.   18.   18.   18.
   18.   18.   18.  715. 1030. 1030.  715.  715.   18.   18.   18.   18.
   18.   18. 
   18.   18.   18.   18.  715. 1030. 1030. 1030. 1030. 1030. 1030. 1030.
  715.  715. 1030. 1030. 1030. 1030. 1030. 1030. 1030. 1030.  715.  715.
  715.  715. 
  715. 1030. 1030. 1030. 1030. 1030.  715.  715.  715.  715.  715.  715.
  715. 1030. 1030. 1030.  715.  715.   18.   18.   18.   18.   18.   18.
   18.   18. 
   18.  715. 1030. 1030. 1030.  715.   18.   18.   18.   18.   18.   18.
   18.   18.   18.   18.  715. 1030. 1030. 1030. 1030. 1030. 1030. 1030.
 1030.  715. 
 1030. 1030.  715.  715. 1030. 1030. 1030.  715.  715.  715. 1030. 1030.
 1030. 1030. 1030. 1030. 1030. 1030.  715.  715.  715. 1030. 1030. 1030.
 1030. 1030. 
 1030.  715.  715.   18.   18.   18.   18.   18.   18.   18.   18.   18.
   18.  715.  715. 1030. 1030.  715.   18.   18.   18.   18.   18.   18.
   18.   18. 
   18.   18.  715. 1030. 1030.  715.  715.  715. 1030. 1030. 1030.  715.
 1030. 1030.  715.  715.  715.  715.  715.  715.  715. 1030. 1030. 1030.
 1030. 1030. 
 1030. 1030.  715.  715.  715.  715. 1030. 1030. 1030. 1030. 1030. 1030.
  715.  715.   18.   18.   18.   18.   18.   18.   18.   18.   18.   18.
   18.   18. 
  715. 1030. 1030.  715.   18.   18.   18.   18.   18.   18.   18.   18.
   18.   18.  715. 1030. 1030. 1030.  715.  715.  715.  715.  715.  715.
 1030. 1030. 
 1030.  715. 1030. 1030. 1030.  715. 1030. 1030. 1030.  715.  715.  715.
  715.  715.  715.   18.  715.  715. 1030. 1030. 1030.  715.  715.  715.
  715.  715. 
   18.   18.   18.   18.   18.   18.   18.   18.   18.   18.   18.   18.
  715. 1030. 1030. 1030.  715.   18.   18.   18.   18.   18.   18.   18.
   18.   18. 
  715.  715. 1030. 1030. 1030.  715.  715.   18.   18.   18.  715. 1030.
 1030.  715.  715. 1030.  715.  715.  715. 1030. 1030.  715.   18.   18.
   18.   18. 
   18.   18.   18.  715.  715. 1030. 1030.  715.  715.  715.   18.   18.
   18.   18.   18.   18.   18.   18.   18.   18.   18.   18.   18.  715.
  715. 1030. 
 1030. 1030.  715.   18.   18.   18.   18.   18.   18.   18.   18.  715.
 1030.  715.  715. 1030. 1030. 1030.  715.   18.   18.   18.  715.  715.
 1030. 1030. 
  715. 1030.  715.  715.  715. 1030. 1030.  715.  715.   18.   18.   18.
   18.   18.   18.  715.  715. 1030. 1030. 1030.  715.  715.   18.   18.
   18.   18. 
   18.   18.   18.   18.   18.   18.   18.   18.  715.  715. 1030. 1030.
 1030.  715.   18.   18.   18.   18.   18.   18.   18.   18.  715. 1030.
 1030. 1030. 
  715. 1030. 1030. 1030.  715.   18.   18.  715.  715.  715. 1030. 1030.
  715. 1030.  715.   18.  715.  715. 1030. 1030.  715.  715.   18.   18.
   18.   18. 
  715.  715.  715.  715. 1030. 1030.  715.  715.   18.   18.   18.   18.
   18.   18.   18.   18.   18.   18.   18.  715.  715. 1030. 1030. 1030.
  715.   18. 
   18.   18.   18.   18.   18.   18.   18.   18.  715. 1030. 1030. 1030.
  715.  715. 1030. 1030. 1030.  715.  715.  715. 1030. 1030. 1030.  715.
  715. 1030. 
  715.   18.   18.  715. 1030. 1030. 1030.  715.   18.   18.  715.  715.
  715.  715.  715.  715. 1030. 1030. 1030.  715.  715.   18.   18.   18.
   18.   18. 
   18.   18.   18.   18.   18.  715. 1030. 1030. 1030. 1030.  715.   18.
   18.   18.   18.   18.   18.   18.   18.   18.  715. 1030. 1030. 1030.
  715.  715. 
 1030. 1030.  715.  715. 1030. 1030. 1030. 1030.  715.  715. 1030. 1030.
  715.   18.   18.  715.  715. 1030. 1030.  715.  715.  715.  715.  715.
 1030. 1030. 
 1030. 1030. 1030. 1030.  715.  715.   18.   18.   18.   18.   18.   18.
   18.   18.   18.   18.  715. 1030. 1030. 1030. 1030.  715.   18.   18.
   18.   18. 
   18.   18.   18.   18.   18.   18.   18.  715. 1030. 1030. 1030.  715.
  715. 1030.  715. 1030. 1030. 1030.  715.  715.  715. 1030.  715.  715.
   18.   18. 
   18.   18.  715. 1030. 1030. 1030.  715.  715.  715. 1030. 1030. 1030.
 1030. 1030. 1030. 1030.  715.  715.   18.   18.   18.   18.   18.   18.
   18.   18. 
   18.   18.  715. 1030. 1030. 1030.  715.   18.   18.   18.   18.   18.
   18.   18.   18.   18.   18.   18.   18.  715. 1030. 1030. 1030.  715.
  715. 1030. 
  715. 1030. 1030.  715.  715. 1030.  715.  715.  715.   18.   18.   18.
  715.  715.  715. 1030. 1030. 1030.  715.  715. 1030. 1030.  715.  715.
  715.  715. 
  715.  715.  715.  715.   18.   18.   18.   18.   18.   18.   18.   18.
   18.   18.  715. 1030. 1030. 1030.  715.   18.   18.   18.   18.   18.
   18.   18. 
   18.   18.   18.   18.   18.   18.  715. 1030.  715.  715. 1030. 1030.
  715. 1030. 1030. 1030.  715.  715.   18.   18.   18.   18.   18.  715.
  715. 1030. 
 1030. 1030. 1030.  715.   18.  715. 1030. 1030.  715.  715.  715.  715.
  715.  715.   18.   18.   18.   18.   18.   18.   18.   18.   18.   18.
   18.   18. 
  715. 1030. 1030. 1030. 1030.  715.   18.   18.   18.   18.   18.   18.
   18.   18.   18.   18.   18.   18.  715.  715.  715. 1030. 1030. 1030.
  715.  715. 
 1030. 1030. 1030.  715.   18.   18.   18.   18.  715.  715. 1030. 1030.
 1030. 1030.  715.  715.   18.  715. 1030. 1030.  715.  715.   18.   18.
   18.   18. 
   18.   18.   18.   18.   18.   18.   18.   18.   18.   18.   18.   18.
   18.  715. 1030. 1030. 1030.  715.   18.   18.   18.   18.   18.   18.
   18.   18. 
   18.   18.   18.   18.  715.  715. 1030. 1030. 1030.  715.  715.  715.
  715. 1030. 1030. 1030.  715.   18.   18.   18.  715. 1030. 1030. 1030.
  715.  715. 
  715.  715.  715.  715. 1030. 1030. 1030.  715.   18.   18.   18.   18.
   18.   18.   18.   18.   18.   18.   18.   18.   18.   18.   18.   18.
   18.   18. 
  715. 1030. 1030. 1030.  715.   18.   18.   18.   18.   18.   18.   18.
  715.  715.  715.  715.  715. 1030. 1030. 1030.  715.  715.  715. 1030.
  715.  715. 
 1030. 1030.  715.   18.   18.   18.  715. 1030. 1030. 1030.  715.  715.
  715. 1030. 1030.  715.  715. 1030. 1030.  715.   18.   18.   18.   18.
   18.   18. 
   18.   18.   18.   18.   18.   18.   18.   18.   18.   18.   18.   18.
   18.  715. 1030. 1030. 1030.   18.   18.   18.   18.   18.  715.  715.
 1030. 1030. 
 1030.  715. 1030. 1030. 1030.  715.  715.   18.  715.  715.  715. 1030.
 1030. 1030.  715.   18.   18.   18.  715. 1030. 1030. 1030. 1030. 1030.
  715.  715. 
 1030. 1030. 1030. 1030. 1030.  715.   18.   18.   18.   18.   18.   18.
   18.   18.   18.   18.   18.   18.   18.   18.   18.   18.   18.   18.
   18.   18. 
  715. 1030. 1030.  715.   18.   18.   18.   18.  715. 1030. 1030. 1030.
 1030.  715. 1030. 1030.  715.  715.   18.  715.  715. 1030. 1030. 1030.
 1030. 1030. 
  715.   18.   18.   18.  715.  715. 1030. 1030. 1030. 1030. 1030.  715.
 1030. 1030. 1030. 1030.  715.  715.   18.   18.   18.   18.   18.   18.
   18.   18. 
   18.   18.   18.   18.   18.   18.   18.   18.   18.   18.   18.   18.
  715. 1030. 1030.  715.   18.   18.   18.  715. 1030. 1030. 1030. 1030.
 1030.  715. 
 1030. 1030. 1030.  715.  715. 1030. 1030. 1030. 1030. 1030. 1030.  715.
  715.   18.   18.   18.   18.  715.  715.  715. 1030. 1030. 1030.  715.
  715.  715. 
  715.  715.  715.  715.   18.   18.   18.   18.   18.   18.   18.   18.
   18.   18.   18.   18.   18.   18.   18.   18.   18.   18.  715.  715.
 1030. 1030. 
 1030.  715.   18.   18.   18.  715. 1030. 1030.  715.  715.  715.  715.
  715. 1030. 1030.  715.  715. 1030. 1030. 1030. 1030.  715.  715.  715.
   18.   18. 
   18.   18.   18.   18.   18.  715.  715. 1030. 1030. 1030.  715.  715.
  715.  715.   18.   18.   18.   18.   18.   18.   18.   18.   18.   18.
   18.   18. 
   18.   18.   18.   18.   18.   18.  715.  715. 1030. 1030. 1030. 1030.
  715.   18.   18.   18.   18.  715. 1030. 1030. 1030.  715.   18.   18.
  715.  715. 
  715.  715. 1030. 1030. 1030.  715.  715. 1030. 1030.  715.   18.   18.
   18.   18.   18.  715.  715.  715. 1030. 1030. 1030.  715.  715.   18.
   18.   18. 
   18.   18.   18.   18.   18.   18.   18.   18.   18.   18.   18.   18.
   18.   18.   18.   18.   18.  715. 1030. 1030. 1030. 1030.  715.  715.
   18.   18. 
   18.   18.   18.   18.  715. 1030. 1030.  715.   18.   18.   18.  715.
  715.  715. 1030. 1030. 1030.  715. 1030. 1030. 1030.  715.   18.   18.
   18.   18. 
  715.  715.  715. 1030. 1030. 1030. 1030.  715.  715.  715.   18.   18.
   18.   18.   18.   18.   18.   18.   18.   18.   18.   18.   18.   18.
   18.   18. 
   18.   18.  715. 1030. 1030. 1030. 1030.  715.  715.   18.   18.   18.
   18.   18.   18.   18.  715. 1030. 1030. 1030.  715.   18.   18.  715.
 1030.  715. 
  715. 1030. 1030. 1030.  715. 1030. 1030.  715.   18.   18.   18.  715.
  715. 1030. 1030. 1030. 1030.  715.  715.  715.  715.  715.   18.   18.
   18.   18. 
   18.   18.   18.   18.   18.   18.   18.   18.   18.   18.   18.   18.
   18.   18.  715. 1030. 1030.  715.  715.   18.   18.   18.   18.   18.
   18.   18. 
   18.   18.   18.  715. 1030. 1030.  715.   18.   18.  715. 1030. 1030.
  715. 1030. 1030. 1030.  715.  715.  715.   18.   18.   18.  715.  715.
 1030. 1030. 
 1030.  715.  715.  715.  715. 1030.  715.  715.   18.   18.   18.   18.
   18.   18.   18.   18.   18.   18.   18.   18.   18.   18.   18.   18.
   18.   18. 
  715. 1030. 1030.  715.   18.   18.   18.   18.   18.   18.   18.   18.
   18.   18.   18.  715. 1030. 1030.  715.   18.  715.  715. 1030. 1030.
  715.  715. 
 1030. 1030. 1030.  715.   18.   18.   18.   18.  715. 1030. 1030. 1030.
  715.  715.  715. 1030. 1030.  715.  715.   18.   18.   18.   18.   18.
   18.   18. 
   18.   18.   18.   18.   18.   18.   18.   18.   18.   18.   18.   18.
  715. 1030. 1030.  715.  715.   18.   18.   18.   18.   18.   18.   18.
   18.   18. 
   18.  715. 1030. 1030.  715.  715.  715.  715. 1030. 1030.  715.  715.
 1030. 1030. 1030.  715.   18.   18.   18.  715.  715.  715. 1030. 1030.
  715.  715. 
 1030. 1030.  715.  715.  715.   18.   18.   18.   18.   18.   18.   18.
   18.   18.   18.   18.   18.   18.   18.   18.   18.   18.   18.   18.
  715. 1030. 
 1030. 1030.  715.   18.   18.   18.   18.   18.   18.   18.   18.   18.
   18.  715. 1030. 1030.  715. 1030. 1030.  715. 1030. 1030. 1030.  715.
  715. 1030. 
 1030.  715.  715.   18.  715.  715. 1030.  715. 1030. 1030. 1030.  715.
 1030.  715.  715.  715.   18.   18.   18.   18.   18.   18.   18.   18.
   18.   18. 
   18.   18.   18.   18.   18.   18.   18.   18.   18.   18.   18.  715.
 1030. 1030. 1030.  715.   18.   18.   18.   18.   18.   18.   18.   18.
  715.  715. 
 1030.  715. 1030. 1030. 1030. 1030. 1030. 1030. 1030.  715. 1030. 1030.
 1030.  715.   18.   18.  715.  715. 1030.  715.  715. 1030. 1030.  715.
  715.  715. 
  715.   18.   18.   18.   18.   18.   18.   18.   18.   18.   18.   18.
   18.   18.   18.   18.   18.   18.   18.   18.   18.   18.   18.  715.
 1030. 1030. 
 1030.  715.   18.   18.   18.   18.   18.   18.   18.  715. 1030. 1030.
 1030.  715. 1030. 1030. 1030.  715.  715. 1030.  715. 1030. 1030. 1030.
 1030.  715. 
   18.   18.  715.  715. 1030.  715.  715. 1030. 1030. 1030.  715.  715.
   18.   18.   18.   18.   18.   18.   18.   18.   18.   18.   18.   18.
   18.   18. 
   18.   18.   18.   18.   18.   18.   18.   18.   18.   18.  715. 1030.
 1030. 1030.  715.   18.   18.   18.   18.   18.  715. 1030. 1030. 1030.
 1030.  715. 
  715.  715.  715.  715.  715.  715. 1030. 1030. 1030. 1030.  715.   18.
   18.   18.  715. 1030. 1030.  715.  715.  715. 1030. 1030. 1030.  715.
   18.   18. 
   18.   18.   18.   18.   18.   18.   18.   18.   18.   18.   18.   18.
   18.   18.   18.   18.   18.   18.   18.   18.   18.  715.  715. 1030.
 1030. 1030. 
  715.   18.   18.   18.   18.  715. 1030. 1030. 1030. 1030.  715. 1030.
 1030. 1030. 1030. 1030.  715.  715. 1030. 1030. 1030.  715.   18.   18.
   18.   18. 
  715.  715.  715.  715.  715.  715.  715. 1030. 1030.  715.   18.   18.
   18.   18.   18.   18.   18.   18.   18.   18.   18.   18.   18.   18.
   18.   18. 
   18.   18.   18.   18.   18.   18.  715.  715. 1030. 1030. 1030. 1030.
  715.   18.   18.   18.  715. 1030. 1030. 1030. 1030.  715. 1030. 1030.
 1030. 1030. 
 1030. 1030.  715. 1030. 1030. 1030.  715.  715.  715.   18.   18.  715.
  715.  715.  715. 1030. 1030. 1030. 1030. 1030. 1030.  715.   18.   18.
   18.   18. 
 18. 18. 18. 18. 18. 18. 18. 18. 18. 18. 18. 18. 18. 18. 
/