PERMI
 1772.   18.   18.   18.   18.   18.   18. 1772. 1772. 2624. 2624. 2624.
 2624. 1772. 2624. 2624. 2624. 2624. 1772.   18.   18. 1772. 2624. 2624.
 2624. 1772. 
 18. 18. 18. 18. 18. 18. 18. 18. 18. 18. 18. 18. 18. 18. 18. 18. 18. 18.
 18. 18. 18. 18. 18. 18. 18. 18. 
   18.   18.   18.   18.   18.   18.   18.   18.   18.   18.   18.   18.
   18.   18.   18.   18.   18.   18.   18.   18. 1772. 1772. 2624. 2624.
 2624. 2624. 
 2624. 2624. 1772. 1772.   18.   18.   18. 1772. 1772. 2624. 2624. 1772.
   18.   18.   18.   18.   18.   18.   18.   18.   18.   18.   18.   18.
   18.   18. 
 18. 18. 18. 18. 18. 18. 18. 18. 18. 18. 18. 18. 18. 18. 18. 18. 18. 18.
 18. 18. 18. 18. 18. 18. 18. 18. 
   18.   18.   18.   18.   18.   18.   18.   18. 1772. 1772. 2624. 2624.
 2624. 1772. 1772.   18.   18.   18.   18.   18. 1772. 2624. 2624. 1772.
   18.   18. 
 18. 18. 18. 18. 18. 18. 18. 18. 18. 18. 18. 18. 18. 18. 18. 18. 18. 18.
 18. 18. 18. 18. 18. 18. 18. 18. 
   18.   18.   18.   18.   18.   18.   18.   18.   18.   18.   18.   18.
   18.   18.   18.   18.   18.   18.   18.   18.   18. 1772. 1772. 1772.
 1772.   18. 
   18.   18.   18.   18.   18. 1772. 1772. 2624. 2624. 1772.   18.   18.
   18.   18.   18.   18.   18.   18.   18.   18.   18.   18.   18.   18.
   18.   18. 
 18. 18. 18. 18. 18. 18. 18. 18. 18. 18. 18. 18. 18. 18. 18. 18. 18. 18.
 18. 18. 18. 18. 18. 18. 18. 18. 
   18.   18.   18.   18.   18.   18.   18.   18.   18.   18.   18.   18.
   18.   18.   18.   18.   18. 1772. 2624. 2624. 2624. 1772.   18.   18.
   18.   18. 
 18. 18. 18. 18. 18. 18. 18. 18. 18. 18. 18. 18. 18. 18. 18. 18. 18. 18.
 18. 18. 18. 18. 18. 18. 18. 18. 
 18. 18. 18. 18. 18. 18. 18. 18. 18. 18. 18. 18. 18. 18. 18. 18. 18. 18.
 18. 18. 18. 18. 18. 18. 18. 18. 
   18.   18.   18. 1772. 2624. 2624. 2624. 1772.   18.   18.   18.   18.
   18.   18. 1772. 1772.   18.   18.   18.   18.   18.   18.   18.   18.
   18.   18. 
 18. 18. 18. 18. 18. 18. 18. 18. 18. 18. 18. 18. 18. 18. 18. 18. 18. 18.
 18. 18. 18. 18. 18. 18. 18. 18. 
   18.   18.   18.   18.   18.   18.   18.   18.   18.   18.   18.   18.
   18.   18.   18. 1772. 2624. 2624. 2624. 1772.   18.   18.   18. 1772.
 1772. 1772. 
 1772. 1772. 1772. 1772. 1772.   18.   18.   18.   18.   18.   18.   18.
   18.   18.   18.   18.   18.   18.   18.   18.   18.   18.   18.   18.
   18.   18. 
 18. 18. 18. 18. 18. 18. 18. 18. 18. 18. 18. 18. 18. 18. 18. 18. 18. 18.
 18. 18. 18. 18. 18. 18. 18. 18. 
   18. 1772. 1772. 2624. 2624. 1772.   18. 1772. 1772. 1772. 2624. 2624.
 2624. 2624. 2624. 2624. 1772. 1772.   18.   18.   18.   18.   18.   18.
   18.   18. 
 18. 18. 18. 18. 18. 18. 18. 18. 18. 18. 18. 18. 18. 18. 18. 18. 18. 18.
 18. 18. 18. 18. 18. 18. 18. 18. 
   18.   18.   18.   18.   18.   18.   18.   18.   18.   18.   18.   18.
   18.   18. 1772. 2624. 2624. 1772. 1772. 1772. 2624. 2624. 2624. 2624.
 2624. 2624. 
 2624. 2624. 2624. 1772. 1772.   18.   18.   18.   18.   18.   18.   18.
   18.   18.   18.   18.   18.   18.   18.   18.   18.   18.   18.   18.
   18.   18. 
 18. 18. 18. 18. 18. 18. 18. 18. 18. 18. 18. 18. 18. 18. 18. 18. 18. 18.
 18. 18. 18. 18. 18. 18. 18. 18. 
 1772. 2624. 2624. 2624. 2624. 2624. 2624. 2624. 2624. 1772. 1772. 1772.
 1772. 1772. 2624. 1772. 1772.   18.   18.   18.   18.   18.   18.   18.
   18.   18. 
 18. 18. 18. 18. 18. 18. 18. 18. 18. 18. 18. 18. 18. 18. 18. 18. 18. 18.
 18. 18. 18. 18. 18. 18. 18. 18. 
   18.   18.   18.   18.   18.   18.   18.   18.   18.   18.   18.   18.
 1772. 1772. 2624. 2624. 2624. 2624. 2624. 2624. 1772. 1772. 1772.   18.
 1772. 2624. 
 2624. 2624. 1772.   18.   18.   18.   18.   18.   18.   18.   18.   18.
   18.   18.   18.   18.   18.   18.   18.   18.   18.   18.   18.   18.
   18.   18. 
   18.   18.   18.   18.   18.   18.   18.   18.   18.   18.   18.   18.
   18.   18.   18.   18.   18.   18.   18.   18.   18.   18.   18.   18.
   18. 1772. 
 1772. 1772. 2624. 1772. 1772. 1772. 1772.   18.   18.   18. 1772. 2624.
 2624. 1772. 1772.   18.   18.   18.   18.   18.   18.   18.   18.   18.
   18.   18. 
 18. 18. 18. 18. 18. 18. 18. 18. 18. 18. 18. 18. 18. 18. 18. 18. 18. 18.
 18. 18. 18. 18. 18. 18. 18. 18. 
   18.   18.   18.   18.   18.   18.   18.   18.   18.   18.   18.   18.
 1772. 1772. 1772. 1772. 1772.   18.   18.   18.   18.   18. 1772. 2624.
 2624. 1772. 
 1772.   18.   18.   18.   18.   18.   18.   18.   18.   18.   18.   18.
   18.   18.   18.   18.   18.   18.   18.   18.   18.   18.   18.   18.
   18.   18. 
 18. 18. 18. 18. 18. 18. 18. 18. 18. 18. 18. 18. 18. 18. 18. 18. 18. 18.
 18. 18. 18. 18. 18. 18. 18. 18. 
   18.   18.   18.   18.   18.   18.   18.   18. 1772. 2624. 2624. 1772.
 1772.   18.   18.   18.   18.   18.   18.   18.   18.   18.   18.   18.
   18.   18. 
   18.   18.   18.   18.   18.   18.   18.   18.   18.   18.   18.   18.
   18.   18. 1772. 1772. 1772.   18.   18.   18.   18.   18.   18.   18.
   18.   18. 
   18.   18.   18.   18.   18.   18.   18.   18.   18.   18.   18.   18.
   18.   18.   18.   18.   18.   18.   18. 1772. 1772. 2624. 2624. 1772.
   18.   18. 
   18.   18.   18.   18.   18.   18.   18.   18.   18.   18.   18.   18.
   18.   18.   18.   18.   18.   18.   18.   18.   18.   18.   18.   18.
 1772. 1772. 
 1772. 1772. 1772. 1772. 1772.   18.   18.   18.   18.   18.   18.   18.
   18.   18.   18.   18.   18.   18.   18.   18.   18.   18.   18.   18.
   18.   18. 
   18.   18.   18.   18.   18. 1772. 2624. 2624. 1772. 1772.   18.   18.
   18.   18.   18.   18.   18.   18.   18.   18.   18.   18.   18.   18.
   18.   18. 
   18.   18.   18.   18.   18.   18.   18.   18.   18.   18. 1772. 2624.
 2624. 2624. 2624. 2624. 1772. 1772. 1772. 1772.   18.   18.   18.   18.
   18.   18. 
   18.   18.   18.   18.   18.   18.   18.   18.   18.   18.   18.   18.
   18.   18.   18.   18. 1772. 1772. 2624. 2624. 1772.   18.   18.   18.
   18.   18. 
   18. 1772. 1772. 1772.   18.   18.   18.   18.   18.   18.   18.   18.
   18.   18.   18.   18.   18.   18.   18.   18.   18.   18. 1772. 1772.
 2624. 2624. 
 2624. 2624. 1772. 1772. 1772. 1772. 1772. 1772.   18.   18.   18.   18.
   18.   18.   18.   18.   18.   18.   18.   18.   18.   18.   18.   18.
   18.   18. 
   18.   18. 1772. 2624. 2624. 2624. 1772.   18.   18.   18. 1772. 1772.
 1772. 1772. 1772. 1772. 1772. 1772.   18.   18.   18.   18.   18.   18.
   18.   18. 
   18.   18.   18.   18.   18.   18.   18.   18. 2624. 1772. 1772. 1772.
 1772. 1772. 1772. 2624. 2624. 2624. 2624. 1772.   18.   18.   18.   18.
   18.   18. 
   18.   18.   18.   18.   18.   18.   18.   18.   18.   18.   18.   18.
   18.   18. 1772. 2624. 2624. 2624. 1772. 1772. 1772. 1772. 1772. 2624.
 2624. 2624. 
 2624. 2624. 2624. 1772. 1772.   18.   18.   18.   18.   18.   18.   18.
   18.   18.   18.   18.   18.   18.   18.   18. 2624. 1772. 1772.   18.
 1772. 1772. 
 2624. 2624. 2624. 2624. 2624. 2624. 1772. 1772.   18.   18.   18.   18.
   18.   18.   18.   18.   18.   18.   18.   18.   18.   18.   18.   18.
   18.   18. 
 1772. 2624. 2624. 2624. 2624. 2624. 2624. 2624. 2624. 2624. 2624. 2624.
 2624. 2624. 2624. 2624. 1772.   18.   18.   18.   18.   18.   18.   18.
   18.   18. 
   18.   18.   18.   18.   18.   18. 2624. 1772.   18. 1772. 1772. 2624.
 2624. 1772. 1772. 1772. 2624. 2624. 2624. 1772. 1772.   18.   18.   18.
   18.   18. 
   18.   18.   18.   18.   18.   18.   18.   18.   18.   18.   18.   18.
 1772. 1772. 2624. 2624. 2624. 2624. 2624. 2624. 2624. 2624. 1772. 1772.
 1772. 1772. 
 2624. 2624. 1772.   18.   18.   18.   18.   18.   18.   18.   18.   18.
   18.   18.   18.   18.   18.   18. 2624. 1772. 1772. 2624. 2624. 2624.
 1772. 1772. 
 1772. 1772. 1772. 2624. 2624. 2624. 1772.   18.   18.   18.   18.   18.
   18.   18.   18. 1772.   18.   18.   18.   18.   18.   18.   18.   18.
   18. 1772. 
 1772. 2624. 2624. 1772. 2624. 2624. 2624. 1772. 1772.   18. 1772. 2624.
 2624. 2624. 1772.   18.   18.   18.   18.   18.   18.   18.   18.   18.
   18.   18. 
   18.   18.   18.   18. 2624. 1772. 1772. 2624. 2624. 1772. 1772. 2624.
 1772.   18. 1772. 1772. 2624. 2624. 2624. 1772.   18.   18.   18. 1772.
 1772. 1772. 
 1772. 2624. 1772. 1772.   18.   18.   18.   18.   18.   18.   18.   18.
 1772. 1772. 1772. 1772. 1772. 1772. 1772. 1772.   18.   18. 1772. 2624.
 2624. 2624. 
 1772.   18.   18.   18.   18.   18.   18.   18.   18.   18.   18.   18.
   18.   18.   18.   18. 2624. 1772. 2624. 2624. 2624. 1772. 2624. 2624.
 1772.   18. 
   18. 1772. 1772. 2624. 2624. 1772.   18.   18. 1772. 1772. 2624. 2624.
 2624. 2624. 2624. 1772. 1772.   18.   18.   18.   18.   18.   18.   18.
   18.   18. 
   18.   18.   18.   18.   18.   18.   18.   18. 1772. 1772. 2624. 2624.
 1772.   18.   18.   18.   18.   18.   18.   18.   18.   18.   18.   18.
   18.   18. 
   18.   18. 2624. 2624. 2624. 2624. 1772. 2624. 2624. 2624. 1772.   18.
   18.   18. 1772. 2624. 2624. 2624. 1772. 1772. 2624. 2624. 2624. 2624.
 2624. 2624. 
 2624. 2624. 1772.   18.   18.   18.   18.   18.   18.   18.   18.   18.
   18.   18.   18.   18.   18.   18.   18.   18. 1772. 1772. 2624. 2624.
 1772.   18. 
   18.   18.   18.   18.   18.   18.   18.   18.   18.   18.   18.   18.
   18.   18. 2624. 2624. 2624. 1772. 1772. 2624. 2624. 2624. 1772. 1772.
 1772.   18. 
 1772. 1772. 2624. 2624. 2624. 2624. 2624. 2624. 2624. 2624. 1772. 1772.
 2624. 2624. 1772.   18.   18.   18.   18.   18.   18.   18.   18.   18.
   18.   18. 
   18.   18.   18.   18.   18.   18. 1772. 1772. 2624. 2624. 1772.   18.
   18.   18.   18.   18.   18.   18.   18.   18.   18.   18.   18.   18.
   18.   18. 
 1772. 1772. 1772.   18. 1772. 2624. 2624. 2624. 1772. 1772. 1772. 1772.
 1772. 1772. 2624. 2624. 2624. 2624. 2624. 2624. 2624. 1772. 1772. 1772.
 2624. 2624. 
 1772.   18.   18.   18.   18.   18.   18.   18.   18.   18.   18.   18.
   18.   18.   18.   18.   18.   18.   18. 1772. 2624. 2624. 1772.   18.
   18.   18. 
   18.   18.   18.   18.   18.   18.   18.   18.   18.   18.   18.   18.
   18.   18.   18.   18. 1772. 2624. 2624. 2624. 2624. 2624. 2624. 2624.
 2624. 2624. 
 1772. 2624. 2624. 2624. 1772. 1772. 1772.   18. 1772. 1772. 2624. 2624.
 1772.   18.   18.   18.   18.   18.   18.   18.   18.   18.   18.   18.
   18.   18. 
   18.   18.   18.   18.   18. 1772. 2624. 2624. 1772.   18.   18.   18.
   18.   18.   18.   18.   18.   18.   18.   18.   18.   18.   18.   18.
   18.   18. 
   18.   18. 1772. 1772. 2624. 2624. 2624. 2624. 2624. 2624. 2624. 2624.
 2624. 1772. 1772. 1772. 1772. 2624. 1772. 1772. 1772. 2624. 2624. 1772.
   18.   18. 
   18.   18.   18.   18.   18.   18.   18.   18.   18.   18.   18.   18.
   18.   18.   18.   18.   18. 1772. 2624. 2624. 1772. 1772.   18.   18.
   18.   18. 
   18.   18.   18.   18.   18.   18.   18.   18.   18.   18.   18.   18.
   18.   18.   18. 1772. 1772. 2624. 2624. 2624. 2624. 2624. 2624. 2624.
 1772. 1772. 
 1772. 1772. 2624. 2624. 1772. 1772. 2624. 2624. 2624. 1772.   18.   18.
   18.   18.   18.   18.   18.   18.   18.   18.   18.   18.   18.   18.
   18.   18. 
   18.   18.   18. 1772. 2624. 2624. 2624. 1772.   18.   18.   18.   18.
 1772. 1772.   18.   18.   18.   18.   18.   18.   18.   18.   18.   18.
   18.   18. 
   18.   18. 1772. 1772. 1772. 1772. 1772. 1772. 1772. 1772. 1772. 1772.
   18. 1772. 2624. 2624. 1772. 2624. 2624. 2624. 1772.   18.   18.   18.
   18.   18. 
   18.   18.   18.   18.   18.   18.   18.   18.   18.   18.   18.   18.
   18.   18.   18. 1772. 1772. 2624. 2624. 2624. 1772. 1772. 1772. 1772.
 1772. 1772. 
 1772. 1772. 1772. 1772.   18.   18.   18.   18.   18.   18.   18.   18.
   18.   18.   18.   18.   18.   18.   18.   18.   18.   18.   18.   18.
   18. 1772. 
 2624. 2624. 1772. 2624. 2624. 1772. 1772.   18.   18.   18.   18. 1772.
 1772. 1772. 1772.   18.   18.   18.   18.   18.   18.   18.   18.   18.
   18.   18. 
   18.   18. 1772. 2624. 2624. 2624. 2624. 2624. 2624. 2624. 2624. 2624.
 2624. 2624. 2624. 1772. 1772.   18.   18.   18.   18.   18.   18.   18.
   18.   18. 
   18.   18.   18.   18.   18.   18.   18.   18.   18.   18.   18. 1772.
 1772. 1772. 2624. 2624. 2624. 1772. 1772. 1772. 1772. 1772. 1772. 2624.
 2624. 2624. 
 2624. 1772.   18.   18.   18.   18.   18.   18.   18.   18.   18.   18.
   18.   18.   18. 1772. 1772. 2624. 2624. 2624. 2624. 2624. 2624. 2624.
 2624. 2624. 
 2624. 2624. 1772.   18.   18.   18.   18.   18.   18.   18.   18.   18.
   18.   18.   18.   18.   18.   18.   18.   18.   18.   18.   18.   18.
 1772. 1772. 
 1772. 2624. 2624. 2624. 2624. 2624. 2624. 2624. 2624. 2624. 2624. 2624.
 2624. 2624. 1772.   18.   18.   18.   18.   18.   18.   18.   18.   18.
   18.   18. 
   18.   18. 1772. 1772. 1772. 1772. 1772. 1772. 1772. 1772. 1772. 1772.
 2624. 2624. 1772. 1772.   18.   18.   18.   18.   18.   18.   18.   18.
   18.   18. 
   18.   18.   18.   18.   18.   18.   18.   18.   18.   18. 1772. 2624.
 1772. 2624. 2624. 2624. 2624. 2624. 2624. 2624. 2624. 2624. 2624. 2624.
 2624. 2624. 
 1772. 1772.   18.   18.   18.   18.   18.   18.   18.   18.   18.   18.
   18.   18.   18.   18.   18.   18.   18.   18.   18.   18.   18. 1772.
 2624. 2624. 
 2624. 1772.   18.   18.   18.   18.   18.   18.   18.   18.   18.   18.
   18.   18.   18.   18.   18.   18.   18.   18.   18.   18. 1772. 2624.
 1772. 1772. 
 1772. 2624. 2624. 2624. 2624. 2624. 2624. 1772. 1772. 1772. 2624. 2624.
 2624. 1772.   18.   18.   18.   18.   18.   18.   18.   18.   18.   18.
   18.   18. 
   18.   18.   18.   18.   18.   18.   18.   18.   18. 1772. 2624. 2624.
 1772. 1772.   18. 1772.   18.   18.   18.   18.   18.   18.   18.   18.
   18.   18. 
   18.   18.   18.   18.   18.   18.   18.   18. 1772. 1772. 2624. 2624.
 2624. 1772. 1772. 1772. 1772. 1772.   18. 1772. 1772. 1772. 1772. 2624.
 2624. 1772. 
 1772.   18.   18.   18.   18.   18.   18.   18.   18.   18.   18.   18.
   18.   18.   18.   18.   18.   18.   18.   18.   18. 1772. 2624. 2624.
 1772. 1772. 
   18. 1772.   18.   18.   18.   18.   18.   18.   18.   18.   18.   18.
   18.   18.   18.   18.   18.   18.   18.   18. 1772. 1772. 2624. 2624.
 2624. 1772. 
 1772.   18.   18.   18. 1772. 1772. 2624. 1772. 2624. 2624. 2624. 1772.
 1772. 1772.   18.   18.   18.   18.   18.   18.   18.   18.   18.   18.
   18.   18. 
   18.   18.   18.   18.   18.   18.   18. 1772. 2624. 2624. 2624. 1772.
 1772. 2624.   18.   18.   18.   18.   18.   18.   18.   18.   18.   18.
   18.   18. 
   18.   18.   18.   18.   18.   18.   18. 1772. 1772. 2624. 2624. 2624.
 1772. 1772.   18. 1772. 1772. 2624. 1772. 1772. 2624. 2624. 1772. 1772.
 2624. 1772. 
   18.   18.   18.   18.   18.   18.   18.   18.   18.   18.   18.   18.
   18.   18.   18.   18.   18.   18.   18. 1772. 2624. 2624. 2624. 1772.
 1772. 2624. 
 1772.   18.   18.   18.   18.   18.   18.   18.   18.   18.   18.   18.
   18.   18.   18.   18.   18.   18.   18.   18. 1772. 2624. 2624. 2624.
 2624. 1772. 
 1772. 1772. 2624. 2624. 1772. 2624. 2624. 2624. 1772. 2624. 2624. 1772.
   18.   18.   18.   18.   18.   18.   18.   18.   18.   18.   18.   18.
   18.   18. 
   18.   18.   18.   18.   18. 1772. 2624. 2624. 2624. 1772. 1772. 2624.
 1772.   18.   18.   18.   18.   18.   18.   18.   18.   18.   18.   18.
   18.   18. 
   18.   18.   18.   18.   18.   18. 1772. 1772. 2624. 2624. 2624. 2624.
 1772. 2624. 2624. 1772. 1772. 2624. 2624. 1772. 1772. 2624. 1772. 1772.
 1772. 1772. 
   18.   18.   18.   18.   18.   18.   18.   18.   18.   18.   18.   18.
   18.   18.   18.   18.   18. 1772. 1772. 2624. 2624. 1772. 2624. 2624.
 1772.   18. 
   18.   18.   18.   18.   18.   18.   18.   18.   18.   18.   18.   18.
   18.   18.   18.   18.   18.   18.   18. 1772. 1772. 2624. 2624. 2624.
 2624. 2624. 
 2624. 1772. 2624. 2624. 1772. 1772. 1772. 1772. 1772. 2624. 2624. 2624.
 2624. 1772. 1772.   18.   18.   18.   18.   18.   18.   18.   18.   18.
   18.   18. 
   18.   18.   18. 1772. 1772. 2624. 2624. 2624. 2624. 2624. 1772.   18.
   18.   18.   18.   18.   18.   18.   18.   18.   18.   18.   18.   18.
   18.   18. 
   18.   18.   18.   18.   18.   18. 1772. 1772. 2624. 2624. 2624. 2624.
 2624. 1772. 2624. 2624. 2624. 1772. 2624. 2624. 2624. 2624. 2624. 2624.
 2624. 2624. 
 1772.   18.   18.   18.   18.   18.   18.   18.   18.   18.   18.   18.
   18.   18.   18.   18. 1772. 2624. 2624. 2624. 2624. 2624. 1772.   18.
   18.   18. 
   18.   18.   18.   18.   18.   18.   18.   18.   18.   18.   18.   18.
   18.   18.   18.   18.   18.   18.   18. 1772. 1772. 1772. 1772. 1772.
 1772. 1772. 
 2624. 2624. 2624. 2624. 2624. 2624. 2624. 2624. 2624. 2624. 2624. 2624.
 2624. 1772.   18.   18.   18.   18.   18.   18.   18.   18.   18.   18.
   18.   18. 
   18.   18. 1772. 1772. 1772. 1772. 1772. 1772. 2624.   18.   18.   18.
   18.   18.   18.   18.   18.   18.   18.   18.   18.   18.   18.   18.
   18.   18. 
   18.   18.   18.   18.   18.   18. 1772. 1772. 1772.   18.   18.   18.
 1772. 2624. 2624. 2624. 2624. 2624. 1772. 1772. 1772. 1772. 2624. 2624.
 2624. 1772. 
   18.   18.   18.   18.   18.   18.   18.   18.   18.   18.   18.   18.
   18.   18.   18.   18. 1772. 1772. 1772. 1772. 2624.   18.   18.   18.
   18.   18. 
   18.   18.   18.   18.   18.   18.   18.   18.   18.   18.   18.   18.
   18.   18.   18.   18.   18.   18.   18.   18.   18.   18.   18.   18.
   18. 1772. 
 1772. 1772. 1772. 1772. 1772. 2624. 2624. 1772. 2624. 2624. 2624. 1772.
   18.   18.   18. 1772. 1772. 1772. 1772. 1772. 1772.   18.   18.   18.
   18.   18. 
   18.   18.   18.   18.   18.   18. 1772.   18. 1772. 1772. 1772. 1772.
 1772. 1772. 1772. 1772.   18.   18.   18.   18.   18.   18.   18.   18.
   18.   18. 
   18.   18.   18.   18.   18.   18.   18.   18.   18.   18.   18.   18.
   18.   18.   18.   18. 1772. 1772. 2624. 1772. 2624. 2624. 1772. 1772.
 1772. 1772. 
 1772. 1772. 1772. 1772. 1772. 1772. 1772. 1772. 1772.   18.   18.   18.
   18.   18.   18.   18.   18.   18. 2624. 2624. 2624. 2624. 2624. 2624.
 2624. 2624. 
 2624. 2624. 1772. 1772.   18.   18.   18.   18.   18.   18.   18.   18.
   18.   18.   18.   18.   18.   18.   18.   18.   18.   18.   18.   18.
   18.   18. 
   18.   18.   18. 1772. 1772. 2624. 2624. 2624. 1772. 1772. 2624. 2624.
 2624. 2624. 2624. 2624. 2624. 2624. 2624. 1772. 1772.   18.   18.   18.
   18.   18. 
   18.   18.   18.   18. 2624. 2624. 2624. 2624. 2624. 2624. 2624. 2624.
 2624. 2624. 2624. 1772.   18.   18.   18.   18.   18.   18.   18.   18.
   18.   18. 
   18.   18.   18.   18.   18.   18.   18.   18.   18.   18.   18.   18.
   18.   18.   18. 1772. 1772. 2624. 2624. 2624. 2624. 2624. 2624. 2624.
 2624. 1772. 
 1772. 1772. 1772. 1772. 1772. 1772. 1772. 1772.   18.   18.   18.   18.
   18.   18.   18.   18. 2624. 2624. 2624. 1772. 1772. 1772. 1772. 1772.
 2624. 2624. 
 2624. 1772.   18.   18.   18.   18.   18.   18.   18.   18.   18.   18.
   18.   18.   18.   18.   18.   18.   18.   18.   18.   18.   18.   18.
   18.   18. 
   18.   18. 1772. 2624. 2624. 1772. 2624. 2624. 2624. 1772. 1772. 1772.
 2624. 2624. 2624. 2624. 2624. 1772. 1772. 1772.   18.   18.   18.   18.
   18.   18. 
   18.   18. 1772. 1772. 1772. 1772. 1772. 1772. 1772. 1772. 1772. 2624.
 2624. 1772.   18.   18.   18.   18.   18.   18.   18.   18.   18.   18.
   18.   18. 
   18.   18.   18.   18.   18.   18.   18.   18.   18.   18.   18.   18.
   18.   18. 1772. 2624. 2624. 1772. 1772. 1772. 1772. 1772. 2624. 2624.
 2624. 2624. 
 2624. 2624. 2624. 2624. 1772. 1772.   18.   18.   18.   18.   18.   18.
   18.   18.   18. 1772. 1772. 1772. 2624. 2624. 2624. 2624. 1772. 2624.
 2624. 1772. 
 18. 18. 18. 18. 18. 18. 18. 18. 18. 18. 18. 18. 18. 18. 18. 18. 18. 18.
 18. 18. 18. 18. 18. 18. 18. 18. 
 1772. 2624. 2624. 1772. 1772. 1772. 2624. 2624. 2624. 2624. 2624. 1772.
 1772. 2624. 2624. 2624. 1772.   18.   18.   18. 1772. 1772. 1772. 1772.
   18.   18. 
 1772. 1772. 2624. 2624. 2624. 2624. 2624. 2624. 1772. 2624. 2624. 1772.
   18.   18.   18.   18.   18.   18.   18.   18.   18.   18.   18.   18.
   18.   18. 
   18.   18.   18.   18.   18.   18.   18.   18.   18.   18.   18.   18.
 1772. 2624. 2624. 2624. 2624. 2624. 2624. 2624. 2624. 1772. 1772. 1772.
 1772. 2624. 
 2624. 2624. 1772.   18.   18. 1772. 1772. 2624. 2624. 2624. 1772.   18.
 1772. 2624. 2624. 2624. 2624. 2624. 2624. 2624. 1772. 2624. 2624. 1772.
   18.   18. 
   18.   18.   18.   18.   18.   18.   18.   18.   18.   18.   18.   18.
   18.   18.   18.   18.   18.   18.   18.   18.   18.   18.   18.   18.
 1772. 2624. 
 2624. 2624. 2624. 2624. 2624. 2624. 1772.   18. 1772. 1772. 1772. 2624.
 2624. 2624. 1772.   18. 1772. 2624. 2624. 2624. 2624. 2624. 1772. 1772.
 2624. 2624. 
 2624. 2624. 1772. 1772. 1772. 2624. 1772. 2624. 2624. 1772.   18.   18.
 1772. 1772. 1772. 1772. 1772. 1772. 1772.   18.   18.   18.   18.   18.
   18.   18. 
   18.   18.   18.   18.   18.   18.   18.   18.   18.   18.   18. 1772.
 2624. 2624. 2624. 2624. 1772. 1772.   18.   18. 1772. 2624. 1772. 2624.
 2624. 2624. 
 1772. 1772. 2624. 2624. 2624. 1772. 1772. 2624. 2624. 1772. 2624. 2624.
 1772. 1772. 1772. 1772. 1772. 2624. 1772. 2624. 2624. 1772.   18. 1772.
 1772. 1772. 
 1772. 1772. 1772. 1772. 1772.   18.   18.   18.   18.   18.   18.   18.
   18.   18.   18.   18.   18.   18.   18.   18.   18.   18.   18.   18.
 1772. 1772. 
 1772. 1772.   18.   18.   18. 1772. 1772. 2624. 1772. 2624. 2624. 1772.
 1772. 2624. 2624. 2624. 1772. 1772. 1772. 2624. 2624. 1772. 2624. 1772.
 1772. 1772. 
   18. 1772. 1772. 2624. 1772. 2624. 2624. 1772. 1772. 1772. 1772. 2624.
 2624. 2624. 2624. 2624. 1772. 1772.   18.   18.   18.   18.   18.   18.
   18.   18. 
   18.   18.   18.   18.   18.   18.   18.   18.   18.   18.   18.   18.
   18.   18.   18.   18.   18. 1772. 1772. 2624. 1772. 2624. 2624. 2624.
 2624. 2624. 
 2624. 1772. 1772. 2624. 1772. 2624. 2624. 1772. 1772. 1772.   18.   18.
   18.   18. 1772. 2624. 1772. 2624. 2624. 1772. 1772. 1772. 2624. 2624.
 2624. 2624. 
 2624. 2624. 1772. 1772.   18.   18.   18.   18.   18.   18.   18.   18.
   18.   18.   18.   18.   18.   18.   18.   18.   18.   18.   18.   18.
   18.   18. 
   18.   18.   18. 1772. 1772. 2624. 1772. 1772. 2624. 2624. 2624. 2624.
 2624. 1772. 2624. 2624. 1772. 2624. 1772. 1772. 1772.   18.   18.   18.
   18.   18. 
 1772. 1772. 1772. 2624. 2624. 1772. 2624. 2624. 2624. 2624. 1772. 1772.
 2624. 1772. 1772. 1772. 1772.   18.   18.   18.   18.   18. 1772. 1772.
 1772. 1772. 
 1772. 1772.   18.   18.   18.   18.   18.   18.   18.   18.   18.   18.
   18.   18.   18. 1772. 1772. 2624. 2624. 1772. 1772. 2624. 2624. 2624.
 1772. 2624. 
 2624. 2624. 1772. 2624. 2624. 1772.   18.   18.   18.   18.   18.   18.
 1772. 1772. 1772. 2624. 2624. 2624. 1772. 2624. 2624. 1772. 1772. 2624.
 1772. 2624. 
 2624. 2624. 2624. 1772.   18.   18.   18. 1772. 1772. 2624. 2624. 2624.
 2624. 1772. 1772. 1772.   18.   18.   18.   18.   18.   18.   18.   18.
   18.   18. 
   18.   18. 1772. 2624. 2624. 2624. 2624. 1772. 1772. 1772. 2624. 2624.
 1772. 1772. 1772. 2624. 2624. 1772.   18.   18.   18.   18.   18.   18.
   18. 1772. 
 1772. 2624. 2624. 2624. 1772. 1772. 1772. 1772. 1772. 1772. 2624. 2624.
 2624. 2624. 2624. 2624. 1772.   18. 1772. 1772. 2624. 2624. 2624. 2624.
 2624. 2624. 
 2624. 1772. 1772.   18.   18.   18.   18.   18.   18.   18.   18.   18.
   18.   18. 1772. 1772. 1772. 1772. 2624. 1772. 1772. 1772. 1772. 1772.
 1772. 1772. 
 1772. 2624. 2624. 1772.   18.   18.   18.   18.   18.   18.   18. 1772.
 1772. 1772. 2624. 2624. 2624. 2624. 2624. 2624. 2624. 2624. 2624. 2624.
 1772. 1772. 
 2624. 2624. 2624. 1772. 1772. 2624. 2624. 2624. 1772. 1772. 2624. 2624.
 2624. 1772. 1772. 1772.   18.   18.   18.   18.   18.   18.   18.   18.
   18.   18. 
   18.   18. 1772. 1772. 1772. 1772. 1772. 1772.   18.   18.   18. 1772.
 1772. 2624. 2624. 1772.   18.   18.   18.   18.   18.   18.   18.   18.
 1772. 1772. 
 2624. 2624. 2624. 2624. 2624. 2624. 2624. 2624. 2624. 1772. 1772. 1772.
 1772. 2624. 2624. 1772. 2624. 2624. 2624. 1772. 1772. 1772. 1772. 1772.
 2624. 2624. 
 1772. 1772. 1772.   18.   18.   18.   18.   18.   18.   18.   18.   18.
   18.   18.   18.   18.   18.   18.   18.   18.   18.   18.   18. 1772.
 1772. 2624. 
 2624. 2624.   18.   18.   18.   18.   18.   18.   18.   18.   18.   18.
 1772. 1772. 2624. 2624. 2624. 2624. 2624. 1772. 1772. 2624. 1772. 1772.
 1772. 2624. 
 2624. 1772. 2624. 2624. 1772. 1772.   18.   18. 1772. 1772. 1772. 2624.
 2624. 1772. 1772.   18.   18.   18.   18.   18.   18.   18.   18. 1772.
 1772. 1772. 
 1772. 1772.   18.   18.   18.   18.   18.   18.   18. 1772. 1772. 2624.
 2624. 2624. 
/