PERMI
 3909. 3909. 3909. 2927. 2927. 2927. 2927. 2927. 2927.   38.   38.   38.
   38.   38.   38.   38.   38.   38.   38.   38.   38.   38.   38.   38.
   38.   38. 
 38. 38. 38. 38. 38. 38. 38. 38. 38. 38. 38. 38. 38. 38. 38. 38. 38. 38.
 38. 38. 38. 38. 38. 38. 38. 38. 
   38. 2927. 3909. 3909. 3909. 3909. 3909. 3909. 3909. 3909. 3909. 3909.
 3909. 3909. 3909. 3909. 3909. 3909. 3909. 3909. 2927. 2927.   38.   38.
   38.   38. 
 38. 38. 38. 38. 38. 38. 38. 38. 38. 38. 38. 38. 38. 38. 38. 38. 38. 38.
 38. 38. 38. 38. 38. 38. 38. 38. 
   38.   38.   38.   38.   38.   38.   38.   38.   38.   38.   38.   38.
   38. 2927. 3909. 3909. 3909. 3909. 3909. 3909. 3909. 3909. 3909. 3909.
 3909. 3909. 
 3909. 3909. 3909. 3909. 3909. 3909. 3909. 2927. 2927.   38.   38.   38.
   38.   38.   38.   38.   38.   38.   38.   38.   38.   38.   38.   38.
   38.   38. 
 38. 38. 38. 38. 38. 38. 38. 38. 38. 38. 38. 38. 38. 38. 38. 38. 38. 38.
 38. 38. 38. 38. 38. 38. 38. 38. 
 2927. 2927. 3909. 3909. 3909. 3909. 2927. 2927. 2927. 3909. 2927. 3909.
 3909. 3909. 3909. 3909. 3909. 3909. 3909. 3909. 2927.   38.   38.   38.
   38.   38. 
 38. 38. 38. 38. 38. 38. 38. 38. 38. 38. 38. 38. 38. 38. 38. 38. 38. 38.
 38. 38. 38. 38. 38. 38. 38. 38. 
   38.   38.   38.   38.   38.   38.   38.   38.   38.   38.   38.   38.
   38. 2927. 2927. 2927. 2927. 2927. 3909. 2927.   38. 2927. 2927. 2927.
 2927. 2927. 
 2927. 2927. 2927. 3909. 3909. 3909. 2927.   38.   38.   38.   38.   38.
   38.   38.   38.   38.   38.   38.   38.   38.   38.   38.   38.   38.
   38.   38. 
   38.   38.   38.   38.   38.   38.   38.   38.   38.   38.   38.   38.
   38.   38.   38.   38.   38.   38.   38.   38.   38.   38.   38.   38.
   38. 2927. 
 3909. 3909. 3909. 3909. 2927. 2927. 2927. 2927.   38.   38.   38.   38.
   38. 2927. 2927. 3909. 3909. 2927. 2927.   38.   38.   38.   38.   38.
   38.   38. 
 38. 38. 38. 38. 38. 38. 38. 38. 38. 38. 38. 38. 38. 38. 38. 38. 38. 38.
 38. 38. 38. 38. 38. 38. 38. 38. 
   38.   38.   38.   38.   38.   38.   38.   38.   38.   38.   38. 2927.
 3909. 3909. 3909. 2927. 2927. 2927. 2927. 2927.   38.   38.   38.   38.
   38. 2927. 
 3909. 3909. 3909. 2927. 2927.   38.   38.   38.   38.   38.   38.   38.
   38.   38.   38.   38.   38.   38.   38.   38.   38.   38.   38.   38.
   38.   38. 
   38.   38.   38.   38.   38.   38.   38.   38.   38.   38.   38.   38.
   38.   38.   38.   38.   38.   38.   38.   38.   38.   38.   38. 2927.
 3909. 3909. 
 3909. 2927. 2927. 3909. 3909. 2927.   38.   38.   38.   38. 2927. 2927.
 3909. 3909. 3909. 2927.   38.   38.   38.   38.   38.   38.   38.   38.
   38.   38. 
 38. 38. 38. 38. 38. 38. 38. 38. 38. 38. 38. 38. 38. 38. 38. 38. 38. 38.
 38. 38. 38. 38. 38. 38. 38. 38. 
   38.   38.   38.   38.   38.   38.   38.   38.   38. 2927. 2927. 3909.
 3909. 3909. 3909. 3909. 3909. 2927.   38.   38.   38.   38. 2927. 3909.
 3909. 3909. 
 2927. 2927.   38.   38.   38.   38.   38.   38.   38.   38.   38.   38.
   38.   38.   38.   38.   38.   38.   38.   38.   38.   38.   38.   38.
   38.   38. 
   38.   38.   38.   38.   38.   38.   38.   38.   38.   38.   38.   38.
   38.   38.   38.   38.   38.   38.   38.   38.   38. 2927. 2927. 3909.
 3909. 3909. 
 3909. 3909. 3909. 2927.   38.   38.   38.   38. 2927. 3909. 3909. 3909.
 2927.   38.   38. 2927. 2927. 2927. 2927. 2927.   38.   38.   38.   38.
   38.   38. 
 38. 38. 38. 38. 38. 38. 38. 38. 38. 38. 38. 38. 38. 38. 38. 38. 38. 38.
 38. 38. 38. 38. 38. 38. 38. 38. 
   38.   38.   38.   38.   38.   38.   38.   38. 2927. 2927. 2927. 3909.
 2927. 2927. 2927. 2927.   38.   38.   38.   38. 2927. 3909. 3909. 3909.
 2927. 2927. 
 2927. 2927. 2927. 3909. 3909. 2927. 2927.   38.   38.   38.   38.   38.
   38.   38.   38.   38.   38.   38.   38.   38.   38.   38.   38.   38.
   38.   38. 
   38.   38.   38.   38.   38.   38.   38.   38.   38.   38.   38.   38.
   38.   38.   38.   38.   38.   38.   38.   38.   38. 2927. 2927. 2927.
 2927. 2927. 
   38.   38.   38.   38.   38.   38. 2927. 3909. 3909. 3909. 3909. 3909.
 3909. 3909. 3909. 3909. 3909. 3909. 2927. 2927.   38.   38.   38.   38.
   38.   38. 
 38. 38. 38. 38. 38. 38. 38. 38. 38. 38. 38. 38. 38. 38. 38. 38. 38. 38.
 38. 38. 38. 38. 38. 38. 38. 38. 
   38.   38.   38.   38.   38.   38.   38.   38.   38.   38.   38.   38.
   38. 2927.   38.   38.   38.   38. 2927. 2927. 3909. 3909. 3909. 3909.
 3909. 3909. 
 3909. 3909. 3909. 3909. 3909. 2927.   38.   38.   38.   38.   38.   38.
   38.   38.   38.   38.   38.   38.   38.   38.   38.   38.   38.   38.
   38.   38. 
   38.   38.   38.   38.   38.   38.   38.   38.   38.   38.   38.   38.
   38.   38.   38.   38.   38.   38.   38.   38.   38.   38.   38.   38.
   38. 2927. 
   38.   38.   38.   38.   38. 2927. 2927. 3909. 3909. 3909. 3909. 3909.
 3909. 2927. 3909. 3909. 3909. 2927.   38.   38.   38.   38.   38.   38.
   38.   38. 
 38. 38. 38. 38. 38. 38. 38. 38. 38. 38. 38. 38. 38. 38. 38. 38. 38. 38.
 38. 38. 38. 38. 38. 38. 38. 38. 
   38.   38.   38.   38.   38.   38.   38.   38.   38.   38. 2927. 2927.
   38.   38.   38.   38.   38.   38.   38. 2927. 2927. 2927. 2927. 2927.
 2927. 2927. 
 3909. 3909. 3909. 2927.   38.   38.   38.   38.   38.   38.   38.   38.
   38.   38.   38.   38.   38.   38.   38.   38.   38.   38.   38.   38.
   38.   38. 
   38.   38.   38.   38.   38.   38.   38.   38.   38.   38.   38.   38.
   38.   38.   38.   38.   38.   38.   38.   38.   38.   38. 2927. 2927.
   38.   38. 
   38.   38.   38.   38.   38.   38.   38.   38.   38.   38. 2927. 2927.
 3909. 3909. 3909. 2927.   38.   38.   38.   38.   38.   38.   38.   38.
   38.   38. 
 38. 38. 38. 38. 38. 38. 38. 38. 38. 38. 38. 38. 38. 38. 38. 38. 38. 38.
 38. 38. 38. 38. 38. 38. 38. 38. 
   38.   38.   38.   38.   38.   38.   38.   38.   38. 2927.   38.   38.
   38.   38.   38.   38.   38.   38.   38.   38.   38.   38. 2927. 3909.
 3909. 3909. 
 3909. 2927.   38.   38.   38.   38.   38.   38.   38.   38.   38.   38.
   38.   38.   38.   38.   38.   38.   38.   38.   38.   38.   38.   38.
   38.   38. 
   38.   38.   38.   38.   38.   38.   38.   38.   38.   38.   38.   38.
   38.   38.   38.   38.   38.   38.   38.   38.   38. 2927.   38.   38.
   38.   38. 
   38.   38.   38.   38.   38.   38.   38.   38. 2927. 3909. 3909. 3909.
 2927. 2927.   38.   38.   38.   38.   38.   38.   38.   38.   38.   38.
   38.   38. 
 38. 38. 38. 38. 38. 38. 38. 38. 38. 38. 38. 38. 38. 38. 38. 38. 38. 38.
 38. 38. 38. 38. 38. 38. 38. 38. 
   38.   38.   38.   38.   38.   38.   38.   38.   38.   38.   38.   38.
   38.   38.   38.   38.   38.   38.   38. 2927. 2927. 3909. 3909. 3909.
 2927.   38. 
 38. 38. 38. 38. 38. 38. 38. 38. 38. 38. 38. 38. 38. 38. 38. 38. 38. 38.
 38. 38. 38. 38. 38. 38. 38. 38. 
 38. 38. 38. 38. 38. 38. 38. 38. 38. 38. 38. 38. 38. 38. 38. 38. 38. 38.
 38. 38. 38. 38. 38. 38. 38. 38. 
   38.   38.   38.   38. 2927. 2927. 3909. 3909. 3909. 2927. 2927.   38.
   38.   38.   38.   38.   38.   38.   38.   38.   38.   38.   38.   38.
   38.   38. 
 38. 38. 38. 38. 38. 38. 38. 38. 38. 38. 38. 38. 38. 38. 38. 38. 38. 38.
 38. 38. 38. 38. 38. 38. 38. 38. 
   38.   38.   38.   38.   38.   38.   38.   38.   38.   38.   38.   38.
   38.   38.   38.   38. 2927. 2927. 3909. 3909. 3909. 2927. 2927. 2927.
   38.   38. 
 38. 38. 38. 38. 38. 38. 38. 38. 38. 38. 38. 38. 38. 38. 38. 38. 38. 38.
 38. 38. 38. 38. 38. 38. 38. 38. 
   38.   38.   38.   38.   38.   38.   38.   38.   38.   38.   38.   38.
   38.   38.   38.   38.   38.   38. 2927.   38.   38.   38.   38.   38.
   38.   38. 
   38.   38. 2927. 2927. 3909. 3909. 3909. 3909. 3909. 2927. 2927. 2927.
   38.   38.   38.   38.   38.   38.   38.   38.   38.   38.   38.   38.
   38.   38. 
 38. 38. 38. 38. 38. 38. 38. 38. 38. 38. 38. 38. 38. 38. 38. 38. 38. 38.
 38. 38. 38. 38. 38. 38. 38. 38. 
   38.   38.   38.   38. 2927. 2927.   38.   38.   38.   38.   38.   38.
   38.   38.   38. 2927. 3909. 3909. 3909. 3909. 3909. 3909. 3909. 2927.
 2927.   38. 
 38. 38. 38. 38. 38. 38. 38. 38. 38. 38. 38. 38. 38. 38. 38. 38. 38. 38.
 38. 38. 38. 38. 38. 38. 38. 38. 
   38.   38.   38.   38.   38.   38.   38.   38.   38.   38.   38.   38.
   38.   38.   38.   38. 2927. 2927.   38.   38.   38.   38.   38.   38.
   38.   38. 
   38.   38. 2927. 2927. 3909. 3909. 3909. 3909. 3909. 3909. 3909. 2927.
   38.   38.   38.   38.   38.   38.   38.   38.   38.   38.   38.   38.
   38.   38. 
 38. 38. 38. 38. 38. 38. 38. 38. 38. 38. 38. 38. 38. 38. 38. 38. 38. 38.
 38. 38. 38. 38. 38. 38. 38. 38. 
   38.   38. 3909. 2927.   38.   38.   38.   38.   38.   38.   38.   38.
   38.   38.   38. 2927. 2927. 3909. 3909. 3909. 3909. 3909. 3909. 2927.
 2927.   38. 
 38. 38. 38. 38. 38. 38. 38. 38. 38. 38. 38. 38. 38. 38. 38. 38. 38. 38.
 38. 38. 38. 38. 38. 38. 38. 38. 
   38.   38.   38.   38.   38.   38.   38.   38.   38.   38.   38.   38.
   38.   38. 3909. 2927.   38.   38.   38.   38.   38.   38.   38.   38.
   38.   38. 
   38.   38.   38. 2927. 2927. 2927. 3909. 3909. 3909. 3909. 2927.   38.
   38.   38.   38.   38.   38.   38.   38.   38.   38.   38.   38.   38.
   38.   38. 
 38. 38. 38. 38. 38. 38. 38. 38. 38. 38. 38. 38. 38. 38. 38. 38. 38. 38.
 38. 38. 38. 38. 38. 38. 38. 38. 
 3909. 2927.   38.   38.   38.   38.   38.   38.   38.   38.   38.   38.
   38.   38.   38.   38.   38. 2927. 2927. 3909. 3909. 3909. 2927.   38.
   38.   38. 
 38. 38. 38. 38. 38. 38. 38. 38. 38. 38. 38. 38. 38. 38. 38. 38. 38. 38.
 38. 38. 38. 38. 38. 38. 38. 38. 
   38.   38.   38.   38.   38.   38.   38.   38.   38.   38.   38.   38.
 2927. 2927.   38.   38.   38.   38.   38.   38.   38.   38.   38.   38.
   38.   38. 
   38.   38.   38. 2927. 3909. 3909. 3909. 3909. 2927.   38.   38.   38.
   38.   38.   38.   38.   38.   38.   38.   38.   38.   38.   38.   38.
   38.   38. 
   38.   38.   38.   38.   38.   38.   38.   38.   38.   38.   38.   38.
   38.   38.   38.   38.   38.   38.   38.   38.   38.   38.   38.   38.
 2927. 2927. 
   38.   38.   38.   38.   38.   38.   38.   38.   38.   38.   38.   38.
   38.   38.   38. 2927. 3909. 3909. 3909. 2927. 2927.   38.   38.   38.
   38.   38. 
 38. 38. 38. 38. 38. 38. 38. 38. 38. 38. 38. 38. 38. 38. 38. 38. 38. 38.
 38. 38. 38. 38. 38. 38. 38. 38. 
   38.   38.   38.   38.   38.   38.   38.   38.   38.   38. 2927.   38.
   38.   38.   38.   38.   38.   38.   38.   38.   38.   38.   38.   38.
   38.   38. 
   38. 2927. 3909. 3909. 3909. 2927.   38.   38.   38.   38.   38.   38.
   38.   38.   38.   38.   38.   38.   38.   38.   38.   38.   38.   38.
   38.   38. 
   38.   38.   38.   38.   38.   38.   38.   38.   38.   38.   38.   38.
   38.   38.   38.   38.   38.   38.   38.   38.   38.   38. 2927. 2927.
   38.   38. 
   38.   38.   38.   38.   38.   38.   38.   38.   38.   38.   38.   38.
 2927. 2927. 3909. 3909. 3909. 2927.   38.   38.   38.   38.   38.   38.
   38.   38. 
 38. 38. 38. 38. 38. 38. 38. 38. 38. 38. 38. 38. 38. 38. 38. 38. 38. 38.
 38. 38. 38. 38. 38. 38. 38. 38. 
   38.   38.   38.   38.   38.   38.   38.   38. 2927. 2927. 2927. 2927.
   38.   38.   38.   38.   38.   38.   38.   38.   38.   38.   38.   38.
 2927. 3909. 
 3909. 3909. 2927. 2927.   38.   38.   38.   38.   38.   38.   38.   38.
   38.   38.   38.   38.   38.   38.   38.   38.   38.   38.   38.   38.
   38.   38. 
   38.   38.   38.   38.   38.   38.   38.   38.   38.   38.   38.   38.
   38.   38.   38.   38.   38.   38.   38.   38. 3909. 2927. 3909. 2927.
 2927. 2927. 
 2927.   38.   38.   38.   38.   38.   38.   38.   38.   38. 2927. 3909.
 3909. 3909. 2927. 2927. 2927.   38.   38.   38.   38.   38.   38.   38.
   38.   38. 
 38. 38. 38. 38. 38. 38. 38. 38. 38. 38. 38. 38. 38. 38. 38. 38. 38. 38.
 38. 38. 38. 38. 38. 38. 38. 38. 
   38.   38.   38.   38.   38.   38. 3909. 2927. 2927. 3909. 3909. 3909.
 2927. 2927.   38.   38.   38.   38.   38.   38.   38.   38. 2927. 3909.
 3909. 3909. 
 2927. 2927. 2927. 2927. 2927. 2927. 2927. 2927.   38.   38.   38.   38.
   38.   38.   38.   38.   38.   38.   38.   38.   38.   38.   38.   38.
   38.   38. 
   38.   38.   38.   38.   38.   38.   38.   38.   38.   38.   38.   38.
   38.   38.   38.   38.   38.   38. 3909. 3909. 2927. 3909. 3909. 3909.
 3909. 2927. 
 2927.   38.   38.   38.   38.   38.   38.   38. 2927. 3909. 3909. 3909.
 3909. 3909. 3909. 3909. 3909. 3909. 3909. 2927. 2927.   38.   38.   38.
   38.   38. 
 38. 38. 38. 38. 38. 38. 38. 38. 38. 38. 38. 38. 38. 38. 38. 38. 38. 38.
 38. 38. 38. 38. 38. 38. 38. 38. 
   38.   38.   38.   38. 3909. 3909. 2927. 2927. 2927. 3909. 3909. 3909.
 2927. 2927.   38.   38.   38.   38.   38.   38. 2927. 2927. 3909. 3909.
 3909. 3909. 
 3909. 3909. 3909. 3909. 3909. 3909. 2927.   38.   38.   38.   38.   38.
   38.   38.   38.   38.   38.   38.   38.   38.   38.   38.   38.   38.
   38.   38. 
   38.   38.   38.   38.   38.   38.   38.   38.   38.   38.   38.   38.
   38.   38.   38.   38. 3909. 3909. 2927. 2927. 2927. 2927. 3909. 3909.
 2927. 2927. 
   38.   38.   38.   38.   38.   38.   38. 2927. 2927. 3909. 3909. 3909.
 3909. 3909. 3909. 3909. 3909. 3909. 3909. 2927.   38.   38.   38.   38.
   38.   38. 
 38. 38. 38. 38. 38. 38. 38. 38. 38. 38. 38. 38. 38. 38. 38. 38. 38. 38.
 38. 38. 38. 38. 38. 38. 38. 38. 
   38.   38. 3909. 3909. 2927.   38. 2927. 2927. 3909. 3909. 2927. 2927.
   38.   38.   38.   38.   38.   38.   38.   38. 2927. 2927. 2927. 2927.
 2927. 2927. 
 2927. 2927. 3909. 3909. 3909. 2927.   38.   38.   38.   38. 2927. 2927.
 2927. 2927. 2927. 2927.   38.   38.   38.   38.   38.   38.   38.   38.
   38.   38. 
   38.   38.   38.   38.   38.   38.   38.   38.   38.   38.   38.   38.
   38.   38. 3909. 3909. 2927.   38. 2927. 2927. 3909. 3909. 2927. 2927.
   38.   38. 
   38.   38.   38.   38.   38.   38.   38.   38.   38.   38.   38.   38.
   38. 2927. 3909. 3909. 3909. 2927.   38.   38. 2927. 2927. 2927. 2927.
 3909. 3909. 
 3909. 2927. 2927.   38.   38.   38.   38.   38.   38.   38.   38.   38.
   38.   38.   38.   38.   38.   38.   38.   38.   38.   38.   38.   38.
   38.   38. 
 3909. 2927.   38. 2927. 2927. 3909. 3909. 3909. 2927.   38.   38.   38.
   38.   38.   38.   38.   38.   38.   38.   38.   38.   38.   38.   38.
   38. 2927. 
 3909. 3909. 3909. 3909. 2927. 2927. 2927. 3909. 3909. 3909. 3909. 3909.
 3909. 3909. 2927. 2927.   38.   38.   38.   38.   38.   38.   38.   38.
   38.   38. 
   38.   38.   38.   38.   38.   38.   38.   38.   38.   38.   38.   38.
 3909. 2927.   38. 2927. 2927. 3909. 3909. 3909. 2927.   38.   38.   38.
   38.   38. 
   38.   38.   38.   38.   38.   38.   38.   38.   38.   38.   38.   38.
 2927. 3909. 3909. 3909. 3909. 3909. 3909. 3909. 3909. 3909. 3909. 3909.
 3909. 3909. 
 3909. 2927.   38.   38.   38.   38.   38.   38.   38.   38.   38.   38.
   38.   38.   38.   38.   38.   38.   38.   38.   38.   38.   38.   38.
 3909. 2927. 
 2927. 2927. 2927. 3909. 3909. 2927. 2927.   38.   38.   38.   38.   38.
   38.   38.   38.   38.   38.   38.   38.   38.   38.   38.   38.   38.
 2927. 3909. 
 3909. 3909. 3909. 3909. 3909. 3909. 3909. 3909. 2927. 2927. 3909. 3909.
 3909. 2927.   38.   38.   38.   38.   38.   38.   38.   38.   38.   38.
   38.   38. 
   38.   38.   38.   38.   38.   38.   38.   38.   38.   38. 3909. 3909.
 3909. 3909. 3909. 2927. 2927. 2927. 2927.   38.   38.   38.   38.   38.
   38.   38. 
   38.   38.   38.   38.   38.   38.   38.   38.   38.   38.   38. 2927.
 2927. 3909. 3909. 3909. 3909. 2927. 2927. 2927. 2927. 2927. 3909. 3909.
 3909. 2927. 
   38.   38.   38.   38.   38.   38.   38.   38.   38.   38.   38.   38.
   38.   38.   38.   38.   38.   38.   38.   38.   38.   38. 3909. 3909.
 3909. 3909. 
 3909. 3909. 3909. 3909. 2927. 2927.   38.   38.   38.   38.   38.   38.
   38.   38.   38.   38.   38.   38.   38.   38.   38.   38.   38.   38.
 2927. 2927. 
 2927. 2927. 2927. 2927.   38.   38.   38. 2927. 3909. 3909. 3909. 2927.
   38.   38.   38.   38.   38.   38.   38.   38.   38.   38.   38.   38.
   38.   38. 
   38.   38.   38.   38.   38.   38.   38.   38. 3909. 3909. 3909. 3909.
 3909. 3909. 3909. 3909. 3909. 2927. 2927. 2927. 2927. 2927.   38.   38.
   38.   38. 
   38.   38.   38.   38.   38.   38.   38.   38.   38.   38.   38.   38.
   38.   38.   38.   38.   38.   38.   38. 2927. 3909. 3909. 3909. 2927.
   38. 2927. 
 2927. 2927. 2927. 2927. 2927.   38.   38.   38.   38.   38.   38.   38.
   38.   38.   38.   38.   38.   38.   38.   38. 2927. 2927. 2927. 2927.
 2927. 3909. 
 3909. 3909. 3909. 2927. 2927. 2927. 2927. 2927. 2927. 2927.   38.   38.
   38.   38.   38.   38.   38.   38.   38.   38.   38.   38.   38.   38.
   38.   38. 
   38.   38.   38.   38.   38. 2927. 3909. 3909. 3909. 2927. 2927. 2927.
 3909. 3909. 3909. 3909. 3909. 2927.   38.   38.   38.   38.   38.   38.
   38.   38. 
   38.   38.   38.   38.   38.   38.   38.   38.   38. 2927. 2927. 2927.
 2927. 3909. 3909. 3909. 2927. 3909. 3909. 3909. 2927. 2927.   38.   38.
   38.   38. 
   38.   38.   38.   38.   38.   38.   38.   38.   38.   38.   38.   38.
   38.   38.   38.   38. 2927. 2927. 3909. 3909. 3909. 2927. 3909. 3909.
 3909. 3909. 
 3909. 3909. 3909. 2927. 2927.   38.   38.   38.   38.   38.   38.   38.
   38.   38.   38.   38.   38.   38.   38.   38.   38. 2927. 2927. 2927.
 2927. 3909. 
 3909. 2927. 2927. 3909. 3909. 3909. 3909. 2927. 2927.   38.   38.   38.
   38.   38.   38.   38.   38.   38.   38.   38.   38.   38.   38.   38.
   38.   38. 
   38.   38.   38. 2927. 3909. 3909. 3909. 3909. 3909. 3909. 3909. 3909.
 3909. 3909. 3909. 2927. 2927.   38.   38.   38.   38.   38.   38.   38.
   38.   38. 
   38.   38.   38.   38.   38.   38.   38.   38. 2927. 2927. 3909. 3909.
 3909. 2927. 3909. 3909. 3909. 3909. 3909. 2927. 2927.   38.   38.   38.
   38.   38. 
   38.   38.   38.   38.   38.   38.   38.   38.   38.   38.   38.   38.
   38.   38.   38. 2927. 2927. 3909. 3909. 3909. 3909. 3909. 2927. 2927.
 3909. 3909. 
 3909. 2927. 2927.   38.   38.   38.   38.   38.   38.   38.   38.   38.
   38.   38.   38.   38.   38.   38.   38.   38. 2927. 2927. 3909. 3909.
 3909. 2927. 
 2927. 2927. 2927. 3909. 3909. 2927. 2927.   38.   38.   38.   38.   38.
   38.   38.   38.   38.   38.   38.   38.   38.   38.   38.   38.   38.
   38.   38. 
   38.   38. 2927. 2927. 2927. 2927. 2927. 2927. 2927. 2927. 3909. 3909.
 3909. 2927.   38.   38.   38.   38.   38.   38.   38.   38.   38.   38.
   38.   38. 
   38.   38.   38.   38.   38.   38. 2927. 2927. 3909. 3909. 3909. 2927.
 2927. 2927. 3909. 3909. 3909. 2927. 2927.   38.   38.   38.   38.   38.
   38.   38. 
   38.   38.   38.   38.   38.   38.   38.   38.   38.   38.   38.   38.
   38.   38.   38.   38.   38.   38.   38.   38.   38. 2927. 3909. 3909.
 3909. 2927. 
   38.   38.   38.   38.   38.   38.   38.   38.   38.   38.   38.   38.
   38.   38.   38.   38.   38.   38. 2927. 3909. 3909. 3909. 2927.   38.
 2927. 2927. 
 3909. 3909. 3909. 2927. 2927.   38.   38.   38.   38.   38.   38.   38.
   38.   38.   38.   38.   38.   38.   38.   38.   38.   38.   38.   38.
   38.   38. 
   38.   38.   38.   38.   38.   38. 2927. 2927. 3909. 3909. 2927.   38.
   38.   38.   38.   38.   38.   38.   38.   38.   38.   38.   38.   38.
   38.   38. 
   38.   38.   38.   38. 2927. 3909. 3909. 2927. 2927. 2927. 2927. 3909.
 3909. 3909. 2927. 2927. 2927.   38.   38.   38.   38.   38.   38.   38.
   38.   38. 
   38.   38.   38.   38.   38.   38.   38.   38.   38.   38.   38.   38.
   38.   38.   38.   38.   38.   38. 2927. 3909. 3909. 3909. 2927.   38.
   38.   38. 
   38.   38.   38.   38.   38.   38.   38.   38.   38.   38.   38.   38.
   38.   38.   38.   38. 2927. 3909. 3909. 2927.   38. 2927. 2927. 3909.
 3909. 3909. 
 2927. 2927.   38.   38.   38.   38.   38.   38.   38.   38.   38.   38.
   38.   38.   38.   38.   38.   38.   38.   38.   38.   38.   38.   38.
   38.   38. 
   38.   38.   38.   38. 2927. 2927. 3909. 3909. 2927.   38. 2927. 2927.
 2927. 2927. 2927.   38.   38.   38.   38.   38.   38.   38.   38.   38.
   38.   38. 
   38.   38. 2927. 3909. 3909. 3909. 2927. 2927. 2927. 3909. 3909. 3909.
 2927. 2927. 2927. 2927. 2927. 2927. 2927. 2927. 2927.   38.   38.   38.
   38.   38. 
   38.   38.   38.   38.   38.   38.   38.   38.   38.   38.   38.   38.
   38.   38.   38.   38.   38. 2927. 3909. 3909. 3909. 2927. 2927. 3909.
 2927. 2927. 
 2927. 2927. 2927.   38.   38.   38.   38.   38.   38.   38.   38.   38.
   38.   38. 2927. 2927. 3909. 3909. 3909. 2927. 2927. 2927. 3909. 3909.
 2927. 2927. 
 2927. 2927. 3909. 3909. 3909. 2927. 2927. 2927.   38.   38.   38.   38.
   38.   38.   38.   38.   38.   38.   38.   38.   38.   38.   38.   38.
   38.   38. 
   38.   38.   38. 2927. 3909. 3909. 3909. 3909. 3909. 3909. 3909. 3909.
 3909. 3909. 2927. 2927.   38.   38.   38.   38.   38.   38.   38.   38.
   38.   38. 
   38. 2927. 2927. 3909. 3909. 3909. 3909. 3909. 2927. 2927. 3909. 3909.
 3909. 3909. 3909. 3909. 3909. 3909. 3909. 2927. 2927.   38.   38.   38.
   38.   38. 
   38.   38.   38.   38.   38.   38.   38.   38.   38.   38.   38.   38.
   38.   38.   38.   38. 2927. 3909. 3909. 3909. 3909. 3909. 3909. 3909.
 3909. 3909. 
 3909. 2927.   38.   38.   38.   38.   38.   38.   38.   38.   38.   38.
   38.   38. 2927. 2927. 3909. 3909. 3909. 3909. 3909. 2927. 2927. 3909.
 3909. 3909. 
 3909. 3909. 3909. 3909. 3909. 3909. 2927. 2927.   38.   38.   38.   38.
   38.   38.   38.   38.   38.   38.   38.   38.   38.   38.   38.   38.
   38.   38. 
   38.   38.   38. 2927. 2927. 2927. 2927. 2927. 2927. 3909. 3909. 3909.
 3909. 2927.   38.   38.   38.   38.   38.   38.   38.   38.   38.   38.
   38.   38. 
   38.   38. 2927. 2927. 3909. 3909. 3909. 3909. 2927. 3909. 3909. 3909.
 2927. 2927. 2927. 3909. 3909. 3909. 2927. 2927.   38.   38.   38.   38.
   38.   38. 
   38.   38.   38.   38.   38.   38.   38.   38.   38.   38.   38.   38.
   38.   38.   38.   38.   38. 2927. 2927. 2927.   38. 2927. 3909. 3909.
 3909. 2927. 
   38.   38.   38.   38.   38.   38.   38.   38.   38.   38.   38.   38.
   38.   38.   38. 2927. 2927. 3909. 3909. 3909. 2927. 2927. 2927. 2927.
 2927. 2927. 
 2927. 3909. 3909. 3909. 2927.   38.   38.   38.   38.   38.   38.   38.
   38.   38.   38.   38.   38.   38.   38.   38.   38.   38.   38.   38.
   38.   38. 
   38.   38.   38.   38.   38.   38. 2927. 2927. 3909. 3909. 3909. 2927.
   38.   38.   38.   38.   38.   38.   38.   38.   38.   38.   38.   38.
   38.   38. 
   38.   38. 2927. 3909. 3909. 3909. 2927. 2927. 2927. 2927.   38. 2927.
 3909. 3909. 3909. 2927. 2927.   38.   38.   38.   38.   38.   38.   38.
   38.   38. 
   38.   38.   38.   38.   38.   38.   38.   38.   38.   38.   38.   38.
   38.   38.   38.   38.   38.   38. 2927. 2927. 3909. 3909. 2927. 2927.
   38.   38. 
   38.   38.   38.   38.   38.   38.   38.   38.   38.   38.   38.   38.
   38.   38. 2927. 3909. 3909. 3909. 2927.   38.   38.   38. 2927. 2927.
 3909. 3909. 
 3909. 2927. 2927.   38.   38.   38.   38.   38.   38.   38.   38.   38.
   38.   38.   38.   38.   38.   38.   38.   38.   38.   38.   38.   38.
   38.   38. 
   38.   38.   38.   38. 2927. 3909. 3909. 3909. 2927. 2927.   38.   38.
   38.   38.   38.   38.   38.   38.   38.   38.   38.   38.   38.   38.
   38. 2927. 
 2927. 3909. 3909. 2927. 2927.   38.   38.   38. 2927. 3909. 3909. 3909.
 2927. 2927.   38.   38.   38.   38.   38.   38.   38.   38.   38.   38.
   38.   38. 
   38.   38.   38.   38.   38.   38.   38.   38.   38.   38.   38.   38.
   38.   38.   38.   38. 2927. 3909. 3909. 3909. 2927. 2927.   38.   38.
   38.   38. 
   38.   38.   38.   38.   38.   38.   38.   38.   38.   38.   38. 2927.
 3909. 3909. 3909. 2927.   38.   38.   38. 2927. 2927. 3909. 3909. 3909.
 2927. 2927. 
 38. 38. 38. 38. 38. 38. 38. 38. 38. 38. 38. 38. 38. 38. 38. 38. 38. 38.
 38. 38. 38. 38. 38. 38. 38. 38. 
   38.   38. 2927. 2927. 3909. 3909. 3909. 2927. 2927. 2927. 2927. 2927.
 2927. 2927. 
/