PERMI
 1307. 1307. 1307. 1307.  943.   18.   18.   18.   18.   18.   18.   18.
   18.   18.   18.  943. 1307. 1307. 1307.  943.  943. 1307. 1307.  943.
  943.  943. 
  943.  943. 1307. 1307. 1307. 1307. 1307. 1307. 1307. 1307. 1307. 1307.
 1307. 1307. 1307.  943.  943.  943.  943. 1307. 1307. 1307. 1307.  943.
  943.  943. 
  943. 1307. 1307. 1307. 1307. 1307.  943.   18.   18.   18.   18.   18.
 1307. 1307. 1307. 1307.  943.  943.   18.   18.   18.   18.   18.   18.
   18.   18. 
   18.  943. 1307. 1307.  943.  943. 1307. 1307. 1307.  943.   18.   18.
   18.  943. 1307. 1307. 1307. 1307. 1307. 1307. 1307. 1307. 1307. 1307.
 1307. 1307. 
  943.  943.   18.  943. 1307. 1307. 1307. 1307.  943.  943.  943.   18.
   18.  943.  943. 1307. 1307. 1307. 1307.  943.  943.   18.   18.   18.
  943.  943. 
 1307. 1307. 1307. 1307.  943.   18.   18.   18.   18.   18.   18.   18.
   18.  943. 1307. 1307. 1307.  943.  943.  943. 1307.  943.  943.   18.
   18.  943. 
 1307. 1307. 1307.  943.  943.  943.  943.  943.  943.  943.  943.  943.
   18.   18.  943.  943. 1307. 1307. 1307.  943.  943.   18.   18.   18.
   18.   18. 
   18.  943. 1307. 1307. 1307. 1307. 1307.  943.   18.   18.   18.  943.
  943. 1307. 1307. 1307.  943.  943.   18.   18.   18.   18.   18.   18.
   18.  943. 
  943. 1307. 1307. 1307. 1307.  943.  943.  943.  943.  943.  943.  943.
 1307. 1307. 1307.  943.  943.   18.   18.   18.   18.   18.   18.   18.
   18.   18. 
  943. 1307. 1307. 1307.  943.  943.   18.   18.   18.   18.   18.   18.
   18.   18.  943. 1307. 1307. 1307. 1307.  943.   18.   18.   18.   18.
  943.  943. 
 1307. 1307. 1307.  943.   18.   18.   18.   18.   18.   18.   18.   18.
  943.  943. 1307. 1307. 1307. 1307. 1307.  943.  943.  943.  943.  943.
 1307. 1307. 
 1307. 1307.  943.  943.  943.   18.   18.   18.   18.   18.   18.   18.
  943. 1307. 1307. 1307.  943.  943.   18.   18.   18.   18.   18.   18.
   18.   18. 
   18.  943.  943. 1307. 1307. 1307.  943.   18.   18.  943.  943.  943.
 1307. 1307.  943.   18.   18.   18.   18.   18.   18.   18.   18.   18.
   18.  943. 
  943.  943. 1307. 1307. 1307. 1307.  943.  943.  943.  943.  943. 1307.
 1307. 1307. 1307. 1307.  943.  943.   18.   18.   18.   18.   18.   18.
  943.  943. 
 1307. 1307. 1307.  943.   18.   18.   18.   18.   18.   18.   18.   18.
   18.   18.  943.  943. 1307. 1307.  943.   18.  943.  943. 1307. 1307.
 1307. 1307. 
  943.   18.   18.   18.   18.   18.   18.   18.   18.   18.   18.   18.
   18.  943.  943. 1307. 1307. 1307. 1307. 1307.  943.  943.  943.  943.
  943. 1307. 
 1307. 1307. 1307.  943.  943.   18.   18.   18.   18.   18.   18.  943.
 1307. 1307. 1307.  943.  943.   18.   18.   18.   18.   18.   18.   18.
   18.   18. 
   18.  943. 1307. 1307.  943.  943. 1307. 1307. 1307. 1307. 1307.  943.
   18.   18.   18.   18.   18.   18.   18.   18.   18.   18.   18.   18.
   18.   18. 
  943.  943.  943. 1307. 1307. 1307. 1307.  943.  943.  943.  943.  943.
  943. 1307.  943. 1307.  943.  943.   18.   18.   18.   18.   18.  943.
  943. 1307. 
 1307. 1307.  943.  943.   18.   18.   18.   18.   18.   18.   18.   18.
   18.  943. 1307. 1307. 1307.  943. 1307. 1307. 1307.  943.  943.   18.
   18.   18. 
   18.   18.   18.   18.   18.   18.   18.   18.   18.   18.   18.   18.
   18.   18.  943.  943.  943. 1307. 1307.  943.  943.  943.  943.   18.
  943.  943. 
  943. 1307. 1307. 1307.  943.   18.   18.   18.   18.  943.  943. 1307.
 1307. 1307.  943.  943.  943.   18.   18.   18.   18.   18.   18.   18.
   18.  943. 
 1307. 1307. 1307.  943. 1307. 1307.  943.  943.   18.   18.   18.   18.
   18.   18.   18.   18.   18.   18.   18.   18.   18.   18.   18.   18.
   18.   18. 
   18.   18.  943. 1307. 1307.  943.  943. 1307.  943.   18.   18.   18.
  943. 1307. 1307. 1307.  943.  943.   18.   18.   18.   18.  943.  943.
 1307. 1307. 
 1307.  943.  943.  943.   18.   18.   18.   18.   18.   18.   18.  943.
 1307. 1307. 1307.  943. 1307.  943.   18.   18.   18.   18.   18.   18.
   18.   18. 
   18.   18.   18.   18.   18.   18.   18.   18.   18.   18.   18.   18.
   18.  943.  943. 1307. 1307.  943.  943. 1307.  943.   18.   18.   18.
  943.  943. 
 1307. 1307. 1307.  943.   18.   18.   18.   18.   18.  943.  943. 1307.
 1307. 1307. 1307.  943.  943.   18.   18.   18.   18.   18.  943.  943.
 1307. 1307. 
 943. 943. 943.  18.  18.  18.  18.  18.  18.  18.  18.  18.  18.  18.
  18.  18.  18.  18.  18.  18.  18.  18.  18.  18. 943. 943. 
 1307. 1307. 1307.  943.  943. 1307.  943.   18.   18.   18.   18.  943.
  943. 1307. 1307.  943.  943.   18.   18.   18.   18.   18.  943.  943.
 1307. 1307. 
 1307. 1307.  943.  943.   18.   18.   18.  943.  943. 1307. 1307. 1307.
  943.   18.   18.   18.   18.   18.   18.   18.   18.   18.   18.   18.
   18.   18. 
   18.   18.   18.   18.   18.   18.   18.   18.   18.   18.  943.  943.
 1307. 1307. 1307.  943. 1307.  943.  943.   18.   18.   18.   18.  943.
  943. 1307. 
 1307.  943.  943.   18.   18.   18.   18.   18.  943.  943.  943. 1307.
 1307. 1307. 1307.  943.  943.   18.  943.  943. 1307. 1307. 1307.  943.
   18.   18. 
   18.   18.   18.   18.   18.   18.   18.   18.   18.   18.   18.   18.
   18.   18.   18.   18.   18.   18.   18.   18.  943.  943.  943. 1307.
 1307. 1307. 
  943.  943.  943.  943.   18.   18.   18.   18.   18.  943. 1307. 1307.
 1307.  943.   18.   18.   18.   18.   18.   18.   18.   18.  943.  943.
  943. 1307. 
 1307.  943.  943.  943.  943. 1307. 1307. 1307.  943.   18.   18.   18.
  943.   18.   18.   18.   18.   18.   18.   18.   18.   18.   18.   18.
   18.   18. 
   18.   18.   18.   18.  943.  943.  943.  943. 1307. 1307. 1307.  943.
  943.  943.  943.   18.   18.   18.   18.  943.  943.  943. 1307. 1307.
 1307.  943. 
   18.   18.   18.   18.   18.   18.   18.   18.  943.  943. 1307. 1307.
 1307.  943.  943.  943. 1307. 1307. 1307.  943.   18.   18.   18.   18.
  943.  943. 
   18.   18.   18.   18.   18.   18.   18.   18.   18.   18.   18.   18.
   18.   18.   18.  943.  943.  943.  943.  943. 1307. 1307. 1307.  943.
  943.  943. 
   18.   18.   18.   18.  943.  943. 1307. 1307. 1307. 1307.  943.   18.
   18.   18.   18.   18.   18.   18.   18.  943.  943. 1307. 1307. 1307.
  943.  943. 
  943. 1307. 1307. 1307.  943.  943.   18.   18.   18.   18. 1307.  943.
  943.   18.   18.   18.   18.   18.   18.   18.   18.   18.   18.   18.
   18.   18. 
  943.  943. 1307.  943.  943. 1307. 1307. 1307.  943.  943.   18.   18.
   18.   18.   18.  943.  943. 1307. 1307. 1307. 1307.  943.  943.   18.
   18.   18. 
   18.   18.   18.   18.   18.  943.  943. 1307. 1307. 1307.  943.  943.
  943. 1307. 1307.  943.  943.   18.   18.   18.   18.   18. 1307. 1307.
  943.   18. 
   18.   18.   18.   18.   18.   18.   18.   18.   18.   18.   18.   18.
  943. 1307.  943.  943. 1307. 1307. 1307.  943.  943.   18.   18.   18.
   18.   18. 
  943.  943. 1307. 1307. 1307. 1307.  943.  943.   18.   18.   18.   18.
   18.   18.   18.  943.  943.  943. 1307. 1307. 1307.  943.  943.   18.
  943. 1307. 
 1307. 1307.  943.  943.   18.   18.   18.   18. 1307. 1307. 1307.  943.
  943.   18.   18.   18.   18.   18.   18.   18.   18.   18.   18.  943.
  943. 1307. 
  943.  943. 1307. 1307.  943.  943.   18.   18.   18.   18.   18.   18.
  943. 1307. 1307. 1307. 1307.  943.  943.   18.   18.   18.   18.   18.
   18.   18. 
  943.  943.  943. 1307. 1307. 1307.  943.  943.   18.   18.  943. 1307.
 1307. 1307. 1307.  943.  943.  943.   18.   18. 1307. 1307. 1307. 1307.
  943.   18. 
   18.   18.   18.   18.   18.   18.   18.   18.   18.  943.  943. 1307.
  943.  943. 1307. 1307. 1307.  943.  943.   18.   18.   18.   18.   18.
  943. 1307. 
 1307. 1307.  943.  943.   18.   18.   18.   18.   18.   18.   18.   18.
  943. 1307. 1307. 1307. 1307.  943.  943.  943.   18.   18.   18.  943.
 1307. 1307. 
 1307. 1307. 1307.  943.  943.   18.  943. 1307. 1307. 1307. 1307.  943.
   18.   18.   18.   18.   18.   18.   18.   18.   18.   18.  943. 1307.
  943.  943. 
 1307. 1307. 1307. 1307.  943.  943.   18.   18.   18.   18.  943. 1307.
 1307. 1307.  943.  943.   18.   18.   18.   18.   18.   18.   18.  943.
 1307. 1307. 
 1307. 1307.  943.  943.   18.   18.   18.   18.   18.   18.  943.  943.
 1307. 1307. 1307. 1307. 1307.  943.  943.  943. 1307. 1307. 1307.  943.
   18.   18. 
   18.   18.   18.   18.   18.   18.   18.   18.  943.  943. 1307.  943.
  943. 1307. 1307. 1307. 1307.  943.  943.  943.   18.   18.  943. 1307.
 1307. 1307. 
 1307.  943.  943.  943.  943.   18.   18.   18.   18.  943. 1307. 1307.
 1307.  943.  943.   18.   18.   18.   18.   18.   18.   18.   18.  943.
  943.  943. 
 1307. 1307. 1307. 1307. 1307. 1307. 1307. 1307. 1307.  943.   18.   18.
   18.   18.   18.   18.   18.   18.   18.   18.   18.  943.  943. 1307.
  943.  943. 
 1307. 1307. 1307. 1307.  943.  943.  943.   18.  943.  943. 1307. 1307.
 1307. 1307. 1307.  943.  943.  943.   18.   18.   18.  943. 1307. 1307.
  943.  943. 
   18.   18.   18.   18.   18.   18.   18.   18.   18.   18.   18.  943.
  943.  943. 1307. 1307. 1307. 1307. 1307. 1307.  943.  943.   18.   18.
   18.   18. 
   18.   18.   18.   18.   18.   18.   18.   18.  943.  943.  943.  943.
  943. 1307. 1307. 1307. 1307.  943.  943.  943.   18.  943.  943. 1307.
 1307. 1307. 
 1307. 1307. 1307.  943.  943.  943.  943.  943. 1307. 1307.  943.  943.
  943.   18.   18.   18.   18.   18.   18.   18.   18.   18.   18.   18.
   18.  943. 
  943. 1307. 1307. 1307.  943.  943.   18.   18.   18.   18.   18.   18.
   18.   18.   18.   18.   18.   18.   18.   18.   18.  943.  943.  943.
  943.  943. 
  943. 1307. 1307. 1307. 1307.  943.   18.   18.   18.  943.  943.  943.
 1307. 1307. 1307. 1307. 1307.  943.  943.  943. 1307. 1307. 1307. 1307.
  943.  943. 
 943. 943.  18.  18.  18.  18.  18.  18.  18.  18.  18.  18.  18. 943.
 943. 943.  18.  18.  18.  18.  18.  18.  18.  18.  18.  18. 
   18.   18.   18.   18.   18.   18.   18.   18.  943.  943.  943. 1307.
  943.  943. 1307. 1307. 1307.  943.  943.   18.   18.   18.   18.  943.
  943.  943. 
  943. 1307. 1307. 1307.  943.  943. 1307. 1307. 1307. 1307. 1307. 1307.
  943.  943.  943.  943.   18.   18.   18.   18.   18.   18.   18.   18.
   18.  943. 
   18.   18.   18.   18.   18.   18.   18.   18.   18.   18.   18.   18.
   18.   18.   18.   18.   18.   18.   18.   18.   18.   18.  943.  943.
 1307.  943. 
  943. 1307. 1307. 1307.  943.   18.   18.   18.   18.   18.   18.   18.
  943.  943. 1307. 1307. 1307.  943.  943.  943. 1307. 1307. 1307. 1307.
 1307. 1307. 
 1307.  943.  943.  943.   18.   18.   18.   18.   18.  943.  943. 1307.
   18.   18.   18.   18.   18.   18.   18.   18.   18.   18.   18.   18.
   18.   18. 
   18.   18.   18.   18.   18.   18.   18.   18.   18.  943.  943.  943.
  943. 1307. 1307. 1307.  943.  943.   18.   18.   18.   18.   18.   18.
   18.  943. 
  943. 1307. 1307.  943.   18.  943.  943.  943.  943. 1307. 1307. 1307.
 1307. 1307. 1307.  943.  943.   18.   18.  943.  943.  943. 1307. 1307.
  943.   18. 
   18.   18.   18.   18.   18.   18.   18.   18.   18.   18.   18.   18.
   18.   18.   18.   18.   18.   18.   18.   18.  943.  943.  943.  943.
 1307. 1307. 
 1307. 1307.  943.  943.   18.   18.   18.   18.   18.   18.  943.  943.
 1307. 1307. 1307.  943.   18.   18.   18.  943.  943.  943.  943. 1307.
 1307. 1307. 
 1307. 1307.  943.  943.  943.  943. 1307. 1307. 1307. 1307.  943.  943.
   18.   18.   18.   18.   18.   18.   18.   18.   18.   18.   18.   18.
   18.   18. 
   18.   18.   18.   18.  943.  943.  943. 1307. 1307. 1307. 1307. 1307.
 1307.  943.  943.   18.   18.   18.   18.   18.  943.  943.  943. 1307.
 1307. 1307. 
  943.  943.   18.   18.   18.   18.   18.  943.  943.  943.  943. 1307.
 1307. 1307. 1307.  943.  943. 1307. 1307. 1307. 1307. 1307. 1307.  943.
  943.  943. 
   18.   18.   18.   18.   18.   18.   18.   18.   18.   18.   18.   18.
   18.   18.   18.  943.  943. 1307. 1307. 1307. 1307. 1307. 1307.  943.
  943.  943. 
   18.   18.   18.   18.   18.  943.  943. 1307. 1307. 1307. 1307.  943.
  943.   18.   18.   18.   18.   18.   18.   18.   18.  943.  943.  943.
  943. 1307. 
 1307. 1307.  943.  943. 1307. 1307.  943.  943. 1307. 1307. 1307.  943.
  943.  943.   18.   18.   18.   18.   18.   18.   18.   18.   18.   18.
   18.   18. 
  943.  943. 1307. 1307. 1307. 1307.  943.  943.  943.  943.   18.   18.
   18.   18.   18.   18.  943.  943. 1307. 1307. 1307. 1307.  943.  943.
   18.   18. 
   18.   18.   18.   18.   18.   18.   18.   18.   18.  943.  943.  943.
 1307. 1307. 1307.  943. 1307.  943.  943.   18. 1307. 1307. 1307. 1307.
 1307.  943. 
  943.   18.   18.   18.   18.   18.   18.   18.   18.   18.   18.  943.
  943. 1307. 1307. 1307. 1307.  943.  943.  943.  943.   18.   18.   18.
   18.   18. 
   18.  943.  943. 1307. 1307. 1307. 1307.  943.  943.   18.   18.   18.
   18.   18.   18.   18.   18.   18.   18.   18.   18.   18.  943.  943.
 1307. 1307. 
  943.  943.  943.  943.   18.   18.  943.  943. 1307. 1307. 1307. 1307.
  943.  943.   18.   18.   18.   18.   18.   18.   18.   18.  943.  943.
 1307. 1307. 
 1307.  943.  943.  943.  943.  943.   18.   18.   18.   18.   18.   18.
  943.  943. 1307. 1307. 1307.  943.  943.   18.   18.   18.   18.   18.
   18.   18. 
   18.   18.   18.   18.   18.   18.   18.   18.  943. 1307. 1307. 1307.
  943.  943.  943.   18.   18.   18.   18.   18.  943.  943. 1307. 1307.
 1307. 1307. 
  943.   18.   18.   18.   18.   18.   18.   18.  943.  943. 1307. 1307.
  943.  943. 1307.  943.  943.   18.   18.   18.   18.   18.   18.  943.
  943. 1307. 
 1307. 1307.  943.  943.   18.   18.   18.   18.   18.   18.   18.   18.
   18.   18.   18.   18.   18.   18.   18.   18.  943. 1307. 1307. 1307.
  943.  943. 
  943.   18.   18.   18.   18.   18.   18.  943.  943. 1307. 1307. 1307.
  943.   18.   18.   18.   18.   18.   18.   18.  943.  943. 1307. 1307.
  943.  943. 
  943.  943.   18.   18.   18.   18.   18.   18.  943.  943. 1307. 1307.
 1307. 1307.  943.   18.   18.   18.   18.   18.   18.   18.   18.   18.
   18.   18. 
   18.   18.   18.   18.   18.  943.  943. 1307. 1307.  943.  943.  943.
   18.   18.   18.   18.   18.   18.   18.   18.   18.  943. 1307. 1307.
 1307.  943. 
   18.   18.   18.   18.   18.   18.   18.  943. 1307. 1307. 1307.  943.
  943.   18.   18.   18.   18.   18.   18.   18.  943. 1307. 1307. 1307.
  943.  943. 
   18.   18.   18.   18.   18.   18.   18.   18.   18.   18.   18.   18.
   18.   18.   18.   18.   18.  943.  943. 1307. 1307.  943.  943. 1307.
  943.   18. 
   18.   18.  943.  943.  943.  943.  943.  943.  943. 1307. 1307. 1307.
   18.   18.   18.   18.   18.   18.  943.  943.  943. 1307. 1307. 1307.
  943.  943. 
   18.   18.   18.   18.   18.   18.  943. 1307. 1307. 1307.  943.   18.
   18.   18.   18.   18.   18.   18.   18.   18.   18.   18.   18.   18.
   18.   18. 
   18.   18.   18.  943. 1307. 1307. 1307.  943.  943. 1307.  943.  943.
   18.   18.  943.  943.  943.  943. 1307. 1307. 1307. 1307. 1307. 1307.
  943.   18. 
   18.   18.   18.   18.  943. 1307.  943.  943. 1307. 1307. 1307.  943.
  943.  943.  943.   18.   18.   18.  943. 1307. 1307. 1307.  943.   18.
   18.   18. 
   18.   18.   18.   18.   18.   18.   18.   18.   18.   18.   18.   18.
   18.   18.  943.  943. 1307. 1307.  943.  943. 1307. 1307. 1307.  943.
  943.  943. 
 1307. 1307. 1307. 1307. 1307. 1307. 1307. 1307. 1307.  943.   18.   18.
   18.   18.   18.   18.  943.  943. 1307.  943.  943. 1307. 1307. 1307.
 1307.  943. 
  943.  943.  943.   18.  943. 1307. 1307. 1307.  943.   18.   18.   18.
   18.   18.   18.   18.   18.   18.   18.   18.   18.   18.   18.   18.
   18.   18. 
  943. 1307. 1307. 1307.  943.  943. 1307. 1307. 1307. 1307. 1307.  943.
 1307. 1307. 1307. 1307. 1307. 1307. 1307. 1307.  943.  943.   18.   18.
   18.   18. 
   18.   18.   18.  943. 1307. 1307.  943.  943. 1307. 1307. 1307.  943.
  943. 1307.  943.  943.  943. 1307. 1307. 1307.  943.  943.   18.   18.
   18.   18. 
   18.   18.   18.   18.   18.   18.   18.   18.   18.   18.   18.  943.
  943. 1307. 1307.  943.  943.   18.  943.  943. 1307. 1307. 1307. 1307.
  943.  943. 
  943.  943.  943.  943.  943.  943.   18.   18.   18.   18.   18.   18.
   18.   18.   18.  943.  943.  943. 1307.  943.  943. 1307. 1307. 1307.
  943.  943. 
 1307.  943.  943.  943. 1307. 1307. 1307.  943.  943.   18.   18.   18.
   18.   18.   18.   18.   18.   18.   18.   18.   18.   18.   18.  943.
 1307. 1307. 
 1307.  943.  943.   18.   18.  943.  943.  943. 1307. 1307.  943.   18.
   18.   18.   18.   18.   18.   18.   18.   18.   18.   18.   18.   18.
   18.   18. 
   18.   18.   18.  943.  943.  943.  943.  943. 1307. 1307. 1307.  943.
 1307. 1307.  943.  943. 1307. 1307. 1307. 1307.  943.  943.   18.   18.
   18.   18. 
   18.   18.   18.   18.   18.   18.   18.   18.  943.  943. 1307. 1307.
 1307.  943.   18.   18.   18.   18.   18.  943. 1307. 1307.  943.   18.
   18.   18. 
   18.   18.   18.   18.   18.   18.   18.   18.   18.   18.  943.  943.
  943.  943.  943.  943.  943.  943.  943.  943. 1307. 1307. 1307.  943.
 1307. 1307. 
  943.  943.  943. 1307. 1307. 1307. 1307.  943.  943.   18.   18.   18.
   18.   18.   18.   18.   18.   18.   18.   18.  943.  943. 1307. 1307.
  943.  943. 
   18.   18.   18.  943.  943. 1307. 1307. 1307. 1307.  943.  943.   18.
   18.   18.   18.   18.   18.   18.   18.   18.   18.  943.  943. 1307.
 1307. 1307. 
 1307. 1307. 1307. 1307. 1307. 1307. 1307. 1307.  943.  943. 1307. 1307.
  943.   18.  943.  943. 1307. 1307. 1307. 1307.  943.  943.   18.   18.
   18.   18. 
   18.   18.   18.   18.   18.   18.  943.  943. 1307. 1307.  943.  943.
   18.  943.  943. 1307. 1307. 1307. 1307.  943. 1307. 1307.  943.  943.
   18.   18. 
   18.   18.   18.   18.   18.   18.  943.  943. 1307. 1307. 1307. 1307.
 1307. 1307. 1307. 1307. 1307. 1307. 1307.  943.  943. 1307. 1307.  943.
  943.   18. 
   18.  943.  943. 1307. 1307. 1307. 1307.  943.   18.   18.   18.   18.
   18.   18.   18.   18.   18.   18.  943.  943. 1307. 1307. 1307.  943.
  943.  943. 
 1307. 1307. 1307. 1307.  943.  943. 1307. 1307. 1307. 1307.  943.   18.
   18.   18.   18.   18.   18.   18.  943.  943. 1307. 1307. 1307. 1307.
  943.  943. 
  943.  943.  943.  943.  943.  943. 1307. 1307.  943.  943.   18.   18.
   18.   18.  943.  943. 1307. 1307. 1307.  943.  943.   18.   18.   18.
   18.   18. 
   18.   18.   18.   18.   18.  943.  943. 1307. 1307. 1307.  943.  943.
  943. 1307.  943.  943.   18.   18.  943. 1307. 1307. 1307. 1307.  943.
   18.   18. 
   18.   18.   18.   18.  943.  943. 1307. 1307. 1307.  943.  943.  943.
  943.  943.  943.  943. 1307. 1307. 1307.  943.  943.   18.   18.   18.
   18.   18. 
   18.  943.  943. 1307. 1307. 1307.  943.   18.   18.   18.   18.   18.
   18.   18.   18.   18.   18.  943.  943.  943. 1307. 1307. 1307. 1307.
  943.  943. 
  943.   18.   18.   18.  943.  943. 1307. 1307. 1307. 1307.  943.   18.
   18.   18.   18.   18.   18.  943. 1307. 1307. 1307. 1307.  943.  943.
  943. 1307. 
 1307. 1307.  943.  943.  943.   18.   18.   18.   18.   18.   18.   18.
   18.   18.  943. 1307. 1307. 1307.  943.   18.   18.   18.   18.   18.
   18.   18. 
   18.   18.   18.   18.  943.  943.  943. 1307. 1307. 1307. 1307. 1307.
  943.  943.  943.  943.   18.  943.  943. 1307. 1307. 1307.  943.  943.
   18.   18. 
   18.   18.   18.  943.  943. 1307. 1307. 1307. 1307. 1307.  943.  943.
  943.  943.  943.  943.   18.   18.   18.   18.   18.   18.   18.   18.
   18.  943. 
  943. 1307. 1307.  943.  943.   18.   18.   18.   18.   18.   18.   18.
   18.   18.   18.   18.  943. 1307.  943.  943.  943. 1307. 1307. 1307.
 1307. 1307. 
 1307.  943.   18.   18.   18.  943. 1307. 1307. 1307.  943.   18.   18.
   18.   18.   18.   18.  943.  943. 1307. 1307. 1307. 1307. 1307.  943.
  943.   18. 
   18.   18.   18.   18.   18.   18.   18.   18.   18.   18.  943.  943.
 1307. 1307. 1307.  943.   18.   18.   18.   18.   18.   18.   18.   18.
   18.   18. 
   18.   18.  943. 1307. 1307. 1307.  943.  943.  943. 1307. 1307. 1307.
 1307. 1307.  943.  943.  943.  943. 1307. 1307. 1307.  943.   18.   18.
   18.   18. 
   18.   18.   18.  943.  943.  943. 1307. 1307. 1307. 1307.  943.  943.
   18.   18.   18.   18.   18.   18.   18.   18.   18.  943.  943. 1307.
 1307. 1307. 
  943.  943.   18.   18.   18.   18.   18.   18.   18.   18.   18.   18.
   18.   18.  943. 1307. 1307. 1307.  943.   18.  943.  943.  943. 1307.
 1307. 1307. 
 1307. 1307. 1307. 1307. 1307. 1307.  943.   18.   18.   18.   18.   18.
   18.   18.   18.  943.  943.  943.  943. 1307. 1307. 1307. 1307.  943.
  943.   18. 
   18.   18.   18.   18.   18.  943.  943.  943. 1307. 1307. 1307.  943.
  943.   18.   18.   18.   18.   18.   18.   18.   18.   18.   18.   18.
   18.   18. 
   18.  943. 1307. 1307.  943.   18.   18.   18.  943.  943. 1307. 1307.
 1307. 1307. 1307. 1307. 1307.  943.  943.   18.   18.   18.   18.   18.
   18.   18. 
   18.  943.  943. 1307.  943.  943.  943. 1307. 1307. 1307.  943.   18.
   18.   18.   18.   18.   18.  943. 1307. 1307. 1307. 1307.  943.  943.
   18.   18. 
   18.   18.   18.   18.   18.   18.   18.   18.   18.   18.   18.   18.
   18.  943. 1307. 1307. 1307.  943.   18.   18.  943.  943. 1307. 1307.
 1307. 1307. 
 1307.  943.  943.  943.   18.   18.   18.   18.   18.   18.   18.   18.
   18.   18.  943.  943. 1307. 1307.  943.  943. 1307. 1307.  943.   18.
   18.   18. 
   18.  943.  943. 1307. 1307. 1307. 1307.  943.  943.   18.   18.   18.
   18.   18.   18.   18.   18.   18.   18.   18.   18.   18.   18.   18.
   18.  943. 
 1307. 1307. 1307.  943.   18.   18.  943. 1307. 1307. 1307.  943.  943.
  943.   18.   18.   18.   18.   18.   18.   18.   18.   18.   18.   18.
   18.   18. 
  943.  943. 1307. 1307. 1307.  943. 1307. 1307.  943.   18.   18.   18.
   18.  943. 1307. 1307. 1307. 1307.  943.  943.   18.   18.   18.   18.
   18.   18. 
   18.   18.   18.   18.   18.   18.   18.   18.   18.   18.   18.   18.
  943. 1307. 1307. 1307.  943.  943.  943. 1307. 1307.  943.   18.   18.
   18.   18. 
   18.   18.   18.   18.   18.   18.   18.   18.   18.   18.   18.   18.
   18.  943.  943.  943.  943. 1307. 1307. 1307.  943.   18.   18.   18.
  943.  943. 
 1307. 1307. 1307.  943.  943.   18.   18.   18.   18.   18.   18.   18.
   18.   18.   18.   18.   18.   18.   18.   18.   18.   18.   18.   18.
  943. 1307. 
 1307. 1307.  943.  943. 1307. 1307.  943.  943.   18.   18.   18.   18.
   18.   18.   18.   18.   18.   18.   18.   18.   18.   18.   18.   18.
   18.  943. 
  943.  943. 1307. 1307. 1307.  943.  943.  943.   18.   18.  943. 1307.
 1307. 1307.  943.  943.   18.   18.   18.   18.   18.   18.   18.   18.
   18.   18. 
   18.   18.   18.   18.   18.   18.   18.   18.   18.   18.   18.  943.
 1307.  943.  943. 1307. 1307.  943.  943.   18.   18.   18.   18.   18.
   18.   18. 
   18.   18.   18.   18.   18.   18.   18.   18.   18.  943.  943.  943.
 1307. 1307. 1307. 1307.  943.  943.  943.  943.   18.   18.  943.  943.
 1307. 1307. 
 1307.  943.  943.  943.  943.   18.   18.   18.   18.   18.   18.   18.
   18.   18.   18.   18.   18.   18.   18.   18.   18.   18.   18.  943.
  943.  943. 
 1307. 1307. 1307.  943.   18.   18.   18.   18.   18.   18.   18.   18.
   18.   18.   18.   18.   18.   18.   18.   18.  943.  943. 1307. 1307.
 1307. 1307. 
  943.  943.  943. 1307.  943.  943.   18.   18.  943.  943. 1307. 1307.
 1307. 1307. 1307.  943.  943.  943.   18.   18.   18.   18.   18.   18.
   18.   18. 
   18.   18.   18.   18.   18.   18.   18.   18.   18.   18.  943.  943.
 1307. 1307.  943.  943.   18.   18.   18.   18.   18.   18.   18.   18.
   18.   18. 
   18.   18.   18.   18.  943.  943.  943. 1307. 1307. 1307.  943.  943.
  943. 1307. 1307. 1307.  943.  943.   18.   18.   18.  943.  943. 1307.
 1307. 1307. 
 1307. 1307. 1307.  943.   18.   18.   18.   18.   18.   18.   18.   18.
   18.   18.   18.   18.   18.   18.   18.   18.  943.  943.  943. 1307.
 1307. 1307. 
  943.   18.   18.   18.   18.   18.   18.   18.   18.   18.   18.   18.
   18.   18.   18.  943.  943. 1307. 1307. 1307. 1307.  943.  943.  943.
 1307. 1307. 
 1307. 1307.  943.   18.   18.   18.   18.   18.  943.  943.  943.  943.
 1307. 1307. 1307.  943.  943.   18.   18.   18.   18.   18.   18.   18.
   18.   18. 
   18.   18.   18.   18.   18.  943. 1307. 1307.  943. 1307. 1307.  943.
  943.  943.  943.  943.  943.   18.   18.   18.   18.   18.   18.   18.
   18.   18. 
  943.  943. 1307. 1307. 1307.  943.  943.  943. 1307. 1307. 1307. 1307.
  943.  943.  943.   18.   18.   18.   18.   18.   18.   18.  943.  943.
  943. 1307. 
 1307. 1307.  943.   18.   18.   18.   18.   18.   18.   18.   18.   18.
   18.   18.   18.   18.  943. 1307. 1307.  943.  943. 1307. 1307.  943.
  943.  943. 
  943.  943. 1307.  943.   18.   18.   18.   18.   18.   18.   18.   18.
  943. 1307. 1307. 1307.  943.  943.  943. 1307. 1307. 1307. 1307.  943.
  943.  943. 
   18.   18.   18.   18.   18.   18.   18.   18.   18.   18.  943. 1307.
 1307. 1307.  943.  943.   18.   18.   18.   18.   18.   18.   18.   18.
   18.   18. 
  943. 1307. 1307. 1307. 1307. 1307.  943. 1307. 1307. 1307. 1307. 1307.
 1307. 1307. 
/