PERMI
   11.   11.   11.   11.   11.   11.   11. 2386. 2386. 2870. 2870. 2870.
 2386.   11.   11.   11.   11.   11.   11.   11.   11.   11.   11.   11.
 2386. 2386. 
 2870. 2870. 2386. 2386. 2386. 2870. 2870. 2870. 2870. 2870. 2870. 2870.
 2870. 2870. 2870. 2870. 2870. 2870. 2386.   11.   11.   11.   11.   11.
   11.   11. 
   11.   11.   11.   11.   11.   11.   11.   11.   11.   11.   11.   11.
   11.   11.   11.   11.   11.   11. 2386. 2386. 2386. 2870. 2870. 2870.
 2386.   11. 
   11.   11.   11.   11.   11.   11.   11.   11.   11.   11.   11. 2386.
 2870. 2870. 2870. 2386. 2870. 2870. 2386. 2386. 2386. 2386. 2386. 2386.
 2870. 2870. 
 2386. 2386. 2386. 2386.   11.   11.   11.   11.   11.   11.   11.   11.
   11.   11.   11.   11.   11.   11.   11.   11.   11.   11.   11.   11.
 2386. 2386. 
 2386. 2386. 2386. 2386. 2386. 2386. 2870. 2870. 2870. 2386. 2386.   11.
   11.   11.   11.   11.   11.   11.   11.   11.   11.   11.   11.   11.
 2386. 2870. 
 2870. 2386. 2870. 2870. 2386.   11.   11.   11. 2386.   11. 2386. 2386.
 2386. 2386.   11.   11.   11.   11.   11.   11.   11.   11.   11.   11.
   11.   11. 
   11.   11.   11.   11.   11.   11.   11.   11.   11.   11. 2870. 2870.
 2870. 2870. 2870. 2870. 2870. 2870. 2870. 2870. 2870. 2386. 2386.   11.
   11.   11. 
   11.   11.   11.   11.   11.   11.   11.   11.   11.   11.   11. 2386.
 2870. 2386. 2870. 2870. 2386.   11.   11.   11.   11.   11.   11.   11.
   11.   11. 
   11.   11.   11.   11.   11.   11.   11.   11.   11.   11.   11.   11.
   11.   11.   11.   11.   11.   11.   11.   11.   11.   11. 2870. 2870.
 2870. 2870. 
 2870. 2870. 2870. 2870. 2870. 2870. 2386. 2386.   11.   11.   11.   11.
   11.   11.   11.   11.   11.   11.   11.   11.   11.   11.   11. 2386.
 2386. 2386. 
 2870. 2870. 2386.   11.   11.   11.   11.   11.   11.   11.   11.   11.
   11.   11.   11.   11.   11.   11.   11.   11.   11.   11.   11.   11.
   11.   11. 
   11.   11.   11.   11.   11.   11.   11. 2386. 2870. 2870. 2870. 2870.
 2870. 2870. 2386. 2386. 2386. 2386. 2386.   11.   11.   11.   11.   11.
   11.   11. 
   11.   11. 2386. 2386.   11.   11.   11.   11.   11.   11. 2386. 2386.
 2870. 2870. 2386.   11.   11.   11.   11.   11.   11.   11.   11.   11.
   11.   11. 
   11.   11.   11.   11.   11.   11.   11.   11.   11.   11.   11.   11.
   11.   11.   11.   11.   11.   11. 2386. 2386. 2386. 2386. 2386. 2386.
 2386. 2386. 
 2386. 2386.   11.   11.   11.   11.   11.   11.   11.   11.   11. 2386.
 2386. 2386. 2386. 2386. 2386. 2386.   11.   11.   11.   11. 2386. 2386.
 2870. 2870. 
 2386. 2386.   11.   11.   11.   11.   11.   11.   11.   11.   11.   11.
   11.   11.   11.   11.   11.   11.   11.   11.   11.   11.   11.   11.
   11.   11. 
   11.   11.   11. 2386. 2870. 2870. 2386. 2386.   11.   11.   11.   11.
   11.   11.   11.   11.   11.   11.   11.   11.   11.   11. 2386. 2386.
 2870. 2870. 
 2870. 2870. 2870. 2386. 2386. 2386. 2386. 2386. 2386. 2386. 2870. 2870.
 2870. 2386.   11.   11.   11.   11.   11.   11.   11.   11.   11.   11.
   11.   11. 
   11.   11.   11.   11.   11.   11.   11.   11.   11.   11.   11.   11.
   11.   11. 2386. 2386. 2870. 2870. 2386. 2386.   11.   11.   11.   11.
   11.   11. 
   11.   11.   11.   11.   11.   11.   11. 2386. 2386. 2870. 2870. 2870.
 2870. 2870. 2870. 2870. 2870. 2870. 2870. 2870. 2870. 2870. 2386. 2870.
 2870. 2386. 
 11. 11. 11. 11. 11. 11. 11. 11. 11. 11. 11. 11. 11. 11. 11. 11. 11. 11.
 11. 11. 11. 11. 11. 11. 11. 11. 
 2386. 2386. 2870. 2870. 2386. 2386.   11.   11.   11.   11.   11.   11.
   11.   11.   11.   11.   11.   11.   11. 2386. 2870. 2870. 2870. 2870.
 2386. 2386. 
 2870. 2870. 2870. 2870. 2870. 2870. 2870. 2870. 2386. 2870. 2870. 2386.
   11.   11.   11.   11.   11.   11.   11.   11.   11.   11.   11.   11.
   11.   11. 
   11.   11.   11.   11.   11.   11.   11.   11.   11.   11.   11.   11.
   11. 2386. 2870. 2870. 2386.   11.   11.   11.   11.   11.   11.   11.
   11.   11. 
   11.   11.   11.   11.   11. 2386. 2870. 2870. 2870. 2386. 2386. 2386.
 2386. 2386. 2386. 2386. 2386. 2386. 2386. 2386. 2386. 2870. 2870. 2386.
 2386.   11. 
   11.   11.   11.   11.   11.   11.   11.   11.   11.   11.   11.   11.
   11.   11.   11.   11.   11.   11.   11.   11.   11.   11.   11.   11.
   11. 2386. 
 2870. 2870. 2386.   11.   11.   11.   11.   11.   11.   11.   11.   11.
   11.   11.   11.   11.   11. 2386. 2870. 2870. 2870. 2386.   11. 2386.
 2386. 2386. 
 2386. 2386. 2386. 2386. 2386. 2386. 2386. 2870. 2870. 2870. 2386.   11.
   11.   11.   11.   11.   11.   11.   11.   11.   11.   11.   11.   11.
   11.   11. 
   11.   11.   11.   11.   11.   11.   11.   11.   11.   11.   11. 2386.
 2870. 2870. 2386.   11.   11.   11.   11.   11.   11.   11.   11.   11.
   11.   11. 
   11.   11.   11. 2386. 2870. 2870. 2870. 2386. 2870. 2870. 2870. 2870.
 2870. 2870. 2870. 2870. 2870. 2870. 2870. 2870. 2870. 2386.   11.   11.
   11.   11. 
   11.   11.   11.   11.   11.   11.   11.   11.   11.   11.   11.   11.
   11.   11.   11.   11.   11.   11.   11.   11.   11.   11.   11. 2386.
 2870. 2870. 
 2386.   11.   11.   11.   11.   11.   11.   11.   11.   11.   11.   11.
   11.   11.   11. 2386. 2870. 2870. 2386. 2870. 2870. 2870. 2870. 2870.
 2870. 2870. 
 2870. 2870. 2870. 2870. 2870. 2870. 2386. 2386.   11.   11.   11.   11.
   11.   11.   11.   11.   11.   11.   11.   11.   11.   11.   11.   11.
   11.   11. 
   11.   11.   11.   11.   11.   11.   11.   11.   11. 2386. 2386. 2870.
 2386.   11.   11.   11.   11.   11.   11.   11.   11.   11.   11.   11.
   11.   11. 
   11. 2386. 2870. 2386. 2870. 2870. 2870. 2386. 2386. 2386. 2386. 2386.
 2386. 2386. 2386. 2386. 2386. 2386. 2386.   11.   11.   11.   11.   11.
   11.   11. 
   11.   11.   11.   11.   11.   11.   11.   11.   11.   11.   11.   11.
   11.   11.   11.   11.   11.   11.   11.   11.   11.   11. 2386. 2386.
 2386.   11. 
   11.   11.   11.   11.   11.   11.   11.   11.   11.   11.   11.   11.
   11.   11. 2386. 2386. 2870. 2870. 2386.   11.   11.   11.   11.   11.
   11.   11. 
 11. 11. 11. 11. 11. 11. 11. 11. 11. 11. 11. 11. 11. 11. 11. 11. 11. 11.
 11. 11. 11. 11. 11. 11. 11. 11. 
   11.   11.   11.   11.   11.   11.   11.   11.   11. 2386.   11.   11.
   11.   11.   11.   11.   11.   11.   11.   11.   11.   11.   11.   11.
   11.   11. 
 2386. 2386. 2870. 2870. 2870. 2386.   11.   11.   11.   11.   11.   11.
   11.   11.   11.   11.   11.   11.   11.   11.   11.   11.   11.   11.
   11.   11. 
   11.   11.   11.   11.   11.   11.   11.   11.   11.   11.   11.   11.
   11.   11.   11.   11.   11.   11.   11.   11.   11. 2386.   11.   11.
   11.   11. 
   11.   11.   11.   11.   11.   11.   11.   11.   11.   11.   11.   11.
 2386. 2870. 2386. 2870. 2870. 2870. 2386.   11.   11.   11.   11.   11.
   11.   11. 
   11.   11.   11.   11.   11.   11.   11.   11.   11.   11.   11.   11.
   11.   11.   11.   11.   11.   11.   11.   11.   11.   11.   11.   11.
 2386. 2386. 
   11.   11. 2386. 2386. 2386. 2386. 2386. 2386.   11.   11.   11.   11.
   11.   11. 2386. 2386. 2386. 2386. 2386. 2386.   11.   11.   11.   11.
 2386. 2870. 
 2870. 2386. 2870. 2870. 2386.   11.   11.   11.   11.   11.   11.   11.
   11.   11.   11.   11.   11.   11.   11.   11.   11.   11.   11.   11.
   11.   11. 
   11.   11.   11.   11.   11.   11.   11.   11. 2386. 2386. 2386. 2386.
 2386. 2386. 2386. 2870. 2870. 2870. 2870. 2870.   11.   11.   11.   11.
   11. 2386. 
 2386. 2870. 2870. 2870. 2870. 2870. 2386. 2386.   11.   11. 2386. 2870.
 2870. 2386. 2870. 2870. 2870. 2386. 2386.   11.   11.   11.   11.   11.
   11.   11. 
   11.   11.   11.   11.   11.   11.   11.   11.   11.   11.   11.   11.
   11.   11.   11.   11.   11.   11.   11. 2386. 2386. 2870. 2870. 2870.
 2870. 2870. 
 2870. 2870. 2870. 2870. 2870. 2870.   11.   11.   11.   11. 2386. 2386.
 2870. 2870. 2870. 2870. 2870. 2870. 2870. 2870. 2386. 2386. 2386. 2870.
 2870. 2870. 
 2386. 2870. 2870. 2870. 2386. 2386.   11.   11.   11.   11.   11.   11.
   11.   11.   11.   11.   11.   11.   11.   11.   11.   11.   11.   11.
   11.   11. 
   11.   11.   11.   11. 2386. 2386. 2870. 2870. 2870. 2870. 2870. 2870.
 2870. 2870. 2386. 2386. 2386. 2386.   11.   11.   11.   11. 2386. 2870.
 2870. 2870. 
 2386. 2386. 2386. 2870. 2870. 2870. 2870. 2870. 2870. 2870. 2870. 2870.
 2386. 2386. 2870. 2870. 2870. 2870. 2386.   11.   11.   11.   11.   11.
   11.   11. 
   11.   11.   11.   11.   11.   11.   11.   11.   11.   11.   11.   11.
   11.   11.   11.   11. 2386. 2386. 2870. 2870. 2386. 2386. 2386. 2386.
 2386. 2386. 
 2386.   11.   11.   11.   11.   11.   11.   11. 2386. 2870. 2870. 2870.
 2386. 2386. 2386. 2386. 2870. 2870. 2870. 2870. 2870. 2870. 2870. 2386.
   11.   11. 
 2386. 2870. 2870. 2870. 2386. 2386.   11.   11.   11.   11.   11.   11.
   11.   11.   11.   11.   11.   11.   11.   11.   11.   11.   11.   11.
   11.   11. 
   11.   11. 2386. 2870. 2870. 2870. 2386.   11.   11.   11.   11.   11.
   11.   11.   11.   11.   11.   11.   11.   11. 2386. 2386. 2870. 2870.
 2870. 2386. 
   11.   11. 2386. 2386. 2386. 2386. 2870. 2386. 2386.   11.   11.   11.
   11. 2386. 2870. 2870. 2870. 2386.   11.   11.   11.   11.   11.   11.
   11.   11. 
   11.   11.   11.   11.   11.   11.   11.   11.   11.   11.   11.   11.
   11.   11. 2386. 2870. 2870. 2870. 2386.   11.   11.   11.   11.   11.
   11.   11. 
   11.   11.   11.   11.   11.   11.   11. 2386. 2386. 2870. 2870. 2386.
 2386.   11.   11.   11.   11.   11. 2386. 2386.   11.   11.   11.   11.
   11. 2386. 
 2386. 2870. 2870. 2386.   11.   11.   11.   11.   11.   11.   11.   11.
   11.   11.   11.   11.   11.   11.   11.   11.   11.   11.   11.   11.
   11.   11. 
 2386. 2870. 2870. 2870. 2386.   11.   11.   11.   11.   11.   11.   11.
   11.   11.   11.   11.   11.   11.   11.   11. 2386. 2870. 2870. 2870.
 2386.   11. 
   11.   11.   11.   11. 2386. 2386. 2386. 2386. 2386. 2386. 2386. 2870.
 2870. 2870. 2870. 2386.   11.   11.   11.   11.   11.   11.   11.   11.
   11.   11. 
   11.   11.   11.   11.   11.   11.   11.   11.   11.   11.   11.   11.
 2386. 2870. 2870. 2870. 2386.   11.   11.   11.   11.   11.   11.   11.
   11.   11. 
   11.   11.   11.   11.   11.   11. 2386. 2386. 2870. 2870. 2386.   11.
   11. 2386. 2386. 2386. 2870. 2870. 2870. 2870. 2870. 2870. 2870. 2870.
 2870. 2870. 
 2386.   11.   11.   11.   11.   11.   11.   11.   11.   11.   11.   11.
   11.   11.   11.   11.   11.   11.   11.   11.   11.   11.   11.   11.
 2386. 2870. 
 2870. 2870. 2386.   11.   11.   11.   11.   11.   11.   11.   11.   11.
 2386. 2386.   11.   11.   11.   11.   11. 2386. 2870. 2870. 2386.   11.
 2386. 2870. 
 2870. 2870. 2870. 2870. 2870. 2870. 2870. 2870. 2870. 2870. 2386. 2386.
   11.   11.   11.   11.   11.   11.   11.   11.   11.   11.   11.   11.
   11.   11. 
   11.   11.   11.   11.   11.   11.   11.   11.   11.   11. 2386. 2386.
 2870. 2870. 2386.   11.   11.   11.   11.   11.   11.   11.   11.   11.
 2386. 2386. 
 2386. 2386. 2386. 2386.   11. 2386. 2870. 2870. 2386. 2386. 2870. 2870.
 2870. 2870. 2870. 2870. 2386. 2386. 2386. 2386. 2386. 2386. 2386.   11.
   11.   11. 
   11.   11.   11.   11.   11.   11.   11.   11.   11.   11.   11.   11.
   11.   11.   11.   11.   11.   11.   11.   11.   11.   11.   11. 2386.
 2870. 2870. 
 2386.   11.   11.   11.   11.   11.   11.   11.   11.   11. 2870. 2870.
 2870. 2870. 2870. 2386. 2386. 2386. 2386. 2870. 2870. 2386. 2870. 2870.
 2870. 2386. 
 2386. 2386.   11.   11.   11.   11.   11.   11.   11.   11.   11.   11.
   11.   11.   11.   11.   11.   11.   11.   11.   11.   11.   11.   11.
   11.   11. 
   11.   11.   11.   11.   11.   11. 2386. 2386. 2386. 2386. 2870. 2870.
 2386.   11.   11.   11.   11.   11.   11.   11.   11.   11. 2870. 2870.
 2870. 2870. 
 2870. 2870. 2386. 2386. 2386. 2870. 2870. 2386. 2386. 2870. 2870. 2386.
 2386.   11.   11.   11.   11.   11.   11.   11.   11.   11.   11.   11.
   11.   11. 
   11.   11.   11.   11.   11.   11.   11.   11.   11.   11.   11.   11.
   11.   11.   11.   11. 2386. 2386. 2386. 2870. 2870. 2870. 2870. 2870.
 2386.   11. 
   11.   11.   11.   11.   11.   11.   11.   11. 2386. 2386. 2386. 2870.
 2870. 2870. 2870. 2870. 2386. 2870. 2870. 2386. 2386. 2870. 2870. 2870.
 2870. 2386. 
   11.   11.   11.   11.   11.   11.   11.   11.   11.   11.   11.   11.
   11.   11.   11.   11.   11.   11.   11.   11.   11.   11.   11.   11.
   11. 2386. 
 2386. 2386. 2386. 2870. 2870. 2870. 2870. 2870. 2870. 2386. 2386.   11.
   11.   11.   11.   11.   11.   11.   11.   11. 2386.   11.   11. 2386.
 2386. 2870. 
 2870. 2870. 2870. 2870. 2870. 2386.   11. 2386. 2870. 2870. 2870. 2870.
 2386.   11.   11.   11.   11.   11.   11.   11.   11.   11.   11.   11.
   11.   11. 
   11.   11.   11.   11.   11.   11.   11.   11.   11.   11. 2386. 2386.
 2386. 2870. 2870. 2870. 2870. 2870. 2386. 2386. 2386. 2386.   11.   11.
   11.   11. 
   11.   11.   11.   11.   11.   11. 2386.   11.   11.   11. 2386. 2386.
 2386. 2870. 2870. 2870. 2386. 2386.   11.   11. 2386. 2386. 2870. 2870.
 2870. 2386. 
   11.   11.   11.   11.   11.   11.   11.   11.   11.   11.   11.   11.
   11.   11.   11.   11.   11.   11.   11.   11.   11. 2386. 2386. 2870.
 2870. 2870. 
 2870. 2386. 2386. 2386. 2386. 2386.   11.   11.   11.   11.   11.   11.
   11.   11.   11.   11.   11.   11. 2386. 2386.   11.   11.   11.   11.
 2386. 2386. 
 2386. 2386.   11.   11.   11.   11.   11. 2386. 2870. 2870. 2870. 2386.
   11.   11.   11.   11.   11.   11.   11.   11.   11.   11.   11.   11.
   11.   11. 
   11.   11.   11.   11.   11.   11. 2386. 2386. 2870. 2870. 2870. 2870.
 2386. 2386. 2386.   11.   11.   11.   11.   11.   11.   11.   11.   11.
   11.   11. 
   11.   11.   11.   11. 2870. 2386.   11.   11.   11.   11.   11.   11.
   11.   11.   11.   11.   11.   11.   11.   11. 2386. 2870. 2870. 2870.
 2386.   11. 
   11.   11.   11.   11.   11.   11.   11.   11.   11.   11.   11.   11.
   11.   11.   11.   11.   11.   11. 2386. 2870. 2870. 2870. 2386. 2386.
 2386.   11. 
   11.   11.   11.   11.   11.   11.   11.   11.   11.   11.   11.   11.
   11.   11.   11.   11. 2870. 2386. 2386.   11.   11.   11.   11.   11.
   11.   11. 
   11.   11.   11.   11.   11.   11.   11. 2386. 2870. 2870. 2386.   11.
   11.   11.   11.   11.   11.   11.   11.   11.   11.   11.   11.   11.
   11.   11. 
   11.   11.   11.   11. 2386. 2870. 2870. 2870. 2386.   11.   11.   11.
   11.   11.   11.   11.   11.   11.   11.   11.   11.   11.   11.   11.
   11.   11. 
   11.   11. 2870. 2870. 2386.   11.   11.   11.   11.   11. 2386. 2386.
 2386. 2386. 2386. 2386.   11.   11.   11.   11. 2386. 2870. 2870. 2386.
   11.   11. 
   11.   11.   11.   11.   11.   11.   11.   11.   11.   11.   11.   11.
   11.   11.   11.   11. 2386. 2870. 2870. 2870. 2386.   11.   11.   11.
   11.   11. 
   11.   11.   11.   11.   11.   11.   11.   11.   11.   11.   11.   11.
   11.   11. 2870. 2870. 2386. 2386.   11.   11.   11. 2386. 2386. 2870.
 2870. 2870. 
 2870. 2870. 2386. 2386.   11. 2386. 2386. 2870. 2870. 2386.   11.   11.
   11.   11.   11.   11.   11.   11.   11.   11.   11.   11.   11.   11.
   11.   11. 
   11.   11. 2386. 2386. 2870. 2870. 2870. 2386.   11.   11.   11.   11.
   11.   11.   11.   11.   11.   11.   11.   11.   11.   11.   11.   11.
   11.   11. 
 2870. 2870. 2870. 2386.   11.   11.   11. 2386. 2870. 2870. 2870. 2870.
 2870. 2870. 2870. 2870. 2870. 2870. 2870. 2870. 2870. 2386.   11.   11.
   11.   11. 
   11.   11.   11.   11.   11.   11.   11.   11.   11.   11.   11.   11.
   11.   11.   11. 2386. 2870. 2870. 2870. 2386. 2386.   11.   11.   11.
   11.   11. 
   11.   11.   11.   11.   11.   11.   11.   11.   11.   11.   11.   11.
 2870. 2870. 2870. 2386.   11.   11.   11. 2386. 2870. 2870. 2386. 2386.
 2386. 2870. 
 2870. 2870. 2870. 2870. 2870. 2870. 2386. 2386.   11.   11.   11.   11.
   11.   11.   11.   11.   11.   11.   11.   11.   11.   11.   11.   11.
   11.   11. 
   11. 2386. 2386. 2870. 2870. 2870. 2386.   11.   11.   11.   11.   11.
   11.   11.   11.   11.   11.   11.   11.   11.   11.   11.   11.   11.
 2870. 2870. 
 2870. 2386.   11.   11. 2386. 2870. 2870. 2870. 2386.   11. 2386. 2386.
 2870. 2870. 2870. 2870. 2386. 2386.   11.   11.   11.   11.   11.   11.
   11.   11. 
   11.   11.   11.   11.   11.   11.   11.   11.   11.   11.   11.   11.
   11.   11. 2386. 2870. 2870. 2870. 2870. 2386.   11.   11.   11.   11.
   11.   11. 
   11.   11.   11.   11.   11.   11.   11.   11.   11.   11. 2870. 2870.
 2386. 2386.   11.   11. 2386. 2386. 2870. 2870. 2386.   11.   11.   11.
 2386. 2386. 
 2386. 2386.   11.   11.   11.   11.   11.   11.   11.   11.   11.   11.
   11.   11.   11.   11.   11.   11.   11.   11.   11.   11.   11.   11.
   11.   11. 
   11. 2386. 2870. 2870. 2870. 2386.   11.   11.   11.   11.   11.   11.
   11.   11.   11.   11.   11.   11.   11.   11.   11.   11. 2870. 2386.
 2386.   11. 
   11.   11. 2386. 2386. 2870. 2870. 2870. 2386.   11.   11.   11.   11.
   11.   11.   11.   11.   11.   11.   11.   11.   11.   11.   11.   11.
   11.   11. 
   11.   11.   11.   11.   11.   11.   11.   11.   11.   11.   11.   11.
   11. 2386. 2870. 2870. 2870. 2386. 2386.   11.   11.   11.   11.   11.
   11.   11. 
   11.   11.   11.   11.   11.   11.   11.   11. 2386. 2386.   11.   11.
   11.   11.   11. 2386. 2870. 2870. 2870. 2386. 2386.   11.   11.   11.
   11.   11. 
 11. 11. 11. 11. 11. 11. 11. 11. 11. 11. 11. 11. 11. 11. 11. 11. 11. 11.
 11. 11. 11. 11. 11. 11. 11. 11. 
 2386. 2870. 2870. 2870. 2386.   11.   11.   11.   11.   11.   11.   11.
   11.   11.   11.   11.   11.   11.   11.   11.   11.   11.   11.   11.
   11.   11. 
   11. 2386. 2386. 2870. 2870. 2870. 2870. 2386.   11.   11.   11.   11.
   11.   11.   11.   11.   11.   11.   11.   11.   11.   11.   11.   11.
   11.   11. 
   11.   11.   11.   11.   11.   11.   11.   11.   11.   11.   11.   11.
 2386. 2870. 2870. 2870. 2386.   11.   11.   11.   11.   11.   11.   11.
   11.   11. 
   11.   11.   11.   11.   11.   11.   11.   11.   11.   11.   11.   11.
   11.   11. 2386. 2386. 2870. 2870. 2870. 2386. 2386.   11.   11.   11.
   11.   11. 
   11.   11.   11.   11.   11.   11.   11.   11.   11.   11.   11.   11.
   11.   11.   11.   11.   11.   11.   11.   11.   11.   11.   11.   11.
 2386. 2870. 
 2870. 2870. 2386.   11.   11.   11.   11.   11.   11.   11.   11.   11.
   11.   11.   11.   11.   11.   11.   11.   11.   11.   11.   11.   11.
   11.   11. 
   11. 2386. 2386. 2870. 2870. 2870. 2870. 2386.   11.   11.   11.   11.
   11.   11.   11.   11.   11.   11.   11.   11.   11.   11.   11.   11.
   11.   11. 
   11.   11. 2386. 2386. 2386. 2386. 2386. 2386. 2386. 2386. 2870. 2870.
 2870. 2386. 2386.   11.   11.   11.   11.   11.   11.   11.   11.   11.
   11.   11. 
   11.   11.   11.   11.   11.   11.   11.   11.   11.   11.   11.   11.
   11.   11. 2386. 2386. 2870. 2870. 2870. 2386.   11.   11.   11.   11.
   11.   11. 
   11.   11.   11.   11.   11.   11.   11.   11.   11.   11.   11.   11.
   11. 2386. 2386. 2870. 2870. 2870. 2870. 2870. 2870. 2870. 2870. 2870.
 2870. 2386. 
 11. 11. 11. 11. 11. 11. 11. 11. 11. 11. 11. 11. 11. 11. 11. 11. 11. 11.
 11. 11. 11. 11. 11. 11. 11. 11. 
   11. 2386. 2386. 2870. 2870. 2870. 2386.   11.   11.   11.   11.   11.
   11.   11.   11.   11.   11.   11.   11.   11.   11.   11.   11.   11.
 2386. 2870. 
 2870. 2870. 2870. 2870. 2870. 2870. 2870. 2870. 2870. 2870. 2386. 2386.
   11.   11.   11.   11.   11.   11.   11.   11.   11.   11.   11.   11.
   11.   11. 
   11.   11.   11.   11.   11.   11.   11.   11.   11.   11.   11.   11.
 2386. 2386. 2386. 2870. 2870. 2870. 2386.   11.   11.   11.   11.   11.
   11.   11. 
   11.   11.   11.   11.   11.   11.   11.   11.   11. 2386. 2870. 2870.
 2870. 2870. 2870. 2870. 2870. 2870. 2870. 2870. 2386. 2386. 2386.   11.
   11.   11. 
   11.   11.   11.   11.   11.   11.   11.   11.   11.   11.   11.   11.
   11.   11.   11.   11.   11.   11.   11.   11.   11. 2386. 2386. 2386.
 2386. 2870. 
 2870. 2870. 2870. 2386. 2386.   11.   11.   11.   11.   11.   11.   11.
   11.   11.   11.   11.   11.   11.   11.   11.   11. 2386. 2870. 2870.
 2870. 2386. 
 2386. 2386. 2386. 2386. 2386. 2386. 2386.   11.   11.   11.   11.   11.
   11.   11.   11.   11.   11.   11.   11.   11.   11.   11.   11.   11.
   11.   11. 
   11.   11.   11.   11.   11. 2386. 2386. 2870. 2870. 2870. 2870. 2870.
 2870. 2870. 2870. 2386.   11.   11.   11.   11.   11.   11.   11.   11.
   11.   11. 
   11.   11.   11.   11.   11.   11. 2386. 2870. 2870. 2870. 2386. 2386.
   11.   11.   11.   11.   11.   11.   11.   11.   11.   11.   11.   11.
   11.   11. 
   11.   11.   11.   11.   11.   11.   11.   11.   11.   11.   11.   11.
   11.   11. 2386. 2386. 2386. 2870. 2870. 2870. 2870. 2870. 2870. 2870.
 2870. 2386. 
 2386.   11.   11.   11.   11.   11.   11.   11.   11.   11.   11.   11.
   11.   11.   11.   11.   11.   11. 2386. 2870. 2870. 2870. 2386.   11.
   11.   11. 
   11.   11.   11.   11.   11.   11.   11.   11.   11.   11.   11.   11.
   11.   11.   11.   11.   11.   11.   11.   11.   11.   11.   11.   11.
   11. 2386. 
 2386. 2870. 2870. 2870. 2870. 2870. 2870. 2870. 2386. 2386. 2386. 2386.
   11.   11.   11.   11.   11.   11.   11.   11.   11.   11.   11.   11.
   11.   11. 
   11.   11.   11.   11. 2386. 2870. 2870. 2386. 2386.   11.   11.   11.
   11.   11.   11.   11.   11.   11.   11.   11.   11.   11.   11.   11.
   11.   11. 
   11.   11.   11.   11.   11.   11.   11.   11.   11.   11.   11. 2386.
 2870. 2870. 2870. 2870. 2386. 2386. 2386. 2386. 2386.   11.   11.   11.
   11.   11. 
   11.   11.   11.   11.   11.   11.   11.   11.   11.   11.   11.   11.
   11.   11.   11.   11. 2386. 2870. 2870. 2386. 2386.   11.   11.   11.
   11.   11. 
   11.   11.   11.   11.   11.   11.   11.   11.   11.   11.   11.   11.
   11.   11.   11.   11.   11.   11.   11.   11.   11.   11.   11. 2386.
 2870. 2870. 
 2870. 2386. 2386.   11.   11.   11.   11.   11.   11.   11.   11.   11.
   11.   11.   11.   11.   11.   11.   11.   11.   11.   11.   11.   11.
   11.   11. 
   11.   11. 2386. 2870. 2870. 2870. 2386.   11.   11.   11.   11.   11.
   11.   11.   11.   11.   11.   11.   11.   11.   11.   11.   11.   11.
   11.   11. 
   11.   11.   11.   11.   11.   11.   11.   11. 2386. 2386. 2870. 2870.
 2386.   11.   11.   11.   11.   11.   11.   11.   11.   11.   11.   11.
   11.   11. 
   11.   11.   11.   11.   11.   11.   11.   11.   11.   11.   11.   11.
   11.   11. 2386. 2870. 2870. 2870. 2386.   11.   11.   11.   11.   11.
   11.   11. 
   11.   11.   11.   11.   11.   11.   11.   11.   11.   11.   11.   11.
   11.   11.   11.   11.   11.   11.   11.   11. 2386. 2386. 2870. 2870.
 2386.   11. 
   11.   11.   11.   11.   11.   11.   11.   11.   11.   11.   11.   11.
   11.   11.   11.   11.   11. 2386. 2386. 2386. 2386. 2386. 2386. 2386.
   11.   11. 
   11. 2386. 2870. 2870. 2870. 2386.   11.   11.   11.   11.   11.   11.
   11.   11.   11.   11.   11.   11.   11.   11.   11.   11.   11.   11.
   11.   11. 
   11.   11.   11.   11.   11.   11.   11. 2386. 2870. 2870. 2870. 2386.
   11.   11.   11.   11.   11.   11.   11.   11.   11.   11.   11.   11.
   11.   11. 
   11.   11. 2386. 2870. 2870. 2870. 2870. 2870. 2870. 2386. 2386.   11.
   11. 2386. 2870. 2870. 2870. 2386.   11.   11.   11.   11.   11.   11.
   11.   11. 
   11.   11.   11.   11.   11.   11.   11.   11.   11.   11.   11.   11.
   11.   11.   11.   11.   11.   11.   11. 2386. 2870. 2870. 2870. 2386.
   11.   11. 
   11.   11.   11.   11.   11.   11.   11.   11.   11.   11.   11.   11.
   11.   11. 2386. 2870. 2870. 2870. 2870. 2870. 2870. 2870. 2870. 2386.
 2386. 2386. 
 2870. 2870. 2870. 2386.   11.   11.   11.   11.   11.   11.   11.   11.
   11.   11.   11.   11.   11.   11.   11.   11.   11.   11.   11.   11.
   11.   11. 
   11.   11.   11.   11.   11.   11. 2386. 2870. 2870. 2870. 2386.   11.
   11.   11.   11.   11.   11.   11.   11.   11.   11.   11.   11.   11.
   11.   11. 
 2386. 2870. 2870. 2870. 2386. 2870. 2870. 2870. 2870. 2870. 2870. 2386.
 2870. 2870. 2386. 2386.   11.   11.   11.   11.   11.   11.   11.   11.
   11.   11. 
   11.   11.   11.   11.   11.   11.   11.   11.   11.   11.   11.   11.
   11.   11.   11.   11.   11.   11. 2386. 2386. 2870. 2870. 2386.   11.
   11.   11. 
   11.   11.   11.   11.   11.   11.   11.   11.   11.   11.   11.   11.
 2386. 2870. 2870. 2386. 2386. 2386. 2386. 2870. 2870. 2870. 2870. 2870.
 2870. 2870. 
 2386.   11.   11.   11.   11.   11.   11.   11.   11.   11.   11.   11.
   11.   11.   11.   11.   11.   11.   11.   11.   11.   11.   11.   11.
   11.   11. 
   11.   11.   11.   11.   11. 2386. 2870. 2870. 2870. 2386.   11.   11.
   11.   11.   11.   11.   11.   11.   11.   11.   11.   11.   11.   11.
 2386. 2870. 
 2870. 2870. 2386.   11.   11. 2386. 2386. 2870. 2870. 2870. 2870. 2386.
 2386.   11.   11.   11.   11.   11.   11.   11.   11.   11.   11.   11.
   11.   11. 
 11. 11. 11. 11. 11. 11. 11. 11. 11. 11. 11. 11. 11. 11. 
/