PERMI
   26.   26.   26.   26.   26.   26.   26. 1857. 2338. 2338. 2338. 2338.
 2338. 1857.   26.   26.   26.   26.   26.   26.   26.   26.   26.   26.
   26.   26. 
   26.   26.   26.   26.   26.   26.   26.   26.   26.   26.   26.   26.
   26.   26. 1857. 1857. 1857. 2338. 2338. 2338. 2338. 1857. 1857. 1857.
 1857. 1857. 
 2338. 2338. 1857.   26.   26.   26.   26.   26.   26.   26.   26.   26.
   26.   26.   26.   26.   26.   26. 1857. 2338. 2338. 2338. 2338. 1857.
 1857.   26. 
   26.   26.   26.   26.   26.   26.   26.   26.   26.   26.   26.   26.
   26.   26.   26.   26.   26.   26.   26.   26.   26.   26.   26.   26.
   26. 1857. 
 1857. 2338. 2338. 2338. 2338. 2338. 1857. 1857. 2338. 2338. 2338. 2338.
 2338. 1857.   26.   26.   26.   26.   26.   26.   26.   26.   26.   26.
   26.   26. 
   26.   26. 1857. 1857. 2338. 2338. 2338. 2338. 1857.   26.   26.   26.
   26.   26.   26.   26.   26.   26.   26.   26.   26. 1857. 1857. 1857.
 1857. 1857. 
 1857. 1857. 1857. 1857. 1857. 1857. 1857.   26.   26.   26. 1857. 1857.
 2338. 2338. 2338. 2338. 1857. 1857. 1857. 2338. 2338. 2338. 2338. 2338.
 1857.   26. 
   26.   26.   26.   26.   26.   26.   26.   26.   26.   26.   26.   26.
   26. 1857. 2338. 2338. 2338. 2338. 1857. 1857.   26.   26.   26.   26.
   26.   26. 
   26.   26.   26. 1857. 1857. 1857. 1857. 1857. 2338. 2338. 2338. 2338.
 1857. 1857. 1857. 1857. 1857. 1857. 1857. 1857. 1857. 1857. 1857. 2338.
 2338. 2338. 
 1857. 1857. 1857. 1857. 1857. 1857. 2338. 2338. 1857. 1857.   26.   26.
   26.   26.   26.   26.   26.   26.   26.   26.   26.   26.   26. 1857.
 1857. 1857. 
 2338. 2338. 2338. 1857.   26.   26.   26.   26.   26.   26.   26.   26.
 1857. 1857. 1857. 2338. 2338. 2338. 2338. 2338. 2338. 2338. 2338. 2338.
 2338. 2338. 
 2338. 2338. 2338. 2338. 2338. 2338. 2338. 2338. 2338. 2338. 2338. 1857.
 1857. 1857.   26.   26.   26. 1857. 1857. 1857.   26.   26.   26.   26.
   26.   26. 
   26.   26.   26.   26.   26.   26.   26.   26. 1857. 2338. 2338. 2338.
 2338. 2338. 1857.   26.   26.   26.   26.   26.   26.   26. 1857. 1857.
 1857. 2338. 
 2338. 2338. 2338. 2338. 2338. 2338. 2338. 2338. 2338. 2338. 2338. 2338.
 2338. 2338. 2338. 2338. 2338. 2338. 2338. 2338. 2338. 2338. 1857. 1857.
 1857.   26. 
   26.   26.   26.   26.   26.   26.   26.   26.   26.   26.   26.   26.
   26.   26.   26.   26.   26.   26.   26.   26. 2338. 2338. 2338. 2338.
 2338. 1857. 
   26.   26.   26.   26.   26.   26.   26.   26. 1857. 2338. 2338. 2338.
 2338. 2338. 2338. 1857. 1857. 1857. 1857. 1857. 1857. 1857. 1857. 1857.
 1857. 1857. 
 1857. 1857. 1857. 1857. 2338. 1857. 1857. 1857. 1857. 1857.   26.   26.
   26.   26.   26.   26.   26.   26.   26.   26.   26.   26.   26.   26.
   26.   26. 
   26.   26.   26.   26.   26.   26. 2338. 1857. 1857. 1857. 1857.   26.
   26.   26.   26.   26.   26.   26. 1857. 1857. 1857. 2338. 2338. 2338.
 2338. 1857. 
 1857. 1857.   26. 1857. 1857. 1857.   26.   26.   26.   26. 1857. 1857.
 2338. 1857. 1857. 1857. 1857. 1857. 1857. 2338. 2338. 1857.   26.   26.
   26.   26. 
   26.   26.   26.   26.   26.   26.   26.   26.   26.   26.   26.   26.
   26.   26.   26.   26.   26.   26. 1857.   26. 1857. 1857. 1857. 1857.
 1857. 1857. 
 1857.   26.   26. 1857. 1857. 2338. 2338. 2338. 2338. 1857. 1857.   26.
   26.   26.   26.   26.   26. 1857. 1857. 1857. 1857. 1857. 2338. 2338.
 2338. 2338. 
 1857.   26. 1857. 1857. 2338. 2338. 1857.   26.   26.   26.   26.   26.
   26.   26.   26.   26.   26.   26.   26.   26.   26.   26.   26.   26.
   26.   26. 
   26.   26.   26.   26. 1857. 1857. 1857. 2338. 2338. 2338. 2338. 1857.
 1857. 1857. 1857. 2338. 2338. 2338. 2338. 2338. 1857. 1857.   26.   26.
   26.   26. 
   26. 1857. 1857. 2338. 2338. 2338. 2338. 2338. 2338. 2338. 2338. 1857.
   26.   26.   26.   26. 1857. 1857.   26.   26.   26.   26.   26.   26.
   26.   26. 
   26.   26.   26.   26.   26.   26.   26.   26.   26.   26.   26.   26.
   26.   26.   26.   26. 2338. 2338. 2338. 2338. 2338. 2338. 2338. 2338.
 2338. 2338. 
 2338. 2338. 2338. 2338. 2338. 1857. 1857.   26.   26.   26.   26. 1857.
 1857. 2338. 2338. 2338. 2338. 2338. 2338. 2338. 2338. 1857. 1857.   26.
   26.   26. 
 26. 26. 26. 26. 26. 26. 26. 26. 26. 26. 26. 26. 26. 26. 26. 26. 26. 26.
 26. 26. 26. 26. 26. 26. 26. 26. 
   26.   26. 2338. 2338. 2338. 2338. 2338. 1857. 2338. 2338. 2338. 2338.
 2338. 2338. 1857. 1857. 1857. 1857.   26.   26.   26.   26. 1857. 2338.
 2338. 2338. 
 2338. 2338. 1857. 1857. 1857. 1857. 1857. 1857.   26.   26.   26.   26.
   26.   26.   26.   26.   26.   26.   26.   26.   26.   26.   26.   26.
   26.   26. 
   26.   26.   26.   26.   26.   26.   26.   26.   26.   26.   26.   26.
   26.   26. 2338. 2338. 1857. 1857. 1857. 1857. 1857. 1857. 1857. 1857.
 1857. 1857. 
 1857.   26.   26.   26.   26.   26.   26.   26. 1857. 2338. 2338. 2338.
 1857. 1857.   26.   26.   26.   26.   26.   26.   26.   26.   26.   26.
   26.   26. 
 26. 26. 26. 26. 26. 26. 26. 26. 26. 26. 26. 26. 26. 26. 26. 26. 26. 26.
 26. 26. 26. 26. 26. 26. 26. 26. 
 2338. 1857. 1857.   26.   26.   26.   26.   26.   26.   26.   26.   26.
   26.   26.   26.   26.   26.   26.   26. 1857. 1857. 2338. 2338. 1857.
   26.   26. 
 26. 26. 26. 26. 26. 26. 26. 26. 26. 26. 26. 26. 26. 26. 26. 26. 26. 26.
 26. 26. 26. 26. 26. 26. 26. 26. 
   26.   26.   26.   26.   26.   26.   26.   26.   26.   26.   26.   26.
 1857. 1857.   26.   26.   26.   26.   26.   26.   26.   26.   26.   26.
   26. 1857. 
 1857. 1857.   26.   26. 1857. 1857. 2338. 2338. 2338. 1857.   26.   26.
   26.   26.   26.   26.   26.   26.   26.   26.   26.   26.   26.   26.
   26.   26. 
   26.   26.   26.   26.   26.   26.   26.   26.   26.   26.   26.   26.
   26.   26.   26.   26.   26.   26.   26.   26.   26.   26.   26.   26.
 1857.   26. 
   26.   26.   26.   26.   26.   26.   26.   26.   26.   26. 1857. 2338.
 2338. 2338. 2338. 1857. 2338. 2338. 2338. 2338. 1857. 1857.   26.   26.
   26.   26. 
 26. 26. 26. 26. 26. 26. 26. 26. 26. 26. 26. 26. 26. 26. 26. 26. 26. 26.
 26. 26. 26. 26. 26. 26. 26. 26. 
   26.   26.   26.   26.   26.   26.   26.   26.   26.   26.   26.   26.
   26.   26.   26.   26.   26.   26.   26.   26. 1857. 1857. 2338. 2338.
 2338. 2338. 
 2338. 2338. 2338. 2338. 2338. 2338. 1857.   26.   26.   26.   26.   26.
   26.   26.   26.   26.   26.   26.   26.   26.   26.   26.   26.   26.
   26.   26. 
   26.   26.   26.   26.   26.   26.   26.   26.   26.   26.   26.   26.
   26.   26.   26.   26.   26.   26.   26.   26.   26.   26.   26. 1857.
 1857. 1857. 
 1857. 1857. 1857.   26.   26. 1857. 1857. 2338. 2338. 2338. 2338. 2338.
 2338. 2338. 2338. 2338. 1857. 1857.   26.   26.   26.   26.   26.   26.
   26.   26. 
 26. 26. 26. 26. 26. 26. 26. 26. 26. 26. 26. 26. 26. 26. 26. 26. 26. 26.
 26. 26. 26. 26. 26. 26. 26. 26. 
   26.   26.   26.   26.   26.   26.   26.   26. 1857. 2338. 2338. 2338.
 2338. 2338. 1857. 1857. 1857. 1857. 2338. 2338. 2338. 1857. 1857. 1857.
 1857. 1857. 
 1857. 1857.   26.   26.   26.   26.   26.   26.   26.   26.   26.   26.
   26.   26.   26.   26.   26.   26.   26.   26.   26.   26.   26.   26.
   26.   26. 
   26.   26.   26.   26.   26.   26.   26.   26.   26.   26.   26.   26.
   26.   26.   26.   26.   26.   26.   26.   26. 1857. 2338. 2338. 2338.
 2338. 2338. 
 2338. 2338. 2338. 2338. 2338. 2338. 1857. 1857.   26.   26.   26.   26.
   26.   26.   26.   26.   26.   26.   26.   26.   26.   26.   26.   26.
   26.   26. 
 26. 26. 26. 26. 26. 26. 26. 26. 26. 26. 26. 26. 26. 26. 26. 26. 26. 26.
 26. 26. 26. 26. 26. 26. 26. 26. 
   26.   26.   26.   26.   26.   26. 1857. 2338. 1857. 1857. 1857. 1857.
 2338. 2338. 2338. 2338. 2338. 1857. 1857.   26.   26.   26.   26.   26.
   26.   26. 
 26. 26. 26. 26. 26. 26. 26. 26. 26. 26. 26. 26. 26. 26. 26. 26. 26. 26.
 26. 26. 26. 26. 26. 26. 26. 26. 
   26.   26.   26.   26.   26.   26.   26.   26.   26.   26.   26.   26.
   26.   26.   26.   26.   26.   26. 2338. 1857.   26.   26.   26. 1857.
 1857. 1857. 
 1857. 2338. 1857. 1857.   26.   26.   26.   26.   26.   26.   26.   26.
   26.   26.   26.   26.   26.   26.   26.   26.   26.   26.   26.   26.
   26.   26. 
 26. 26. 26. 26. 26. 26. 26. 26. 26. 26. 26. 26. 26. 26. 26. 26. 26. 26.
 26. 26. 26. 26. 26. 26. 26. 26. 
   26.   26.   26.   26. 1857.   26.   26.   26.   26.   26.   26.   26.
 1857. 1857. 1857.   26.   26.   26.   26.   26.   26.   26.   26.   26.
   26.   26. 
 26. 26. 26. 26. 26. 26. 26. 26. 26. 26. 26. 26. 26. 26. 26. 26. 26. 26.
 26. 26. 26. 26. 26. 26. 26. 26. 
   26.   26.   26.   26.   26.   26.   26.   26.   26.   26.   26.   26.
   26.   26.   26.   26. 1857.   26.   26.   26.   26.   26.   26.   26.
   26.   26. 
 26. 26. 26. 26. 26. 26. 26. 26. 26. 26. 26. 26. 26. 26. 26. 26. 26. 26.
 26. 26. 26. 26. 26. 26. 26. 26. 
 26. 26. 26. 26. 26. 26. 26. 26. 26. 26. 26. 26. 26. 26. 26. 26. 26. 26.
 26. 26. 26. 26. 26. 26. 26. 26. 
 26. 26. 26. 26. 26. 26. 26. 26. 26. 26. 26. 26. 26. 26. 26. 26. 26. 26.
 26. 26. 26. 26. 26. 26. 26. 26. 
 26. 26. 26. 26. 26. 26. 26. 26. 26. 26. 26. 26. 26. 26. 26. 26. 26. 26.
 26. 26. 26. 26. 26. 26. 26. 26. 
 26. 26. 26. 26. 26. 26. 26. 26. 26. 26. 26. 26. 26. 26. 26. 26. 26. 26.
 26. 26. 26. 26. 26. 26. 26. 26. 
 26. 26. 26. 26. 26. 26. 26. 26. 26. 26. 26. 26. 26. 26. 26. 26. 26. 26.
 26. 26. 26. 26. 26. 26. 26. 26. 
 26. 26. 26. 26. 26. 26. 26. 26. 26. 26. 26. 26. 26. 26. 26. 26. 26. 26.
 26. 26. 26. 26. 26. 26. 26. 26. 
 26. 26. 26. 26. 26. 26. 26. 26. 26. 26. 26. 26. 26. 26. 26. 26. 26. 26.
 26. 26. 26. 26. 26. 26. 26. 26. 
 26. 26. 26. 26. 26. 26. 26. 26. 26. 26. 26. 26. 26. 26. 26. 26. 26. 26.
 26. 26. 26. 26. 26. 26. 26. 26. 
 26. 26. 26. 26. 26. 26. 26. 26. 26. 26. 26. 26. 26. 26. 26. 26. 26. 26.
 26. 26. 26. 26. 26. 26. 26. 26. 
 26. 26. 26. 26. 26. 26. 26. 26. 26. 26. 26. 26. 26. 26. 26. 26. 26. 26.
 26. 26. 26. 26. 26. 26. 26. 26. 
 26. 26. 26. 26. 26. 26. 26. 26. 26. 26. 26. 26. 26. 26. 26. 26. 26. 26.
 26. 26. 26. 26. 26. 26. 26. 26. 
 26. 26. 26. 26. 26. 26. 26. 26. 26. 26. 26. 26. 26. 26. 26. 26. 26. 26.
 26. 26. 26. 26. 26. 26. 26. 26. 
 26. 26. 26. 26. 26. 26. 26. 26. 26. 26. 26. 26. 26. 26. 26. 26. 26. 26.
 26. 26. 26. 26. 26. 26. 26. 26. 
 26. 26. 26. 26. 26. 26. 26. 26. 26. 26. 26. 26. 26. 26. 26. 26. 26. 26.
 26. 26. 26. 26. 26. 26. 26. 26. 
 26. 26. 26. 26. 26. 26. 26. 26. 26. 26. 26. 26. 26. 26. 26. 26. 26. 26.
 26. 26. 26. 26. 26. 26. 26. 26. 
 26. 26. 26. 26. 26. 26. 26. 26. 26. 26. 26. 26. 26. 26. 26. 26. 26. 26.
 26. 26. 26. 26. 26. 26. 26. 26. 
 26. 26. 26. 26. 26. 26. 26. 26. 26. 26. 26. 26. 26. 26. 26. 26. 26. 26.
 26. 26. 26. 26. 26. 26. 26. 26. 
 26. 26. 26. 26. 26. 26. 26. 26. 26. 26. 26. 26. 26. 26. 26. 26. 26. 26.
 26. 26. 26. 26. 26. 26. 26. 26. 
 26. 26. 26. 26. 26. 26. 26. 26. 26. 26. 26. 26. 26. 26. 26. 26. 26. 26.
 26. 26. 26. 26. 26. 26. 26. 26. 
 26. 26. 26. 26. 26. 26. 26. 26. 26. 26. 26. 26. 26. 26. 26. 26. 26. 26.
 26. 26. 26. 26. 26. 26. 26. 26. 
 26. 26. 26. 26. 26. 26. 26. 26. 26. 26. 26. 26. 26. 26. 26. 26. 26. 26.
 26. 26. 26. 26. 26. 26. 26. 26. 
 26. 26. 26. 26. 26. 26. 26. 26. 26. 26. 26. 26. 26. 26. 26. 26. 26. 26.
 26. 26. 26. 26. 26. 26. 26. 26. 
 26. 26. 26. 26. 26. 26. 26. 26. 26. 26. 26. 26. 26. 26. 26. 26. 26. 26.
 26. 26. 26. 26. 26. 26. 26. 26. 
 26. 26. 26. 26. 26. 26. 26. 26. 26. 26. 26. 26. 26. 26. 26. 26. 26. 26.
 26. 26. 26. 26. 26. 26. 26. 26. 
 26. 26. 26. 26. 26. 26. 26. 26. 26. 26. 26. 26. 26. 26. 26. 26. 26. 26.
 26. 26. 26. 26. 26. 26. 26. 26. 
   26.   26.   26.   26.   26.   26.   26.   26.   26.   26.   26.   26.
   26.   26.   26.   26.   26. 1857.   26.   26.   26.   26.   26.   26.
   26.   26. 
 26. 26. 26. 26. 26. 26. 26. 26. 26. 26. 26. 26. 26. 26. 26. 26. 26. 26.
 26. 26. 26. 26. 26. 26. 26. 26. 
 26. 26. 26. 26. 26. 26. 26. 26. 26. 26. 26. 26. 26. 26. 26. 26. 26. 26.
 26. 26. 26. 26. 26. 26. 26. 26. 
   26.   26. 1857. 1857.   26.   26.   26.   26.   26.   26.   26.   26.
   26.   26.   26.   26.   26.   26.   26.   26.   26.   26.   26.   26.
   26.   26. 
 26. 26. 26. 26. 26. 26. 26. 26. 26. 26. 26. 26. 26. 26. 26. 26. 26. 26.
 26. 26. 26. 26. 26. 26. 26. 26. 
   26.   26.   26.   26.   26.   26.   26.   26.   26.   26.   26.   26.
   26. 1857. 1857. 2338.   26.   26.   26.   26.   26.   26.   26.   26.
   26.   26. 
 26. 26. 26. 26. 26. 26. 26. 26. 26. 26. 26. 26. 26. 26. 26. 26. 26. 26.
 26. 26. 26. 26. 26. 26. 26. 26. 
   26.   26.   26.   26.   26.   26.   26.   26.   26.   26.   26.   26.
   26.   26.   26.   26.   26.   26.   26.   26.   26.   26.   26.   26.
 1857. 1857. 
 2338. 2338.   26.   26.   26.   26.   26.   26.   26.   26.   26.   26.
   26.   26.   26.   26.   26.   26.   26.   26.   26.   26.   26.   26.
   26.   26. 
 26. 26. 26. 26. 26. 26. 26. 26. 26. 26. 26. 26. 26. 26. 26. 26. 26. 26.
 26. 26. 26. 26. 26. 26. 26. 26. 
   26.   26.   26.   26.   26. 1857. 1857. 1857. 1857. 1857. 1857. 2338.
 2338. 2338.   26.   26.   26.   26.   26.   26.   26.   26.   26.   26.
   26.   26. 
 26. 26. 26. 26. 26. 26. 26. 26. 26. 26. 26. 26. 26. 26. 26. 26. 26. 26.
 26. 26. 26. 26. 26. 26. 26. 26. 
   26.   26.   26.   26.   26.   26.   26.   26.   26.   26.   26. 1857.
 1857. 1857. 1857. 1857. 1857. 1857. 1857. 1857. 1857. 1857. 2338. 2338.
 2338. 1857. 
 26. 26. 26. 26. 26. 26. 26. 26. 26. 26. 26. 26. 26. 26. 26. 26. 26. 26.
 26. 26. 26. 26. 26. 26. 26. 26. 
   26.   26.   26.   26.   26.   26.   26.   26.   26.   26.   26.   26.
   26.   26.   26.   26.   26.   26.   26.   26.   26.   26. 1857. 1857.
 2338. 2338. 
 2338. 2338. 2338. 2338. 2338. 2338. 2338. 2338. 2338. 2338. 2338. 1857.
   26.   26.   26.   26.   26.   26.   26.   26.   26.   26.   26.   26.
   26.   26. 
 26. 26. 26. 26. 26. 26. 26. 26. 26. 26. 26. 26. 26. 26. 26. 26. 26. 26.
 26. 26. 26. 26. 26. 26. 26. 26. 
   26.   26.   26. 1857. 1857. 1857. 1857. 1857. 2338. 2338. 2338. 2338.
 2338. 2338. 2338. 2338. 2338. 2338. 2338. 2338. 2338. 2338. 1857. 1857.
   26.   26. 
 26. 26. 26. 26. 26. 26. 26. 26. 26. 26. 26. 26. 26. 26. 26. 26. 26. 26.
 26. 26. 26. 26. 26. 26. 26. 26. 
   26.   26.   26.   26.   26.   26.   26.   26.   26.   26.   26.   26.
   26.   26. 1857. 1857. 2338. 1857. 1857. 2338. 2338. 2338. 2338. 2338.
 1857. 1857. 
 1857. 1857. 1857. 1857. 1857. 1857. 1857. 1857. 1857. 2338.   26.   26.
   26.   26.   26.   26.   26.   26.   26.   26.   26.   26.   26.   26.
   26.   26. 
   26.   26.   26.   26.   26.   26.   26.   26.   26.   26.   26.   26.
   26.   26.   26.   26.   26.   26.   26.   26.   26.   26.   26.   26.
   26. 1857. 
 1857. 1857. 1857. 1857. 2338. 2338. 2338. 2338. 1857. 1857. 1857. 2338.
 2338. 1857. 1857. 1857. 1857. 1857. 1857. 1857. 2338. 2338.   26.   26.
   26.   26. 
 26. 26. 26. 26. 26. 26. 26. 26. 26. 26. 26. 26. 26. 26. 26. 26. 26. 26.
 26. 26. 26. 26. 26. 26. 26. 26. 
   26.   26.   26.   26.   26.   26.   26.   26.   26. 1857. 1857. 1857.
 1857. 1857. 2338. 2338. 2338. 2338. 2338. 1857. 2338. 2338. 2338. 2338.
 1857. 1857. 
 1857.   26.   26.   26.   26. 1857. 1857. 1857.   26.   26.   26.   26.
   26.   26.   26.   26.   26.   26.   26.   26.   26.   26.   26.   26.
   26.   26. 
   26.   26.   26.   26.   26.   26.   26.   26.   26.   26.   26.   26.
   26.   26.   26.   26.   26.   26.   26.   26. 1857. 1857. 2338. 2338.
 2338. 2338. 
 2338. 2338. 2338. 1857. 1857. 1857. 1857. 1857. 1857. 1857. 1857.   26.
   26.   26.   26.   26.   26.   26.   26. 1857.   26.   26.   26.   26.
   26.   26. 
 26. 26. 26. 26. 26. 26. 26. 26. 26. 26. 26. 26. 26. 26. 26. 26. 26. 26.
 26. 26. 26. 26. 26. 26. 26. 26. 
   26.   26.   26.   26.   26. 1857. 1857. 2338. 2338. 2338. 2338. 2338.
 2338. 1857. 1857. 1857.   26. 1857. 1857. 1857. 1857.   26.   26.   26.
   26.   26. 
 26. 26. 26. 26. 26. 26. 26. 26. 26. 26. 26. 26. 26. 26. 26. 26. 26. 26.
 26. 26. 26. 26. 26. 26. 26. 26. 
   26.   26.   26.   26.   26. 1857. 1857. 1857. 1857. 1857. 1857. 1857.
 1857. 1857. 1857. 1857. 1857. 2338. 2338. 2338. 2338. 1857. 1857. 1857.
 1857. 1857. 
 26. 26. 26. 26. 26. 26. 26. 26. 26. 26. 26. 26. 26. 26. 26. 26. 26. 26.
 26. 26. 26. 26. 26. 26. 26. 26. 
   26.   26.   26.   26.   26.   26.   26.   26. 1857. 1857. 1857. 1857.
 1857. 1857. 1857. 1857. 1857. 1857. 1857. 2338. 2338. 2338. 2338. 2338.
 2338. 2338. 
 1857. 1857. 2338. 2338. 2338. 1857. 1857. 1857. 1857.   26.   26.   26.
   26.   26.   26.   26.   26.   26.   26.   26.   26.   26.   26.   26.
   26.   26. 
   26.   26.   26.   26.   26.   26.   26.   26.   26.   26.   26.   26.
   26.   26.   26.   26.   26. 1857. 1857. 1857. 1857. 1857. 1857. 1857.
 1857. 1857. 
 1857. 1857. 1857. 2338. 2338. 2338. 2338. 2338. 2338. 2338. 2338. 1857.
 1857. 2338. 2338. 2338. 1857. 1857. 1857. 1857.   26.   26.   26.   26.
   26.   26. 
 26. 26. 26. 26. 26. 26. 26. 26. 26. 26. 26. 26. 26. 26. 26. 26. 26. 26.
 26. 26. 26. 26. 26. 26. 26. 26. 
   26. 1857. 1857. 1857. 2338. 2338. 2338. 2338. 2338. 2338. 2338. 2338.
 2338. 2338. 2338. 2338. 2338. 2338. 2338. 2338. 2338. 1857. 1857. 1857.
 2338. 2338. 
 2338. 1857. 1857. 1857. 1857.   26.   26.   26.   26.   26.   26.   26.
   26.   26.   26.   26.   26.   26.   26.   26.   26.   26.   26.   26.
   26.   26. 
   26.   26.   26.   26.   26.   26.   26.   26.   26.   26.   26.   26.
 1857. 1857. 2338. 2338. 2338. 2338. 2338. 2338. 2338. 2338. 2338. 2338.
 2338. 2338. 
 2338. 2338. 2338. 1857. 1857. 1857. 1857. 1857. 1857. 1857. 2338. 2338.
 1857. 1857. 1857.   26.   26.   26.   26.   26.   26.   26.   26.   26.
   26.   26. 
   26.   26.   26.   26.   26.   26.   26.   26.   26.   26.   26.   26.
   26.   26.   26.   26.   26.   26.   26.   26.   26.   26.   26. 1857.
 1857. 2338. 
 2338. 2338. 2338. 2338. 2338. 2338. 1857. 1857. 1857. 1857. 2338. 1857.
 1857. 1857. 1857. 1857. 1857.   26. 1857. 1857. 1857. 2338. 2338. 2338.
 1857.   26. 
 26. 26. 26. 26. 26. 26. 26. 26. 26. 26. 26. 26. 26. 26. 26. 26. 26. 26.
 26. 26. 26. 26. 26. 26. 26. 26. 
   26.   26.   26.   26.   26.   26.   26.   26. 1857. 1857. 2338. 2338.
 2338. 1857. 1857. 1857. 1857. 1857. 1857. 1857. 1857. 1857. 1857. 1857.
 1857. 1857. 
 1857. 1857. 1857. 1857. 2338. 2338. 2338. 2338. 2338. 1857. 1857.   26.
   26.   26.   26.   26.   26.   26.   26.   26.   26.   26.   26.   26.
   26.   26. 
   26.   26.   26.   26.   26.   26.   26.   26.   26.   26.   26.   26.
   26.   26. 1857. 1857. 1857. 1857.   26. 1857. 1857. 1857. 1857. 1857.
 1857. 1857. 
 1857. 1857. 1857. 1857. 1857. 1857. 1857. 1857. 2338. 2338. 2338. 2338.
 2338. 2338. 2338. 2338. 2338. 2338. 2338. 2338. 1857. 1857.   26.   26.
   26.   26. 
   26.   26.   26.   26.   26.   26.   26.   26.   26.   26.   26.   26.
   26.   26.   26.   26.   26.   26.   26.   26.   26.   26.   26.   26.
 1857. 1857. 
 1857. 2338. 1857. 1857. 1857. 1857. 2338. 2338. 2338. 2338. 2338. 2338.
 2338. 2338. 2338. 2338. 2338. 1857. 2338. 2338. 2338. 2338. 2338. 2338.
 2338. 2338. 
 2338. 2338. 2338. 2338. 1857. 1857. 1857.   26.   26.   26.   26.   26.
   26.   26.   26.   26.   26.   26.   26.   26.   26.   26.   26.   26.
   26.   26. 
   26.   26.   26.   26.   26.   26.   26.   26.   26.   26. 2338. 2338.
 2338. 2338. 2338. 1857. 1857. 2338. 2338. 2338. 2338. 2338. 2338. 2338.
 2338. 2338. 
 2338. 2338. 2338. 2338. 2338. 2338. 2338. 2338. 1857. 1857. 1857. 1857.
 1857. 1857. 1857. 1857. 1857.   26.   26.   26.   26.   26.   26.   26.
   26.   26. 
   26.   26.   26.   26.   26.   26.   26.   26.   26.   26.   26.   26.
   26.   26.   26.   26.   26.   26.   26.   26.   26.   26. 2338. 2338.
 2338. 2338. 
 1857. 2338. 2338. 2338. 2338. 1857. 1857. 1857. 1857. 1857. 1857. 2338.
 1857. 1857. 2338. 2338. 2338. 1857. 1857. 1857. 1857.   26.   26.   26.
   26.   26. 
 26. 26. 26. 26. 26. 26. 26. 26. 26. 26. 26. 26. 26. 26. 26. 26. 26. 26.
 26. 26. 26. 26. 26. 26. 26. 26. 
   26.   26.   26.   26.   26.   26.   26.   26. 1857. 1857. 1857. 1857.
 2338. 2338. 2338. 2338. 1857. 1857. 1857.   26.   26.   26. 1857. 1857.
 1857. 1857. 
 1857. 1857. 1857. 1857. 1857.   26.   26.   26.   26.   26.   26.   26.
   26.   26.   26.   26.   26.   26.   26.   26.   26.   26.   26.   26.
   26.   26. 
   26.   26.   26.   26.   26.   26.   26.   26.   26.   26.   26.   26.
   26.   26.   26.   26.   26.   26.   26.   26. 1857. 2338. 2338. 2338.
 2338. 2338. 
 2338. 1857. 1857.   26.   26.   26.   26.   26.   26.   26.   26.   26.
   26.   26.   26.   26.   26.   26.   26.   26.   26.   26.   26.   26.
   26.   26. 
 26. 26. 26. 26. 26. 26. 26. 26. 26. 26. 26. 26. 26. 26. 26. 26. 26. 26.
 26. 26. 26. 26. 26. 26. 26. 26. 
   26.   26.   26.   26.   26.   26. 2338. 2338. 2338. 2338. 2338. 1857.
 1857.   26.   26.   26.   26.   26.   26.   26.   26.   26.   26.   26.
   26.   26. 
 26. 26. 26. 26. 26. 26. 26. 26. 26. 26. 26. 26. 26. 26. 26. 26. 26. 26.
 26. 26. 26. 26. 26. 26. 26. 26. 
   26.   26.   26.   26.   26.   26.   26.   26.   26.   26.   26.   26.
   26.   26.   26.   26.   26.   26. 2338. 2338. 1857. 1857. 1857. 1857.
   26.   26. 
 26. 26. 26. 26. 26. 26. 26. 26. 26. 26. 26. 26. 26. 26. 26. 26. 26. 26.
 26. 26. 26. 26. 26. 26. 26. 26. 
 26. 26. 26. 26. 26. 26. 26. 26. 26. 26. 26. 26. 26. 26. 26. 26. 26. 26.
 26. 26. 26. 26. 26. 26. 26. 26. 
   26.   26.   26.   26. 1857. 1857. 1857.   26.   26.   26.   26.   26.
   26.   26.   26.   26.   26.   26.   26.   26.   26.   26.   26.   26.
   26.   26. 
 26. 26. 26. 26. 26. 26. 26. 26. 26. 26. 26. 26. 26. 26. 26. 26. 26. 26.
 26. 26. 26. 26. 26. 26. 26. 26. 
 26. 26. 26. 26. 26. 26. 26. 26. 26. 26. 26. 26. 26. 26. 26. 26. 26. 26.
 26. 26. 26. 26. 26. 26. 26. 26. 
 26. 26. 26. 26. 26. 26. 26. 26. 26. 26. 26. 26. 26. 26. 26. 26. 26. 26.
 26. 26. 26. 26. 26. 26. 26. 26. 
 26. 26. 26. 26. 26. 26. 26. 26. 26. 26. 26. 26. 26. 26. 26. 26. 26. 26.
 26. 26. 26. 26. 26. 26. 26. 26. 
 26. 26. 26. 26. 26. 26. 26. 26. 26. 26. 26. 26. 26. 26. 26. 26. 26. 26.
 26. 26. 26. 26. 26. 26. 26. 26. 
 26. 26. 26. 26. 26. 26. 26. 26. 26. 26. 26. 26. 26. 26. 26. 26. 26. 26.
 26. 26. 26. 26. 26. 26. 26. 26. 
 26. 26. 26. 26. 26. 26. 26. 26. 26. 26. 26. 26. 26. 26. 
/