PERMI
 3667. 2607. 2607. 2607. 2607. 2607. 2607.   30.   30.   30.   30.   30.
   30.   30.   30.   30. 2607. 3667. 3667. 3667. 2607. 2607.   30.   30.
   30.   30. 
 30. 30. 30. 30. 30. 30. 30. 30. 30. 30. 30. 30. 30. 30. 30. 30. 30. 30.
 30. 30. 30. 30. 30. 30. 30. 30. 
   30.   30.   30.   30.   30.   30.   30.   30.   30.   30.   30.   30.
 3667. 2607. 2607. 2607. 2607. 2607. 2607. 2607. 2607.   30.   30.   30.
   30.   30. 
   30.   30. 2607. 3667. 3667. 3667. 2607. 2607.   30.   30.   30.   30.
   30.   30.   30.   30.   30.   30.   30.   30.   30.   30.   30.   30.
   30.   30. 
   30.   30.   30.   30.   30.   30.   30.   30.   30.   30.   30.   30.
   30.   30.   30.   30.   30.   30.   30.   30.   30.   30.   30.   30.
 2607. 2607. 
 3667. 3667. 3667. 3667. 3667. 3667. 2607. 2607. 2607. 2607. 2607.   30.
   30.   30. 2607. 2607. 3667. 3667. 2607. 2607. 2607. 2607. 2607.   30.
   30.   30. 
 30. 30. 30. 30. 30. 30. 30. 30. 30. 30. 30. 30. 30. 30. 30. 30. 30. 30.
 30. 30. 30. 30. 30. 30. 30. 30. 
   30.   30.   30.   30.   30.   30.   30.   30.   30.   30. 3667. 3667.
 3667. 3667. 3667. 3667. 3667. 3667. 2607. 2607. 3667. 3667. 2607.   30.
   30.   30. 
   30. 2607. 3667. 3667. 3667. 3667. 2607. 2607. 2607. 2607. 2607. 2607.
   30.   30.   30.   30.   30.   30.   30.   30.   30.   30.   30.   30.
   30.   30. 
   30.   30.   30.   30.   30.   30.   30.   30.   30.   30.   30.   30.
   30.   30.   30.   30.   30.   30.   30.   30.   30.   30. 3667. 3667.
 3667. 3667. 
 2607. 2607. 3667. 3667. 3667. 2607. 3667. 3667. 2607. 2607.   30.   30.
   30. 2607. 2607. 3667. 3667. 3667. 3667. 3667. 3667. 3667. 2607. 2607.
 2607.   30. 
 30. 30. 30. 30. 30. 30. 30. 30. 30. 30. 30. 30. 30. 30. 30. 30. 30. 30.
 30. 30. 30. 30. 30. 30. 30. 30. 
   30.   30.   30.   30.   30.   30.   30.   30. 3667. 2607. 2607. 2607.
 2607. 3667. 3667. 3667. 2607. 2607. 3667. 3667. 3667. 2607.   30.   30.
   30.   30. 
 2607. 2607. 2607. 2607. 3667. 3667. 3667. 3667. 3667. 3667. 2607. 2607.
   30.   30.   30.   30.   30.   30.   30.   30.   30.   30.   30.   30.
   30.   30. 
   30.   30.   30.   30.   30.   30.   30.   30.   30.   30.   30.   30.
   30.   30.   30.   30.   30.   30.   30.   30. 2607. 2607. 2607. 2607.
 2607. 3667. 
 3667. 3667. 2607. 2607. 3667. 3667. 3667. 2607.   30.   30.   30.   30.
   30.   30. 2607. 2607. 2607. 2607. 2607. 3667. 3667. 3667. 3667. 2607.
   30.   30. 
 30. 30. 30. 30. 30. 30. 30. 30. 30. 30. 30. 30. 30. 30. 30. 30. 30. 30.
 30. 30. 30. 30. 30. 30. 30. 30. 
   30.   30.   30.   30.   30.   30.   30.   30. 2607. 2607. 3667. 3667.
 3667. 2607. 2607. 2607. 3667. 3667. 2607. 2607.   30.   30.   30. 2607.
 2607. 2607. 
 2607.   30. 2607. 2607. 2607. 2607. 2607. 3667. 3667. 2607. 2607.   30.
   30.   30.   30.   30.   30.   30.   30.   30.   30.   30.   30.   30.
   30.   30. 
   30.   30.   30.   30.   30.   30.   30.   30.   30.   30.   30.   30.
   30.   30.   30.   30.   30.   30.   30.   30. 2607. 2607. 3667. 3667.
 3667. 2607. 
 2607. 2607. 2607. 2607. 2607. 2607. 2607. 2607. 2607. 2607. 2607. 2607.
 2607. 2607.   30.   30.   30.   30. 2607. 3667. 3667. 3667. 2607.   30.
   30.   30. 
 30. 30. 30. 30. 30. 30. 30. 30. 30. 30. 30. 30. 30. 30. 30. 30. 30. 30.
 30. 30. 30. 30. 30. 30. 30. 30. 
   30.   30.   30.   30.   30. 2607. 2607. 3667. 3667. 3667. 2607. 2607.
 2607. 2607. 3667. 3667. 3667. 3667. 2607. 2607. 2607. 3667. 3667. 3667.
 3667. 2607. 
 2607.   30.   30.   30. 2607. 3667. 3667. 3667. 2607.   30.   30.   30.
   30.   30.   30.   30.   30.   30.   30.   30.   30.   30.   30.   30.
   30.   30. 
   30.   30.   30.   30.   30.   30.   30.   30.   30.   30.   30.   30.
   30.   30.   30.   30.   30. 2607. 2607. 3667. 3667. 2607. 2607. 2607.
 3667. 3667. 
 3667. 3667. 3667. 3667. 3667. 3667. 2607. 2607. 3667. 3667. 3667. 3667.
 2607. 2607.   30. 2607. 2607. 3667. 3667. 2607. 2607.   30.   30.   30.
   30.   30. 
 30. 30. 30. 30. 30. 30. 30. 30. 30. 30. 30. 30. 30. 30. 30. 30. 30. 30.
 30. 30. 30. 30. 30. 30. 30. 30. 
   30.   30.   30. 2607. 2607. 3667. 3667. 2607. 3667. 3667. 3667. 3667.
 3667. 3667. 3667. 3667. 3667. 3667. 3667. 2607. 2607. 2607. 3667. 3667.
 2607. 2607. 
 2607. 2607. 2607. 3667. 3667. 2607.   30.   30.   30.   30.   30.   30.
   30.   30.   30.   30.   30.   30.   30.   30.   30.   30.   30.   30.
   30.   30. 
   30.   30.   30.   30.   30.   30.   30.   30.   30.   30.   30.   30.
   30.   30.   30. 2607. 2607. 3667. 3667. 3667. 3667. 3667. 3667. 3667.
 2607. 2607. 
 2607. 2607. 3667. 3667. 3667. 2607. 2607. 2607. 2607. 2607. 2607. 2607.
 2607. 2607. 2607. 2607. 3667. 2607.   30.   30.   30.   30.   30.   30.
   30.   30. 
 30. 30. 30. 30. 30. 30. 30. 30. 30. 30. 30. 30. 30. 30. 30. 30. 30. 30.
 30. 30. 30. 30. 30. 30. 30. 30. 
   30.   30. 2607. 2607. 3667. 3667. 3667. 3667. 2607. 2607. 2607. 2607.
 2607. 2607. 2607. 3667. 3667. 2607. 2607. 2607. 2607. 2607. 3667. 3667.
 3667. 3667. 
 2607. 2607. 2607. 2607.   30.   30.   30.   30.   30.   30.   30.   30.
   30.   30.   30.   30.   30.   30.   30.   30.   30.   30.   30.   30.
   30.   30. 
   30.   30.   30.   30.   30.   30.   30.   30.   30.   30.   30.   30.
   30.   30. 2607. 2607. 2607. 2607. 2607. 2607. 2607. 2607. 2607. 3667.
 2607. 2607. 
 2607. 3667. 3667. 3667. 2607. 2607. 2607. 3667. 3667. 3667. 3667. 3667.
 3667. 2607. 2607. 2607. 2607. 2607. 2607. 2607. 2607. 2607. 2607. 2607.
   30.   30. 
 30. 30. 30. 30. 30. 30. 30. 30. 30. 30. 30. 30. 30. 30. 30. 30. 30. 30.
 30. 30. 30. 30. 30. 30. 30. 30. 
   30.   30. 2607. 2607. 2607. 2607.   30.   30. 2607. 2607. 2607. 2607.
 2607. 3667. 3667. 3667. 2607. 2607. 3667. 3667. 3667. 2607. 2607. 3667.
 3667. 2607. 
 2607. 2607. 3667. 3667. 3667. 3667. 2607. 2607. 2607. 2607. 2607.   30.
   30.   30.   30.   30.   30.   30.   30.   30.   30.   30.   30.   30.
   30.   30. 
   30.   30.   30.   30.   30.   30.   30.   30.   30.   30.   30.   30.
   30.   30.   30.   30.   30.   30.   30.   30.   30.   30.   30.   30.
 2607. 2607. 
 3667. 3667. 2607. 3667. 3667. 3667. 2607. 2607. 2607. 3667. 3667. 2607.
 2607. 3667. 3667. 3667. 3667. 3667. 3667. 2607. 2607. 3667. 2607. 2607.
   30.   30. 
 30. 30. 30. 30. 30. 30. 30. 30. 30. 30. 30. 30. 30. 30. 30. 30. 30. 30.
 30. 30. 30. 30. 30. 30. 30. 30. 
   30.   30.   30.   30.   30.   30.   30.   30.   30.   30. 2607. 2607.
 3667. 3667. 3667. 3667. 3667. 2607. 2607. 2607. 2607. 3667. 3667. 3667.
 2607. 2607. 
 3667. 3667. 2607. 2607. 2607. 2607. 2607. 2607. 3667. 2607.   30.   30.
   30.   30.   30.   30.   30.   30.   30.   30.   30.   30.   30.   30.
   30.   30. 
   30.   30.   30.   30.   30.   30.   30.   30.   30.   30.   30.   30.
   30.   30.   30.   30.   30.   30.   30.   30.   30.   30.   30. 2607.
 2607. 3667. 
 2607. 3667. 2607. 2607. 3667. 3667. 2607. 3667. 3667. 3667. 2607. 2607.
 2607. 2607. 2607. 2607. 2607. 2607. 2607. 2607. 2607. 2607. 2607.   30.
   30.   30. 
   30.   30. 2607. 2607. 2607. 2607.   30.   30.   30.   30.   30.   30.
   30.   30.   30.   30.   30.   30.   30.   30.   30.   30.   30.   30.
   30.   30. 
   30.   30.   30.   30.   30.   30.   30.   30.   30. 2607. 2607. 2607.
 2607. 2607. 2607. 2607. 2607. 2607. 2607. 3667. 3667. 3667. 2607. 2607.
 2607. 2607. 
 3667. 3667. 3667. 3667. 3667. 2607. 2607. 2607. 2607.   30.   30.   30.
 2607. 2607. 2607. 2607. 2607. 2607. 2607.   30.   30.   30.   30.   30.
   30.   30. 
   30.   30.   30.   30.   30.   30.   30.   30.   30.   30.   30.   30.
   30.   30.   30.   30.   30.   30.   30.   30.   30.   30.   30. 2607.
   30. 2607. 
   30.   30. 2607. 2607. 2607. 2607. 3667. 3667. 2607. 3667. 3667. 3667.
 3667. 3667. 3667. 3667. 3667. 3667. 2607. 2607. 2607.   30. 2607. 2607.
 2607. 3667. 
 3667. 3667. 3667. 3667. 2607. 2607.   30.   30.   30.   30.   30.   30.
   30.   30.   30.   30.   30.   30.   30.   30.   30.   30.   30.   30.
   30.   30. 
   30.   30.   30.   30.   30.   30.   30.   30.   30.   30.   30.   30.
   30.   30.   30.   30.   30. 2607. 3667. 3667. 3667. 3667. 3667. 3667.
 3667. 3667. 
 2607. 3667. 3667. 3667. 2607. 2607. 2607. 2607. 2607. 3667. 3667. 3667.
 3667. 3667. 3667. 3667. 3667. 2607.   30.   30.   30.   30.   30.   30.
   30.   30. 
 30. 30. 30. 30. 30. 30. 30. 30. 30. 30. 30. 30. 30. 30. 30. 30. 30. 30.
 30. 30. 30. 30. 30. 30. 30. 30. 
   30.   30.   30. 2607. 2607. 3667. 3667. 3667. 3667. 2607. 2607. 2607.
 2607. 3667. 3667. 3667. 2607. 2607. 2607. 2607. 3667. 3667. 3667. 3667.
 3667. 2607. 
 2607. 3667. 3667. 2607. 2607.   30.   30.   30.   30.   30.   30.   30.
   30.   30.   30.   30.   30.   30.   30.   30.   30.   30.   30.   30.
   30.   30. 
   30.   30.   30.   30.   30.   30.   30.   30.   30.   30.   30.   30.
   30.   30.   30.   30. 2607. 2607. 2607. 2607. 2607. 2607. 2607.   30.
 2607. 3667. 
 3667. 3667. 2607. 2607. 2607. 3667. 3667. 3667. 3667. 2607. 2607. 2607.
 2607. 3667. 3667. 2607. 2607.   30.   30.   30.   30.   30.   30.   30.
   30.   30. 
   30.   30. 2607. 2607.   30.   30.   30.   30.   30.   30.   30.   30.
   30.   30.   30.   30.   30.   30.   30.   30.   30.   30.   30.   30.
   30.   30. 
   30.   30.   30.   30. 2607.   30.   30.   30.   30. 2607. 2607. 3667.
 3667. 3667. 2607. 2607. 3667. 3667. 3667. 3667. 2607. 2607. 3667. 2607.
 2607. 3667. 
 3667. 2607. 2607. 2607.   30.   30.   30.   30.   30.   30.   30.   30.
   30.   30. 3667. 2607. 2607.   30.   30.   30.   30.   30.   30.   30.
   30.   30. 
   30.   30.   30.   30.   30.   30.   30.   30.   30.   30.   30.   30.
   30.   30.   30.   30.   30.   30.   30.   30.   30. 2607. 2607. 3667.
 3667. 3667. 
 2607. 2607. 3667. 3667. 2607. 2607. 2607. 2607. 2607. 2607. 2607. 3667.
 3667. 2607. 2607. 2607.   30.   30.   30.   30.   30.   30.   30.   30.
   30.   30. 
 3667. 3667. 2607. 2607.   30.   30.   30.   30.   30.   30.   30.   30.
   30.   30.   30.   30.   30.   30.   30.   30.   30.   30.   30.   30.
   30.   30. 
   30.   30.   30.   30.   30.   30.   30. 2607. 2607. 3667. 3667. 3667.
 2607. 2607. 2607. 2607. 2607. 2607. 2607. 2607. 2607. 2607. 2607. 3667.
 3667. 2607. 
 2607. 2607.   30.   30.   30.   30.   30.   30.   30.   30.   30.   30.
 3667. 3667. 3667. 2607. 2607.   30.   30.   30.   30.   30.   30.   30.
   30.   30. 
   30.   30.   30.   30.   30.   30.   30.   30.   30.   30.   30.   30.
   30.   30.   30.   30.   30.   30.   30. 2607. 2607. 3667. 3667. 3667.
 2607. 2607. 
 2607. 2607. 2607. 2607.   30.   30.   30. 2607. 2607. 3667. 3667. 2607.
 2607. 2607.   30.   30.   30.   30.   30.   30.   30.   30.   30.   30.
 2607. 3667. 
 3667. 3667. 2607.   30.   30.   30.   30.   30.   30.   30.   30.   30.
   30.   30.   30.   30.   30.   30.   30.   30.   30.   30.   30.   30.
   30.   30. 
   30.   30.   30.   30.   30. 2607. 2607. 3667. 3667. 3667. 2607. 2607.
 2607. 2607. 2607.   30.   30.   30.   30. 2607. 2607. 3667. 3667. 2607.
 2607. 2607. 
   30.   30.   30.   30.   30.   30.   30.   30.   30.   30. 2607. 3667.
 3667. 3667. 2607.   30.   30.   30.   30.   30.   30.   30.   30.   30.
   30.   30. 
   30.   30.   30.   30.   30.   30.   30.   30.   30.   30.   30.   30.
   30.   30.   30.   30.   30. 2607. 2607. 3667. 3667. 3667. 3667. 2607.
 2607. 2607. 
 2607. 2607. 2607.   30.   30. 2607. 3667. 3667. 3667. 2607. 2607. 2607.
   30.   30.   30.   30.   30.   30.   30.   30.   30.   30. 2607. 3667.
 3667. 3667. 
 2607.   30.   30.   30.   30.   30.   30.   30.   30.   30.   30.   30.
   30.   30.   30.   30.   30.   30.   30.   30.   30.   30.   30.   30.
   30.   30. 
   30.   30.   30. 2607. 2607. 2607. 3667. 3667. 3667. 3667. 3667. 3667.
 3667. 2607. 2607. 2607.   30. 2607. 3667. 3667. 3667. 2607. 2607. 2607.
   30.   30. 
   30.   30.   30.   30.   30.   30.   30.   30. 2607. 3667. 3667. 3667.
 2607.   30.   30.   30.   30.   30.   30.   30.   30.   30.   30.   30.
   30.   30. 
   30.   30.   30.   30.   30.   30.   30.   30.   30.   30.   30.   30.
   30.   30.   30.   30. 2607. 2607. 2607. 3667. 3667. 3667. 3667. 3667.
 3667. 3667. 
 2607. 2607. 2607. 2607. 3667. 3667. 3667. 2607. 2607.   30.   30.   30.
 2607. 2607. 2607. 2607.   30.   30.   30.   30. 2607. 3667. 3667. 3667.
 2607.   30. 
 2607. 2607. 2607. 2607. 2607. 2607.   30.   30.   30.   30.   30.   30.
   30.   30.   30.   30.   30.   30.   30.   30.   30.   30.   30.   30.
   30.   30. 
   30.   30.   30. 2607. 2607. 2607. 2607. 3667. 3667. 3667. 3667. 3667.
 3667. 2607. 2607. 2607. 3667. 3667. 3667. 2607. 2607. 2607. 2607. 2607.
 3667. 3667. 
 3667. 3667. 2607.   30.   30.   30. 2607. 3667. 3667. 3667. 2607. 2607.
 2607. 2607. 2607. 2607. 2607. 2607. 2607. 2607. 2607.   30.   30.   30.
   30.   30. 
   30.   30.   30.   30.   30.   30.   30.   30.   30.   30.   30.   30.
   30.   30.   30.   30. 2607. 2607. 2607. 2607. 2607. 2607. 3667. 3667.
 3667. 2607. 
 2607. 2607. 3667. 3667. 3667. 3667. 3667. 2607. 3667. 3667. 3667. 3667.
 3667. 3667. 2607. 2607.   30.   30. 2607. 2607. 3667. 3667. 3667. 3667.
 3667. 3667. 
 3667. 3667. 3667. 3667. 3667. 3667. 2607. 2607.   30.   30.   30.   30.
   30.   30.   30.   30.   30.   30.   30.   30.   30.   30.   30.   30.
   30.   30. 
   30.   30.   30.   30.   30. 2607. 2607. 2607. 3667. 3667. 3667. 2607.
 2607.   30. 2607. 3667. 3667. 3667. 3667. 3667. 3667. 3667. 3667. 3667.
 3667. 3667. 
 3667. 2607.   30.   30. 3667. 2607. 3667. 3667. 3667. 3667. 3667. 3667.
 3667. 3667. 3667. 3667. 3667. 3667. 3667. 2607.   30.   30.   30.   30.
   30.   30. 
   30.   30.   30.   30.   30.   30.   30.   30.   30.   30.   30.   30.
   30.   30.   30.   30.   30.   30. 2607. 2607. 3667. 3667. 2607. 2607.
   30.   30. 
 2607. 2607. 3667. 3667. 3667. 3667. 3667. 3667. 3667. 2607. 3667. 3667.
 3667. 2607.   30.   30. 3667. 2607. 2607. 3667. 3667. 3667. 3667. 3667.
 3667. 2607. 
 2607. 2607. 3667. 3667. 3667. 2607.   30.   30.   30.   30.   30.   30.
   30.   30.   30.   30.   30.   30.   30.   30.   30.   30.   30.   30.
   30.   30. 
   30.   30.   30. 2607. 2607. 3667. 3667. 3667. 2607. 2607.   30.   30.
   30. 2607. 2607. 2607. 2607. 2607. 2607. 2607. 2607. 2607. 3667. 3667.
 3667. 2607. 
   30.   30. 3667. 3667. 2607. 2607. 2607. 2607. 2607. 2607. 2607. 2607.
 2607. 2607. 2607. 3667. 3667. 2607. 2607.   30.   30.   30.   30.   30.
   30.   30. 
   30.   30.   30.   30.   30.   30.   30.   30.   30.   30.   30.   30.
   30.   30.   30. 2607. 2607. 3667. 3667. 3667. 2607. 2607. 2607. 2607.
 2607. 2607. 
 2607. 2607. 2607. 2607. 2607. 2607. 2607. 2607. 3667. 3667. 3667. 2607.
   30.   30. 3667. 3667. 2607. 2607. 2607. 2607. 3667. 3667. 3667. 3667.
 3667. 2607. 
 2607. 3667. 3667. 2607.   30.   30.   30.   30.   30.   30.   30.   30.
   30.   30.   30.   30.   30.   30.   30.   30.   30.   30.   30.   30.
   30.   30. 
   30. 2607. 2607. 3667. 3667. 3667. 2607. 2607. 2607. 2607. 3667. 3667.
 3667. 3667. 3667. 2607. 2607. 2607. 3667. 2607. 3667. 3667. 2607. 2607.
   30.   30. 
 3667. 3667. 2607. 3667. 3667. 3667. 3667. 3667. 2607. 2607. 2607. 2607.
 3667. 3667. 3667. 2607.   30.   30.   30.   30.   30.   30.   30.   30.
   30.   30. 
   30.   30.   30.   30.   30.   30.   30.   30.   30.   30.   30.   30.
   30.   30. 2607. 2607. 3667. 3667. 3667. 3667. 3667. 3667. 3667. 3667.
 3667. 3667. 
 3667. 3667. 2607. 2607. 3667. 2607. 3667. 3667. 2607.   30.   30.   30.
 3667. 3667. 3667. 3667. 3667. 3667. 2607. 2607.   30. 2607. 2607. 3667.
 3667. 3667. 
 2607. 2607.   30.   30.   30.   30.   30.   30.   30.   30.   30.   30.
   30.   30.   30.   30.   30.   30.   30.   30.   30.   30.   30.   30.
   30.   30. 
 2607. 2607. 3667. 3667. 3667. 3667. 3667. 3667. 3667. 3667. 2607. 2607.
 3667. 3667. 2607. 2607. 3667. 2607. 3667. 3667. 2607. 2607. 2607. 2607.
 2607. 3667. 
 3667. 3667. 2607. 2607. 2607.   30. 2607. 2607. 2607. 3667. 3667. 3667.
 2607.   30.   30.   30.   30.   30.   30.   30.   30.   30.   30.   30.
   30.   30. 
   30.   30.   30.   30.   30.   30.   30.   30.   30.   30.   30.   30.
   30. 2607. 2607. 2607. 3667. 3667. 2607. 2607. 2607. 2607. 2607. 2607.
 3667. 3667. 
 2607. 2607. 3667. 2607. 3667. 2607. 2607. 2607. 2607. 2607.   30. 2607.
 2607. 2607. 2607.   30.   30.   30. 2607. 2607. 3667. 3667. 3667. 2607.
 2607.   30. 
 30. 30. 30. 30. 30. 30. 30. 30. 30. 30. 30. 30. 30. 30. 30. 30. 30. 30.
 30. 30. 30. 30. 30. 30. 30. 30. 
 2607. 2607. 2607. 2607. 2607. 2607.   30.   30.   30. 2607. 2607. 3667.
 3667. 2607. 3667. 2607. 2607. 2607. 2607. 2607. 3667. 3667.   30.   30.
   30.   30. 
   30.   30.   30. 2607. 2607. 2607. 3667. 3667. 2607. 2607. 2607. 2607.
   30.   30. 2607. 2607. 2607. 2607.   30.   30.   30.   30.   30.   30.
   30.   30. 
   30.   30.   30.   30.   30.   30.   30.   30.   30.   30.   30.   30.
   30.   30.   30.   30.   30.   30.   30.   30.   30. 2607. 2607. 3667.
 3667. 2607. 
 2607. 2607. 2607. 2607. 3667. 3667. 3667. 3667.   30.   30.   30.   30.
   30.   30.   30. 2607. 2607. 3667. 3667. 3667. 3667. 2607. 2607. 2607.
 2607. 2607. 
 2607. 3667. 3667. 2607. 2607.   30.   30.   30.   30.   30.   30.   30.
   30.   30.   30.   30.   30.   30.   30.   30.   30.   30.   30.   30.
   30.   30. 
   30.   30.   30.   30.   30.   30.   30. 2607. 2607. 3667. 3667. 2607.
 2607. 3667. 3667. 3667. 3667. 3667. 3667. 3667.   30.   30.   30.   30.
   30.   30. 
   30. 2607. 2607. 2607. 3667. 3667. 3667. 3667. 3667. 3667. 3667. 3667.
 3667. 3667. 3667. 3667. 2607. 2607.   30.   30.   30.   30.   30.   30.
   30.   30. 
   30.   30.   30.   30.   30.   30.   30.   30.   30.   30.   30.   30.
   30.   30.   30.   30.   30.   30.   30. 2607. 2607. 3667. 3667. 3667.
 3667. 3667. 
 3667. 3667. 3667. 2607. 2607. 2607.   30.   30.   30.   30.   30.   30.
   30. 2607. 3667. 2607. 2607. 3667. 3667. 3667. 3667. 3667. 3667. 3667.
 3667. 3667. 
 3667. 3667. 3667. 2607.   30.   30.   30.   30.   30.   30.   30.   30.
   30.   30.   30.   30.   30.   30.   30.   30.   30.   30.   30.   30.
   30.   30. 
   30.   30.   30.   30.   30.   30. 2607. 2607. 3667. 3667. 3667. 3667.
 2607. 2607. 2607. 2607. 2607. 2607.   30.   30.   30.   30.   30.   30.
   30.   30. 
 2607. 3667. 2607. 2607. 2607. 2607. 2607. 2607. 2607. 2607. 2607. 2607.
 3667. 3667. 3667. 2607.   30.   30.   30.   30.   30.   30.   30.   30.
   30.   30. 
   30.   30.   30.   30.   30.   30.   30.   30.   30.   30.   30.   30.
   30.   30.   30.   30.   30.   30. 2607. 2607. 2607. 2607. 2607. 2607.
 2607. 2607. 
 2607. 2607. 2607. 2607.   30.   30.   30.   30.   30.   30.   30.   30.
   30. 2607. 2607. 2607. 2607. 2607. 2607. 2607. 2607. 2607. 2607. 2607.
 3667. 3667. 
 3667. 2607.   30.   30.   30.   30.   30.   30.   30.   30.   30.   30.
   30.   30.   30.   30.   30.   30.   30.   30.   30.   30.   30.   30.
   30.   30. 
   30.   30.   30.   30.   30.   30. 2607. 2607. 2607. 2607.   30.   30.
   30.   30.   30. 2607.   30.   30.   30.   30.   30.   30.   30.   30.
   30.   30. 
   30.   30.   30.   30.   30. 2607. 2607. 3667. 2607. 3667. 3667. 3667.
 2607. 2607.   30.   30.   30.   30.   30.   30.   30.   30.   30.   30.
   30.   30. 
 30. 30. 30. 30. 30. 30. 30. 30. 30. 30. 30. 30. 30. 30. 30. 30. 30. 30.
 30. 30. 30. 30. 30. 30. 30. 30. 
   30. 2607.   30.   30.   30.   30.   30.   30.   30.   30.   30.   30.
   30.   30.   30.   30.   30. 2607. 3667. 2607. 2607. 3667. 3667. 3667.
 2607. 2607. 
 30. 30. 30. 30. 30. 30. 30. 30. 30. 30. 30. 30. 30. 30. 30. 30. 30. 30.
 30. 30. 30. 30. 30. 30. 30. 30. 
 30. 30. 30. 30. 30. 30. 30. 30. 30. 30. 30. 30. 30. 30. 30. 30. 30. 30.
 30. 30. 30. 30. 30. 30. 30. 30. 
   30.   30. 2607. 3667. 3667. 2607. 3667. 3667. 3667. 3667. 2607.   30.
   30.   30.   30.   30.   30.   30.   30.   30.   30.   30.   30.   30.
   30.   30. 
 30. 30. 30. 30. 30. 30. 30. 30. 30. 30. 30. 30. 30. 30. 30. 30. 30. 30.
 30. 30. 30. 30. 30. 30. 30. 30. 
   30.   30.   30.   30.   30.   30.   30.   30.   30.   30.   30.   30.
   30.   30. 2607. 3667. 2607. 2607. 3667. 3667. 3667. 2607. 2607.   30.
 2607.   30. 
 30. 30. 30. 30. 30. 30. 30. 30. 30. 30. 30. 30. 30. 30. 30. 30. 30. 30.
 30. 30. 30. 30. 30. 30. 30. 30. 
   30.   30.   30.   30.   30.   30.   30.   30.   30.   30.   30.   30.
   30.   30.   30.   30.   30.   30.   30.   30.   30.   30.   30.   30.
   30. 2607. 
 3667. 3667. 2607. 3667. 3667. 3667. 2607. 2607. 2607. 2607. 2607. 2607.
 2607.   30.   30.   30.   30.   30.   30.   30.   30.   30.   30.   30.
   30.   30. 
 30. 30. 30. 30. 30. 30. 30. 30. 30. 30. 30. 30. 30. 30. 30. 30. 30. 30.
 30. 30. 30. 30. 30. 30. 30. 30. 
   30.   30.   30.   30.   30.   30.   30.   30.   30.   30.   30. 2607.
 3667. 3667. 2607. 3667. 3667. 3667. 2607. 2607. 3667. 2607. 2607. 2607.
 2607. 2607. 
 30. 30. 30. 30. 30. 30. 30. 30. 30. 30. 30. 30. 30. 30. 30. 30. 30. 30.
 30. 30. 30. 30. 30. 30. 30. 30. 
   30.   30.   30.   30.   30.   30.   30.   30.   30.   30.   30.   30.
   30.   30.   30.   30.   30.   30.   30.   30.   30.   30.   30. 2607.
 2607. 3667. 
 2607. 3667. 3667. 3667. 2607. 2607. 2607. 2607. 2607. 2607. 2607. 2607.
 2607. 2607. 2607.   30.   30.   30.   30.   30.   30.   30.   30.   30.
   30.   30. 
 30. 30. 30. 30. 30. 30. 30. 30. 30. 30. 30. 30. 30. 30. 30. 30. 30. 30.
 30. 30. 30. 30. 30. 30. 30. 30. 
   30.   30.   30.   30.   30.   30.   30.   30.   30.   30. 2607. 3667.
 2607. 3667. 3667. 3667. 3667. 3667. 3667. 3667. 3667. 3667. 3667. 3667.
 3667. 2607. 
 2607. 2607.   30.   30.   30.   30.   30.   30.   30.   30.   30.   30.
   30.   30.   30.   30.   30.   30.   30.   30.   30.   30.   30.   30.
   30.   30. 
   30.   30.   30.   30.   30.   30.   30.   30.   30.   30.   30.   30.
   30.   30.   30.   30.   30.   30.   30.   30.   30.   30. 2607. 2607.
 2607. 2607. 
 3667. 3667. 3667. 3667. 3667. 3667. 3667. 3667. 3667. 3667. 3667. 3667.
 3667. 2607.   30.   30.   30.   30.   30.   30.   30.   30.   30.   30.
   30.   30. 
 30. 30. 30. 30. 30. 30. 30. 30. 30. 30. 30. 30. 30. 30. 30. 30. 30. 30.
 30. 30. 30. 30. 30. 30. 30. 30. 
   30.   30.   30.   30.   30.   30.   30.   30.   30.   30. 2607. 2607.
 2607. 2607. 3667. 3667. 3667. 3667. 2607. 2607. 2607. 2607. 3667. 3667.
 3667. 2607. 
 2607.   30.   30.   30.   30.   30.   30.   30.   30.   30.   30.   30.
   30.   30.   30.   30.   30.   30.   30.   30.   30.   30.   30.   30.
   30.   30. 
   30.   30.   30.   30.   30.   30.   30.   30.   30.   30.   30.   30.
   30.   30.   30.   30.   30.   30.   30.   30.   30.   30.   30.   30.
   30. 2607. 
 2607. 2607. 2607. 2607. 2607. 2607. 2607. 2607. 2607. 3667. 3667. 2607.
 2607.   30.   30.   30.   30. 2607. 2607. 2607.   30.   30.   30.   30.
   30.   30. 
 30. 30. 30. 30. 30. 30. 30. 30. 30. 30. 30. 30. 30. 30. 30. 30. 30. 30.
 30. 30. 30. 30. 30. 30. 30. 30. 
   30.   30.   30.   30.   30.   30.   30.   30.   30.   30.   30.   30.
   30.   30.   30.   30.   30.   30. 2607. 2607. 3667. 3667. 3667. 2607.
 2607.   30. 
   30. 2607. 2607. 3667. 3667. 3667. 3667. 2607.   30.   30.   30.   30.
   30.   30.   30.   30.   30.   30.   30.   30.   30.   30.   30.   30.
   30.   30. 
 30. 30. 30. 30. 30. 30. 30. 30. 30. 30. 30. 30. 30. 30. 30. 30. 30. 30.
 30. 30. 30. 30. 30. 30. 30. 30. 
   30.   30.   30.   30.   30. 2607. 3667. 3667. 3667. 2607. 2607. 2607.
 2607. 3667. 3667. 3667. 3667. 3667. 3667. 3667. 2607.   30.   30.   30.
   30.   30. 
 30. 30. 30. 30. 30. 30. 30. 30. 30. 30. 30. 30. 30. 30. 30. 30. 30. 30.
 30. 30. 30. 30. 30. 30. 30. 30. 
   30.   30.   30.   30.   30.   30.   30.   30.   30.   30.   30.   30.
   30.   30.   30.   30.   30. 2607. 3667. 3667. 3667. 2607. 2607. 3667.
 3667. 3667. 
 3667. 3667. 2607. 2607. 3667. 3667. 2607.   30.   30.   30.   30.   30.
   30.   30.   30.   30.   30.   30.   30.   30.   30.   30.   30.   30.
   30.   30. 
 30. 30. 30. 30. 30. 30. 30. 30. 30. 30. 30. 30. 30. 30. 30. 30. 30. 30.
 30. 30. 30. 30. 30. 30. 30. 30. 
   30.   30.   30. 2607. 2607. 3667. 3667. 2607. 3667. 3667. 3667. 3667.
 2607. 2607.   30. 2607. 3667. 3667. 2607.   30.   30.   30.   30.   30.
   30.   30. 
 30. 30. 30. 30. 30. 30. 30. 30. 30. 30. 30. 30. 30. 30. 
/