PERMI
   40.   40.   40.   40.   40.   40.   40.   40.   40.   40.   40.   40.
   40.   40.   40.   40.   40. 1079. 1079. 1419. 1419. 1419. 1079.   40.
   40.   40. 
   40.   40.   40.   40.   40.   40.   40.   40.   40.   40.   40.   40.
   40.   40.   40. 1079. 1419. 1419. 1419. 1079.   40.   40.   40.   40.
   40.   40. 
   40.   40.   40.   40.   40.   40.   40. 1079. 1419. 1419. 1419. 1079.
   40.   40.   40.   40.   40.   40.   40.   40.   40.   40.   40.   40.
   40.   40. 
   40.   40.   40. 1079. 1419. 1419. 1419. 1079. 1079.   40.   40.   40.
   40.   40.   40.   40.   40.   40.   40.   40.   40.   40.   40.   40.
   40.   40. 
 1079. 1419. 1419. 1419. 1079.   40.   40.   40.   40. 1079. 1079. 1079.
 1079. 1079.   40.   40.   40.   40.   40. 1079. 1419. 1419. 1419. 1079.
   40.   40. 
   40.   40.   40.   40.   40.   40.   40.   40.   40.   40.   40.   40.
   40.   40. 1079. 1079. 1419. 1419. 1419. 1079. 1079.   40.   40.   40.
   40.   40. 
   40.   40.   40.   40.   40.   40.   40.   40.   40.   40.   40.   40.
 1079. 1419. 1419. 1419. 1079. 1079. 1079. 1079. 1079. 1419. 1419. 1419.
 1419. 1419. 
 1079. 1079.   40.   40.   40. 1079. 1419. 1419. 1419. 1079.   40.   40.
   40.   40.   40.   40.   40.   40.   40.   40.   40.   40.   40.   40.
   40.   40. 
 1079. 1079. 1419. 1419. 1419. 1079.   40.   40.   40.   40.   40.   40.
   40.   40.   40.   40.   40.   40.   40.   40.   40.   40.   40.   40.
 1079. 1419. 
 1419. 1419. 1079. 1079. 1419. 1419. 1419. 1419. 1419. 1419. 1419. 1419.
 1419. 1079.   40.   40.   40. 1079. 1419. 1419. 1079. 1079.   40.   40.
   40.   40. 
   40.   40.   40.   40.   40.   40.   40.   40.   40.   40.   40.   40.
 1079. 1419. 1419. 1419. 1079. 1079.   40.   40.   40.   40.   40.   40.
   40.   40. 
   40.   40.   40.   40.   40.   40.   40.   40.   40.   40. 1079. 1419.
 1419. 1419. 1419. 1419. 1419. 1419. 1419. 1419. 1419. 1419. 1419. 1419.
 1419. 1419. 
 1079.   40.   40. 1079. 1419. 1419. 1419. 1079.   40.   40.   40.   40.
   40.   40.   40.   40.   40.   40.   40.   40.   40.   40.   40.   40.
 1079. 1419. 
 1419. 1419. 1079. 1079.   40.   40.   40.   40.   40.   40.   40.   40.
   40.   40.   40.   40.   40.   40.   40.   40.   40.   40.   40. 1079.
 1419. 1419. 
 1419. 1419. 1419. 1079. 1079. 1079. 1079.   40. 1079. 1079. 1419. 1419.
 1079. 1079.   40. 1079. 1419. 1419. 1419. 1079.   40.   40.   40.   40.
   40.   40. 
   40.   40.   40.   40.   40.   40.   40.   40.   40. 1079. 1079. 1419.
 1419. 1419. 1079. 1079. 1079. 1079. 1079. 1079. 1079. 1079. 1079. 1079.
   40.   40. 
   40.   40.   40.   40.   40.   40.   40.   40.   40.   40. 1079. 1079.
 1079. 1079. 1079. 1079.   40.   40.   40.   40.   40. 1079. 1419. 1419.
 1419. 1079. 
   40. 1079. 1419. 1419. 1419. 1079.   40.   40.   40.   40.   40.   40.
   40.   40.   40.   40.   40.   40.   40.   40.   40.   40. 1079. 1419.
 1419. 1419. 
 1079. 1079. 1079. 1079. 1419. 1419. 1419. 1419. 1419. 1079. 1079.   40.
   40.   40.   40.   40.   40.   40.   40.   40.   40.   40.   40.   40.
   40.   40. 
   40.   40.   40.   40.   40.   40.   40. 1079. 1419. 1419. 1419. 1079.
   40. 1079. 1419. 1419. 1419. 1419.   40.   40.   40.   40.   40.   40.
   40.   40. 
   40.   40.   40.   40.   40.   40.   40.   40. 1079. 1419. 1419. 1419.
 1419. 1419. 1419. 1419. 1419. 1419. 1419. 1419. 1419. 1419. 1079. 1079.
   40.   40. 
   40.   40.   40.   40.   40.   40.   40.   40.   40.   40.   40.   40.
   40.   40.   40.   40.   40.   40.   40. 1079. 1419. 1419. 1419. 1079.
   40.   40. 
 1079. 1419. 1419. 1419.   40.   40.   40.   40.   40.   40.   40.   40.
   40.   40.   40.   40.   40.   40.   40.   40. 1079. 1079. 1419. 1419.
 1419. 1419. 
 1419. 1419. 1419. 1419. 1419. 1419. 1419. 1419. 1419. 1079.   40.   40.
   40.   40.   40.   40.   40.   40.   40.   40.   40.   40.   40.   40.
   40.   40. 
   40.   40.   40.   40.   40. 1079. 1419. 1419. 1079. 1079.   40.   40.
 1079. 1419. 1419. 1419.   40.   40.   40.   40.   40.   40.   40.   40.
   40.   40. 
   40.   40.   40.   40.   40.   40.   40. 1079. 1079. 1079. 1419. 1419.
 1419. 1419. 1079. 1079. 1079. 1079. 1419. 1419. 1419. 1079. 1079.   40.
   40.   40. 
   40.   40.   40.   40.   40.   40.   40.   40.   40.   40.   40.   40.
   40.   40.   40.   40. 1079. 1079. 1419. 1419. 1079.   40.   40.   40.
 1079. 1079. 
 1419. 1419.   40.   40.   40.   40.   40.   40.   40.   40.   40.   40.
   40.   40.   40.   40.   40.   40.   40.   40. 1079. 1079. 1079. 1079.
 1079. 1079. 
 1079. 1079. 1079. 1079. 1419. 1419. 1419. 1079.   40.   40.   40.   40.
   40.   40.   40.   40.   40.   40.   40.   40.   40.   40.   40.   40.
   40.   40. 
   40.   40. 1079. 1419. 1419. 1419. 1079.   40.   40.   40.   40. 1079.
 1079. 1419.   40.   40.   40.   40.   40.   40.   40.   40.   40.   40.
   40.   40. 
   40.   40.   40.   40.   40.   40.   40.   40.   40.   40.   40.   40.
   40.   40.   40. 1079. 1419. 1419. 1419. 1079.   40.   40.   40.   40.
   40.   40. 
   40.   40.   40.   40.   40.   40.   40.   40.   40.   40.   40.   40.
   40.   40. 1079. 1419. 1419. 1419. 1079.   40.   40.   40.   40.   40.
   40. 1079. 
 40. 40. 40. 40. 40. 40. 40. 40. 40. 40. 40. 40. 40. 40. 40. 40. 40. 40.
 40. 40. 40. 40. 40. 40. 40. 40. 
   40. 1079. 1419. 1419. 1419. 1079.   40.   40.   40.   40.   40.   40.
   40.   40.   40.   40.   40.   40.   40.   40.   40.   40.   40.   40.
   40.   40. 
   40. 1079. 1419. 1419. 1079.   40.   40.   40.   40.   40.   40.   40.
   40.   40.   40.   40.   40.   40.   40.   40.   40.   40.   40.   40.
   40.   40. 
   40.   40.   40.   40.   40.   40.   40.   40.   40.   40.   40.   40.
   40. 1079. 1419. 1419. 1419. 1079.   40.   40.   40.   40.   40.   40.
   40.   40. 
   40.   40.   40.   40.   40.   40.   40.   40.   40.   40.   40.   40.
   40. 1079. 1419. 1419. 1079.   40.   40.   40.   40.   40.   40.   40.
   40.   40. 
   40.   40.   40.   40.   40.   40.   40.   40.   40.   40.   40.   40.
   40.   40.   40.   40.   40.   40.   40.   40.   40.   40.   40.   40.
 1079. 1079. 
 1419. 1419. 1419. 1079.   40.   40.   40.   40.   40.   40.   40.   40.
   40.   40.   40.   40.   40.   40.   40.   40.   40.   40.   40.   40.
   40. 1079. 
 1419. 1419. 1419. 1079.   40.   40.   40.   40.   40.   40.   40.   40.
   40.   40.   40.   40.   40.   40.   40.   40.   40.   40.   40.   40.
   40.   40. 
   40.   40.   40.   40.   40.   40.   40.   40.   40.   40. 1079. 1079.
 1419. 1419. 1419. 1079.   40.   40.   40. 1079. 1079.   40. 1079. 1079.
   40.   40. 
   40.   40.   40.   40.   40.   40.   40.   40.   40.   40.   40. 1079.
 1419. 1419. 1419. 1419. 1079. 1079. 1079. 1079. 1079. 1079.   40.   40.
   40.   40. 
   40.   40.   40.   40.   40.   40.   40.   40.   40.   40.   40.   40.
   40.   40.   40.   40.   40.   40.   40.   40.   40.   40. 1079. 1079.
 1419. 1419. 
 1079. 1079. 1079. 1079. 1079. 1079. 1079. 1079. 1079. 1079. 1079.   40.
   40.   40.   40.   40.   40.   40.   40.   40.   40.   40.   40.   40.
 1079. 1419. 
 1419. 1419. 1419. 1419. 1419. 1419. 1419. 1419. 1079. 1079. 1079. 1079.
   40.   40.   40.   40.   40.   40.   40.   40.   40.   40.   40.   40.
   40.   40. 
   40.   40.   40.   40.   40.   40.   40.   40.   40. 1079. 1419. 1419.
 1419. 1419. 1419. 1419. 1419. 1419. 1419. 1419. 1419. 1419. 1079. 1079.
   40.   40. 
   40.   40.   40.   40.   40.   40.   40.   40.   40.   40.   40. 1079.
 1419. 1419. 1419. 1419. 1419. 1419. 1419. 1419. 1419. 1419. 1419. 1079.
 1079. 1079. 
   40.   40.   40.   40.   40.   40.   40.   40.   40.   40.   40.   40.
   40.   40.   40.   40.   40.   40.   40.   40.   40. 1079. 1419. 1419.
 1419. 1419. 
 1419. 1419. 1419. 1419. 1419. 1419. 1419. 1419. 1419. 1079. 1079.   40.
   40.   40.   40.   40.   40.   40.   40.   40.   40.   40.   40.   40.
 1079. 1419. 
 1419. 1419. 1419. 1419. 1419. 1419. 1419. 1419. 1419. 1419. 1419. 1079.
 1079.   40.   40.   40.   40.   40.   40.   40.   40.   40.   40.   40.
   40.   40. 
   40.   40.   40.   40.   40.   40.   40. 1079. 1079. 1419. 1419. 1419.
 1419. 1419. 1419. 1419. 1079. 1079. 1419. 1419. 1419. 1079. 1079.   40.
   40.   40. 
   40.   40.   40.   40.   40.   40.   40.   40.   40.   40.   40. 1079.
 1079. 1079. 1079. 1079. 1079. 1079. 1419. 1419. 1419. 1419. 1419. 1419.
 1079.   40. 
   40.   40.   40.   40.   40.   40.   40.   40.   40.   40.   40.   40.
   40.   40.   40.   40.   40.   40.   40.   40. 1079. 1079. 1079. 1079.
 1079. 1079. 
 1079. 1079. 1079. 1079. 1079. 1419. 1419. 1419. 1079.   40.   40.   40.
   40.   40.   40.   40.   40.   40.   40.   40.   40.   40.   40.   40.
   40.   40. 
   40.   40.   40.   40. 1079. 1079. 1419. 1419. 1419. 1079. 1079.   40.
   40.   40.   40.   40.   40.   40.   40.   40.   40.   40.   40.   40.
   40.   40. 
   40.   40.   40.   40.   40.   40.   40.   40. 1079. 1079. 1079. 1079.
   40.   40.   40. 1079. 1079. 1419. 1419. 1419. 1079.   40.   40.   40.
   40.   40. 
   40.   40.   40.   40.   40.   40.   40.   40.   40.   40.   40.   40.
   40.   40.   40.   40. 1079. 1079. 1419. 1419. 1419. 1419. 1079.   40.
   40.   40. 
 40. 40. 40. 40. 40. 40. 40. 40. 40. 40. 40. 40. 40. 40. 40. 40. 40. 40.
 40. 40. 40. 40. 40. 40. 40. 40. 
   40. 1079. 1419. 1419. 1419. 1079. 1079.   40.   40.   40.   40.   40.
   40.   40.   40.   40.   40.   40.   40.   40.   40.   40.   40.   40.
   40.   40. 
   40.   40. 1079. 1419. 1419. 1419. 1419. 1079. 1079.   40.   40.   40.
   40.   40.   40.   40.   40.   40.   40.   40.   40.   40.   40.   40.
   40.   40. 
   40.   40.   40.   40.   40.   40.   40.   40.   40.   40.   40.   40.
 1079. 1079. 1419. 1419. 1419. 1079.   40.   40.   40.   40.   40.   40.
   40.   40. 
   40.   40.   40.   40.   40.   40.   40.   40.   40.   40.   40.   40.
   40.   40. 1079. 1419. 1419. 1419. 1079. 1079.   40.   40.   40.   40.
   40.   40. 
   40.   40.   40.   40.   40.   40.   40.   40.   40.   40.   40.   40.
   40.   40.   40.   40.   40.   40.   40.   40.   40.   40.   40.   40.
 1079. 1419. 
 1419. 1419. 1079.   40.   40.   40.   40.   40.   40.   40.   40.   40.
   40.   40.   40.   40.   40.   40.   40.   40.   40.   40.   40.   40.
   40.   40. 
 1419. 1419. 1419. 1419. 1079.   40.   40.   40.   40.   40.   40.   40.
   40.   40.   40.   40.   40.   40.   40.   40.   40.   40.   40.   40.
   40.   40. 
   40.   40.   40.   40.   40.   40.   40.   40.   40. 1079. 1079. 1419.
 1419. 1419. 1079.   40.   40.   40.   40.   40.   40.   40.   40.   40.
   40.   40. 
   40.   40.   40.   40.   40.   40.   40.   40.   40.   40.   40.   40.
 1419. 1419. 1419. 1079.   40.   40.   40. 1079. 1079. 1079. 1079. 1079.
   40.   40. 
   40.   40.   40.   40.   40.   40.   40.   40.   40.   40.   40.   40.
   40.   40.   40.   40.   40.   40.   40.   40.   40. 1079. 1419. 1419.
 1419. 1079. 
 1079.   40.   40.   40.   40.   40.   40.   40.   40.   40.   40.   40.
   40.   40.   40.   40.   40.   40.   40.   40.   40.   40.   40.   40.
 1419. 1419. 
 1079. 1079.   40. 1079. 1079. 1079. 1419. 1419. 1079. 1079.   40.   40.
   40.   40.   40.   40.   40.   40.   40.   40.   40.   40.   40.   40.
   40.   40. 
   40.   40.   40.   40.   40.   40. 1079. 1079. 1419. 1419. 1079. 1079.
 1079. 1079. 1079. 1079. 1079. 1079. 1079. 1079.   40.   40.   40.   40.
   40.   40. 
   40.   40.   40.   40.   40.   40.   40.   40.   40. 1079. 1419. 1419.
 1079.   40. 1079. 1079. 1419. 1419. 1419. 1419. 1419. 1079. 1079.   40.
   40.   40. 
   40.   40.   40.   40.   40.   40.   40.   40.   40.   40.   40.   40.
   40.   40.   40.   40.   40.   40. 1079. 1419. 1419. 1419. 1079. 1079.
 1419. 1419. 
 1419. 1419. 1419. 1079. 1079. 1079. 1079. 1079.   40.   40.   40.   40.
   40.   40.   40.   40.   40.   40.   40.   40.   40. 1079. 1419. 1079.
 1079. 1079. 
 1079. 1419. 1419. 1419. 1419. 1419. 1419. 1419. 1079.   40.   40.   40.
   40.   40.   40.   40.   40.   40.   40.   40.   40.   40.   40.   40.
   40.   40. 
   40.   40.   40.   40. 1079. 1419. 1419. 1419. 1419. 1419. 1419. 1419.
 1419. 1419. 1419. 1419. 1419. 1419. 1419. 1079.   40.   40.   40.   40.
   40.   40. 
   40.   40.   40.   40.   40.   40.   40. 1079. 1419. 1079. 1079. 1079.
 1419. 1419. 1419. 1419. 1079. 1419. 1419. 1419. 1079.   40.   40.   40.
   40.   40. 
   40.   40.   40.   40.   40.   40.   40.   40.   40.   40.   40.   40.
   40.   40.   40.   40. 1079. 1419. 1419. 1419. 1419. 1419. 1419. 1419.
 1419. 1419. 
 1419. 1419. 1419. 1419. 1419. 1079. 1079.   40.   40.   40.   40.   40.
   40.   40.   40.   40.   40.   40.   40.   40. 1419. 1419. 1419. 1419.
 1419. 1419. 
 1419. 1079. 1079. 1419. 1419. 1419. 1079.   40.   40.   40.   40.   40.
   40.   40.   40.   40.   40.   40.   40.   40.   40.   40.   40.   40.
   40.   40. 
   40.   40. 1079. 1079. 1419. 1419. 1419. 1419. 1079. 1079. 1079. 1079.
 1079. 1079. 1079. 1419. 1419. 1079. 1079.   40.   40.   40.   40.   40.
   40.   40. 
   40.   40.   40.   40.   40.   40. 1419. 1419. 1419. 1419. 1419. 1079.
 1079. 1079. 1079. 1419. 1419. 1079. 1079.   40.   40.   40.   40.   40.
   40.   40. 
   40.   40.   40.   40.   40.   40.   40.   40.   40.   40.   40.   40.
   40.   40.   40. 1079. 1079. 1079. 1079. 1079. 1079. 1079. 1079. 1079.
 1079. 1079. 
 1079. 1419. 1419. 1079. 1079.   40.   40.   40.   40.   40.   40.   40.
   40.   40.   40.   40.   40.   40. 1419. 1419. 1419. 1419. 1079. 1079.
   40.   40. 
 1079. 1419. 1419. 1419. 1079.   40.   40.   40.   40.   40.   40.   40.
   40.   40.   40.   40.   40.   40.   40.   40.   40.   40.   40.   40.
   40.   40. 
   40.   40.   40.   40.   40.   40.   40.   40.   40.   40.   40. 1079.
 1419. 1419. 1419. 1079. 1079.   40.   40.   40.   40.   40.   40.   40.
   40.   40. 
   40.   40.   40.   40. 1079. 1079. 1079. 1079. 1079.   40.   40.   40.
 1079. 1419. 1419. 1419. 1079.   40.   40.   40. 1079. 1079. 1079. 1079.
 1079. 1079. 
 1079. 1079.   40.   40.   40.   40.   40.   40.   40.   40.   40.   40.
   40.   40.   40.   40.   40.   40.   40.   40.   40.   40. 1079. 1079.
 1419. 1419. 
 1419. 1079.   40.   40.   40.   40.   40.   40.   40.   40.   40.   40.
   40.   40.   40.   40.   40. 1079. 1079.   40.   40.   40.   40.   40.
 1079. 1419. 
 1419. 1419. 1079. 1079. 1079. 1079. 1079. 1419. 1419. 1419. 1419. 1419.
 1419. 1079. 1079.   40.   40.   40.   40.   40.   40.   40.   40.   40.
   40.   40. 
   40.   40.   40.   40.   40.   40.   40.   40. 1079. 1079. 1419. 1419.
 1419. 1079.   40.   40.   40.   40.   40.   40.   40.   40.   40.   40.
   40.   40. 
   40.   40.   40.   40.   40.   40.   40.   40.   40.   40. 1079. 1079.
 1419. 1419. 1419. 1419. 1419. 1419. 1419. 1419. 1419. 1419. 1419. 1419.
 1419. 1419. 
 1079. 1079.   40.   40.   40.   40.   40.   40.   40.   40.   40.   40.
   40.   40.   40.   40.   40.   40.   40.   40. 1079. 1419. 1419. 1419.
 1079. 1079. 
   40.   40.   40.   40.   40.   40.   40.   40.   40.   40.   40.   40.
   40.   40.   40.   40.   40.   40.   40.   40.   40.   40.   40. 1079.
 1419. 1419. 
 1419. 1419. 1419. 1419. 1419. 1419. 1419. 1419. 1419. 1419. 1419. 1419.
 1419. 1079.   40.   40.   40.   40.   40.   40.   40.   40.   40.   40.
   40.   40. 
   40.   40.   40.   40.   40. 1079. 1079. 1419. 1419. 1419. 1079. 1079.
   40.   40. 1079. 1079. 1079. 1079. 1079. 1079.   40.   40.   40.   40.
   40.   40. 
   40.   40.   40.   40.   40.   40.   40.   40.   40. 1079. 1419. 1419.
 1419. 1419. 1419. 1419. 1419. 1079. 1079. 1079. 1079. 1079. 1419. 1419.
 1419. 1079. 
   40.   40.   40.   40.   40.   40.   40.   40.   40.   40.   40.   40.
   40.   40.   40.   40.   40. 1079. 1079. 1419. 1419. 1419. 1079. 1079.
 1079. 1079. 
 1079. 1079. 1079. 1079. 1079. 1079. 1079. 1079.   40.   40.   40.   40.
   40.   40.   40.   40.   40.   40.   40.   40.   40.   40. 1079. 1079.
 1079. 1419. 
 1079. 1079. 1079. 1079.   40.   40.   40. 1079. 1419. 1419. 1419. 1079.
   40.   40.   40.   40.   40.   40.   40.   40.   40.   40.   40.   40.
   40.   40. 
   40.   40.   40. 1079. 1079. 1419. 1419. 1079. 1079. 1079. 1079. 1419.
 1419. 1419. 1419. 1419. 1419. 1419. 1079. 1079.   40.   40.   40.   40.
   40.   40. 
   40.   40.   40.   40.   40.   40.   40.   40.   40. 1079. 1079. 1079.
 1079. 1079.   40.   40.   40.   40. 1079. 1079. 1419. 1419. 1419. 1079.
   40.   40. 
   40.   40.   40.   40.   40.   40.   40.   40.   40.   40.   40.   40.
   40.   40.   40. 1079. 1079. 1419. 1419. 1419. 1419. 1419. 1419. 1419.
 1419. 1419. 
 1419. 1419. 1419. 1419. 1419. 1079. 1079.   40.   40.   40. 1079.   40.
   40.   40.   40.   40.   40.   40.   40.   40.   40.   40.   40.   40.
   40.   40. 
   40.   40.   40. 1079. 1079. 1419. 1419. 1419. 1079. 1079.   40.   40.
   40.   40.   40.   40.   40.   40.   40.   40.   40.   40.   40.   40.
   40.   40. 
   40. 1079. 1079. 1419. 1419. 1419. 1419. 1419. 1419. 1419. 1079. 1079.
 1079. 1079. 1419. 1419. 1419. 1079. 1079.   40.   40.   40. 1079. 1079.
   40.   40. 
   40.   40.   40.   40.   40.   40.   40.   40.   40.   40.   40.   40.
   40.   40.   40. 1079. 1419. 1419. 1419. 1079. 1079.   40.   40.   40.
   40.   40. 
   40.   40.   40.   40.   40.   40.   40.   40.   40.   40.   40.   40.
   40.   40. 1079. 1079. 1419. 1419. 1419. 1419. 1079. 1079. 1079. 1079.
 1079. 1079. 
 1419. 1419. 1419. 1079. 1079.   40.   40.   40. 1419. 1079. 1079.   40.
   40.   40.   40.   40.   40.   40.   40.   40.   40.   40.   40.   40.
   40.   40. 
 1079. 1079. 1419. 1419. 1419. 1079.   40.   40.   40.   40.   40.   40.
   40.   40.   40.   40.   40.   40.   40.   40.   40.   40.   40.   40.
   40.   40. 
   40. 1079. 1079. 1079. 1079. 1079. 1079. 1079.   40.   40. 1079. 1079.
 1419. 1419. 1419. 1079. 1079.   40.   40.   40. 1419. 1419. 1079.   40.
   40.   40. 
   40.   40.   40.   40.   40.   40.   40.   40.   40.   40.   40.   40.
 1079. 1079. 1419. 1419. 1079. 1079.   40.   40.   40.   40.   40.   40.
   40.   40. 
   40.   40.   40.   40.   40.   40.   40.   40.   40.   40.   40.   40.
   40.   40.   40.   40.   40.   40.   40.   40.   40.   40. 1079. 1079.
 1419. 1419. 
 1079. 1079.   40.   40.   40.   40. 1419. 1419. 1079.   40.   40.   40.
   40.   40.   40.   40.   40.   40.   40.   40.   40.   40.   40.   40.
 1079. 1079. 
 1419. 1419. 1079. 1079.   40.   40.   40.   40.   40.   40.   40.   40.
   40.   40.   40.   40.   40.   40.   40.   40.   40.   40.   40.   40.
   40.   40. 
   40.   40.   40.   40.   40.   40.   40. 1079. 1079. 1419. 1419. 1419.
 1079. 1079.   40.   40.   40.   40. 1419. 1419. 1079.   40.   40.   40.
   40.   40. 
   40.   40.   40.   40.   40.   40.   40.   40.   40.   40.   40. 1079.
 1419. 1419. 1079. 1079. 1079.   40.   40.   40.   40. 1079. 1079. 1079.
 1079. 1079. 
 1079.   40.   40.   40.   40.   40.   40.   40.   40.   40.   40.   40.
   40.   40.   40.   40.   40.   40.   40. 1079. 1079. 1419. 1419. 1079.
 1079.   40. 
   40.   40.   40.   40. 1419. 1079. 1079.   40.   40.   40.   40.   40.
   40.   40.   40.   40.   40.   40.   40.   40.   40.   40.   40. 1079.
 1419. 1419. 
 1419. 1419. 1419. 1079. 1079. 1079. 1079. 1079. 1419. 1419. 1419. 1419.
 1419. 1079.   40.   40.   40.   40.   40.   40.   40.   40.   40.   40.
   40.   40. 
   40.   40.   40.   40. 1079. 1079. 1419. 1419. 1419. 1079. 1079.   40.
   40.   40.   40.   40. 1419. 1079.   40.   40.   40.   40.   40.   40.
   40.   40. 
   40.   40.   40.   40.   40.   40.   40.   40.   40. 1079. 1419. 1419.
 1419. 1419. 1419. 1419. 1419. 1079. 1419. 1419. 1419. 1419. 1419. 1419.
 1419. 1079. 
   40.   40.   40.   40.   40.   40.   40.   40.   40.   40.   40.   40.
   40.   40.   40.   40. 1079. 1079. 1419. 1419. 1419. 1079.   40. 1079.
 1079. 1079. 
 1079.   40. 1079. 1079.   40.   40.   40.   40.   40.   40.   40.   40.
   40.   40.   40.   40.   40.   40.   40.   40.   40. 1079. 1079. 1419.
 1419. 1419. 
 1419. 1419. 1419. 1419. 1419. 1419. 1419. 1419. 1079. 1419. 1419. 1079.
   40.   40.   40.   40.   40.   40.   40.   40.   40.   40.   40.   40.
   40.   40. 
   40.   40. 1079. 1079. 1419. 1419. 1419. 1079. 1079. 1079. 1079. 1079.
 1079. 1079. 1079.   40.   40.   40.   40.   40.   40.   40.   40.   40.
   40.   40. 
   40.   40.   40.   40.   40.   40.   40.   40. 1079. 1079. 1079. 1079.
 1079. 1419. 1419. 1419. 1079. 1079. 1079. 1079. 1079. 1419. 1419. 1079.
 1079.   40. 
   40.   40.   40.   40.   40.   40.   40.   40.   40.   40.   40.   40.
   40.   40. 1079. 1079. 1419. 1419. 1419. 1419. 1419. 1419. 1419. 1419.
 1419. 1419. 
   40.   40.   40.   40.   40.   40.   40.   40.   40.   40.   40.   40.
   40.   40.   40.   40.   40.   40.   40.   40.   40.   40. 1079. 1079.
 1079. 1079. 
 1079. 1079. 1079. 1079.   40. 1079. 1079. 1419. 1419. 1079. 1079.   40.
   40.   40.   40.   40.   40.   40.   40.   40.   40.   40.   40.   40.
   40.   40. 
   40. 1079. 1079. 1419. 1419. 1419. 1419. 1419. 1419. 1419. 1419. 1419.
   40.   40. 1079. 1079. 1079. 1079. 1079. 1079. 1079. 1079.   40.   40.
   40.   40. 
   40.   40.   40.   40.   40.   40.   40.   40.   40.   40.   40.   40.
   40.   40.   40.   40.   40.   40. 1079. 1419. 1419. 1419. 1079.   40.
   40.   40. 
   40.   40.   40.   40.   40.   40.   40.   40.   40.   40.   40.   40.
   40. 1079. 1079. 1079. 1419. 1419. 1419. 1419. 1419. 1419. 1419. 1419.
 1079. 1079. 
 1079. 1079. 1079. 1419. 1419. 1419. 1079. 1079. 1079.   40.   40.   40.
   40.   40.   40.   40.   40.   40.   40.   40.   40.   40.   40.   40.
   40.   40. 
   40.   40.   40.   40. 1079. 1419. 1419. 1419. 1079.   40.   40.   40.
 1079. 1079. 1079. 1079. 1079.   40.   40.   40.   40.   40.   40.   40.
   40.   40. 
 1079. 1079. 1079. 1079. 1079. 1079. 1079. 1079. 1079. 1079. 1079. 1419.
 1419. 1419. 1419. 1419. 1419. 1419. 1419. 1419. 1079. 1079.   40.   40.
   40.   40. 
   40.   40.   40.   40.   40.   40.   40.   40.   40.   40.   40.   40.
   40.   40.   40.   40. 1079. 1419. 1419. 1419. 1079.   40.   40. 1079.
 1079. 1079. 
 1419. 1419. 1079. 1079.   40.   40.   40.   40.   40.   40.   40.   40.
   40.   40.   40. 1079. 1079. 1079. 1079.   40.   40. 1079. 1419. 1419.
 1419. 1419. 
 1419. 1419. 1419. 1419. 1419. 1419. 1419. 1079. 1079.   40.   40.   40.
   40.   40.   40.   40.   40.   40.   40.   40.   40.   40.   40.   40.
   40.   40. 
   40. 1079. 1079. 1419. 1419. 1419. 1079. 1079. 1079. 1079. 1419. 1419.
 1419. 1419. 1419. 1079. 1079.   40.   40.   40.   40.   40.   40.   40.
   40.   40. 
   40.   40.   40.   40.   40.   40.   40. 1079. 1419. 1419. 1419. 1419.
 1079. 1079. 1079. 1079. 1419. 1419. 1419. 1419. 1079.   40.   40.   40.
   40.   40. 
   40.   40.   40.   40.   40.   40.   40.   40.   40.   40.   40.   40.
   40. 1079. 1079. 1419. 1419. 1079. 1079. 1079. 1079. 1419. 1419. 1419.
 1419. 1419. 
 1419. 1079. 1079.   40.   40.   40.   40.   40.   40.   40.   40.   40.
   40.   40.   40.   40.   40.   40.   40. 1079. 1079. 1079. 1079. 1079.
 1079. 1079. 
   40. 1079. 1079. 1419. 1419. 1419. 1079. 1079.   40.   40.   40.   40.
   40.   40.   40.   40.   40.   40.   40.   40.   40.   40.   40.   40.
   40. 1079. 
 1419. 1419. 1419. 1079. 1079. 1419. 1419. 1419. 1419. 1079. 1419. 1419.
 1419. 1079.   40.   40.   40.   40.   40.   40.   40.   40.   40.   40.
   40.   40. 
   40.   40.   40.   40.   40. 1079. 1079. 1079. 1079.   40.   40.   40.
   40.   40. 1079. 1079. 1419. 1419. 1079. 1079.   40.   40.   40.   40.
   40.   40. 
   40.   40.   40.   40.   40.   40.   40.   40.   40.   40.   40. 1079.
 1419. 1419. 1419. 1419. 1419. 1419. 1419. 1419. 1079. 1419. 1419. 1419.
 1079. 1079. 
   40.   40.   40.   40.   40.   40.   40.   40.   40.   40.   40.   40.
   40.   40.   40.   40.   40. 1079.   40.   40.   40.   40.   40.   40.
   40.   40. 
 1079. 1419. 1419. 1419. 1079. 1079.   40.   40.   40.   40.   40.   40.
   40.   40.   40.   40.   40.   40.   40.   40.   40.   40.   40. 1079.
 1079. 1419. 
 1419. 1419. 1419. 1419. 1419. 1079. 1079. 1419. 1419. 1079. 1079.   40.
   40.   40.   40.   40.   40.   40.   40.   40.   40.   40.   40.   40.
   40.   40. 
   40.   40.   40. 1079.   40.   40.   40.   40.   40.   40.   40.   40.
 1079. 1419. 1419. 1419. 1079. 1079.   40.   40.   40.   40.   40.   40.
   40.   40. 
   40.   40.   40.   40.   40.   40.   40.   40.   40.   40. 1079. 1419.
 1419. 1419. 1419. 1419. 1079. 1079. 1419. 1419. 1419. 1079. 1079.   40.
   40.   40. 
   40.   40.   40.   40.   40.   40.   40.   40.   40.   40.   40.   40.
   40.   40.   40. 1079.   40.   40.   40.   40.   40.   40.   40. 1079.
 1079. 1419. 
 1419. 1419. 1079.   40.   40.   40.   40.   40.   40.   40.   40.   40.
   40.   40.   40.   40.   40.   40.   40.   40.   40.   40. 1079. 1079.
 1079. 1079. 
 1079. 1079. 1079. 1079. 1419. 1419. 1079. 1079.   40.   40.   40.   40.
   40.   40.   40.   40.   40.   40.   40.   40.   40.   40.   40.   40.
   40.   40. 
   40. 1079.   40.   40.   40.   40.   40.   40.   40. 1079. 1419. 1419.
 1419. 1079. 1079.   40.   40.   40.   40.   40.   40.   40.   40.   40.
   40.   40. 
   40.   40.   40.   40.   40.   40.   40.   40.   40.   40. 1079. 1079.
 1079.   40. 1079. 1079. 1419. 1419. 1079. 1079.   40.   40.   40.   40.
   40.   40. 
   40.   40.   40.   40.   40.   40.   40.   40.   40.   40.   40.   40.
   40. 1079. 
/