PERMI
   32.   32.   32.   32.   32.   32.   32.   32.   32.   32.   32.   32.
   32.   32.   32. 2137. 2137. 2660. 2660. 2660. 2137.   32.   32. 2137.
 2137. 2137. 
 2137. 2137. 2137. 2137.   32.   32. 2137. 2660. 2660. 2137.   32.   32.
 2137. 2660. 2660. 2660. 2137. 2137. 2137.   32. 2137. 2660. 2660. 2137.
   32.   32. 
 32. 32. 32. 32. 32. 32. 32. 32. 32. 32. 32. 32. 32. 32. 32. 32. 32. 32.
 32. 32. 32. 32. 32. 32. 32. 32. 
   32. 2137. 2137. 2660. 2660. 2660. 2137. 2137. 2137. 2137. 2137. 2137.
 2137.   32.   32.   32.   32.   32. 2137. 2660. 2660. 2137.   32.   32.
   32. 2137. 
 2660. 2660. 2660. 2660. 2660. 2660. 2660. 2660. 2660. 2137.   32.   32.
   32.   32.   32.   32.   32.   32.   32.   32.   32.   32.   32.   32.
   32.   32. 
   32.   32.   32.   32.   32.   32.   32.   32.   32.   32.   32.   32.
   32.   32. 2137. 2137. 2660. 2660. 2137. 2137. 2660. 2660. 2660. 2660.
 2137.   32. 
   32.   32.   32.   32. 2137. 2660. 2660.   32.   32.   32.   32.   32.
 2137. 2660. 2660. 2660. 2660. 2660. 2660. 2660. 2660.   32.   32.   32.
   32.   32. 
 32. 32. 32. 32. 32. 32. 32. 32. 32. 32. 32. 32. 32. 32. 32. 32. 32. 32.
 32. 32. 32. 32. 32. 32. 32. 32. 
 2137. 2137. 2660. 2660. 2137. 2137. 2660. 2660. 2660. 2660. 2660. 2137.
   32.   32.   32.   32. 2660. 2660. 2660.   32.   32.   32.   32.   32.
   32. 2137. 
 2137. 2137. 2660. 2660. 2660. 2660. 2137.   32.   32.   32.   32.   32.
   32.   32.   32.   32.   32.   32.   32.   32.   32.   32.   32.   32.
   32.   32. 
   32.   32.   32.   32.   32.   32.   32.   32.   32.   32.   32.   32.
 2137. 2137. 2660. 2660. 2137. 2137. 2137. 2137. 2137. 2660. 2660. 2660.
 2137.   32. 
   32.   32. 2660. 2660. 2137.   32.   32.   32.   32.   32.   32.   32.
   32.   32. 2137. 2137. 2137.   32.   32.   32.   32.   32.   32.   32.
   32.   32. 
   32.   32.   32.   32.   32.   32.   32.   32.   32.   32.   32.   32.
   32.   32.   32.   32.   32.   32.   32.   32.   32.   32.   32. 2137.
 2137. 2137. 
 2660. 2660. 2137. 2137. 2137.   32. 2137. 2137. 2660. 2660. 2660. 2660.
 2137. 2137. 2660. 2660. 2660.   32.   32.   32.   32.   32.   32.   32.
   32.   32. 
 32. 32. 32. 32. 32. 32. 32. 32. 32. 32. 32. 32. 32. 32. 32. 32. 32. 32.
 32. 32. 32. 32. 32. 32. 32. 32. 
   32.   32. 2137. 2137. 2137. 2137. 2137. 2137. 2137. 2137. 2137. 2137.
 2660. 2660. 2137. 2137. 2137.   32.   32. 2137. 2137. 2660. 2660. 2660.
 2660. 2137. 
 2660. 2660. 2137.   32.   32.   32.   32.   32.   32.   32.   32.   32.
   32.   32.   32.   32.   32.   32.   32.   32.   32.   32.   32.   32.
   32.   32. 
   32.   32.   32.   32.   32.   32.   32.   32.   32.   32.   32.   32.
 2137. 2137. 2137. 2137. 2660. 2660. 2660. 2660. 2660. 2660. 2660. 2660.
 2660. 2660. 
 2137. 2137.   32.   32.   32.   32.   32. 2137. 2660. 2660. 2660. 2660.
 2660. 2660. 2137.   32.   32.   32.   32.   32.   32.   32.   32.   32.
   32.   32. 
   32.   32.   32.   32.   32.   32.   32.   32.   32.   32.   32.   32.
   32.   32.   32.   32.   32.   32.   32.   32.   32.   32.   32. 2137.
 2137. 2660. 
 2660. 2660. 2660. 2660. 2660. 2660. 2660. 2660. 2660. 2660. 2137. 2137.
 2137. 2137.   32.   32.   32.   32.   32.   32. 2137. 2660. 2660. 2660.
 2660. 2660. 
 2137.   32.   32.   32.   32.   32.   32.   32.   32.   32.   32.   32.
   32.   32.   32.   32.   32.   32.   32.   32.   32.   32.   32.   32.
   32.   32. 
   32.   32.   32.   32.   32.   32.   32.   32. 2137. 2137. 2137. 2660.
 2660. 2660. 2660. 2660. 2660. 2137. 2137. 2137. 2137. 2137. 2137. 2137.
 2660. 2137. 
   32.   32.   32.   32.   32.   32.   32. 2137. 2137. 2137. 2137.   32.
   32.   32.   32.   32.   32.   32.   32.   32.   32.   32.   32.   32.
   32.   32. 
   32.   32.   32.   32.   32.   32.   32.   32.   32.   32.   32.   32.
   32.   32.   32.   32.   32.   32.   32. 2137. 2137. 2660. 2137. 2660.
 2137. 2137. 
 2137. 2137. 2137. 2137. 2137. 2137. 2137. 2137. 2137. 2660. 2660. 2137.
   32.   32.   32.   32.   32.   32.   32.   32.   32.   32.   32.   32.
   32.   32. 
 32. 32. 32. 32. 32. 32. 32. 32. 32. 32. 32. 32. 32. 32. 32. 32. 32. 32.
 32. 32. 32. 32. 32. 32. 32. 32. 
   32.   32.   32.   32.   32. 2137. 2137. 2660. 2660. 2137. 2137. 2137.
 2137.   32.   32.   32.   32.   32.   32. 2137. 2660. 2660. 2660. 2137.
   32.   32. 
 32. 32. 32. 32. 32. 32. 32. 32. 32. 32. 32. 32. 32. 32. 32. 32. 32. 32.
 32. 32. 32. 32. 32. 32. 32. 32. 
   32.   32.   32.   32.   32.   32.   32.   32.   32.   32.   32.   32.
   32.   32.   32.   32.   32. 2137. 2660. 2660. 2660. 2137. 2137. 2137.
 2660. 2660. 
 2660. 2660. 2660. 2660. 2660. 2660. 2660. 2660. 2137. 2137.   32.   32.
   32.   32.   32.   32.   32.   32.   32.   32.   32.   32.   32.   32.
   32.   32. 
 32. 32. 32. 32. 32. 32. 32. 32. 32. 32. 32. 32. 32. 32. 32. 32. 32. 32.
 32. 32. 32. 32. 32. 32. 32. 32. 
   32.   32.   32. 2137. 2660. 2660. 2137. 2137. 2660. 2660. 2660. 2660.
 2660. 2660. 2660. 2660. 2660. 2660. 2660. 2660. 2137.   32.   32.   32.
   32.   32. 
 32. 32. 32. 32. 32. 32. 32. 32. 32. 32. 32. 32. 32. 32. 32. 32. 32. 32.
 32. 32. 32. 32. 32. 32. 32. 32. 
   32.   32.   32.   32.   32.   32.   32.   32.   32.   32.   32.   32.
   32.   32. 2137. 2137. 2660. 2660. 2137. 2137. 2660. 2660. 2660. 2660.
 2660. 2660. 
 2660. 2660. 2660. 2660. 2137. 2137.   32.   32.   32.   32.   32.   32.
   32.   32.   32.   32.   32.   32.   32.   32.   32.   32.   32.   32.
   32.   32. 
   32.   32.   32.   32.   32.   32.   32.   32.   32.   32.   32.   32.
   32.   32.   32.   32.   32.   32.   32.   32.   32.   32.   32.   32.
 2137.   32. 
 2137. 2137. 2660. 2660. 2137. 2660. 2660. 2660. 2137. 2137. 2137. 2137.
 2137. 2137. 2137. 2137.   32.   32.   32.   32.   32.   32.   32.   32.
   32.   32. 
 32. 32. 32. 32. 32. 32. 32. 32. 32. 32. 32. 32. 32. 32. 32. 32. 32. 32.
 32. 32. 32. 32. 32. 32. 32. 32. 
   32.   32.   32.   32.   32.   32.   32.   32.   32.   32. 2137. 2137.
 2137. 2137. 2660. 2660. 2137. 2660. 2137.   32.   32.   32.   32.   32.
   32.   32. 
 32. 32. 32. 32. 32. 32. 32. 32. 32. 32. 32. 32. 32. 32. 32. 32. 32. 32.
 32. 32. 32. 32. 32. 32. 32. 32. 
   32.   32.   32.   32.   32.   32.   32.   32.   32.   32.   32.   32.
   32.   32.   32.   32.   32.   32.   32.   32.   32.   32. 2660. 2137.
 2137. 2137. 
 2660. 2660. 2137. 2660.   32.   32.   32.   32.   32.   32.   32.   32.
   32.   32.   32.   32.   32.   32.   32.   32.   32.   32.   32.   32.
   32.   32. 
 32. 32. 32. 32. 32. 32. 32. 32. 32. 32. 32. 32. 32. 32. 32. 32. 32. 32.
 32. 32. 32. 32. 32. 32. 32. 32. 
   32.   32.   32.   32.   32.   32.   32.   32. 2660. 2660. 2137. 2137.
 2660. 2660. 2137. 2137.   32.   32.   32.   32.   32.   32.   32.   32.
   32.   32. 
 32. 32. 32. 32. 32. 32. 32. 32. 32. 32. 32. 32. 32. 32. 32. 32. 32. 32.
 32. 32. 32. 32. 32. 32. 32. 32. 
   32.   32.   32.   32.   32.   32.   32.   32.   32.   32.   32.   32.
   32.   32.   32.   32.   32.   32.   32.   32. 2660. 2660. 2660. 2660.
 2660. 2660. 
 2137. 2137.   32.   32.   32.   32.   32.   32.   32.   32.   32.   32.
   32.   32.   32.   32.   32.   32.   32.   32.   32.   32.   32.   32.
   32.   32. 
 32. 32. 32. 32. 32. 32. 32. 32. 32. 32. 32. 32. 32. 32. 32. 32. 32. 32.
 32. 32. 32. 32. 32. 32. 32. 32. 
   32.   32.   32.   32.   32.   32. 2137. 2660. 2660. 2660. 2660. 2137.
 2137. 2137.   32.   32.   32.   32.   32.   32.   32.   32.   32.   32.
   32.   32. 
 32. 32. 32. 32. 32. 32. 32. 32. 32. 32. 32. 32. 32. 32. 32. 32. 32. 32.
 32. 32. 32. 32. 32. 32. 32. 32. 
   32.   32.   32.   32.   32.   32.   32.   32.   32.   32.   32.   32.
   32.   32.   32.   32.   32.   32. 2137. 2137. 2137. 2137. 2137. 2137.
 2660. 2137. 
 32. 32. 32. 32. 32. 32. 32. 32. 32. 32. 32. 32. 32. 32. 32. 32. 32. 32.
 32. 32. 32. 32. 32. 32. 32. 32. 
 32. 32. 32. 32. 32. 32. 32. 32. 32. 32. 32. 32. 32. 32. 32. 32. 32. 32.
 32. 32. 32. 32. 32. 32. 32. 32. 
   32.   32.   32.   32.   32.   32.   32. 2137. 2137. 2660. 2660. 2137.
   32.   32.   32.   32.   32.   32.   32.   32.   32.   32.   32.   32.
   32.   32. 
 32. 32. 32. 32. 32. 32. 32. 32. 32. 32. 32. 32. 32. 32. 32. 32. 32. 32.
 32. 32. 32. 32. 32. 32. 32. 32. 
   32.   32.   32.   32.   32.   32.   32.   32.   32.   32.   32.   32.
   32.   32.   32.   32. 2137. 2137.   32.   32. 2137. 2660. 2660. 2137.
   32.   32. 
 32. 32. 32. 32. 32. 32. 32. 32. 32. 32. 32. 32. 32. 32. 32. 32. 32. 32.
 32. 32. 32. 32. 32. 32. 32. 32. 
 32. 32. 32. 32. 32. 32. 32. 32. 32. 32. 32. 32. 32. 32. 32. 32. 32. 32.
 32. 32. 32. 32. 32. 32. 32. 32. 
   32.   32. 2660. 2660. 2137. 2137. 2137. 2660. 2660. 2137.   32.   32.
   32.   32.   32.   32.   32.   32.   32.   32.   32.   32.   32.   32.
   32.   32. 
 32. 32. 32. 32. 32. 32. 32. 32. 32. 32. 32. 32. 32. 32. 32. 32. 32. 32.
 32. 32. 32. 32. 32. 32. 32. 32. 
   32.   32.   32.   32.   32.   32.   32.   32.   32.   32.   32.   32.
   32.   32. 2660. 2660. 2660. 2137. 2660. 2660. 2660. 2137.   32.   32.
   32.   32. 
 32. 32. 32. 32. 32. 32. 32. 32. 32. 32. 32. 32. 32. 32. 32. 32. 32. 32.
 32. 32. 32. 32. 32. 32. 32. 32. 
 32. 32. 32. 32. 32. 32. 32. 32. 32. 32. 32. 32. 32. 32. 32. 32. 32. 32.
 32. 32. 32. 32. 32. 32. 32. 32. 
 2660. 2660. 2660. 2660. 2660. 2660. 2137.   32.   32.   32.   32.   32.
   32.   32.   32.   32.   32.   32.   32.   32.   32.   32.   32.   32.
   32.   32. 
 32. 32. 32. 32. 32. 32. 32. 32. 32. 32. 32. 32. 32. 32. 32. 32. 32. 32.
 32. 32. 32. 32. 32. 32. 32. 32. 
   32.   32.   32.   32.   32.   32.   32.   32.   32.   32.   32.   32.
 2137. 2660. 2660. 2660. 2660. 2137.   32.   32.   32.   32.   32.   32.
   32.   32. 
 32. 32. 32. 32. 32. 32. 32. 32. 32. 32. 32. 32. 32. 32. 32. 32. 32. 32.
 32. 32. 32. 32. 32. 32. 32. 32. 
   32.   32.   32.   32.   32.   32.   32.   32.   32.   32.   32.   32.
   32.   32.   32.   32.   32.   32.   32.   32.   32.   32.   32.   32.
   32. 2137. 
 2137. 2137. 2137. 2137.   32.   32.   32.   32.   32.   32.   32.   32.
   32.   32.   32.   32.   32.   32.   32.   32.   32.   32.   32.   32.
   32.   32. 
 32. 32. 32. 32. 32. 32. 32. 32. 32. 32. 32. 32. 32. 32. 32. 32. 32. 32.
 32. 32. 32. 32. 32. 32. 32. 32. 
 32. 32. 32. 32. 32. 32. 32. 32. 32. 32. 32. 32. 32. 32. 32. 32. 32. 32.
 32. 32. 32. 32. 32. 32. 32. 32. 
 32. 32. 32. 32. 32. 32. 32. 32. 32. 32. 32. 32. 32. 32. 32. 32. 32. 32.
 32. 32. 32. 32. 32. 32. 32. 32. 
 32. 32. 32. 32. 32. 32. 32. 32. 32. 32. 32. 32. 32. 32. 32. 32. 32. 32.
 32. 32. 32. 32. 32. 32. 32. 32. 
 32. 32. 32. 32. 32. 32. 32. 32. 32. 32. 32. 32. 32. 32. 32. 32. 32. 32.
 32. 32. 32. 32. 32. 32. 32. 32. 
 32. 32. 32. 32. 32. 32. 32. 32. 32. 32. 32. 32. 32. 32. 32. 32. 32. 32.
 32. 32. 32. 32. 32. 32. 32. 32. 
 32. 32. 32. 32. 32. 32. 32. 32. 32. 32. 32. 32. 32. 32. 32. 32. 32. 32.
 32. 32. 32. 32. 32. 32. 32. 32. 
 32. 32. 32. 32. 32. 32. 32. 32. 32. 32. 32. 32. 32. 32. 32. 32. 32. 32.
 32. 32. 32. 32. 32. 32. 32. 32. 
 32. 32. 32. 32. 32. 32. 32. 32. 32. 32. 32. 32. 32. 32. 32. 32. 32. 32.
 32. 32. 32. 32. 32. 32. 32. 32. 
 32. 32. 32. 32. 32. 32. 32. 32. 32. 32. 32. 32. 32. 32. 32. 32. 32. 32.
 32. 32. 32. 32. 32. 32. 32. 32. 
   32.   32.   32.   32.   32.   32.   32.   32.   32.   32.   32.   32.
   32.   32.   32.   32.   32.   32.   32.   32.   32.   32.   32. 2137.
 2137. 2137. 
 2137. 2137. 2137.   32.   32.   32.   32.   32.   32.   32.   32.   32.
   32.   32.   32.   32.   32.   32.   32.   32.   32.   32.   32.   32.
   32.   32. 
 32. 32. 32. 32. 32. 32. 32. 32. 32. 32. 32. 32. 32. 32. 32. 32. 32. 32.
 32. 32. 32. 32. 32. 32. 32. 32. 
   32.   32.   32.   32.   32.   32.   32. 2137. 2137. 2137. 2660. 2660.
 2660. 2660. 2137. 2137. 2137.   32.   32.   32.   32.   32.   32.   32.
   32.   32. 
 32. 32. 32. 32. 32. 32. 32. 32. 32. 32. 32. 32. 32. 32. 32. 32. 32. 32.
 32. 32. 32. 32. 32. 32. 32. 32. 
   32.   32.   32.   32.   32.   32.   32.   32.   32.   32.   32.   32.
   32.   32.   32.   32.   32.   32. 2137. 2137. 2660. 2660. 2660. 2660.
 2660. 2660. 
 2660. 2660. 2137. 2137.   32.   32.   32.   32.   32.   32.   32.   32.
   32.   32.   32.   32.   32.   32.   32.   32.   32.   32.   32.   32.
   32.   32. 
 32. 32. 32. 32. 32. 32. 32. 32. 32. 32. 32. 32. 32. 32. 32. 32. 32. 32.
 32. 32. 32. 32. 32. 32. 32. 32. 
   32.   32.   32.   32. 2137. 2660. 2660. 2660. 2660. 2660. 2660. 2660.
 2660. 2660. 2660. 2660.   32.   32.   32.   32.   32.   32.   32.   32.
   32.   32. 
 32. 32. 32. 32. 32. 32. 32. 32. 32. 32. 32. 32. 32. 32. 32. 32. 32. 32.
 32. 32. 32. 32. 32. 32. 32. 32. 
   32.   32.   32.   32.   32.   32.   32.   32.   32.   32.   32.   32.
   32.   32.   32.   32. 2137. 2660. 2660. 2660. 2137. 2137. 2137. 2137.
 2660. 2660. 
 2660. 2660.   32.   32.   32.   32.   32.   32.   32.   32.   32.   32.
   32.   32.   32.   32.   32.   32.   32.   32.   32.   32.   32.   32.
   32.   32. 
 32. 32. 32. 32. 32. 32. 32. 32. 32. 32. 32. 32. 32. 32. 32. 32. 32. 32.
 32. 32. 32. 32. 32. 32. 32. 32. 
   32.   32. 2137. 2660. 2660. 2660. 2137.   32.   32. 2137. 2137. 2137.
 2137. 2660.   32.   32.   32.   32.   32.   32.   32.   32.   32.   32.
   32.   32. 
 32. 32. 32. 32. 32. 32. 32. 32. 32. 32. 32. 32. 32. 32. 32. 32. 32. 32.
 32. 32. 32. 32. 32. 32. 32. 32. 
   32.   32.   32.   32.   32.   32.   32.   32.   32.   32.   32.   32.
   32.   32. 2137. 2137. 2660. 2660. 2660. 2137.   32.   32.   32. 2137.
 2137. 2137. 
 32. 32. 32. 32. 32. 32. 32. 32. 32. 32. 32. 32. 32. 32. 32. 32. 32. 32.
 32. 32. 32. 32. 32. 32. 32. 32. 
 32. 32. 32. 32. 32. 32. 32. 32. 32. 32. 32. 32. 32. 32. 32. 32. 32. 32.
 32. 32. 32. 32. 32. 32. 32. 32. 
   32. 2137. 2660. 2660. 2660. 2137. 2137.   32.   32.   32.   32.   32.
   32.   32.   32.   32.   32.   32.   32.   32.   32.   32.   32.   32.
   32.   32. 
 32. 32. 32. 32. 32. 32. 32. 32. 32. 32. 32. 32. 32. 32. 32. 32. 32. 32.
 32. 32. 32. 32. 32. 32. 32. 32. 
   32.   32.   32.   32.   32.   32.   32.   32.   32.   32.   32.   32.
   32. 2137. 2137. 2660. 2660. 2660. 2137.   32.   32.   32.   32.   32.
   32.   32. 
 32. 32. 32. 32. 32. 32. 32. 32. 32. 32. 32. 32. 32. 32. 32. 32. 32. 32.
 32. 32. 32. 32. 32. 32. 32. 32. 
   32.   32.   32.   32.   32.   32.   32.   32.   32.   32.   32.   32.
   32.   32.   32.   32. 2137. 2137. 2137. 2137. 2137.   32.   32.   32.
   32.   32. 
 2137. 2660. 2660. 2660. 2137.   32.   32.   32.   32.   32.   32.   32.
   32.   32.   32.   32.   32.   32.   32.   32.   32.   32.   32.   32.
   32.   32. 
 32. 32. 32. 32. 32. 32. 32. 32. 32. 32. 32. 32. 32. 32. 32. 32. 32. 32.
 32. 32. 32. 32. 32. 32. 32. 32. 
   32. 2137. 2137. 2660. 2660. 2660. 2137. 2137.   32.   32.   32.   32.
 2137. 2137. 2660. 2660. 2137. 2137.   32.   32.   32.   32.   32.   32.
   32.   32. 
 32. 32. 32. 32. 32. 32. 32. 32. 32. 32. 32. 32. 32. 32. 32. 32. 32. 32.
 32. 32. 32. 32. 32. 32. 32. 32. 
   32.   32.   32.   32.   32.   32.   32.   32.   32.   32.   32.   32.
   32. 2137. 2660. 2660. 2660. 2660. 2660. 2137. 2137.   32.   32.   32.
 2137. 2137. 
 2660. 2660. 2137. 2137.   32.   32.   32.   32.   32.   32.   32.   32.
   32.   32.   32.   32.   32.   32.   32.   32.   32.   32.   32.   32.
   32.   32. 
   32.   32.   32.   32.   32.   32.   32.   32.   32.   32.   32.   32.
   32.   32.   32.   32.   32.   32.   32.   32.   32.   32.   32.   32.
 2137. 2137. 
 2660. 2660. 2137. 2660. 2660. 2660. 2137. 2137. 2137.   32. 2137. 2137.
 2660. 2660. 2137. 2137.   32.   32.   32.   32.   32.   32.   32.   32.
   32.   32. 
 32. 32. 32. 32. 32. 32. 32. 32. 32. 32. 32. 32. 32. 32. 32. 32. 32. 32.
 32. 32. 32. 32. 32. 32. 32. 32. 
   32.   32.   32.   32.   32.   32.   32.   32.   32.   32. 2137. 2137.
 2660. 2660. 2137. 2137. 2660. 2660. 2660. 2660. 2137. 2137. 2137. 2137.
 2660. 2660. 
 2137.   32.   32.   32.   32.   32.   32.   32.   32.   32.   32.   32.
   32.   32.   32.   32.   32.   32.   32.   32.   32.   32.   32.   32.
   32.   32. 
   32.   32.   32.   32.   32.   32.   32.   32.   32.   32.   32.   32.
   32.   32.   32.   32.   32.   32.   32.   32.   32.   32. 2137. 2137.
 2660. 2660. 
 2137. 2137. 2137. 2660. 2660. 2660. 2660. 2660. 2137. 2660. 2660. 2660.
 2137.   32.   32.   32.   32.   32.   32.   32.   32.   32.   32.   32.
   32.   32. 
 32. 32. 32. 32. 32. 32. 32. 32. 32. 32. 32. 32. 32. 32. 32. 32. 32. 32.
 32. 32. 32. 32. 32. 32. 32. 32. 
   32.   32.   32.   32.   32.   32.   32.   32. 2137. 2660. 2660. 2660.
 2137.   32.   32. 2137. 2137. 2660. 2660. 2660. 2660. 2660. 2660. 2137.
   32.   32. 
 32. 32. 32. 32. 32. 32. 32. 32. 32. 32. 32. 32. 32. 32. 32. 32. 32. 32.
 32. 32. 32. 32. 32. 32. 32. 32. 
   32.   32.   32.   32.   32.   32.   32.   32.   32.   32.   32.   32.
   32.   32.   32.   32.   32.   32.   32.   32. 2137. 2660. 2660. 2660.
 2137.   32. 
   32.   32. 2137. 2137. 2137. 2137. 2660. 2660. 2137. 2137.   32.   32.
   32.   32.   32.   32.   32.   32.   32.   32.   32.   32.   32.   32.
   32.   32. 
 32. 32. 32. 32. 32. 32. 32. 32. 32. 32. 32. 32. 32. 32. 32. 32. 32. 32.
 32. 32. 32. 32. 32. 32. 32. 32. 
   32.   32.   32.   32.   32.   32. 2137. 2660. 2660. 2660. 2137.   32.
   32.   32.   32.   32.   32. 2137. 2137. 2137. 2137.   32.   32.   32.
   32.   32. 
 32. 32. 32. 32. 32. 32. 32. 32. 32. 32. 32. 32. 32. 32. 32. 32. 32. 32.
 32. 32. 32. 32. 32. 32. 32. 32. 
   32.   32.   32.   32.   32.   32.   32.   32.   32.   32.   32.   32.
   32.   32.   32.   32.   32.   32. 2137. 2137. 2660. 2660. 2137. 2137.
   32.   32. 
 32. 32. 32. 32. 32. 32. 32. 32. 32. 32. 32. 32. 32. 32. 32. 32. 32. 32.
 32. 32. 32. 32. 32. 32. 32. 32. 
 32. 32. 32. 32. 32. 32. 32. 32. 32. 32. 32. 32. 32. 32. 32. 32. 32. 32.
 32. 32. 32. 32. 32. 32. 32. 32. 
   32.   32.   32.   32. 2137. 2137. 2660. 2660. 2137. 2137.   32.   32.
   32.   32.   32.   32.   32.   32.   32.   32.   32.   32.   32.   32.
   32.   32. 
 32. 32. 32. 32. 32. 32. 32. 32. 32. 32. 32. 32. 32. 32. 32. 32. 32. 32.
 32. 32. 32. 32. 32. 32. 32. 32. 
   32.   32.   32.   32.   32.   32.   32.   32.   32.   32.   32.   32.
   32.   32.   32.   32. 2137. 2137. 2660. 2660. 2137. 2137.   32.   32.
   32.   32. 
 32. 32. 32. 32. 32. 32. 32. 32. 32. 32. 32. 32. 32. 32. 32. 32. 32. 32.
 32. 32. 32. 32. 32. 32. 32. 32. 
 32. 32. 32. 32. 32. 32. 32. 32. 32. 32. 32. 32. 32. 32. 32. 32. 32. 32.
 32. 32. 32. 32. 32. 32. 32. 32. 
   32.   32. 2137. 2137. 2660. 2660. 2137. 2137.   32.   32.   32.   32.
   32.   32.   32.   32.   32.   32.   32.   32.   32.   32.   32.   32.
   32.   32. 
 32. 32. 32. 32. 32. 32. 32. 32. 32. 32. 32. 32. 32. 32. 32. 32. 32. 32.
 32. 32. 32. 32. 32. 32. 32. 32. 
   32.   32.   32.   32.   32.   32.   32.   32.   32.   32.   32.   32.
   32.   32.   32. 2137. 2660. 2660. 2137. 2137.   32.   32.   32.   32.
   32.   32. 
 32. 32. 32. 32. 32. 32. 32. 32. 32. 32. 32. 32. 32. 32. 32. 32. 32. 32.
 32. 32. 32. 32. 32. 32. 32. 32. 
   32.   32.   32.   32.   32.   32.   32.   32.   32.   32.   32.   32.
   32.   32.   32.   32.   32.   32.   32.   32.   32.   32.   32.   32.
   32. 2137. 
 2137. 2137. 2660. 2660. 2137.   32.   32.   32.   32.   32.   32.   32.
   32.   32.   32.   32.   32.   32.   32.   32.   32.   32.   32.   32.
   32.   32. 
 32. 32. 32. 32. 32. 32. 32. 32. 32. 32. 32. 32. 32. 32. 32. 32. 32. 32.
 32. 32. 32. 32. 32. 32. 32. 32. 
   32.   32.   32.   32. 2137. 2137. 2137. 2137. 2137. 2137. 2137. 2660.
 2660. 2660. 2660. 2660. 2137.   32.   32.   32.   32.   32.   32.   32.
   32.   32. 
 32. 32. 32. 32. 32. 32. 32. 32. 32. 32. 32. 32. 32. 32. 32. 32. 32. 32.
 32. 32. 32. 32. 32. 32. 32. 32. 
   32.   32.   32.   32.   32.   32.   32.   32.   32.   32.   32.   32.
   32.   32.   32. 2137. 2660. 2660. 2660. 2660. 2660. 2660. 2660. 2660.
 2660. 2660. 
 2660. 2137. 2137.   32.   32.   32.   32.   32.   32.   32.   32.   32.
   32.   32.   32.   32.   32.   32.   32.   32.   32.   32.   32.   32.
   32.   32. 
 32. 32. 32. 32. 32. 32. 32. 32. 32. 32. 32. 32. 32. 32. 32. 32. 32. 32.
 32. 32. 32. 32. 32. 32. 32. 32. 
 2137. 2660. 2660. 2660. 2660. 2660. 2660. 2660. 2660. 2660. 2660. 2137.
 2137. 2137.   32.   32.   32.   32.   32.   32.   32.   32.   32.   32.
   32.   32. 
 32. 32. 32. 32. 32. 32. 32. 32. 32. 32. 32. 32. 32. 32. 32. 32. 32. 32.
 32. 32. 32. 32. 32. 32. 32. 32. 
   32.   32.   32.   32.   32.   32.   32.   32.   32.   32.   32.   32.
 2137. 2660. 2660. 2660. 2137. 2137. 2137. 2137. 2137. 2137. 2137. 2137.
   32.   32. 
 32. 32. 32. 32. 32. 32. 32. 32. 32. 32. 32. 32. 32. 32. 32. 32. 32. 32.
 32. 32. 32. 32. 32. 32. 32. 32. 
   32.   32.   32.   32.   32.   32.   32.   32.   32.   32.   32.   32.
   32.   32.   32.   32.   32.   32.   32.   32.   32.   32.   32. 2137.
 2137. 2660. 
 2660. 2660. 2137.   32.   32.   32.   32.   32.   32.   32.   32.   32.
   32.   32.   32.   32.   32.   32.   32.   32.   32.   32.   32.   32.
   32.   32. 
 32. 32. 32. 32. 32. 32. 32. 32. 32. 32. 32. 32. 32. 32. 32. 32. 32. 32.
 32. 32. 32. 32. 32. 32. 32. 32. 
   32.   32.   32.   32.   32.   32.   32.   32.   32. 2137. 2137. 2660.
 2660. 2137. 2137.   32.   32.   32.   32.   32.   32.   32.   32.   32.
   32.   32. 
 32. 32. 32. 32. 32. 32. 32. 32. 32. 32. 32. 32. 32. 32. 32. 32. 32. 32.
 32. 32. 32. 32. 32. 32. 32. 32. 
   32.   32.   32.   32.   32.   32.   32.   32.   32.   32.   32.   32.
   32.   32.   32.   32.   32.   32.   32.   32.   32. 2137. 2137. 2660.
 2660. 2137. 
 2137.   32.   32.   32.   32.   32.   32.   32.   32.   32.   32.   32.
   32.   32.   32.   32.   32.   32.   32.   32.   32.   32.   32.   32.
   32.   32. 
   32.   32.   32.   32.   32.   32.   32.   32.   32.   32.   32.   32.
   32.   32.   32.   32.   32.   32.   32.   32.   32.   32. 2137. 2137.
 2137. 2137. 
 2137. 2137.   32.   32.   32.   32.   32. 2137. 2137. 2660. 2660. 2137.
   32.   32.   32.   32.   32.   32.   32.   32.   32.   32.   32.   32.
   32.   32. 
 32. 32. 32. 32. 32. 32. 32. 32. 32. 32. 32. 32. 32. 32. 
/