PERMI
   13.   13.   13. 1660.   13. 1660. 1660. 2618. 2618. 2618. 2618. 1660.
 1660. 1660. 1660. 1660. 1660. 1660. 1660.   13.   13.   13.   13. 1660.
 1660. 2618. 
 1660. 1660. 1660.   13. 1660. 2618. 2618. 2618. 1660. 2618. 2618. 2618.
 2618. 1660. 1660. 1660. 2618. 2618. 2618. 2618. 2618. 2618. 2618. 1660.
 1660. 2618. 
 2618. 2618. 1660. 1660. 2618. 2618. 2618. 2618. 2618. 2618. 1660. 1660.
 1660. 1660. 1660. 1660. 1660. 1660. 2618. 2618. 2618. 2618. 1660.   13.
   13.   13. 
   13.   13.   13.   13.   13.   13.   13.   13. 1660. 2618. 2618. 2618.
 2618. 2618. 1660. 1660. 1660. 2618. 2618. 2618. 1660. 1660. 2618. 2618.
 2618. 2618. 
 2618. 2618. 2618. 2618. 2618. 1660. 2618. 2618. 2618. 2618. 2618. 2618.
 2618. 1660. 1660. 1660. 1660. 1660. 2618. 2618. 2618. 2618. 1660.   13.
 2618. 2618. 
 2618. 2618. 2618. 2618. 2618. 2618. 1660. 1660.   13.   13.   13.   13.
   13.   13.   13.   13.   13.   13.   13. 1660. 1660. 2618. 2618. 2618.
 2618. 2618. 
 2618. 2618. 2618. 2618. 2618. 1660. 1660. 1660. 1660. 2618. 2618. 2618.
 2618. 2618. 2618. 2618. 2618. 1660. 1660. 2618. 2618. 2618. 2618. 2618.
 2618. 1660. 
 1660.   13.   13. 1660. 1660. 1660. 1660. 1660.   13.   13. 2618. 2618.
 2618. 2618. 2618. 2618. 2618. 2618. 1660.   13.   13.   13.   13.   13.
   13. 1660. 
 1660. 1660. 1660. 1660. 1660. 1660. 2618. 2618. 2618. 1660. 1660. 2618.
 2618. 2618. 2618. 2618. 2618. 1660.   13.   13. 1660. 1660. 2618. 2618.
 2618. 2618. 
 2618. 2618. 1660. 1660. 1660. 1660. 2618. 2618. 2618. 1660. 1660. 1660.
   13.   13.   13.   13.   13.   13.   13.   13.   13.   13. 2618. 2618.
 2618. 2618. 
 2618. 2618. 1660. 1660. 1660.   13.   13.   13.   13.   13. 1660. 1660.
 2618. 2618. 2618. 1660. 1660. 1660. 2618. 2618. 1660. 1660. 1660. 1660.
 2618. 2618. 
 2618. 2618. 1660.   13.   13.   13.   13. 1660. 1660. 1660. 1660. 1660.
 1660. 1660. 1660.   13.   13. 1660. 1660. 1660. 1660. 1660. 1660.   13.
   13.   13. 
   13.   13.   13.   13.   13.   13.   13.   13. 1660. 1660. 1660. 1660.
 1660. 1660. 1660.   13.   13.   13.   13.   13.   13. 1660. 1660. 2618.
 2618. 2618. 
 2618. 2618. 2618. 2618. 2618. 2618. 1660.   13.   13. 1660. 1660. 1660.
 1660. 1660.   13.   13.   13.   13.   13.   13.   13. 1660. 1660. 1660.
 1660.   13. 
   13.   13.   13.   13.   13. 1660.   13.   13.   13.   13.   13.   13.
   13.   13.   13.   13.   13.   13.   13.   13. 1660.   13.   13.   13.
 1660. 1660. 
 1660. 1660. 1660.   13.   13.   13.   13. 1660. 1660. 2618. 2618. 2618.
 2618. 2618. 2618. 2618. 2618. 1660. 1660.   13.   13.   13.   13.   13.
   13.   13. 
 13. 13. 13. 13. 13. 13. 13. 13. 13. 13. 13. 13. 13. 13. 13. 13. 13. 13.
 13. 13. 13. 13. 13. 13. 13. 13. 
   13.   13.   13.   13.   13.   13.   13.   13.   13. 1660. 1660. 1660.
 2618. 2618. 1660. 1660. 1660.   13.   13. 1660. 2618. 2618. 2618. 1660.
 1660. 2618. 
 2618. 2618. 1660. 1660.   13.   13.   13.   13.   13.   13.   13.   13.
   13.   13.   13.   13.   13.   13.   13.   13.   13.   13.   13.   13.
   13.   13. 
   13.   13.   13.   13.   13.   13.   13.   13.   13.   13.   13.   13.
   13.   13.   13.   13.   13.   13.   13.   13. 1660. 1660. 2618. 2618.
 2618. 2618. 
 2618. 2618. 1660. 1660. 1660. 1660. 1660. 2618. 2618. 1660. 1660. 1660.
 1660. 1660. 1660.   13.   13.   13.   13.   13.   13.   13.   13.   13.
   13.   13. 
 13. 13. 13. 13. 13. 13. 13. 13. 13. 13. 13. 13. 13. 13. 13. 13. 13. 13.
 13. 13. 13. 13. 13. 13. 13. 13. 
   13.   13.   13.   13. 1660. 1660. 1660. 2618. 2618. 2618. 2618. 2618.
 2618. 2618. 2618. 2618. 1660. 1660. 2618. 2618. 2618. 1660. 1660.   13.
   13.   13. 
 13. 13. 13. 13. 13. 13. 13. 13. 13. 13. 13. 13. 13. 13. 13. 13. 13. 13.
 13. 13. 13. 13. 13. 13. 13. 13. 
   13.   13.   13.   13.   13.   13.   13.   13.   13.   13.   13.   13.
   13.   13.   13.   13. 1660. 1660. 2618. 2618. 2618. 2618. 2618. 1660.
 2618. 2618. 
 2618. 2618. 2618. 2618. 2618. 2618. 2618. 1660. 1660.   13.   13.   13.
   13.   13.   13.   13.   13.   13.   13.   13.   13.   13.   13.   13.
   13.   13. 
 13. 13. 13. 13. 13. 13. 13. 13. 13. 13. 13. 13. 13. 13. 13. 13. 13. 13.
 13. 13. 13. 13. 13. 13. 13. 13. 
   13. 1660. 2618. 2618. 2618. 2618. 2618. 1660. 1660. 1660. 1660. 1660.
 2618. 2618. 2618. 2618. 2618. 2618. 2618. 1660.   13.   13.   13.   13.
   13.   13. 
 13. 13. 13. 13. 13. 13. 13. 13. 13. 13. 13. 13. 13. 13. 13. 13. 13. 13.
 13. 13. 13. 13. 13. 13. 13. 13. 
   13.   13.   13.   13.   13.   13.   13.   13.   13.   13.   13. 1660.
 1660. 1660. 2618. 2618. 2618. 2618. 2618. 1660.   13.   13.   13. 1660.
 1660. 1660. 
 2618. 2618. 2618. 2618. 1660. 1660.   13.   13.   13.   13.   13.   13.
   13.   13.   13.   13.   13.   13.   13.   13.   13.   13.   13.   13.
   13.   13. 
   13.   13.   13.   13.   13.   13.   13.   13.   13.   13.   13.   13.
   13.   13.   13.   13.   13.   13.   13.   13.   13.   13. 1660. 1660.
 1660. 2618. 
 2618. 2618. 2618. 1660. 1660. 1660.   13.   13.   13.   13.   13. 1660.
 1660. 1660. 1660. 1660. 1660.   13.   13.   13.   13.   13.   13.   13.
   13.   13. 
 13. 13. 13. 13. 13. 13. 13. 13. 13. 13. 13. 13. 13. 13. 13. 13. 13. 13.
 13. 13. 13. 13. 13. 13. 13. 13. 
   13.   13.   13.   13.   13.   13.   13. 1660. 1660. 2618. 2618. 2618.
 1660. 1660. 1660. 1660. 1660.   13.   13.   13.   13.   13.   13.   13.
   13.   13. 
 13. 13. 13. 13. 13. 13. 13. 13. 13. 13. 13. 13. 13. 13. 13. 13. 13. 13.
 13. 13. 13. 13. 13. 13. 13. 13. 
   13.   13.   13.   13.   13.   13.   13.   13.   13.   13.   13.   13.
   13.   13. 1660. 1660. 1660. 1660. 1660. 1660. 1660. 2618. 2618. 2618.
   13.   13. 
 13. 13. 13. 13. 13. 13. 13. 13. 13. 13. 13. 13. 13. 13. 13. 13. 13. 13.
 13. 13. 13. 13. 13. 13. 13. 13. 
   13.   13.   13.   13.   13.   13.   13.   13.   13.   13.   13.   13.
   13.   13.   13.   13.   13.   13.   13.   13.   13.   13.   13. 1660.
 1660. 1660. 
 1660. 2618. 2618. 1660. 2618. 2618. 2618. 2618. 2618. 2618.   13.   13.
   13.   13.   13.   13.   13.   13.   13.   13.   13.   13.   13.   13.
   13.   13. 
 13. 13. 13. 13. 13. 13. 13. 13. 13. 13. 13. 13. 13. 13. 13. 13. 13. 13.
 13. 13. 13. 13. 13. 13. 13. 13. 
   13.   13.   13.   13.   13.   13.   13.   13.   13. 1660. 2618. 2618.
 2618. 2618. 2618. 2618. 2618. 2618. 2618. 2618. 1660. 1660.   13.   13.
   13.   13. 
 13. 13. 13. 13. 13. 13. 13. 13. 13. 13. 13. 13. 13. 13. 13. 13. 13. 13.
 13. 13. 13. 13. 13. 13. 13. 13. 
   13.   13. 1660. 1660. 1660. 1660.   13.   13.   13.   13.   13. 1660.
 1660. 1660. 1660.   13. 1660. 1660. 1660. 1660. 1660. 1660. 2618. 2618.
 2618. 2618. 
 2618. 2618. 2618. 2618. 2618. 1660. 1660. 1660.   13.   13.   13.   13.
   13.   13.   13.   13.   13.   13.   13.   13.   13.   13.   13.   13.
   13.   13. 
   13.   13.   13.   13.   13.   13.   13.   13.   13.   13.   13.   13.
   13. 1660. 1660. 1660. 1660. 1660. 1660. 1660. 1660. 1660. 1660. 1660.
 1660. 1660. 
 1660. 1660. 1660. 2618. 2618. 1660. 1660. 2618. 2618. 2618. 2618. 2618.
 2618. 2618. 2618. 2618. 1660. 1660. 1660.   13.   13.   13.   13.   13.
   13.   13. 
   13.   13.   13.   13.   13.   13.   13.   13.   13.   13.   13.   13.
   13.   13.   13.   13.   13.   13. 1660. 1660. 1660. 1660. 1660.   13.
 1660. 1660. 
 2618. 2618. 2618. 2618. 2618. 1660. 1660. 1660. 1660. 2618. 2618. 2618.
 2618. 1660. 1660. 1660. 1660. 1660. 2618. 2618. 2618. 2618. 1660. 1660.
 1660. 1660. 
 1660. 1660. 1660. 1660. 1660. 1660.   13.   13.   13.   13.   13.   13.
   13.   13.   13.   13.   13.   13.   13.   13.   13. 1660. 1660. 1660.
 1660. 1660. 
   13.   13.   13. 1660. 1660. 1660. 1660. 1660. 1660. 1660. 1660. 1660.
 2618. 2618. 2618. 2618. 2618. 2618. 1660. 2618. 2618. 2618. 2618. 2618.
 2618. 2618. 
 2618. 1660. 1660. 1660. 2618. 2618. 2618. 1660. 1660.   13.   13. 1660.
 1660. 2618. 2618. 2618. 2618. 2618.   13.   13.   13.   13.   13.   13.
   13.   13. 
   13.   13.   13.   13.   13.   13. 1660. 1660. 1660. 1660. 1660. 1660.
 1660. 1660. 1660. 1660. 2618. 2618. 2618. 2618. 2618. 1660. 1660. 2618.
 2618. 2618. 
 2618. 2618. 2618. 2618. 2618. 2618. 2618. 2618. 2618. 1660. 2618. 2618.
 2618. 2618. 2618. 2618. 2618. 2618. 1660. 1660. 1660. 1660. 1660. 1660.
 2618. 2618. 
 2618. 2618. 2618. 2618.   13.   13.   13.   13.   13.   13.   13.   13.
   13.   13.   13.   13.   13.   13. 1660. 1660. 1660. 2618. 2618. 2618.
 1660. 1660. 
 1660. 1660. 2618. 2618. 2618. 2618. 2618. 2618. 2618. 2618. 2618. 1660.
 1660. 1660. 2618. 2618. 2618. 2618. 2618. 1660. 1660. 1660. 1660. 2618.
 2618. 2618. 
 2618. 2618. 2618. 2618. 1660. 1660. 2618. 1660. 1660. 2618. 2618. 2618.
 2618. 2618. 2618. 2618.   13.   13.   13.   13.   13.   13.   13.   13.
   13.   13. 
   13.   13.   13. 1660. 1660. 2618. 2618. 2618. 2618. 2618. 2618. 2618.
 1660. 2618. 2618. 2618. 1660. 1660. 2618. 2618. 2618. 2618. 2618. 1660.
 1660. 1660. 
 1660. 1660. 1660. 1660. 1660. 1660. 1660. 1660. 1660. 1660. 1660. 2618.
 2618. 2618. 2618. 2618. 1660. 1660. 2618. 2618. 2618. 2618. 2618. 2618.
 2618. 1660. 
 2618. 2618.   13.   13.   13.   13.   13.   13. 1660. 1660. 1660. 1660.
 1660. 1660. 1660. 1660. 1660. 2618. 2618. 2618. 2618. 2618. 2618. 2618.
 2618. 2618. 
 2618. 2618. 1660. 1660. 1660. 2618. 2618. 1660. 1660. 1660. 1660. 1660.
   13. 1660. 1660. 1660. 1660.   13.   13. 1660.   13. 1660. 1660. 1660.
 1660. 1660. 
 1660. 1660. 1660. 2618. 2618. 2618. 2618. 2618. 2618. 1660. 1660. 1660.
 1660. 1660.   13.   13.   13.   13.   13. 1660. 1660. 1660. 1660. 1660.
 1660. 1660. 
 1660. 1660. 2618. 2618. 2618. 2618. 1660. 1660. 2618. 2618. 2618. 2618.
 2618. 1660. 1660. 1660. 1660. 1660. 1660. 1660. 1660. 2618. 1660.   13.
   13.   13. 
   13.   13.   13.   13.   13.   13.   13.   13.   13.   13. 1660. 1660.
 1660.   13. 1660. 1660. 2618. 2618. 2618. 2618. 1660. 1660.   13.   13.
   13. 1660. 
   13.   13.   13.   13. 1660. 1660. 1660. 1660. 2618. 2618. 2618. 2618.
 1660. 2618. 2618. 2618. 2618. 1660. 1660. 1660. 1660. 2618. 2618. 2618.
 1660. 1660. 
 1660. 1660.   13. 1660. 1660. 2618. 2618. 1660. 1660.   13.   13.   13.
   13.   13.   13.   13.   13.   13.   13.   13.   13.   13.   13.   13.
   13.   13. 
   13. 1660. 1660. 1660. 1660. 1660. 1660.   13.   13.   13.   13.   13.
   13.   13.   13. 1660. 1660. 1660. 1660. 2618. 2618. 2618. 2618. 2618.
 2618. 2618. 
 2618. 2618. 1660. 1660.   13. 1660. 1660. 1660. 1660. 1660. 1660. 1660.
   13.   13.   13.   13. 1660. 1660. 1660.   13.   13.   13.   13.   13.
   13.   13. 
 13. 13. 13. 13. 13. 13. 13. 13. 13. 13. 13. 13. 13. 13. 13. 13. 13. 13.
 13. 13. 13. 13. 13. 13. 13. 13. 
   13. 1660. 1660. 1660. 1660. 2618. 2618. 1660. 2618. 2618. 2618. 2618.
 2618. 1660. 1660. 1660.   13.   13.   13. 1660. 1660. 1660.   13.   13.
   13.   13. 
 13. 13. 13. 13. 13. 13. 13. 13. 13. 13. 13. 13. 13. 13. 13. 13. 13. 13.
 13. 13. 13. 13. 13. 13. 13. 13. 
   13.   13.   13.   13.   13.   13.   13.   13.   13.   13.   13.   13.
   13. 1660. 1660. 1660. 1660. 2618. 2618. 1660. 1660. 1660. 1660. 2618.
 1660. 1660. 
 1660.   13.   13.   13.   13.   13.   13.   13.   13.   13.   13.   13.
   13.   13.   13.   13.   13.   13.   13.   13.   13.   13.   13.   13.
   13.   13. 
   13.   13.   13.   13.   13.   13.   13.   13.   13.   13.   13.   13.
   13.   13.   13.   13.   13.   13.   13.   13.   13.   13. 1660. 1660.
 1660. 1660. 
 1660. 1660. 1660. 2618. 2618. 1660. 1660. 1660. 1660. 1660. 1660. 1660.
   13.   13.   13.   13.   13.   13.   13.   13.   13.   13.   13.   13.
   13.   13. 
 13. 13. 13. 13. 13. 13. 13. 13. 13. 13. 13. 13. 13. 13. 13. 13. 13. 13.
 13. 13. 13. 13. 13. 13. 13. 13. 
   13.   13.   13.   13.   13.   13.   13.   13. 1660. 1660. 1660. 1660.
 1660. 1660. 1660. 2618. 2618. 1660. 1660.   13.   13.   13.   13.   13.
   13.   13. 
 13. 13. 13. 13. 13. 13. 13. 13. 13. 13. 13. 13. 13. 13. 13. 13. 13. 13.
 13. 13. 13. 13. 13. 13. 13. 13. 
   13.   13.   13.   13.   13.   13.   13.   13.   13.   13.   13.   13.
   13.   13.   13.   13.   13.   13.   13.   13. 1660. 2618. 2618. 2618.
 2618. 2618. 
 2618. 2618. 2618. 1660. 1660.   13.   13.   13.   13.   13.   13.   13.
   13.   13.   13.   13.   13.   13.   13.   13.   13.   13.   13.   13.
   13.   13. 
 13. 13. 13. 13. 13. 13. 13. 13. 13. 13. 13. 13. 13. 13. 13. 13. 13. 13.
 13. 13. 13. 13. 13. 13. 13. 13. 
   13.   13.   13.   13.   13.   13. 1660. 2618. 2618. 2618. 2618. 2618.
 2618. 2618. 1660. 1660.   13.   13.   13.   13.   13.   13.   13.   13.
   13.   13. 
 13. 13. 13. 13. 13. 13. 13. 13. 13. 13. 13. 13. 13. 13. 13. 13. 13. 13.
 13. 13. 13. 13. 13. 13. 13. 13. 
   13.   13.   13.   13.   13.   13.   13.   13.   13.   13.   13.   13.
   13.   13.   13.   13.   13.   13. 2618. 2618. 2618. 1660. 1660. 1660.
 1660. 1660. 
 1660.   13.   13.   13.   13.   13.   13.   13.   13.   13.   13.   13.
   13.   13.   13.   13.   13.   13.   13.   13.   13.   13.   13.   13.
   13.   13. 
 13. 13. 13. 13. 13. 13. 13. 13. 13. 13. 13. 13. 13. 13. 13. 13. 13. 13.
 13. 13. 13. 13. 13. 13. 13. 13. 
   13.   13.   13.   13. 2618. 2618. 2618. 1660. 1660. 1660. 1660. 1660.
   13.   13.   13.   13.   13.   13.   13.   13.   13.   13.   13.   13.
   13.   13. 
 13. 13. 13. 13. 13. 13. 13. 13. 13. 13. 13. 13. 13. 13. 13. 13. 13. 13.
 13. 13. 13. 13. 13. 13. 13. 13. 
   13.   13.   13.   13.   13.   13.   13.   13.   13.   13.   13.   13.
   13.   13.   13.   13. 2618. 2618. 2618. 1660. 1660. 1660.   13.   13.
   13.   13. 
 13. 13. 13. 13. 13. 13. 13. 13. 13. 13. 13. 13. 13. 13. 13. 13. 13. 13.
 13. 13. 13. 13. 13. 13. 13. 13. 
 13. 13. 13. 13. 13. 13. 13. 13. 13. 13. 13. 13. 13. 13. 13. 13. 13. 13.
 13. 13. 13. 13. 13. 13. 13. 13. 
   13.   13. 2618. 2618. 2618. 1660.   13.   13.   13.   13.   13.   13.
   13.   13.   13.   13.   13.   13.   13.   13.   13.   13.   13.   13.
   13.   13. 
 13. 13. 13. 13. 13. 13. 13. 13. 13. 13. 13. 13. 13. 13. 13. 13. 13. 13.
 13. 13. 13. 13. 13. 13. 13. 13. 
   13.   13.   13.   13.   13.   13.   13.   13.   13.   13.   13.   13.
   13.   13. 2618. 2618. 2618. 1660.   13.   13.   13.   13.   13.   13.
   13.   13. 
 13. 13. 13. 13. 13. 13. 13. 13. 13. 13. 13. 13. 13. 13. 13. 13. 13. 13.
 13. 13. 13. 13. 13. 13. 13. 13. 
 13. 13. 13. 13. 13. 13. 13. 13. 13. 13. 13. 13. 13. 13. 13. 13. 13. 13.
 13. 13. 13. 13. 13. 13. 13. 13. 
 2618. 2618. 1660. 1660.   13.   13.   13.   13.   13.   13.   13.   13.
   13.   13.   13.   13.   13.   13.   13.   13.   13.   13.   13.   13.
   13.   13. 
 13. 13. 13. 13. 13. 13. 13. 13. 13. 13. 13. 13. 13. 13. 13. 13. 13. 13.
 13. 13. 13. 13. 13. 13. 13. 13. 
   13.   13.   13.   13.   13.   13.   13.   13.   13.   13.   13.   13.
 2618. 1660. 1660. 1660.   13.   13.   13.   13.   13.   13.   13.   13.
   13.   13. 
 13. 13. 13. 13. 13. 13. 13. 13. 13. 13. 13. 13. 13. 13. 13. 13. 13. 13.
 13. 13. 13. 13. 13. 13. 13. 13. 
   13.   13.   13.   13.   13.   13.   13.   13.   13.   13.   13.   13.
   13.   13.   13.   13.   13.   13.   13.   13.   13.   13.   13.   13.
 1660. 1660. 
 1660.   13.   13.   13.   13.   13.   13.   13.   13.   13.   13.   13.
   13.   13.   13.   13.   13.   13.   13.   13.   13.   13.   13.   13.
   13.   13. 
 13. 13. 13. 13. 13. 13. 13. 13. 13. 13. 13. 13. 13. 13. 13. 13. 13. 13.
 13. 13. 13. 13. 13. 13. 13. 13. 
 13. 13. 13. 13. 13. 13. 13. 13. 13. 13. 13. 13. 13. 13. 13. 13. 13. 13.
 13. 13. 13. 13. 13. 13. 13. 13. 
 13. 13. 13. 13. 13. 13. 13. 13. 13. 13. 13. 13. 13. 13. 13. 13. 13. 13.
 13. 13. 13. 13. 13. 13. 13. 13. 
 13. 13. 13. 13. 13. 13. 13. 13. 13. 13. 13. 13. 13. 13. 13. 13. 13. 13.
 13. 13. 13. 13. 13. 13. 13. 13. 
 13. 13. 13. 13. 13. 13. 13. 13. 13. 13. 13. 13. 13. 13. 13. 13. 13. 13.
 13. 13. 13. 13. 13. 13. 13. 13. 
 13. 13. 13. 13. 13. 13. 13. 13. 13. 13. 13. 13. 13. 13. 13. 13. 13. 13.
 13. 13. 13. 13. 13. 13. 13. 13. 
 13. 13. 13. 13. 13. 13. 13. 13. 13. 13. 13. 13. 13. 13. 13. 13. 13. 13.
 13. 13. 13. 13. 13. 13. 13. 13. 
 13. 13. 13. 13. 13. 13. 13. 13. 13. 13. 13. 13. 13. 13. 13. 13. 13. 13.
 13. 13. 13. 13. 13. 13. 13. 13. 
 13. 13. 13. 13. 13. 13. 13. 13. 13. 13. 13. 13. 13. 13. 13. 13. 13. 13.
 13. 13. 13. 13. 13. 13. 13. 13. 
 13. 13. 13. 13. 13. 13. 13. 13. 13. 13. 13. 13. 13. 13. 13. 13. 13. 13.
 13. 13. 13. 13. 13. 13. 13. 13. 
 13. 13. 13. 13. 13. 13. 13. 13. 13. 13. 13. 13. 13. 13. 13. 13. 13. 13.
 13. 13. 13. 13. 13. 13. 13. 13. 
 13. 13. 13. 13. 13. 13. 13. 13. 13. 13. 13. 13. 13. 13. 13. 13. 13. 13.
 13. 13. 13. 13. 13. 13. 13. 13. 
 13. 13. 13. 13. 13. 13. 13. 13. 13. 13. 13. 13. 13. 13. 13. 13. 13. 13.
 13. 13. 13. 13. 13. 13. 13. 13. 
 13. 13. 13. 13. 13. 13. 13. 13. 13. 13. 13. 13. 13. 13. 13. 13. 13. 13.
 13. 13. 13. 13. 13. 13. 13. 13. 
 13. 13. 13. 13. 13. 13. 13. 13. 13. 13. 13. 13. 13. 13. 13. 13. 13. 13.
 13. 13. 13. 13. 13. 13. 13. 13. 
 13. 13. 13. 13. 13. 13. 13. 13. 13. 13. 13. 13. 13. 13. 13. 13. 13. 13.
 13. 13. 13. 13. 13. 13. 13. 13. 
 13. 13. 13. 13. 13. 13. 13. 13. 13. 13. 13. 13. 13. 13. 13. 13. 13. 13.
 13. 13. 13. 13. 13. 13. 13. 13. 
 13. 13. 13. 13. 13. 13. 13. 13. 13. 13. 13. 13. 13. 13. 13. 13. 13. 13.
 13. 13. 13. 13. 13. 13. 13. 13. 
 13. 13. 13. 13. 13. 13. 13. 13. 13. 13. 13. 13. 13. 13. 13. 13. 13. 13.
 13. 13. 13. 13. 13. 13. 13. 13. 
 13. 13. 13. 13. 13. 13. 13. 13. 13. 13. 13. 13. 13. 13. 13. 13. 13. 13.
 13. 13. 13. 13. 13. 13. 13. 13. 
 13. 13. 13. 13. 13. 13. 13. 13. 13. 13. 13. 13. 13. 13. 13. 13. 13. 13.
 13. 13. 13. 13. 13. 13. 13. 13. 
 13. 13. 13. 13. 13. 13. 13. 13. 13. 13. 13. 13. 13. 13. 13. 13. 13. 13.
 13. 13. 13. 13. 13. 13. 13. 13. 
 13. 13. 13. 13. 13. 13. 13. 13. 13. 13. 13. 13. 13. 13. 13. 13. 13. 13.
 13. 13. 13. 13. 13. 13. 13. 13. 
 13. 13. 13. 13. 13. 13. 13. 13. 13. 13. 13. 13. 13. 13. 13. 13. 13. 13.
 13. 13. 13. 13. 13. 13. 13. 13. 
 13. 13. 13. 13. 13. 13. 13. 13. 13. 13. 13. 13. 13. 13. 13. 13. 13. 13.
 13. 13. 13. 13. 13. 13. 13. 13. 
 13. 13. 13. 13. 13. 13. 13. 13. 13. 13. 13. 13. 13. 13. 13. 13. 13. 13.
 13. 13. 13. 13. 13. 13. 13. 13. 
 13. 13. 13. 13. 13. 13. 13. 13. 13. 13. 13. 13. 13. 13. 13. 13. 13. 13.
 13. 13. 13. 13. 13. 13. 13. 13. 
 13. 13. 13. 13. 13. 13. 13. 13. 13. 13. 13. 13. 13. 13. 13. 13. 13. 13.
 13. 13. 13. 13. 13. 13. 13. 13. 
 13. 13. 13. 13. 13. 13. 13. 13. 13. 13. 13. 13. 13. 13. 13. 13. 13. 13.
 13. 13. 13. 13. 13. 13. 13. 13. 
 13. 13. 13. 13. 13. 13. 13. 13. 13. 13. 13. 13. 13. 13. 13. 13. 13. 13.
 13. 13. 13. 13. 13. 13. 13. 13. 
 13. 13. 13. 13. 13. 13. 13. 13. 13. 13. 13. 13. 13. 13. 13. 13. 13. 13.
 13. 13. 13. 13. 13. 13. 13. 13. 
 13. 13. 13. 13. 13. 13. 13. 13. 13. 13. 13. 13. 13. 13. 13. 13. 13. 13.
 13. 13. 13. 13. 13. 13. 13. 13. 
 13. 13. 13. 13. 13. 13. 13. 13. 13. 13. 13. 13. 13. 13. 13. 13. 13. 13.
 13. 13. 13. 13. 13. 13. 13. 13. 
 13. 13. 13. 13. 13. 13. 13. 13. 13. 13. 13. 13. 13. 13. 13. 13. 13. 13.
 13. 13. 13. 13. 13. 13. 13. 13. 
 13. 13. 13. 13. 13. 13. 13. 13. 13. 13. 13. 13. 13. 13. 13. 13. 13. 13.
 13. 13. 13. 13. 13. 13. 13. 13. 
 13. 13. 13. 13. 13. 13. 13. 13. 13. 13. 13. 13. 13. 13. 13. 13. 13. 13.
 13. 13. 13. 13. 13. 13. 13. 13. 
 13. 13. 13. 13. 13. 13. 13. 13. 13. 13. 13. 13. 13. 13. 13. 13. 13. 13.
 13. 13. 13. 13. 13. 13. 13. 13. 
 13. 13. 13. 13. 13. 13. 13. 13. 13. 13. 13. 13. 13. 13. 13. 13. 13. 13.
 13. 13. 13. 13. 13. 13. 13. 13. 
 13. 13. 13. 13. 13. 13. 13. 13. 13. 13. 13. 13. 13. 13. 13. 13. 13. 13.
 13. 13. 13. 13. 13. 13. 13. 13. 
 13. 13. 13. 13. 13. 13. 13. 13. 13. 13. 13. 13. 13. 13. 13. 13. 13. 13.
 13. 13. 13. 13. 13. 13. 13. 13. 
 13. 13. 13. 13. 13. 13. 13. 13. 13. 13. 13. 13. 13. 13. 13. 13. 13. 13.
 13. 13. 13. 13. 13. 13. 13. 13. 
 13. 13. 13. 13. 13. 13. 13. 13. 13. 13. 13. 13. 13. 13. 13. 13. 13. 13.
 13. 13. 13. 13. 13. 13. 13. 13. 
 13. 13. 13. 13. 13. 13. 13. 13. 13. 13. 13. 13. 13. 13. 13. 13. 13. 13.
 13. 13. 13. 13. 13. 13. 13. 13. 
 13. 13. 13. 13. 13. 13. 13. 13. 13. 13. 13. 13. 13. 13. 13. 13. 13. 13.
 13. 13. 13. 13. 13. 13. 13. 13. 
 13. 13. 13. 13. 13. 13. 13. 13. 13. 13. 13. 13. 13. 13. 13. 13. 13. 13.
 13. 13. 13. 13. 13. 13. 13. 13. 
 13. 13. 13. 13. 13. 13. 13. 13. 13. 13. 13. 13. 13. 13. 13. 13. 13. 13.
 13. 13. 13. 13. 13. 13. 13. 13. 
 13. 13. 13. 13. 13. 13. 13. 13. 13. 13. 13. 13. 13. 13. 13. 13. 13. 13.
 13. 13. 13. 13. 13. 13. 13. 13. 
   13.   13. 1660. 1660. 1660. 1660. 1660. 1660.   13.   13.   13.   13.
   13.   13.   13.   13.   13.   13.   13.   13.   13.   13.   13.   13.
   13.   13. 
   13. 1660. 1660. 1660.   13.   13.   13.   13.   13.   13.   13.   13.
   13.   13.   13.   13.   13.   13.   13.   13.   13.   13.   13.   13.
   13.   13. 
   13.   13.   13.   13.   13.   13.   13.   13.   13.   13.   13.   13.
 1660. 1660. 1660. 1660. 1660. 1660. 1660. 1660. 1660.   13.   13.   13.
   13. 1660. 
 1660. 1660. 1660. 1660. 1660.   13.   13.   13.   13.   13.   13.   13.
 1660. 1660. 1660. 2618.   13.   13.   13.   13.   13.   13.   13.   13.
   13.   13. 
   13.   13.   13.   13.   13.   13.   13.   13.   13.   13.   13.   13.
   13.   13.   13.   13.   13.   13.   13.   13.   13.   13.   13. 1660.
 1660. 1660. 
 2618. 2618. 2618. 2618. 2618. 2618. 1660. 1660. 1660. 1660. 1660. 1660.
 1660. 1660. 1660. 1660. 1660. 1660. 1660.   13.   13.   13.   13. 1660.
 1660. 2618. 
 2618. 2618.   13.   13.   13.   13.   13.   13.   13.   13.   13.   13.
   13.   13.   13.   13.   13.   13.   13.   13.   13.   13.   13.   13.
   13.   13. 
   13.   13.   13.   13.   13.   13.   13.   13.   13. 1660. 1660. 2618.
 2618. 2618. 2618. 2618. 2618. 2618. 2618. 1660. 1660. 1660. 1660. 2618.
 2618. 2618. 
 2618. 2618. 2618. 2618. 1660. 1660. 1660.   13. 1660. 1660. 2618. 2618.
 2618. 2618. 
/