PERMI
 1706. 2517. 2517. 2517. 1706. 1706. 1706. 2517. 2517. 2517. 2517. 2517.
 2517. 2517. 2517. 2517. 2517. 1706. 1706.    5.    5.    5.    5.    5.
    5.    5. 
 5. 5. 5. 5. 5. 5. 5. 5. 5. 5. 5. 5. 5. 5. 5. 5. 5. 5. 5. 5. 5. 5. 5. 5.
 5. 5. 
    5. 1706. 1706. 2517. 2517. 2517. 2517. 1706. 1706.    5.    5.    5.
 2517. 2517. 2517. 1706. 1706. 2517. 2517. 2517. 2517. 2517. 2517. 2517.
 2517. 2517. 
 2517. 1706. 1706. 1706.    5.    5.    5.    5.    5.    5.    5.    5.
    5.    5.    5.    5.    5.    5.    5.    5.    5.    5.    5.    5.
    5.    5. 
    5.    5.    5.    5.    5.    5.    5.    5.    5.    5.    5.    5.
 1706. 1706. 2517. 2517. 2517. 2517. 1706. 1706.    5.    5.    5.    5.
 2517. 2517. 
 1706. 1706. 2517. 2517. 2517. 2517. 2517. 1706. 1706. 1706. 1706. 1706.
 1706. 1706.    5.    5.    5.    5.    5.    5.    5.    5.    5.    5.
    5.    5. 
    5.    5.    5.    5.    5.    5.    5.    5.    5.    5.    5.    5.
    5.    5.    5.    5.    5.    5.    5.    5.    5.    5.    5. 1706.
 1706. 2517. 
 2517. 2517. 2517. 2517. 1706. 1706.    5.    5.    5.    5. 1706. 1706.
 1706. 2517. 2517. 2517. 1706. 1706. 1706. 1706.    5. 1706. 1706.    5.
    5.    5. 
 5. 5. 5. 5. 5. 5. 5. 5. 5. 5. 5. 5. 5. 5. 5. 5. 5. 5. 5. 5. 5. 5. 5. 5.
 5. 5. 
    5.    5.    5.    5.    5.    5.    5.    5. 1706. 1706. 2517. 2517.
 2517. 2517. 1706. 1706. 1706.    5.    5.    5.    5.    5. 2517. 2517.
 2517. 2517. 
 2517. 1706. 1706. 1706.    5.    5.    5.    5.    5.    5.    5.    5.
    5.    5.    5.    5.    5.    5.    5.    5.    5.    5.    5.    5.
    5.    5. 
    5.    5.    5.    5.    5.    5.    5.    5.    5.    5.    5.    5.
    5.    5.    5.    5.    5.    5. 1706. 1706. 1706. 1706. 2517. 2517.
 2517. 1706. 
 1706. 1706.    5.    5. 1706. 1706. 1706. 1706. 2517. 2517. 2517. 2517.
 1706. 1706.    5.    5.    5.    5.    5.    5.    5.    5.    5.    5.
    5.    5. 
    5.    5.    5.    5.    5.    5.    5.    5.    5.    5.    5.    5.
    5.    5.    5.    5.    5.    5.    5.    5.    5.    5.    5.    5.
    5. 1706. 
 1706. 1706. 1706. 1706. 1706. 1706. 1706. 2517. 2517. 2517. 1706. 1706.
    5. 1706. 1706. 1706. 1706. 1706. 2517. 2517. 2517. 2517. 1706. 1706.
 1706.    5. 
 5. 5. 5. 5. 5. 5. 5. 5. 5. 5. 5. 5. 5. 5. 5. 5. 5. 5. 5. 5. 5. 5. 5. 5.
 5. 5. 
    5.    5.    5.    5.    5.    5.    5.    5.    5. 1706. 1706. 1706.
 2517. 2517. 2517. 2517. 2517. 2517. 2517. 2517. 2517. 2517. 1706. 1706.
 1706. 1706. 
 2517. 2517. 2517. 2517. 2517. 2517. 1706. 1706. 1706. 1706.    5.    5.
    5.    5.    5.    5.    5.    5.    5.    5.    5.    5.    5.    5.
    5.    5. 
    5.    5.    5.    5.    5.    5.    5.    5.    5.    5.    5.    5.
    5.    5.    5.    5.    5.    5.    5.    5. 1706. 1706. 2517. 2517.
 2517. 2517. 
 2517. 2517. 2517. 2517. 2517. 2517. 2517. 1706. 1706. 1706. 1706. 2517.
 2517. 2517. 2517. 2517. 1706. 1706.    5.    5.    5.    5.    5.    5.
    5.    5. 
 5. 5. 5. 5. 5. 5. 5. 5. 5. 5. 5. 5. 5. 5. 5. 5. 5. 5. 5. 5. 5. 5. 5. 5.
 5. 5. 
    5.    5.    5.    5.    5. 1706. 1706. 2517. 2517. 2517. 2517. 2517.
 2517. 2517. 2517. 2517. 1706. 1706. 1706. 1706.    5. 1706. 2517. 2517.
 2517. 1706. 
 1706. 1706. 1706.    5.    5.    5.    5.    5.    5.    5.    5.    5.
    5.    5.    5.    5.    5.    5.    5.    5.    5.    5.    5.    5.
    5.    5. 
    5.    5.    5.    5.    5.    5.    5.    5.    5.    5.    5.    5.
    5.    5.    5.    5. 1706. 1706. 2517. 2517. 2517. 2517. 1706. 1706.
 1706. 1706. 
 1706. 1706. 1706. 1706.    5.    5. 1706. 1706. 2517. 2517. 1706. 1706.
    5.    5.    5.    5.    5.    5.    5.    5.    5.    5.    5.    5.
    5.    5. 
 5. 5. 5. 5. 5. 5. 5. 5. 5. 5. 5. 5. 5. 5. 5. 5. 5. 5. 5. 5. 5. 5. 5. 5.
 5. 5. 
    5. 1706. 1706. 2517. 2517. 2517. 1706. 1706. 1706.    5.    5.    5.
    5.    5.    5.    5.    5.    5. 1706. 2517. 2517. 2517. 1706.    5.
    5.    5. 
 5. 5. 5. 5. 5. 5. 5. 5. 5. 5. 5. 5. 5. 5. 5. 5. 5. 5. 5. 5. 5. 5. 5. 5.
 5. 5. 
    5.    5.    5.    5.    5.    5.    5.    5.    5.    5.    5.    5.
 1706. 1706. 2517. 2517. 2517. 2517. 1706. 1706.    5.    5.    5.    5.
    5. 1706. 
 1706. 1706. 1706. 1706. 1706. 2517. 2517. 1706. 1706.    5.    5.    5.
    5.    5.    5.    5.    5.    5.    5.    5.    5.    5.    5.    5.
    5.    5. 
    5.    5.    5.    5.    5.    5.    5.    5.    5.    5.    5.    5.
    5.    5.    5.    5.    5.    5.    5.    5. 1706. 1706. 1706. 1706.
 1706. 2517. 
 2517. 2517. 2517. 1706. 1706.    5.    5.    5.    5.    5. 1706. 1706.
 1706. 2517. 2517. 2517. 2517. 2517. 2517. 1706.    5.    5.    5.    5.
    5.    5. 
 5. 5. 5. 5. 5. 5. 5. 5. 5. 5. 5. 5. 5. 5. 5. 5. 5. 5. 5. 5. 5. 5. 5. 5.
 5. 5. 
    5.    5.    5.    5. 1706. 1706. 1706. 1706. 1706. 2517. 2517. 2517.
 2517. 2517. 1706. 1706.    5.    5.    5.    5. 1706. 1706. 1706. 2517.
 2517. 2517. 
 2517. 2517. 2517. 2517. 1706. 1706.    5.    5.    5.    5.    5.    5.
    5.    5.    5.    5.    5.    5.    5.    5.    5.    5.    5.    5.
    5.    5. 
    5.    5.    5.    5.    5.    5.    5.    5.    5.    5.    5.    5.
    5.    5.    5. 1706. 1706. 1706. 2517. 2517. 2517. 2517. 2517. 2517.
 2517. 1706. 
 1706.    5.    5.    5.    5.    5. 1706. 1706. 2517. 2517. 2517. 2517.
 2517. 2517. 1706. 1706. 1706.    5.    5.    5.    5.    5.    5.    5.
    5.    5. 
    5.    5.    5.    5.    5.    5.    5.    5.    5.    5.    5.    5.
    5.    5.    5.    5.    5.    5.    5.    5. 1706. 1706. 1706. 1706.
 1706. 1706. 
 1706. 1706. 2517. 2517. 2517. 2517. 2517. 2517. 2517. 2517. 1706. 1706.
    5.    5.    5.    5.    5. 1706. 1706. 2517. 2517. 2517. 1706. 1706.
 1706. 1706. 
 1706.    5.    5.    5.    5.    5.    5.    5.    5.    5.    5.    5.
    5.    5.    5.    5.    5.    5.    5.    5.    5.    5.    5.    5.
    5.    5. 
    5.    5.    5. 1706. 1706. 1706. 1706. 1706. 1706. 1706. 1706. 1706.
 1706. 2517. 2517. 2517. 2517. 2517. 2517. 1706. 1706. 1706. 1706.    5.
    5.    5. 
    5.    5.    5. 1706. 1706. 2517. 2517. 1706. 1706. 1706.    5.    5.
    5.    5.    5.    5.    5.    5.    5.    5.    5.    5.    5.    5.
    5.    5. 
    5.    5.    5.    5.    5.    5.    5.    5.    5.    5.    5.    5.
    5. 1706. 1706. 1706. 1706. 2517. 2517. 2517. 2517. 2517. 2517. 2517.
 2517. 2517. 
 2517. 2517. 1706. 1706. 1706. 1706. 1706. 1706.    5.    5.    5.    5.
    5.    5. 1706. 1706. 2517. 2517. 2517. 1706. 1706.    5.    5.    5.
    5.    5. 
    5.    5.    5.    5.    5.    5.    5.    5.    5.    5.    5.    5.
    5.    5.    5.    5.    5.    5.    5.    5.    5.    5.    5.    5.
 1706. 1706. 
 1706. 2517. 2517. 2517. 2517. 2517. 2517. 2517. 2517. 2517. 2517. 2517.
 2517. 1706. 1706. 1706.    5.    5.    5.    5.    5.    5.    5.    5.
    5.    5. 
 1706. 1706. 2517. 2517. 1706. 1706.    5.    5.    5.    5.    5.    5.
    5.    5.    5.    5.    5.    5.    5.    5.    5.    5.    5.    5.
    5.    5. 
    5.    5.    5.    5.    5.    5.    5.    5. 1706. 1706. 1706. 2517.
 2517. 2517. 2517. 2517. 2517. 2517. 2517. 2517. 2517. 2517. 2517. 1706.
 1706. 1706. 
    5.    5.    5.    5.    5.    5.    5.    5.    5.    5.    5. 1706.
 1706. 1706. 2517. 2517. 1706. 1706.    5.    5.    5.    5.    5.    5.
    5.    5. 
    5.    5.    5.    5.    5.    5.    5.    5.    5.    5.    5.    5.
    5.    5.    5.    5.    5.    5. 1706. 1706. 1706. 1706. 2517. 2517.
 2517. 2517. 
 2517. 1706. 1706. 1706. 1706. 1706. 1706. 1706. 1706. 1706. 1706.    5.
    5.    5.    5.    5.    5.    5.    5.    5.    5. 1706. 1706. 1706.
 1706. 2517. 
 2517. 2517. 1706. 1706.    5.    5.    5.    5.    5.    5.    5.    5.
    5.    5.    5.    5.    5.    5.    5.    5.    5.    5.    5.    5.
    5.    5. 
    5.    5. 1706. 1706. 1706. 2517. 2517. 2517. 2517. 2517. 2517. 1706.
 1706. 1706.    5. 1706. 1706. 1706. 1706. 1706. 1706.    5.    5.    5.
    5.    5. 
    5.    5.    5.    5.    5.    5. 1706. 1706. 1706. 2517. 2517. 2517.
 2517. 1706. 1706.    5.    5.    5.    5.    5.    5.    5.    5.    5.
    5.    5. 
    5.    5.    5.    5.    5.    5.    5.    5.    5.    5.    5.    5.
    5. 1706. 1706. 1706. 2517. 2517. 2517. 2517. 2517. 1706. 1706. 1706.
 1706.    5. 
    5.    5.    5.    5.    5.    5.    5.    5.    5.    5.    5.    5.
    5.    5.    5.    5.    5. 1706. 1706. 2517. 2517. 2517. 2517. 2517.
 1706. 1706. 
 1706.    5.    5.    5.    5.    5.    5.    5.    5.    5.    5.    5.
    5.    5.    5.    5.    5.    5.    5.    5.    5.    5.    5.    5.
    5. 1706. 
 1706. 2517. 2517. 2517. 2517. 1706. 1706. 1706. 1706.    5.    5.    5.
    5.    5.    5.    5.    5.    5.    5.    5.    5.    5.    5.    5.
    5.    5. 
    5.    5. 1706. 1706. 2517. 2517. 2517. 2517. 2517. 1706. 1706. 1706.
    5.    5.    5.    5.    5.    5.    5.    5.    5.    5.    5.    5.
    5.    5. 
    5.    5.    5.    5.    5.    5.    5.    5.    5.    5. 1706. 1706.
 2517. 2517. 2517. 1706. 1706. 1706. 1706.    5.    5.    5.    5.    5.
    5.    5. 
    5.    5.    5.    5.    5.    5.    5.    5.    5.    5.    5.    5.
    5.    5. 1706. 1706. 2517. 2517. 2517. 1706. 1706. 1706. 1706.    5.
    5.    5. 
    5.    5.    5.    5.    5.    5.    5.    5.    5.    5.    5.    5.
    5.    5.    5.    5.    5.    5.    5.    5.    5.    5. 1706. 1706.
 2517. 2517. 
 2517. 1706. 1706.    5.    5.    5.    5.    5.    5.    5.    5.    5.
    5.    5.    5.    5.    5.    5.    5.    5.    5.    5.    5.    5.
    5.    5. 
 1706. 1706. 2517. 2517. 1706. 1706. 1706.    5.    5.    5.    5.    5.
    5.    5.    5.    5.    5.    5.    5.    5.    5.    5.    5.    5.
    5.    5. 
    5.    5.    5.    5.    5.    5.    5.    5. 1706. 2517. 2517. 2517.
 1706. 1706.    5.    5.    5.    5.    5.    5.    5.    5.    5.    5.
    5.    5. 
    5.    5.    5.    5.    5.    5.    5.    5.    5.    5.    5.    5.
 1706. 1706. 2517. 2517. 2517. 1706.    5.    5.    5.    5.    5.    5.
    5.    5. 
    5.    5.    5.    5.    5.    5.    5.    5.    5.    5.    5.    5.
    5.    5.    5.    5.    5.    5.    5. 1706. 1706. 2517. 2517. 2517.
 1706. 1706. 
    5.    5.    5.    5.    5.    5.    5.    5.    5.    5.    5.    5.
    5.    5.    5.    5.    5.    5.    5.    5.    5.    5.    5.    5.
 1706. 1706. 
 2517. 2517. 2517. 1706.    5.    5.    5.    5.    5.    5.    5.    5.
    5.    5.    5.    5.    5.    5.    5.    5.    5.    5.    5.    5.
    5.    5. 
    5.    5.    5.    5.    5. 1706. 1706. 2517. 2517. 2517. 1706. 1706.
    5.    5.    5.    5.    5.    5.    5.    5.    5.    5.    5.    5.
    5.    5. 
    5.    5.    5.    5.    5.    5.    5.    5. 1706. 1706. 1706. 1706.
 2517. 2517. 2517. 1706.    5.    5.    5.    5.    5.    5.    5.    5.
    5.    5. 
    5.    5.    5.    5.    5.    5.    5.    5.    5.    5.    5.    5.
    5.    5.    5.    5.    5. 1706. 1706. 2517. 2517. 2517. 1706. 1706.
    5.    5. 
    5.    5.    5.    5.    5.    5.    5.    5.    5.    5.    5.    5.
    5.    5.    5.    5.    5. 1706. 1706. 1706. 1706. 1706. 1706. 1706.
 2517. 2517. 
 1706. 1706.    5.    5.    5.    5.    5.    5.    5.    5.    5.    5.
    5.    5.    5.    5.    5.    5.    5.    5.    5.    5.    5.    5.
    5.    5. 
    5.    5.    5. 1706. 2517. 2517. 2517. 2517. 1706.    5.    5.    5.
    5.    5.    5.    5.    5.    5.    5.    5.    5.    5.    5.    5.
    5.    5. 
    5.    5. 1706. 1706. 2517. 2517. 2517. 2517. 2517. 2517. 2517. 2517.
 1706. 1706.    5.    5.    5.    5.    5.    5.    5.    5.    5.    5.
    5.    5. 
    5.    5.    5.    5.    5.    5.    5.    5.    5.    5.    5.    5.
    5.    5. 1706. 1706. 2517. 2517. 2517. 1706. 1706.    5.    5.    5.
    5.    5. 
    5.    5.    5.    5.    5.    5.    5.    5.    5.    5.    5.    5.
    5.    5. 1706. 2517. 2517. 2517. 2517. 2517. 2517. 2517. 2517. 1706.
 1706.    5. 
    5.    5.    5.    5.    5.    5.    5.    5.    5.    5.    5.    5.
    5.    5.    5.    5.    5.    5.    5.    5.    5.    5.    5.    5.
    5. 1706. 
 1706. 2517. 2517. 2517. 2517. 1706. 1706.    5.    5.    5.    5.    5.
    5.    5.    5.    5.    5.    5.    5.    5.    5.    5.    5.    5.
    5. 1706. 
 1706. 2517. 2517. 2517. 2517. 2517. 2517. 2517. 1706. 1706. 1706.    5.
    5.    5.    5.    5.    5.    5.    5.    5.    5.    5.    5.    5.
    5.    5. 
    5.    5.    5.    5.    5.    5.    5.    5.    5. 1706. 1706. 1706.
 1706. 2517. 2517. 2517. 1706. 1706.    5.    5.    5.    5.    5.    5.
    5.    5. 
    5.    5.    5.    5.    5.    5.    5.    5.    5.    5.    5. 1706.
 1706. 2517. 2517. 1706. 1706. 1706. 1706. 1706. 1706. 1706.    5.    5.
    5.    5. 
    5.    5.    5.    5.    5.    5.    5.    5.    5.    5.    5.    5.
    5.    5.    5.    5.    5.    5.    5.    5.    5. 1706. 1706. 2517.
 2517. 2517. 
 2517. 2517. 1706. 1706.    5.    5.    5.    5.    5.    5.    5.    5.
    5.    5.    5.    5.    5.    5.    5.    5.    5.    5.    5. 1706.
 2517. 2517. 
 2517. 1706. 1706.    5.    5.    5.    5.    5.    5.    5.    5.    5.
    5.    5.    5.    5.    5.    5.    5.    5.    5.    5.    5.    5.
    5.    5. 
    5.    5.    5.    5.    5.    5. 1706. 1706. 2517. 2517. 2517. 2517.
 2517. 1706. 1706.    5.    5.    5.    5.    5.    5.    5.    5.    5.
    5.    5. 
    5.    5.    5.    5.    5.    5.    5.    5. 1706. 1706. 2517. 2517.
 2517. 1706.    5.    5.    5.    5.    5.    5.    5.    5.    5.    5.
    5.    5. 
    5.    5.    5.    5.    5.    5.    5.    5.    5.    5.    5.    5.
    5.    5.    5.    5.    5. 1706. 1706. 1706. 2517. 2517. 2517. 2517.
 1706. 1706. 
    5.    5.    5.    5.    5.    5.    5.    5.    5.    5.    5.    5.
    5.    5.    5. 1706. 1706. 1706. 1706. 1706. 1706. 2517. 2517. 2517.
 1706. 1706. 
 5. 5. 5. 5. 5. 5. 5. 5. 5. 5. 5. 5. 5. 5. 5. 5. 5. 5. 5. 5. 5. 5. 5. 5.
 5. 5. 
    5.    5.    5. 1706. 1706. 2517. 2517. 2517. 1706. 1706. 1706.    5.
    5.    5.    5.    5.    5.    5.    5.    5.    5.    5.    5.    5.
    5.    5. 
 1706. 1706. 1706. 2517. 2517. 2517. 2517. 2517. 2517. 2517. 1706. 1706.
    5.    5.    5.    5.    5.    5.    5.    5.    5.    5.    5.    5.
    5.    5. 
    5.    5.    5.    5.    5.    5.    5.    5. 1706. 1706. 1706. 1706.
 1706. 1706. 1706. 1706. 2517. 2517. 2517. 2517. 1706. 1706.    5.    5.
    5.    5. 
    5.    5.    5.    5.    5.    5.    5.    5.    5.    5. 1706. 1706.
 1706. 2517. 2517. 2517. 2517. 2517. 2517. 2517. 2517. 1706. 1706.    5.
    5.    5. 
    5.    5.    5.    5.    5.    5.    5.    5.    5.    5.    5.    5.
    5.    5.    5.    5.    5.    5.    5. 1706. 1706. 2517. 2517. 2517.
 2517. 2517. 
 1706. 1706. 2517. 2517. 2517. 1706. 1706.    5.    5.    5.    5.    5.
    5.    5.    5.    5.    5.    5.    5.    5.    5.    5. 1706. 1706.
 2517. 2517. 
 2517. 2517. 2517. 2517. 2517. 1706. 1706. 1706.    5.    5.    5.    5.
    5.    5.    5.    5.    5.    5.    5.    5.    5.    5.    5.    5.
    5.    5. 
    5.    5.    5.    5. 1706. 1706. 2517. 2517. 2517. 2517. 2517. 2517.
 1706. 2517. 2517. 2517. 1706. 1706. 1706.    5.    5.    5.    5.    5.
    5.    5. 
    5.    5.    5.    5.    5.    5.    5.    5. 1706. 2517. 2517. 2517.
 1706. 1706. 1706. 1706. 1706. 1706.    5.    5.    5.    5.    5.    5.
    5.    5. 
    5.    5.    5.    5.    5.    5.    5.    5.    5. 1706. 1706. 1706.
 1706.    5.    5. 1706. 1706. 2517. 2517. 2517. 2517. 2517. 2517. 2517.
 2517. 2517. 
 2517. 2517. 1706. 1706.    5.    5.    5.    5.    5.    5.    5.    5.
    5.    5.    5.    5.    5.    5.    5. 1706. 1706. 2517. 2517. 2517.
 1706. 1706. 
    5.    5.    5.    5.    5.    5.    5.    5.    5.    5.    5.    5.
    5.    5.    5.    5.    5.    5.    5. 1706. 1706. 1706. 2517. 2517.
 1706. 1706. 
 1706. 1706. 2517. 2517. 2517. 1706. 1706. 1706. 1706. 1706. 2517. 2517.
 2517. 1706. 1706.    5.    5.    5.    5.    5.    5.    5.    5.    5.
    5.    5. 
    5.    5.    5.    5.    5. 1706. 1706. 2517. 2517. 2517. 1706.    5.
    5.    5.    5.    5.    5.    5.    5.    5. 1706. 1706. 1706. 1706.
 1706.    5. 
    5.    5.    5. 1706. 1706. 1706. 2517. 2517. 2517. 2517. 2517. 2517.
 2517. 2517. 2517. 2517. 2517. 1706.    5.    5.    5.    5. 2517. 2517.
 1706. 1706. 
 1706.    5.    5.    5.    5.    5.    5.    5.    5.    5.    5.    5.
    5.    5.    5.    5.    5. 1706. 1706. 2517. 2517. 2517. 1706.    5.
    5.    5. 
    5.    5.    5.    5.    5. 1706. 1706. 2517. 2517. 2517. 2517. 1706.
 1706. 1706. 1706. 1706. 2517. 2517. 2517. 2517. 2517. 2517. 2517. 2517.
 2517. 2517. 
 2517. 2517. 1706. 1706.    5.    5.    5.    5. 2517. 1706. 1706.    5.
    5.    5.    5.    5.    5.    5.    5.    5.    5.    5.    5.    5.
    5.    5. 
    5.    5.    5. 1706. 2517. 2517. 2517. 1706. 1706.    5.    5.    5.
    5.    5.    5.    5. 1706. 1706. 2517. 2517. 2517. 2517. 2517. 2517.
 2517. 2517. 
 2517. 2517. 2517. 2517. 2517. 1706. 1706. 1706. 1706. 2517. 2517. 2517.
 2517. 1706. 1706.    5.    5.    5.    5.    5. 1706. 1706.    5.    5.
    5.    5. 
    5.    5.    5.    5.    5.    5.    5.    5.    5.    5.    5.    5.
    5.    5. 1706. 1706. 2517. 2517. 2517. 1706. 1706.    5.    5.    5.
    5.    5. 
    5. 1706. 1706. 2517. 2517. 2517. 1706. 2517. 2517. 2517. 2517. 2517.
 2517. 2517. 2517. 2517. 1706. 1706.    5.    5. 1706. 1706. 1706. 1706.
 1706. 1706. 
    5.    5.    5.    5.    5.    5. 1706.    5.    5.    5.    5.    5.
    5.    5.    5.    5.    5.    5.    5.    5.    5.    5.    5.    5.
 1706. 1706. 
 1706. 1706. 2517. 1706. 1706. 1706. 1706. 1706.    5.    5.    5.    5.
 1706. 1706. 2517. 2517. 2517. 1706. 1706. 1706. 1706. 1706. 1706. 1706.
 2517. 1706. 
 1706. 1706.    5.    5.    5.    5.    5.    5.    5.    5.    5.    5.
    5.    5.    5.    5.    5.    5.    5.    5.    5.    5.    5.    5.
    5.    5. 
    5.    5.    5.    5.    5.    5.    5.    5.    5. 1706. 1706. 1706.
 2517. 2517. 1706. 1706. 1706. 2517. 1706. 1706. 1706. 1706. 1706. 1706.
 1706. 2517. 
 2517. 2517. 1706. 1706.    5.    5.    5.    5.    5. 1706. 1706. 1706.
    5.    5.    5.    5.    5.    5.    5.    5.    5.    5.    5.    5.
    5.    5. 
    5.    5.    5.    5.    5.    5.    5.    5.    5.    5.    5.    5.
    5.    5. 1706. 1706. 1706.    5.    5.    5. 1706. 1706. 2517. 2517.
 1706. 1706. 
 2517. 2517. 2517. 2517. 2517. 2517. 2517. 2517. 2517. 1706. 2517. 2517.
 2517. 2517. 1706.    5.    5.    5.    5.    5.    5.    5.    5.    5.
    5.    5. 
    5.    5.    5.    5.    5.    5.    5.    5.    5.    5.    5.    5.
    5.    5.    5.    5.    5.    5.    5.    5.    5.    5.    5.    5.
 1706. 1706. 
 1706. 1706. 1706. 1706. 1706.    5. 1706. 1706. 1706. 1706. 1706. 2517.
 2517. 2517. 2517. 2517. 2517. 2517. 2517. 2517. 2517. 2517. 2517. 2517.
 2517. 1706. 
 1706.    5.    5.    5.    5.    5.    5.    5.    5.    5.    5.    5.
    5.    5.    5.    5.    5.    5.    5.    5.    5.    5.    5.    5.
    5.    5. 
    5.    5.    5.    5.    5.    5.    5.    5.    5. 1706. 1706. 2517.
 2517. 2517. 2517. 2517. 1706. 1706. 1706. 1706. 1706. 2517. 2517. 2517.
 2517. 1706. 
 1706. 1706. 1706. 1706. 2517. 2517. 2517. 2517. 2517. 1706. 1706. 1706.
    5.    5.    5.    5.    5.    5.    5.    5.    5.    5.    5.    5.
    5.    5. 
    5.    5.    5. 1706. 1706. 1706. 1706. 1706.    5.    5.    5.    5.
    5. 1706.    5.    5.    5.    5.    5.    5. 1706. 1706. 2517. 2517.
 2517. 2517. 
 2517. 2517. 2517. 2517. 2517. 2517. 2517. 2517. 2517. 1706. 1706. 1706.
    5.    5. 1706. 1706. 1706. 1706. 1706. 1706. 1706. 1706.    5.    5.
    5.    5. 
    5.    5.    5.    5.    5.    5.    5.    5.    5.    5.    5.    5.
    5.    5. 1706. 1706. 2517. 2517. 2517. 1706. 1706. 1706. 1706. 1706.
 1706. 2517. 
    5.    5.    5.    5.    5. 1706. 1706. 2517. 2517. 2517. 1706. 1706.
 1706. 2517. 2517. 2517. 2517. 2517. 2517. 2517. 1706. 1706.    5.    5.
    5.    5. 
    5.    5.    5.    5.    5.    5.    5.    5.    5.    5.    5.    5.
    5.    5.    5.    5.    5.    5.    5.    5.    5.    5.    5.    5.
    5. 1706. 
 1706. 2517. 2517. 2517. 2517. 2517. 2517. 2517. 2517. 2517. 2517. 2517.
 1706. 1706.    5.    5.    5. 1706. 2517. 2517. 2517. 1706. 1706. 1706.
 1706. 1706. 
 1706. 1706. 1706. 1706. 1706. 1706. 1706.    5.    5.    5.    5.    5.
    5.    5.    5.    5.    5.    5.    5.    5.    5.    5.    5.    5.
    5.    5. 
    5.    5.    5.    5.    5.    5.    5.    5.    5.    5. 1706. 1706.
 2517. 2517. 2517. 1706. 1706. 2517. 2517. 2517. 2517. 2517. 2517. 1706.
 2517. 1706. 
 1706. 1706. 1706. 1706. 2517. 2517. 1706. 1706. 1706. 2517. 2517. 2517.
 1706. 1706. 1706. 1706. 1706. 2517. 1706.    5.    5.    5.    5.    5.
    5.    5. 
    5.    5.    5.    5.    5.    5.    5.    5.    5.    5.    5.    5.
    5.    5.    5.    5.    5.    5.    5.    5.    5.    5. 1706. 2517.
 2517. 2517. 
 1706. 1706. 1706. 1706. 1706. 1706. 1706. 1706. 1706. 1706. 2517. 2517.
 2517. 2517. 2517. 2517. 2517. 2517. 1706. 1706. 2517. 2517. 2517. 2517.
 2517. 2517. 
 2517. 2517. 2517. 1706. 1706.    5.    5.    5.    5.    5.    5.    5.
    5.    5.    5.    5.    5.    5.    5.    5.    5.    5.    5.    5.
    5.    5. 
    5.    5.    5.    5.    5.    5.    5. 1706. 2517. 2517. 2517. 1706.
 1706.    5.    5.    5.    5.    5.    5.    5.    5.    5. 2517. 2517.
 2517. 2517. 
 2517. 2517. 2517. 1706. 1706. 2517. 2517. 2517. 2517. 2517. 2517. 2517.
 2517. 2517. 2517. 1706. 1706.    5.    5.    5.    5.    5.    5.    5.
    5.    5. 
    5.    5.    5.    5.    5.    5.    5.    5.    5.    5.    5.    5.
    5.    5.    5.    5.    5.    5. 1706. 1706. 2517. 2517. 2517. 1706.
    5.    5. 
    5.    5.    5.    5.    5.    5.    5.    5. 1706. 2517. 2517. 2517.
 2517. 1706. 1706. 1706. 1706. 2517. 2517. 1706. 1706. 1706. 1706. 1706.
 1706. 1706. 
 1706. 1706.    5.    5.    5.    5.    5.    5.    5.    5.    5.    5.
    5.    5.    5.    5.    5.    5.    5.    5.    5.    5.    5.    5.
    5.    5. 
    5.    5. 1706. 1706. 1706. 2517. 2517. 2517. 1706. 1706.    5.    5.
    5.    5.    5.    5.    5.    5.    5.    5. 1706. 1706. 1706. 1706.
 1706. 1706. 
 1706. 1706. 2517. 2517. 2517. 1706. 1706.    5.    5. 1706. 1706. 1706.
    5.    5.    5.    5.    5.    5.    5.    5.    5.    5.    5.    5.
    5.    5. 
    5.    5.    5.    5.    5.    5.    5.    5.    5.    5.    5.    5.
 1706. 1706. 1706. 2517. 2517. 2517. 2517. 2517. 1706.    5.    5.    5.
    5.    5. 
    5.    5.    5.    5. 1706. 1706.    5.    5.    5.    5.    5.    5.
    5. 1706. 2517. 2517. 1706. 1706.    5.    5.    5.    5.    5.    5.
    5.    5. 
    5.    5.    5.    5.    5.    5.    5.    5.    5.    5.    5.    5.
    5.    5.    5.    5.    5.    5.    5.    5.    5.    5. 1706. 1706.
 1706. 2517. 
 2517. 2517. 2517. 2517. 1706. 1706.    5.    5.    5.    5.    5.    5.
    5. 1706. 1706. 1706. 2517. 2517.    5.    5.    5.    5.    5.    5.
 1706. 1706. 
 2517. 2517. 1706. 1706.    5.    5.    5.    5.    5.    5.    5.    5.
    5.    5.    5.    5.    5.    5.    5.    5.    5.    5.    5.    5.
    5.    5. 
    5.    5.    5.    5.    5.    5.    5. 1706. 1706. 2517. 2517. 2517.
 2517. 2517. 2517. 1706. 1706.    5.    5.    5.    5.    5.    5.    5.
 1706. 1706. 
 2517. 2517. 2517. 2517.    5.    5.    5.    5. 1706. 1706. 1706. 2517.
 2517. 2517. 1706.    5.    5.    5.    5.    5.    5.    5.    5.    5.
    5.    5. 
    5.    5.    5.    5.    5.    5.    5.    5.    5.    5.    5.    5.
    5.    5.    5.    5.    5.    5. 1706. 2517. 2517. 2517. 2517. 2517.
 1706. 1706. 
 1706. 1706.    5.    5.    5.    5.    5.    5.    5. 1706. 2517. 2517.
 2517. 2517. 2517. 2517.    5.    5.    5. 1706. 1706. 1706. 2517. 2517.
 2517. 1706. 
 1706.    5.    5.    5.    5.    5.    5.    5.    5.    5.    5.    5.
    5.    5.    5.    5.    5.    5.    5.    5.    5.    5.    5.    5.
    5.    5. 
    5.    5.    5.    5. 1706. 2517. 2517. 2517. 1706. 1706. 1706.    5.
    5.    5.    5.    5.    5.    5.    5.    5. 1706. 1706. 2517. 2517.
 2517. 2517. 
 1706. 1706.    5.    5. 1706. 1706. 2517. 2517. 2517. 2517. 1706. 1706.
    5.    5.    5.    5.    5.    5.    5.    5.    5.    5.    5.    5.
    5.    5. 
    5.    5.    5.    5.    5.    5.    5.    5.    5.    5.    5.    5.
    5.    5.    5. 1706. 2517. 2517. 2517. 1706.    5.    5.    5.    5.
    5.    5. 
    5.    5.    5.    5.    5. 1706. 1706. 2517. 2517. 2517. 1706. 1706.
    5.    5. 
/