PERMI
    8.    8.    8.    8.    8. 3252. 3252. 3252. 3887. 3887. 3887. 3887.
 3252. 3887. 3887. 3887. 3887. 3887. 3887. 3252. 3252.    8.    8.    8.
    8.    8. 
    8.    8.    8.    8.    8.    8.    8.    8.    8.    8.    8.    8.
    8.    8.    8.    8.    8. 3252. 3252. 3252. 3252. 3887. 3887. 3887.
 3887. 3252. 
 3252.    8.    8.    8.    8.    8.    8.    8.    8.    8.    8.    8.
    8.    8.    8.    8.    8. 3252. 3887. 3887. 3887. 3887. 3887. 3252.
 3252. 3252. 
 3252. 3887. 3887. 3887. 3887. 3887. 3252.    8.    8.    8.    8.    8.
    8.    8.    8.    8.    8.    8.    8.    8.    8.    8.    8.    8.
    8.    8. 
    8.    8. 3252. 3252. 3252. 3252. 3887. 3887. 3887. 3887. 3887. 3252.
    8.    8.    8.    8.    8.    8.    8.    8.    8.    8.    8.    8.
    8.    8. 
    8.    8. 3252. 3252. 3887. 3887. 3887. 3252. 3252. 3252. 3252. 3252.
 3252. 3887. 3887. 3887. 3887. 3252. 3252.    8.    8.    8.    8.    8.
    8.    8. 
    8.    8.    8.    8.    8.    8.    8.    8.    8.    8.    8.    8.
    8. 3252. 3252. 3252. 3887. 3887. 3887. 3887. 3887. 3887. 3252. 3252.
    8.    8. 
    8.    8.    8.    8.    8.    8.    8.    8.    8.    8.    8.    8.
    8.    8. 3252. 3887. 3887. 3887. 3887. 3252. 3252. 3252. 3252. 3887.
 3887. 3887. 
 3887. 3887. 3252. 3252.    8.    8.    8.    8.    8.    8.    8.    8.
    8.    8.    8.    8.    8.    8.    8.    8.    8.    8.    8.    8.
    8. 3252. 
 3252. 3887. 3887. 3887. 3887. 3887. 3887. 3252. 3252. 3252.    8.    8.
    8.    8.    8.    8.    8.    8.    8.    8.    8.    8.    8.    8.
    8. 3252. 
 3252. 3887. 3887. 3887. 3887. 3252. 3252. 3252. 3252. 3252. 3252. 3887.
 3887. 3252. 3252.    8.    8.    8.    8.    8.    8.    8.    8.    8.
    8.    8. 
    8.    8.    8.    8.    8.    8.    8.    8.    8.    8.    8. 3252.
 3252. 3887. 3887. 3887. 3887. 3887. 3252. 3252. 3252.    8.    8.    8.
    8.    8. 
    8.    8.    8.    8.    8.    8.    8.    8.    8.    8.    8. 3252.
 3252. 3887. 3887. 3887. 3887. 3887. 3887. 3887. 3887. 3887. 3252. 3252.
 3252. 3252. 
    8.    8.    8.    8.    8.    8.    8.    8.    8.    8.    8.    8.
    8.    8.    8.    8.    8.    8.    8.    8.    8.    8.    8. 3252.
 3252. 3887. 
 3887. 3887. 3887. 3252. 3252. 3252. 3252. 3252.    8.    8.    8.    8.
    8.    8.    8.    8.    8.    8.    8.    8.    8.    8.    8.    8.
 3252. 3252. 
 3887. 3887. 3887. 3887. 3887. 3887. 3887. 3887. 3887. 3252.    8.    8.
    8.    8.    8.    8.    8.    8.    8.    8.    8.    8.    8.    8.
    8.    8. 
    8.    8.    8.    8.    8.    8.    8.    8.    8. 3252. 3252. 3252.
 3887. 3887. 3887. 3887. 3887. 3887. 3252. 3252. 3252.    8.    8.    8.
    8.    8. 
    8.    8.    8.    8.    8.    8.    8.    8.    8.    8.    8. 3252.
 3252. 3252. 3887. 3887. 3887. 3887. 3887. 3887. 3887. 3252.    8.    8.
    8.    8. 
    8.    8.    8.    8.    8.    8.    8.    8.    8.    8.    8.    8.
    8.    8.    8.    8.    8.    8.    8.    8.    8.    8. 3252. 3252.
 3252. 3887. 
 3887. 3887. 3887. 3887. 3887. 3252. 3252.    8.    8.    8.    8.    8.
    8.    8.    8.    8.    8.    8.    8.    8.    8.    8.    8.    8.
 3252. 3252. 
 3252. 3252. 3252. 3887. 3887. 3887. 3887. 3252. 3252. 3252.    8.    8.
    8.    8.    8.    8.    8.    8.    8.    8.    8.    8.    8.    8.
    8.    8. 
    8.    8.    8.    8.    8.    8.    8.    8.    8. 3252. 3252. 3252.
 3252. 3887. 3887. 3887. 3887. 3252. 3252.    8.    8.    8.    8.    8.
    8.    8. 
    8.    8.    8.    8.    8.    8.    8.    8.    8.    8.    8.    8.
 3252. 3252. 3887. 3887. 3887. 3887. 3252. 3252. 3887. 3252. 3252.    8.
    8.    8. 
    8.    8.    8.    8.    8.    8.    8.    8.    8.    8.    8.    8.
    8.    8.    8.    8.    8.    8.    8.    8.    8.    8. 3252. 3252.
 3252. 3252. 
 3887. 3887. 3887. 3252. 3252.    8.    8.    8.    8.    8.    8.    8.
    8.    8.    8.    8.    8.    8.    8.    8.    8.    8.    8. 3252.
 3252. 3887. 
 3887. 3887. 3887. 3887. 3252. 3252. 3887. 3887. 3252.    8.    8.    8.
    8.    8.    8.    8.    8.    8.    8.    8.    8.    8.    8.    8.
    8.    8. 
    8.    8.    8.    8.    8.    8.    8.    8. 3252. 3252. 3252. 3887.
 3887. 3887. 3887. 3252. 3252.    8.    8.    8.    8.    8.    8.    8.
    8.    8. 
    8.    8.    8.    8.    8.    8.    8.    8.    8. 3252. 3887. 3887.
 3887. 3887. 3887. 3252. 3252. 3887. 3887. 3887. 3252. 3252.    8.    8.
    8.    8. 
    8.    8.    8.    8.    8.    8.    8.    8.    8.    8.    8.    8.
    8.    8.    8.    8.    8.    8.    8.    8. 3252. 3887. 3887. 3887.
 3887. 3887. 
 3252. 3252.    8.    8.    8.    8.    8.    8.    8.    8.    8.    8.
    8.    8.    8.    8.    8.    8.    8.    8.    8. 3252. 3887. 3887.
 3887. 3887. 
 3252. 3252. 3887. 3887. 3887. 3887. 3252. 3252.    8.    8.    8.    8.
    8.    8.    8.    8.    8.    8.    8.    8.    8.    8.    8.    8.
    8.    8. 
    8.    8.    8.    8.    8. 3252. 3252. 3887. 3887. 3887. 3887. 3252.
 3252.    8.    8.    8.    8.    8.    8.    8.    8.    8.    8.    8.
    8.    8. 
    8.    8.    8.    8.    8.    8.    8. 3252. 3887. 3887. 3887. 3887.
 3887. 3252. 3252. 3887. 3887. 3887. 3252. 3252.    8.    8.    8.    8.
    8.    8. 
    8.    8.    8.    8.    8.    8.    8.    8.    8.    8.    8.    8.
    8.    8.    8.    8.    8. 3252. 3252. 3887. 3887. 3887. 3252. 3252.
 3252.    8. 
    8.    8.    8.    8.    8.    8.    8.    8.    8.    8.    8.    8.
    8.    8.    8.    8.    8.    8.    8. 3252. 3252. 3887. 3887. 3887.
 3887. 3887. 
 3252. 3887. 3252. 3252. 3252.    8.    8.    8.    8.    8.    8.    8.
    8.    8.    8.    8.    8.    8.    8.    8.    8.    8.    8.    8.
    8.    8. 
    8.    8.    8. 3252. 3252. 3887. 3887. 3887. 3887. 3252. 3252. 3252.
    8.    8.    8.    8.    8.    8.    8.    8.    8.    8.    8.    8.
    8.    8. 
    8.    8.    8.    8.    8. 3252. 3252. 3252. 3887. 3887. 3887. 3887.
 3252. 3252. 3252. 3252.    8.    8.    8.    8.    8.    8.    8.    8.
    8.    8. 
    8.    8.    8.    8.    8.    8.    8.    8.    8.    8.    8.    8.
    8.    8.    8.    8. 3252. 3252. 3887. 3887. 3887. 3887. 3252. 3252.
    8.    8. 
    8.    8.    8.    8.    8.    8.    8.    8.    8.    8.    8.    8.
    8.    8.    8.    8.    8. 3252. 3252. 3252. 3887. 3887. 3887. 3887.
 3887. 3252. 
 3252.    8.    8.    8.    8.    8.    8.    8.    8.    8.    8.    8.
    8.    8.    8.    8.    8.    8.    8.    8.    8.    8.    8.    8.
    8.    8. 
    8. 3252. 3252. 3252. 3252. 3887. 3887. 3887. 3887. 3252. 3252.    8.
    8.    8.    8.    8.    8.    8.    8.    8.    8.    8.    8.    8.
    8.    8. 
    8.    8.    8.    8. 3252. 3252. 3252. 3887. 3887. 3887. 3887. 3252.
 3252.    8.    8.    8.    8.    8.    8.    8.    8.    8.    8.    8.
    8.    8. 
    8.    8.    8.    8.    8.    8.    8.    8.    8.    8.    8.    8.
 3252. 3252. 3252. 3252. 3252. 3252. 3887. 3887. 3887. 3887. 3252.    8.
    8.    8. 
    8.    8.    8.    8.    8.    8.    8.    8.    8.    8.    8.    8.
    8.    8.    8.    8.    8. 3252. 3252. 3252. 3887. 3887. 3887. 3252.
 3252. 3252. 
    8.    8.    8.    8.    8.    8.    8.    8.    8.    8.    8.    8.
    8.    8.    8.    8.    8.    8.    8.    8.    8.    8.    8. 3252.
 3252. 3252. 
 3887. 3887. 3887. 3887. 3887. 3887. 3887. 3887. 3252.    8.    8.    8.
    8.    8.    8.    8.    8.    8.    8.    8.    8.    8.    8.    8.
    8.    8. 
    8.    8.    8. 3252. 3252. 3887. 3887. 3887. 3887. 3252. 3252. 3252.
    8.    8.    8.    8.    8.    8.    8.    8.    8.    8.    8.    8.
    8.    8. 
    8.    8.    8.    8.    8.    8.    8.    8.    8. 3252. 3252. 3887.
 3887. 3887. 3887. 3887. 3887. 3887. 3887. 3252. 3252.    8.    8.    8.
    8.    8. 
    8.    8.    8.    8.    8.    8.    8.    8.    8.    8.    8.    8.
    8. 3252. 3252. 3252. 3252. 3887. 3887. 3887. 3887. 3252. 3252.    8.
    8.    8. 
    8.    8.    8.    8.    8.    8.    8.    8.    8.    8.    8.    8.
    8.    8.    8.    8.    8.    8.    8.    8. 3252. 3252. 3887. 3887.
 3887. 3887. 
 3887. 3887. 3887. 3887. 3252. 3252.    8.    8.    8.    8.    8.    8.
    8.    8.    8.    8.    8.    8.    8.    8.    8.    8.    8.    8.
    8. 3252. 
 3252. 3252. 3887. 3887. 3887. 3887. 3252. 3252. 3252.    8.    8.    8.
    8.    8.    8.    8.    8.    8.    8.    8.    8.    8.    8.    8.
    8.    8. 
    8.    8.    8.    8.    8.    8. 3252. 3252. 3887. 3887. 3887. 3887.
 3252. 3252. 3252. 3252. 3252. 3252.    8.    8.    8.    8.    8.    8.
    8.    8. 
    8.    8.    8.    8.    8.    8.    8.    8.    8.    8. 3252. 3252.
 3252. 3887. 3887. 3887. 3887. 3252. 3252. 3252.    8.    8.    8.    8.
    8.    8. 
    8.    8.    8.    8.    8.    8.    8.    8.    8.    8.    8.    8.
    8.    8.    8.    8.    8.    8.    8. 3252. 3252. 3887. 3887. 3887.
 3887. 3252. 
 3252. 3252.    8.    8.    8.    8.    8.    8.    8.    8.    8.    8.
    8.    8.    8.    8.    8.    8.    8.    8.    8.    8. 3252. 3252.
 3887. 3887. 
 3887. 3887. 3252. 3252. 3252. 3252. 3252.    8.    8.    8.    8.    8.
    8.    8.    8.    8.    8.    8.    8.    8.    8.    8.    8.    8.
    8.    8. 
    8.    8.    8.    8.    8. 3252. 3252. 3252. 3887. 3887. 3887. 3887.
 3252. 3252. 3252.    8.    8.    8.    8.    8.    8.    8.    8.    8.
    8.    8. 
    8.    8.    8.    8.    8.    8.    8.    8. 3252. 3252. 3887. 3887.
 3887. 3252. 3252. 3887. 3887. 3252. 3252. 3252. 3252.    8.    8.    8.
    8.    8. 
    8.    8.    8.    8.    8.    8.    8.    8.    8.    8.    8.    8.
    8.    8.    8.    8.    8.    8. 3252. 3252. 3252. 3887. 3887. 3887.
 3887. 3252. 
 3252. 3252.    8.    8.    8.    8.    8.    8.    8.    8.    8.    8.
    8.    8.    8.    8.    8.    8.    8.    8. 3252. 3252. 3887. 3887.
 3887. 3887. 
 3252. 3252. 3252. 3887. 3887. 3887. 3252.    8.    8.    8.    8.    8.
    8.    8.    8.    8.    8.    8.    8.    8.    8.    8.    8.    8.
    8.    8. 
    8.    8.    8.    8. 3252. 3252. 3252. 3252. 3887. 3887. 3887. 3887.
 3252. 3252.    8.    8.    8.    8.    8.    8.    8.    8.    8.    8.
    8.    8. 
    8.    8.    8.    8.    8.    8.    8. 3252. 3252. 3887. 3887. 3887.
 3887. 3887. 3252. 3252. 3887. 3887. 3252. 3252.    8.    8.    8.    8.
    8.    8. 
    8.    8.    8.    8.    8.    8.    8.    8.    8.    8.    8.    8.
    8.    8.    8.    8.    8.    8. 3252. 3252. 3252. 3887. 3887. 3887.
 3252. 3252. 
    8.    8.    8.    8.    8.    8.    8.    8.    8.    8.    8.    8.
    8.    8.    8.    8.    8.    8.    8.    8. 3252. 3252. 3887. 3887.
 3887. 3887. 
 3887. 3252. 3887. 3887. 3887. 3252.    8.    8.    8.    8.    8.    8.
    8.    8.    8.    8.    8.    8.    8.    8.    8.    8.    8.    8.
    8.    8. 
    8.    8.    8. 3252. 3252. 3252. 3887. 3887. 3887. 3887. 3252. 3252.
    8.    8.    8.    8.    8.    8.    8.    8.    8.    8.    8.    8.
    8.    8. 
    8.    8.    8.    8.    8. 3252. 3252. 3252. 3252. 3887. 3887. 3887.
 3887. 3252. 3252. 3887. 3252. 3252.    8.    8.    8.    8.    8.    8.
    8.    8. 
    8.    8.    8.    8.    8.    8.    8.    8.    8.    8.    8.    8.
    8.    8. 3252. 3252. 3252. 3252. 3887. 3887. 3887. 3887. 3252. 3252.
    8.    8. 
    8.    8.    8.    8.    8.    8.    8.    8.    8.    8.    8.    8.
    8.    8.    8. 3252. 3252. 3252. 3887. 3887. 3887. 3887. 3887. 3887.
 3887. 3252. 
 3252. 3887. 3252.    8.    8.    8.    8.    8.    8.    8.    8.    8.
    8.    8.    8.    8.    8.    8.    8.    8.    8.    8.    8.    8.
    8.    8. 
 3252. 3252. 3887. 3887. 3887. 3887. 3887. 3252. 3252.    8.    8.    8.
    8.    8.    8.    8.    8.    8.    8.    8.    8.    8.    8.    8.
    8.    8. 
    8. 3252. 3252. 3887. 3887. 3887. 3887. 3887. 3887. 3887. 3887. 3252.
 3887. 3887. 3252.    8.    8.    8.    8.    8.    8.    8.    8.    8.
    8.    8. 
    8.    8.    8.    8.    8.    8.    8.    8.    8.    8.    8. 3252.
 3252. 3252. 3887. 3887. 3887. 3252. 3252. 3252. 3252.    8.    8.    8.
    8.    8. 
    8.    8.    8.    8.    8.    8.    8.    8.    8.    8.    8.    8.
 3252. 3252. 3887. 3887. 3887. 3887. 3887. 3887. 3887. 3887. 3252. 3252.
 3887. 3252. 
 3252. 3252. 3252. 3252. 3252. 3252.    8.    8.    8.    8.    8.    8.
    8.    8.    8.    8.    8.    8.    8.    8.    8.    8.    8. 3252.
 3252. 3252. 
 3887. 3887. 3887. 3252. 3252. 3252. 3252. 3252. 3252.    8.    8.    8.
    8.    8.    8.    8.    8.    8.    8.    8.    8.    8.    8.    8.
    8. 3252. 
 3887. 3887. 3887. 3887. 3887. 3252. 3252. 3252. 3252. 3887. 3887. 3252.
 3252. 3887. 3887. 3887. 3252. 3252. 3252.    8.    8.    8.    8.    8.
    8.    8. 
    8.    8.    8.    8.    8.    8.    8.    8.    8. 3252. 3252. 3252.
 3887. 3887. 3887. 3887. 3887. 3887. 3252. 3252. 3252. 3252.    8.    8.
    8.    8. 
    8.    8.    8.    8.    8.    8.    8.    8.    8.    8.    8. 3252.
 3887. 3887. 3887. 3887. 3252. 3252. 3252. 3252. 3887. 3887. 3887. 3887.
 3887. 3887. 
 3887. 3887. 3887. 3252. 3252.    8.    8.    8.    8.    8.    8.    8.
    8.    8.    8.    8.    8.    8.    8.    8.    8. 3252. 3252. 3252.
 3887. 3887. 
 3887. 3887. 3887. 3887. 3887. 3887. 3252. 3252. 3252.    8.    8.    8.
    8.    8.    8.    8.    8.    8.    8.    8.    8.    8.    8. 3252.
 3252. 3887. 
 3887. 3887. 3887. 3252. 3252. 3252. 3887. 3887. 3887. 3887. 3887. 3887.
 3887. 3887. 3887. 3887. 3252. 3252.    8.    8.    8.    8.    8.    8.
    8.    8. 
    8.    8.    8.    8.    8.    8.    8.    8. 3252. 3252. 3887. 3887.
 3887. 3887. 3887. 3887. 3887. 3887. 3887. 3252. 3252.    8.    8.    8.
    8.    8. 
    8.    8.    8.    8.    8.    8.    8.    8.    8. 3252. 3252. 3887.
 3887. 3887. 3887. 3252. 3252. 3252. 3252. 3887. 3252. 3252. 3252. 3252.
 3252. 3887. 
 3887. 3887. 3252.    8.    8.    8.    8.    8.    8.    8.    8.    8.
    8.    8.    8.    8.    8.    8.    8.    8. 3252. 3252. 3252. 3252.
 3252. 3252. 
 3252. 3887. 3887. 3887. 3887. 3252. 3252.    8.    8.    8.    8.    8.
    8.    8.    8.    8.    8.    8.    8.    8.    8.    8. 3252. 3252.
 3887. 3887. 
 3887. 3887. 3252.    8. 3252. 3252. 3252. 3252. 3252. 3887. 3887. 3887.
 3887. 3252. 3252.    8.    8.    8.    8.    8.    8.    8.    8.    8.
    8.    8. 
    8.    8.    8.    8.    8.    8.    8. 3252. 3252. 3252. 3252. 3252.
 3252. 3887. 3887. 3887. 3887. 3252. 3252.    8.    8.    8.    8.    8.
    8.    8. 
    8.    8.    8.    8.    8.    8.    8.    8. 3252. 3252. 3252. 3887.
 3887. 3887. 3252.    8.    8.    8.    8. 3252. 3252. 3887. 3887. 3887.
 3887. 3252. 
 3252.    8.    8.    8.    8.    8.    8.    8.    8.    8.    8.    8.
    8.    8.    8.    8.    8.    8.    8. 3252. 3252. 3252. 3887. 3887.
 3887. 3887. 
 3887. 3887. 3887. 3252. 3252.    8.    8.    8.    8.    8.    8.    8.
    8.    8.    8.    8.    8.    8.    8. 3252. 3252. 3887. 3887. 3887.
 3887. 3887. 
 3252.    8.    8.    8.    8. 3252. 3887. 3887. 3887. 3887. 3252. 3252.
    8.    8.    8.    8.    8.    8.    8.    8.    8.    8.    8.    8.
    8.    8. 
    8.    8.    8.    8.    8. 3252. 3252. 3887. 3887. 3887. 3887. 3887.
 3887. 3252. 3252. 3252.    8.    8.    8.    8.    8.    8.    8.    8.
    8.    8. 
    8.    8.    8.    8. 3252. 3252. 3887. 3887. 3887. 3887. 3252. 3252.
 3252.    8.    8.    8. 3252. 3252. 3887. 3887. 3887. 3252. 3252.    8.
    8.    8. 
    8.    8.    8.    8.    8.    8.    8.    8.    8.    8.    8.    8.
    8.    8.    8.    8.    8. 3252. 3252. 3887. 3887. 3887. 3887. 3887.
 3252. 3252. 
 3252.    8.    8.    8.    8.    8.    8.    8.    8.    8.    8.    8.
    8.    8.    8. 3252. 3252. 3887. 3887. 3887. 3887. 3252. 3252.    8.
    8.    8. 
    8.    8. 3252. 3887. 3887. 3887. 3252. 3252. 3252. 3252.    8.    8.
    8.    8.    8.    8.    8.    8.    8.    8.    8.    8.    8.    8.
    8.    8. 
    8.    8.    8. 3252. 3887. 3887. 3887. 3887. 3252. 3252. 3252. 3252.
    8.    8.    8.    8.    8.    8.    8.    8.    8.    8.    8.    8.
    8.    8. 
    8. 3252. 3887. 3887. 3887. 3887. 3252. 3252.    8.    8.    8.    8.
    8.    8. 3252. 3887. 3887. 3887. 3887. 3887. 3252. 3252. 3252. 3252.
    8.    8. 
    8.    8.    8.    8.    8.    8.    8.    8.    8.    8.    8.    8.
    8.    8.    8. 3252. 3252. 3887. 3887. 3887. 3252. 3252. 3252.    8.
    8.    8. 
    8.    8.    8.    8.    8.    8.    8.    8.    8.    8.    8.    8.
    8. 3252. 3887. 3887. 3887. 3252. 3252.    8.    8.    8.    8.    8.
    8.    8. 
 3252. 3252. 3887. 3887. 3887. 3887. 3887. 3887. 3887. 3252. 3252.    8.
    8.    8.    8.    8.    8.    8.    8.    8.    8.    8.    8.    8.
    8.    8. 
    8. 3252. 3252. 3887. 3887. 3887. 3887. 3252. 3252. 3252.    8.    8.
    8.    8.    8.    8.    8.    8.    8.    8.    8.    8.    8.    8.
    8. 3252. 
 3887. 3887. 3887. 3887. 3887. 3252. 3252.    8.    8.    8.    8.    8.
 3252. 3252. 3252. 3887. 3887. 3887. 3887. 3887. 3887. 3887. 3252.    8.
    8.    8. 
    8.    8.    8.    8.    8.    8.    8.    8.    8.    8.    8.    8.
    8.    8. 3252. 3252. 3887. 3887. 3887. 3887. 3252. 3252. 3252.    8.
    8.    8. 
    8.    8.    8.    8.    8.    8.    8.    8.    8.    8.    8. 3252.
 3252. 3887. 3887. 3887. 3887. 3887. 3252. 3252.    8.    8.    8. 3252.
 3252. 3252. 
 3887. 3887. 3887. 3887. 3887. 3887. 3887. 3887. 3252.    8.    8.    8.
    8.    8.    8.    8.    8.    8.    8.    8.    8.    8.    8.    8.
    8.    8. 
 3252. 3252. 3252. 3887. 3887. 3887. 3887. 3252. 3252.    8.    8.    8.
    8.    8.    8.    8.    8.    8.    8.    8.    8.    8.    8.    8.
 3252. 3252. 
 3887. 3887. 3887. 3887. 3887. 3252.    8.    8.    8. 3252. 3252. 3887.
 3887. 3887. 3887. 3887. 3887. 3887. 3887. 3887. 3252.    8.    8.    8.
    8.    8. 
    8.    8.    8.    8.    8.    8.    8.    8.    8.    8.    8.    8.
    8.    8. 3252. 3252. 3887. 3887. 3887. 3252. 3252.    8.    8.    8.
    8.    8. 
    8.    8.    8.    8.    8.    8.    8.    8.    8.    8.    8. 3252.
 3252. 3252. 3887. 3887. 3887. 3252. 3252.    8.    8. 3252. 3887. 3887.
 3887. 3887. 
 3887. 3887. 3887. 3887. 3887. 3252. 3252.    8.    8.    8.    8.    8.
    8.    8.    8.    8.    8.    8.    8.    8.    8.    8.    8.    8.
    8. 3252. 
 3252. 3252. 3252. 3887. 3887. 3887. 3252. 3252.    8.    8.    8.    8.
    8.    8.    8.    8.    8.    8.    8.    8.    8.    8.    8.    8.
 3252. 3252. 
 3887. 3887. 3887. 3887. 3252.    8.    8. 3252. 3887. 3887. 3887. 3887.
 3252. 3252. 3252. 3252. 3252. 3252.    8.    8.    8.    8.    8.    8.
    8.    8. 
    8.    8.    8.    8.    8.    8.    8.    8.    8.    8. 3252. 3252.
 3252. 3887. 3887. 3887. 3887. 3887. 3252. 3252.    8.    8.    8.    8.
    8.    8. 
    8.    8.    8.    8.    8.    8.    8.    8. 3252. 3252. 3252. 3887.
 3887. 3887. 3887. 3252. 3252.    8.    8. 3252. 3252. 3887. 3887. 3887.
 3252. 3252. 
 3252. 3252.    8.    8.    8.    8.    8.    8.    8.    8.    8.    8.
    8.    8.    8.    8.    8.    8.    8.    8.    8. 3252. 3252. 3252.
 3887. 3887. 
 3887. 3887. 3887. 3252. 3252.    8.    8.    8.    8.    8.    8.    8.
    8.    8.    8.    8.    8.    8.    8. 3252. 3252. 3887. 3887. 3887.
 3887. 3887. 
 3887. 3252. 3252.    8.    8.    8. 3252. 3887. 3887. 3887. 3887. 3252.
 3252.    8.    8.    8.    8.    8.    8.    8.    8.    8.    8.    8.
    8.    8. 
    8.    8.    8.    8.    8.    8.    8. 3252. 3252. 3887. 3887. 3887.
 3887. 3887. 3252. 3252. 3252.    8.    8.    8.    8.    8.    8.    8.
    8.    8. 
    8.    8.    8.    8. 3252. 3252. 3887. 3887. 3887. 3887. 3887. 3887.
 3252. 3252.    8.    8.    8.    8. 3252. 3252. 3887. 3887. 3887. 3887.
 3252.    8. 
    8.    8.    8.    8.    8.    8.    8.    8.    8.    8.    8.    8.
    8.    8.    8.    8.    8.    8. 3252. 3252. 3887. 3887. 3887. 3887.
 3252. 3252. 
 3252. 3252.    8.    8.    8.    8.    8.    8.    8.    8.    8.    8.
    8.    8.    8.    8. 3252. 3887. 3887. 3887. 3887. 3887. 3252. 3252.
 3252.    8. 
    8.    8.    8.    8. 3252. 3252. 3252. 3887. 3887. 3887. 3252.    8.
    8.    8.    8.    8.    8.    8.    8.    8.    8.    8.    8.    8.
    8.    8. 
    8.    8.    8.    8. 3252. 3252. 3887. 3887. 3887. 3887. 3252. 3252.
 3252. 3252. 3252. 3252.    8.    8.    8.    8.    8.    8.    8.    8.
    8.    8. 
    8.    8. 3252. 3887. 3887. 3887. 3252. 3252. 3252. 3252.    8.    8.
    8.    8.    8. 3252. 3252. 3887. 3887. 3887. 3887. 3887. 3252.    8.
    8.    8. 
    8.    8.    8.    8.    8.    8.    8.    8.    8.    8.    8.    8.
    8.    8.    8.    8. 3252. 3252. 3887. 3887. 3887. 3887. 3887. 3887.
 3887. 3887. 
 3252. 3252.    8.    8.    8.    8.    8.    8.    8.    8.    8.    8.
    8.    8. 3252. 3887. 3887. 3887. 3887. 3887. 3887. 3252. 3252.    8.
    8.    8. 
 3252. 3252. 3887. 3887. 3887. 3887. 3887. 3887. 3252.    8.    8.    8.
    8.    8.    8.    8.    8.    8.    8.    8.    8.    8.    8.    8.
    8.    8. 
    8.    8.    8. 3252. 3252. 3252. 3887. 3887. 3887. 3887. 3887. 3887.
 3887. 3252.    8.    8.    8.    8.    8.    8.    8.    8.    8.    8.
    8.    8. 
 3252. 3252. 3887. 3887. 3887. 3887. 3887. 3887. 3252. 3252.    8.    8.
 3252. 3887. 3887. 3887. 3887. 3887. 3887. 3252. 3252.    8.    8.    8.
    8.    8. 
    8.    8.    8.    8.    8.    8.    8.    8.    8.    8.    8.    8.
    8.    8.    8. 3252. 3252. 3252. 3252. 3252. 3252. 3252. 3887. 3887.
 3887. 3252. 
    8.    8.    8.    8.    8.    8.    8.    8.    8.    8.    8.    8.
    8.    8. 3252. 3252. 3887. 3887. 3887. 3887. 3252. 3252.    8. 3252.
 3252. 3887. 
 3887. 3887. 3887. 3252. 3252. 3252.    8.    8.    8.    8.    8.    8.
    8.    8.    8.    8.    8.    8.    8.    8.    8.    8.    8.    8.
    8.    8. 
    8.    8.    8. 3252. 3252. 3252. 3252. 3887. 3887. 3887. 3887. 3252.
    8.    8.    8.    8.    8.    8.    8.    8.    8.    8.    8.    8.
    8. 3252. 
 3252. 3887. 3887. 3887. 3887. 3887. 3252. 3252.    8. 3252. 3252. 3887.
 3887. 3252. 3252. 3252. 3252. 3252.    8.    8.    8.    8.    8.    8.
    8.    8. 
    8.    8.    8.    8.    8.    8.    8.    8.    8.    8.    8.    8.
    8.    8.    8.    8. 3252. 3252. 3887. 3887. 3887. 3887. 3252. 3252.
    8.    8. 
    8.    8.    8.    8.    8.    8.    8.    8.    8.    8.    8. 3252.
 3887. 3887. 3887. 3887. 3887. 3252. 3252.    8.    8. 3252. 3252. 3887.
 3887. 3887. 
 3887. 3887. 3887. 3252. 3252.    8.    8.    8.    8.    8.    8.    8.
    8.    8.    8.    8.    8.    8.    8.    8.    8.    8.    8.    8.
    8.    8. 
    8.    8. 3252. 3252. 3887. 3887. 3887. 3252. 3252.    8.    8.    8.
    8.    8.    8.    8.    8.    8.    8.    8.    8.    8. 3252. 3252.
 3887. 3887. 
 3887. 3252. 3252. 3252.    8.    8.    8.    8. 3252. 3887. 3887. 3887.
 3887. 3887. 3887. 3887. 3252. 3252.    8.    8.    8.    8.    8.    8.
    8.    8. 
    8.    8.    8.    8.    8.    8.    8.    8.    8.    8.    8.    8.
    8.    8. 3252. 3252. 3887. 3887. 3252. 3252. 3252. 3252. 3252.    8.
    8.    8. 
    8.    8.    8.    8.    8.    8.    8.    8. 3252. 3252. 3887. 3887.
 3252. 3252.    8.    8.    8.    8.    8.    8. 3252. 3252. 3252. 3252.
 3252. 3887. 
 3887. 3887. 3887. 3252. 3252.    8.    8.    8.    8.    8.    8.    8.
    8.    8.    8.    8.    8.    8.    8.    8.    8.    8.    8.    8.
    8. 3252. 
 3252. 3887. 3887. 3887. 3887. 3887. 3887. 3252. 3252. 3252.    8.    8.
    8.    8.    8.    8.    8.    8.    8.    8. 3252. 3252. 3887. 3887.
 3887. 3252. 
    8.    8.    8.    8.    8.    8.    8.    8.    8. 3252. 3252. 3252.
 3252. 3887. 3887. 3252. 3252.    8.    8.    8.    8.    8.    8.    8.
    8.    8. 
    8.    8.    8.    8.    8.    8.    8.    8.    8.    8.    8.    8.
 3252. 3252. 3887. 3887. 3887. 3887. 3887. 3887. 3252. 3252. 3252.    8.
    8.    8. 
    8.    8.    8.    8.    8.    8. 3252. 3252. 3887. 3887. 3887. 3252.
 3252. 3252.    8.    8.    8.    8.    8.    8.    8.    8. 3252. 3252.
 3887. 3887. 
 3887. 3252. 3252.    8.    8.    8.    8.    8.    8.    8.    8.    8.
    8.    8.    8.    8.    8.    8.    8.    8.    8.    8.    8.    8.
 3252. 3252. 
 3252. 3252. 3252. 3887. 3887. 3887. 3887. 3252. 3252.    8.    8.    8.
    8.    8.    8.    8.    8.    8.    8. 3252. 3887. 3887. 3887. 3887.
 3887. 3252. 
    8.    8.    8.    8.    8.    8.    8.    8. 3252. 3252. 3887. 3887.
 3887. 3252. 3252.    8.    8.    8.    8.    8.    8.    8.    8.    8.
    8.    8. 
    8.    8.    8.    8.    8.    8.    8.    8.    8.    8.    8.    8.
 3252. 3252. 3252. 3252. 3887. 3887. 3887. 3252. 3252.    8.    8.    8.
    8.    8. 
    8.    8.    8.    8.    8. 3252. 3252. 3887. 3887. 3887. 3887. 3252.
 3252.    8.    8.    8.    8.    8.    8. 3252. 3252. 3887. 3887. 3887.
 3887. 3252. 
    8.    8.    8.    8.    8.    8.    8.    8.    8.    8.    8.    8.
    8.    8.    8.    8.    8.    8.    8.    8.    8.    8.    8. 3252.
 3252. 3252. 
 3887. 3887. 3887. 3887. 3887. 3252. 3252.    8.    8.    8.    8.    8.
    8.    8. 
/