PERMI
 1831. 1112. 1112. 1831. 1831. 1831. 1112. 1112. 1112.    5.    5.    5.
    5.    5.    5.    5.    5.    5.    5.    5.    5.    5.    5.    5.
    5.    5. 
    5.    5. 1112. 1112. 1831. 1831. 1831. 1112. 1112. 1112. 1112. 1112.
 1831. 1831. 1831. 1831. 1831. 1831. 1831. 1112. 1112.    5.    5.    5.
    5.    5. 
    5.    5.    5.    5.    5.    5. 1112. 1112. 1831. 1831. 1831. 1112.
 1112. 1112. 1112. 1831. 1831. 1831. 1112. 1112.    5.    5.    5.    5.
    5.    5. 
    5.    5.    5.    5.    5.    5.    5.    5.    5.    5.    5.    5.
    5.    5. 1112. 1112. 1831. 1831. 1112. 1112.    5.    5. 1112. 1112.
 1112. 1831. 
 1831. 1831. 1831. 1831. 1112. 1112.    5.    5.    5.    5.    5.    5.
    5.    5.    5.    5.    5.    5. 1112. 1112. 1831. 1831. 1831. 1112.
 1831. 1831. 
 1831. 1831. 1831. 1112. 1112.    5.    5.    5.    5.    5.    5.    5.
    5.    5.    5.    5.    5. 1112. 1112. 1112. 1112.    5.    5.    5.
    5.    5. 
 1112. 1112. 1831. 1831. 1112. 1112.    5.    5.    5.    5. 1112. 1112.
 1112. 1112. 1112. 1112. 1112.    5.    5.    5.    5.    5.    5.    5.
    5.    5. 
    5.    5.    5.    5.    5. 1112. 1831. 1831. 1831. 1112. 1831. 1831.
 1831. 1831. 1831. 1112. 1112.    5.    5.    5.    5.    5.    5.    5.
    5.    5. 
    5.    5. 1112. 1112. 1112. 1112. 1112. 1112. 1112. 1112. 1112.    5.
 1112. 1112. 1831. 1831. 1112. 1112.    5.    5.    5.    5.    5.    5.
 1112. 1112. 
 1112. 1112.    5.    5.    5.    5.    5.    5.    5.    5. 1112. 1112.
 1112. 1112. 1112. 1112. 1112. 1112. 1112. 1831. 1831. 1112. 1831. 1831.
 1831. 1831. 
 1112. 1112. 1112.    5.    5.    5.    5.    5.    5.    5.    5.    5.
    5. 1112. 1112. 1112. 1831. 1831. 1831. 1112. 1112. 1112. 1112. 1112.
 1112. 1112. 
 1831. 1831. 1831. 1112.    5.    5.    5.    5.    5.    5.    5.    5.
    5.    5.    5.    5.    5.    5.    5.    5. 1112. 1112. 1112. 1112.
 1112. 1112. 
 1112. 1112. 1112. 1112. 1112. 1831. 1831. 1112. 1112. 1112. 1112. 1112.
 1112. 1112.    5.    5.    5.    5.    5.    5.    5.    5.    5.    5.
 1112. 1112. 
 1831. 1831. 1831. 1831. 1831. 1831. 1831. 1831. 1831. 1112. 1112. 1112.
 1831. 1831. 1831. 1112.    5.    5.    5.    5.    5.    5.    5.    5.
    5.    5. 
    5.    5.    5.    5.    5. 1112. 1112. 1831. 1831. 1831. 1831. 1831.
 1831. 1831. 1831. 1112. 1112. 1831. 1831. 1112. 1112. 1112. 1112. 1112.
    5.    5. 
    5.    5.    5.    5.    5.    5.    5.    5.    5.    5. 1112. 1112.
 1831. 1831. 1831. 1831. 1831. 1831. 1831. 1831. 1831. 1831. 1831. 1831.
 1831. 1831. 
 1831. 1112.    5.    5.    5.    5.    5.    5.    5.    5.    5.    5.
    5.    5.    5.    5.    5. 1112. 1831. 1831. 1831. 1831. 1831. 1831.
 1831. 1831. 
 1831. 1831. 1831. 1831. 1831. 1112. 1831. 1831. 1112. 1112.    5.    5.
    5.    5.    5.    5.    5.    5.    5.    5.    5. 1112. 1112. 1831.
 1831. 1831. 
 1831. 1112. 1112. 1112. 1831. 1831. 1831. 1831. 1831. 1831. 1831. 1831.
 1112. 1112.    5.    5.    5.    5.    5.    5.    5.    5.    5.    5.
    5.    5. 
    5.    5. 1112. 1112. 1831. 1831. 1831. 1112. 1112. 1112. 1112. 1831.
 1831. 1831. 1831. 1831. 1831. 1112. 1831. 1831. 1112.    5.    5.    5.
    5.    5. 
    5.    5.    5.    5.    5.    5.    5. 1112. 1831. 1831. 1831. 1831.
 1112. 1112. 1112. 1112. 1112. 1112. 1112. 1831. 1831. 1831. 1831. 1112.
 1112. 1112. 
    5.    5.    5.    5.    5.    5.    5.    5.    5.    5.    5.    5.
    5.    5. 1112. 1112. 1831. 1831. 1112. 1112. 1112. 1112. 1112. 1112.
 1112. 1112. 
 1831. 1112. 1112. 1112. 1831. 1112. 1112.    5.    5.    5.    5.    5.
    5.    5.    5.    5.    5.    5. 1112. 1112. 1831. 1831. 1831. 1112.
 1112.    5. 
    5.    5. 1112. 1112. 1112. 1112. 1112. 1112. 1112. 1112. 1112.    5.
    5.    5.    5.    5.    5.    5.    5.    5.    5.    5.    5.    5.
    5.    5. 
 1112. 1112. 1831. 1831. 1831. 1112. 1112.    5.    5.    5. 1112. 1112.
 1112. 1112. 1112.    5. 1831. 1112.    5.    5.    5.    5. 1112. 1112.
 1112. 1112. 
 1112. 1112.    5.    5. 1112. 1831. 1831. 1831. 1831. 1112.    5.    5.
    5.    5.    5.    5.    5.    5.    5. 1112.    5.    5.    5.    5.
    5.    5. 
    5.    5.    5.    5.    5.    5.    5.    5.    5.    5.    5.    5.
    5. 1112. 1831. 1831. 1831. 1831. 1112.    5.    5.    5.    5.    5.
    5.    5. 
    5.    5. 1112.    5.    5.    5. 1112. 1112. 1112. 1112. 1112. 1112.
 1112. 1112. 1112. 1112. 1112. 1831. 1831. 1831. 1112. 1112.    5.    5.
    5.    5. 
    5.    5.    5.    5.    5.    5.    5.    5.    5.    5.    5.    5.
    5.    5.    5.    5.    5.    5.    5.    5.    5.    5.    5.    5.
    5. 1112. 
 1112. 1831. 1831. 1831. 1112. 1112.    5.    5.    5.    5.    5.    5.
    5.    5.    5.    5.    5. 1112. 1112. 1112. 1831. 1831. 1831. 1831.
 1831. 1831. 
 1112. 1112. 1831. 1831. 1831. 1831. 1112.    5.    5.    5.    5.    5.
    5.    5.    5.    5.    5.    5.    5.    5.    5.    5.    5.    5.
    5.    5. 
    5.    5.    5.    5.    5.    5.    5.    5.    5.    5.    5.    5.
 1112. 1831. 1831. 1831. 1831. 1112.    5.    5.    5.    5.    5.    5.
    5.    5. 
    5.    5. 1112. 1112. 1112. 1831. 1831. 1831. 1831. 1831. 1831. 1831.
 1831. 1831. 1831. 1831. 1831. 1112. 1112.    5.    5.    5.    5.    5.
    5.    5. 
    5.    5.    5.    5.    5.    5.    5.    5.    5.    5.    5.    5.
    5.    5.    5.    5.    5.    5.    5.    5.    5.    5.    5.    5.
 1112. 1112. 
 1831. 1831. 1831. 1112.    5.    5.    5.    5.    5.    5.    5.    5.
    5.    5. 1112. 1112. 1831. 1831. 1831. 1831. 1831. 1831. 1831. 1831.
 1831. 1831. 
 1831. 1831. 1831. 1112. 1112.    5.    5.    5.    5.    5.    5.    5.
    5.    5.    5.    5.    5.    5.    5.    5.    5.    5.    5.    5.
    5.    5. 
    5.    5.    5.    5.    5.    5.    5.    5.    5.    5. 1112. 1112.
 1831. 1831. 1831. 1112. 1112.    5.    5.    5.    5.    5.    5.    5.
    5.    5. 
 1112. 1112. 1831. 1831. 1831. 1112. 1112. 1112. 1112. 1831. 1831. 1831.
 1831. 1831. 1112. 1112.    5.    5.    5.    5.    5.    5.    5.    5.
    5.    5. 
    5.    5.    5.    5.    5.    5.    5.    5.    5.    5.    5.    5.
    5.    5.    5.    5.    5.    5.    5.    5.    5.    5. 1112. 1112.
 1831. 1831. 
 1831. 1112.    5.    5.    5.    5.    5.    5.    5.    5.    5.    5.
 1112. 1112. 1831. 1831. 1831. 1112. 1112. 1112. 1112. 1112. 1112. 1112.
 1112. 1112. 
 1112.    5.    5.    5.    5.    5.    5.    5.    5.    5.    5.    5.
    5.    5.    5.    5.    5.    5.    5.    5.    5.    5.    5.    5.
    5.    5. 
    5.    5.    5.    5. 1112. 1112. 1112. 1112. 1112. 1831. 1831. 1831.
 1831. 1112.    5.    5.    5.    5.    5.    5.    5.    5.    5.    5.
    5. 1112. 
 1112. 1831. 1831. 1831. 1112. 1112.    5.    5.    5. 1112.    5.    5.
    5.    5.    5.    5.    5.    5.    5.    5.    5.    5.    5.    5.
    5.    5. 
    5.    5.    5.    5.    5.    5.    5.    5.    5.    5.    5.    5.
 1112. 1112. 1112. 1112. 1112. 1112. 1831. 1831. 1831. 1831. 1831. 1831.
 1112. 1112. 
 1112. 1112. 1112. 1112. 1112.    5.    5.    5.    5.    5.    5. 1112.
 1112. 1831. 1831. 1831. 1831. 1112. 1112.    5.    5.    5.    5.    5.
    5.    5. 
    5.    5.    5.    5.    5.    5.    5.    5.    5.    5.    5.    5.
    5.    5.    5.    5.    5.    5.    5.    5.    5.    5.    5. 1112.
 1112. 1112. 
 1831. 1831. 1831. 1831. 1831. 1831. 1831. 1831. 1831. 1112. 1112. 1112.
 1112. 1831. 1831. 1831. 1112. 1112. 1112.    5.    5.    5.    5.    5.
 1112. 1112. 
 1831. 1831. 1831. 1831. 1112. 1112.    5.    5.    5.    5.    5.    5.
    5.    5.    5.    5.    5.    5.    5.    5.    5.    5.    5.    5.
    5.    5. 
    5.    5.    5.    5.    5.    5.    5.    5. 1112. 1112. 1831. 1831.
 1831. 1831. 1831. 1831. 1831. 1831. 1112. 1112. 1112. 1112. 1112. 1112.
 1831. 1831. 
 1831. 1831. 1831. 1831. 1112. 1112.    5.    5.    5.    5. 1112. 1112.
 1112. 1831. 1831. 1831. 1831. 1112.    5.    5.    5.    5.    5.    5.
    5.    5. 
    5.    5.    5.    5.    5.    5.    5.    5.    5.    5.    5.    5.
    5.    5.    5.    5.    5.    5.    5. 1112. 1112. 1831. 1831. 1831.
 1831. 1831. 
 1112. 1112. 1112. 1112. 1112. 1112. 1112.    5. 1112. 1831. 1831. 1831.
 1831. 1831. 1831. 1831. 1831. 1112.    5.    5.    5.    5.    5. 1112.
 1112. 1112. 
 1831. 1831. 1831. 1112. 1112.    5.    5.    5.    5.    5.    5.    5.
    5.    5.    5.    5.    5.    5.    5.    5.    5.    5.    5.    5.
    5.    5. 
    5.    5.    5.    5.    5. 1112. 1831. 1831. 1831. 1112. 1112. 1112.
 1112. 1112.    5.    5.    5.    5.    5.    5. 1112. 1831. 1831. 1831.
 1112. 1831. 
 1831. 1831. 1112. 1112.    5. 1112. 1112. 1112. 1112. 1112. 1112. 1112.
 1831. 1831. 1831. 1831. 1112.    5.    5.    5.    5.    5.    5.    5.
    5.    5. 
    5.    5.    5.    5.    5.    5.    5.    5.    5.    5.    5.    5.
    5.    5.    5.    5.    5. 1112. 1831. 1831. 1831. 1112. 1112. 1112.
    5.    5. 
    5.    5.    5.    5.    5. 1112. 1112. 1831. 1831. 1831. 1112. 1112.
 1112. 1831. 1112. 1831. 1112. 1112. 1112. 1831. 1831. 1831. 1831. 1831.
 1831. 1831. 
 1831. 1112. 1112.    5.    5.    5.    5.    5.    5.    5.    5.    5.
    5.    5.    5.    5.    5.    5.    5.    5.    5.    5.    5.    5.
    5.    5. 
    5.    5.    5. 1112. 1112. 1831. 1831. 1112.    5.    5.    5.    5.
    5.    5.    5.    5.    5. 1112. 1112. 1831. 1831. 1831. 1112.    5.
 1112. 1112. 
 1112. 1112. 1831. 1831. 1831. 1831. 1831. 1831. 1831. 1831. 1831. 1831.
 1112. 1112. 1112.    5.    5.    5.    5.    5.    5.    5.    5.    5.
    5.    5. 
    5.    5.    5.    5.    5.    5.    5.    5.    5.    5.    5.    5.
    5.    5.    5. 1112. 1112. 1831. 1831. 1112. 1112.    5.    5.    5.
    5.    5. 
    5.    5.    5. 1112. 1112. 1831. 1831. 1831. 1112.    5.    5.    5.
 1112. 1112. 1831. 1831. 1831. 1831. 1831. 1831. 1831. 1831. 1112. 1112.
 1112. 1112. 
 5. 5. 5. 5. 5. 5. 5. 5. 5. 5. 5. 5. 5. 5. 5. 5. 5. 5. 5. 5. 5. 5. 5. 5.
 5. 5. 
    5.    5. 1112. 1831. 1831. 1831. 1112. 1112.    5.    5.    5.    5.
    5.    5.    5.    5. 1112. 1831. 1831. 1831. 1112.    5.    5. 1112.
 1112. 1112. 
 1831. 1831. 1831. 1112. 1112. 1112. 1112. 1112. 1112. 1112.    5.    5.
    5.    5.    5.    5.    5.    5.    5.    5.    5.    5.    5.    5.
    5.    5. 
    5.    5.    5.    5.    5.    5.    5.    5.    5.    5.    5.    5.
    5.    5. 1112. 1112. 1831. 1831. 1831. 1112. 1112.    5.    5.    5.
    5.    5. 
    5.    5. 1112. 1831. 1831. 1831. 1112. 1112.    5. 1112. 1831. 1831.
 1831. 1831. 1112. 1112. 1112. 1112.    5.    5.    5.    5.    5.    5.
    5.    5. 
 5. 5. 5. 5. 5. 5. 5. 5. 5. 5. 5. 5. 5. 5. 5. 5. 5. 5. 5. 5. 5. 5. 5. 5.
 5. 5. 
    5. 1112. 1112. 1831. 1831. 1112. 1112.    5.    5.    5.    5.    5.
    5.    5. 1112. 1831. 1831. 1831. 1112. 1112. 1112. 1112. 1112. 1112.
 1831. 1831. 
 1112. 1112. 1112.    5.    5.    5.    5.    5.    5.    5.    5.    5.
    5.    5.    5.    5.    5.    5.    5.    5.    5.    5.    5.    5.
    5.    5. 
    5.    5.    5.    5.    5.    5.    5.    5.    5.    5.    5.    5.
    5. 1112. 1112. 1831. 1831. 1831. 1112. 1112.    5.    5.    5.    5.
    5. 1112. 
 1112. 1831. 1831. 1112. 1112. 1112. 1112. 1112. 1112. 1112. 1831. 1831.
 1831. 1112. 1112.    5.    5.    5.    5.    5.    5.    5.    5.    5.
    5.    5. 
    5.    5.    5.    5.    5.    5.    5.    5.    5.    5.    5.    5.
    5.    5.    5.    5.    5.    5.    5.    5. 1112. 1112. 1112.    5.
    5.    5. 
 1112. 1112. 1831. 1831. 1112. 1112.    5.    5.    5.    5. 1112. 1112.
 1831. 1831. 1831. 1112. 1112. 1831. 1831. 1831. 1831. 1831. 1831. 1831.
 1831. 1831. 
 1112. 1112.    5.    5.    5.    5.    5.    5.    5.    5.    5.    5.
    5.    5.    5.    5.    5.    5.    5.    5.    5.    5.    5.    5.
    5.    5. 
    5.    5.    5.    5. 1112. 1112. 1112. 1112. 1112. 1112. 1112. 1112.
 1112. 1112. 1831. 1831. 1831. 1112. 1112. 1112. 1112. 1112. 1112. 1112.
 1831. 1831. 
 1112. 1112. 1831. 1831. 1831. 1831. 1831. 1831. 1112. 1831. 1831. 1831.
 1831. 1112.    5.    5.    5.    5.    5.    5.    5.    5.    5.    5.
    5.    5. 
    5.    5.    5.    5.    5.    5.    5.    5.    5.    5.    5.    5.
    5.    5. 1112. 1112. 1112. 1831. 1831. 1831. 1831. 1831. 1112. 1112.
 1112. 1112. 
 1831. 1831. 1831. 1112. 1112. 1112. 1112. 1112. 1831. 1831. 1831. 1112.
 1112. 1112. 1831. 1831. 1831. 1112. 1112. 1831. 1112. 1112. 1831. 1831.
 1831. 1112. 
 1112.    5.    5.    5.    5.    5.    5.    5.    5.    5.    5.    5.
    5.    5.    5.    5.    5.    5.    5.    5.    5.    5.    5.    5.
    5.    5. 
 1112. 1831. 1831. 1831. 1831. 1831. 1831. 1831. 1831. 1831. 1831. 1831.
 1831. 1831. 1831. 1112. 1831. 1831. 1831. 1831. 1831. 1831. 1112. 1112.
 1112. 1112. 
 1831. 1831. 1831. 1112. 1112. 1112. 1112. 1112. 1831. 1831. 1831. 1112.
 1112.    5.    5.    5.    5.    5.    5.    5.    5.    5.    5.    5.
    5.    5. 
    5.    5.    5.    5.    5.    5.    5.    5.    5.    5.    5. 1112.
 1112. 1831. 1831. 1831. 1831. 1831. 1831. 1831. 1831. 1831. 1831. 1831.
 1831. 1831. 
 1112. 1112. 1831. 1831. 1831. 1831. 1831. 1112. 1112. 1831. 1112. 1112.
 1831. 1831. 1831. 1112. 1112. 1112. 1831. 1831. 1831. 1831. 1831. 1112.
 1112.    5. 
    5.    5.    5.    5.    5.    5.    5.    5.    5.    5.    5.    5.
    5.    5.    5.    5.    5.    5.    5.    5.    5.    5.    5. 1112.
 1112. 1831. 
 1831. 1112. 1112. 1112. 1112. 1112. 1112. 1831. 1831. 1831. 1112. 1112.
 1112. 1112. 1112. 1112. 1112. 1112. 1112. 1112. 1831. 1831. 1831. 1112.
 1831. 1831. 
 1831. 1112. 1831. 1112. 1831. 1831. 1831. 1831. 1831. 1112.    5.    5.
    5.    5.    5.    5.    5.    5.    5.    5.    5.    5.    5.    5.
    5.    5. 
    5.    5.    5.    5.    5.    5.    5.    5.    5. 1112. 1112. 1831.
 1831. 1831. 1112.    5. 1112. 1112. 1112. 1112. 1112. 1112. 1112. 1112.
 1831. 1112. 
 1112. 1112. 1112. 1112. 1112. 1112. 1831. 1831. 1831. 1112. 1831. 1831.
 1831. 1112. 1112. 1831. 1112. 1112. 1831. 1112. 1112. 1112.    5.    5.
    5.    5. 
    5.    5.    5.    5.    5.    5.    5.    5.    5.    5.    5.    5.
    5.    5.    5.    5.    5.    5.    5.    5.    5.    5. 1112. 1831.
 1831. 1831. 
 1112. 1112. 1112.    5.    5.    5.    5. 1112. 1112. 1112. 1112. 1112.
    5.    5.    5.    5.    5. 1112. 1831. 1831. 1831. 1112. 1831. 1831.
 1831. 1831. 
 1112. 1831. 1112. 1112. 1112. 1112. 1112.    5.    5.    5.    5.    5.
    5.    5.    5.    5.    5.    5.    5.    5.    5.    5.    5.    5.
    5.    5. 
    5.    5.    5.    5.    5.    5.    5.    5. 1112. 1112. 1831. 1831.
 1831. 1112. 1112.    5.    5. 1112. 1112. 1112. 1831. 1831. 1112. 1112.
 1112.    5. 
    5.    5.    5. 1112. 1831. 1831. 1831. 1112. 1112. 1831. 1831. 1831.
 1112. 1831.    5.    5.    5.    5.    5.    5.    5.    5.    5.    5.
    5.    5. 
    5.    5.    5.    5.    5.    5.    5.    5.    5.    5.    5.    5.
    5.    5.    5.    5.    5.    5.    5.    5.    5. 1112. 1112. 1831.
 1831. 1831. 
 1112. 1112.    5. 1112. 1831. 1831. 1831. 1831. 1831. 1831. 1112. 1112.
    5.    5.    5. 1112. 1831. 1831. 1831. 1112. 1112. 1831. 1831. 1831.
 1112. 1112. 
 5. 5. 5. 5. 5. 5. 5. 5. 5. 5. 5. 5. 5. 5. 5. 5. 5. 5. 5. 5. 5. 5. 5. 5.
 5. 5. 
    5.    5.    5.    5.    5.    5.    5. 1112. 1112. 1831. 1831. 1831.
 1831. 1112. 1112. 1831. 1831. 1831. 1831. 1831. 1831. 1831. 1831. 1112.
 1112.    5. 
 1112. 1112. 1112. 1112. 1112. 1112. 1112. 1831. 1831. 1831. 1831. 1112.
    5.    5.    5.    5.    5.    5.    5.    5.    5.    5.    5.    5.
    5.    5. 
    5.    5.    5.    5.    5.    5.    5.    5.    5.    5.    5.    5.
    5.    5.    5.    5.    5.    5.    5.    5. 1112. 1112. 1831. 1831.
 1831. 1112. 
 1112. 1831. 1831. 1831. 1112. 1112. 1831. 1831. 1831. 1112. 1112. 1112.
 1112. 1112. 1112. 1831. 1831. 1831. 1831. 1831. 1831. 1831. 1831. 1112.
    5.    5. 
 5. 5. 5. 5. 5. 5. 5. 5. 5. 5. 5. 5. 5. 5. 5. 5. 5. 5. 5. 5. 5. 5. 5. 5.
 5. 5. 
    5.    5.    5. 1112. 1112. 1112. 1112. 1112. 1112. 1831. 1831. 1831.
 1112. 1831. 1831. 1831. 1112. 1112. 1112. 1831. 1831. 1112. 1112. 1831.
 1831. 1831. 
 1831. 1831. 1831. 1831. 1831. 1831. 1831. 1831. 1112. 1112.    5.    5.
    5.    5.    5.    5.    5.    5.    5.    5.    5.    5.    5.    5.
    5.    5. 
    5.    5.    5.    5.    5.    5.    5.    5.    5.    5.    5.    5.
 1112. 1112. 1112. 1112. 1112. 1112. 1112. 1831. 1831. 1831. 1831. 1831.
 1112. 1831. 
 1831. 1831. 1112. 1831. 1831. 1112. 1112. 1112. 1831. 1831. 1831. 1831.
 1831. 1831. 1831. 1831. 1831. 1831. 1831. 1112. 1112.    5.    5.    5.
    5.    5. 
    5.    5.    5.    5.    5.    5.    5.    5.    5.    5.    5.    5.
    5.    5.    5.    5.    5.    5.    5.    5.    5.    5.    5. 1112.
 1112. 1112. 
 1831. 1831. 1831. 1831. 1831. 1831. 1831. 1831. 1831. 1112. 1112. 1112.
 1831. 1831. 1112. 1831. 1831. 1112. 1112. 1831. 1831. 1831. 1831. 1831.
 1831. 1831. 
 1831. 1831. 1831. 1112. 1112. 1112.    5.    5.    5.    5.    5.    5.
    5.    5.    5.    5.    5.    5.    5.    5.    5.    5.    5.    5.
    5.    5. 
    5.    5.    5.    5.    5.    5.    5.    5. 1112. 1112. 1831. 1831.
 1831. 1831. 1831. 1831. 1831. 1831. 1831. 1831. 1112. 1112. 1112. 1831.
 1831. 1831. 
 1112. 1831. 1831. 1112. 1112. 1831. 1831. 1831. 1112. 1112. 1112. 1112.
 1112. 1112. 1112. 1112. 1112.    5.    5.    5.    5.    5.    5.    5.
    5.    5. 
    5.    5.    5.    5.    5.    5.    5.    5.    5.    5.    5.    5.
    5.    5.    5.    5.    5.    5.    5. 1112. 1112. 1831. 1831. 1831.
 1831. 1831. 
 1831. 1831. 1831. 1831. 1112. 1112. 1112. 1112. 1112. 1831. 1831. 1831.
 1112. 1112. 1112. 1112. 1112. 1831. 1831. 1831. 1112. 1112. 1112.    5.
    5.    5. 
 5. 5. 5. 5. 5. 5. 5. 5. 5. 5. 5. 5. 5. 5. 5. 5. 5. 5. 5. 5. 5. 5. 5. 5.
 5. 5. 
    5.    5.    5.    5.    5. 1112. 1112. 1831. 1831. 1831. 1831. 1112.
 1112. 1112. 1112. 1112. 1112. 1112. 1112. 1831. 1112. 1831. 1831. 1831.
 1112. 1112. 
 1112. 1112. 1112. 1831. 1831. 1831. 1112. 1112.    5.    5.    5.    5.
    5.    5.    5.    5.    5.    5.    5.    5.    5.    5.    5.    5.
    5.    5. 
    5.    5.    5.    5.    5.    5.    5.    5.    5.    5.    5.    5.
    5.    5.    5.    5.    5. 1112. 1112. 1831. 1831. 1831. 1112. 1112.
 1112. 1112. 
 1112. 1831. 1831. 1112. 1112. 1112. 1112. 1112. 1831. 1831. 1831. 1112.
    5.    5. 1112. 1112. 1831. 1831. 1831. 1112. 1112.    5.    5.    5.
    5.    5. 
 5. 5. 5. 5. 5. 5. 5. 5. 5. 5. 5. 5. 5. 5. 5. 5. 5. 5. 5. 5. 5. 5. 5. 5.
 5. 5. 
    5.    5.    5. 1112. 1112. 1831. 1831. 1831. 1112. 1112. 1831. 1831.
 1831. 1831. 1831. 1831. 1831. 1831. 1112. 1112. 1831. 1831. 1112.    5.
    5.    5. 
 1112. 1112. 1831. 1831. 1831. 1831. 1112.    5.    5.    5.    5.    5.
    5.    5.    5.    5.    5.    5.    5.    5.    5.    5.    5.    5.
    5.    5. 
    5.    5.    5.    5.    5.    5.    5.    5.    5.    5.    5.    5.
    5.    5.    5. 1112. 1112. 1831. 1831. 1831. 1112. 1112. 1112. 1831.
 1831. 1831. 
 1831. 1831. 1831. 1831. 1831. 1831. 1831. 1831. 1112. 1112.    5.    5.
    5. 1112. 1112. 1831. 1831. 1831. 1112. 1112.    5.    5.    5.    5.
    5.    5. 
 5. 5. 5. 5. 5. 5. 5. 5. 5. 5. 5. 5. 5. 5. 5. 5. 5. 5. 5. 5. 5. 5. 5. 5.
 5. 5. 
    5. 1112. 1112. 1831. 1831. 1831. 1112. 1112.    5. 1112. 1112. 1112.
 1112. 1831. 1831. 1831. 1831. 1831. 1831. 1831. 1112.    5.    5.    5.
    5.    5. 
 1112. 1112. 1831. 1831. 1831. 1112.    5.    5.    5.    5.    5.    5.
    5.    5.    5.    5.    5.    5.    5.    5.    5.    5.    5.    5.
    5.    5. 
    5.    5.    5.    5.    5.    5.    5.    5.    5.    5.    5.    5.
    5.    5. 1112. 1831. 1831. 1831. 1112. 1112.    5.    5. 1112. 1831.
 1831. 1112. 
 1112. 1831. 1831. 1112. 1112. 1112. 1112. 1112.    5.    5.    5.    5.
    5. 1112. 1831. 1831. 1831. 1112.    5.    5.    5.    5.    5.    5.
    5.    5. 
 5. 5. 5. 5. 5. 5. 5. 5. 5. 5. 5. 5. 5. 5. 5. 5. 5. 5. 5. 5. 5. 5. 5. 5.
 5. 5. 
 1112. 1112. 1831. 1831. 1831. 1112.    5.    5. 1112. 1831. 1831. 1831.
 1112. 1112. 1112. 1112. 1831. 1831. 1112. 1112. 1112. 1112. 1112. 1112.
 1112. 1112. 
 1831. 1831. 1831. 1112.    5.    5.    5.    5.    5.    5.    5.    5.
    5.    5.    5.    5.    5.    5.    5.    5.    5.    5.    5.    5.
    5.    5. 
    5.    5.    5.    5.    5.    5.    5.    5.    5.    5.    5.    5.
 1112. 1112. 1831. 1831. 1831. 1112.    5.    5. 1112. 1112. 1831. 1831.
 1112. 1112. 
 1831. 1831. 1831. 1831. 1831. 1831. 1831. 1831. 1831. 1112. 1112. 1112.
 1831. 1831. 1831. 1112.    5.    5.    5.    5.    5.    5.    5.    5.
    5.    5. 
    5.    5.    5.    5.    5.    5.    5.    5.    5.    5.    5.    5.
    5.    5.    5.    5.    5.    5.    5. 1112.    5.    5. 1112. 1112.
 1112. 1112. 
 1831. 1831. 1831. 1112.    5.    5.    5. 1112. 1831. 1831. 1112. 1112.
 1831. 1831. 1831. 1831. 1831. 1831. 1831. 1831. 1831. 1831. 1831. 1831.
 1831. 1831. 
 1112. 1112.    5.    5.    5.    5.    5.    5.    5.    5.    5.    5.
    5.    5.    5.    5.    5.    5.    5.    5.    5.    5.    5.    5.
    5.    5. 
    5.    5. 1112. 1112. 1112. 1112. 1112. 1112. 1112. 1112. 1112. 1112.
 1831. 1831. 1831. 1112. 1112. 1112. 1112. 1112. 1831. 1831. 1112. 1831.
 1831. 1831. 
 1831. 1831. 1831. 1831. 1831. 1831. 1831. 1831. 1831. 1831. 1831. 1831.
 1112. 1112.    5.    5.    5.    5.    5.    5.    5.    5.    5.    5.
    5.    5. 
    5.    5.    5.    5.    5.    5.    5.    5.    5.    5.    5.    5.
    5. 1112. 1112. 1112. 1112. 1112. 1112. 1112. 1112. 1112. 1112. 1112.
 1831. 1831. 
 1831. 1112. 1112. 1831. 1831. 1831. 1831. 1831. 1112. 1112. 1831. 1831.
 1831. 1112. 1112. 1112. 1112. 1112. 1112. 1112. 1112. 1112. 1112. 1112.
 1112.    5. 
    5.    5.    5.    5.    5.    5.    5.    5.    5.    5.    5.    5.
    5.    5.    5.    5.    5.    5.    5.    5.    5.    5.    5.    5.
 1112. 1112. 
 1831. 1831. 1831. 1831. 1831. 1831. 1831. 1831. 1831. 1831. 1831. 1831.
 1831. 1112. 1112. 1831. 1831. 1831. 1831. 1831. 1112. 1112. 1831. 1831.
 1831. 1831. 
 1112. 1112. 1112. 1112. 1112. 1112. 1112. 1112. 1112.    5.    5.    5.
    5.    5.    5.    5.    5.    5.    5.    5.    5.    5.    5.    5.
    5.    5. 
    5.    5.    5.    5.    5.    5.    5.    5.    5. 1112. 1112. 1831.
 1831. 1831. 1831. 1831. 1831. 1831. 1831. 1831. 1831. 1831. 1831. 1831.
 1112. 1112. 
 1112. 1112. 1831. 1112. 1112. 1112. 1112. 1112. 1112. 1831. 1831. 1831.
 1112. 1112.    5.    5.    5.    5.    5.    5.    5.    5.    5.    5.
    5.    5. 
    5.    5.    5.    5.    5.    5.    5.    5.    5.    5.    5.    5.
    5.    5.    5.    5.    5.    5.    5.    5.    5. 1112. 1112. 1831.
 1831. 1831. 
 1831. 1831. 1831. 1831. 1831. 1831. 1831. 1831. 1831. 1112. 1112. 1112.
 1112. 1112. 1112. 1112. 1112.    5.    5.    5. 1112. 1831. 1831. 1831.
 1831. 1112. 
 5. 5. 5. 5. 5. 5. 5. 5. 5. 5. 5. 5. 5. 5. 5. 5. 5. 5. 5. 5. 5. 5. 5. 5.
 5. 5. 
    5.    5.    5.    5.    5.    5.    5. 1112. 1112. 1831. 1831. 1831.
 1112. 1112. 1112. 1112. 1112. 1112. 1112. 1112. 1112. 1112. 1112. 1112.
    5.    5. 
    5.    5.    5.    5.    5.    5. 1112. 1112. 1831. 1831. 1831. 1112.
 1112.    5.    5.    5.    5.    5.    5.    5.    5.    5.    5.    5.
    5.    5. 
    5.    5.    5.    5.    5.    5.    5.    5.    5.    5.    5.    5.
    5.    5.    5.    5.    5.    5.    5. 1112. 1112. 1831. 1831. 1831.
 1112. 1112. 
 1112. 1112. 1831. 1831. 1112. 1112. 1112. 1112.    5.    5.    5.    5.
    5.    5.    5.    5.    5.    5.    5. 1112. 1831. 1831. 1831. 1112.
 1112.    5. 
 5. 5. 5. 5. 5. 5. 5. 5. 5. 5. 5. 5. 5. 5. 5. 5. 5. 5. 5. 5. 5. 5. 5. 5.
 5. 5. 
    5. 1112. 1112. 1112. 1112. 1112. 1112. 1112. 1831. 1831. 1831. 1112.
 1112. 1831. 1831. 1831. 1112.    5.    5.    5.    5.    5.    5.    5.
    5.    5. 
    5.    5.    5.    5.    5. 1112. 1112. 1831. 1831. 1831. 1112.    5.
    5.    5.    5.    5.    5.    5.    5.    5.    5.    5.    5.    5.
    5.    5. 
    5.    5.    5.    5.    5.    5.    5.    5.    5.    5.    5.    5.
 1112. 1112. 1831. 1831. 1831. 1831. 1112. 1112. 1831. 1831. 1831. 1112.
 1112. 1112. 
 1831. 1831. 1112.    5.    5.    5.    5.    5.    5.    5.    5.    5.
    5.    5.    5.    5.    5. 1112. 1112. 1831. 1831. 1831. 1112.    5.
    5.    5. 
 5. 5. 5. 5. 5. 5. 5. 5. 5. 5. 5. 5. 5. 5. 
/