PERMI
 1623. 1623.   22.   22.   22. 1623. 2396. 2396. 2396. 2396. 2396. 2396.
 2396. 1623. 1623. 2396. 2396. 2396. 1623. 2396. 2396. 1623. 1623.   22.
   22.   22. 
   22.   22.   22.   22.   22.   22.   22.   22.   22.   22.   22.   22.
   22.   22.   22. 1623. 1623. 2396. 2396. 2396. 2396. 2396. 2396. 2396.
 1623. 1623. 
 1623. 1623. 1623. 2396. 2396. 2396. 1623.   22.   22.   22.   22.   22.
 2396. 1623. 1623.   22.   22. 1623. 1623. 2396. 2396. 2396. 2396. 2396.
 1623. 1623. 
 2396. 2396. 2396. 1623. 1623. 2396. 2396. 2396. 1623.   22.   22.   22.
   22.   22.   22.   22.   22.   22.   22.   22.   22.   22.   22.   22.
   22.   22. 
   22.   22. 1623. 2396. 2396. 2396. 2396. 2396. 1623. 1623. 1623.   22.
   22. 1623. 1623. 2396. 2396. 1623. 1623.   22.   22.   22.   22.   22.
 2396. 2396. 
 1623. 1623.   22.   22. 1623. 1623. 1623. 1623. 1623. 1623. 1623. 2396.
 2396. 2396. 2396. 1623. 2396. 2396. 2396. 2396. 1623.   22.   22.   22.
   22.   22. 
   22.   22.   22.   22.   22.   22.   22.   22.   22.   22.   22.   22.
   22.   22.   22. 1623. 1623. 1623. 1623. 1623. 1623.   22.   22.   22.
   22. 1623. 
 1623. 2396. 2396. 1623. 1623.   22.   22.   22.   22.   22. 2396. 2396.
 2396. 1623.   22.   22.   22.   22. 1623. 1623. 1623. 1623. 2396. 2396.
 2396. 2396. 
 1623. 1623. 1623. 2396. 2396. 2396. 1623. 1623.   22.   22.   22.   22.
 1623. 1623. 1623.   22.   22.   22.   22.   22.   22.   22.   22.   22.
   22.   22. 
   22.   22.   22.   22.   22.   22.   22.   22.   22.   22. 1623. 1623.
 2396. 2396. 2396. 1623. 1623.   22.   22.   22.   22.   22. 1623. 2396.
 2396. 1623. 
 1623.   22.   22.   22.   22.   22.   22. 1623. 2396. 2396. 2396. 1623.
 1623. 1623. 1623. 2396. 2396. 2396. 1623. 1623.   22.   22. 1623. 1623.
 1623. 1623. 
 1623. 1623. 1623.   22.   22.   22.   22.   22.   22.   22.   22.   22.
   22.   22.   22.   22.   22.   22.   22.   22.   22.   22. 1623. 1623.
 2396. 2396. 
 1623. 1623.   22.   22.   22.   22.   22. 1623. 1623. 2396. 2396. 1623.
 1623.   22.   22.   22.   22.   22.   22. 1623. 2396. 2396. 2396. 1623.
   22.   22. 
 1623. 2396. 2396. 2396. 2396. 1623. 1623. 1623. 1623. 2396. 2396. 2396.
 2396. 2396. 1623. 1623.   22.   22.   22.   22.   22.   22.   22.   22.
   22.   22. 
   22.   22.   22.   22.   22.   22.   22.   22. 1623. 1623. 2396. 2396.
 1623. 1623.   22.   22.   22. 1623. 1623. 1623. 1623. 2396. 2396. 1623.
 1623.   22. 
   22.   22.   22.   22. 1623. 1623. 2396. 2396. 2396. 1623.   22.   22.
 1623. 1623. 2396. 2396. 1623. 1623. 1623. 1623. 2396. 2396. 2396. 2396.
 2396. 2396. 
 2396. 1623. 1623.   22.   22.   22.   22.   22.   22.   22.   22.   22.
   22.   22.   22.   22.   22.   22.   22.   22. 1623. 2396. 2396. 2396.
 1623.   22. 
   22. 1623. 1623. 1623. 2396. 2396. 1623. 2396. 2396. 1623. 1623.   22.
   22.   22.   22.   22. 1623. 1623. 2396. 2396. 2396. 1623. 1623. 1623.
 1623. 1623. 
 1623. 1623. 1623. 2396. 2396. 1623. 1623. 2396. 2396. 2396. 2396. 2396.
 2396. 1623. 1623.   22.   22.   22.   22.   22.   22.   22.   22.   22.
   22.   22. 
   22.   22.   22.   22.   22.   22. 1623. 2396. 2396. 2396. 1623. 1623.
 1623. 1623. 2396. 2396. 2396. 2396. 2396. 2396. 2396. 1623. 1623.   22.
   22.   22. 
   22.   22. 1623. 1623. 2396. 2396. 2396. 1623. 1623. 1623. 1623. 1623.
 2396. 2396. 2396. 2396. 2396. 2396. 2396. 1623. 1623. 1623. 2396. 2396.
 2396. 1623. 
 1623.   22.   22.   22.   22.   22.   22.   22.   22.   22.   22.   22.
   22.   22.   22.   22.   22.   22. 1623. 2396. 2396. 2396. 1623. 1623.
 2396. 2396. 
 2396. 2396. 2396. 1623. 2396. 2396. 2396. 1623.   22.   22.   22.   22.
   22.   22.   22. 1623. 2396. 2396. 2396. 2396. 2396. 2396. 2396. 2396.
 2396. 2396. 
 2396. 2396. 2396. 2396. 2396. 1623. 1623. 1623. 2396. 2396. 2396. 1623.
   22.   22.   22.   22.   22.   22.   22.   22.   22.   22.   22.   22.
   22.   22. 
   22.   22.   22.   22. 1623. 1623. 2396. 2396. 2396. 2396. 2396. 2396.
 2396. 1623. 1623. 1623. 2396. 2396. 2396. 1623.   22.   22.   22.   22.
   22.   22. 
   22. 1623. 1623. 2396. 2396. 2396. 2396. 2396. 2396. 2396. 2396. 2396.
 1623. 1623. 1623. 2396. 2396. 2396. 1623. 1623. 2396. 2396. 2396. 1623.
   22.   22. 
   22.   22.   22.   22.   22.   22.   22.   22.   22.   22.   22.   22.
   22.   22.   22.   22.   22. 1623. 2396. 2396. 2396. 2396. 2396. 2396.
 1623. 1623. 
   22.   22. 2396. 2396. 2396. 1623.   22.   22.   22.   22.   22.   22.
   22.   22. 1623. 1623. 1623. 1623. 1623. 1623. 1623. 1623. 1623. 1623.
 1623. 1623. 
 1623. 2396. 2396. 2396. 1623. 2396. 2396. 2396. 1623. 1623.   22.   22.
   22.   22.   22.   22.   22.   22.   22.   22.   22.   22.   22.   22.
   22.   22. 
   22.   22.   22. 1623. 1623. 1623. 2396. 2396. 1623. 1623. 1623.   22.
   22.   22. 2396. 2396. 2396. 1623. 1623. 1623. 1623.   22.   22.   22.
   22.   22. 
   22.   22. 1623. 1623. 1623.   22.   22.   22.   22.   22.   22.   22.
 1623. 2396. 2396. 2396. 1623. 2396. 2396. 2396. 1623. 1623.   22.   22.
   22.   22. 
   22.   22.   22.   22.   22.   22.   22.   22.   22.   22.   22.   22.
   22.   22.   22.   22.   22. 1623. 1623. 1623. 1623.   22.   22.   22.
   22.   22. 
 2396. 2396. 2396. 2396. 2396. 2396. 1623. 1623. 1623.   22.   22.   22.
   22.   22.   22.   22.   22.   22.   22.   22.   22.   22.   22.   22.
 1623. 2396. 
 2396. 2396. 1623. 2396. 2396. 1623. 1623.   22.   22.   22.   22.   22.
   22.   22.   22.   22.   22.   22.   22.   22.   22.   22.   22.   22.
   22.   22. 
   22.   22.   22.   22.   22.   22.   22.   22.   22.   22.   22.   22.
 1623. 2396. 2396. 2396. 2396. 2396. 2396. 2396. 1623. 1623. 1623.   22.
   22.   22. 
   22.   22.   22.   22.   22.   22.   22.   22.   22. 1623. 2396. 2396.
 2396. 1623. 2396. 2396. 2396. 1623. 1623.   22.   22.   22.   22.   22.
   22.   22. 
   22.   22.   22.   22.   22.   22.   22.   22.   22.   22.   22.   22.
   22.   22.   22.   22.   22.   22.   22.   22.   22.   22.   22.   22.
 1623. 1623. 
 1623. 1623. 1623. 2396. 2396. 2396. 2396. 2396. 2396. 1623. 1623.   22.
   22.   22.   22.   22.   22.   22.   22.   22.   22. 1623. 2396. 2396.
 2396. 1623. 
 2396. 2396. 2396. 1623. 1623.   22.   22.   22.   22.   22.   22.   22.
   22.   22.   22.   22.   22.   22.   22.   22.   22.   22.   22.   22.
   22.   22. 
   22.   22.   22.   22.   22.   22.   22.   22.   22.   22.   22.   22.
 1623. 1623. 1623. 1623. 1623. 2396. 2396. 2396. 2396. 2396. 1623.   22.
   22.   22. 
   22.   22.   22.   22.   22.   22.   22. 1623. 2396. 2396. 2396. 1623.
 2396. 2396. 2396. 1623. 1623. 1623. 1623. 1623. 1623. 1623.   22.   22.
   22.   22. 
 22. 22. 22. 22. 22. 22. 22. 22. 22. 22. 22. 22. 22. 22. 22. 22. 22. 22.
 22. 22. 22. 22. 22. 22. 22. 22. 
   22.   22. 1623. 1623. 1623. 2396. 2396. 2396. 2396. 1623.   22.   22.
   22.   22.   22.   22.   22.   22. 1623. 1623. 2396. 2396. 1623. 1623.
 2396. 2396. 
 2396. 2396. 2396. 2396. 2396. 2396. 2396. 1623. 1623. 1623. 1623.   22.
   22.   22.   22.   22.   22.   22.   22.   22.   22.   22.   22.   22.
   22.   22. 
   22.   22.   22.   22.   22.   22.   22.   22.   22.   22.   22.   22.
   22.   22.   22.   22.   22. 1623. 2396. 2396. 2396. 2396. 1623.   22.
   22.   22. 
   22.   22.   22.   22. 1623. 2396. 2396. 2396. 1623. 1623. 1623. 2396.
 2396. 2396. 2396. 2396. 2396. 2396. 2396. 2396. 2396. 2396. 1623. 1623.
   22.   22. 
 22. 22. 22. 22. 22. 22. 22. 22. 22. 22. 22. 22. 22. 22. 22. 22. 22. 22.
 22. 22. 22. 22. 22. 22. 22. 22. 
   22.   22.   22.   22. 1623. 2396. 2396. 2396. 1623. 1623.   22.   22.
   22.   22.   22.   22. 1623. 2396. 2396. 2396. 1623. 1623. 1623. 1623.
 2396. 2396. 
 2396. 2396. 2396. 2396. 2396. 2396. 2396. 2396. 2396. 1623. 1623.   22.
   22.   22.   22.   22.   22.   22.   22.   22.   22.   22.   22.   22.
   22.   22. 
   22.   22.   22.   22.   22.   22.   22.   22.   22.   22.   22.   22.
   22.   22.   22.   22. 1623. 1623. 2396. 2396. 2396. 1623.   22.   22.
   22.   22. 
   22.   22. 1623. 2396. 2396. 2396. 2396. 1623. 1623. 1623. 1623. 1623.
 1623. 1623. 1623. 1623. 1623. 1623. 1623. 2396. 2396. 2396. 1623.   22.
   22.   22. 
 22. 22. 22. 22. 22. 22. 22. 22. 22. 22. 22. 22. 22. 22. 22. 22. 22. 22.
 22. 22. 22. 22. 22. 22. 22. 22. 
   22.   22.   22. 1623. 2396. 2396. 2396. 1623.   22.   22.   22.   22.
   22.   22. 1623. 2396. 2396. 2396. 2396. 2396. 1623. 1623.   22.   22.
   22.   22. 
   22.   22.   22. 1623. 1623. 2396. 2396. 1623. 1623.   22.   22.   22.
   22.   22.   22.   22.   22.   22.   22.   22.   22.   22.   22.   22.
   22.   22. 
   22.   22.   22.   22. 1623.   22.   22.   22.   22.   22.   22.   22.
   22.   22.   22. 1623. 1623. 2396. 2396. 1623.   22.   22.   22.   22.
   22.   22. 
   22. 1623. 2396. 2396. 2396. 2396. 2396. 2396. 1623. 1623. 1623.   22.
   22.   22.   22. 1623. 1623. 2396. 2396. 1623.   22.   22.   22.   22.
   22.   22. 
   22.   22.   22.   22.   22.   22.   22.   22.   22.   22.   22.   22.
   22.   22.   22.   22. 1623.   22.   22.   22.   22.   22.   22.   22.
   22.   22. 
   22. 1623. 1623. 2396. 2396. 1623. 1623.   22.   22.   22.   22.   22.
   22. 1623. 1623. 2396. 2396. 2396. 2396. 2396. 2396. 2396. 1623. 1623.
 1623.   22. 
   22. 1623. 2396. 2396. 2396. 1623.   22.   22.   22.   22.   22.   22.
   22.   22.   22.   22.   22.   22.   22.   22.   22.   22.   22.   22.
   22.   22. 
   22.   22. 1623. 1623.   22.   22.   22.   22.   22.   22.   22.   22.
   22.   22. 1623. 2396. 2396. 2396. 1623.   22.   22.   22. 1623. 1623.
 1623. 1623. 
 1623. 1623. 1623. 2396. 2396. 2396. 2396. 2396. 2396. 2396. 1623. 1623.
 1623. 1623. 2396. 2396. 1623. 1623.   22.   22.   22.   22.   22.   22.
   22.   22. 
   22.   22.   22.   22.   22.   22.   22.   22.   22.   22.   22.   22.
   22.   22. 1623. 1623.   22.   22.   22.   22.   22.   22.   22.   22.
   22.   22. 
 1623. 1623. 2396. 2396. 1623. 1623. 1623. 1623. 1623. 2396. 2396. 2396.
 2396. 2396. 2396. 1623. 1623. 1623. 2396. 2396. 2396. 2396. 2396. 2396.
 1623. 2396. 
 2396. 2396. 1623. 1623.   22.   22.   22.   22.   22.   22.   22.   22.
   22.   22.   22.   22.   22.   22.   22.   22.   22.   22.   22.   22.
   22.   22. 
 1623. 1623.   22.   22.   22.   22.   22.   22.   22.   22.   22.   22.
   22. 1623. 2396. 2396. 2396. 1623. 2396. 2396. 2396. 2396. 2396. 2396.
 2396. 2396. 
 2396. 2396. 2396. 1623. 1623. 1623. 1623. 2396. 2396. 2396. 1623. 1623.
 2396. 2396. 1623. 1623.   22. 1623. 1623. 1623. 1623. 1623.   22.   22.
   22.   22. 
   22.   22.   22.   22.   22.   22.   22.   22.   22.   22.   22.   22.
 1623. 1623.   22.   22.   22.   22.   22.   22.   22.   22.   22.   22.
   22. 1623. 
 1623. 2396. 2396. 2396. 2396. 2396. 2396. 2396. 2396. 2396. 2396. 2396.
 2396. 2396. 2396. 1623. 1623.   22. 1623. 1623. 2396. 2396. 2396. 1623.
 2396. 2396. 
 1623. 1623. 1623. 1623. 1623. 1623. 1623. 1623. 1623. 1623.   22.   22.
   22.   22.   22.   22.   22.   22.   22.   22.   22.   22.   22.   22.
 1623. 1623. 
 1623. 1623. 1623. 1623. 1623. 1623.   22.   22.   22.   22.   22.   22.
 1623. 2396. 2396. 2396. 2396. 2396. 1623. 1623. 1623. 1623. 1623. 1623.
 1623. 2396. 
 2396. 2396. 1623.   22.   22.   22. 1623. 2396. 2396. 1623. 2396. 2396.
 1623. 1623. 2396. 2396. 2396. 2396. 2396. 2396. 2396. 1623. 1623.   22.
   22.   22. 
   22.   22.   22.   22.   22.   22.   22.   22.   22.   22. 1623. 1623.
 1623. 1623. 2396. 2396. 2396. 1623. 1623.   22.   22.   22.   22.   22.
 1623. 1623. 
 1623. 1623. 1623. 1623. 1623. 1623.   22.   22.   22. 1623. 1623. 2396.
 2396. 2396. 1623.   22.   22.   22. 1623. 2396. 2396. 1623. 2396. 2396.
 2396. 2396. 
 2396. 2396. 2396. 2396. 2396. 2396. 2396. 2396. 1623.   22.   22.   22.
   22.   22.   22.   22.   22.   22.   22.   22.   22.   22. 1623. 1623.
 2396. 2396. 
 2396. 2396. 2396. 2396. 1623. 1623.   22.   22.   22.   22.   22.   22.
   22. 1623.   22.   22.   22.   22.   22.   22. 1623. 1623. 2396. 2396.
 2396. 1623. 
 1623.   22.   22. 1623. 2396. 2396. 2396. 1623. 2396. 2396. 2396. 2396.
 2396. 2396. 2396. 2396. 2396. 2396. 2396. 2396. 1623.   22.   22.   22.
   22.   22. 
   22.   22.   22.   22.   22.   22.   22.   22. 1623. 1623. 2396. 2396.
 2396. 2396. 2396. 2396. 1623. 1623.   22.   22.   22.   22.   22.   22.
   22.   22. 
   22.   22.   22.   22.   22. 1623. 1623. 2396. 2396. 2396. 2396. 1623.
   22.   22.   22. 1623. 2396. 2396. 2396. 1623. 1623. 2396. 1623. 1623.
 1623. 1623. 
 1623. 1623. 1623. 2396. 2396. 2396. 1623.   22.   22.   22.   22.   22.
   22.   22.   22.   22.   22.   22.   22.   22. 1623. 2396. 2396. 2396.
 1623. 1623. 
 2396. 2396. 1623. 1623.   22.   22.   22.   22.   22.   22.   22.   22.
   22.   22.   22.   22. 1623. 1623. 2396. 2396. 2396. 2396. 1623.   22.
   22.   22. 
   22. 1623. 2396. 2396. 1623. 1623. 1623. 1623. 1623. 1623. 1623. 1623.
 1623. 1623. 2396. 2396. 2396. 1623. 1623.   22.   22.   22.   22.   22.
   22.   22. 
   22.   22.   22.   22.   22.   22. 1623. 2396. 2396. 1623. 1623. 2396.
 2396. 2396. 1623. 1623.   22.   22.   22.   22.   22.   22.   22.   22.
   22.   22. 
   22.   22. 1623. 2396. 2396. 2396. 2396. 1623. 1623.   22.   22.   22.
 1623. 2396. 2396. 2396. 1623.   22.   22.   22.   22.   22.   22. 1623.
 2396. 2396. 
 2396. 2396. 1623. 1623.   22.   22.   22.   22.   22.   22.   22.   22.
   22.   22.   22.   22.   22.   22. 1623. 1623. 1623. 1623. 1623. 2396.
 2396. 2396. 
 1623. 1623.   22.   22.   22.   22.   22.   22.   22.   22.   22.   22.
   22. 1623. 1623. 2396. 2396. 2396. 1623. 1623. 1623. 1623. 1623. 1623.
 1623. 2396. 
 2396. 1623. 1623.   22.   22.   22.   22.   22. 1623. 1623. 2396. 2396.
 2396. 2396. 1623.   22.   22.   22.   22.   22.   22.   22.   22.   22.
   22.   22. 
   22.   22.   22.   22. 2396. 2396. 1623. 1623. 1623. 1623. 1623. 1623.
 1623.   22.   22.   22.   22.   22.   22.   22.   22.   22.   22.   22.
   22. 1623. 
 2396. 2396. 2396. 2396. 2396. 2396. 2396. 2396. 2396. 2396. 1623. 2396.
 2396. 1623. 1623.   22.   22.   22.   22.   22. 1623. 2396. 2396. 2396.
 2396. 1623. 
 1623.   22.   22.   22.   22.   22.   22.   22.   22.   22.   22.   22.
   22.   22.   22.   22. 2396. 2396. 2396. 2396. 2396. 2396. 1623. 1623.
 1623. 1623. 
   22.   22.   22.   22.   22.   22.   22.   22.   22.   22.   22. 1623.
 1623. 2396. 2396. 2396. 2396. 2396. 2396. 2396. 2396. 2396. 1623. 2396.
 2396. 1623. 
 1623. 1623.   22.   22.   22. 1623. 2396. 2396. 2396. 2396. 1623. 1623.
 1623. 1623. 1623. 1623. 1623. 1623. 1623. 1623.   22.   22.   22.   22.
   22.   22. 
   22.   22. 2396. 2396. 2396. 2396. 2396. 2396. 2396. 2396. 2396. 1623.
 1623.   22.   22.   22.   22.   22.   22.   22.   22.   22.   22.   22.
 1623. 1623. 
 2396. 2396. 1623. 1623. 1623. 2396. 2396. 1623. 2396. 2396. 2396. 1623.
 1623. 1623. 1623.   22.   22. 1623. 2396. 2396. 2396. 1623. 1623. 1623.
 1623. 1623. 
 1623. 1623. 1623. 1623. 1623. 1623. 1623. 1623.   22.   22.   22.   22.
   22.   22. 1623. 1623. 2396. 2396. 2396. 2396. 2396. 2396. 2396. 2396.
 1623. 1623. 
   22.   22.   22.   22.   22.   22.   22.   22.   22.   22.   22. 1623.
 1623. 1623. 1623. 1623. 1623. 1623. 1623. 1623. 1623. 2396. 2396. 2396.
 2396. 1623. 
 1623. 1623. 1623. 1623. 2396. 2396. 2396. 2396. 2396. 2396. 2396. 2396.
 2396. 2396. 2396. 2396. 2396. 2396. 2396. 1623.   22.   22.   22.   22.
   22.   22. 
   22. 1623. 1623. 1623. 1623. 2396. 2396. 2396. 2396. 2396. 2396. 1623.
   22.   22.   22.   22.   22.   22.   22.   22.   22.   22.   22.   22.
   22.   22. 
   22.   22.   22.   22.   22.   22. 1623. 2396. 2396. 2396. 2396. 2396.
 2396. 2396. 1623. 1623. 1623. 2396. 2396. 2396. 2396. 2396. 2396. 2396.
 2396. 2396. 
 2396. 2396. 2396. 2396. 2396. 1623. 1623.   22.   22.   22.   22.   22.
   22. 1623. 2396. 2396. 1623. 1623. 1623. 1623. 2396. 2396. 2396. 1623.
   22.   22. 
   22.   22.   22.   22.   22.   22.   22.   22.   22.   22.   22.   22.
   22.   22.   22.   22.   22.   22. 1623. 1623. 2396. 2396. 2396. 2396.
 2396. 2396. 
 2396. 2396. 2396. 1623. 1623. 2396. 2396. 2396. 2396. 2396. 1623. 1623.
 1623. 1623. 1623. 2396. 2396. 2396. 1623.   22.   22.   22.   22.   22.
   22. 1623. 
 2396. 2396. 2396. 1623. 1623. 1623. 2396. 2396. 2396. 1623.   22.   22.
   22.   22.   22.   22.   22.   22.   22.   22.   22.   22.   22.   22.
   22.   22. 
   22.   22.   22.   22.   22. 1623. 1623. 1623. 1623. 1623. 2396. 2396.
 2396. 2396. 2396. 2396. 1623. 1623. 1623. 1623. 1623. 1623. 1623. 1623.
 1623. 1623. 
 1623. 1623. 2396. 2396. 1623. 1623.   22.   22.   22.   22.   22. 1623.
 2396. 2396. 2396. 2396. 1623. 2396. 2396. 2396. 2396. 1623. 1623.   22.
   22.   22. 
   22.   22.   22.   22.   22.   22.   22.   22.   22.   22.   22.   22.
   22.   22.   22.   22.   22.   22. 1623. 2396. 2396. 1623. 1623. 1623.
 1623. 2396. 
 2396. 2396. 2396. 1623. 2396. 2396. 2396. 2396. 1623.   22.   22.   22.
 1623. 1623. 2396. 2396. 2396. 1623.   22.   22.   22.   22.   22. 1623.
 1623. 2396. 
 2396. 2396. 1623. 2396. 2396. 2396. 2396. 1623. 1623. 1623. 1623.   22.
 1623. 1623. 1623. 1623. 1623. 1623.   22.   22.   22.   22.   22.   22.
   22.   22. 
   22.   22.   22. 1623. 1623. 2396. 2396. 2396. 1623.   22. 1623. 1623.
 1623. 2396. 2396. 1623. 1623. 2396. 2396. 2396. 1623.   22.   22.   22.
 1623. 1623. 
 2396. 2396. 2396. 1623. 1623.   22.   22.   22.   22.   22. 1623. 1623.
 1623. 1623. 1623. 2396. 2396. 2396. 2396. 1623. 2396. 2396. 1623. 1623.
 1623. 2396. 
 2396. 2396. 2396. 1623. 1623.   22.   22.   22.   22.   22.   22.   22.
   22.   22.   22.   22. 1623. 2396. 2396. 2396. 1623.   22.   22. 1623.
 1623. 2396. 
 2396. 2396. 1623. 2396. 2396. 2396. 1623. 1623.   22.   22.   22. 1623.
 1623. 2396. 2396. 2396. 1623.   22.   22.   22.   22.   22.   22.   22.
 1623. 1623. 
 1623. 2396. 2396. 2396. 2396. 1623. 2396. 1623. 1623. 1623. 2396. 2396.
 2396. 2396. 2396. 2396. 1623. 1623.   22.   22.   22.   22.   22.   22.
   22.   22. 
   22.   22. 1623. 2396. 2396. 2396. 1623.   22. 1623. 1623. 2396. 2396.
 2396. 1623. 1623. 1623. 2396. 2396. 2396. 1623.   22.   22.   22. 1623.
 1623. 2396. 
 2396. 2396. 1623. 1623. 1623. 1623.   22.   22.   22.   22.   22.   22.
 1623. 1623. 2396. 2396. 2396. 1623. 1623. 1623. 2396. 2396. 2396. 2396.
 2396. 2396. 
 2396. 2396. 2396. 1623.   22.   22.   22.   22.   22.   22.   22.   22.
   22.   22. 1623. 2396. 2396. 2396. 1623. 1623. 2396. 2396. 2396. 2396.
 2396. 1623. 
   22. 1623. 2396. 2396. 2396. 1623.   22.   22.   22.   22. 1623. 1623.
 2396. 2396. 2396. 1623. 1623. 1623.   22.   22.   22.   22.   22.   22.
 1623. 1623. 
 2396. 2396. 2396. 1623. 1623. 2396. 2396. 2396. 2396. 2396. 1623. 1623.
 2396. 2396. 2396. 1623.   22.   22.   22.   22.   22.   22.   22.   22.
   22.   22. 
 1623. 1623. 2396. 2396. 1623. 1623. 2396. 2396. 2396. 2396. 1623.   22.
   22. 1623. 1623. 2396. 2396. 2396. 1623.   22.   22.   22.   22. 1623.
 1623. 2396. 
 2396. 2396. 2396. 2396.   22.   22.   22.   22.   22.   22.   22. 1623.
 2396. 2396. 2396. 2396. 2396. 2396. 2396. 2396. 2396. 1623. 1623. 1623.
 2396. 2396. 
 2396. 1623.   22.   22.   22.   22.   22.   22.   22.   22.   22.   22.
   22. 1623. 2396. 2396. 1623. 2396. 2396. 2396. 2396. 1623. 1623.   22.
   22.   22. 
 1623. 2396. 2396. 2396. 1623.   22.   22.   22.   22. 1623. 1623. 2396.
 2396. 2396. 2396. 2396.   22.   22.   22.   22.   22.   22.   22. 1623.
 1623. 2396. 
 2396. 2396. 2396. 2396. 2396. 2396. 1623. 1623. 1623. 1623. 2396. 2396.
 2396. 1623.   22.   22.   22.   22. 1623. 1623. 1623. 1623.   22.   22.
   22. 1623. 
 1623. 2396. 1623. 2396. 2396. 2396. 1623. 1623.   22.   22.   22.   22.
 1623. 2396. 2396. 2396. 1623. 1623. 1623. 1623. 1623. 1623. 1623. 1623.
 1623. 1623. 
 2396. 1623. 1623.   22.   22.   22.   22.   22.   22.   22. 1623. 1623.
 1623. 2396. 2396. 2396. 1623. 1623. 1623.   22. 1623. 1623. 2396. 2396.
 1623. 1623. 
   22.   22. 1623. 1623. 1623. 2396. 2396. 1623. 1623.   22.   22.   22.
   22. 1623. 2396. 2396. 2396. 2396. 1623.   22.   22.   22.   22.   22.
 1623. 2396. 
 2396. 2396. 1623. 1623. 1623. 1623. 2396. 2396. 2396. 1623. 1623. 1623.
 1623. 1623. 2396. 1623.   22.   22.   22.   22.   22.   22. 1623. 1623.
 1623. 1623. 
 1623. 1623. 1623.   22.   22.   22. 1623. 2396. 2396. 2396. 1623. 1623.
   22. 1623. 1623. 2396. 2396. 2396. 2396. 2396. 1623. 1623.   22.   22.
   22. 1623. 
 2396. 2396. 2396. 2396. 1623. 1623. 1623. 1623. 1623. 1623. 1623. 1623.
 2396. 2396. 2396. 2396. 2396. 2396. 2396. 2396. 2396. 2396. 2396. 2396.
 2396. 2396. 
 2396. 1623. 1623.   22.   22.   22.   22.   22. 1623. 2396. 2396. 2396.
 1623. 1623.   22.   22.   22.   22. 1623. 1623. 2396. 2396. 2396. 1623.
 1623. 1623. 
 2396. 2396. 2396. 2396. 2396. 2396. 2396. 1623.   22.   22.   22. 1623.
 2396. 2396. 2396. 1623. 1623. 1623. 1623. 1623. 2396. 2396. 2396. 1623.
 1623. 2396. 
 2396. 2396. 2396. 2396. 2396. 2396. 2396. 1623. 2396. 2396. 2396. 2396.
 2396. 2396. 1623.   22.   22.   22.   22.   22. 1623. 2396. 2396. 2396.
 1623.   22. 
 1623. 1623. 1623. 1623. 1623. 1623. 2396. 2396. 2396. 1623. 2396. 2396.
 2396. 2396. 1623. 1623. 1623. 2396. 2396. 1623.   22.   22.   22. 1623.
 2396. 2396. 
 2396. 2396. 2396. 2396. 2396. 2396. 2396. 2396. 2396. 2396. 1623. 1623.
 2396. 2396. 1623. 1623. 1623. 1623. 1623. 1623. 1623. 2396. 2396. 2396.
 2396. 2396. 
 1623. 1623.   22.   22.   22.   22. 1623. 2396. 2396. 2396. 1623. 1623.
 1623. 2396. 2396. 2396. 2396. 1623. 2396. 2396. 2396. 2396. 2396. 2396.
 2396. 1623. 
 1623. 1623. 2396. 2396. 2396. 1623.   22.   22.   22. 1623. 1623. 2396.
 2396. 2396. 2396. 2396. 2396. 2396. 2396. 2396. 2396. 2396. 2396. 1623.
 1623. 1623. 
 1623. 1623. 1623.   22.   22. 1623. 2396. 2396. 2396. 2396. 2396. 2396.
 2396. 1623.   22.   22.   22.   22. 1623. 2396. 2396. 2396. 2396. 2396.
 2396. 2396. 
 2396. 2396. 2396. 1623. 1623. 2396. 2396. 2396. 2396. 2396. 1623. 1623.
   22. 1623. 2396. 2396. 2396. 1623.   22.   22.   22.   22. 1623. 1623.
 2396. 2396. 
 2396. 2396. 2396. 2396. 1623. 1623. 2396. 2396. 2396. 1623.   22.   22.
   22.   22.   22.   22. 1623. 1623. 2396. 2396. 2396. 2396. 2396. 2396.
 2396. 1623. 
   22.   22.   22.   22. 1623. 2396. 2396. 2396. 2396. 2396. 2396. 2396.
 2396. 2396. 2396. 2396. 2396. 1623. 1623. 1623. 1623. 1623. 1623.   22.
 1623. 1623. 
 2396. 2396. 1623. 1623.   22.   22.   22.   22.   22.   22. 1623. 1623.
 1623. 1623. 1623. 1623. 1623. 1623. 2396. 2396. 2396. 1623.   22.   22.
   22.   22. 
   22. 1623. 1623. 2396. 2396. 2396. 2396. 1623. 2396. 2396. 2396. 1623.
   22.   22.   22.   22. 1623. 1623. 1623. 1623. 1623. 1623. 1623. 2396.
 2396. 1623. 
 1623. 1623. 1623. 1623. 1623. 1623. 2396. 2396. 1623. 1623. 1623. 2396.
 2396. 2396. 1623.   22.   22.   22.   22.   22.   22.   22.   22. 1623.
 1623. 1623. 
   22.   22.   22. 1623. 2396. 2396. 2396. 1623.   22.   22.   22.   22.
   22. 1623. 1623. 2396. 2396. 2396. 2396. 1623. 2396. 2396. 2396. 1623.
 1623.   22. 
   22. 1623. 1623. 1623. 1623. 2396. 2396. 2396. 1623. 1623. 1623. 1623.
 1623. 1623.   22. 1623. 1623. 2396. 2396. 2396. 1623. 1623. 1623. 2396.
 2396. 2396. 
 1623.   22.   22.   22.   22. 1623. 1623. 1623. 1623. 1623. 1623. 1623.
 1623. 1623.   22. 1623. 2396. 2396. 2396. 1623.   22.   22.   22.   22.
 1623. 1623. 
 2396. 2396. 2396. 2396. 1623. 1623. 2396. 2396. 2396. 1623. 1623. 1623.
 1623. 1623. 2396. 2396. 2396. 2396. 2396. 2396. 2396. 1623.   22.   22.
   22.   22. 
   22. 1623. 1623. 2396. 2396. 2396. 1623. 1623. 1623. 2396. 2396. 2396.
 1623. 1623. 1623. 1623. 1623. 2396. 2396. 2396. 2396. 2396. 2396. 2396.
 2396. 1623. 
 1623. 1623. 2396. 2396. 2396. 1623.   22.   22.   22.   22. 1623. 2396.
 2396. 2396. 2396. 1623. 1623.   22. 2396. 2396. 2396. 2396. 1623. 1623.
 2396. 2396. 
 2396. 2396. 2396. 2396. 2396. 2396. 2396. 1623.   22.   22.   22.   22.
   22.   22. 1623. 2396. 2396. 2396. 2396. 1623. 1623. 1623. 2396. 2396.
 2396. 2396. 
 2396. 2396. 2396. 2396. 2396. 2396. 2396. 2396. 2396. 2396. 2396. 2396.
 1623. 1623. 2396. 2396. 1623. 1623.   22.   22.   22. 1623. 1623. 2396.
 2396. 2396. 
 1623. 1623. 1623. 1623. 1623. 2396. 2396. 2396. 2396. 2396. 2396. 2396.
 2396. 2396. 2396. 1623. 2396. 2396. 2396. 1623.   22.   22.   22.   22.
   22.   22. 
 1623. 1623. 2396. 2396. 2396. 1623. 1623. 1623. 2396. 2396. 2396. 2396.
 2396. 2396. 2396. 2396. 2396. 2396. 2396. 2396. 1623. 2396. 2396. 2396.
 1623. 1623. 
 2396. 2396. 1623. 1623.   22.   22.   22. 1623. 1623. 2396. 2396. 2396.
 1623. 1623. 1623. 1623. 1623. 1623. 2396. 2396. 2396. 2396. 2396. 2396.
 2396. 1623. 
 1623. 1623. 2396. 2396. 2396. 1623.   22.   22.   22.   22.   22.   22.
 1623. 1623. 2396. 2396. 2396. 1623. 1623. 1623. 1623. 2396. 2396. 2396.
 2396. 2396. 
 2396. 1623. 1623. 1623. 1623. 1623. 1623. 1623. 2396. 2396. 1623. 1623.
 2396. 2396. 1623. 1623. 1623. 1623.   22. 1623. 1623. 2396. 2396. 2396.
 2396. 2396. 
 2396. 2396. 1623. 1623. 1623. 1623. 2396. 2396. 2396. 1623. 1623. 1623.
   22. 1623. 2396. 2396. 2396. 1623. 1623.   22. 1623. 1623. 1623. 1623.
 1623. 1623. 
 1623. 2396. 2396. 2396. 1623. 2396. 1623. 1623. 1623. 1623. 1623. 1623.
 1623. 1623. 2396. 2396. 2396. 1623. 1623. 2396. 2396. 2396. 1623. 1623.
 2396. 2396. 
 1623. 1623. 2396. 1623. 1623.   22. 1623. 1623. 1623. 1623. 1623. 1623.
 2396. 2396. 
/