PERMI
 9. 9. 9. 9. 9. 9. 9. 9. 9. 9. 9. 9. 9. 9. 9. 9. 9. 9. 9. 9. 9. 9. 9. 9.
 9. 9. 
 9. 9. 9. 9. 9. 9. 9. 9. 9. 9. 9. 9. 9. 9. 9. 9. 9. 9. 9. 9. 9. 9. 9. 9.
 9. 9. 
    9. 1339. 1339. 1339. 1339. 1779. 1779. 1779. 1779. 1779. 1779. 1779.
    9.    9.    9.    9.    9.    9.    9.    9.    9.    9.    9.    9.
    9.    9. 
 9. 9. 9. 9. 9. 9. 9. 9. 9. 9. 9. 9. 9. 9. 9. 9. 9. 9. 9. 9. 9. 9. 9. 9.
 9. 9. 
    9.    9.    9.    9.    9.    9.    9.    9.    9.    9.    9.    9.
    9.    9.    9. 1339. 1339. 1339. 1339. 1339. 1339. 1339. 1339. 1779.
    9.    9. 
 9. 9. 9. 9. 9. 9. 9. 9. 9. 9. 9. 9. 9. 9. 9. 9. 9. 9. 9. 9. 9. 9. 9. 9.
 9. 9. 
 9. 9. 9. 9. 9. 9. 9. 9. 9. 9. 9. 9. 9. 9. 9. 9. 9. 9. 9. 9. 9. 9. 9. 9.
 9. 9. 
    9.    9.    9.    9.    9.    9.    9. 1339. 1339. 1339.    9.    9.
    9.    9.    9.    9.    9.    9.    9.    9.    9.    9.    9.    9.
    9.    9. 
 9. 9. 9. 9. 9. 9. 9. 9. 9. 9. 9. 9. 9. 9. 9. 9. 9. 9. 9. 9. 9. 9. 9. 9.
 9. 9. 
    9.    9.    9.    9.    9.    9.    9.    9.    9.    9.    9.    9.
    9.    9.    9.    9.    9.    9.    9.    9.    9.    9. 1339.    9.
    9.    9. 
 9. 9. 9. 9. 9. 9. 9. 9. 9. 9. 9. 9. 9. 9. 9. 9. 9. 9. 9. 9. 9. 9. 9. 9.
 9. 9. 
 9. 9. 9. 9. 9. 9. 9. 9. 9. 9. 9. 9. 9. 9. 9. 9. 9. 9. 9. 9. 9. 9. 9. 9.
 9. 9. 
    9.    9.    9.    9.    9.    9.    9.    9. 1339.    9.    9.    9.
    9.    9.    9.    9.    9.    9.    9.    9.    9.    9.    9.    9.
    9.    9. 
 9. 9. 9. 9. 9. 9. 9. 9. 9. 9. 9. 9. 9. 9. 9. 9. 9. 9. 9. 9. 9. 9. 9. 9.
 9. 9. 
    9.    9.    9.    9.    9.    9.    9.    9.    9.    9.    9.    9.
    9.    9.    9.    9.    9.    9.    9.    9. 1339. 1339.    9.    9.
    9.    9. 
 9. 9. 9. 9. 9. 9. 9. 9. 9. 9. 9. 9. 9. 9. 9. 9. 9. 9. 9. 9. 9. 9. 9. 9.
 9. 9. 
 9. 9. 9. 9. 9. 9. 9. 9. 9. 9. 9. 9. 9. 9. 9. 9. 9. 9. 9. 9. 9. 9. 9. 9.
 9. 9. 
    9.    9.    9.    9.    9.    9. 1779. 1339. 1339.    9.    9.    9.
    9.    9.    9.    9.    9.    9.    9.    9.    9.    9.    9.    9.
    9.    9. 
 9. 9. 9. 9. 9. 9. 9. 9. 9. 9. 9. 9. 9. 9. 9. 9. 9. 9. 9. 9. 9. 9. 9. 9.
 9. 9. 
    9.    9.    9.    9.    9.    9.    9.    9.    9.    9.    9.    9.
    9.    9.    9.    9.    9.    9. 1779. 1339. 1339.    9.    9.    9.
    9.    9. 
 9. 9. 9. 9. 9. 9. 9. 9. 9. 9. 9. 9. 9. 9. 9. 9. 9. 9. 9. 9. 9. 9. 9. 9.
 9. 9. 
 9. 9. 9. 9. 9. 9. 9. 9. 9. 9. 9. 9. 9. 9. 9. 9. 9. 9. 9. 9. 9. 9. 9. 9.
 9. 9. 
    9.    9.    9.    9. 1779. 1779. 1339.    9.    9.    9.    9.    9.
    9.    9.    9.    9.    9.    9.    9.    9.    9.    9.    9.    9.
    9.    9. 
 9. 9. 9. 9. 9. 9. 9. 9. 9. 9. 9. 9. 9. 9. 9. 9. 9. 9. 9. 9. 9. 9. 9. 9.
 9. 9. 
    9.    9.    9.    9.    9.    9.    9.    9.    9.    9.    9.    9.
    9.    9.    9.    9. 1779. 1779. 1339. 1339.    9.    9.    9.    9.
    9.    9. 
 9. 9. 9. 9. 9. 9. 9. 9. 9. 9. 9. 9. 9. 9. 9. 9. 9. 9. 9. 9. 9. 9. 9. 9.
 9. 9. 
 9. 9. 9. 9. 9. 9. 9. 9. 9. 9. 9. 9. 9. 9. 9. 9. 9. 9. 9. 9. 9. 9. 9. 9.
 9. 9. 
    9.    9. 1779. 1779. 1339. 1339.    9.    9.    9.    9.    9.    9.
    9.    9.    9.    9.    9.    9.    9.    9.    9.    9.    9.    9.
    9.    9. 
 9. 9. 9. 9. 9. 9. 9. 9. 9. 9. 9. 9. 9. 9. 9. 9. 9. 9. 9. 9. 9. 9. 9. 9.
 9. 9. 
    9.    9.    9.    9.    9.    9.    9.    9.    9.    9.    9.    9.
    9.    9. 1779. 1779. 1779. 1339. 1339. 1339. 1339. 1339. 1339. 1339.
 1339. 1339. 
 9. 9. 9. 9. 9. 9. 9. 9. 9. 9. 9. 9. 9. 9. 9. 9. 9. 9. 9. 9. 9. 9. 9. 9.
 9. 9. 
 9. 9. 9. 9. 9. 9. 9. 9. 9. 9. 9. 9. 9. 9. 9. 9. 9. 9. 9. 9. 9. 9. 9. 9.
 9. 9. 
 1779. 1779. 1779. 1779. 1779. 1779. 1779. 1779. 1779. 1779. 1779. 1339.
 1339.    9.    9.    9.    9.    9.    9.    9.    9.    9.    9.    9.
    9.    9. 
 9. 9. 9. 9. 9. 9. 9. 9. 9. 9. 9. 9. 9. 9. 9. 9. 9. 9. 9. 9. 9. 9. 9. 9.
 9. 9. 
    9.    9.    9.    9.    9.    9.    9.    9.    9.    9.    9.    9.
 1339. 1779. 1779. 1779. 1779. 1779. 1779. 1779. 1779. 1779. 1779. 1779.
 1339. 1339. 
 9. 9. 9. 9. 9. 9. 9. 9. 9. 9. 9. 9. 9. 9. 9. 9. 9. 9. 9. 9. 9. 9. 9. 9.
 9. 9. 
    9.    9.    9.    9.    9.    9.    9.    9.    9.    9.    9.    9.
    9.    9.    9.    9.    9.    9.    9.    9.    9.    9.    9.    9.
 1339. 1339. 
 1779. 1779. 1779. 1779. 1779. 1779. 1779. 1779. 1779. 1779. 1779. 1339.
 1339.    9.    9.    9.    9.    9.    9.    9.    9.    9.    9.    9.
    9.    9. 
 9. 9. 9. 9. 9. 9. 9. 9. 9. 9. 9. 9. 9. 9. 9. 9. 9. 9. 9. 9. 9. 9. 9. 9.
 9. 9. 
    9.    9.    9.    9.    9.    9.    9.    9.    9.    9. 1339. 1339.
 1339. 1339. 1339. 1339. 1339. 1339. 1339. 1779. 1779. 1779. 1779. 1779.
 1339.    9. 
    9.    9.    9.    9.    9. 1339. 1339. 1339. 1339. 1339.    9.    9.
    9.    9.    9.    9.    9.    9.    9.    9.    9.    9.    9.    9.
    9.    9. 
    9.    9.    9.    9.    9.    9.    9.    9.    9.    9.    9.    9.
    9.    9.    9.    9.    9.    9.    9.    9.    9.    9.    9.    9.
 1339. 1339. 
 1339. 1339. 1339. 1339. 1339. 1339. 1339. 1779. 1779. 1779. 1339.    9.
    9.    9. 1339. 1339. 1339. 1339. 1339. 1339. 1339. 1339. 1339. 1339.
 1339.    9. 
 9. 9. 9. 9. 9. 9. 9. 9. 9. 9. 9. 9. 9. 9. 9. 9. 9. 9. 9. 9. 9. 9. 9. 9.
 9. 9. 
    9.    9.    9.    9.    9.    9.    9.    9.    9.    9.    9.    9.
    9.    9.    9.    9.    9.    9. 1339. 1779. 1779. 1779. 1339. 1339.
    9. 1339. 
 1339. 1779. 1779. 1779. 1779. 1779. 1779. 1779. 1779. 1339. 1339. 1339.
 1339.    9.    9.    9.    9.    9.    9.    9.    9.    9.    9.    9.
    9.    9. 
 9. 9. 9. 9. 9. 9. 9. 9. 9. 9. 9. 9. 9. 9. 9. 9. 9. 9. 9. 9. 9. 9. 9. 9.
 9. 9. 
    9.    9.    9.    9. 1339. 1779. 1779. 1779. 1779. 1339. 1339. 1339.
 1779. 1779. 1779. 1779. 1779. 1779. 1779. 1779. 1779. 1779. 1779. 1339.
 1339. 1339. 
 9. 9. 9. 9. 9. 9. 9. 9. 9. 9. 9. 9. 9. 9. 9. 9. 9. 9. 9. 9. 9. 9. 9. 9.
 9. 9. 
    9.    9.    9.    9.    9.    9.    9.    9.    9.    9.    9.    9.
    9.    9.    9.    9. 1339. 1339. 1779. 1779. 1779. 1779. 1779. 1779.
 1779. 1779. 
 1779. 1779. 1779. 1779. 1779. 1779. 1779. 1779. 1779. 1779. 1779. 1339.
 1339. 1339. 1339. 1339. 1339. 1339. 1339.    9.    9.    9.    9.    9.
    9.    9. 
 9. 9. 9. 9. 9. 9. 9. 9. 9. 9. 9. 9. 9. 9. 9. 9. 9. 9. 9. 9. 9. 9. 9. 9.
 9. 9. 
    9.    9.    9. 1339. 1779. 1779. 1779. 1779. 1779. 1779. 1779. 1779.
 1779. 1339. 1339. 1339. 1339. 1779. 1779. 1779. 1779. 1779. 1779. 1779.
 1779. 1339. 
 1339. 1339. 1339. 1339. 1339. 1339. 1339. 1339.    9.    9.    9.    9.
    9.    9.    9.    9.    9.    9.    9.    9.    9.    9.    9.    9.
    9.    9. 
    9.    9.    9.    9.    9.    9.    9.    9.    9.    9.    9.    9.
    9.    9.    9. 1339. 1339. 1779. 1779. 1779. 1779. 1779. 1779. 1339.
 1339. 1339. 
    9.    9. 1339. 1339. 1339. 1339. 1779. 1779. 1779. 1779. 1779. 1779.
 1779. 1779. 1779. 1779. 1779. 1779. 1339. 1339. 1339.    9.    9.    9.
    9.    9. 
 9. 9. 9. 9. 9. 9. 9. 9. 9. 9. 9. 9. 9. 9. 9. 9. 9. 9. 9. 9. 9. 9. 9. 9.
 9. 9. 
    9.    9. 1339. 1339. 1339. 1339. 1339. 1339. 1339. 1339.    9.    9.
    9.    9.    9.    9. 1339. 1339. 1339. 1339. 1779. 1779. 1779. 1779.
 1779. 1779. 
 1779. 1779. 1779. 1779. 1779. 1779. 1339. 1339.    9.    9.    9.    9.
    9.    9.    9.    9.    9.    9.    9.    9.    9.    9.    9.    9.
    9.    9. 
    9.    9.    9.    9.    9.    9.    9.    9.    9.    9.    9.    9.
    9.    9.    9. 1339. 1339. 1339. 1339. 1339.    9.    9.    9.    9.
    9.    9. 
    9.    9.    9.    9. 1339. 1339. 1339. 1339. 1339. 1779. 1779. 1779.
 1779. 1779. 1779. 1779. 1779. 1779. 1779. 1339. 1339.    9.    9.    9.
    9.    9. 
 9. 9. 9. 9. 9. 9. 9. 9. 9. 9. 9. 9. 9. 9. 9. 9. 9. 9. 9. 9. 9. 9. 9. 9.
 9. 9. 
    9.    9.    9.    9.    9.    9.    9.    9.    9.    9.    9.    9.
    9.    9.    9.    9.    9.    9. 1339. 1339. 1339. 1339. 1339. 1339.
 1339. 1339. 
 1339. 1779. 1779. 1779. 1779. 1779. 1339. 1339.    9.    9.    9.    9.
    9.    9.    9.    9.    9.    9.    9.    9.    9.    9.    9.    9.
    9.    9. 
 9. 9. 9. 9. 9. 9. 9. 9. 9. 9. 9. 9. 9. 9. 9. 9. 9. 9. 9. 9. 9. 9. 9. 9.
 9. 9. 
    9.    9.    9.    9.    9.    9.    9.    9. 1339. 1339. 1339. 1339.
 1339. 1339. 1339. 1779. 1779. 1779. 1339. 1339.    9.    9.    9.    9.
    9.    9. 
 9. 9. 9. 9. 9. 9. 9. 9. 9. 9. 9. 9. 9. 9. 9. 9. 9. 9. 9. 9. 9. 9. 9. 9.
 9. 9. 
    9.    9.    9.    9.    9.    9.    9.    9.    9.    9.    9.    9.
    9.    9.    9.    9.    9.    9.    9.    9.    9.    9.    9.    9.
    9. 1339. 
 1339. 1779. 1779. 1779. 1339. 1339.    9.    9.    9.    9.    9.    9.
    9.    9.    9.    9.    9.    9.    9.    9.    9.    9.    9.    9.
    9.    9. 
 9. 9. 9. 9. 9. 9. 9. 9. 9. 9. 9. 9. 9. 9. 9. 9. 9. 9. 9. 9. 9. 9. 9. 9.
 9. 9. 
    9.    9.    9.    9.    9.    9.    9.    9.    9.    9.    9.    9.
 1339. 1339. 1779. 1779. 1339. 1339.    9.    9.    9.    9.    9.    9.
    9.    9. 
 9. 9. 9. 9. 9. 9. 9. 9. 9. 9. 9. 9. 9. 9. 9. 9. 9. 9. 9. 9. 9. 9. 9. 9.
 9. 9. 
    9.    9.    9.    9.    9.    9.    9.    9.    9.    9.    9.    9.
    9.    9.    9.    9.    9.    9.    9.    9.    9.    9.    9.    9.
 1339. 1779. 
 1779. 1779. 1339. 1339.    9.    9.    9.    9.    9.    9.    9.    9.
    9.    9.    9.    9.    9.    9.    9.    9.    9.    9.    9.    9.
    9.    9. 
 9. 9. 9. 9. 9. 9. 9. 9. 9. 9. 9. 9. 9. 9. 9. 9. 9. 9. 9. 9. 9. 9. 9. 9.
 9. 9. 
    9.    9.    9.    9.    9.    9.    9.    9.    9.    9. 1339. 1779.
 1779. 1779. 1339. 1339.    9.    9.    9.    9.    9.    9.    9.    9.
    9.    9. 
    9.    9.    9.    9.    9.    9.    9.    9. 1339.    9.    9.    9.
    9.    9.    9.    9.    9.    9.    9.    9.    9.    9.    9.    9.
    9.    9. 
    9.    9.    9.    9.    9.    9.    9.    9.    9.    9.    9.    9.
    9.    9.    9.    9.    9.    9.    9.    9.    9.    9. 1339. 1779.
 1779. 1779. 
 1339. 1339.    9.    9.    9.    9.    9.    9.    9.    9.    9.    9.
    9.    9.    9.    9.    9.    9.    9.    9. 1339. 1339. 1339. 1339.
    9.    9. 
 9. 9. 9. 9. 9. 9. 9. 9. 9. 9. 9. 9. 9. 9. 9. 9. 9. 9. 9. 9. 9. 9. 9. 9.
 9. 9. 
    9.    9.    9.    9.    9.    9.    9.    9. 1339. 1779. 1779. 1779.
 1779. 1339.    9.    9.    9.    9.    9.    9.    9.    9.    9.    9.
    9.    9. 
    9.    9.    9.    9.    9.    9. 1339. 1339. 1339. 1339. 1339. 1339.
 1339. 1339. 1339.    9.    9.    9.    9.    9.    9.    9.    9.    9.
    9.    9. 
    9.    9.    9.    9.    9.    9.    9.    9.    9.    9.    9.    9.
    9.    9.    9.    9.    9.    9.    9.    9. 1339. 1339. 1779. 1779.
 1779. 1339. 
 1339.    9.    9.    9.    9.    9.    9.    9.    9.    9.    9.    9.
    9.    9.    9.    9.    9.    9. 1779. 1779. 1779. 1779. 1779. 1779.
 1339. 1339. 
 1339. 1339.    9.    9.    9.    9.    9.    9.    9.    9.    9.    9.
    9.    9.    9.    9.    9.    9.    9.    9.    9.    9.    9.    9.
    9.    9. 
    9.    9.    9.    9.    9.    9.    9. 1339. 1779. 1779. 1779. 1779.
 1339. 1339. 1339. 1339.    9.    9.    9.    9.    9.    9.    9.    9.
    9.    9. 
    9.    9.    9.    9. 1779. 1779. 1779. 1779. 1779. 1779. 1779. 1779.
 1779. 1339. 1339.    9.    9.    9.    9.    9.    9.    9.    9.    9.
    9.    9. 
    9.    9.    9.    9.    9.    9.    9.    9.    9.    9.    9.    9.
    9.    9.    9.    9.    9.    9.    9. 1339. 1339. 1779. 1779. 1779.
 1779. 1779. 
 1779. 1339. 1339. 1339. 1339.    9.    9.    9.    9.    9.    9.    9.
    9.    9.    9.    9. 1779. 1779. 1779. 1339. 1779. 1779. 1779. 1779.
 1779. 1339. 
 1339.    9.    9.    9.    9.    9.    9.    9.    9.    9.    9.    9.
    9.    9.    9.    9.    9.    9.    9.    9.    9.    9.    9.    9.
    9.    9. 
    9.    9.    9.    9.    9.    9. 1339. 1339. 1779. 1779. 1779. 1779.
 1779. 1779. 1779. 1339. 1339. 1339. 1339.    9.    9.    9.    9.    9.
    9.    9. 
    9.    9. 1339. 1339. 1339. 1339. 1339. 1339. 1339. 1779. 1779. 1779.
 1339. 1339.    9.    9.    9.    9.    9.    9.    9.    9.    9.    9.
    9.    9. 
    9.    9.    9.    9.    9.    9.    9.    9.    9.    9.    9.    9.
    9.    9.    9.    9.    9.    9.    9. 1339. 1339. 1339. 1339. 1779.
 1779. 1779. 
 1779. 1779. 1779. 1339. 1339. 1339.    9.    9.    9.    9.    9.    9.
    9.    9.    9.    9.    9.    9.    9. 1339. 1339. 1339. 1779. 1779.
 1779. 1339. 
 1339.    9.    9.    9.    9.    9.    9.    9.    9.    9.    9.    9.
    9.    9.    9.    9.    9.    9.    9.    9.    9.    9.    9.    9.
    9.    9. 
    9.    9.    9.    9.    9.    9.    9. 1339. 1339. 1339. 1339. 1339.
 1779. 1779. 1779. 1779. 1779. 1339. 1339.    9.    9.    9.    9.    9.
    9.    9. 
    9.    9.    9.    9.    9.    9. 1339. 1339. 1779. 1779. 1779. 1339.
 1339.    9.    9.    9.    9.    9.    9.    9.    9.    9.    9.    9.
    9.    9. 
    9.    9.    9.    9.    9.    9.    9.    9.    9.    9.    9.    9.
    9.    9.    9.    9.    9.    9.    9.    9.    9.    9.    9. 1339.
 1339. 1339. 
 1779. 1779. 1779. 1779. 1339. 1339.    9.    9.    9.    9.    9.    9.
    9.    9.    9.    9.    9.    9. 1339. 1339. 1779. 1779. 1779. 1339.
 1339.    9. 
 9. 9. 9. 9. 9. 9. 9. 9. 9. 9. 9. 9. 9. 9. 9. 9. 9. 9. 9. 9. 9. 9. 9. 9.
 9. 9. 
    9.    9.    9.    9.    9.    9.    9.    9.    9.    9.    9. 1339.
 1339. 1779. 1779. 1779. 1779. 1339. 1339.    9.    9.    9.    9. 1339.
    9.    9. 
    9.    9.    9.    9.    9. 1339. 1779. 1779. 1779. 1339. 1339.    9.
    9.    9.    9.    9.    9.    9.    9.    9.    9.    9.    9.    9.
    9.    9. 
    9.    9.    9.    9.    9.    9.    9.    9.    9.    9.    9.    9.
    9.    9.    9.    9.    9.    9.    9.    9.    9.    9.    9.    9.
 1339. 1339. 
 1779. 1779. 1779. 1339. 1339.    9.    9.    9. 1339. 1339.    9.    9.
    9.    9.    9.    9.    9. 1339. 1339. 1779. 1779. 1779. 1339. 1339.
 1339. 1339. 
 1339. 1339. 1339. 1339. 1339. 1339. 1339.    9.    9.    9.    9.    9.
    9.    9.    9.    9.    9.    9.    9.    9.    9.    9.    9.    9.
    9.    9. 
    9.    9.    9.    9.    9.    9.    9.    9.    9.    9.    9. 1339.
 1339. 1779. 1779. 1779. 1339. 1339. 1339. 1339. 1339. 1339.    9.    9.
    9.    9. 
    9.    9.    9. 1339. 1339. 1779. 1779. 1779. 1339. 1339. 1339. 1339.
 1339. 1779. 1779. 1779. 1779. 1339. 1339. 1339. 1339.    9.    9.    9.
    9.    9. 
    9.    9.    9.    9.    9.    9.    9.    9.    9.    9.    9.    9.
    9.    9.    9.    9.    9.    9.    9.    9.    9.    9.    9. 1339.
 1339. 1779. 
 1779. 1779. 1779. 1339. 1339. 1339. 1779. 1779.    9.    9.    9.    9.
    9.    9.    9.    9. 1339. 1779. 1779. 1779. 1779. 1779. 1779. 1779.
 1779. 1779. 
 1779. 1779. 1779. 1779. 1779. 1339. 1339. 1339.    9.    9.    9.    9.
    9.    9.    9.    9.    9.    9.    9.    9.    9.    9.    9.    9.
    9.    9. 
    9.    9.    9.    9.    9.    9.    9.    9.    9.    9. 1339. 1339.
 1779. 1779. 1779. 1779. 1779. 1779. 1779. 1779.    9.    9.    9.    9.
    9.    9. 
    9.    9. 1339. 1339. 1779. 1779. 1779. 1779. 1779. 1779. 1779. 1779.
 1779. 1779. 1779. 1779. 1779. 1779. 1339. 1339.    9.    9.    9.    9.
    9.    9. 
    9.    9.    9.    9.    9.    9.    9.    9.    9.    9.    9.    9.
    9.    9.    9.    9.    9.    9.    9.    9.    9.    9.    9. 1339.
 1339. 1779. 
 1779. 1779. 1779. 1779. 1779. 1779.    9.    9.    9.    9.    9.    9.
    9.    9.    9. 1339. 1339. 1779. 1779. 1779. 1779. 1779. 1339. 1339.
 1339. 1339. 
 1339. 1779. 1779. 1779. 1779. 1339. 1339.    9.    9.    9.    9.    9.
    9.    9.    9.    9.    9. 1339.    9.    9.    9.    9.    9.    9.
    9.    9. 
    9.    9.    9.    9.    9.    9.    9.    9.    9.    9. 1339. 1339.
 1779. 1779. 1779. 1779. 1779. 1339.    9.    9.    9.    9.    9.    9.
    9.    9. 
    9. 1339. 1339. 1339. 1339. 1339. 1339. 1339. 1339. 1339. 1339. 1339.
 1339. 1339. 1779. 1779. 1779. 1779. 1339. 1339.    9.    9.    9.    9.
    9. 1339. 
 1339. 1339. 1339. 1339. 1339. 1339. 1339. 1339.    9.    9.    9.    9.
    9.    9.    9.    9.    9.    9.    9.    9.    9.    9.    9. 1339.
 1339. 1339. 
 1339. 1339. 1339. 1339.    9.    9.    9.    9.    9.    9.    9.    9.
    9.    9.    9.    9. 1339. 1339. 1339.    9.    9.    9.    9.    9.
    9. 1339. 
 1339. 1779. 1779. 1779. 1779. 1339. 1339. 1339. 1339. 1339. 1339. 1339.
 1339. 1779. 1779. 1779. 1779. 1779. 1779. 1339. 1339. 1339.    9.    9.
    9.    9. 
    9.    9.    9.    9.    9.    9.    9.    9.    9.    9.    9. 1339.
 1339. 1339. 1339.    9.    9.    9.    9.    9.    9.    9.    9.    9.
    9.    9. 
    9.    9.    9.    9.    9.    9.    9.    9.    9.    9.    9.    9.
 1339. 1339. 1779. 1779. 1779. 1779. 1779. 1779. 1779. 1779. 1779. 1779.
 1779. 1779. 
 1779. 1779. 1779. 1779. 1779. 1779. 1779. 1339. 1339. 1339.    9.    9.
    9.    9.    9.    9.    9.    9.    9.    9.    9.    9.    9.    9.
    9.    9. 
    9.    9.    9.    9.    9.    9.    9.    9.    9.    9.    9.    9.
    9.    9.    9.    9.    9.    9.    9.    9.    9.    9.    9.    9.
    9. 1339. 
 1339. 1779. 1779. 1779. 1779. 1779. 1779. 1779. 1779. 1779. 1779. 1779.
 1779. 1779. 1779. 1779. 1779. 1779. 1779. 1779. 1779. 1339.    9.    9.
    9.    9. 
 9. 9. 9. 9. 9. 9. 9. 9. 9. 9. 9. 9. 9. 9. 9. 9. 9. 9. 9. 9. 9. 9. 9. 9.
 9. 9. 
    9.    9.    9.    9.    9.    9.    9.    9.    9.    9.    9.    9.
 1339. 1339. 1779. 1779. 1779. 1779. 1779. 1339. 1339. 1339. 1339. 1339.
 1339. 1339. 
 1339. 1339. 1339. 1779. 1779. 1779. 1779. 1339. 1339.    9.    9.    9.
    9.    9.    9.    9.    9.    9.    9.    9.    9.    9.    9.    9.
    9.    9. 
    9.    9.    9.    9.    9.    9.    9.    9.    9.    9.    9.    9.
    9.    9.    9.    9.    9.    9.    9.    9.    9.    9.    9.    9.
    9. 1339. 
 1339. 1339. 1339. 1339. 1339. 1339. 1339. 1339.    9.    9.    9.    9.
    9.    9. 1339. 1339. 1339. 1779. 1779. 1779. 1339. 1339. 1339.    9.
    9.    9. 
    9.    9.    9.    9.    9.    9.    9.    9.    9.    9.    9.    9.
    9.    9.    9.    9. 1339. 1339. 1339. 1339. 1339.    9.    9.    9.
    9.    9. 
 9. 9. 9. 9. 9. 9. 9. 9. 9. 9. 9. 9. 9. 9. 9. 9. 9. 9. 9. 9. 9. 9. 9. 9.
 9. 9. 
    9.    9. 1339. 1339. 1779. 1779. 1339. 1339. 1339. 1339. 1339. 1339.
 1339. 1339. 1339. 1339.    9.    9.    9.    9.    9.    9.    9.    9.
    9.    9. 
 1339. 1339. 1339. 1339. 1779. 1339. 1339. 1339. 1339.    9.    9.    9.
    9.    9.    9.    9.    9.    9.    9.    9.    9.    9.    9.    9.
    9.    9. 
    9.    9.    9.    9.    9.    9.    9.    9.    9.    9.    9.    9.
    9.    9.    9. 1339. 1779. 1779. 1779. 1779. 1779. 1779. 1339. 1339.
 1779. 1779. 
 1339. 1339. 1339. 1339.    9.    9.    9.    9.    9.    9. 1339. 1339.
 1339. 1779. 1779. 1779. 1779. 1779. 1779. 1779. 1339.    9.    9.    9.
    9.    9. 
 9. 9. 9. 9. 9. 9. 9. 9. 9. 9. 9. 9. 9. 9. 9. 9. 9. 9. 9. 9. 9. 9. 9. 9.
 9. 9. 
    9. 1339. 1339. 1779. 1779. 1779. 1779. 1779. 1779. 1779. 1779. 1779.
 1779. 1779. 1779. 1339. 1339. 1339.    9.    9.    9.    9. 1339. 1339.
 1779. 1779. 
 1779. 1779. 1779. 1779. 1779. 1779. 1339. 1339.    9.    9.    9.    9.
    9.    9.    9.    9.    9.    9.    9.    9.    9.    9.    9.    9.
    9.    9. 
    9.    9.    9.    9.    9.    9.    9.    9.    9.    9.    9.    9.
    9.    9. 1339. 1339. 1779. 1779. 1779. 1779. 1779. 1779. 1779. 1779.
 1779. 1779. 
 1779. 1779. 1339. 1339.    9.    9.    9.    9. 1779. 1779. 1779. 1779.
 1779. 1339. 1339. 1339. 1779. 1779. 1779. 1339. 1339.    9.    9.    9.
    9.    9. 
 9. 9. 9. 9. 9. 9. 9. 9. 9. 9. 9. 9. 9. 9. 9. 9. 9. 9. 9. 9. 9. 9. 9. 9.
 9. 9. 
    9. 1339. 1339. 1339. 1339. 1339. 1339. 1339. 1339. 1339. 1779. 1779.
 1779. 1779. 1779. 1339. 1339.    9.    9.    9. 1779. 1779. 1779. 1779.
 1339. 1339. 
 1339. 1339. 1339. 1779. 1779. 1779. 1339.    9.    9.    9.    9.    9.
    9.    9.    9.    9.    9.    9.    9.    9.    9.    9.    9.    9.
    9.    9. 
    9.    9.    9.    9.    9.    9.    9.    9.    9.    9.    9.    9.
    9.    9.    9.    9.    9.    9.    9. 1339. 1339. 1339. 1339. 1339.
 1339. 1779. 
 1779. 1779. 1779. 1339. 1339. 1339. 1779. 1779. 1779. 1339. 1339. 1339.
    9.    9. 1339. 1779. 1779. 1779. 1339. 1339.    9.    9.    9.    9.
    9.    9. 
 9. 9. 9. 9. 9. 9. 9. 9. 9. 9. 9. 9. 9. 9. 9. 9. 9. 9. 9. 9. 9. 9. 9. 9.
 9. 9. 
    9.    9.    9.    9.    9.    9.    9.    9.    9.    9. 1339. 1339.
 1779. 1779. 1779. 1779. 1339. 1339. 1339. 1339. 1339. 1339.    9.    9.
    9.    9. 
 1339. 1779. 1779. 1779. 1339. 1339.    9.    9.    9.    9.    9.    9.
    9.    9.    9.    9.    9.    9.    9.    9.    9.    9.    9.    9.
    9.    9. 
    9.    9.    9.    9.    9.    9.    9.    9.    9.    9.    9.    9.
    9.    9.    9.    9.    9.    9.    9.    9.    9.    9.    9. 1339.
 1339. 1779. 
 1779. 1779. 1779. 1779.    9. 1339.    9.    9.    9.    9.    9.    9.
 1339. 1779. 1779. 1779. 1779. 1339.    9.    9.    9.    9.    9.    9.
    9.    9. 
 9. 9. 9. 9. 9. 9. 9. 9. 9. 9. 9. 9. 9. 9. 9. 9. 9. 9. 9. 9. 9. 9. 9. 9.
 9. 9. 
    9.    9.    9.    9.    9.    9.    9.    9.    9.    9. 1339. 1339.
 1779. 1779. 1779. 1779.    9.    9.    9.    9.    9.    9.    9.    9.
 1339. 1339. 
 1779. 1779. 1779. 1339.    9.    9.    9.    9.    9.    9.    9.    9.
    9.    9.    9.    9.    9.    9.    9.    9.    9.    9.    9.    9.
    9.    9. 
    9.    9.    9.    9.    9.    9.    9.    9.    9.    9.    9.    9.
    9.    9.    9.    9.    9.    9.    9.    9.    9.    9.    9. 1339.
 1339. 1779. 
 1779. 1779.    9.    9.    9.    9.    9.    9.    9.    9. 1339. 1339.
 1779. 1779. 1779. 1339. 1339. 1339. 1339.    9.    9.    9.    9.    9.
    9.    9. 
 9. 9. 9. 9. 9. 9. 9. 9. 9. 9. 9. 9. 9. 9. 9. 9. 9. 9. 9. 9. 9. 9. 9. 9.
 9. 9. 
    9.    9.    9.    9.    9.    9.    9.    9.    9.    9. 1339. 1339.
 1339. 1339. 
/