PERMI
 31. 31. 31. 31. 31. 31. 31. 31. 31. 31. 31. 31. 31. 31. 31. 31. 31. 31.
 31. 31. 31. 31. 31. 31. 31. 31. 
   31.   31.   31.   31.   31. 1364. 1364. 1364. 1613. 1613. 1613. 1364.
 1364. 1364.   31.   31.   31.   31.   31.   31.   31.   31.   31.   31.
   31.   31. 
   31.   31.   31.   31.   31.   31.   31.   31.   31.   31.   31.   31.
   31.   31.   31. 1364. 1364. 1364. 1364. 1364. 1364.   31.   31.   31.
   31.   31. 
   31.   31.   31. 1364. 1364. 1364. 1364.   31.   31.   31.   31.   31.
   31.   31.   31.   31. 1364. 1364. 1613. 1613. 1613. 1613. 1613. 1613.
 1613. 1364. 
   31.   31.   31.   31.   31.   31.   31.   31.   31.   31.   31.   31.
   31.   31.   31.   31.   31.   31.   31.   31.   31.   31.   31.   31.
   31. 1364. 
 1364. 1364. 1364. 1364. 1364. 1364. 1364. 1364.   31.   31.   31.   31.
   31. 1364. 1364. 1364. 1364. 1364. 1364. 1364. 1364. 1364. 1364. 1364.
   31.   31. 
 1364. 1364. 1364. 1613. 1613. 1613. 1613. 1613. 1613. 1613. 1613. 1364.
 1364.   31.   31.   31.   31.   31.   31.   31.   31.   31.   31.   31.
   31.   31. 
   31.   31.   31.   31.   31.   31.   31.   31.   31.   31. 1364. 1364.
 1364. 1613. 1613. 1613. 1613. 1613. 1364. 1364. 1364.   31.   31.   31.
 1364. 1364. 
 1364. 1613. 1613. 1613. 1613. 1613. 1613. 1613. 1364. 1364. 1364. 1364.
 1364. 1364. 1613. 1613. 1613. 1613. 1613. 1364. 1364. 1613. 1613. 1613.
 1364.   31. 
   31.   31.   31.   31.   31.   31.   31.   31.   31.   31.   31.   31.
   31.   31.   31.   31.   31.   31.   31.   31.   31.   31. 1364. 1364.
 1613. 1613. 
 1613. 1613. 1613. 1613. 1613. 1364. 1364.   31.   31. 1364. 1364. 1613.
 1613. 1613. 1613. 1613. 1613. 1613. 1613. 1613. 1613. 1613. 1613. 1613.
 1613. 1613. 
 1613. 1613. 1613. 1364. 1364. 1364. 1364. 1613. 1613. 1613. 1364.   31.
   31.   31.   31.   31.   31.   31.   31.   31.   31.   31.   31.   31.
   31.   31. 
   31.   31.   31.   31.   31.   31.   31.   31. 1613. 1613. 1613. 1613.
 1613. 1364. 1613. 1613. 1613. 1613. 1364. 1364.   31. 1364. 1364. 1613.
 1613. 1613. 
 1613. 1613. 1613. 1613. 1613. 1613. 1613. 1613. 1613. 1613. 1613. 1613.
 1613. 1613. 1364. 1364. 1364.   31. 1364. 1364. 1613. 1613. 1364. 1364.
   31. 1364. 
 1364. 1364. 1364. 1364. 1364. 1364. 1364.   31.   31.   31.   31.   31.
   31.   31.   31.   31.   31.   31.   31.   31. 1613. 1613. 1613. 1613.
 1364. 1364. 
 1364. 1613. 1613. 1613. 1364. 1364. 1364. 1364. 1613. 1613. 1613. 1613.
 1364. 1364. 1364. 1364. 1613. 1613. 1613. 1613. 1613. 1613. 1613. 1613.
 1613. 1364. 
 1364. 1364.   31.   31.   31. 1364. 1613. 1613. 1613. 1364. 1364. 1364.
 1613. 1613. 1613. 1613. 1613. 1364. 1364. 1364.   31.   31.   31.   31.
   31.   31. 
   31.   31.   31.   31.   31.   31. 1613. 1613. 1364. 1364. 1364.   31.
 1364. 1613. 1613. 1613. 1613. 1364. 1364. 1613. 1613. 1613. 1613. 1364.
 1364. 1364. 
 1364. 1364. 1364. 1364. 1364. 1364. 1364. 1364. 1364. 1364. 1364. 1364.
   31.   31.   31.   31.   31. 1364. 1364. 1613. 1613. 1613. 1613. 1613.
 1613. 1613. 
 1613. 1613. 1613. 1613. 1613. 1364. 1364.   31.   31.   31.   31.   31.
   31.   31.   31.   31.   31.   31. 1364. 1364. 1364. 1364.   31.   31.
 1364. 1364. 
 1613. 1613. 1613. 1613. 1364. 1613. 1613. 1613. 1364. 1364. 1364.   31.
   31.   31.   31.   31.   31. 1364. 1364. 1364. 1364. 1364. 1364.   31.
   31.   31. 
   31.   31.   31.   31. 1364. 1613. 1613. 1613. 1613. 1613. 1613. 1613.
 1613. 1613. 1613. 1613. 1613. 1613. 1364. 1364.   31.   31.   31.   31.
 1364. 1364. 
 1364. 1364. 1364. 1364. 1364. 1364.   31.   31.   31.   31. 1364. 1364.
 1613. 1613. 1613. 1613. 1613. 1613. 1613. 1613. 1364. 1364.   31.   31.
   31.   31. 
   31.   31.   31.   31.   31.   31.   31.   31.   31.   31.   31.   31.
   31.   31.   31.   31. 1364. 1364. 1364. 1613. 1613. 1613. 1613. 1364.
 1364. 1364. 
 1364. 1613. 1613. 1613. 1364. 1364.   31.   31. 1364. 1364. 1364. 1613.
 1613. 1613. 1613. 1364.   31.   31.   31.   31.   31.   31.   31. 1364.
 1364. 1613. 
 1613. 1613. 1613. 1613. 1364. 1364. 1364.   31.   31.   31.   31.   31.
   31.   31.   31.   31.   31.   31.   31.   31.   31.   31.   31.   31.
   31.   31. 
   31.   31.   31. 1364. 1364. 1364. 1364. 1364. 1364. 1364. 1364. 1364.
 1364. 1364. 1613. 1613. 1613. 1364.   31. 1364. 1364. 1364. 1613. 1613.
 1613. 1613. 
 1613. 1613.   31.   31.   31.   31.   31.   31.   31.   31. 1364. 1364.
 1613. 1613. 1613. 1364. 1364. 1364.   31.   31.   31.   31.   31.   31.
   31.   31. 
   31.   31.   31.   31. 1364. 1364. 1364. 1364.   31.   31.   31.   31.
   31.   31.   31.   31. 1364. 1364. 1613. 1613. 1613. 1613. 1613. 1364.
 1364. 1364. 
 1613. 1613. 1613. 1364. 1364. 1364. 1613. 1613. 1613. 1613. 1613. 1613.
 1613. 1613.   31.   31.   31.   31.   31.   31.   31.   31. 1364. 1364.
 1364. 1364. 
 1364. 1364. 1364.   31.   31.   31.   31.   31.   31.   31.   31.   31.
   31.   31.   31. 1364. 1364. 1613. 1613. 1613. 1364. 1364.   31.   31.
   31.   31. 
   31. 1364. 1364. 1613. 1613. 1613. 1613. 1613. 1613. 1613. 1364. 1364.
 1613. 1613. 1613. 1613. 1364. 1613. 1613. 1613. 1613. 1364. 1364. 1364.
 1613. 1613. 
 1364. 1364. 1364. 1364.   31.   31.   31.   31.   31.   31. 1364. 1364.
 1364.   31.   31.   31.   31.   31.   31.   31.   31.   31.   31.   31.
   31.   31. 
   31. 1364. 1613. 1613. 1613. 1613. 1613. 1364. 1364.   31.   31.   31.
 1364. 1364. 1613. 1613. 1613. 1613. 1364. 1613. 1613. 1613. 1613. 1364.
 1364. 1613. 
 1613. 1613. 1613. 1613. 1613. 1613. 1364. 1364. 1364. 1364. 1613. 1613.
 1613. 1613. 1613. 1364. 1364. 1364.   31.   31.   31.   31.   31.   31.
   31.   31. 
   31.   31.   31.   31.   31.   31.   31.   31.   31.   31.   31.   31.
 1364. 1364. 1613. 1613. 1613. 1613. 1613. 1613. 1364. 1364. 1364. 1364.
 1364. 1613. 
 1613. 1613. 1364. 1364. 1364. 1364. 1613. 1613. 1613. 1364. 1364. 1364.
 1613. 1613. 1613. 1613. 1613. 1364. 1364.   31. 1364. 1364. 1613. 1613.
 1613. 1613. 
 1613. 1613. 1364. 1364.   31.   31.   31.   31.   31.   31.   31.   31.
   31.   31. 1364. 1364. 1364. 1364. 1364. 1364.   31.   31.   31.   31.
 1364. 1613. 
 1613. 1613. 1364. 1364. 1613. 1613. 1613. 1613. 1364. 1613. 1613. 1613.
 1613. 1364. 1364.   31.   31. 1364. 1613. 1613. 1613. 1613. 1364. 1364.
 1364. 1364. 
 1613. 1613. 1364. 1364.   31.   31. 1364. 1364. 1613. 1613. 1613. 1613.
 1613. 1613. 1613. 1364. 1364. 1364.   31.   31.   31.   31.   31.   31.
   31. 1364. 
 1364. 1613. 1613. 1613. 1613. 1364. 1364. 1364.   31.   31. 1364. 1613.
 1613. 1613. 1364. 1364. 1364. 1613. 1613. 1613. 1613. 1613. 1364. 1364.
 1364. 1364. 
   31.   31.   31. 1364. 1364. 1613. 1613. 1613. 1364. 1364. 1364. 1364.
 1364. 1364. 1364. 1364. 1364. 1364. 1364. 1364. 1613. 1613. 1364. 1364.
 1364. 1613. 
 1613. 1613. 1613. 1364. 1364.   31.   31.   31.   31.   31. 1364. 1364.
 1613. 1613. 1613. 1613. 1613. 1613. 1613. 1364. 1364. 1364. 1364. 1364.
 1364. 1364. 
 1364.   31. 1364. 1364. 1364. 1613. 1364. 1364. 1364. 1364. 1364. 1364.
   31.   31.   31.   31. 1364. 1613. 1613. 1613. 1364. 1364. 1364. 1364.
 1613. 1613. 
 1613. 1613. 1613. 1364. 1364. 1364. 1364. 1613. 1364. 1364. 1364. 1364.
 1364. 1613. 1613. 1613. 1364. 1364. 1364.   31.   31. 1364. 1364. 1613.
 1364. 1364. 
 1613. 1613. 1613. 1613. 1613. 1364. 1364. 1613. 1613. 1613. 1364. 1364.
 1364.   31.   31.   31. 1364. 1364. 1364. 1613. 1613. 1613. 1613. 1364.
 1364.   31. 
   31.   31. 1364. 1364. 1613. 1613. 1613. 1613. 1613. 1613. 1613. 1613.
 1613. 1613. 1613. 1613. 1364. 1364. 1364. 1613. 1364. 1364. 1613. 1613.
 1364. 1364. 
 1364. 1613. 1613. 1613. 1364. 1364. 1364. 1364. 1364. 1364. 1364. 1364.
 1364. 1364. 1364. 1613. 1364. 1364. 1613. 1613. 1613. 1613. 1613. 1613.
 1364. 1364. 
 1364. 1364. 1364. 1613. 1613. 1613. 1613. 1613. 1613. 1613. 1364. 1364.
   31.   31. 1364. 1364. 1613. 1613. 1613. 1613. 1613. 1613. 1613. 1613.
 1364. 1613. 
 1613. 1613. 1613. 1364. 1364. 1364. 1613. 1613. 1613. 1613. 1613. 1364.
 1364. 1364. 1613. 1613. 1613. 1364. 1613. 1364. 1364. 1613. 1613. 1613.
 1613. 1364. 
 1364. 1364. 1364. 1364. 1613. 1613. 1613. 1613. 1613. 1613. 1613. 1364.
 1364. 1364. 1613. 1613. 1613. 1613. 1613. 1613. 1613. 1613. 1613. 1364.
   31.   31. 
   31. 1364. 1364. 1364. 1613. 1613. 1613. 1364. 1364. 1364. 1364. 1364.
 1364. 1613. 1613. 1613. 1364. 1364. 1613. 1613. 1613. 1613. 1613. 1613.
 1613. 1364. 
 1364. 1613. 1613. 1364. 1364. 1364. 1613. 1613. 1613. 1613. 1613. 1613.
 1364. 1364. 1364. 1364. 1613. 1613. 1364. 1364. 1364. 1613. 1613. 1613.
 1613. 1613. 
 1613. 1613. 1613. 1364. 1364. 1364. 1613. 1613. 1613. 1364.   31.   31.
   31.   31. 1364. 1364. 1364. 1364. 1364. 1364. 1364.   31.   31. 1364.
 1364. 1613. 
 1613. 1613. 1613. 1364. 1613. 1613. 1364. 1364. 1613. 1613. 1613. 1613.
 1364. 1364. 1364. 1364. 1613. 1613. 1613. 1613. 1364. 1364. 1613. 1613.
 1613. 1613. 
 1364. 1613. 1613. 1613. 1364. 1364. 1364. 1364. 1613. 1613. 1613. 1613.
 1613. 1613. 1364. 1364.   31. 1364. 1613. 1613. 1613. 1364. 1364.   31.
   31.   31. 
   31.   31. 1364. 1364. 1364. 1364.   31.   31.   31.   31. 1364. 1364.
 1613. 1613. 1613. 1613. 1613. 1613. 1364. 1364. 1364. 1613. 1613. 1613.
 1613. 1613. 
 1613. 1613. 1613. 1613. 1613. 1364. 1364. 1364. 1364. 1613. 1613. 1613.
 1613. 1613. 1613. 1364. 1364.   31.   31. 1364. 1364. 1364. 1364. 1364.
 1364. 1364. 
 1364.   31.   31. 1364. 1613. 1613. 1613. 1613. 1364. 1364. 1364. 1364.
 1364. 1364. 1613. 1613. 1613. 1364. 1364.   31.   31.   31.   31. 1364.
 1364. 1613. 
 1613. 1364. 1613. 1364. 1364. 1364. 1364. 1364. 1613. 1613. 1613. 1613.
 1613. 1613. 1613. 1613. 1364. 1364.   31.   31. 1364. 1364. 1613. 1613.
 1613. 1613. 
 1613. 1364.   31.   31.   31.   31. 1364. 1364. 1364. 1364. 1364.   31.
   31.   31.   31. 1364. 1364. 1613. 1613. 1613. 1613. 1364. 1364. 1613.
 1613. 1613. 
 1613. 1613. 1613. 1613. 1364. 1364.   31.   31.   31.   31. 1364. 1364.
 1364. 1364. 1613. 1364. 1364. 1364.   31. 1364. 1364. 1613. 1613. 1613.
 1613. 1613. 
 1364. 1364.   31.   31.   31.   31.   31. 1364. 1364. 1613. 1613. 1364.
 1364. 1364.   31.   31.   31.   31.   31.   31.   31.   31.   31.   31.
   31.   31. 
   31.   31. 1364. 1613. 1613. 1613. 1613. 1613. 1613. 1613. 1613. 1613.
 1613. 1613. 1613. 1613. 1613. 1364. 1364.   31.   31. 1364. 1364. 1364.
 1613. 1613. 
 1364. 1364. 1613. 1613. 1364.   31. 1364. 1364. 1364. 1364. 1364. 1364.
 1364.   31.   31. 1364. 1364.   31.   31.   31. 1364. 1364. 1364. 1364.
 1364.   31. 
   31.   31.   31.   31.   31.   31.   31.   31.   31.   31.   31.   31.
   31.   31.   31. 1364. 1364. 1613. 1613. 1613. 1613. 1613. 1613. 1613.
 1364. 1364. 
 1613. 1613. 1613. 1613. 1364. 1364. 1364. 1364. 1613. 1613. 1613. 1613.
 1364. 1364. 1613. 1613. 1613. 1364.   31.   31.   31. 1364. 1364.   31.
 1364. 1364. 
 1364. 1613. 1613. 1364. 1364.   31.   31.   31.   31.   31.   31.   31.
   31.   31.   31.   31.   31.   31.   31. 1364. 1364. 1364. 1364.   31.
   31.   31. 
   31.   31. 1364. 1364. 1364. 1364. 1364. 1364. 1364. 1364. 1364. 1364.
 1364. 1613. 1613. 1613. 1613. 1364. 1364. 1613. 1613. 1613. 1613. 1613.
 1364. 1364. 
 1613. 1613. 1613. 1613. 1364.   31.   31. 1364. 1364. 1364. 1613. 1613.
 1613. 1613. 1613. 1613. 1613. 1364. 1364.   31.   31.   31.   31.   31.
   31.   31. 
   31.   31.   31. 1364. 1364. 1364. 1613. 1613. 1613. 1364. 1364.   31.
   31.   31.   31. 1364. 1364. 1364. 1613. 1613. 1613. 1613. 1613. 1613.
 1364. 1613. 
 1613. 1613. 1613. 1613. 1613. 1613. 1613. 1613. 1364. 1364.   31.   31.
 1364. 1613. 1613. 1613. 1364. 1364. 1364. 1364. 1613. 1613. 1613. 1613.
 1613. 1613. 
 1613. 1613. 1613. 1613. 1364.   31.   31.   31.   31.   31.   31.   31.
   31.   31. 1364. 1364. 1613. 1613. 1613. 1613. 1613. 1613. 1613. 1364.
 1364.   31. 
   31. 1364. 1364. 1364. 1613. 1613. 1613. 1613. 1613. 1613. 1364. 1364.
 1613. 1613. 1613. 1613. 1613. 1613. 1613. 1364. 1364. 1364.   31.   31.
   31. 1364. 
 1613. 1613. 1613. 1613. 1613. 1613. 1613. 1613. 1613. 1613. 1364. 1364.
 1364. 1364. 1364. 1364. 1613. 1364.   31.   31.   31.   31.   31.   31.
   31. 1364. 
 1364. 1613. 1613. 1613. 1613. 1613. 1613. 1613. 1613. 1613. 1364. 1364.
 1364. 1364. 1613. 1613. 1613. 1613. 1364. 1364. 1364. 1364. 1364. 1364.
 1364. 1613. 
 1613. 1613. 1613. 1613. 1364. 1364. 1364. 1364.   31.   31.   31. 1364.
 1364. 1613. 1613. 1613. 1613. 1613. 1613. 1364. 1364. 1364. 1364. 1613.
 1613. 1613. 
 1613. 1364. 1364. 1364.   31.   31.   31.   31.   31.   31. 1364. 1364.
 1613. 1613. 1613. 1613. 1364. 1364. 1613. 1613. 1613. 1613. 1613. 1613.
 1613. 1613. 
 1613. 1613. 1613. 1364. 1364.   31.   31.   31.   31. 1364. 1364. 1364.
 1364. 1364. 1364. 1364. 1364. 1364.   31.   31. 1364. 1364. 1364. 1364.
 1364. 1364. 
 1364. 1364. 1364. 1364. 1364. 1364. 1364. 1613. 1613. 1613. 1613. 1613.
 1613. 1613. 1613. 1364. 1364.   31.   31.   31.   31. 1364. 1364. 1613.
 1613. 1613. 
 1613. 1364. 1364. 1364. 1364. 1364. 1613. 1613. 1613. 1613. 1613. 1613.
 1613. 1613. 1364. 1364.   31.   31.   31.   31.   31.   31.   31.   31.
   31.   31. 
   31.   31.   31.   31.   31.   31. 1613. 1613. 1613. 1613. 1613. 1613.
 1364. 1364. 1364. 1364. 1364. 1613. 1613. 1613. 1613. 1613. 1613. 1613.
 1613. 1613. 
 1613. 1613. 1364. 1364. 1364. 1364. 1364. 1364. 1613. 1613. 1613. 1613.
 1364. 1364. 1364.   31.   31. 1364. 1364. 1364. 1613. 1613. 1613. 1613.
 1364. 1364. 
 1364.   31.   31.   31.   31.   31.   31.   31.   31.   31.   31.   31.
   31.   31.   31.   31.   31.   31. 1613. 1613. 1613. 1613. 1613. 1613.
 1613. 1613. 
 1613. 1613. 1613. 1613. 1613. 1613. 1613. 1364. 1364. 1364. 1364. 1613.
 1613. 1613. 1613. 1613. 1613. 1613. 1613. 1613. 1613. 1613. 1613. 1364.
 1364. 1613. 
 1364. 1364.   31.   31.   31. 1364. 1364. 1364. 1364. 1364. 1364. 1364.
 1364. 1364. 1364.   31.   31.   31.   31.   31.   31.   31.   31.   31.
   31.   31. 
   31.   31.   31.   31. 1613. 1613. 1364. 1364. 1364. 1613. 1613. 1613.
 1613. 1613. 1613. 1613. 1613. 1364. 1364. 1364.   31.   31. 1364. 1364.
 1613. 1613. 
 1613. 1613. 1613. 1613. 1613. 1613. 1613. 1613. 1364. 1364. 1613. 1613.
 1613. 1364. 1364. 1364.   31.   31. 1364. 1364. 1364. 1613. 1613. 1613.
 1613. 1613. 
 1364. 1364.   31.   31.   31.   31.   31.   31.   31.   31. 1364. 1364.
 1364. 1364.   31.   31. 1364. 1364. 1364. 1364. 1364. 1364. 1364. 1364.
 1613. 1613. 
 1613. 1364. 1364. 1364.   31.   31.   31.   31.   31. 1364. 1364. 1364.
 1613. 1613. 1613. 1613. 1613. 1613. 1613. 1364. 1364.   31. 1364. 1613.
 1613. 1613. 
 1613. 1613. 1364. 1364. 1613. 1613. 1613. 1613. 1613. 1613. 1613. 1613.
 1613. 1364. 1364.   31.   31.   31.   31.   31.   31. 1364. 1613. 1613.
 1613. 1364. 
 1364.   31.   31.   31.   31.   31.   31.   31. 1364. 1364. 1364. 1364.
 1364. 1364.   31.   31.   31.   31.   31.   31.   31.   31.   31. 1364.
 1364. 1364. 
 1364. 1364. 1364. 1364. 1364. 1364.   31.   31. 1364. 1364. 1613. 1613.
 1613. 1613. 1613. 1613. 1613. 1613. 1613. 1613. 1613. 1613. 1613. 1613.
 1613. 1613. 
 1364. 1364.   31.   31.   31.   31. 1364. 1613. 1613. 1613. 1613. 1613.
 1613. 1364.   31.   31.   31.   31.   31.   31.   31.   31.   31.   31.
   31.   31. 
   31.   31.   31.   31.   31.   31.   31.   31.   31.   31.   31. 1364.
 1364. 1364. 1364. 1364.   31.   31.   31.   31.   31.   31. 1364. 1613.
 1613. 1613. 
 1613. 1613. 1613. 1613. 1613. 1364. 1364. 1364. 1364. 1613. 1613. 1613.
 1613. 1364.   31.   31.   31. 1364. 1364. 1613. 1613. 1613. 1613. 1613.
 1613. 1613. 
 31. 31. 31. 31. 31. 31. 31. 31. 31. 31. 31. 31. 31. 31. 31. 31. 31. 31.
 31. 31. 31. 31. 31. 31. 31. 31. 
   31.   31.   31.   31.   31.   31.   31.   31.   31. 1364. 1364. 1364.
 1613. 1613. 1364. 1364. 1364. 1364.   31.   31.   31. 1364. 1613. 1613.
 1613. 1613. 
 1364.   31. 1364. 1364. 1613. 1613. 1613. 1364. 1364. 1613. 1613. 1613.
   31.   31.   31.   31.   31.   31.   31.   31.   31.   31.   31.   31.
   31.   31. 
   31.   31.   31.   31.   31.   31.   31.   31.   31.   31.   31.   31.
   31.   31.   31.   31.   31.   31.   31.   31.   31.   31.   31.   31.
 1364. 1364. 
 1364.   31.   31.   31.   31.   31.   31. 1364. 1613. 1613. 1613. 1613.
 1364. 1364. 1364. 1613. 1613. 1613. 1613. 1364.   31. 1364. 1613. 1613.
   31.   31. 
 31. 31. 31. 31. 31. 31. 31. 31. 31. 31. 31. 31. 31. 31. 31. 31. 31. 31.
 31. 31. 31. 31. 31. 31. 31. 31. 
   31.   31.   31.   31.   31.   31.   31.   31.   31.   31.   31.   31.
   31.   31.   31.   31.   31.   31.   31.   31. 1364. 1613. 1613. 1613.
 1613. 1613. 
 1613. 1613. 1613. 1613. 1364.   31.   31.   31. 1364. 1613. 1364. 1364.
 1364. 1364.   31.   31.   31.   31.   31.   31.   31.   31.   31.   31.
 1364. 1364. 
 31. 31. 31. 31. 31. 31. 31. 31. 31. 31. 31. 31. 31. 31. 31. 31. 31. 31.
 31. 31. 31. 31. 31. 31. 31. 31. 
   31.   31.   31.   31.   31.   31.   31. 1364. 1364. 1613. 1613. 1613.
 1613. 1613. 1613. 1364.   31.   31.   31.   31.   31. 1364. 1364. 1364.
 1613. 1364. 
 1364. 1364.   31.   31.   31.   31.   31. 1364. 1364. 1364. 1364. 1364.
 1364. 1364.   31.   31.   31.   31.   31.   31.   31.   31.   31.   31.
   31.   31. 
   31.   31.   31.   31.   31.   31.   31.   31.   31.   31.   31.   31.
   31.   31.   31.   31.   31.   31.   31.   31. 1364. 1364. 1613. 1613.
 1613. 1613. 
 1364.   31.   31.   31.   31.   31.   31.   31. 1613. 1613. 1613. 1613.
 1613. 1364. 1364.   31.   31.   31. 1364. 1364. 1613. 1613. 1613. 1613.
 1613. 1364. 
 1364.   31.   31.   31.   31.   31.   31.   31.   31.   31.   31.   31.
   31.   31.   31.   31.   31.   31.   31.   31.   31.   31.   31.   31.
   31.   31. 
   31.   31.   31.   31.   31.   31.   31. 1364. 1364. 1364. 1364. 1364.
   31.   31.   31.   31.   31.   31.   31.   31. 1613. 1613. 1613. 1613.
 1613. 1613. 
 1364. 1364.   31. 1364. 1364. 1613. 1613. 1613. 1613. 1613. 1613. 1613.
 1364. 1364.   31.   31.   31.   31.   31.   31.   31.   31.   31.   31.
   31.   31. 
 31. 31. 31. 31. 31. 31. 31. 31. 31. 31. 31. 31. 31. 31. 31. 31. 31. 31.
 31. 31. 31. 31. 31. 31. 31. 31. 
   31.   31.   31.   31.   31.   31. 1613. 1364. 1613. 1613. 1613. 1613.
 1613. 1364. 1364. 1364. 1613. 1613. 1613. 1613. 1613. 1613. 1613. 1613.
 1613. 1364. 
 1364.   31.   31.   31.   31.   31.   31.   31.   31.   31.   31.   31.
   31.   31.   31.   31.   31.   31.   31.   31.   31.   31.   31.   31.
   31.   31. 
   31.   31.   31.   31.   31.   31.   31.   31.   31.   31.   31.   31.
   31.   31.   31.   31.   31.   31. 1364. 1364. 1364. 1613. 1613. 1613.
 1613. 1613. 
 1613. 1613. 1613. 1613. 1613. 1364. 1364. 1364. 1364. 1613. 1613. 1613.
 1364.   31.   31.   31. 1364. 1364. 1364. 1364. 1364. 1364. 1364.   31.
   31.   31. 
 31. 31. 31. 31. 31. 31. 31. 31. 31. 31. 31. 31. 31. 31. 31. 31. 31. 31.
 31. 31. 31. 31. 31. 31. 31. 31. 
   31.   31.   31.   31. 1364. 1364. 1364. 1364. 1364. 1613. 1613. 1613.
 1613. 1613. 1613. 1613. 1364. 1364. 1613. 1613. 1364. 1613. 1613. 1613.
 1364. 1364. 
   31. 1364. 1364. 1364. 1364. 1364. 1364. 1364. 1364. 1364.   31.   31.
   31.   31.   31.   31.   31.   31.   31.   31.   31.   31.   31.   31.
 1364. 1364. 
 1364. 1364.   31.   31.   31.   31.   31.   31.   31.   31.   31.   31.
   31.   31.   31.   31. 1613. 1613. 1364. 1364. 1364. 1364. 1613. 1613.
 1613. 1613. 
 1613. 1364. 1364. 1613. 1613. 1613. 1364. 1364. 1613. 1613. 1613. 1364.
 1364. 1364. 1364. 1613. 1613. 1613. 1613. 1613. 1613. 1364. 1364. 1364.
   31. 1364. 
 1364. 1364. 1364. 1364. 1364. 1364. 1364.   31. 1364. 1364. 1364. 1613.
 1364. 1364. 1364. 1364.   31.   31.   31.   31.   31.   31.   31.   31.
   31.   31. 
   31.   31. 1613. 1613. 1613. 1613. 1364. 1364. 1364. 1364. 1364. 1364.
 1364. 1364. 1613. 1613. 1613. 1613. 1613. 1364. 1613. 1613. 1613. 1364.
 1364. 1613. 
 1613. 1613. 1613. 1613. 1613. 1613. 1364. 1364. 1364. 1364. 1364. 1364.
 1364. 1364. 1364. 1364. 1364. 1613. 1364. 1364. 1364. 1613. 1613. 1613.
 1613. 1613. 
 1613. 1364. 1364.   31.   31.   31.   31.   31.   31.   31.   31.   31.
   31.   31. 1613. 1613. 1613. 1613. 1613. 1364. 1364. 1364. 1364. 1364.
 1613. 1613. 
 1613. 1364. 1364. 1613. 1613. 1613. 1364. 1613. 1613. 1613. 1613. 1364.
 1364. 1364. 1364. 1364. 1364. 1364. 1364. 1613. 1613. 1364. 1364. 1613.
 1613. 1613. 
 1613. 1613. 1364. 1613. 1364. 1364. 1613. 1613. 1613. 1613. 1613. 1613.
 1613. 1613. 1364.   31.   31.   31.   31.   31.   31.   31.   31. 1364.
 1364. 1364. 
 1364. 1364. 1613. 1613. 1613. 1613. 1364. 1364. 1364. 1364. 1613. 1613.
 1613. 1364. 1364. 1364. 1613. 1613. 1364. 1364. 1613. 1613. 1613. 1613.
 1613. 1364. 
 1364. 1364. 1613. 1613. 1613. 1613. 1613. 1364. 1613. 1613. 1613. 1613.
 1613. 1613. 1364. 1364. 1364. 1613. 1613. 1613. 1613. 1364. 1364. 1613.
 1613. 1613. 
 1364. 1364. 1364.   31.   31.   31.   31. 1364. 1364. 1364. 1613. 1364.
   31. 1364. 1364. 1364. 1613. 1613. 1613. 1613. 1364. 1364. 1613. 1613.
 1613. 1364. 
   31. 1364. 1364. 1613. 1613. 1364. 1364. 1613. 1364. 1364. 1364. 1364.
 1364. 1364. 1364. 1364. 1613. 1613. 1364. 1364. 1613. 1613. 1613. 1613.
 1613. 1613. 
 1613. 1364. 1613. 1613. 1613. 1613. 1364. 1364. 1364. 1613. 1613. 1613.
 1613. 1364. 1364. 1364.   31.   31. 1364. 1364. 1613. 1613. 1613. 1613.
   31.   31. 
 1364. 1364. 1364. 1613. 1613. 1613. 1613. 1613. 1613. 1613. 1613. 1364.
   31.   31. 1364. 1364. 1613. 1613. 1364. 1364. 1364. 1364. 1613. 1613.
 1613. 1613. 
 1613. 1364. 1364. 1364. 1364. 1364. 1613. 1613. 1364. 1364. 1613. 1613.
 1613. 1613. 1613. 1613. 1613. 1364. 1364. 1613. 1364. 1364. 1613. 1613.
 1613. 1613. 
 1613. 1364. 1364. 1364. 1364. 1613. 1613. 1613. 1613. 1613.   31.   31.
   31.   31. 1364. 1364. 1613. 1613. 1613. 1613. 1613. 1613. 1364. 1364.
   31.   31. 
   31. 1364. 1364. 1364. 1364. 1364. 1613. 1613. 1613. 1613. 1613. 1613.
 1613. 1613. 1364. 1364. 1364. 1613. 1613. 1613. 1364. 1364. 1364. 1613.
 1613. 1613. 
 1613. 1613. 1613. 1364. 1613. 1613. 1364. 1364. 1364. 1364. 1613. 1613.
 1613. 1613. 1364. 1364. 1613. 1613. 1613. 1364. 1364. 1613.   31.   31.
   31.   31. 
 1364. 1364. 1364. 1364. 1364. 1364. 1364. 1364. 1364. 1364. 1364. 1364.
   31.   31. 1364. 1364. 1364. 1613. 1613. 1613. 1613. 1613. 1613. 1613.
 1613. 1613. 
 1613. 1613. 1364. 1613. 1613. 1613. 1364. 1364. 1364. 1364. 1613. 1613.
 1613. 1364. 1364. 1364. 1364. 1364. 1364. 1364. 1364. 1364. 1364. 1613.
 1613. 1613. 
 1613. 1613. 1613. 1613. 1364. 1364. 1364. 1364. 1364.   31.   31. 1364.
 1364. 1364. 1364. 1613. 1613. 1364. 1364. 1364. 1364. 1364. 1364. 1364.
 1364. 1364. 
 1364. 1364. 1364. 1613. 1613. 1613. 1364. 1364. 1364. 1364. 1613. 1613.
 1613. 1613. 1613. 1613. 1613. 1613. 1364. 1613. 1613. 1364. 1364. 1364.
 1364. 1364. 
 1613. 1364. 1364. 1613. 1613. 1613. 1364. 1364. 1364. 1364. 1613. 1613.
 1613. 1613. 1613. 1364. 1364. 1613. 1613. 1364. 1364. 1364. 1364. 1364.
 1364. 1613. 
 1613. 1613. 1613. 1613. 1613. 1613. 1613. 1613. 1613. 1613. 1613. 1364.
 1364. 1364. 1613. 1613. 1613. 1364. 1364.   31.   31. 1364. 1364. 1364.
 1613. 1613. 
 1613. 1613. 1613. 1364. 1364. 1364. 1364. 1613. 1613. 1613. 1613. 1613.
 1364. 1364. 1364. 1364. 1364. 1364. 1364. 1364. 1364. 1364. 1364. 1364.
 1364. 1364. 
 1364. 1364. 1613. 1613. 1364. 1364. 1613. 1613. 1364. 1613. 1613. 1613.
 1613. 1613. 1613. 1613. 1613. 1613. 1613. 1613. 1613. 1613. 1613. 1613.
 1613. 1613. 
 1613. 1613. 1613. 1364. 1364.   31.   31.   31. 1364. 1364. 1364. 1364.
 1364. 1364. 1364. 1364.   31.   31. 1364. 1364. 1364. 1364. 1364. 1364.
 1364. 1364. 
 1364. 1364. 1364. 1364. 1364.   31.   31.   31. 1364. 1364. 1364. 1364.
 1364. 1364. 1364. 1364. 1364. 1364. 1613. 1613. 1613. 1613. 1613. 1613.
 1613. 1364. 
 1364. 1364. 1364. 1613. 1364. 1364. 1613. 1613. 1613. 1613. 1613. 1613.
 1613. 1613. 1364. 1364.   31.   31.   31.   31.   31.   31. 1364. 1364.
 1364. 1364. 
 1364.   31.   31.   31.   31.   31. 1364. 1364. 1364.   31.   31.   31.
   31.   31.   31.   31.   31.   31.   31.   31.   31. 1364. 1364. 1364.
 1364. 1364. 
 1364. 1364. 1364. 1613. 1613. 1613. 1613. 1613. 1613. 1364. 1364. 1364.
 1364. 1364. 1364. 1364. 1364. 1364. 1364. 1364. 1364. 1364. 1364. 1364.
 1364. 1364. 
 1364. 1364.   31.   31.   31.   31.   31.   31.   31.   31.   31.   31.
   31.   31.   31.   31.   31.   31.   31.   31.   31.   31.   31.   31.
   31.   31. 
   31.   31.   31.   31.   31.   31.   31.   31. 1364. 1364. 1613. 1613.
 1613. 1613. 1613. 1613. 1364. 1364. 1364. 1364. 1364. 1364.   31.   31.
   31.   31. 
   31.   31.   31.   31.   31.   31. 1364. 1364. 1364. 1364. 1364. 1364.
   31.   31.   31.   31.   31.   31.   31.   31.   31.   31.   31.   31.
   31.   31. 
   31.   31.   31.   31.   31.   31.   31.   31.   31.   31.   31.   31.
   31.   31.   31.   31.   31.   31.   31.   31.   31. 1364. 1364. 1613.
 1613. 1613. 
 1613. 1613. 1364. 1364. 1364. 1364.   31.   31.   31.   31.   31.   31.
   31.   31.   31.   31.   31.   31.   31.   31.   31.   31.   31.   31.
   31.   31. 
 31. 31. 31. 31. 31. 31. 31. 31. 31. 31. 31. 31. 31. 31. 31. 31. 31. 31.
 31. 31. 31. 31. 31. 31. 31. 31. 
   31.   31.   31.   31.   31.   31.   31.   31. 1364. 1364. 1364. 1613.
 1613. 1613. 
/