PERMI
 1440. 1440. 1440. 1440. 1440. 1440. 1440. 1440. 1440. 1440. 1440. 1440.
 1440. 1201. 1440. 1440. 1440. 1201. 1201. 1440. 1440. 1440. 1201. 1440.
 1440. 1440. 
 1201. 1201. 1201. 1440. 1440. 1440. 1201. 1440. 1440. 1440. 1440. 1440.
 1201. 1440. 1440. 1440. 1201. 1201. 1201. 1201. 1201. 1201. 1440. 1440.
 1440. 1201. 
 1201.   31.   31. 1201. 1201. 1440. 1440. 1440. 1440. 1440. 1440. 1440.
 1440. 1440. 1201. 1440. 1440. 1440. 1440. 1440. 1440. 1440. 1440. 1201.
 1201. 1201. 
 1440. 1440. 1440. 1201. 1201. 1440. 1440. 1440. 1201. 1440. 1440. 1440.
 1201. 1201. 1201. 1440. 1440. 1440. 1201. 1201. 1201. 1440. 1440. 1440.
 1201. 1440. 
 1440. 1440. 1201.   31. 1201. 1201. 1201. 1440. 1440. 1440. 1440. 1440.
 1201. 1201.   31. 1201. 1201. 1440. 1440. 1440. 1201. 1440. 1440. 1440.
 1440. 1440. 
 1201. 1201. 1440. 1440. 1440. 1440. 1440. 1201. 1201. 1201.   31. 1201.
 1440. 1440. 1440. 1440. 1201. 1440. 1440. 1440. 1201. 1440. 1440. 1440.
 1440. 1201. 
 1440. 1440. 1440. 1440. 1201.   31. 1201. 1440. 1440. 1440. 1440. 1440.
 1440. 1440. 1201. 1201. 1201. 1201. 1201. 1440. 1440. 1440. 1440. 1440.
 1440. 1201. 
 1201. 1201. 1440. 1440. 1440. 1440. 1201. 1440. 1440. 1440. 1440. 1440.
 1201. 1201. 1201. 1440. 1440. 1440. 1440. 1201. 1201.   31.   31. 1201.
 1201. 1440. 
 1440. 1440. 1440. 1440. 1440. 1440. 1201. 1201. 1440. 1440. 1440. 1440.
 1201. 1201. 1440. 1201. 1201.   31. 1201. 1201. 1201. 1201. 1201. 1201.
 1201. 1201. 
 1201. 1201. 1201. 1201. 1440. 1440. 1440. 1201. 1440. 1440. 1440. 1440.
 1201. 1201. 1440. 1440. 1440. 1201. 1201. 1440. 1440. 1440. 1201. 1201.
 1201.   31. 
 1201. 1201. 1440. 1201. 1201. 1201. 1201.   31.   31.   31. 1201. 1440.
 1440. 1440. 1440. 1440. 1440. 1440. 1201. 1201. 1440. 1440. 1201. 1201.
 1201. 1201. 
 1201. 1201.   31. 1201. 1201. 1440. 1440. 1201. 1201. 1440. 1440. 1440.
 1440. 1201. 1201. 1201. 1440. 1440. 1440. 1201. 1201. 1440. 1440. 1440.
 1440. 1440. 
 1440. 1440. 1440. 1201. 1201. 1201. 1440. 1440. 1201. 1440. 1201. 1201.
   31. 1201. 1201. 1201. 1440. 1440. 1201. 1201.   31.   31.   31. 1201.
 1201. 1201. 
 1201. 1201. 1201. 1201. 1201. 1201. 1201. 1201. 1201. 1440. 1440. 1440.
 1440. 1201.   31. 1201. 1440. 1440. 1201. 1201. 1440. 1440. 1440. 1440.
 1440. 1440. 
 1201. 1201. 1440. 1440. 1440. 1440. 1201. 1440. 1440. 1440. 1440. 1440.
 1440. 1440. 1201. 1201. 1201. 1201. 1440. 1440. 1440. 1440. 1440. 1201.
 1201. 1201. 
 1201. 1440. 1440. 1440. 1440. 1440. 1201.   31.   31. 1201. 1201. 1440.
 1440. 1440. 1201. 1201.   31.   31. 1201. 1201. 1440. 1440. 1440. 1440.
 1440. 1201. 
 1201. 1201. 1440. 1201. 1201. 1440. 1440. 1440. 1440. 1440. 1440. 1440.
 1440. 1201. 1440. 1440. 1440. 1440. 1201. 1201. 1201. 1440. 1440. 1440.
 1440. 1440. 
 1201. 1201. 1201. 1201. 1201. 1440. 1440. 1440. 1440. 1440. 1201. 1201.
 1440. 1440. 1440. 1440. 1440. 1440. 1201.   31. 1201. 1440. 1201. 1201.
 1201. 1201. 
 1201. 1201. 1201.   31. 1201. 1201. 1201. 1201. 1201. 1201. 1201. 1440.
 1201. 1201. 1201. 1201. 1201. 1440. 1440. 1440. 1440. 1440. 1440. 1440.
 1440. 1440. 
 1440. 1440. 1440. 1440. 1201. 1201. 1201. 1201. 1201. 1440. 1440. 1201.
 1201.   31. 1201. 1201. 1201. 1201. 1201. 1440. 1440. 1440. 1440. 1201.
 1201. 1201. 
 1201. 1201. 1440. 1440. 1201. 1201. 1201. 1201. 1201. 1201. 1440. 1440.
 1201. 1201. 1201. 1201. 1201. 1201. 1201. 1201. 1201. 1201. 1201. 1201.
 1201. 1201. 
 1201. 1201. 1440. 1440. 1440. 1440. 1201. 1201. 1440. 1440. 1440. 1440.
 1440. 1440. 1440. 1440. 1201. 1201. 1201. 1201. 1201. 1201. 1201. 1201.
   31.   31. 
 1201. 1201. 1201. 1201. 1201. 1201. 1440. 1440. 1440. 1201. 1201. 1440.
 1440. 1201. 1201. 1440. 1440. 1201. 1201. 1201. 1201. 1440. 1440. 1440.
 1440. 1201. 
 1201. 1201. 1201. 1201. 1201. 1440. 1440. 1440. 1440. 1440. 1201. 1201.
 1201. 1201. 1440. 1440. 1440. 1440. 1201. 1201. 1201. 1440. 1440. 1440.
 1440. 1440. 
 1440. 1201. 1201. 1201. 1201. 1201. 1201. 1201.   31.   31.   31.   31.
   31. 1201. 1440. 1440. 1201. 1201. 1440. 1201. 1201. 1440. 1440. 1440.
 1440. 1440. 
 1201. 1201. 1440. 1201. 1201. 1201. 1440. 1440. 1440. 1440. 1440. 1440.
 1201. 1201. 1440. 1201. 1440. 1440. 1440. 1440. 1440. 1440. 1440. 1440.
 1201. 1201. 
 1440. 1440. 1440. 1440. 1201. 1440. 1201. 1201. 1201. 1440. 1440. 1440.
 1201. 1201. 1201. 1201. 1201.   31.   31.   31.   31. 1201. 1201. 1201.
 1201. 1201. 
 1201. 1440. 1440. 1201. 1201. 1201. 1440. 1440. 1440. 1440. 1440. 1440.
 1440. 1201. 1201. 1201. 1201. 1201. 1440. 1440. 1440. 1440. 1440. 1440.
 1201. 1201. 
 1201. 1201. 1440. 1440. 1440. 1440. 1440. 1440. 1440. 1440. 1440. 1440.
 1440. 1440. 1440. 1201. 1201. 1440. 1201. 1440. 1201. 1201. 1201. 1201.
 1201. 1440. 
 1201. 1201. 1201. 1201.   31. 1201. 1201. 1201. 1201. 1201. 1201. 1201.
 1201. 1201. 1440. 1201. 1440. 1440. 1440. 1440. 1440. 1201. 1440. 1440.
 1440. 1440. 
 1201. 1201. 1201. 1440. 1440. 1440. 1440. 1440. 1440. 1440. 1201. 1201.
 1201. 1440. 1440. 1440. 1201. 1201. 1201. 1201. 1440. 1440. 1440. 1440.
 1440. 1440. 
 1440. 1201. 1201. 1440. 1440. 1440. 1440. 1440. 1440. 1440. 1440. 1440.
 1440. 1201. 1201. 1201. 1201. 1201. 1201. 1440. 1440. 1440. 1440. 1201.
 1201.   31. 
 1440. 1440. 1440. 1440. 1440. 1440. 1201. 1201. 1201. 1440. 1440. 1440.
 1440. 1201. 1201. 1440. 1440. 1440. 1201. 1440. 1440. 1440. 1440. 1201.
 1201. 1440. 
 1440. 1440. 1201. 1201. 1201. 1201. 1201. 1440. 1440. 1440. 1440. 1440.
 1201. 1201. 1440. 1440. 1440. 1440. 1440. 1440. 1201. 1201. 1201. 1440.
 1440. 1440. 
 1201. 1201. 1201. 1201. 1440. 1440. 1440. 1440. 1440. 1440. 1201. 1201.
 1440. 1440. 1440. 1440. 1201. 1201. 1201. 1440. 1201. 1201. 1440. 1440.
 1440. 1440. 
 1201. 1440. 1440. 1440. 1201. 1440. 1440. 1440. 1440. 1201. 1440. 1440.
 1440. 1201. 1201. 1201. 1201. 1201. 1201. 1201. 1440. 1440. 1201. 1201.
 1201. 1201. 
 1440. 1440. 1440. 1440. 1201. 1201. 1201. 1201. 1201. 1440. 1440. 1440.
 1440. 1201. 1440. 1440. 1440. 1440. 1440. 1440. 1440. 1440. 1440. 1201.
 1440. 1440. 
 1201. 1201. 1201. 1201. 1440. 1440. 1440. 1201. 1201. 1440. 1440. 1440.
 1440. 1440. 1440. 1440. 1201. 1201. 1440. 1440. 1440. 1440. 1440. 1440.
 1201. 1201. 
 1201. 1201. 1201. 1201. 1201. 1201. 1201. 1201. 1201. 1201. 1201. 1201.
 1201. 1440. 1440. 1201. 1201. 1201. 1440. 1201. 1201. 1201. 1440. 1440.
 1440. 1440. 
 1440. 1440. 1440. 1440. 1201. 1440. 1440. 1440. 1440. 1201. 1201. 1201.
 1201. 1201. 1440. 1440. 1440. 1440. 1440. 1201. 1201. 1201. 1440. 1440.
 1440. 1440. 
 1440. 1440. 1201. 1201. 1201. 1440. 1440. 1440. 1440. 1201. 1201. 1201.
 1201. 1440. 1201. 1201. 1201. 1201. 1201. 1201.   31. 1201. 1201. 1201.
 1201. 1201. 
 1201. 1201. 1201. 1440. 1440. 1201. 1201. 1201. 1201. 1440. 1440. 1440.
 1440. 1440. 1201. 1201. 1201. 1201. 1440. 1440. 1440. 1201. 1440. 1440.
 1440. 1440. 
 1440. 1440. 1440. 1440. 1440. 1201. 1201. 1201. 1440. 1440. 1440. 1440.
 1440. 1201. 1201. 1201. 1201. 1201. 1440. 1440. 1201. 1201. 1201. 1201.
 1440. 1440. 
 1440. 1440. 1440. 1201. 1201.   31.   31.   31. 1201. 1201. 1201. 1201.
 1201. 1201. 1440. 1440. 1201. 1201.   31. 1201. 1201. 1201. 1201. 1201.
 1201. 1201. 
 1201. 1201. 1201. 1201. 1440. 1440. 1440. 1440. 1440. 1440. 1201. 1440.
 1440. 1440. 1440. 1440. 1440. 1201. 1201. 1201. 1201. 1201. 1440. 1201.
 1201. 1201. 
 1440. 1440. 1201. 1201. 1201. 1201. 1201. 1201. 1201. 1201. 1201. 1201.
 1440. 1440. 1201. 1201.   31.   31.   31.   31.   31.   31. 1201. 1201.
 1201. 1201. 
 1201. 1201. 1201.   31.   31.   31. 1201. 1201. 1201. 1201. 1201. 1201.
 1440. 1201. 1201. 1201. 1440. 1440. 1440. 1440. 1440. 1440. 1201. 1201.
 1440. 1440. 
 1440. 1440. 1201. 1201. 1201. 1201. 1201. 1201. 1201. 1201. 1201. 1201.
 1440. 1440. 1440. 1201. 1201. 1201. 1201. 1201. 1201. 1201. 1201. 1201.
 1201. 1201. 
 1201.   31.   31.   31.   31.   31.   31.   31.   31.   31. 1201.   31.
   31.   31.   31.   31.   31.   31.   31.   31. 1201. 1201. 1440. 1440.
 1440. 1440. 
 1201. 1201. 1440. 1440. 1440. 1440. 1440. 1201. 1201. 1201. 1201. 1201.
 1440. 1440. 1201. 1201. 1201. 1201. 1201. 1440. 1440. 1440. 1201. 1201.
 1201. 1201. 
 1440. 1440. 1440. 1440. 1440. 1440. 1201. 1201.   31.   31.   31.   31.
   31.   31.   31.   31.   31.   31.   31.   31.   31.   31.   31.   31.
   31.   31. 
   31.   31.   31.   31.   31.   31.   31. 1201. 1201. 1440. 1440. 1440.
 1440. 1201. 1201. 1440. 1440. 1440. 1440. 1201. 1201. 1201. 1201. 1201.
 1201. 1201. 
 1201. 1201. 1201. 1201. 1440. 1440. 1440. 1201. 1201.   31. 1201. 1201.
 1201. 1440. 1440. 1440. 1440. 1440. 1201. 1201.   31.   31.   31.   31.
 1201. 1201. 
 1201. 1201. 1201.   31.   31.   31.   31.   31.   31.   31.   31.   31.
   31.   31.   31.   31.   31.   31.   31. 1201. 1201. 1201. 1440. 1440.
 1201. 1201. 
 1201. 1201. 1201. 1440. 1201. 1201.   31.   31.   31. 1201. 1201. 1201.
 1440. 1440. 1440. 1440. 1440. 1440. 1440. 1201. 1201.   31.   31.   31.
 1201. 1201. 
 1201. 1201. 1201. 1201. 1201.   31.   31.   31. 1201. 1201. 1201. 1440.
 1440. 1440. 1201. 1201.   31.   31.   31.   31.   31.   31.   31.   31.
   31.   31. 
   31.   31.   31. 1201. 1201. 1201. 1201. 1201. 1201. 1201. 1201. 1201.
 1440. 1201. 1201. 1201. 1201. 1201.   31.   31.   31.   31. 1201. 1201.
 1440. 1440. 
 1440. 1440. 1440. 1440. 1201. 1201.   31.   31.   31.   31.   31.   31.
 1201. 1201. 1201. 1201.   31.   31.   31.   31. 1201. 1201. 1440. 1440.
 1440. 1440. 
 1440. 1201. 1201.   31.   31.   31.   31.   31.   31.   31.   31.   31.
   31.   31. 1201. 1201. 1440. 1440. 1440. 1201. 1201. 1201. 1440. 1440.
 1440. 1440. 
 1440. 1440.   31.   31.   31.   31.   31.   31.   31. 1201. 1201. 1440.
 1440. 1440. 1440. 1201. 1201.   31.   31.   31.   31.   31. 1201. 1201.
 1201. 1201. 
 1201.   31.   31.   31.   31. 1201. 1201. 1440. 1440. 1440. 1440. 1440.
 1440. 1201. 1201.   31. 1201. 1201. 1201. 1201. 1201. 1201. 1201.   31.
   31. 1201. 
 1201. 1440. 1440. 1440. 1440. 1440. 1201. 1201. 1440. 1440. 1440. 1201.
 1440. 1440.   31.   31.   31.   31.   31.   31.   31. 1201. 1201. 1201.
 1201. 1201. 
 1201. 1201.   31.   31.   31.   31.   31. 1201. 1201. 1440. 1440. 1440.
 1201. 1201. 1201.   31. 1201. 1201. 1440. 1440. 1440. 1440. 1201. 1440.
 1440. 1440. 
 1201. 1201. 1201. 1201. 1201. 1201. 1201. 1201. 1201. 1201. 1201. 1201.
 1440. 1440. 1440. 1440. 1440. 1440. 1440. 1440. 1440. 1440. 1440. 1201.
 1201. 1440. 
 1201.   31.   31.   31.   31.   31.   31.   31.   31. 1201. 1201. 1201.
 1201.   31.   31.   31.   31.   31.   31. 1201. 1440. 1440. 1440. 1440.
 1440. 1440. 
 1201. 1201. 1201. 1440. 1440. 1440. 1440. 1201. 1201. 1440. 1440. 1440.
 1201. 1201. 1440. 1440. 1440. 1440. 1440. 1201. 1201. 1201. 1201. 1201.
 1440. 1440. 
 1440. 1440. 1201. 1440. 1440. 1440. 1440. 1440. 1440. 1201. 1201. 1201.
 1201.   31.   31.   31.   31.   31.   31.   31.   31.   31.   31.   31.
   31.   31. 
   31.   31.   31.   31. 1201. 1201. 1440. 1440. 1440. 1440. 1440. 1440.
 1440. 1440. 1201. 1440. 1440. 1440. 1201. 1201. 1201. 1201. 1440. 1440.
 1201. 1201. 
 1440. 1440. 1440. 1440. 1440. 1440. 1440. 1201. 1201. 1440. 1440. 1440.
 1440. 1201. 1201. 1201. 1440. 1440. 1440. 1440. 1440. 1201. 1201. 1201.
 1201. 1201. 
   31.   31. 1201. 1201. 1201.   31.   31.   31.   31. 1201. 1201. 1201.
   31.   31.   31.   31. 1201. 1201. 1440. 1440. 1201. 1201. 1440. 1440.
 1440. 1440. 
 1440. 1440. 1440. 1201. 1201. 1201. 1201. 1201. 1201. 1440. 1201. 1440.
 1440. 1440. 1440. 1440. 1440. 1440. 1440. 1440. 1201. 1440. 1440. 1440.
 1201. 1201. 
 1201. 1201. 1201. 1440. 1440. 1440. 1440. 1201. 1440. 1201. 1440. 1201.
 1201. 1201. 1201. 1201. 1201. 1201. 1201. 1201. 1201. 1201. 1201. 1201.
 1201. 1201. 
 1201. 1201. 1201. 1440. 1440. 1440. 1201. 1201. 1201. 1201. 1440. 1440.
 1440. 1440. 1201. 1201. 1440. 1440. 1440. 1440. 1201. 1201. 1201. 1440.
 1440. 1440. 
 1440. 1201. 1440. 1440. 1440. 1440. 1440. 1440. 1440. 1440. 1201. 1201.
 1201. 1201. 1201. 1201. 1201. 1201. 1201. 1201. 1440. 1440. 1440. 1201.
 1201. 1440. 
 1440. 1440. 1440. 1440. 1201. 1201. 1440. 1440. 1440. 1440. 1201. 1201.
 1201. 1201. 1201. 1440. 1440. 1440. 1201. 1201. 1201. 1201. 1201. 1201.
 1440. 1201. 
 1201. 1440. 1440. 1440. 1440. 1440. 1440. 1201. 1201. 1440. 1440. 1440.
 1440. 1201. 1201. 1440. 1440. 1440. 1440. 1440. 1440. 1201. 1201. 1201.
 1201. 1201. 
 1201. 1201. 1201. 1440. 1440. 1440. 1440. 1440. 1440. 1201. 1440. 1440.
 1440. 1440. 1440. 1440. 1201. 1201. 1440. 1440. 1440. 1201. 1201. 1440.
 1440. 1440. 
 1201. 1201. 1440. 1201. 1201. 1440. 1440. 1440. 1201. 1201. 1201. 1201.
 1201. 1440. 1440. 1440. 1440. 1440. 1440. 1440. 1201. 1440. 1440. 1440.
 1201. 1201. 
 1201. 1201. 1201. 1440. 1440. 1201. 1201. 1201. 1440. 1201. 1201.   31.
 1201. 1201. 1440. 1440. 1440. 1440. 1440. 1201. 1440. 1440. 1440. 1440.
 1440. 1440. 
 1440. 1440. 1440. 1201. 1201. 1440. 1201. 1201. 1440. 1440. 1440. 1440.
 1440. 1201. 1201. 1201. 1440. 1440. 1440. 1440. 1440. 1201. 1201. 1201.
 1201. 1440. 
 1440. 1440. 1440. 1440. 1440. 1440. 1440. 1440. 1440. 1440. 1201. 1201.
   31. 1201. 1201. 1201. 1201. 1201. 1201. 1440. 1201. 1201.   31.   31.
   31. 1201. 
 1201. 1201. 1201. 1201. 1201. 1201. 1440. 1440. 1440. 1440. 1440. 1201.
 1440. 1440. 1440. 1201. 1201. 1201. 1201. 1201. 1440. 1440. 1440. 1440.
 1440. 1201. 
 1201. 1201. 1440. 1440. 1440. 1440. 1440. 1440. 1201. 1201. 1201. 1440.
 1440. 1440. 1201. 1440. 1440. 1440. 1440. 1440. 1440. 1440. 1201. 1201.
   31. 1201. 
 1201. 1440. 1440. 1440. 1440. 1440. 1201. 1201.   31.   31.   31.   31.
 1201. 1201. 1201. 1201. 1201.   31. 1440. 1440. 1440. 1440. 1201. 1201.
 1440. 1440. 
 1440. 1440. 1201. 1201. 1201. 1440. 1440. 1440. 1440. 1440. 1440. 1440.
 1201. 1440. 1440. 1440. 1440. 1440. 1440. 1440. 1440. 1201. 1201. 1440.
 1440. 1440. 
 1201. 1201. 1440. 1440. 1440. 1440. 1440. 1201. 1201.   31.   31.   31.
 1201. 1201. 1201. 1440. 1201. 1201. 1201.   31.   31.   31.   31.   31.
   31.   31. 
   31.   31.   31.   31. 1440. 1440. 1440. 1201. 1201. 1201. 1201. 1440.
 1440. 1440. 1440. 1201. 1440. 1440. 1440. 1440. 1201. 1440. 1440. 1440.
 1440. 1440. 
 1440. 1440. 1440. 1440. 1440. 1440. 1440. 1440. 1440. 1440. 1440. 1440.
 1201. 1201. 1201. 1440. 1440. 1440. 1201. 1201. 1201.   31.   31.   31.
   31. 1201. 
 1201. 1201. 1201. 1201.   31.   31.   31.   31.   31.   31.   31.   31.
   31.   31.   31.   31. 1201. 1201. 1201. 1201. 1201. 1201. 1201. 1440.
 1440. 1440. 
 1440. 1440. 1440. 1440. 1440. 1201. 1201. 1440. 1440. 1440. 1440. 1440.
 1440. 1440. 1201. 1201. 1201. 1440. 1440. 1440. 1440. 1440. 1440. 1201.
 1201. 1201. 
 1201. 1201. 1201. 1201. 1201. 1201.   31.   31.   31.   31.   31.   31.
   31.   31.   31.   31.   31.   31.   31.   31.   31.   31.   31.   31.
   31.   31. 
   31.   31. 1201. 1440. 1440. 1440. 1440. 1440. 1201. 1201. 1440. 1440.
 1440. 1440. 1440. 1440. 1440. 1201. 1201. 1201. 1440. 1440. 1440. 1440.
 1440. 1201. 
 1201. 1201. 1201. 1440. 1440. 1440. 1440. 1440. 1201. 1201.   31.   31.
   31. 1201. 1201. 1201. 1201.   31.   31.   31.   31.   31.   31.   31.
   31.   31. 
   31.   31.   31.   31.   31.   31.   31.   31.   31.   31.   31.   31.
   31.   31. 1440. 1440. 1440. 1440. 1440. 1440. 1440. 1201. 1201. 1201.
 1440. 1440. 
 1440. 1440. 1201. 1201.   31. 1201. 1440. 1440. 1440. 1440. 1440. 1201.
   31.   31. 1201. 1201. 1201. 1440. 1440. 1201. 1201.   31.   31.   31.
   31.   31. 
 31. 31. 31. 31. 31. 31. 31. 31. 31. 31. 31. 31. 31. 31. 31. 31. 31. 31.
 31. 31. 31. 31. 31. 31. 31. 31. 
 1201. 1201. 1201. 1440. 1440. 1440. 1440. 1201. 1201. 1201. 1201. 1201.
 1201. 1201. 1201.   31.   31. 1201. 1201. 1201. 1440. 1440. 1201. 1201.
   31.   31. 
   31. 1201. 1201. 1201. 1201. 1201.   31.   31.   31.   31.   31.   31.
   31.   31.   31.   31.   31.   31.   31.   31.   31.   31.   31.   31.
   31.   31. 
   31.   31.   31.   31.   31.   31.   31.   31.   31.   31.   31.   31.
   31. 1201. 1201. 1201. 1201. 1201. 1201. 1201.   31.   31. 1201. 1201.
 1201. 1201. 
   31.   31.   31.   31. 1201. 1201. 1201. 1201. 1201.   31.   31.   31.
   31.   31.   31.   31.   31.   31.   31.   31.   31.   31.   31.   31.
   31.   31. 
 31. 31. 31. 31. 31. 31. 31. 31. 31. 31. 31. 31. 31. 31. 31. 31. 31. 31.
 31. 31. 31. 31. 31. 31. 31. 31. 
   31.   31. 1201. 1201. 1201.   31.   31.   31.   31.   31.   31.   31.
   31.   31.   31.   31.   31.   31.   31.   31.   31.   31.   31.   31.
   31.   31. 
 31. 31. 31. 31. 31. 31. 31. 31. 31. 31. 31. 31. 31. 31. 31. 31. 31. 31.
 31. 31. 31. 31. 31. 31. 31. 31. 
 31. 31. 31. 31. 31. 31. 31. 31. 31. 31. 31. 31. 31. 31. 31. 31. 31. 31.
 31. 31. 31. 31. 31. 31. 31. 31. 
 31. 31. 31. 31. 31. 31. 31. 31. 31. 31. 31. 31. 31. 31. 31. 31. 31. 31.
 31. 31. 31. 31. 31. 31. 31. 31. 
 31. 31. 31. 31. 31. 31. 31. 31. 31. 31. 31. 31. 31. 31. 31. 31. 31. 31.
 31. 31. 31. 31. 31. 31. 31. 31. 
 31. 31. 31. 31. 31. 31. 31. 31. 31. 31. 31. 31. 31. 31. 31. 31. 31. 31.
 31. 31. 31. 31. 31. 31. 31. 31. 
 31. 31. 31. 31. 31. 31. 31. 31. 31. 31. 31. 31. 31. 31. 31. 31. 31. 31.
 31. 31. 31. 31. 31. 31. 31. 31. 
 31. 31. 31. 31. 31. 31. 31. 31. 31. 31. 31. 31. 31. 31. 31. 31. 31. 31.
 31. 31. 31. 31. 31. 31. 31. 31. 
 31. 31. 31. 31. 31. 31. 31. 31. 31. 31. 31. 31. 31. 31. 31. 31. 31. 31.
 31. 31. 31. 31. 31. 31. 31. 31. 
 31. 31. 31. 31. 31. 31. 31. 31. 31. 31. 31. 31. 31. 31. 31. 31. 31. 31.
 31. 31. 31. 31. 31. 31. 31. 31. 
 31. 31. 31. 31. 31. 31. 31. 31. 31. 31. 31. 31. 31. 31. 31. 31. 31. 31.
 31. 31. 31. 31. 31. 31. 31. 31. 
 31. 31. 31. 31. 31. 31. 31. 31. 31. 31. 31. 31. 31. 31. 31. 31. 31. 31.
 31. 31. 31. 31. 31. 31. 31. 31. 
 31. 31. 31. 31. 31. 31. 31. 31. 31. 31. 31. 31. 31. 31. 31. 31. 31. 31.
 31. 31. 31. 31. 31. 31. 31. 31. 
 31. 31. 31. 31. 31. 31. 31. 31. 31. 31. 31. 31. 31. 31. 31. 31. 31. 31.
 31. 31. 31. 31. 31. 31. 31. 31. 
   31.   31.   31.   31.   31.   31.   31.   31.   31.   31.   31.   31.
   31.   31. 1201. 1201. 1201.   31.   31.   31.   31.   31.   31.   31.
   31.   31. 
 31. 31. 31. 31. 31. 31. 31. 31. 31. 31. 31. 31. 31. 31. 31. 31. 31. 31.
 31. 31. 31. 31. 31. 31. 31. 31. 
   31.   31.   31.   31.   31.   31.   31.   31.   31.   31.   31.   31.
   31.   31.   31.   31.   31.   31.   31.   31.   31.   31.   31.   31.
 1201. 1201. 
 1201. 1440. 1201. 1201.   31.   31.   31.   31.   31.   31.   31.   31.
   31.   31.   31.   31.   31.   31.   31.   31.   31.   31.   31.   31.
   31.   31. 
 31. 31. 31. 31. 31. 31. 31. 31. 31. 31. 31. 31. 31. 31. 31. 31. 31. 31.
 31. 31. 31. 31. 31. 31. 31. 31. 
   31.   31.   31.   31.   31.   31.   31.   31.   31. 1201. 1201. 1440.
 1440. 1440. 1440. 1440.   31.   31.   31.   31.   31.   31.   31.   31.
   31.   31. 
 31. 31. 31. 31. 31. 31. 31. 31. 31. 31. 31. 31. 31. 31. 31. 31. 31. 31.
 31. 31. 31. 31. 31. 31. 31. 31. 
   31.   31.   31.   31.   31.   31.   31.   31.   31.   31.   31.   31.
   31.   31.   31.   31.   31.   31.   31.   31.   31. 1201. 1440. 1440.
 1440. 1440. 
 1440. 1440.   31.   31.   31.   31.   31.   31.   31.   31.   31.   31.
   31.   31.   31.   31.   31.   31.   31.   31.   31.   31.   31.   31.
   31.   31. 
 31. 31. 31. 31. 31. 31. 31. 31. 31. 31. 31. 31. 31. 31. 31. 31. 31. 31.
 31. 31. 31. 31. 31. 31. 31. 31. 
   31.   31.   31.   31.   31.   31. 1201. 1201. 1440. 1440. 1440. 1440.
 1440. 1440. 1201. 1201.   31.   31.   31.   31.   31.   31.   31.   31.
   31.   31. 
 31. 31. 31. 31. 31. 31. 31. 31. 31. 31. 31. 31. 31. 31. 31. 31. 31. 31.
 31. 31. 31. 31. 31. 31. 31. 31. 
   31.   31.   31.   31.   31.   31.   31.   31.   31.   31.   31.   31.
   31.   31.   31.   31.   31.   31. 1201. 1440. 1440. 1440. 1440. 1201.
 1440. 1440. 
 1201. 1201. 1201. 1201.   31.   31.   31.   31.   31.   31.   31.   31.
   31.   31.   31.   31.   31.   31.   31.   31.   31.   31.   31.   31.
   31.   31. 
   31.   31.   31.   31.   31.   31.   31.   31.   31.   31.   31.   31.
   31.   31.   31.   31.   31.   31.   31.   31.   31.   31. 1201. 1201.
 1201. 1201. 
   31.   31.   31.   31. 1201. 1440. 1440. 1440. 1201. 1201. 1201. 1440.
 1440. 1440. 1440. 1201.   31.   31.   31.   31.   31.   31. 1201.   31.
   31.   31. 
 31. 31. 31. 31. 31. 31. 31. 31. 31. 31. 31. 31. 31. 31. 31. 31. 31. 31.
 31. 31. 31. 31. 31. 31. 31. 31. 
   31.   31.   31.   31.   31.   31. 1201. 1201. 1201. 1440. 1440. 1440.
 1201. 1201.   31.   31. 1201. 1440. 1440. 1440. 1201.   31. 1201. 1201.
 1440. 1440. 
 1440. 1201. 1201.   31.   31. 1201. 1201. 1201. 1201. 1201. 1201. 1201.
   31.   31.   31.   31.   31.   31.   31.   31.   31.   31.   31.   31.
   31.   31. 
   31.   31.   31.   31.   31.   31.   31.   31.   31.   31.   31.   31.
   31.   31.   31.   31.   31.   31. 1201. 1440. 1440. 1440. 1440. 1440.
 1440. 1440. 
 1201. 1201. 1201. 1440. 1440. 1440. 1201.   31.   31. 1201. 1440. 1440.
 1440. 1201. 1201.   31. 1201. 1201. 1440. 1440. 1440. 1440. 1201. 1201.
   31.   31. 
   31.   31.   31. 1201. 1201.   31.   31.   31.   31.   31.   31.   31.
   31.   31.   31.   31.   31.   31.   31.   31.   31.   31.   31.   31.
   31.   31. 
   31.   31.   31.   31. 1201. 1440. 1440. 1440. 1440. 1440. 1440. 1440.
 1440. 1201. 1440. 1440. 1440. 1440. 1201.   31.   31.   31. 1201. 1440.
 1440. 1440. 
 1201. 1201. 1201. 1440. 1440. 1440. 1440. 1440. 1440. 1201. 1201.   31.
   31.   31. 1201. 1201. 1201. 1201. 1201.   31.   31.   31.   31.   31.
 1201. 1201. 
 1201. 1201. 1201.   31.   31.   31. 1201. 1201. 1201. 1201. 1201. 1201.
   31.   31.   31. 1201. 1201. 1440. 1440. 1440. 1440. 1440. 1440. 1440.
 1440. 1440. 
 1440. 1440. 1440. 1440. 1201.   31.   31.   31. 1201. 1440. 1440. 1440.
 1201. 1201. 1440. 1440. 1440. 1440. 1440. 1440. 1440. 1440. 1201.   31.
   31. 1201. 
 1201. 1440. 1440. 1440. 1201. 1201.   31.   31. 1201. 1201. 1201. 1201.
 1440. 1440. 1201. 1201.   31. 1201. 1201. 1440. 1440. 1440. 1440. 1201.
 1201. 1201. 
   31. 1201. 1440. 1440. 1440. 1440. 1201. 1201. 1440. 1440. 1440. 1440.
 1440. 1440. 1440. 1201. 1201.   31.   31.   31. 1201. 1440. 1440. 1440.
 1201. 1440. 
 1440. 1440. 1440. 1440. 1201. 1440. 1440. 1440. 1201. 1201. 1201. 1201.
 1440. 1440. 1440. 1440. 1440. 1201.   31. 1201. 1201. 1440. 1440. 1440.
 1440. 1440. 
 1440. 1201. 1201. 1201. 1440. 1440. 1440. 1440. 1440. 1440. 1440. 1201.
 1201. 1201. 1440. 1440. 1440. 1440. 1201. 1201. 1201. 1440. 1440. 1440.
 1440. 1440. 
 1201. 1201.   31.   31.   31.   31. 1201. 1440. 1440. 1440. 1440. 1440.
 1440. 1440. 1201. 1201. 1201. 1440. 1440. 1440. 1201. 1201. 1440. 1440.
 1440. 1440. 
 1440. 1440. 1440. 1201. 1201. 1201. 1440. 1440. 1440. 1440. 1440. 1440.
 1440. 1440. 1201. 1201. 1440. 1440. 1440. 1440. 1440. 1440. 1440. 1440.
 1201. 1440. 
 1440. 1440. 1440. 1201. 1201.   31. 1201. 1201. 1201. 1201. 1201. 1201.
 1201.   31.   31.   31.   31.   31. 1201. 1440. 1440. 1440. 1440. 1440.
 1440. 1440. 
 1201. 1201. 1201. 1440. 1440. 1440. 1201. 1440. 1440. 1440. 1440. 1440.
 1201. 1440. 1440. 1440. 1201. 1440. 1440. 1440. 1440. 1440. 1201. 1440.
 1440. 1440. 
 1201. 1440. 1440. 1440. 1440. 1201. 1440. 1440. 1440. 1440. 1440. 1440.
 1440. 1440. 1201. 1201.   31.   31.   31.   31. 1201. 1201. 1201.   31.
   31.   31. 
   31.   31.   31.   31. 1201. 1201. 1440. 1440. 1440. 1440. 1201. 1201.
 1201.   31. 1201. 1201. 1440. 1440. 1440. 1440. 1440. 1440. 1201. 1201.
 1201. 1440. 
 1440. 1440. 1201. 1440. 1440. 1440. 1201. 1201. 1201. 1440. 1440. 1440.
 1201. 1440. 1440. 1440. 1440. 1201. 1201. 1440. 1440. 1440. 1440. 1440.
 1440. 1201. 
 1201.   31.   31.   31.   31.   31.   31.   31.   31.   31.   31.   31.
   31.   31.   31.   31.   31. 1201. 1201. 1440. 1440. 1440. 1201. 1201.
   31.   31. 
 1201. 1201. 1440. 1440. 1440. 1440. 1440. 1201. 1201. 1201. 1201. 1201.
 1440. 1440. 1440. 1440. 1440. 1440. 1201.   31. 1201. 1440. 1440. 1440.
 1201. 1440. 
 1440. 1440. 1440. 1201. 1201. 1201. 1440. 1440. 1440. 1440. 1440. 1201.
   31.   31.   31.   31.   31.   31.   31.   31.   31.   31.   31.   31.
   31.   31. 
   31.   31.   31.   31. 1201. 1201. 1201. 1201. 1201.   31.   31.   31.
   31. 1201. 1201. 1440. 1440. 1440. 1201. 1201.   31.   31. 1201. 1201.
 1440. 1440. 
 1440. 1440. 1440. 1201. 1201.   31. 1201. 1440. 1440. 1440. 1201. 1440.
 1440. 1440. 1440. 1201.   31.   31. 1201. 1201. 1440. 1201. 1201. 1201.
   31.   31. 
 31. 31. 31. 31. 31. 31. 31. 31. 31. 31. 31. 31. 31. 31. 
/