PERMI
 6. 6. 6. 6. 6. 6. 6. 6. 6. 6. 6. 6. 6. 6. 6. 6. 6. 6. 6. 6. 6. 6. 6. 6.
 6. 6. 
    6.    6.    6.    6.    6.    6.    6.    6.    6.    6.    6.    6.
    6.    6.    6.    6.    6.    6.    6.    6.    6. 1872. 1872. 1872.
 2555. 2555. 
 1872. 1872. 1872. 1872.    6.    6.    6.    6.    6. 1872. 1872. 2555.
    6.    6.    6.    6.    6.    6.    6.    6.    6.    6.    6.    6.
    6.    6. 
 6. 6. 6. 6. 6. 6. 6. 6. 6. 6. 6. 6. 6. 6. 6. 6. 6. 6. 6. 6. 6. 6. 6. 6.
 6. 6. 
    6.    6.    6.    6.    6.    6.    6. 1872. 2555. 2555. 2555. 2555.
 2555. 2555. 1872. 1872. 1872.    6.    6.    6. 1872. 1872. 2555. 2555.
    6.    6. 
 6. 6. 6. 6. 6. 6. 6. 6. 6. 6. 6. 6. 6. 6. 6. 6. 6. 6. 6. 6. 6. 6. 6. 6.
 6. 6. 
    6.    6.    6.    6.    6.    6.    6.    6.    6.    6.    6.    6.
    6.    6.    6.    6.    6.    6. 1872. 1872. 2555. 2555. 2555. 2555.
 2555. 2555. 
 2555. 1872. 1872. 1872.    6. 1872. 1872. 2555. 2555. 2555.    6.    6.
    6.    6.    6.    6.    6.    6.    6.    6.    6.    6.    6.    6.
    6.    6. 
 6. 6. 6. 6. 6. 6. 6. 6. 6. 6. 6. 6. 6. 6. 6. 6. 6. 6. 6. 6. 6. 6. 6. 6.
 6. 6. 
    6.    6.    6.    6. 1872. 1872. 2555. 2555. 2555. 1872. 2555. 1872.
 1872. 1872. 1872. 1872. 1872. 1872. 2555. 2555. 2555. 2555.    6.    6.
    6.    6. 
 6. 6. 6. 6. 6. 6. 6. 6. 6. 6. 6. 6. 6. 6. 6. 6. 6. 6. 6. 6. 6. 6. 6. 6.
 6. 6. 
    6.    6.    6.    6.    6.    6.    6.    6. 1872. 1872. 1872. 1872.
    6.    6.    6.    6. 1872. 1872. 2555. 2555. 1872. 1872. 1872. 1872.
 2555. 2555. 
 2555. 2555. 1872. 2555. 2555. 2555. 2555. 1872.    6.    6.    6.    6.
    6.    6.    6.    6.    6.    6.    6.    6.    6.    6.    6.    6.
    6.    6. 
    6.    6.    6.    6.    6.    6.    6.    6.    6.    6.    6.    6.
    6.    6.    6.    6.    6.    6.    6. 1872. 1872. 1872. 1872. 1872.
 1872. 1872. 
    6.    6. 1872. 1872. 2555. 2555. 1872. 1872. 1872. 2555. 2555. 2555.
 2555. 2555. 1872. 1872. 2555. 2555. 1872. 1872.    6.    6.    6.    6.
    6.    6. 
 6. 6. 6. 6. 6. 6. 6. 6. 6. 6. 6. 6. 6. 6. 6. 6. 6. 6. 6. 6. 6. 6. 6. 6.
 6. 6. 
    6.    6.    6.    6. 1872. 1872. 2555. 2555. 2555. 2555. 1872. 1872.
 1872. 1872. 1872. 1872. 2555. 2555. 1872. 1872. 2555. 2555. 2555. 2555.
 2555. 2555. 
 2555. 1872. 2555. 1872. 1872. 1872.    6.    6.    6.    6.    6.    6.
    6.    6. 1872. 1872. 1872.    6.    6.    6.    6.    6.    6.    6.
    6.    6. 
    6.    6.    6.    6.    6. 1872. 1872. 1872. 1872.    6.    6.    6.
    6.    6.    6.    6. 1872. 1872. 1872. 1872. 1872. 1872. 2555. 2555.
 1872. 1872. 
 1872. 1872. 2555. 2555. 1872. 2555. 2555. 2555. 1872. 1872. 2555. 2555.
 2555. 1872. 2555. 1872.    6.    6.    6.    6.    6.    6.    6.    6.
 1872. 1872. 
 1872. 1872. 1872. 1872. 1872.    6.    6.    6.    6.    6.    6.    6.
    6.    6.    6.    6. 1872. 1872. 2555. 2555. 1872. 1872. 1872.    6.
    6.    6. 
    6. 1872. 1872. 1872. 2555. 2555. 2555. 1872. 1872. 2555. 2555. 2555.
 1872. 2555. 2555. 1872. 1872. 2555. 2555. 2555. 1872. 1872. 2555. 2555.
 2555. 1872. 
 1872. 1872.    6. 1872.    6.    6.    6.    6.    6. 1872. 1872. 2555.
 2555. 2555. 2555. 2555. 1872. 1872. 1872.    6.    6.    6.    6.    6.
    6.    6. 
 1872. 1872. 2555. 2555. 2555. 2555. 2555. 2555. 1872.    6.    6.    6.
 1872. 1872. 2555. 2555. 2555. 2555. 2555. 2555. 1872. 1872. 2555. 2555.
 2555. 2555. 
 2555. 1872. 1872. 2555. 2555. 1872. 1872. 1872. 2555. 2555. 2555. 1872.
 1872.    6. 1872. 1872.    6.    6.    6.    6. 1872. 1872. 2555. 2555.
 2555. 2555. 
 2555. 2555. 2555. 1872. 1872. 1872.    6.    6.    6.    6.    6. 1872.
 1872. 2555. 2555. 2555. 2555. 2555. 2555. 2555. 1872. 1872.    6.    6.
 1872. 2555. 
 2555. 2555. 2555. 2555. 2555. 2555. 2555. 1872. 2555. 2555. 2555. 2555.
 2555. 1872. 2555. 2555. 2555. 1872.    6.    6. 1872. 2555. 2555. 2555.
 1872.    6. 
 1872. 2555.    6.    6.    6. 1872. 1872. 2555. 2555. 2555. 2555. 1872.
 1872. 2555. 2555. 2555. 2555. 1872. 1872.    6. 1872. 1872. 1872. 1872.
 1872. 1872. 
 1872. 2555. 1872. 1872. 2555. 2555. 2555. 1872.    6. 1872. 1872. 2555.
 2555. 2555. 2555. 1872. 2555. 2555. 2555. 2555. 1872. 1872. 1872. 1872.
 1872. 1872. 
 2555. 2555. 2555. 1872.    6.    6. 1872. 2555. 2555. 2555. 1872. 1872.
 2555. 2555.    6.    6. 1872. 1872. 2555. 2555. 2555. 2555. 1872. 1872.
 1872. 2555. 
 2555. 2555. 2555. 2555. 1872. 1872. 1872. 2555. 2555. 2555. 2555. 1872.
 1872. 1872. 1872. 1872. 2555. 2555. 2555. 1872. 1872. 1872. 2555. 2555.
 2555. 2555. 
 1872. 1872. 1872. 2555. 2555. 2555. 1872. 1872. 1872. 1872. 1872. 1872.
 2555. 2555. 1872.    6.    6.    6. 1872. 1872. 2555. 2555. 1872. 2555.
 2555. 2555. 
 1872.    6. 1872. 2555. 2555. 2555. 2555. 1872. 1872.    6. 1872. 1872.
 1872. 2555. 2555. 2555. 1872. 1872. 2555. 2555. 2555. 2555. 2555. 2555.
 2555. 1872. 
 1872. 1872. 2555. 2555. 2555. 1872. 1872. 1872. 2555. 2555. 2555. 1872.
 1872. 2555. 1872. 2555. 2555. 2555. 2555. 1872. 1872.    6. 1872. 2555.
 2555. 2555. 
 1872.    6.    6.    6.    6. 1872. 2555. 2555. 2555. 2555. 2555. 2555.
 1872. 1872. 1872. 2555. 2555. 1872. 1872. 1872. 1872. 1872.    6. 1872.
 1872. 1872. 
 2555. 2555. 1872. 2555. 2555. 2555. 2555. 2555. 2555. 2555. 2555. 2555.
 2555. 1872. 1872. 2555. 2555. 1872. 1872. 2555. 2555. 2555. 1872. 1872.
 2555. 2555. 
 2555. 1872. 2555. 2555. 2555. 2555. 2555. 1872. 1872. 2555. 2555. 2555.
 1872.    6.    6.    6.    6. 1872. 1872. 2555. 2555. 2555. 2555. 2555.
 2555. 1872. 
 2555. 1872. 1872. 1872. 2555. 2555. 2555. 2555. 1872. 1872. 2555. 1872.
 1872. 1872. 1872. 2555. 2555. 1872. 1872. 1872. 1872. 2555. 2555. 2555.
 2555. 2555. 
 1872. 1872. 1872. 1872. 2555. 2555. 2555. 2555. 1872. 2555. 2555. 2555.
 1872. 1872. 1872. 2555. 2555. 2555. 2555. 2555. 2555. 2555. 2555. 1872.
    6.    6. 
    6.    6.    6. 1872. 1872. 1872. 2555. 2555. 2555. 1872. 2555. 1872.
 1872. 1872. 2555. 2555. 2555. 2555. 2555. 2555. 2555. 1872. 1872. 2555.
 1872. 1872. 
 1872. 2555. 2555. 1872. 1872. 2555. 1872. 1872. 2555. 2555. 2555. 2555.
 2555. 2555. 1872. 2555. 2555. 2555. 2555. 1872. 2555. 2555. 2555. 1872.
 1872. 1872. 
 1872. 1872. 2555. 2555. 2555. 2555. 2555. 2555. 2555. 1872.    6.    6.
    6. 1872. 1872. 1872. 2555. 1872. 1872. 1872. 1872. 1872. 1872. 1872.
 2555. 2555. 
 2555. 2555. 2555. 2555. 2555. 2555. 2555. 2555. 1872. 2555. 2555. 1872.
 1872. 2555. 2555. 1872. 1872. 1872. 1872. 1872. 1872. 1872. 2555. 2555.
 2555. 2555. 
 2555. 2555. 2555. 2555. 1872. 1872. 2555. 2555. 2555. 1872. 1872.    6.
 1872. 1872. 1872. 1872. 2555. 2555. 2555. 2555. 1872.    6.    6. 1872.
 1872. 1872. 
 2555. 2555. 2555. 2555. 2555. 1872. 1872.    6. 1872. 2555. 2555. 2555.
 2555. 2555. 1872. 1872. 1872. 2555. 2555. 2555. 1872. 1872. 2555. 1872.
 1872. 2555. 
 2555. 2555. 1872. 1872. 1872. 2555. 1872. 1872. 1872. 2555. 2555. 2555.
 2555. 2555. 2555. 1872. 1872. 2555. 2555. 2555. 1872. 1872.    6.    6.
 1872. 1872. 
 2555. 1872. 1872. 1872. 1872. 1872.    6. 1872. 1872. 1872. 1872. 2555.
 2555. 2555. 2555. 2555. 2555. 2555. 1872. 1872. 2555. 2555. 2555. 2555.
 1872. 1872. 
 1872.    6. 1872. 1872. 2555. 2555. 2555. 1872. 1872. 1872. 1872. 2555.
 2555. 2555. 1872. 1872. 2555. 2555. 2555. 2555. 1872. 1872. 1872. 1872.
 2555. 1872. 
 1872. 1872. 2555. 2555. 2555. 1872. 1872.    6.    6.    6.    6. 1872.
 1872. 2555. 2555. 1872. 1872. 1872. 1872. 1872. 1872. 2555. 2555. 2555.
 2555. 2555. 
 2555. 2555. 2555. 2555. 2555. 1872. 2555. 2555. 2555. 1872. 1872. 1872.
 1872. 1872. 1872. 1872. 2555. 2555. 2555. 1872. 1872. 1872. 1872. 2555.
 2555. 2555. 
 1872. 2555. 2555. 2555. 2555. 2555. 1872. 1872. 1872. 1872. 1872. 1872.
 2555. 2555. 2555. 2555. 2555. 1872. 1872.    6.    6.    6.    6. 1872.
 1872. 2555. 
 2555. 2555. 1872. 1872. 2555. 2555. 2555. 2555. 2555. 2555. 2555. 1872.
 1872. 1872. 1872. 2555. 2555. 1872. 2555. 2555. 2555. 1872. 2555. 2555.
 2555. 1872. 
 1872. 1872. 1872. 2555. 2555. 2555. 1872. 1872. 1872. 2555. 2555. 2555.
 1872. 2555. 2555. 2555. 2555. 1872. 1872.    6. 1872. 1872. 2555. 2555.
 2555. 2555. 
 2555. 2555. 1872. 1872.    6.    6.    6.    6.    6. 1872. 1872. 2555.
 2555. 2555. 2555. 2555. 2555. 2555. 2555. 2555. 2555. 1872. 1872. 1872.
 1872. 1872. 
 1872. 2555. 2555. 2555. 1872. 1872. 1872. 1872. 2555. 2555. 2555. 2555.
 2555. 2555. 1872. 2555. 2555. 2555. 1872. 1872. 1872. 2555. 2555. 1872.
 1872. 2555. 
 2555. 2555. 1872. 1872.    6.    6.    6. 1872. 1872. 2555. 2555. 2555.
 1872. 1872. 1872.    6.    6.    6.    6.    6.    6.    6. 1872. 1872.
 2555. 2555. 
 2555. 2555. 2555. 2555. 2555. 1872. 1872. 1872. 1872. 1872. 2555. 2555.
 1872. 1872. 2555. 2555. 1872. 1872. 2555. 1872. 1872. 2555. 2555. 2555.
 2555. 2555. 
 1872. 1872. 2555. 2555. 2555. 2555. 2555. 2555. 2555. 1872. 1872. 1872.
 1872. 1872.    6.    6.    6.    6.    6.    6. 1872. 1872. 1872. 1872.
 1872. 1872. 
    6.    6.    6.    6.    6.    6.    6.    6. 1872. 1872. 1872. 1872.
 2555. 1872. 1872. 1872. 1872. 1872. 1872. 1872. 1872. 1872. 2555. 2555.
 2555. 1872. 
 2555. 2555. 2555. 2555. 2555. 2555. 1872. 1872. 1872. 1872. 2555. 2555.
 2555. 1872. 1872. 2555. 2555. 2555. 2555. 2555. 1872. 1872. 1872. 1872.
 1872.    6. 
    6.    6.    6.    6.    6.    6.    6.    6.    6.    6.    6.    6.
    6.    6.    6.    6.    6.    6.    6. 1872. 1872. 2555. 1872. 1872.
 1872. 1872. 
 1872. 1872.    6.    6.    6.    6. 1872. 2555. 2555. 2555. 1872. 1872.
 1872. 2555. 1872. 1872. 2555. 2555. 2555. 1872.    6. 1872. 1872. 1872.
 1872. 1872. 
 1872. 1872. 1872. 2555. 2555. 2555. 1872.    6.    6.    6.    6.    6.
    6.    6.    6.    6.    6.    6.    6.    6.    6.    6.    6.    6.
    6.    6. 
    6.    6.    6.    6. 1872. 1872. 2555. 2555. 2555. 2555. 2555. 1872.
    6.    6.    6.    6.    6. 1872. 1872. 2555. 2555. 1872. 1872. 1872.
 1872. 1872. 
    6. 1872. 2555. 2555. 2555. 1872.    6.    6. 1872. 1872. 1872. 2555.
 2555. 2555. 1872. 1872. 1872. 1872. 1872.    6.    6.    6.    6.    6.
    6.    6. 
    6.    6.    6.    6.    6.    6.    6.    6.    6.    6.    6.    6.
    6.    6. 1872. 1872. 1872. 2555. 2555. 2555. 2555. 2555. 2555. 1872.
 1872.    6. 
    6.    6.    6. 1872. 2555. 2555. 2555. 1872. 2555. 2555. 1872. 1872.
    6.    6. 2555. 2555. 2555. 1872.    6.    6. 1872. 1872. 2555. 2555.
 2555. 1872. 
 1872. 2555. 2555. 2555. 1872.    6.    6.    6.    6.    6.    6.    6.
    6.    6.    6. 1872. 1872. 1872. 1872. 1872.    6.    6.    6.    6.
    6. 1872. 
 1872. 1872. 2555. 2555. 2555. 1872. 1872. 2555. 2555. 2555. 1872.    6.
    6.    6. 1872. 1872. 2555. 2555. 1872. 1872. 2555. 2555. 1872. 1872.
    6.    6. 
 1872. 2555. 2555. 1872.    6.    6. 1872. 2555. 2555. 2555. 1872. 1872.
 1872. 2555. 2555. 2555. 1872. 1872.    6.    6.    6.    6.    6.    6.
    6. 1872. 
 1872. 1872. 1872. 2555. 2555. 1872. 1872.    6.    6.    6.    6. 1872.
 1872. 1872. 2555. 2555. 2555. 1872. 1872. 2555. 2555. 2555. 1872. 1872.
    6.    6. 
 1872. 2555. 2555. 2555. 1872. 1872. 1872. 2555. 2555. 1872.    6.    6.
 1872. 2555. 2555. 1872.    6. 1872. 2555. 2555. 2555. 2555. 1872.    6.
    6. 1872. 
 1872. 1872. 1872. 1872. 1872. 1872. 1872.    6.    6.    6. 1872. 1872.
 2555. 1872. 2555. 2555. 2555. 2555. 1872. 1872.    6.    6.    6. 1872.
 1872. 2555. 
 2555. 2555. 1872. 1872. 2555. 1872. 2555. 2555. 2555. 1872. 1872. 1872.
 1872. 2555. 2555. 2555. 1872.    6.    6. 1872. 1872. 1872.    6.    6.
 1872. 2555. 
 2555. 1872. 1872. 1872. 2555. 2555. 2555. 1872.    6.    6.    6. 1872.
 1872. 2555. 2555. 2555. 2555. 2555. 1872. 1872.    6. 1872. 1872. 2555.
 1872. 1872. 
 2555. 2555. 2555. 2555. 2555. 1872. 1872.    6. 1872. 1872. 1872. 2555.
 2555. 2555. 1872. 1872. 2555. 1872. 1872. 2555. 2555. 2555. 2555. 2555.
 2555. 2555. 
 2555. 1872. 1872.    6.    6.    6. 1872. 1872.    6.    6. 1872. 2555.
 2555. 2555. 1872. 2555. 2555. 2555. 1872. 1872.    6.    6. 1872. 1872.
 2555. 2555. 
 2555. 2555. 2555. 2555. 2555. 1872. 1872. 1872. 2555. 2555. 1872. 2555.
 2555. 2555. 1872. 2555. 2555. 2555. 1872.    6. 1872. 1872. 1872. 2555.
 2555. 2555. 
 1872. 1872. 2555. 2555. 1872. 1872. 2555. 2555. 2555. 2555. 2555. 2555.
 1872. 1872.    6.    6.    6.    6.    6. 1872.    6.    6. 1872. 2555.
 2555. 2555. 
 2555. 2555. 2555. 2555. 1872.    6.    6.    6. 1872. 2555. 2555. 2555.
 2555. 2555. 2555. 2555. 2555. 2555. 1872. 1872. 2555. 1872. 1872. 2555.
 2555. 2555. 
 1872. 2555. 2555. 2555. 1872. 1872. 1872. 1872. 1872. 2555. 2555. 2555.
 1872.    6. 1872. 2555. 2555. 1872. 1872. 2555. 2555. 2555. 2555. 1872.
 1872.    6. 
    6.    6.    6.    6.    6.    6.    6.    6. 1872. 2555. 2555. 2555.
 2555. 2555. 2555. 1872.    6.    6.    6. 1872. 1872. 2555. 2555. 2555.
 2555. 1872. 
 1872. 2555. 2555. 2555. 2555. 1872. 1872. 1872. 2555. 2555. 2555. 1872.
 1872. 1872. 2555. 2555. 2555. 2555. 1872. 1872. 1872. 2555. 2555. 1872.
 1872.    6. 
    6. 1872. 2555. 2555. 2555. 1872. 1872. 1872. 1872. 1872.    6.    6.
    6.    6.    6.    6.    6.    6.    6.    6. 1872. 1872. 1872. 1872.
 2555. 2555. 
 1872. 1872.    6.    6.    6. 1872. 2555. 2555. 2555. 2555. 1872. 1872.
 1872. 1872. 2555. 2555. 2555. 2555. 1872. 1872. 2555. 2555. 2555. 1872.
 1872. 1872. 
 1872. 2555. 2555. 2555. 2555. 2555. 2555. 2555. 2555. 1872. 1872.    6.
    6. 1872. 2555. 2555. 2555. 2555. 2555. 1872. 1872.    6.    6.    6.
    6.    6. 
    6.    6.    6.    6. 1872. 1872. 1872. 2555. 2555. 1872. 1872. 1872.
 1872.    6.    6.    6.    6. 1872. 2555. 2555. 2555. 1872. 1872. 2555.
 2555. 1872. 
 1872. 2555. 2555. 2555. 2555. 1872. 2555. 2555. 2555. 1872.    6. 1872.
 1872. 1872. 2555. 2555. 2555. 2555. 2555. 2555. 2555. 1872.    6.    6.
    6.    6. 
 1872. 1872. 2555. 2555. 1872. 1872.    6.    6.    6.    6.    6.    6.
    6.    6.    6.    6. 1872. 2555. 2555. 2555. 2555. 2555. 2555. 1872.
 1872.    6. 
    6.    6.    6. 1872. 2555. 2555. 2555. 1872. 1872. 1872. 1872. 2555.
 1872. 1872. 2555. 2555. 2555. 2555. 2555. 2555. 2555. 1872.    6. 1872.
 2555. 1872. 
 1872. 1872. 1872. 2555. 2555. 2555. 1872. 1872.    6.    6.    6.    6.
    6. 1872. 1872. 1872. 1872.    6.    6.    6.    6.    6.    6.    6.
    6.    6. 
    6.    6. 2555. 2555. 2555. 2555. 2555. 2555. 2555. 2555. 2555. 1872.
 1872.    6.    6. 1872. 2555. 2555. 2555. 1872. 1872.    6. 1872. 1872.
 1872. 1872. 
 1872. 2555. 2555. 2555. 2555. 2555. 1872.    6.    6.    6. 1872. 2555.
 2555. 1872. 1872. 1872. 1872. 1872. 1872.    6.    6.    6.    6.    6.
    6.    6. 
    6.    6.    6.    6.    6.    6.    6.    6.    6.    6.    6.    6.
    6.    6. 2555. 2555. 2555. 1872. 1872. 2555. 2555. 2555. 2555. 2555.
 1872. 1872. 
 1872. 1872. 2555. 2555. 2555. 1872. 1872.    6.    6.    6.    6.    6.
 1872. 1872. 1872. 2555. 1872. 1872. 1872.    6.    6.    6.    6. 1872.
 2555. 2555. 
 1872. 1872. 1872.    6.    6.    6.    6.    6.    6.    6.    6.    6.
    6.    6.    6.    6.    6.    6.    6.    6.    6.    6.    6.    6.
    6.    6. 
 2555. 2555. 2555. 1872. 1872. 1872. 1872. 2555. 2555. 2555. 2555. 2555.
 2555. 1872. 1872. 2555. 2555. 1872. 1872.    6.    6.    6.    6.    6.
    6.    6. 
 1872. 1872. 1872.    6.    6.    6.    6.    6.    6.    6. 1872. 1872.
 1872.    6.    6.    6.    6.    6.    6.    6.    6.    6.    6.    6.
    6.    6. 
    6.    6.    6.    6.    6.    6.    6.    6.    6.    6.    6.    6.
 2555. 2555. 1872. 1872.    6.    6. 1872. 1872. 2555. 2555. 2555. 2555.
 2555. 2555. 
 2555. 2555. 2555. 1872. 1872.    6.    6.    6.    6.    6.    6.    6.
    6.    6.    6.    6.    6.    6.    6.    6.    6.    6.    6.    6.
    6.    6. 
    6.    6.    6.    6.    6.    6.    6.    6.    6.    6.    6.    6.
    6.    6.    6.    6.    6.    6.    6.    6.    6.    6.    6.    6.
 2555. 1872. 
 1872.    6.    6.    6.    6.    6. 1872. 1872. 1872. 2555. 2555. 2555.
 2555. 2555. 2555. 1872.    6.    6.    6.    6.    6.    6.    6.    6.
    6.    6. 
 6. 6. 6. 6. 6. 6. 6. 6. 6. 6. 6. 6. 6. 6. 6. 6. 6. 6. 6. 6. 6. 6. 6. 6.
 6. 6. 
    6.    6.    6.    6.    6.    6.    6.    6.    6.    6. 1872. 1872.
    6.    6.    6.    6.    6.    6.    6.    6. 1872. 1872. 1872. 2555.
 2555. 2555. 
 1872. 1872.    6.    6.    6.    6.    6.    6.    6.    6.    6.    6.
    6.    6.    6.    6.    6.    6.    6.    6.    6.    6.    6.    6.
    6.    6. 
    6.    6.    6.    6.    6.    6.    6.    6.    6.    6.    6.    6.
    6.    6.    6.    6.    6.    6.    6.    6.    6.    6. 1872.    6.
    6.    6. 
    6.    6.    6.    6.    6.    6.    6.    6. 1872. 1872. 1872. 1872.
 1872.    6.    6.    6.    6.    6.    6.    6.    6.    6.    6.    6.
    6.    6. 
 6. 6. 6. 6. 6. 6. 6. 6. 6. 6. 6. 6. 6. 6. 6. 6. 6. 6. 6. 6. 6. 6. 6. 6.
 6. 6. 
 6. 6. 6. 6. 6. 6. 6. 6. 6. 6. 6. 6. 6. 6. 6. 6. 6. 6. 6. 6. 6. 6. 6. 6.
 6. 6. 
 6. 6. 6. 6. 6. 6. 6. 6. 6. 6. 6. 6. 6. 6. 6. 6. 6. 6. 6. 6. 6. 6. 6. 6.
 6. 6. 
 6. 6. 6. 6. 6. 6. 6. 6. 6. 6. 6. 6. 6. 6. 6. 6. 6. 6. 6. 6. 6. 6. 6. 6.
 6. 6. 
 6. 6. 6. 6. 6. 6. 6. 6. 6. 6. 6. 6. 6. 6. 6. 6. 6. 6. 6. 6. 6. 6. 6. 6.
 6. 6. 
 6. 6. 6. 6. 6. 6. 6. 6. 6. 6. 6. 6. 6. 6. 6. 6. 6. 6. 6. 6. 6. 6. 6. 6.
 6. 6. 
 6. 6. 6. 6. 6. 6. 6. 6. 6. 6. 6. 6. 6. 6. 6. 6. 6. 6. 6. 6. 6. 6. 6. 6.
 6. 6. 
 6. 6. 6. 6. 6. 6. 6. 6. 6. 6. 6. 6. 6. 6. 6. 6. 6. 6. 6. 6. 6. 6. 6. 6.
 6. 6. 
 6. 6. 6. 6. 6. 6. 6. 6. 6. 6. 6. 6. 6. 6. 6. 6. 6. 6. 6. 6. 6. 6. 6. 6.
 6. 6. 
 6. 6. 6. 6. 6. 6. 6. 6. 6. 6. 6. 6. 6. 6. 6. 6. 6. 6. 6. 6. 6. 6. 6. 6.
 6. 6. 
 6. 6. 6. 6. 6. 6. 6. 6. 6. 6. 6. 6. 6. 6. 6. 6. 6. 6. 6. 6. 6. 6. 6. 6.
 6. 6. 
 6. 6. 6. 6. 6. 6. 6. 6. 6. 6. 6. 6. 6. 6. 6. 6. 6. 6. 6. 6. 6. 6. 6. 6.
 6. 6. 
 6. 6. 6. 6. 6. 6. 6. 6. 6. 6. 6. 6. 6. 6. 6. 6. 6. 6. 6. 6. 6. 6. 6. 6.
 6. 6. 
 6. 6. 6. 6. 6. 6. 6. 6. 6. 6. 6. 6. 6. 6. 6. 6. 6. 6. 6. 6. 6. 6. 6. 6.
 6. 6. 
 6. 6. 6. 6. 6. 6. 6. 6. 6. 6. 6. 6. 6. 6. 6. 6. 6. 6. 6. 6. 6. 6. 6. 6.
 6. 6. 
 6. 6. 6. 6. 6. 6. 6. 6. 6. 6. 6. 6. 6. 6. 6. 6. 6. 6. 6. 6. 6. 6. 6. 6.
 6. 6. 
 6. 6. 6. 6. 6. 6. 6. 6. 6. 6. 6. 6. 6. 6. 6. 6. 6. 6. 6. 6. 6. 6. 6. 6.
 6. 6. 
 6. 6. 6. 6. 6. 6. 6. 6. 6. 6. 6. 6. 6. 6. 6. 6. 6. 6. 6. 6. 6. 6. 6. 6.
 6. 6. 
 6. 6. 6. 6. 6. 6. 6. 6. 6. 6. 6. 6. 6. 6. 6. 6. 6. 6. 6. 6. 6. 6. 6. 6.
 6. 6. 
 6. 6. 6. 6. 6. 6. 6. 6. 6. 6. 6. 6. 6. 6. 6. 6. 6. 6. 6. 6. 6. 6. 6. 6.
 6. 6. 
 6. 6. 6. 6. 6. 6. 6. 6. 6. 6. 6. 6. 6. 6. 6. 6. 6. 6. 6. 6. 6. 6. 6. 6.
 6. 6. 
 6. 6. 6. 6. 6. 6. 6. 6. 6. 6. 6. 6. 6. 6. 6. 6. 6. 6. 6. 6. 6. 6. 6. 6.
 6. 6. 
 6. 6. 6. 6. 6. 6. 6. 6. 6. 6. 6. 6. 6. 6. 6. 6. 6. 6. 6. 6. 6. 6. 6. 6.
 6. 6. 
 6. 6. 6. 6. 6. 6. 6. 6. 6. 6. 6. 6. 6. 6. 6. 6. 6. 6. 6. 6. 6. 6. 6. 6.
 6. 6. 
 6. 6. 6. 6. 6. 6. 6. 6. 6. 6. 6. 6. 6. 6. 6. 6. 6. 6. 6. 6. 6. 6. 6. 6.
 6. 6. 
 6. 6. 6. 6. 6. 6. 6. 6. 6. 6. 6. 6. 6. 6. 6. 6. 6. 6. 6. 6. 6. 6. 6. 6.
 6. 6. 
 6. 6. 6. 6. 6. 6. 6. 6. 6. 6. 6. 6. 6. 6. 6. 6. 6. 6. 6. 6. 6. 6. 6. 6.
 6. 6. 
 6. 6. 6. 6. 6. 6. 6. 6. 6. 6. 6. 6. 6. 6. 6. 6. 6. 6. 6. 6. 6. 6. 6. 6.
 6. 6. 
 6. 6. 6. 6. 6. 6. 6. 6. 6. 6. 6. 6. 6. 6. 6. 6. 6. 6. 6. 6. 6. 6. 6. 6.
 6. 6. 
 6. 6. 6. 6. 6. 6. 6. 6. 6. 6. 6. 6. 6. 6. 6. 6. 6. 6. 6. 6. 6. 6. 6. 6.
 6. 6. 
 6. 6. 6. 6. 6. 6. 6. 6. 6. 6. 6. 6. 6. 6. 6. 6. 6. 6. 6. 6. 6. 6. 6. 6.
 6. 6. 
 6. 6. 6. 6. 6. 6. 6. 6. 6. 6. 6. 6. 6. 6. 6. 6. 6. 6. 6. 6. 6. 6. 6. 6.
 6. 6. 
 6. 6. 6. 6. 6. 6. 6. 6. 6. 6. 6. 6. 6. 6. 6. 6. 6. 6. 6. 6. 6. 6. 6. 6.
 6. 6. 
 6. 6. 6. 6. 6. 6. 6. 6. 6. 6. 6. 6. 6. 6. 6. 6. 6. 6. 6. 6. 6. 6. 6. 6.
 6. 6. 
 6. 6. 6. 6. 6. 6. 6. 6. 6. 6. 6. 6. 6. 6. 6. 6. 6. 6. 6. 6. 6. 6. 6. 6.
 6. 6. 
    6.    6.    6.    6.    6.    6.    6.    6.    6.    6.    6.    6.
    6.    6.    6.    6.    6.    6.    6. 1872.    6.    6.    6.    6.
    6.    6. 
 6. 6. 6. 6. 6. 6. 6. 6. 6. 6. 6. 6. 6. 6. 6. 6. 6. 6. 6. 6. 6. 6. 6. 6.
 6. 6. 
 6. 6. 6. 6. 6. 6. 6. 6. 6. 6. 6. 6. 6. 6. 6. 6. 6. 6. 6. 6. 6. 6. 6. 6.
 6. 6. 
    6.    6.    6.    6.    6. 1872.    6.    6.    6.    6.    6.    6.
    6.    6.    6.    6.    6.    6.    6.    6.    6.    6.    6.    6.
    6.    6. 
 6. 6. 6. 6. 6. 6. 6. 6. 6. 6. 6. 6. 6. 6. 6. 6. 6. 6. 6. 6. 6. 6. 6. 6.
 6. 6. 
    6.    6.    6.    6.    6.    6.    6. 1872. 1872. 1872.    6.    6.
    6.    6.    6.    6. 1872. 1872.    6.    6.    6.    6.    6.    6.
    6.    6. 
 6. 6. 6. 6. 6. 6. 6. 6. 6. 6. 6. 6. 6. 6. 6. 6. 6. 6. 6. 6. 6. 6. 6. 6.
 6. 6. 
    6.    6.    6.    6.    6.    6.    6.    6.    6.    6.    6.    6.
    6.    6.    6.    6.    6.    6. 1872. 1872. 2555. 1872. 1872. 1872.
    6.    6. 
    6.    6. 1872. 2555.    6.    6.    6.    6.    6.    6.    6.    6.
    6.    6.    6.    6.    6.    6.    6.    6.    6.    6.    6.    6.
    6. 1872. 
 1872.    6.    6.    6.    6.    6.    6.    6.    6.    6.    6.    6.
    6.    6. 1872. 1872. 1872. 1872.    6.    6.    6.    6.    6.    6.
    6.    6. 
    6.    6.    6. 1872. 2555. 2555. 2555. 2555. 2555. 1872.    6.    6.
    6.    6. 1872. 2555.    6.    6.    6.    6.    6.    6.    6.    6.
    6.    6. 
    6.    6.    6.    6.    6.    6.    6.    6.    6. 1872. 1872. 1872.
 1872. 1872. 1872.    6.    6.    6.    6.    6.    6.    6.    6.    6.
    6. 1872. 
 1872. 2555. 2555. 1872. 1872.    6.    6.    6.    6.    6.    6.    6.
    6.    6. 1872. 2555. 2555. 2555. 2555. 2555. 2555. 1872. 1872.    6.
    6. 1872. 
 1872. 2555.    6.    6.    6.    6.    6.    6.    6.    6.    6.    6.
    6.    6.    6.    6.    6.    6.    6.    6. 1872. 1872. 2555. 2555.
 2555. 2555. 
 1872. 1872.    6.    6.    6.    6.    6.    6.    6.    6. 1872. 1872.
 2555. 2555. 2555. 2555. 1872. 1872. 1872.    6.    6.    6.    6.    6.
    6. 1872. 
 1872. 2555. 2555. 2555. 1872. 2555. 2555. 2555. 1872. 1872.    6. 1872.
 1872. 2555. 
/