PERMI
    7.    7.    7.    7.    7.    7.    7.    7.    7.    7.    7.    7.
    7.    7.    7.    7.    7.    7.    7.    7.    7.    7.    7.    7.
    7. 2989. 
 2989. 2989. 2989. 2989. 2989. 2989. 2989. 2989. 3614. 3614. 3614. 2989.
 3614. 3614. 3614. 3614. 3614. 3614. 3614. 2989. 2989. 2989. 2989. 2989.
 3614. 3614. 
 3614. 3614. 2989. 2989.    7.    7.    7.    7.    7.    7.    7.    7.
    7.    7.    7.    7.    7.    7.    7.    7.    7.    7.    7.    7.
    7.    7. 
    7.    7.    7.    7.    7.    7.    7.    7.    7.    7.    7.    7.
    7.    7.    7.    7.    7.    7.    7. 2989. 3614. 3614. 3614. 2989.
 2989. 2989. 
 2989. 2989. 2989. 2989. 3614. 3614. 2989. 2989. 2989. 2989. 2989. 2989.
 3614. 3614. 3614. 2989. 2989.    7.    7.    7.    7.    7.    7.    7.
    7.    7. 
 7. 7. 7. 7. 7. 7. 7. 7. 7. 7. 7. 7. 7. 7. 7. 7. 7. 7. 7. 7. 7. 7. 7. 7.
 7. 7. 
    7.    7.    7.    7. 2989. 2989. 3614. 3614. 3614. 2989. 2989. 2989.
 2989. 2989. 2989. 2989. 2989. 3614. 3614. 2989. 2989. 2989. 2989. 2989.
 2989. 3614. 
 3614. 2989. 2989. 2989.    7.    7.    7.    7.    7.    7.    7.    7.
    7.    7.    7.    7.    7.    7.    7.    7.    7.    7.    7.    7.
    7.    7. 
    7.    7.    7.    7.    7.    7.    7.    7.    7.    7.    7.    7.
    7.    7.    7. 2989. 2989. 3614. 3614. 3614. 2989. 2989.    7.    7.
    7.    7. 
    7. 2989. 2989. 2989. 3614. 3614. 2989. 2989. 2989. 2989. 3614. 3614.
 3614. 2989. 2989. 2989.    7.    7.    7.    7.    7.    7.    7.    7.
    7.    7. 
 7. 7. 7. 7. 7. 7. 7. 7. 7. 7. 7. 7. 7. 7. 7. 7. 7. 7. 7. 7. 7. 7. 7. 7.
 7. 7. 
    7. 2989. 3614. 3614. 3614. 2989. 2989.    7.    7.    7.    7.    7.
    7.    7. 2989. 2989. 3614. 3614. 3614. 2989. 2989. 3614. 3614. 3614.
 3614. 2989. 
 2989. 2989.    7.    7.    7.    7.    7.    7.    7.    7.    7.    7.
    7.    7.    7.    7.    7.    7.    7.    7.    7.    7.    7.    7.
    7.    7. 
    7.    7.    7.    7.    7.    7.    7.    7.    7.    7.    7.    7.
 2989. 2989. 3614. 3614. 2989. 2989.    7.    7.    7.    7.    7.    7.
    7. 2989. 
 2989. 3614. 3614. 3614. 2989. 2989. 3614. 3614. 3614. 3614. 2989. 2989.
 2989.    7.    7.    7.    7.    7.    7.    7.    7.    7.    7.    7.
    7.    7. 
    7.    7.    7.    7.    7.    7.    7.    7.    7.    7.    7.    7.
    7.    7.    7.    7.    7.    7.    7.    7.    7.    7.    7.    7.
 2989. 2989. 
 3614. 3614. 2989.    7.    7.    7.    7.    7.    7.    7. 2989. 2989.
 3614. 3614. 3614. 2989. 3614. 3614. 3614. 3614. 3614. 2989. 2989. 2989.
 2989.    7. 
 7. 7. 7. 7. 7. 7. 7. 7. 7. 7. 7. 7. 7. 7. 7. 7. 7. 7. 7. 7. 7. 7. 7. 7.
 7. 7. 
    7.    7.    7.    7.    7.    7.    7.    7.    7.    7. 2989. 3614.
 3614. 3614. 2989.    7.    7.    7.    7.    7.    7. 2989. 2989. 3614.
 3614. 3614. 
 3614. 2989. 3614. 3614. 3614. 3614. 2989. 2989. 2989. 2989.    7.    7.
    7.    7.    7.    7.    7.    7.    7.    7.    7.    7.    7.    7.
    7.    7. 
    7.    7.    7.    7.    7.    7.    7.    7.    7.    7.    7.    7.
    7.    7.    7.    7.    7.    7.    7.    7.    7. 2989. 2989. 3614.
 3614. 2989. 
 2989.    7.    7.    7.    7.    7. 2989. 2989. 2989. 3614. 3614. 3614.
 2989. 2989. 3614. 3614. 3614. 2989. 2989. 2989. 2989.    7.    7.    7.
    7.    7. 
 7. 7. 7. 7. 7. 7. 7. 7. 7. 7. 7. 7. 7. 7. 7. 7. 7. 7. 7. 7. 7. 7. 7. 7.
 7. 7. 
    7.    7.    7.    7.    7.    7.    7. 2989. 3614. 3614. 3614. 2989.
    7.    7.    7.    7.    7.    7. 2989. 2989. 3614. 3614. 3614. 2989.
 2989. 2989. 
 3614. 3614. 3614. 3614. 2989. 2989.    7.    7.    7.    7.    7.    7.
    7.    7.    7.    7.    7.    7.    7.    7.    7.    7.    7.    7.
    7.    7. 
    7.    7.    7.    7.    7.    7.    7.    7.    7.    7.    7.    7.
    7.    7.    7.    7.    7.    7.    7. 2989. 2989. 3614. 3614. 2989.
 2989.    7. 
    7.    7.    7.    7. 2989. 2989. 3614. 3614. 3614. 2989. 2989. 2989.
 2989. 3614. 3614. 3614. 3614. 2989. 2989. 2989.    7.    7.    7.    7.
    7.    7. 
 7. 7. 7. 7. 7. 7. 7. 7. 7. 7. 7. 7. 7. 7. 7. 7. 7. 7. 7. 7. 7. 7. 7. 7.
 7. 7. 
    7.    7.    7.    7.    7. 2989. 2989. 3614. 3614. 3614. 2989. 2989.
    7.    7.    7.    7. 2989. 3614. 3614. 3614. 2989. 2989. 2989. 3614.
 2989. 2989. 
 2989. 3614. 3614. 3614. 3614. 2989. 2989. 2989. 2989.    7.    7.    7.
    7.    7.    7.    7.    7.    7.    7.    7.    7.    7.    7.    7.
    7.    7. 
    7.    7.    7.    7.    7.    7.    7.    7.    7.    7.    7.    7.
    7.    7.    7.    7.    7.    7. 2989. 2989. 3614. 3614. 3614. 2989.
 2989. 2989. 
    7.    7. 2989. 3614. 3614. 3614. 2989. 2989. 2989. 3614. 3614. 3614.
 2989. 3614. 3614. 3614. 3614. 3614. 3614. 2989. 2989. 2989. 2989.    7.
    7.    7. 
 7. 7. 7. 7. 7. 7. 7. 7. 7. 7. 7. 7. 7. 7. 7. 7. 7. 7. 7. 7. 7. 7. 7. 7.
 7. 7. 
    7.    7.    7.    7.    7. 2989. 2989. 3614. 3614. 3614. 3614. 2989.
 2989. 2989. 2989. 2989. 3614. 3614. 3614. 2989. 2989. 3614. 3614. 3614.
 2989. 2989. 
 2989. 3614. 3614. 3614. 3614. 3614. 2989. 2989. 2989. 2989.    7.    7.
    7.    7.    7.    7.    7.    7.    7.    7.    7.    7.    7.    7.
    7.    7. 
    7.    7.    7.    7.    7.    7.    7.    7.    7.    7.    7.    7.
    7.    7.    7.    7.    7.    7. 2989. 2989. 3614. 3614. 3614. 3614.
 3614. 2989. 
 2989. 2989. 2989. 3614. 3614. 2989. 2989. 3614. 3614. 3614. 3614. 3614.
 2989. 2989. 2989. 3614. 3614. 3614. 2989. 3614. 2989. 2989.    7.    7.
    7.    7. 
 7. 7. 7. 7. 7. 7. 7. 7. 7. 7. 7. 7. 7. 7. 7. 7. 7. 7. 7. 7. 7. 7. 7. 7.
 7. 7. 
    7.    7.    7.    7.    7. 2989. 2989. 3614. 3614. 3614. 3614. 3614.
 3614. 2989. 2989. 2989. 3614. 3614. 2989. 2989. 2989. 3614. 3614. 3614.
 3614. 2989. 
 2989. 3614. 3614. 3614. 2989. 3614. 3614. 2989.    7.    7.    7.    7.
    7.    7.    7.    7.    7.    7.    7.    7.    7.    7.    7.    7.
    7.    7. 
    7.    7.    7.    7.    7.    7.    7.    7.    7.    7.    7.    7.
    7.    7.    7.    7.    7.    7.    7. 2989. 2989. 3614. 3614. 3614.
 3614. 3614. 
 2989. 2989. 2989. 2989. 2989. 2989. 2989. 2989. 2989. 2989. 2989. 2989.
 3614. 3614. 3614. 3614. 2989. 3614. 3614. 2989.    7.    7.    7.    7.
    7.    7. 
 7. 7. 7. 7. 7. 7. 7. 7. 7. 7. 7. 7. 7. 7. 7. 7. 7. 7. 7. 7. 7. 7. 7. 7.
 7. 7. 
    7.    7.    7.    7.    7.    7.    7. 2989. 2989. 3614. 3614. 3614.
 2989.    7.    7. 2989. 2989. 2989. 2989. 2989. 3614. 3614. 2989. 2989.
 3614. 3614. 
 3614. 2989. 2989. 3614. 2989. 2989.    7.    7.    7.    7.    7.    7.
    7.    7.    7.    7.    7.    7.    7.    7.    7.    7.    7.    7.
    7.    7. 
    7.    7.    7.    7.    7.    7.    7.    7.    7.    7.    7.    7.
    7.    7.    7.    7.    7.    7. 2989. 2989. 3614. 3614. 3614. 3614.
 2989.    7. 
    7.    7.    7.    7. 2989. 2989. 3614. 3614. 2989. 3614. 3614. 3614.
 3614. 2989. 3614. 3614. 2989. 2989.    7.    7.    7.    7.    7.    7.
    7.    7. 
 7. 7. 7. 7. 7. 7. 7. 7. 7. 7. 7. 7. 7. 7. 7. 7. 7. 7. 7. 7. 7. 7. 7. 7.
 7. 7. 
    7. 2989. 2989. 2989. 3614. 3614. 3614. 3614. 3614. 2989. 2989.    7.
    7.    7.    7.    7. 2989. 2989. 3614. 2989. 2989. 3614. 3614. 3614.
 2989. 2989. 
 3614. 3614. 2989.    7.    7.    7.    7.    7.    7.    7.    7.    7.
    7.    7.    7.    7.    7.    7.    7.    7.    7.    7.    7.    7.
    7.    7. 
    7.    7.    7.    7.    7.    7.    7.    7.    7.    7.    7.    7.
 2989. 2989. 3614. 3614. 3614. 3614. 3614. 3614. 2989. 2989.    7.    7.
    7.    7. 
    7.    7. 2989. 2989. 3614. 2989. 3614. 3614. 3614. 2989. 2989. 3614.
 2989. 2989. 2989.    7.    7.    7.    7.    7.    7.    7.    7.    7.
    7.    7. 
    7.    7.    7.    7.    7.    7.    7.    7.    7.    7.    7.    7.
    7.    7.    7.    7.    7.    7.    7.    7.    7.    7.    7. 2989.
 2989. 3614. 
 3614. 3614. 3614. 3614. 3614. 2989. 2989.    7.    7.    7.    7.    7.
    7. 2989. 2989. 2989. 2989. 2989. 3614. 3614. 2989. 2989. 3614. 3614.
 2989. 2989. 
 7. 7. 7. 7. 7. 7. 7. 7. 7. 7. 7. 7. 7. 7. 7. 7. 7. 7. 7. 7. 7. 7. 7. 7.
 7. 7. 
    7.    7.    7.    7.    7.    7.    7.    7.    7. 2989. 3614. 3614.
 3614. 3614. 3614. 3614. 2989. 2989.    7.    7.    7.    7.    7.    7.
    7. 2989. 
 2989. 3614. 2989. 3614. 3614. 3614. 2989. 2989. 3614. 2989. 2989.    7.
    7.    7.    7.    7.    7.    7.    7.    7.    7.    7.    7.    7.
    7.    7. 
    7.    7.    7.    7.    7.    7.    7.    7.    7.    7.    7.    7.
    7.    7.    7.    7.    7.    7.    7.    7.    7. 2989. 3614. 3614.
 3614. 2989. 
 2989. 2989.    7.    7.    7.    7.    7.    7.    7.    7. 2989. 2989.
 3614. 3614. 2989. 3614. 3614. 3614. 2989. 2989. 2989. 2989. 2989. 2989.
 2989. 2989. 
 2989.    7.    7.    7.    7.    7.    7.    7.    7.    7.    7.    7.
    7.    7.    7.    7.    7.    7.    7.    7.    7.    7.    7.    7.
    7.    7. 
    7.    7.    7.    7.    7.    7.    7. 2989. 3614. 3614. 3614. 2989.
 2989.    7.    7.    7.    7.    7.    7.    7.    7. 2989. 2989. 2989.
 3614. 3614. 
 2989. 2989. 3614. 3614. 3614. 3614. 3614. 3614. 3614. 3614. 3614. 3614.
 2989. 2989.    7.    7.    7.    7.    7.    7.    7.    7.    7.    7.
    7.    7. 
    7.    7.    7.    7.    7.    7.    7.    7.    7.    7.    7.    7.
    7.    7.    7.    7.    7.    7.    7. 2989. 3614. 3614. 3614. 3614.
 2989. 2989. 
    7.    7.    7.    7.    7.    7.    7. 2989. 2989. 3614. 3614. 3614.
 2989. 2989. 2989. 3614. 3614. 3614. 3614. 3614. 3614. 3614. 3614. 3614.
 3614. 2989. 
 7. 7. 7. 7. 7. 7. 7. 7. 7. 7. 7. 7. 7. 7. 7. 7. 7. 7. 7. 7. 7. 7. 7. 7.
 7. 7. 
    7.    7.    7.    7.    7. 2989. 2989. 3614. 3614. 3614. 3614. 2989.
    7.    7.    7.    7.    7.    7.    7. 2989. 2989. 3614. 3614. 3614.
 2989. 2989. 
 2989. 2989. 2989. 2989. 2989. 2989. 2989. 3614. 3614. 3614. 3614. 2989.
    7.    7.    7.    7.    7.    7.    7.    7.    7.    7.    7.    7.
    7.    7. 
    7.    7.    7.    7.    7.    7.    7.    7.    7.    7.    7.    7.
    7.    7.    7.    7.    7.    7.    7. 2989. 3614. 3614. 3614. 3614.
 2989. 2989. 
    7.    7.    7.    7. 2989. 2989. 3614. 3614. 3614. 2989. 2989.    7.
 2989. 2989. 2989. 2989. 2989. 2989. 2989. 2989. 3614. 3614. 3614. 2989.
    7.    7. 
 7. 7. 7. 7. 7. 7. 7. 7. 7. 7. 7. 7. 7. 7. 7. 7. 7. 7. 7. 7. 7. 7. 7. 7.
 7. 7. 
    7.    7.    7.    7.    7.    7. 2989. 3614. 3614. 3614. 3614. 3614.
 2989.    7.    7.    7. 2989. 2989. 3614. 3614. 3614. 2989. 2989. 2989.
 2989.    7. 
 2989. 2989. 2989. 2989. 2989. 3614. 3614. 3614. 3614. 2989.    7.    7.
    7.    7.    7.    7.    7.    7.    7.    7.    7.    7.    7.    7.
    7.    7. 
    7.    7.    7.    7.    7.    7.    7.    7.    7.    7.    7.    7.
    7.    7.    7.    7.    7.    7.    7. 2989. 3614. 3614. 3614. 3614.
 2989. 2989. 
    7.    7. 2989. 2989. 3614. 3614. 3614. 3614. 3614. 2989. 2989. 2989.
 2989. 2989. 2989. 2989. 3614. 3614. 3614. 3614. 2989. 2989.    7.    7.
    7.    7. 
 7. 7. 7. 7. 7. 7. 7. 7. 7. 7. 7. 7. 7. 7. 7. 7. 7. 7. 7. 7. 7. 7. 7. 7.
 7. 7. 
    7.    7.    7.    7.    7.    7. 2989. 3614. 3614. 3614. 3614. 2989.
 2989.    7.    7. 2989. 2989. 3614. 3614. 3614. 3614. 3614. 3614. 2989.
 2989. 2989. 
 2989. 2989. 3614. 3614. 3614. 3614. 2989. 3614.    7.    7.    7.    7.
    7.    7.    7.    7.    7.    7.    7.    7.    7.    7.    7.    7.
    7.    7. 
    7.    7.    7.    7.    7.    7.    7.    7.    7.    7.    7.    7.
    7.    7.    7.    7.    7.    7.    7. 2989. 3614. 3614. 3614. 3614.
 2989.    7. 
    7. 2989. 2989. 2989. 2989. 3614. 3614. 3614. 3614. 3614. 3614. 2989.
 2989. 3614. 3614. 3614. 3614. 2989. 2989. 3614.    7.    7.    7.    7.
    7.    7. 
 7. 7. 7. 7. 7. 7. 7. 7. 7. 7. 7. 7. 7. 7. 7. 7. 7. 7. 7. 7. 7. 7. 7. 7.
 7. 7. 
    7.    7.    7.    7.    7.    7. 2989. 3614. 3614. 3614. 2989.    7.
    7.    7. 2989. 2989. 2989. 2989. 3614. 3614. 3614. 3614. 3614. 2989.
 2989. 3614. 
 3614. 3614. 2989. 2989. 3614. 2989.    7.    7.    7.    7.    7.    7.
    7.    7.    7.    7.    7.    7.    7.    7.    7.    7.    7.    7.
    7.    7. 
    7.    7.    7.    7.    7.    7.    7.    7.    7.    7.    7.    7.
    7.    7.    7.    7.    7. 2989. 2989. 3614. 3614. 3614. 2989.    7.
    7.    7. 
    7.    7. 2989. 2989. 2989. 2989. 2989. 3614. 3614. 2989. 3614. 3614.
 3614. 3614. 2989. 2989. 2989. 2989.    7.    7.    7.    7.    7.    7.
    7.    7. 
 7. 7. 7. 7. 7. 7. 7. 7. 7. 7. 7. 7. 7. 7. 7. 7. 7. 7. 7. 7. 7. 7. 7. 7.
 7. 7. 
    7. 2989. 2989. 3614. 3614. 3614. 3614. 3614. 2989.    7.    7.    7.
    7.    7.    7.    7. 2989. 2989. 2989. 2989. 2989. 3614. 2989. 3614.
 3614. 3614. 
 3614. 3614. 2989. 2989.    7.    7.    7.    7.    7.    7.    7.    7.
    7.    7.    7.    7.    7.    7.    7.    7.    7.    7.    7.    7.
    7.    7. 
    7.    7.    7.    7.    7.    7.    7.    7.    7.    7.    7.    7.
 2989. 2989. 3614. 3614. 3614. 3614. 3614. 2989.    7.    7.    7.    7.
    7.    7. 
    7.    7.    7.    7.    7. 2989. 2989. 3614. 2989. 2989. 3614. 3614.
 3614. 3614. 3614. 3614.    7.    7.    7.    7.    7.    7.    7.    7.
    7.    7. 
    7.    7.    7.    7.    7.    7.    7.    7.    7.    7.    7.    7.
    7.    7.    7.    7.    7.    7.    7.    7.    7.    7.    7. 2989.
 2989. 3614. 
 3614. 3614. 3614. 2989. 2989.    7.    7.    7.    7.    7.    7.    7.
    7.    7.    7.    7.    7. 2989. 2989. 3614. 2989. 2989. 2989. 2989.
 3614. 3614. 
 3614. 3614.    7.    7.    7.    7.    7.    7.    7.    7.    7.    7.
    7.    7.    7.    7.    7.    7.    7.    7.    7.    7.    7.    7.
    7.    7. 
    7.    7.    7.    7.    7.    7.    7.    7. 2989. 2989. 3614. 3614.
 3614. 2989. 2989. 2989.    7.    7.    7.    7.    7.    7.    7.    7.
    7.    7. 
    7.    7.    7. 2989. 2989. 3614. 2989. 2989. 3614. 2989. 2989. 2989.
 3614. 3614.    7.    7.    7.    7.    7.    7.    7.    7.    7.    7.
    7.    7. 
    7.    7.    7.    7.    7.    7.    7.    7.    7.    7.    7.    7.
    7.    7.    7.    7.    7.    7.    7. 2989. 2989. 3614. 3614. 3614.
 2989. 2989. 
    7.    7.    7.    7.    7.    7.    7.    7.    7.    7.    7.    7.
    7.    7. 2989. 2989. 3614. 3614. 2989. 2989. 3614. 3614. 3614. 2989.
 2989. 2989. 
 7. 7. 7. 7. 7. 7. 7. 7. 7. 7. 7. 7. 7. 7. 7. 7. 7. 7. 7. 7. 7. 7. 7. 7.
 7. 7. 
    7.    7.    7.    7.    7. 2989. 3614. 3614. 3614. 2989. 2989.    7.
    7.    7.    7.    7.    7.    7.    7.    7.    7.    7.    7.    7.
    7. 2989. 
 2989. 3614. 3614. 3614. 2989. 2989. 3614. 3614. 3614. 3614. 2989. 2989.
    7.    7.    7.    7.    7.    7.    7.    7.    7.    7.    7.    7.
    7.    7. 
    7.    7.    7.    7.    7.    7.    7.    7.    7.    7.    7.    7.
    7.    7.    7.    7. 2989. 3614. 3614. 3614. 3614. 2989.    7.    7.
    7.    7. 
    7.    7.    7.    7.    7.    7.    7.    7.    7.    7. 2989. 2989.
 2989. 3614. 3614. 3614. 3614. 2989. 2989. 3614. 3614. 2989. 2989. 3614.
    7.    7. 
 7. 7. 7. 7. 7. 7. 7. 7. 7. 7. 7. 7. 7. 7. 7. 7. 7. 7. 7. 7. 7. 7. 7. 7.
 7. 7. 
    7.    7. 2989. 3614. 3614. 3614. 2989. 2989. 2989. 2989.    7.    7.
    7.    7.    7.    7.    7.    7.    7.    7.    7. 2989. 2989. 3614.
 3614. 3614. 
 3614. 3614. 2989. 2989. 2989. 2989. 2989. 2989. 3614. 3614.    7.    7.
    7.    7.    7.    7.    7.    7.    7.    7.    7.    7.    7.    7.
    7.    7. 
    7.    7.    7.    7.    7.    7.    7.    7.    7.    7.    7.    7.
    7.    7. 2989. 3614. 3614. 3614. 3614. 3614. 2989. 2989. 2989. 2989.
 2989. 2989. 
 2989. 2989.    7.    7.    7.    7. 2989. 2989. 3614. 3614. 3614. 3614.
 2989. 2989. 2989. 2989.    7. 2989. 2989. 3614. 3614. 3614.    7.    7.
    7.    7. 
 7. 7. 7. 7. 7. 7. 7. 7. 7. 7. 7. 7. 7. 7. 7. 7. 7. 7. 7. 7. 7. 7. 7. 7.
 7. 7. 
 2989. 2989. 3614. 3614. 3614. 3614. 3614. 3614. 3614. 3614. 3614. 3614.
 3614. 2989.    7.    7.    7.    7. 2989. 2989. 3614. 3614. 3614. 3614.
 2989. 2989. 
 2989.    7. 2989. 2989. 3614. 3614. 3614. 3614.    7.    7.    7.    7.
    7.    7.    7.    7.    7.    7.    7.    7.    7.    7.    7.    7.
    7.    7. 
    7.    7.    7.    7.    7.    7.    7.    7.    7.    7.    7.    7.
    7. 2989. 2989. 3614. 3614. 3614. 3614. 3614. 3614. 3614. 3614. 3614.
 3614. 2989. 
 2989.    7.    7.    7. 2989. 3614. 3614. 3614. 3614. 2989. 2989.    7.
    7.    7. 2989. 3614. 3614. 3614. 3614. 2989.    7.    7.    7.    7.
    7.    7. 
 7. 7. 7. 7. 7. 7. 7. 7. 7. 7. 7. 7. 7. 7. 7. 7. 7. 7. 7. 7. 7. 7. 7. 7.
 7. 7. 
 2989. 2989. 2989. 2989. 3614. 3614. 3614. 2989. 3614. 3614. 3614. 2989.
 2989.    7.    7. 2989. 2989. 3614. 3614. 3614. 2989. 2989. 2989.    7.
    7.    7. 
 2989. 3614. 3614. 3614. 2989. 2989.    7.    7.    7.    7.    7.    7.
    7.    7.    7.    7.    7.    7.    7.    7.    7.    7.    7.    7.
    7.    7. 
    7.    7.    7.    7.    7.    7.    7.    7.    7.    7.    7.    7.
    7.    7.    7. 2989. 2989. 2989. 2989. 2989. 2989. 3614. 3614. 3614.
 2989.    7. 
    7. 2989. 2989. 3614. 3614. 3614. 3614. 2989. 2989.    7.    7.    7.
 2989. 3614. 3614. 3614. 3614. 3614.    7.    7.    7.    7.    7.    7.
    7.    7. 
 7. 7. 7. 7. 7. 7. 7. 7. 7. 7. 7. 7. 7. 7. 7. 7. 7. 7. 7. 7. 7. 7. 7. 7.
 7. 7. 
    7.    7.    7.    7.    7. 2989. 3614. 3614. 3614. 2989. 2989.    7.
    7.    7. 2989. 2989. 3614. 3614. 3614. 3614. 2989. 2989. 2989.    7.
 2989. 2989. 
 2989. 3614. 3614. 3614.    7.    7.    7.    7.    7.    7.    7.    7.
    7.    7.    7.    7.    7.    7.    7.    7.    7.    7.    7.    7.
    7.    7. 
    7.    7.    7.    7.    7.    7.    7.    7.    7.    7.    7.    7.
    7.    7.    7.    7.    7. 2989. 3614. 3614. 3614. 2989. 2989.    7.
    7.    7. 
 2989. 2989. 3614. 3614. 3614. 3614. 3614. 3614. 2989. 2989. 2989. 2989.
 2989. 3614. 3614. 3614.    7.    7.    7.    7.    7.    7.    7.    7.
    7.    7. 
 7. 7. 7. 7. 7. 7. 7. 7. 7. 7. 7. 7. 7. 7. 7. 7. 7. 7. 7. 7. 7. 7. 7. 7.
 7. 7. 
    7.    7. 2989. 2989. 3614. 3614. 3614. 2989.    7.    7.    7.    7.
    7. 2989. 2989. 2989. 3614. 3614. 3614. 3614. 3614. 2989. 2989. 3614.
 2989. 2989. 
 2989. 2989.    7.    7.    7.    7.    7.    7.    7.    7.    7.    7.
    7.    7.    7.    7.    7.    7.    7.    7.    7.    7.    7.    7.
    7.    7. 
    7.    7.    7.    7.    7.    7.    7.    7.    7.    7.    7.    7.
    7.    7. 2989. 2989. 3614. 3614. 2989. 2989.    7.    7.    7.    7.
    7.    7. 
 2989. 2989. 2989. 2989. 3614. 3614. 2989. 2989. 3614. 3614. 3614. 3614.
 2989. 2989.    7.    7.    7.    7.    7.    7.    7.    7.    7.    7.
    7.    7. 
 7. 7. 7. 7. 7. 7. 7. 7. 7. 7. 7. 7. 7. 7. 7. 7. 7. 7. 7. 7. 7. 7. 7. 7.
 7. 7. 
 2989. 3614. 3614. 3614. 2989. 2989.    7.    7.    7.    7.    7.    7.
    7.    7. 2989. 2989. 2989. 3614. 2989. 2989. 3614. 3614. 3614. 3614.
 2989. 2989. 
 7. 7. 7. 7. 7. 7. 7. 7. 7. 7. 7. 7. 7. 7. 7. 7. 7. 7. 7. 7. 7. 7. 7. 7.
 7. 7. 
    7.    7.    7.    7.    7.    7.    7.    7.    7.    7.    7. 2989.
 2989. 3614. 3614. 3614. 2989.    7.    7.    7.    7.    7.    7.    7.
    7.    7. 
    7. 2989. 2989. 2989. 2989. 2989. 3614. 3614. 3614. 3614. 2989. 2989.
    7.    7.    7.    7.    7.    7.    7.    7.    7.    7.    7.    7.
    7.    7. 
    7.    7.    7.    7.    7.    7.    7.    7.    7.    7.    7.    7.
    7.    7.    7.    7.    7.    7.    7.    7.    7.    7.    7. 2989.
 2989. 3614. 
 3614. 3614. 2989.    7.    7.    7.    7.    7.    7.    7.    7.    7.
    7.    7. 2989. 2989. 2989. 2989. 3614. 3614. 3614. 3614. 2989. 3614.
    7.    7. 
 7. 7. 7. 7. 7. 7. 7. 7. 7. 7. 7. 7. 7. 7. 7. 7. 7. 7. 7. 7. 7. 7. 7. 7.
 7. 7. 
    7.    7.    7.    7.    7.    7.    7.    7.    7. 2989. 3614. 3614.
 3614. 3614. 2989.    7.    7.    7.    7.    7.    7.    7.    7.    7.
    7. 2989. 
 2989. 3614. 3614. 2989. 2989. 3614. 3614. 2989. 2989. 3614.    7.    7.
    7.    7.    7.    7.    7.    7.    7.    7.    7.    7.    7.    7.
    7.    7. 
    7.    7.    7.    7.    7.    7.    7.    7.    7.    7.    7.    7.
    7.    7.    7.    7.    7.    7.    7.    7.    7. 2989. 2989. 3614.
 3614. 3614. 
 2989. 2989.    7.    7.    7.    7.    7.    7.    7.    7. 2989. 2989.
 2989. 3614. 3614. 2989. 2989. 2989. 3614. 2989. 3614. 3614.    7.    7.
    7.    7. 
 7. 7. 7. 7. 7. 7. 7. 7. 7. 7. 7. 7. 7. 7. 7. 7. 7. 7. 7. 7. 7. 7. 7. 7.
 7. 7. 
    7.    7.    7.    7.    7.    7.    7. 2989. 2989. 3614. 3614. 3614.
 3614. 3614. 2989. 2989. 2989.    7.    7.    7.    7. 2989. 2989. 2989.
 3614. 3614. 
 3614. 2989. 2989. 2989. 2989. 2989. 3614. 3614.    7.    7.    7.    7.
    7.    7.    7.    7.    7.    7.    7.    7.    7.    7.    7.    7.
    7.    7. 
    7.    7.    7.    7.    7.    7.    7.    7.    7.    7.    7.    7.
    7.    7.    7.    7.    7.    7.    7.    7. 2989. 3614. 3614. 3614.
 3614. 3614. 
 3614. 3614. 2989. 2989. 2989. 2989. 2989. 2989. 2989. 3614. 3614. 3614.
 3614. 2989. 2989. 2989. 2989. 2989. 3614. 3614.    7.    7.    7.    7.
    7.    7. 
 7. 7. 7. 7. 7. 7. 7. 7. 7. 7. 7. 7. 7. 7. 7. 7. 7. 7. 7. 7. 7. 7. 7. 7.
 7. 7. 
    7.    7.    7.    7.    7.    7.    7. 2989. 2989. 3614. 3614. 3614.
 3614. 3614. 3614. 3614. 3614. 2989. 2989. 2989. 3614. 3614. 3614. 3614.
 2989. 2989. 
    7.    7.    7. 2989. 2989. 2989.    7.    7.    7.    7.    7.    7.
    7.    7.    7.    7.    7.    7.    7.    7.    7.    7.    7.    7.
    7.    7. 
    7.    7.    7.    7.    7.    7.    7.    7.    7.    7.    7.    7.
    7.    7.    7.    7.    7.    7.    7.    7. 2989. 2989. 2989. 3614.
 3614. 3614. 
 3614. 3614. 3614. 3614. 2989. 2989. 3614. 3614. 3614. 2989. 2989. 2989.
    7.    7.    7.    7.    7. 2989.    7.    7.    7.    7.    7.    7.
    7.    7. 
 7. 7. 7. 7. 7. 7. 7. 7. 7. 7. 7. 7. 7. 7. 7. 7. 7. 7. 7. 7. 7. 7. 7. 7.
 7. 7. 
    7.    7.    7.    7.    7.    7.    7.    7. 2989. 2989. 2989. 2989.
 3614. 3614. 3614. 3614. 3614. 2989. 3614. 3614. 2989. 2989. 2989. 2989.
 2989. 2989. 
 7. 7. 7. 7. 7. 7. 7. 7. 7. 7. 7. 7. 7. 7. 7. 7. 7. 7. 7. 7. 7. 7. 7. 7.
 7. 7. 
    7.    7.    7.    7.    7.    7.    7.    7.    7.    7.    7.    7.
    7.    7.    7.    7.    7.    7.    7.    7.    7.    7.    7.    7.
 2989. 2989. 
 3614. 3614. 3614. 2989. 3614. 2989. 2989. 2989. 2989. 2989. 2989. 2989.
 2989. 2989. 2989.    7.    7.    7.    7.    7.    7.    7.    7.    7.
    7.    7. 
 7. 7. 7. 7. 7. 7. 7. 7. 7. 7. 7. 7. 7. 7. 7. 7. 7. 7. 7. 7. 7. 7. 7. 7.
 7. 7. 
    7.    7.    7.    7.    7.    7.    7.    7.    7.    7.    7. 2989.
 3614. 3614. 3614. 2989. 3614. 2989. 2989. 3614. 3614. 3614. 3614. 3614.
 3614. 3614. 
 2989. 2989.    7.    7.    7.    7.    7.    7.    7.    7.    7.    7.
    7.    7.    7.    7.    7.    7.    7.    7.    7.    7.    7.    7.
    7.    7. 
    7.    7.    7.    7.    7.    7.    7.    7.    7.    7.    7.    7.
    7.    7.    7.    7.    7.    7.    7.    7.    7.    7.    7. 2989.
 3614. 3614. 
 3614. 2989. 3614. 3614. 3614. 3614. 3614. 3614. 3614. 3614. 3614. 3614.
 2989. 2989. 
/