PERMI
 3171. 2444. 2444. 2444. 2444. 2444. 3171. 3171. 3171. 3171. 3171. 2444.
 2444.   34.   34.   34.   34.   34.   34.   34.   34.   34.   34.   34.
 2444. 3171. 
 3171. 3171. 3171. 3171. 3171. 3171. 3171. 2444. 2444. 2444. 3171. 3171.
 2444. 2444. 3171. 2444. 2444. 3171. 3171. 3171. 3171. 3171. 3171. 3171.
 3171. 3171. 
 2444. 2444.   34.   34.   34.   34.   34.   34.   34.   34.   34.   34.
 2444. 2444. 2444. 2444. 2444. 2444. 2444. 3171. 3171. 3171. 3171. 2444.
 2444. 2444. 
   34.   34.   34.   34.   34.   34.   34.   34.   34.   34. 2444. 2444.
 3171. 3171. 3171. 3171. 3171. 3171. 3171. 3171. 2444. 2444. 3171. 2444.
 2444. 3171. 
 3171. 3171. 2444. 2444. 2444. 3171. 3171. 3171. 3171. 3171. 3171. 3171.
 3171. 2444. 2444.   34.   34.   34.   34.   34.   34.   34.   34.   34.
 2444. 2444. 
 2444. 2444. 2444. 2444. 2444. 2444. 3171. 3171. 3171. 3171. 2444. 2444.
   34.   34.   34.   34.   34.   34.   34.   34.   34.   34. 2444. 2444.
 2444. 3171. 
 3171. 3171. 3171. 3171. 3171. 3171. 3171. 2444. 2444. 2444. 2444. 3171.
 3171. 3171. 2444. 2444. 2444. 2444. 2444. 2444. 2444. 3171. 3171. 3171.
 3171. 2444. 
 2444.   34.   34.   34.   34.   34.   34.   34.   34.   34. 3171. 3171.
 3171. 3171. 3171. 2444. 2444. 2444. 2444. 3171. 3171. 3171. 2444. 2444.
   34.   34. 
   34.   34.   34.   34.   34.   34.   34.   34.   34. 2444. 2444. 2444.
 2444. 2444. 3171. 3171. 3171. 3171. 3171. 2444. 2444. 2444. 3171. 3171.
 3171. 3171. 
 2444. 2444. 2444. 2444. 2444. 2444. 2444. 2444. 3171. 3171. 3171. 2444.
 2444.   34.   34.   34.   34.   34.   34.   34.   34.   34. 3171. 3171.
 3171. 3171. 
 3171. 2444. 2444. 2444. 2444. 2444. 3171. 3171. 3171. 2444. 2444.   34.
   34.   34.   34.   34.   34.   34.   34.   34.   34.   34.   34. 2444.
 2444. 2444. 
 3171. 3171. 3171. 3171. 2444. 2444. 2444. 2444. 3171. 3171. 3171. 3171.
 3171. 3171. 3171. 3171. 3171. 2444. 2444. 3171. 3171. 3171. 3171. 2444.
 2444.   34. 
   34.   34.   34.   34.   34.   34.   34.   34. 3171. 3171. 3171. 3171.
 3171. 2444. 2444. 2444. 2444. 3171. 3171. 3171. 3171. 2444. 2444.   34.
   34.   34. 
   34.   34.   34.   34.   34.   34.   34.   34.   34.   34. 2444. 2444.
 3171. 3171. 3171. 3171. 2444. 2444. 2444. 2444. 2444. 3171. 3171. 3171.
 3171. 3171. 
 3171. 3171. 2444. 2444. 3171. 3171. 3171. 3171. 3171. 2444.   34.   34.
   34.   34.   34.   34.   34.   34.   34.   34. 2444. 2444. 3171. 3171.
 3171. 2444. 
 2444. 2444. 2444. 3171. 3171. 3171. 2444. 2444.   34.   34.   34.   34.
   34.   34.   34.   34.   34.   34.   34.   34.   34.   34. 2444. 2444.
 3171. 3171. 
 3171. 2444. 2444. 2444. 2444. 2444. 2444. 2444. 2444. 3171. 3171. 3171.
 3171. 2444. 2444. 3171. 3171. 3171. 3171. 3171. 2444. 2444.   34.   34.
   34.   34. 
   34.   34.   34.   34.   34.   34. 2444. 2444. 3171. 3171. 3171. 3171.
 2444. 2444. 3171. 3171. 3171. 3171. 2444. 2444.   34.   34.   34.   34.
   34.   34. 
   34.   34.   34.   34.   34.   34.   34.   34. 2444. 2444. 3171. 3171.
 3171. 3171. 3171. 3171. 3171. 3171. 3171. 2444. 2444. 2444. 2444. 2444.
 2444. 2444. 
 2444. 3171. 3171. 3171. 3171. 2444. 2444.   34.   34.   34.   34.   34.
   34.   34.   34.   34.   34.   34.   34. 2444. 2444. 3171. 3171. 3171.
 3171. 2444. 
 2444. 2444. 3171. 2444. 2444.   34.   34.   34.   34.   34.   34.   34.
   34.   34.   34.   34.   34.   34.   34.   34. 2444. 2444. 3171. 3171.
 3171. 3171. 
 3171. 3171. 3171. 3171. 3171. 3171. 2444. 2444. 3171. 2444. 2444. 2444.
 3171. 3171. 3171. 3171. 2444. 2444.   34.   34.   34.   34.   34.   34.
   34.   34. 
   34.   34.   34.   34.   34. 2444. 2444. 3171. 3171. 3171. 3171. 3171.
 2444. 2444. 2444. 2444. 2444.   34.   34.   34.   34.   34.   34.   34.
   34.   34. 
   34.   34.   34.   34.   34.   34. 2444. 2444. 3171. 3171. 3171. 3171.
 3171. 3171. 3171. 3171. 3171. 3171. 3171. 2444. 3171. 3171. 2444. 2444.
 3171. 3171. 
 3171. 3171. 2444. 2444. 2444.   34.   34.   34.   34.   34.   34.   34.
   34.   34.   34.   34.   34. 2444. 2444. 3171. 3171. 3171. 3171. 3171.
 3171. 3171. 
 3171. 2444. 2444. 2444. 2444. 2444. 2444.   34.   34.   34.   34.   34.
   34.   34.   34.   34.   34.   34.   34. 2444. 2444. 2444. 2444. 2444.
 2444. 2444. 
 2444. 2444. 3171. 3171. 3171. 2444. 3171. 3171. 2444. 2444. 2444. 3171.
 3171. 3171. 3171. 3171. 2444. 2444. 2444.   34.   34.   34.   34.   34.
   34.   34. 
   34.   34.   34.   34. 2444. 2444. 3171. 3171. 3171. 3171. 3171. 3171.
 3171. 3171. 3171. 2444. 2444. 2444. 2444. 2444. 2444.   34.   34.   34.
   34.   34. 
   34.   34.   34.   34.   34.   34. 2444. 2444. 2444. 2444. 2444. 2444.
 2444. 3171. 3171. 3171. 3171. 2444. 2444. 2444. 2444. 3171. 2444. 2444.
 3171. 3171. 
 3171. 3171. 3171. 3171. 2444. 2444. 2444.   34.   34.   34.   34.   34.
   34.   34.   34.   34.   34. 2444. 2444. 2444. 3171. 3171. 3171. 3171.
 3171. 3171. 
 3171. 2444. 2444. 3171. 3171. 2444. 2444. 2444.   34.   34.   34.   34.
   34.   34.   34.   34.   34.   34.   34.   34.   34.   34.   34. 2444.
 2444. 3171. 
 3171. 3171. 2444. 2444. 2444. 2444. 2444. 2444. 2444. 2444. 2444. 3171.
 3171. 3171. 3171. 3171. 3171. 2444. 2444. 2444.   34.   34.   34.   34.
   34.   34. 
   34.   34.   34.   34. 2444. 2444. 2444. 2444. 2444. 2444. 3171. 3171.
 3171. 2444. 2444. 3171. 3171. 3171. 2444. 2444. 2444.   34.   34.   34.
   34.   34. 
   34.   34.   34.   34.   34.   34.   34.   34.   34. 2444. 3171. 3171.
 3171. 3171. 2444. 2444. 2444. 2444. 2444. 2444. 2444. 2444. 2444. 2444.
 2444. 3171. 
 3171. 3171. 3171. 2444. 2444. 2444.   34.   34.   34.   34.   34.   34.
   34.   34.   34.   34.   34.   34. 2444. 2444. 2444. 2444. 3171. 3171.
 3171. 2444. 
 2444. 3171. 3171. 3171. 3171. 2444. 2444.   34.   34.   34.   34.   34.
   34.   34.   34.   34.   34.   34.   34.   34.   34. 2444. 2444. 3171.
 3171. 3171. 
 2444. 2444. 2444. 3171. 3171. 3171. 3171. 2444. 2444. 2444. 2444. 2444.
 3171. 3171. 3171. 2444. 2444. 2444.   34.   34.   34.   34.   34.   34.
   34.   34. 
   34.   34.   34.   34.   34. 2444. 2444. 2444. 3171. 3171. 3171. 2444.
 2444. 3171. 3171. 3171. 3171. 2444. 2444.   34.   34.   34.   34.   34.
   34.   34. 
   34.   34.   34.   34.   34.   34.   34. 2444. 2444. 3171. 3171. 3171.
 3171. 3171. 3171. 3171. 3171. 3171. 3171. 3171. 2444. 2444. 2444. 3171.
 3171. 3171. 
 3171. 2444. 2444. 2444. 2444.   34.   34.   34.   34.   34.   34.   34.
   34.   34.   34.   34.   34.   34. 2444. 2444. 3171. 3171. 3171. 2444.
 2444. 3171. 
 3171. 3171. 3171. 2444. 2444.   34.   34.   34.   34.   34.   34.   34.
   34.   34.   34.   34.   34.   34.   34.   34. 2444. 3171. 3171. 3171.
 3171. 3171. 
 3171. 3171. 3171. 3171. 3171. 3171. 2444. 2444. 2444. 3171. 3171. 3171.
 3171. 2444. 2444. 2444. 2444. 2444. 2444.   34.   34.   34.   34.   34.
   34.   34. 
   34.   34.   34.   34. 2444. 3171. 3171. 3171. 2444. 2444. 3171. 3171.
 3171. 3171. 2444. 2444. 2444.   34.   34.   34.   34.   34.   34.   34.
   34.   34. 
   34.   34.   34.   34.   34.   34. 2444. 2444. 3171. 3171. 3171. 3171.
 3171. 3171. 3171. 3171. 3171. 3171. 2444. 2444. 3171. 3171. 3171. 3171.
 2444. 2444. 
 3171. 2444. 2444. 2444. 2444. 2444. 2444.   34.   34.   34.   34.   34.
   34.   34.   34. 2444. 2444. 3171. 3171. 3171. 2444. 2444. 3171. 3171.
 3171. 3171. 
 2444. 2444. 2444.   34.   34.   34.   34.   34.   34.   34.   34.   34.
   34.   34.   34.   34.   34.   34.   34. 2444. 2444. 2444. 3171. 2444.
 2444. 2444. 
 2444. 3171. 3171. 3171. 2444. 3171. 3171. 3171. 3171. 3171. 2444. 3171.
 3171. 3171. 3171. 3171. 3171. 2444. 2444. 2444.   34.   34.   34.   34.
   34.   34. 
   34. 2444. 2444. 3171. 3171. 3171. 2444. 2444. 2444. 3171. 3171. 2444.
 2444. 2444.   34.   34.   34.   34.   34.   34.   34.   34.   34.   34.
   34.   34. 
   34.   34.   34.   34.   34.   34. 2444. 2444. 2444. 2444. 2444. 2444.
 2444. 3171. 3171. 2444. 2444. 3171. 3171. 3171. 3171. 2444. 2444. 2444.
 2444. 3171. 
 3171. 3171. 3171. 3171. 3171. 2444.   34.   34.   34.   34.   34.   34.
   34. 2444. 2444. 3171. 3171. 3171. 3171. 2444. 2444. 2444. 2444. 2444.
 2444.   34. 
   34.   34.   34.   34.   34.   34.   34.   34.   34.   34.   34.   34.
   34.   34.   34.   34.   34.   34.   34.   34.   34.   34.   34. 2444.
 2444. 3171. 
 3171. 2444. 2444. 3171. 3171. 3171. 3171. 3171. 3171. 2444. 2444. 2444.
 2444. 3171. 3171. 3171. 3171. 3171.   34.   34.   34.   34.   34.   34.
   34. 2444. 
 2444. 3171. 3171. 3171. 3171. 3171. 3171. 2444. 2444. 2444. 2444. 2444.
 2444.   34.   34.   34.   34.   34.   34.   34.   34.   34.   34.   34.
   34.   34. 
   34.   34.   34.   34.   34.   34.   34.   34.   34. 2444. 2444. 3171.
 3171. 3171. 2444. 3171. 3171. 3171. 3171. 3171. 3171. 3171. 3171. 2444.
 2444. 2444. 
 3171. 3171. 3171. 3171.   34.   34.   34.   34.   34.   34.   34.   34.
 2444. 2444. 3171. 3171. 3171. 3171. 3171. 3171. 3171. 2444. 2444. 2444.
 2444. 2444. 
   34.   34.   34.   34.   34.   34.   34.   34.   34.   34.   34.   34.
   34.   34.   34.   34.   34.   34.   34.   34.   34. 2444. 2444. 3171.
 3171. 3171. 
 2444. 2444. 2444. 3171. 3171. 3171. 3171. 3171. 3171. 3171. 2444. 2444.
 2444. 3171. 3171. 3171.   34.   34.   34.   34.   34.   34.   34.   34.
   34. 2444. 
 2444. 2444. 3171. 3171. 3171. 3171. 3171. 2444. 2444. 3171. 2444. 2444.
 2444.   34.   34.   34.   34.   34.   34.   34.   34.   34.   34.   34.
   34.   34. 
   34.   34.   34.   34.   34.   34.   34. 2444. 2444. 3171. 3171. 3171.
 3171. 2444. 2444. 2444. 3171. 3171. 3171. 3171. 3171. 3171. 3171. 2444.
 2444. 3171. 
 3171. 3171.   34.   34.   34.   34.   34.   34.   34.   34.   34.   34.
   34. 2444. 2444. 2444. 3171. 3171. 3171. 2444. 2444. 3171. 3171. 2444.
 2444. 2444. 
   34.   34.   34.   34.   34.   34.   34.   34.   34.   34.   34.   34.
   34.   34.   34.   34.   34.   34.   34. 2444. 2444. 2444. 2444. 3171.
 3171. 3171. 
 3171. 2444. 2444. 2444. 2444. 3171. 3171. 3171. 2444. 2444. 3171. 3171.
 3171. 2444.   34.   34.   34.   34.   34.   34.   34.   34.   34.   34.
   34. 2444. 
 2444. 3171. 3171. 3171. 2444. 2444. 3171. 3171. 3171. 3171. 2444. 2444.
   34.   34.   34.   34.   34.   34.   34.   34.   34.   34.   34.   34.
   34.   34. 
   34.   34.   34.   34.   34.   34. 2444. 2444. 2444. 2444. 2444. 2444.
 3171. 3171. 2444. 2444. 3171. 3171. 3171. 3171. 2444. 2444. 3171. 3171.
 3171. 2444. 
   34.   34.   34.   34.   34.   34.   34.   34.   34.   34.   34. 2444.
 2444. 3171. 3171. 3171. 2444. 2444. 3171. 3171. 3171. 3171. 2444. 2444.
   34.   34. 
   34.   34.   34.   34.   34.   34.   34.   34.   34.   34.   34.   34.
   34.   34.   34.   34.   34.   34. 2444. 2444. 2444. 3171. 2444. 2444.
 3171. 3171. 
 2444. 2444. 3171. 3171. 3171. 2444. 2444. 2444. 3171. 3171. 3171. 2444.
   34.   34.   34.   34.   34.   34.   34.   34.   34.   34. 2444. 2444.
 3171. 3171. 
 3171. 2444. 2444. 2444. 2444. 3171. 3171. 3171. 2444. 2444.   34.   34.
   34.   34.   34.   34.   34.   34.   34.   34.   34.   34.   34.   34.
   34.   34. 
   34.   34.   34.   34.   34. 2444. 2444. 2444. 3171. 2444. 3171. 2444.
 2444. 3171. 3171. 3171. 2444. 2444. 2444. 2444. 3171. 3171. 3171. 3171.
   34.   34. 
   34.   34.   34.   34.   34.   34.   34.   34. 2444. 3171. 3171. 3171.
 2444. 2444. 2444. 2444. 3171. 3171. 3171. 3171. 2444. 2444.   34.   34.
   34.   34. 
   34.   34.   34.   34.   34.   34.   34.   34.   34.   34.   34.   34.
   34.   34.   34.   34.   34.   34. 2444. 2444. 2444. 2444. 3171. 2444.
 2444. 3171. 
 3171. 3171. 2444. 2444.   34. 2444. 3171. 3171. 3171. 3171.   34.   34.
   34.   34.   34.   34.   34.   34.   34.   34. 2444. 3171. 3171. 3171.
 2444. 2444. 
 2444. 2444. 3171. 3171. 3171. 2444. 2444. 2444.   34.   34.   34.   34.
   34.   34.   34.   34.   34.   34.   34.   34.   34.   34.   34.   34.
   34.   34. 
   34.   34.   34.   34.   34.   34. 2444. 2444. 3171. 2444. 3171. 3171.
 3171. 3171. 2444. 2444. 2444. 2444. 2444. 2444. 3171. 3171.   34.   34.
   34.   34. 
   34.   34.   34.   34.   34.   34. 2444. 3171. 3171. 3171. 3171. 3171.
 2444. 2444. 2444. 3171. 3171. 2444. 2444.   34.   34.   34.   34.   34.
   34.   34. 
   34.   34.   34.   34.   34.   34.   34.   34.   34.   34.   34.   34.
   34.   34.   34.   34.   34.   34. 2444. 2444. 3171. 2444. 2444. 3171.
 3171. 3171. 
 3171. 3171. 3171. 3171. 2444. 2444. 2444. 2444.   34.   34.   34.   34.
   34.   34.   34.   34.   34.   34. 2444. 2444. 3171. 3171. 3171. 3171.
 3171. 3171. 
 2444. 2444. 2444. 2444. 2444. 2444. 2444. 2444. 2444.   34.   34.   34.
   34.   34.   34.   34.   34.   34.   34.   34.   34.   34.   34.   34.
   34.   34. 
   34.   34.   34.   34. 2444. 2444. 3171. 3171. 2444. 2444. 3171. 3171.
 3171. 3171. 3171. 3171. 3171. 3171. 2444. 2444.   34.   34.   34.   34.
   34.   34. 
   34.   34.   34.   34.   34. 2444. 2444. 2444. 3171. 3171. 3171. 3171.
 3171. 2444. 2444. 2444. 2444. 2444. 2444. 2444. 2444. 2444.   34.   34.
   34.   34. 
   34.   34.   34.   34.   34.   34.   34.   34.   34.   34.   34.   34.
   34.   34.   34.   34. 2444. 3171. 3171. 3171. 2444. 2444. 2444. 3171.
 3171. 3171. 
 3171. 3171. 3171. 3171. 3171. 2444.   34.   34.   34.   34.   34.   34.
   34.   34.   34.   34.   34.   34. 2444. 2444. 2444. 3171. 3171. 3171.
 3171. 2444. 
 2444. 3171. 3171. 2444. 3171. 3171. 3171. 2444. 2444. 2444.   34.   34.
   34.   34.   34.   34.   34.   34.   34.   34.   34.   34.   34.   34.
   34.   34. 
   34.   34. 2444. 3171. 3171. 3171. 3171. 3171. 2444. 2444. 2444. 2444.
 2444. 3171. 3171. 3171. 3171. 3171.   34.   34.   34.   34.   34.   34.
   34.   34. 
   34.   34.   34.   34.   34.   34. 2444. 2444. 3171. 3171. 3171. 2444.
 2444. 3171. 3171. 3171. 3171. 3171. 3171. 3171. 2444. 2444.   34.   34.
   34.   34. 
   34.   34.   34.   34.   34.   34.   34.   34.   34.   34.   34.   34.
   34.   34. 2444. 2444. 3171. 3171. 3171. 3171. 3171. 3171. 2444. 2444.
 2444. 2444. 
 2444. 3171. 3171. 3171.   34.   34.   34.   34.   34.   34.   34.   34.
   34.   34.   34.   34.   34. 2444. 2444. 3171. 3171. 3171. 3171. 2444.
 2444. 3171. 
 3171. 3171. 3171. 3171. 3171. 3171. 3171. 2444. 2444.   34.   34.   34.
   34.   34.   34.   34.   34.   34.   34.   34.   34.   34.   34.   34.
   34.   34. 
   34. 2444. 2444. 3171. 3171. 3171. 3171. 3171. 3171. 2444. 3171. 2444.
 3171. 3171. 3171. 2444.   34.   34.   34.   34.   34.   34.   34.   34.
   34.   34. 
   34.   34.   34. 2444. 3171. 3171. 3171. 3171. 2444. 2444. 2444. 2444.
 2444. 2444. 3171. 3171. 3171. 3171. 3171. 2444. 2444.   34.   34.   34.
   34.   34. 
   34.   34.   34.   34.   34.   34.   34.   34.   34.   34.   34.   34.
   34. 2444. 2444. 2444. 2444. 2444. 2444. 2444. 2444. 2444. 3171. 2444.
 3171. 3171. 
 3171. 2444.   34.   34.   34.   34.   34.   34.   34.   34.   34.   34.
   34.   34. 2444. 2444. 3171. 3171. 3171. 2444. 2444. 2444. 2444. 3171.
 3171. 2444. 
 2444. 3171. 3171. 3171. 3171. 2444.   34.   34.   34.   34.   34.   34.
   34.   34.   34.   34.   34.   34.   34.   34.   34.   34.   34.   34.
   34. 2444. 
 2444. 3171. 2444. 2444. 3171. 3171. 2444. 2444. 3171. 2444. 3171. 3171.
 3171. 2444.   34.   34.   34.   34.   34.   34.   34.   34.   34.   34.
   34.   34. 
 2444. 2444. 3171. 3171. 3171. 3171. 3171. 3171. 3171. 3171. 3171. 3171.
 2444. 2444. 3171. 3171. 2444. 2444. 2444. 2444. 2444.   34.   34.   34.
   34.   34. 
   34.   34.   34.   34.   34.   34.   34.   34.   34.   34.   34.   34.
 2444. 2444. 2444. 2444. 3171. 3171. 2444. 2444. 3171. 2444. 3171. 3171.
 3171. 2444. 
   34.   34.   34.   34.   34.   34.   34.   34.   34.   34.   34.   34.
 2444. 2444. 3171. 3171. 3171. 3171. 3171. 3171. 3171. 3171. 3171. 3171.
 3171. 2444. 
 3171. 3171. 2444. 2444. 3171. 2444. 2444. 2444.   34.   34.   34.   34.
   34.   34.   34.   34.   34.   34.   34.   34.   34.   34.   34.   34.
   34. 2444. 
 2444. 2444. 2444. 2444. 2444. 2444. 3171. 2444. 2444. 3171. 3171. 3171.
   34.   34.   34.   34.   34.   34.   34.   34.   34.   34.   34.   34.
 2444. 2444. 
 3171. 3171. 3171. 3171. 3171. 3171. 3171. 2444. 3171. 3171. 3171. 2444.
 3171. 3171. 3171. 3171. 3171. 3171. 3171. 2444. 2444.   34.   34.   34.
   34.   34. 
   34.   34.   34.   34.   34.   34.   34.   34.   34.   34.   34.   34.
   34.   34. 2444. 2444. 2444. 2444. 3171. 2444. 2444. 3171. 3171. 3171.
   34.   34. 
   34.   34.   34.   34.   34.   34.   34.   34.   34.   34.   34. 2444.
 2444. 3171. 3171. 3171. 3171. 2444. 2444. 3171. 3171. 3171. 2444. 2444.
 3171. 3171. 
 3171. 3171. 3171. 3171. 3171. 3171. 2444. 2444.   34.   34.   34.   34.
   34.   34.   34.   34.   34.   34.   34.   34.   34.   34.   34.   34.
   34.   34. 
   34. 2444. 2444. 2444. 3171. 3171. 2444. 3171. 3171. 3171.   34.   34.
   34.   34.   34.   34.   34.   34.   34.   34.   34.   34.   34.   34.
 2444. 2444. 
 2444. 2444. 2444. 2444. 3171. 3171. 3171. 3171. 2444. 2444. 3171. 3171.
 3171. 3171. 3171. 3171. 3171. 3171. 2444. 2444.   34.   34.   34.   34.
   34.   34. 
   34.   34.   34.   34.   34.   34.   34.   34.   34.   34.   34.   34.
   34. 2444. 2444. 2444. 2444. 3171. 2444. 3171. 3171. 3171.   34.   34.
   34.   34. 
   34.   34.   34.   34.   34.   34.   34.   34.   34.   34.   34.   34.
 2444.   34. 2444. 3171. 3171. 3171. 3171. 2444. 2444. 3171. 3171. 2444.
 2444. 2444. 
 3171. 3171. 3171. 3171. 2444. 2444.   34.   34.   34.   34.   34.   34.
   34.   34.   34.   34.   34.   34.   34.   34.   34.   34.   34.   34.
   34.   34. 
 2444. 2444. 2444. 2444. 2444. 2444. 2444. 3171. 2444.   34.   34.   34.
   34.   34.   34.   34.   34.   34.   34.   34.   34.   34.   34.   34.
   34.   34. 
 2444. 3171. 3171. 3171. 2444. 2444. 2444. 2444. 2444. 2444. 2444. 2444.
 3171. 3171. 3171. 3171. 2444. 2444.   34.   34.   34.   34.   34.   34.
   34.   34. 
   34.   34.   34.   34.   34.   34.   34.   34.   34.   34.   34.   34.
 2444. 2444. 2444. 2444. 2444. 2444. 2444. 2444. 2444. 2444.   34.   34.
   34.   34. 
   34.   34.   34.   34.   34.   34.   34.   34.   34.   34.   34.   34.
 2444. 3171. 3171. 3171. 3171. 2444. 2444. 2444. 2444. 2444. 2444. 3171.
 3171. 3171. 
 3171. 2444. 2444.   34.   34.   34.   34.   34.   34.   34.   34.   34.
   34.   34.   34.   34.   34.   34.   34.   34.   34.   34.   34.   34.
 2444. 2444. 
 2444. 3171. 2444. 2444. 2444. 2444. 3171. 2444. 2444.   34.   34.   34.
   34.   34.   34.   34.   34.   34.   34.   34.   34.   34.   34.   34.
 2444. 3171. 
 3171. 3171. 3171. 3171. 3171. 3171. 2444. 2444. 2444. 3171. 3171. 3171.
 3171. 2444. 2444. 2444. 2444. 2444. 2444. 2444.   34.   34.   34.   34.
   34.   34. 
   34.   34.   34.   34.   34.   34.   34.   34.   34.   34.   34. 2444.
 2444. 2444. 3171. 3171. 3171. 3171. 3171. 2444. 2444.   34.   34.   34.
   34.   34. 
   34.   34.   34.   34.   34.   34.   34.   34.   34.   34. 2444. 2444.
 3171. 3171. 3171. 3171. 3171. 3171. 3171. 2444. 2444. 3171. 3171. 3171.
 2444. 2444. 
 2444. 2444. 2444. 2444. 2444. 2444. 2444.   34.   34.   34.   34.   34.
   34.   34.   34.   34.   34.   34.   34.   34.   34.   34.   34.   34.
 2444. 2444. 
 2444. 2444. 2444. 2444. 3171. 3171. 2444. 2444.   34.   34.   34.   34.
   34.   34.   34.   34.   34.   34.   34.   34.   34.   34. 2444. 2444.
 2444. 3171. 
 3171. 3171. 3171. 3171. 3171. 3171. 2444. 3171. 3171. 3171. 3171. 3171.
 3171. 3171. 3171. 3171. 3171. 2444. 2444. 2444.   34.   34.   34.   34.
   34.   34. 
   34.   34.   34.   34.   34.   34.   34.   34.   34.   34.   34.   34.
 2444. 2444. 2444. 2444. 3171. 3171. 2444. 2444.   34.   34.   34.   34.
   34.   34. 
   34.   34.   34.   34.   34.   34.   34.   34.   34.   34. 2444. 2444.
 2444. 2444. 2444. 3171. 3171. 3171. 2444. 2444. 3171. 3171. 3171. 3171.
 3171. 3171. 
 3171. 3171. 3171. 3171. 3171. 2444. 2444.   34.   34.   34.   34.   34.
   34.   34.   34.   34.   34.   34.   34.   34.   34.   34.   34.   34.
   34.   34. 
 2444. 3171. 3171. 3171. 2444. 2444.   34.   34.   34.   34.   34.   34.
   34.   34.   34.   34.   34.   34.   34.   34.   34.   34.   34.   34.
   34. 2444. 
 2444. 3171. 3171. 3171. 2444. 2444. 2444. 3171. 3171. 3171. 3171. 3171.
 3171. 3171. 3171. 3171. 3171. 2444. 2444.   34.   34.   34.   34.   34.
   34.   34. 
   34.   34.   34.   34.   34.   34.   34.   34.   34.   34.   34. 2444.
 2444. 3171. 3171. 2444. 2444.   34.   34.   34.   34.   34.   34.   34.
   34.   34. 
   34.   34.   34.   34.   34.   34.   34.   34.   34.   34.   34. 2444.
 2444. 3171. 3171. 3171. 2444. 2444. 2444. 2444. 2444. 2444. 2444. 2444.
 2444. 2444. 
 3171. 3171. 3171. 2444. 2444.   34.   34.   34.   34.   34.   34.   34.
   34.   34.   34.   34.   34.   34.   34.   34.   34.   34.   34. 2444.
 2444. 3171. 
 3171. 2444. 2444.   34.   34.   34.   34.   34.   34.   34.   34.   34.
   34.   34.   34.   34.   34.   34.   34.   34.   34.   34.   34. 2444.
 3171. 3171. 
 3171. 3171. 2444. 2444.   34. 2444. 2444. 2444. 2444. 2444. 2444. 3171.
 3171. 3171. 3171. 2444. 2444.   34.   34.   34.   34.   34.   34.   34.
   34.   34. 
   34.   34.   34.   34.   34.   34.   34.   34.   34. 2444. 2444. 3171.
 3171. 2444. 2444.   34.   34.   34.   34.   34.   34.   34.   34.   34.
   34.   34. 
   34.   34.   34.   34.   34.   34.   34.   34. 2444. 2444. 3171. 3171.
 3171. 3171. 2444. 2444.   34.   34.   34.   34. 2444. 2444. 3171. 3171.
 3171. 3171. 
 2444. 2444. 2444.   34.   34.   34.   34.   34.   34.   34.   34.   34.
   34.   34.   34.   34.   34.   34.   34.   34.   34. 2444. 2444. 3171.
 3171. 2444. 
 2444. 2444. 2444. 2444. 2444. 2444. 2444.   34.   34.   34.   34.   34.
   34.   34.   34.   34.   34.   34.   34.   34. 2444. 2444. 3171. 3171.
 3171. 2444. 
 2444. 2444. 2444. 2444. 2444. 2444. 2444. 3171. 3171. 3171. 3171. 2444.
 2444. 2444.   34.   34.   34.   34.   34.   34.   34.   34.   34.   34.
   34.   34. 
   34.   34.   34.   34.   34.   34.   34.   34. 2444. 2444. 3171. 3171.
 2444. 2444. 2444. 2444. 2444. 2444. 2444. 2444.   34.   34.   34.   34.
   34.   34. 
   34.   34.   34.   34.   34.   34.   34. 2444. 3171. 3171. 3171. 3171.
 3171. 2444. 2444. 2444. 2444. 2444. 2444. 2444. 3171. 3171. 2444. 2444.
   34.   34. 
   34.   34.   34.   34.   34.   34.   34.   34.   34.   34.   34.   34.
   34.   34.   34.   34.   34.   34.   34.   34.   34. 2444. 3171. 3171.
 3171. 3171. 
 3171. 3171. 3171. 3171. 2444. 2444. 2444.   34.   34.   34.   34.   34.
   34.   34.   34.   34.   34.   34.   34. 2444. 2444. 3171. 3171. 3171.
 3171. 3171. 
 3171. 3171. 3171. 3171. 2444. 2444. 2444. 3171. 2444. 2444. 2444.   34.
   34.   34.   34.   34.   34.   34.   34.   34.   34.   34.   34.   34.
   34.   34. 
   34.   34.   34.   34.   34.   34.   34.   34. 3171. 3171. 3171. 3171.
 3171. 3171. 3171. 3171. 3171. 2444. 2444.   34.   34.   34.   34.   34.
   34.   34. 
   34.   34.   34.   34.   34. 2444. 2444. 3171. 3171. 3171. 3171. 3171.
 3171. 3171. 3171. 3171. 3171. 2444. 2444. 3171. 3171. 3171. 2444. 2444.
 2444.   34. 
   34.   34.   34.   34.   34.   34.   34.   34.   34.   34.   34.   34.
   34.   34.   34.   34.   34.   34.   34.   34. 3171. 3171. 3171. 3171.
 3171. 3171. 
 3171. 3171. 3171. 3171. 2444.   34.   34.   34.   34.   34.   34.   34.
   34.   34.   34.   34.   34.   34. 2444. 2444. 2444. 2444. 2444. 3171.
 3171. 3171. 
 3171. 3171. 3171. 3171. 2444. 3171. 3171. 3171. 3171. 2444. 2444.   34.
   34.   34.   34.   34.   34.   34.   34.   34.   34.   34.   34.   34.
   34.   34. 
   34.   34.   34.   34.   34.   34. 2444. 3171. 2444. 2444. 2444. 2444.
 2444. 3171. 3171. 3171. 2444.   34.   34.   34.   34.   34.   34.   34.
   34.   34. 
   34.   34.   34.   34.   34. 2444. 2444. 2444. 2444. 2444. 2444. 2444.
 2444. 3171. 3171. 3171. 2444. 3171. 3171. 3171. 3171. 3171. 2444. 2444.
   34.   34. 
   34.   34.   34.   34.   34.   34.   34.   34.   34.   34.   34.   34.
   34.   34.   34.   34.   34.   34. 2444. 2444. 2444. 2444. 2444. 2444.
 2444. 3171. 
 3171. 3171. 2444.   34.   34.   34.   34.   34.   34.   34.   34.   34.
   34.   34.   34.   34.   34.   34.   34.   34.   34.   34. 2444. 2444.
 2444. 3171. 
 3171. 3171. 2444. 2444. 2444. 3171. 3171. 3171. 3171. 2444.   34.   34.
   34.   34.   34.   34.   34.   34.   34.   34.   34.   34.   34.   34.
   34.   34. 
   34.   34.   34.   34.   34.   34.   34.   34. 2444. 2444. 3171. 3171.
 3171. 2444. 2444.   34.   34.   34.   34.   34.   34.   34.   34.   34.
   34.   34. 
   34.   34.   34.   34.   34.   34.   34.   34.   34. 2444. 3171. 3171.
 3171. 2444. 2444. 2444. 2444. 3171. 3171. 3171. 3171. 2444.   34.   34.
   34.   34. 
   34.   34.   34.   34.   34.   34.   34.   34.   34.   34.   34.   34.
   34.   34.   34.   34.   34.   34.   34.   34. 2444. 2444. 3171. 3171.
 3171. 2444. 
 2444.   34.   34.   34.   34.   34.   34.   34.   34.   34.   34.   34.
   34.   34.   34.   34.   34.   34.   34.   34. 2444. 2444. 3171. 3171.
 3171. 2444. 
 2444. 2444. 2444. 2444. 2444. 2444. 3171. 2444.   34.   34.   34.   34.
   34.   34.   34.   34.   34.   34.   34.   34.   34.   34.   34.   34.
   34.   34. 
   34.   34.   34.   34.   34.   34. 2444. 3171. 3171. 3171. 2444. 2444.
   34.   34.   34.   34.   34.   34.   34.   34.   34.   34.   34.   34.
   34.   34. 
   34.   34.   34.   34.   34.   34. 2444. 2444. 3171. 3171. 3171. 3171.
 3171. 3171. 3171. 3171. 3171. 2444. 2444. 2444. 2444. 2444. 2444. 2444.
   34.   34. 
 34. 34. 34. 34. 34. 34. 34. 34. 34. 34. 34. 34. 34. 34. 
/