PERMI
 1641. 1641. 1641. 1641. 1641. 2393. 2393. 2393. 2393. 2393. 2393. 1641.
 2393. 2393. 2393. 2393. 2393. 2393. 2393. 2393. 2393. 2393. 1641.   40.
   40.   40. 
   40.   40.   40.   40.   40.   40.   40.   40.   40.   40.   40.   40.
   40.   40.   40.   40.   40.   40. 1641. 1641. 2393. 2393. 2393. 2393.
 2393. 2393. 
 2393. 2393. 1641. 1641.   40.   40.   40.   40.   40.   40.   40.   40.
 1641. 1641. 1641. 1641. 2393. 2393. 2393. 2393. 2393. 2393. 1641. 1641.
 2393. 2393. 
 2393. 1641. 1641. 1641. 1641. 1641. 1641. 1641.   40.   40.   40.   40.
   40.   40.   40.   40.   40.   40.   40.   40.   40.   40.   40.   40.
   40.   40. 
   40.   40.   40. 1641. 1641. 1641. 2393. 2393. 2393. 1641. 1641. 1641.
 1641. 1641.   40.   40.   40.   40.   40.   40.   40.   40.   40.   40.
 1641. 1641. 
 2393. 2393. 2393. 2393. 2393. 1641. 1641. 1641. 1641. 2393. 1641. 1641.
 1641.   40.   40.   40.   40. 1641. 1641.   40.   40.   40.   40.   40.
   40.   40. 
   40.   40.   40.   40.   40.   40.   40.   40.   40.   40.   40.   40.
   40.   40. 1641. 1641. 2393. 1641. 1641. 1641. 1641. 1641. 1641.   40.
   40.   40. 
   40.   40.   40.   40.   40.   40.   40.   40.   40.   40. 2393. 2393.
 2393. 2393. 2393. 1641. 1641. 1641. 1641. 1641. 1641. 1641. 1641.   40.
   40.   40. 
   40.   40.   40.   40.   40.   40.   40.   40.   40.   40.   40.   40.
   40.   40.   40.   40.   40.   40.   40.   40.   40.   40.   40.   40.
 1641. 1641. 
 1641. 2393. 2393. 2393. 1641. 1641.   40.   40.   40.   40.   40.   40.
   40.   40.   40.   40.   40.   40.   40.   40.   40.   40. 2393. 2393.
 2393. 2393. 
 1641. 1641.   40.   40. 1641. 1641.   40.   40.   40.   40.   40.   40.
   40.   40.   40.   40.   40.   40.   40.   40.   40.   40.   40.   40.
   40.   40. 
   40.   40.   40.   40.   40.   40.   40. 1641. 1641. 1641. 1641. 1641.
 2393. 2393. 2393. 1641. 1641.   40.   40.   40.   40.   40.   40.   40.
   40.   40. 
   40.   40.   40.   40.   40.   40.   40.   40. 2393. 2393. 1641. 1641.
 1641.   40.   40.   40.   40.   40.   40.   40.   40.   40.   40.   40.
   40.   40. 
   40.   40.   40.   40.   40.   40.   40.   40.   40.   40.   40.   40.
   40.   40.   40.   40.   40.   40. 1641. 1641. 2393. 2393. 2393. 2393.
 2393. 2393. 
 1641. 1641.   40.   40.   40.   40.   40.   40.   40.   40.   40.   40.
   40.   40.   40.   40.   40.   40.   40.   40. 1641. 1641. 1641.   40.
   40.   40. 
 40. 40. 40. 40. 40. 40. 40. 40. 40. 40. 40. 40. 40. 40. 40. 40. 40. 40.
 40. 40. 40. 40. 40. 40. 40. 40. 
   40.   40.   40. 1641. 1641. 2393. 2393. 2393. 2393. 2393. 1641. 1641.
 1641.   40.   40.   40.   40.   40.   40.   40.   40.   40.   40.   40.
   40.   40. 
   40.   40.   40.   40.   40.   40. 1641.   40.   40.   40.   40.   40.
   40.   40.   40.   40.   40.   40.   40.   40.   40.   40.   40.   40.
   40.   40. 
   40.   40.   40.   40.   40.   40.   40.   40.   40.   40.   40.   40.
   40.   40.   40. 1641. 2393. 2393. 2393. 1641. 1641. 1641. 1641.   40.
   40.   40. 
 40. 40. 40. 40. 40. 40. 40. 40. 40. 40. 40. 40. 40. 40. 40. 40. 40. 40.
 40. 40. 40. 40. 40. 40. 40. 40. 
 40. 40. 40. 40. 40. 40. 40. 40. 40. 40. 40. 40. 40. 40. 40. 40. 40. 40.
 40. 40. 40. 40. 40. 40. 40. 40. 
   40. 1641. 2393. 2393. 1641.   40.   40.   40.   40.   40.   40.   40.
   40.   40.   40.   40.   40.   40.   40.   40.   40.   40.   40.   40.
   40.   40. 
 40. 40. 40. 40. 40. 40. 40. 40. 40. 40. 40. 40. 40. 40. 40. 40. 40. 40.
 40. 40. 40. 40. 40. 40. 40. 40. 
   40.   40.   40.   40.   40.   40.   40.   40.   40.   40.   40.   40.
 1641. 2393. 2393. 2393. 1641.   40.   40.   40.   40.   40.   40.   40.
   40.   40. 
 40. 40. 40. 40. 40. 40. 40. 40. 40. 40. 40. 40. 40. 40. 40. 40. 40. 40.
 40. 40. 40. 40. 40. 40. 40. 40. 
   40.   40.   40.   40.   40.   40.   40.   40.   40.   40.   40.   40.
   40.   40.   40.   40.   40.   40.   40.   40.   40.   40.   40. 1641.
 1641. 2393. 
 2393. 1641. 1641.   40.   40.   40.   40.   40.   40.   40.   40.   40.
   40.   40.   40.   40.   40.   40.   40.   40.   40.   40.   40.   40.
   40.   40. 
 40. 40. 40. 40. 40. 40. 40. 40. 40. 40. 40. 40. 40. 40. 40. 40. 40. 40.
 40. 40. 40. 40. 40. 40. 40. 40. 
   40.   40.   40.   40.   40.   40.   40.   40. 1641. 1641. 2393. 2393.
 2393. 1641.   40.   40.   40.   40.   40.   40.   40.   40.   40.   40.
   40.   40. 
 40. 40. 40. 40. 40. 40. 40. 40. 40. 40. 40. 40. 40. 40. 40. 40. 40. 40.
 40. 40. 40. 40. 40. 40. 40. 40. 
   40.   40.   40.   40.   40.   40.   40.   40.   40.   40.   40.   40.
   40.   40.   40.   40.   40.   40. 1641. 1641. 2393. 2393. 2393. 2393.
 1641.   40. 
 40. 40. 40. 40. 40. 40. 40. 40. 40. 40. 40. 40. 40. 40. 40. 40. 40. 40.
 40. 40. 40. 40. 40. 40. 40. 40. 
 40. 40. 40. 40. 40. 40. 40. 40. 40. 40. 40. 40. 40. 40. 40. 40. 40. 40.
 40. 40. 40. 40. 40. 40. 40. 40. 
   40.   40. 1641. 1641. 2393. 2393. 2393. 2393. 1641. 1641.   40.   40.
   40.   40.   40.   40.   40.   40.   40.   40.   40.   40.   40.   40.
   40.   40. 
   40.   40.   40.   40.   40.   40.   40.   40.   40.   40. 1641. 1641.
   40.   40.   40.   40.   40.   40.   40.   40.   40.   40.   40.   40.
   40.   40. 
   40.   40.   40.   40.   40.   40.   40.   40.   40.   40.   40.   40.
   40. 1641. 1641. 2393. 2393. 2393. 2393. 1641. 1641.   40.   40.   40.
   40.   40. 
   40.   40.   40.   40.   40.   40.   40.   40.   40.   40.   40.   40.
   40.   40.   40.   40.   40.   40.   40.   40.   40. 1641. 1641. 2393.
   40.   40. 
   40.   40.   40.   40.   40.   40.   40.   40.   40.   40.   40.   40.
   40.   40.   40.   40.   40.   40.   40.   40.   40.   40.   40.   40.
 1641. 1641. 
 2393. 2393. 2393. 1641. 1641. 1641.   40.   40.   40.   40.   40.   40.
   40.   40.   40.   40.   40.   40.   40.   40.   40.   40.   40.   40.
   40.   40. 
   40.   40.   40.   40.   40.   40. 1641. 1641. 2393. 2393.   40.   40.
   40.   40.   40.   40.   40.   40.   40.   40.   40.   40.   40.   40.
   40.   40. 
   40.   40.   40.   40.   40. 1641. 1641. 1641. 1641. 1641. 1641. 2393.
 2393. 2393. 2393. 1641.   40.   40.   40.   40.   40.   40.   40.   40.
   40.   40. 
   40.   40.   40.   40.   40.   40.   40.   40.   40.   40.   40.   40.
   40. 1641. 1641. 1641. 1641. 1641. 1641. 2393. 2393. 2393.   40.   40.
   40.   40. 
   40.   40.   40.   40.   40.   40.   40.   40.   40.   40.   40.   40.
   40.   40.   40. 1641. 1641. 1641. 2393. 2393. 1641. 1641. 1641. 2393.
 2393. 1641. 
 1641.   40.   40.   40.   40.   40.   40.   40.   40.   40.   40.   40.
   40.   40.   40.   40.   40.   40.   40.   40.   40.   40. 1641. 1641.
 1641. 1641. 
 1641. 1641. 2393. 2393. 2393. 2393. 2393. 2393.   40.   40.   40.   40.
   40.   40.   40.   40.   40.   40.   40.   40.   40.   40.   40.   40.
   40.   40. 
 1641. 1641. 2393. 2393. 2393. 2393. 2393. 2393. 2393. 2393. 2393. 1641.
 1641.   40.   40.   40.   40.   40.   40.   40.   40.   40.   40.   40.
   40.   40. 
   40.   40.   40.   40.   40.   40.   40. 1641. 1641. 1641. 1641. 1641.
 2393. 2393. 2393. 2393. 2393. 2393. 2393. 1641.   40.   40.   40.   40.
   40.   40. 
   40.   40.   40.   40.   40.   40.   40.   40.   40.   40.   40. 1641.
 1641. 2393. 2393. 2393. 2393. 2393. 2393. 2393. 2393. 2393. 1641. 1641.
   40.   40. 
   40.   40.   40.   40.   40.   40.   40.   40.   40.   40.   40. 1641.
 1641. 1641. 1641. 1641.   40.   40. 1641. 1641. 1641. 1641. 2393. 2393.
 2393. 2393. 
 2393. 2393. 2393. 1641. 1641. 1641.   40.   40.   40.   40.   40.   40.
   40.   40.   40.   40.   40.   40.   40.   40.   40.   40. 1641. 1641.
 2393. 2393. 
 2393. 1641. 1641. 1641. 1641. 1641. 1641. 1641. 1641.   40.   40.   40.
   40.   40.   40.   40.   40.   40.   40.   40.   40.   40. 1641. 1641.
 2393. 2393. 
 2393. 1641. 1641. 1641. 2393. 2393. 1641. 1641. 2393. 2393. 2393. 2393.
 1641. 1641. 1641. 1641. 1641. 1641.   40.   40.   40.   40.   40.   40.
   40.   40. 
   40.   40.   40.   40.   40.   40.   40. 1641. 1641. 2393. 2393. 2393.
 1641. 1641.   40.   40.   40.   40.   40.   40.   40.   40.   40.   40.
   40.   40. 
   40.   40.   40.   40.   40.   40. 1641. 1641. 1641. 2393. 2393. 2393.
 2393. 2393. 2393. 2393. 2393. 2393. 1641. 2393. 2393. 2393. 1641. 1641.
 1641.   40. 
   40.   40.   40.   40.   40.   40.   40.   40.   40.   40.   40.   40.
   40.   40.   40.   40.   40.   40. 1641. 1641. 2393. 2393. 2393. 2393.
 1641.   40. 
   40.   40.   40.   40.   40.   40.   40.   40.   40.   40.   40.   40.
   40.   40.   40.   40.   40. 1641. 1641. 2393. 2393. 2393. 2393. 2393.
 2393. 2393. 
 2393. 2393. 1641. 1641. 1641. 2393. 2393. 1641. 1641.   40.   40.   40.
   40. 1641. 1641. 1641.   40.   40.   40.   40.   40.   40.   40.   40.
   40.   40. 
   40.   40. 1641. 1641. 1641. 2393. 2393. 2393. 2393. 1641. 1641.   40.
   40.   40.   40.   40.   40.   40.   40.   40.   40.   40.   40.   40.
   40.   40. 
   40.   40. 1641. 1641. 2393. 2393. 2393. 2393. 1641. 1641. 1641. 1641.
 1641. 1641. 1641. 1641. 1641. 2393. 2393. 1641.   40.   40.   40.   40.
 1641. 1641. 
 1641. 2393.   40.   40.   40.   40.   40.   40.   40.   40.   40.   40.
   40. 1641. 1641. 2393. 2393. 2393. 2393. 1641. 1641. 1641.   40.   40.
   40.   40. 
   40.   40.   40.   40.   40.   40.   40.   40. 1641. 1641. 1641. 1641.
 1641. 1641. 2393. 2393. 2393. 2393. 1641. 1641.   40.   40.   40.   40.
   40.   40. 
 1641. 1641. 1641. 2393. 2393. 1641.   40.   40.   40. 1641. 1641. 2393.
 2393. 2393.   40.   40.   40.   40.   40.   40.   40.   40.   40.   40.
 1641. 2393. 
 2393. 2393. 2393. 2393. 2393. 1641. 1641.   40.   40.   40.   40.   40.
   40.   40.   40.   40.   40.   40. 1641. 1641. 1641. 1641. 1641. 1641.
 2393. 2393. 
 2393. 2393. 2393. 1641. 1641.   40. 1641. 1641. 1641. 1641. 1641. 1641.
 1641. 1641. 2393. 2393. 1641. 1641.   40. 1641. 1641. 1641. 2393. 2393.
 2393. 2393. 
   40.   40.   40.   40.   40.   40.   40.   40.   40. 1641. 2393. 2393.
 2393. 2393. 2393. 1641. 1641. 1641.   40.   40.   40.   40.   40.   40.
   40.   40. 
   40.   40.   40. 1641. 1641. 2393. 2393. 2393. 2393. 2393. 2393. 2393.
 2393. 2393. 1641. 1641. 1641. 1641. 1641. 1641. 1641. 2393. 2393. 2393.
 2393. 2393. 
 2393. 2393. 1641. 1641. 1641. 1641. 2393. 2393. 2393. 2393. 1641. 1641.
   40.   40.   40.   40.   40.   40.   40.   40. 1641. 2393. 2393. 2393.
 2393. 1641. 
 1641. 1641.   40.   40.   40.   40.   40.   40.   40.   40.   40.   40.
   40.   40. 1641. 1641. 2393. 2393. 2393. 2393. 2393. 2393. 2393. 2393.
 1641. 1641. 
 1641. 1641. 1641. 1641. 2393. 2393. 2393. 2393. 2393. 2393. 2393. 2393.
 2393. 1641. 1641. 1641. 1641. 2393. 2393. 2393. 2393. 1641. 1641.   40.
   40.   40. 
   40.   40.   40.   40.   40. 1641. 1641. 2393. 2393. 2393. 1641.   40.
   40.   40.   40.   40.   40.   40.   40.   40.   40.   40.   40.   40.
   40. 1641. 
 2393. 2393. 2393. 1641. 1641. 1641. 1641. 1641. 1641. 1641.   40.   40.
 1641. 1641. 2393. 2393. 2393. 2393. 2393. 2393. 2393. 2393. 2393. 1641.
 1641. 1641. 
 1641. 2393. 2393. 2393. 2393. 2393. 1641. 1641.   40.   40.   40.   40.
   40.   40.   40.   40.   40. 1641. 2393. 2393. 2393. 1641. 1641.   40.
   40.   40. 
   40.   40.   40.   40.   40.   40.   40.   40.   40.   40. 1641. 2393.
 2393. 2393. 1641. 1641.   40.   40.   40.   40.   40.   40.   40. 1641.
 1641. 2393. 
 2393. 2393. 2393. 1641. 1641. 1641. 1641. 1641. 1641. 1641. 1641. 1641.
 2393. 2393. 2393. 2393. 2393. 1641. 1641.   40.   40.   40.   40.   40.
   40.   40. 
   40.   40.   40. 1641. 2393. 2393. 2393. 1641.   40.   40.   40.   40.
   40.   40.   40.   40.   40.   40.   40.   40.   40. 1641. 1641. 2393.
 2393. 1641. 
 1641.   40.   40.   40.   40. 1641. 1641. 1641. 1641. 1641. 2393. 2393.
 2393. 2393. 1641. 1641. 1641.   40.   40.   40.   40. 1641. 1641. 2393.
 2393. 2393. 
 2393. 1641. 1641.   40.   40.   40.   40.   40.   40.   40.   40.   40.
   40.   40. 1641. 1641. 2393. 2393. 2393. 1641.   40.   40.   40.   40.
   40.   40. 
   40.   40.   40.   40.   40.   40. 1641. 1641. 2393. 2393. 2393. 1641.
   40.   40.   40. 1641. 1641. 1641. 1641. 2393. 2393. 2393. 2393. 2393.
 2393. 1641. 
 1641.   40.   40.   40.   40.   40.   40. 1641. 2393. 2393. 2393. 1641.
 1641. 1641.   40.   40.   40.   40.   40.   40.   40.   40.   40.   40.
   40.   40. 
 1641. 2393. 2393. 2393. 1641.   40.   40.   40.   40.   40.   40.   40.
   40.   40.   40.   40. 1641. 1641. 2393. 2393. 2393. 2393. 1641.   40.
   40. 1641. 
 1641. 1641. 2393. 2393. 2393. 2393. 2393. 2393. 2393. 2393. 1641. 1641.
   40.   40.   40.   40.   40.   40.   40. 1641. 2393. 2393. 1641. 1641.
   40.   40. 
   40.   40.   40.   40.   40.   40.   40.   40.   40.   40.   40.   40.
 1641. 2393. 2393. 2393. 1641.   40.   40.   40.   40.   40.   40.   40.
   40.   40. 
   40. 1641. 2393. 2393. 2393. 2393. 2393. 1641.   40.   40.   40. 1641.
 2393. 2393. 2393. 2393. 2393. 2393. 2393. 2393. 1641. 1641. 1641.   40.
   40.   40. 
   40.   40.   40. 1641. 1641. 2393. 2393. 2393. 1641.   40.   40.   40.
   40.   40.   40.   40.   40.   40.   40.   40.   40.   40.   40. 1641.
 2393. 2393. 
 2393. 1641. 1641.   40.   40.   40.   40.   40.   40.   40.   40.   40.
 1641. 2393. 2393. 2393. 2393. 1641. 1641.   40.   40.   40. 1641. 2393.
 2393. 2393. 
 2393. 1641. 1641. 1641. 1641. 1641. 1641.   40.   40.   40.   40.   40.
   40.   40. 1641. 1641. 1641. 2393. 2393. 2393. 1641.   40.   40.   40.
   40.   40. 
   40.   40.   40.   40.   40.   40.   40. 1641. 1641. 2393. 2393. 2393.
 2393. 1641.   40.   40.   40.   40.   40.   40.   40.   40.   40. 1641.
 1641. 1641. 
 1641. 1641. 1641. 1641. 1641. 1641. 1641. 1641. 2393. 2393. 2393. 2393.
 1641. 1641. 1641.   40.   40.   40.   40.   40.   40.   40.   40.   40.
 1641. 1641. 
 1641. 2393. 2393. 2393. 2393. 1641. 1641.   40.   40.   40.   40.   40.
   40.   40.   40.   40. 1641. 1641. 1641. 1641. 2393. 2393. 2393. 2393.
 1641.   40. 
   40.   40. 1641. 1641. 1641. 1641. 1641. 1641. 1641. 1641. 1641. 2393.
 2393. 2393. 2393. 2393. 2393. 2393. 2393. 2393. 2393. 2393. 2393. 1641.
 1641.   40. 
   40.   40.   40.   40.   40.   40.   40.   40.   40. 1641. 1641. 2393.
 2393. 2393. 2393. 2393. 1641. 1641.   40.   40.   40.   40.   40.   40.
   40.   40. 
   40.   40. 1641. 2393. 2393. 2393. 2393. 2393. 2393. 1641.   40. 1641.
 1641. 1641. 1641. 1641. 1641. 1641. 2393. 2393. 2393. 2393. 2393. 2393.
 2393. 2393. 
 2393. 2393. 2393. 2393. 2393. 2393. 2393. 2393. 1641.   40.   40.   40.
   40.   40.   40.   40.   40.   40.   40.   40. 1641. 1641. 2393. 2393.
 2393. 2393. 
 1641. 1641. 1641.   40.   40.   40.   40.   40.   40.   40.   40.   40.
   40.   40. 2393. 2393. 2393. 2393. 1641. 1641. 1641.   40. 1641. 1641.
 2393. 2393. 
 2393. 2393. 2393. 2393. 2393. 2393. 2393. 2393. 2393. 1641. 1641. 1641.
 2393. 2393. 2393. 2393. 2393. 2393. 1641. 1641.   40.   40.   40.   40.
   40.   40. 
   40.   40.   40.   40.   40.   40. 1641. 2393. 2393. 2393. 2393. 1641.
 1641.   40.   40.   40.   40.   40.   40.   40.   40.   40.   40.   40.
   40.   40. 
 2393. 2393. 1641. 1641. 1641.   40.   40. 1641. 2393. 2393. 2393. 2393.
 2393. 2393. 2393. 2393. 2393. 2393. 1641. 1641. 1641. 1641. 1641. 1641.
 1641. 1641. 
 1641. 1641. 1641. 1641. 1641.   40.   40.   40.   40.   40.   40.   40.
   40.   40.   40.   40.   40.   40. 1641. 2393. 2393. 1641. 1641.   40.
   40.   40. 
   40.   40.   40.   40.   40.   40.   40.   40.   40.   40.   40.   40.
 2393. 1641.   40.   40.   40.   40. 1641. 1641. 2393. 2393. 2393. 2393.
 1641. 1641. 
 1641. 1641. 1641. 1641. 1641. 1641.   40.   40.   40.   40.   40.   40.
   40.   40.   40.   40.   40.   40.   40.   40.   40.   40.   40.   40.
   40.   40. 
   40.   40.   40. 1641. 1641. 2393. 2393. 1641.   40.   40.   40.   40.
   40.   40.   40.   40.   40.   40.   40.   40.   40.   40.   40.   40.
 1641.   40. 
   40.   40. 1641. 1641. 1641. 2393. 2393. 2393. 1641. 1641. 1641. 1641.
 1641. 1641. 1641. 1641.   40.   40.   40.   40.   40.   40.   40.   40.
   40.   40. 
   40.   40.   40.   40.   40.   40.   40.   40.   40.   40.   40.   40.
   40.   40. 1641. 1641. 2393. 2393. 1641. 1641.   40.   40.   40.   40.
   40.   40. 
   40.   40.   40.   40.   40.   40.   40.   40.   40.   40. 1641. 1641.
 1641. 1641. 1641. 2393. 2393. 2393. 2393. 1641. 1641. 1641. 2393. 2393.
 2393. 1641. 
   40.   40.   40.   40.   40.   40.   40.   40.   40.   40.   40.   40.
   40.   40.   40.   40.   40.   40.   40.   40.   40.   40.   40. 1641.
 1641. 1641. 
 1641. 2393. 2393. 2393. 1641.   40.   40.   40.   40.   40.   40.   40.
   40.   40.   40.   40.   40.   40.   40.   40.   40.   40. 1641. 2393.
 2393. 2393. 
 2393. 2393. 2393. 2393. 1641. 1641. 2393. 2393. 2393. 2393. 1641. 1641.
   40.   40.   40.   40.   40.   40.   40.   40.   40.   40.   40.   40.
   40.   40. 
   40.   40.   40.   40.   40.   40.   40.   40. 1641. 1641. 1641. 1641.
 2393. 2393. 2393. 1641. 1641.   40.   40.   40.   40.   40.   40.   40.
   40.   40. 
   40.   40.   40.   40.   40.   40.   40.   40. 2393. 2393. 2393. 2393.
 2393. 2393. 1641. 1641. 1641. 2393. 2393. 2393. 2393. 1641. 1641.   40.
   40.   40. 
   40.   40.   40.   40.   40.   40.   40.   40.   40.   40.   40.   40.
   40.   40.   40.   40.   40.   40.   40. 1641. 1641. 2393. 2393. 2393.
 2393. 2393. 
 1641. 1641.   40.   40.   40.   40.   40.   40.   40.   40.   40.   40.
   40.   40.   40.   40.   40.   40.   40.   40. 2393. 2393. 2393. 1641.
 1641. 1641. 
 1641. 2393. 2393. 2393. 2393. 2393. 1641. 1641.   40.   40.   40.   40.
   40.   40.   40.   40.   40.   40.   40.   40.   40.   40.   40.   40.
   40.   40. 
   40.   40.   40.   40. 1641. 1641. 2393. 2393. 2393. 2393. 2393. 1641.
 1641.   40.   40.   40.   40.   40.   40.   40.   40.   40.   40.   40.
   40.   40. 
   40.   40.   40.   40.   40.   40. 2393. 1641. 1641. 1641. 2393. 2393.
 2393. 1641. 1641. 1641. 1641. 1641.   40.   40.   40.   40.   40.   40.
   40.   40. 
   40.   40.   40.   40.   40.   40.   40.   40.   40.   40.   40.   40.
   40.   40.   40. 1641. 1641. 2393. 2393. 2393. 2393. 1641. 1641. 1641.
   40.   40. 
   40.   40.   40.   40.   40.   40.   40.   40.   40.   40.   40.   40.
   40.   40.   40.   40.   40.   40. 1641. 1641. 1641. 2393. 2393. 1641.
 1641. 1641. 
   40.   40.   40.   40.   40.   40.   40.   40.   40.   40.   40.   40.
   40.   40.   40.   40.   40.   40.   40.   40.   40.   40.   40. 1641.
 1641. 1641. 
 1641. 1641. 2393. 2393. 2393. 2393. 1641. 1641.   40.   40.   40.   40.
   40.   40.   40.   40.   40.   40.   40.   40.   40.   40.   40.   40.
   40.   40. 
   40.   40.   40.   40. 1641. 1641. 2393. 2393. 2393. 1641.   40.   40.
   40.   40.   40.   40.   40.   40.   40.   40.   40.   40.   40.   40.
   40.   40. 
   40.   40.   40.   40.   40.   40.   40. 1641. 1641. 1641. 1641. 1641.
 1641. 2393. 2393. 2393. 2393. 1641. 1641.   40.   40.   40.   40.   40.
   40.   40. 
   40.   40.   40.   40.   40.   40.   40.   40.   40.   40.   40.   40.
   40.   40.   40.   40. 1641. 1641. 2393. 2393. 1641.   40.   40.   40.
   40.   40. 
   40.   40.   40.   40.   40.   40.   40.   40.   40.   40.   40.   40.
   40.   40.   40.   40.   40. 1641. 1641. 1641. 1641. 2393. 2393. 2393.
 2393. 2393. 
 2393. 2393. 1641. 1641.   40.   40.   40.   40.   40.   40.   40.   40.
   40.   40.   40.   40.   40.   40.   40.   40.   40.   40.   40.   40.
   40.   40. 
   40.   40. 1641. 2393. 2393. 1641. 1641.   40.   40.   40.   40.   40.
   40.   40.   40.   40.   40.   40.   40.   40.   40.   40.   40.   40.
   40.   40. 
 1641. 1641. 1641. 1641. 2393. 2393. 2393. 2393. 2393. 2393. 2393. 2393.
 1641. 1641. 1641.   40.   40.   40.   40.   40.   40.   40.   40.   40.
   40.   40. 
   40.   40.   40.   40.   40.   40.   40.   40.   40.   40.   40.   40.
   40.   40. 2393. 2393. 2393. 1641.   40.   40.   40.   40.   40.   40.
   40.   40. 
   40.   40.   40.   40. 1641. 1641. 1641. 1641. 1641. 1641. 1641. 1641.
 1641. 1641. 2393. 2393. 2393. 2393. 2393. 2393. 1641. 1641. 1641. 1641.
 1641.   40. 
 40. 40. 40. 40. 40. 40. 40. 40. 40. 40. 40. 40. 40. 40. 40. 40. 40. 40.
 40. 40. 40. 40. 40. 40. 40. 40. 
 2393. 2393. 2393. 1641.   40.   40.   40.   40.   40.   40.   40.   40.
   40. 1641. 1641. 1641. 1641. 1641. 1641. 1641. 1641. 1641. 1641. 2393.
 2393. 2393. 
 2393. 2393. 2393. 1641. 1641. 1641. 1641. 1641. 1641.   40.   40.   40.
   40.   40.   40.   40.   40.   40.   40.   40.   40.   40.   40.   40.
   40.   40. 
   40.   40.   40.   40.   40.   40.   40.   40.   40.   40.   40.   40.
 2393. 2393. 1641.   40.   40.   40.   40.   40.   40.   40.   40. 1641.
 1641. 1641. 
 1641. 2393. 2393. 2393. 2393. 2393. 2393. 2393. 2393. 2393. 2393. 2393.
 2393. 2393. 1641. 1641. 1641.   40.   40.   40.   40.   40.   40.   40.
   40.   40. 
   40.   40.   40.   40.   40.   40.   40.   40.   40.   40.   40.   40.
   40.   40.   40.   40.   40.   40.   40.   40.   40.   40.   40.   40.
 2393. 1641. 
 1641.   40.   40.   40.   40.   40.   40.   40. 1641. 1641. 2393. 2393.
 2393. 2393. 2393. 2393. 2393. 2393. 2393. 2393. 2393. 2393. 2393. 2393.
 1641. 1641. 
 1641.   40.   40.   40.   40.   40.   40.   40.   40.   40.   40.   40.
   40.   40.   40.   40.   40.   40.   40.   40.   40.   40.   40.   40.
   40.   40. 
   40.   40.   40.   40.   40.   40.   40.   40.   40.   40. 1641. 1641.
   40.   40.   40.   40.   40.   40.   40. 1641. 1641. 2393. 2393. 2393.
 2393. 2393. 
 2393. 2393. 1641. 1641. 2393. 2393. 2393. 1641. 1641. 1641. 1641. 1641.
   40.   40.   40.   40.   40.   40.   40.   40.   40.   40.   40.   40.
   40.   40. 
 40. 40. 40. 40. 40. 40. 40. 40. 40. 40. 40. 40. 40. 40. 40. 40. 40. 40.
 40. 40. 40. 40. 40. 40. 40. 40. 
   40.   40.   40.   40. 1641. 1641. 2393. 2393. 2393. 1641. 1641. 1641.
 1641. 1641. 1641. 1641. 1641. 1641. 1641. 1641. 1641.   40.   40.   40.
   40.   40. 
 40. 40. 40. 40. 40. 40. 40. 40. 40. 40. 40. 40. 40. 40. 40. 40. 40. 40.
 40. 40. 40. 40. 40. 40. 40. 40. 
   40.   40.   40.   40.   40.   40.   40.   40.   40.   40.   40.   40.
   40.   40. 1641. 1641. 1641. 2393. 2393. 2393. 1641. 1641.   40.   40.
   40.   40. 
 40. 40. 40. 40. 40. 40. 40. 40. 40. 40. 40. 40. 40. 40. 40. 40. 40. 40.
 40. 40. 40. 40. 40. 40. 40. 40. 
   40.   40.   40.   40.   40.   40.   40.   40.   40.   40.   40.   40.
   40.   40.   40.   40.   40.   40.   40.   40.   40.   40.   40.   40.
 1641. 1641. 
 1641. 1641. 2393. 2393. 2393. 1641. 1641.   40.   40.   40.   40.   40.
   40.   40.   40.   40.   40.   40.   40.   40.   40.   40.   40.   40.
   40.   40. 
 40. 40. 40. 40. 40. 40. 40. 40. 40. 40. 40. 40. 40. 40. 40. 40. 40. 40.
 40. 40. 40. 40. 40. 40. 40. 40. 
   40.   40.   40.   40.   40.   40.   40.   40. 1641. 1641. 1641. 2393.
 2393. 2393. 2393. 2393. 1641. 1641.   40.   40.   40.   40.   40.   40.
   40.   40. 
 40. 40. 40. 40. 40. 40. 40. 40. 40. 40. 40. 40. 40. 40. 40. 40. 40. 40.
 40. 40. 40. 40. 40. 40. 40. 40. 
   40.   40.   40.   40.   40.   40.   40.   40.   40.   40.   40.   40.
   40.   40.   40.   40.   40.   40.   40. 1641. 1641. 2393. 2393. 2393.
 2393. 2393. 
 2393. 1641. 1641. 1641.   40.   40.   40.   40.   40.   40.   40.   40.
   40.   40.   40.   40.   40.   40.   40.   40.   40.   40.   40.   40.
   40.   40. 
 40. 40. 40. 40. 40. 40. 40. 40. 40. 40. 40. 40. 40. 40. 40. 40. 40. 40.
 40. 40. 40. 40. 40. 40. 40. 40. 
   40.   40.   40.   40. 1641. 1641. 2393. 2393. 2393. 2393. 2393. 1641.
 1641. 1641.   40.   40.   40.   40.   40.   40.   40.   40.   40.   40.
   40.   40. 
 40. 40. 40. 40. 40. 40. 40. 40. 40. 40. 40. 40. 40. 40. 40. 40. 40. 40.
 40. 40. 40. 40. 40. 40. 40. 40. 
   40.   40.   40.   40.   40.   40.   40.   40.   40.   40.   40.   40.
   40.   40.   40.   40. 1641. 2393. 2393. 2393. 1641. 1641. 1641. 1641.
   40.   40. 
 40. 40. 40. 40. 40. 40. 40. 40. 40. 40. 40. 40. 40. 40. 40. 40. 40. 40.
 40. 40. 40. 40. 40. 40. 40. 40. 
 40. 40. 40. 40. 40. 40. 40. 40. 40. 40. 40. 40. 40. 40. 40. 40. 40. 40.
 40. 40. 40. 40. 40. 40. 40. 40. 
   40.   40. 1641. 2393. 2393. 1641. 1641.   40.   40.   40.   40.   40.
   40.   40.   40.   40.   40.   40.   40.   40.   40.   40.   40.   40.
   40.   40. 
 40. 40. 40. 40. 40. 40. 40. 40. 40. 40. 40. 40. 40. 40. 40. 40. 40. 40.
 40. 40. 40. 40. 40. 40. 40. 40. 
 40. 40. 40. 40. 40. 40. 40. 40. 40. 40. 40. 40. 40. 40. 
/