PERMI
 1823. 1823. 3026. 3026. 3026. 1823. 1823. 3026. 3026. 3026. 1823.    5.
    5.    5. 1823. 1823. 3026. 3026. 1823. 1823. 1823. 1823. 3026. 3026.
 3026. 3026. 
 3026. 3026. 3026. 1823. 1823.    5.    5.    5. 1823. 1823. 3026. 3026.
 3026. 3026. 3026. 1823. 1823. 1823. 1823. 1823. 1823. 1823. 3026. 3026.
 3026. 3026. 
 3026. 3026. 3026. 1823. 1823. 1823. 3026. 3026. 1823. 1823. 1823. 3026.
    5. 1823. 1823. 3026. 3026. 3026. 3026. 3026. 3026. 1823. 1823.    5.
    5.    5. 
    5. 1823. 3026. 3026. 3026. 1823. 3026. 3026. 3026. 3026. 3026. 1823.
 1823. 1823. 3026. 3026. 1823.    5.    5.    5. 1823. 3026. 3026. 3026.
 1823. 3026. 
 3026. 1823. 1823. 1823.    5.    5. 1823. 1823. 3026. 3026. 1823. 1823.
 3026. 3026. 3026. 3026. 1823. 1823. 3026. 3026. 1823. 1823. 1823. 1823.
    5.    5. 
 1823. 1823. 3026. 3026. 3026. 3026. 1823. 1823.    5.    5.    5.    5.
    5. 1823. 1823. 3026. 3026. 3026. 3026. 3026. 3026. 1823. 1823. 1823.
    5. 1823. 
 3026. 3026. 1823.    5.    5. 1823. 1823. 3026. 3026. 1823. 1823. 1823.
 3026. 3026. 3026. 1823. 1823.    5. 1823. 3026. 3026. 3026. 1823. 1823.
 1823. 1823. 
 3026. 3026. 1823. 1823. 3026. 3026. 1823. 1823. 3026. 1823.    5.    5.
    5. 1823. 1823. 1823. 3026. 1823. 1823.    5.    5.    5.    5.    5.
    5.    5. 
 1823. 1823. 3026. 3026. 3026. 1823. 1823. 1823.    5.    5.    5. 1823.
 3026. 3026. 3026. 1823.    5. 1823. 1823. 3026. 3026. 1823. 1823. 1823.
 3026. 3026. 
 3026. 3026. 1823. 1823. 1823. 3026. 3026. 1823. 1823. 3026. 3026. 1823.
 3026. 3026. 3026. 3026. 3026. 3026. 1823. 3026. 3026. 1823.    5.    5.
    5.    5. 
 1823. 1823. 1823. 1823.    5.    5.    5.    5.    5.    5.    5.    5.
    5. 1823. 1823. 1823. 1823. 1823.    5.    5.    5.    5.    5. 1823.
 1823. 3026. 
 3026. 1823. 1823. 1823. 3026. 3026. 1823. 1823.    5. 1823. 1823. 3026.
 3026. 3026. 3026. 1823. 3026. 3026. 3026. 1823. 1823. 3026. 3026. 1823.
 1823. 3026. 
 3026. 3026. 3026. 1823. 1823. 3026. 3026. 3026.    5.    5.    5.    5.
    5.    5.    5.    5.    5.    5.    5.    5.    5.    5.    5.    5.
    5.    5. 
    5. 1823.    5.    5.    5.    5.    5.    5.    5.    5. 1823. 3026.
 3026. 3026. 3026. 3026. 3026. 3026. 1823. 1823.    5.    5. 1823. 1823.
 1823. 3026. 
 3026. 3026. 3026. 3026. 1823. 1823. 1823. 1823. 3026. 3026. 1823. 1823.
 3026. 3026. 3026. 1823. 1823. 3026. 3026. 3026.    5.    5.    5.    5.
    5.    5. 
    5.    5.    5.    5.    5.    5.    5.    5.    5.    5.    5.    5.
    5.    5.    5.    5.    5.    5.    5.    5.    5.    5. 1823. 1823.
 3026. 3026. 
 3026. 3026. 3026. 1823. 1823.    5.    5.    5.    5.    5. 1823. 3026.
 3026. 3026. 3026. 1823. 1823.    5.    5. 1823. 1823. 1823. 1823. 1823.
 1823. 1823. 
 1823. 1823.    5. 1823. 3026. 3026.    5.    5.    5.    5.    5.    5.
    5.    5.    5.    5.    5.    5.    5.    5.    5.    5.    5.    5.
    5.    5. 
    5.    5.    5.    5.    5.    5.    5.    5.    5. 1823. 1823. 1823.
 1823. 1823. 1823. 1823.    5.    5.    5.    5.    5.    5. 1823. 1823.
 1823. 1823. 
 1823. 1823.    5.    5.    5.    5.    5.    5.    5.    5. 1823. 1823.
    5.    5.    5.    5. 1823. 1823.    5.    5.    5.    5.    5.    5.
    5.    5. 
    5.    5.    5.    5.    5.    5.    5.    5.    5.    5.    5.    5.
    5.    5.    5.    5.    5.    5.    5.    5.    5.    5.    5. 1823.
 1823.    5. 
    5.    5.    5.    5.    5.    5.    5.    5.    5. 1823. 1823. 1823.
 1823.    5.    5.    5.    5.    5.    5.    5.    5.    5.    5.    5.
    5.    5. 
 5. 5. 5. 5. 5. 5. 5. 5. 5. 5. 5. 5. 5. 5. 5. 5. 5. 5. 5. 5. 5. 5. 5. 5.
 5. 5. 
 5. 5. 5. 5. 5. 5. 5. 5. 5. 5. 5. 5. 5. 5. 5. 5. 5. 5. 5. 5. 5. 5. 5. 5.
 5. 5. 
 5. 5. 5. 5. 5. 5. 5. 5. 5. 5. 5. 5. 5. 5. 5. 5. 5. 5. 5. 5. 5. 5. 5. 5.
 5. 5. 
 5. 5. 5. 5. 5. 5. 5. 5. 5. 5. 5. 5. 5. 5. 5. 5. 5. 5. 5. 5. 5. 5. 5. 5.
 5. 5. 
 5. 5. 5. 5. 5. 5. 5. 5. 5. 5. 5. 5. 5. 5. 5. 5. 5. 5. 5. 5. 5. 5. 5. 5.
 5. 5. 
 5. 5. 5. 5. 5. 5. 5. 5. 5. 5. 5. 5. 5. 5. 5. 5. 5. 5. 5. 5. 5. 5. 5. 5.
 5. 5. 
 5. 5. 5. 5. 5. 5. 5. 5. 5. 5. 5. 5. 5. 5. 5. 5. 5. 5. 5. 5. 5. 5. 5. 5.
 5. 5. 
 5. 5. 5. 5. 5. 5. 5. 5. 5. 5. 5. 5. 5. 5. 5. 5. 5. 5. 5. 5. 5. 5. 5. 5.
 5. 5. 
 5. 5. 5. 5. 5. 5. 5. 5. 5. 5. 5. 5. 5. 5. 5. 5. 5. 5. 5. 5. 5. 5. 5. 5.
 5. 5. 
 5. 5. 5. 5. 5. 5. 5. 5. 5. 5. 5. 5. 5. 5. 5. 5. 5. 5. 5. 5. 5. 5. 5. 5.
 5. 5. 
 5. 5. 5. 5. 5. 5. 5. 5. 5. 5. 5. 5. 5. 5. 5. 5. 5. 5. 5. 5. 5. 5. 5. 5.
 5. 5. 
 5. 5. 5. 5. 5. 5. 5. 5. 5. 5. 5. 5. 5. 5. 5. 5. 5. 5. 5. 5. 5. 5. 5. 5.
 5. 5. 
 5. 5. 5. 5. 5. 5. 5. 5. 5. 5. 5. 5. 5. 5. 5. 5. 5. 5. 5. 5. 5. 5. 5. 5.
 5. 5. 
 5. 5. 5. 5. 5. 5. 5. 5. 5. 5. 5. 5. 5. 5. 5. 5. 5. 5. 5. 5. 5. 5. 5. 5.
 5. 5. 
 5. 5. 5. 5. 5. 5. 5. 5. 5. 5. 5. 5. 5. 5. 5. 5. 5. 5. 5. 5. 5. 5. 5. 5.
 5. 5. 
 5. 5. 5. 5. 5. 5. 5. 5. 5. 5. 5. 5. 5. 5. 5. 5. 5. 5. 5. 5. 5. 5. 5. 5.
 5. 5. 
 5. 5. 5. 5. 5. 5. 5. 5. 5. 5. 5. 5. 5. 5. 5. 5. 5. 5. 5. 5. 5. 5. 5. 5.
 5. 5. 
 5. 5. 5. 5. 5. 5. 5. 5. 5. 5. 5. 5. 5. 5. 5. 5. 5. 5. 5. 5. 5. 5. 5. 5.
 5. 5. 
 5. 5. 5. 5. 5. 5. 5. 5. 5. 5. 5. 5. 5. 5. 5. 5. 5. 5. 5. 5. 5. 5. 5. 5.
 5. 5. 
 5. 5. 5. 5. 5. 5. 5. 5. 5. 5. 5. 5. 5. 5. 5. 5. 5. 5. 5. 5. 5. 5. 5. 5.
 5. 5. 
 5. 5. 5. 5. 5. 5. 5. 5. 5. 5. 5. 5. 5. 5. 5. 5. 5. 5. 5. 5. 5. 5. 5. 5.
 5. 5. 
 5. 5. 5. 5. 5. 5. 5. 5. 5. 5. 5. 5. 5. 5. 5. 5. 5. 5. 5. 5. 5. 5. 5. 5.
 5. 5. 
 5. 5. 5. 5. 5. 5. 5. 5. 5. 5. 5. 5. 5. 5. 5. 5. 5. 5. 5. 5. 5. 5. 5. 5.
 5. 5. 
 5. 5. 5. 5. 5. 5. 5. 5. 5. 5. 5. 5. 5. 5. 5. 5. 5. 5. 5. 5. 5. 5. 5. 5.
 5. 5. 
 5. 5. 5. 5. 5. 5. 5. 5. 5. 5. 5. 5. 5. 5. 5. 5. 5. 5. 5. 5. 5. 5. 5. 5.
 5. 5. 
 5. 5. 5. 5. 5. 5. 5. 5. 5. 5. 5. 5. 5. 5. 5. 5. 5. 5. 5. 5. 5. 5. 5. 5.
 5. 5. 
 5. 5. 5. 5. 5. 5. 5. 5. 5. 5. 5. 5. 5. 5. 5. 5. 5. 5. 5. 5. 5. 5. 5. 5.
 5. 5. 
 5. 5. 5. 5. 5. 5. 5. 5. 5. 5. 5. 5. 5. 5. 5. 5. 5. 5. 5. 5. 5. 5. 5. 5.
 5. 5. 
 5. 5. 5. 5. 5. 5. 5. 5. 5. 5. 5. 5. 5. 5. 5. 5. 5. 5. 5. 5. 5. 5. 5. 5.
 5. 5. 
 5. 5. 5. 5. 5. 5. 5. 5. 5. 5. 5. 5. 5. 5. 5. 5. 5. 5. 5. 5. 5. 5. 5. 5.
 5. 5. 
 5. 5. 5. 5. 5. 5. 5. 5. 5. 5. 5. 5. 5. 5. 5. 5. 5. 5. 5. 5. 5. 5. 5. 5.
 5. 5. 
 5. 5. 5. 5. 5. 5. 5. 5. 5. 5. 5. 5. 5. 5. 5. 5. 5. 5. 5. 5. 5. 5. 5. 5.
 5. 5. 
 5. 5. 5. 5. 5. 5. 5. 5. 5. 5. 5. 5. 5. 5. 5. 5. 5. 5. 5. 5. 5. 5. 5. 5.
 5. 5. 
 5. 5. 5. 5. 5. 5. 5. 5. 5. 5. 5. 5. 5. 5. 5. 5. 5. 5. 5. 5. 5. 5. 5. 5.
 5. 5. 
 5. 5. 5. 5. 5. 5. 5. 5. 5. 5. 5. 5. 5. 5. 5. 5. 5. 5. 5. 5. 5. 5. 5. 5.
 5. 5. 
 5. 5. 5. 5. 5. 5. 5. 5. 5. 5. 5. 5. 5. 5. 5. 5. 5. 5. 5. 5. 5. 5. 5. 5.
 5. 5. 
 5. 5. 5. 5. 5. 5. 5. 5. 5. 5. 5. 5. 5. 5. 5. 5. 5. 5. 5. 5. 5. 5. 5. 5.
 5. 5. 
 5. 5. 5. 5. 5. 5. 5. 5. 5. 5. 5. 5. 5. 5. 5. 5. 5. 5. 5. 5. 5. 5. 5. 5.
 5. 5. 
 5. 5. 5. 5. 5. 5. 5. 5. 5. 5. 5. 5. 5. 5. 5. 5. 5. 5. 5. 5. 5. 5. 5. 5.
 5. 5. 
 5. 5. 5. 5. 5. 5. 5. 5. 5. 5. 5. 5. 5. 5. 5. 5. 5. 5. 5. 5. 5. 5. 5. 5.
 5. 5. 
 5. 5. 5. 5. 5. 5. 5. 5. 5. 5. 5. 5. 5. 5. 5. 5. 5. 5. 5. 5. 5. 5. 5. 5.
 5. 5. 
 5. 5. 5. 5. 5. 5. 5. 5. 5. 5. 5. 5. 5. 5. 5. 5. 5. 5. 5. 5. 5. 5. 5. 5.
 5. 5. 
 5. 5. 5. 5. 5. 5. 5. 5. 5. 5. 5. 5. 5. 5. 5. 5. 5. 5. 5. 5. 5. 5. 5. 5.
 5. 5. 
 5. 5. 5. 5. 5. 5. 5. 5. 5. 5. 5. 5. 5. 5. 5. 5. 5. 5. 5. 5. 5. 5. 5. 5.
 5. 5. 
 5. 5. 5. 5. 5. 5. 5. 5. 5. 5. 5. 5. 5. 5. 5. 5. 5. 5. 5. 5. 5. 5. 5. 5.
 5. 5. 
 5. 5. 5. 5. 5. 5. 5. 5. 5. 5. 5. 5. 5. 5. 5. 5. 5. 5. 5. 5. 5. 5. 5. 5.
 5. 5. 
 5. 5. 5. 5. 5. 5. 5. 5. 5. 5. 5. 5. 5. 5. 5. 5. 5. 5. 5. 5. 5. 5. 5. 5.
 5. 5. 
 5. 5. 5. 5. 5. 5. 5. 5. 5. 5. 5. 5. 5. 5. 5. 5. 5. 5. 5. 5. 5. 5. 5. 5.
 5. 5. 
 5. 5. 5. 5. 5. 5. 5. 5. 5. 5. 5. 5. 5. 5. 5. 5. 5. 5. 5. 5. 5. 5. 5. 5.
 5. 5. 
 5. 5. 5. 5. 5. 5. 5. 5. 5. 5. 5. 5. 5. 5. 5. 5. 5. 5. 5. 5. 5. 5. 5. 5.
 5. 5. 
 5. 5. 5. 5. 5. 5. 5. 5. 5. 5. 5. 5. 5. 5. 5. 5. 5. 5. 5. 5. 5. 5. 5. 5.
 5. 5. 
 5. 5. 5. 5. 5. 5. 5. 5. 5. 5. 5. 5. 5. 5. 5. 5. 5. 5. 5. 5. 5. 5. 5. 5.
 5. 5. 
 5. 5. 5. 5. 5. 5. 5. 5. 5. 5. 5. 5. 5. 5. 5. 5. 5. 5. 5. 5. 5. 5. 5. 5.
 5. 5. 
 5. 5. 5. 5. 5. 5. 5. 5. 5. 5. 5. 5. 5. 5. 5. 5. 5. 5. 5. 5. 5. 5. 5. 5.
 5. 5. 
 5. 5. 5. 5. 5. 5. 5. 5. 5. 5. 5. 5. 5. 5. 5. 5. 5. 5. 5. 5. 5. 5. 5. 5.
 5. 5. 
 5. 5. 5. 5. 5. 5. 5. 5. 5. 5. 5. 5. 5. 5. 5. 5. 5. 5. 5. 5. 5. 5. 5. 5.
 5. 5. 
 5. 5. 5. 5. 5. 5. 5. 5. 5. 5. 5. 5. 5. 5. 5. 5. 5. 5. 5. 5. 5. 5. 5. 5.
 5. 5. 
 5. 5. 5. 5. 5. 5. 5. 5. 5. 5. 5. 5. 5. 5. 5. 5. 5. 5. 5. 5. 5. 5. 5. 5.
 5. 5. 
 5. 5. 5. 5. 5. 5. 5. 5. 5. 5. 5. 5. 5. 5. 5. 5. 5. 5. 5. 5. 5. 5. 5. 5.
 5. 5. 
 5. 5. 5. 5. 5. 5. 5. 5. 5. 5. 5. 5. 5. 5. 5. 5. 5. 5. 5. 5. 5. 5. 5. 5.
 5. 5. 
 5. 5. 5. 5. 5. 5. 5. 5. 5. 5. 5. 5. 5. 5. 5. 5. 5. 5. 5. 5. 5. 5. 5. 5.
 5. 5. 
 5. 5. 5. 5. 5. 5. 5. 5. 5. 5. 5. 5. 5. 5. 5. 5. 5. 5. 5. 5. 5. 5. 5. 5.
 5. 5. 
 5. 5. 5. 5. 5. 5. 5. 5. 5. 5. 5. 5. 5. 5. 5. 5. 5. 5. 5. 5. 5. 5. 5. 5.
 5. 5. 
 5. 5. 5. 5. 5. 5. 5. 5. 5. 5. 5. 5. 5. 5. 5. 5. 5. 5. 5. 5. 5. 5. 5. 5.
 5. 5. 
 5. 5. 5. 5. 5. 5. 5. 5. 5. 5. 5. 5. 5. 5. 5. 5. 5. 5. 5. 5. 5. 5. 5. 5.
 5. 5. 
 5. 5. 5. 5. 5. 5. 5. 5. 5. 5. 5. 5. 5. 5. 5. 5. 5. 5. 5. 5. 5. 5. 5. 5.
 5. 5. 
 5. 5. 5. 5. 5. 5. 5. 5. 5. 5. 5. 5. 5. 5. 5. 5. 5. 5. 5. 5. 5. 5. 5. 5.
 5. 5. 
 5. 5. 5. 5. 5. 5. 5. 5. 5. 5. 5. 5. 5. 5. 5. 5. 5. 5. 5. 5. 5. 5. 5. 5.
 5. 5. 
    5.    5.    5.    5.    5.    5.    5.    5.    5.    5.    5.    5.
    5.    5. 1823. 1823. 1823. 1823.    5.    5.    5.    5.    5.    5.
    5.    5. 
 5. 5. 5. 5. 5. 5. 5. 5. 5. 5. 5. 5. 5. 5. 5. 5. 5. 5. 5. 5. 5. 5. 5. 5.
 5. 5. 
    5.    5.    5.    5.    5.    5.    5.    5.    5.    5.    5.    5.
    5.    5.    5.    5.    5.    5.    5.    5.    5.    5.    5.    5.
    5. 1823. 
 1823. 3026. 3026. 1823. 1823.    5.    5.    5.    5.    5.    5.    5.
    5.    5.    5.    5.    5.    5.    5.    5.    5.    5.    5.    5.
    5.    5. 
    5.    5.    5.    5.    5.    5.    5.    5.    5.    5.    5.    5.
    5.    5.    5.    5.    5.    5.    5.    5.    5.    5. 1823. 1823.
 1823. 1823. 
 1823.    5.    5.    5.    5.    5.    5.    5.    5.    5.    5. 1823.
 3026. 3026. 3026. 3026. 1823. 1823.    5.    5.    5.    5.    5. 1823.
 1823. 1823. 
 5. 5. 5. 5. 5. 5. 5. 5. 5. 5. 5. 5. 5. 5. 5. 5. 5. 5. 5. 5. 5. 5. 5. 5.
 5. 5. 
    5.    5.    5.    5.    5.    5.    5. 1823. 1823. 3026. 3026. 3026.
 1823. 1823. 1823. 1823.    5.    5.    5.    5.    5.    5. 1823. 1823.
 3026. 3026. 
 3026. 3026. 3026. 1823.    5.    5.    5.    5. 1823. 1823. 3026. 3026.
 1823.    5.    5.    5.    5.    5.    5.    5.    5.    5.    5.    5.
    5.    5. 
    5.    5.    5.    5.    5.    5.    5.    5.    5.    5.    5.    5.
    5.    5.    5.    5.    5.    5. 1823. 1823. 3026. 3026. 3026. 3026.
 1823. 1823. 
 3026. 3026. 1823. 1823. 1823.    5.    5.    5. 1823. 3026. 3026. 1823.
 1823. 3026. 3026. 3026. 1823.    5.    5. 1823. 1823. 3026. 3026. 3026.
 1823. 1823. 
 5. 5. 5. 5. 5. 5. 5. 5. 5. 5. 5. 5. 5. 5. 5. 5. 5. 5. 5. 5. 5. 5. 5. 5.
 5. 5. 
    5.    5.    5. 1823. 1823. 3026. 3026. 3026. 3026. 1823. 1823. 3026.
 3026. 3026. 3026. 3026. 1823. 1823. 1823. 1823. 1823. 3026. 3026. 1823.
 1823. 1823. 
 3026. 3026. 1823. 1823. 1823. 1823. 3026. 3026. 3026. 3026. 3026. 3026.
 1823.    5.    5.    5.    5.    5.    5.    5. 1823. 1823. 1823. 1823.
 1823.    5. 
    5.    5.    5.    5.    5. 1823. 1823.    5.    5. 1823. 1823. 1823.
    5.    5. 1823. 1823. 3026. 3026. 3026. 1823. 1823. 1823. 3026. 3026.
 3026. 3026. 
 3026. 3026. 3026. 1823. 1823. 3026. 1823. 3026. 3026. 1823. 3026. 1823.
 3026. 3026. 3026. 1823. 1823. 3026. 3026. 3026. 3026. 1823. 3026. 3026.
 1823. 1823. 
    5.    5.    5.    5.    5. 1823. 3026. 3026. 3026. 3026. 1823. 1823.
    5.    5.    5. 1823. 1823. 1823. 1823. 1823. 1823. 1823. 3026. 3026.
 1823.    5. 
 1823. 3026. 3026. 3026. 1823. 1823. 1823. 3026. 3026. 3026. 1823. 1823.
 1823. 3026. 3026. 3026. 1823. 1823. 3026. 3026. 3026. 1823. 3026. 1823.
 1823. 3026. 
 3026. 3026. 3026. 3026. 3026. 1823. 1823.    5. 1823. 1823. 3026. 1823.
    5.    5.    5.    5. 1823. 3026. 3026. 3026. 3026. 3026. 3026. 1823.
    5.    5. 
    5. 1823. 3026. 3026. 3026. 1823. 3026. 3026. 3026. 3026. 3026. 1823.
 1823. 3026. 3026. 1823. 1823. 1823. 3026. 3026. 3026. 1823. 1823. 3026.
 1823. 1823. 
 3026. 3026. 3026. 1823. 3026. 3026. 1823. 1823. 3026. 1823. 1823. 3026.
 3026. 3026. 3026. 3026. 1823. 1823. 1823. 1823. 3026. 1823. 1823. 1823.
    5.    5. 
    5. 1823. 3026. 3026. 3026. 3026. 1823. 3026. 3026. 3026. 1823.    5.
 1823. 1823. 3026. 3026. 1823. 1823. 3026. 3026. 3026. 3026. 3026. 3026.
 1823. 1823. 
 3026. 1823. 1823. 1823. 3026. 3026. 3026. 1823. 3026. 3026. 3026. 1823.
 1823. 3026. 3026. 3026. 3026. 3026. 1823. 3026. 3026. 1823. 1823. 1823.
 3026. 3026. 
 3026. 1823. 1823. 3026. 3026. 1823. 3026. 3026. 3026. 1823. 1823.    5.
    5. 1823. 3026. 3026. 1823. 1823. 1823. 1823. 1823. 3026. 1823. 1823.
 1823. 1823. 
 1823. 1823. 1823. 3026. 3026. 3026. 1823. 1823. 3026. 3026. 3026. 1823.
 1823. 1823. 1823. 1823. 3026. 3026. 1823. 1823. 1823. 3026. 3026. 3026.
 1823. 1823. 
 3026. 3026. 3026. 1823. 1823. 3026. 3026. 1823. 1823.    5. 1823. 1823.
 1823. 1823. 3026. 3026. 3026. 3026. 1823. 1823. 1823. 3026. 1823. 1823.
 1823. 1823. 
 3026. 1823. 1823. 3026. 3026. 1823. 1823. 1823. 1823. 1823. 3026. 3026.
 3026. 3026. 1823. 1823. 3026. 3026. 1823. 1823. 1823. 3026. 3026. 3026.
 3026. 1823. 
 1823. 1823. 1823. 3026. 1823.    5. 1823. 3026. 3026. 3026. 3026. 1823.
 1823. 1823. 1823. 1823. 1823. 3026. 3026. 3026. 1823. 1823. 1823. 1823.
 1823. 1823. 
 3026. 3026. 3026. 3026. 3026. 3026. 1823. 1823. 1823. 1823. 1823. 1823.
 1823. 1823. 3026. 3026. 3026. 3026. 1823. 1823. 1823. 3026. 3026. 3026.
 3026. 3026. 
 3026. 3026. 1823. 3026. 3026. 3026. 1823. 1823. 3026. 3026. 1823. 3026.
 3026. 3026. 3026. 1823.    5.    5.    5. 1823. 1823. 1823. 1823. 1823.
    5.    5. 
    5. 1823. 1823. 3026. 3026. 3026. 1823. 1823. 1823. 3026. 3026. 1823.
 1823. 1823. 1823. 3026. 3026. 3026. 1823. 1823. 1823. 3026. 1823. 1823.
 1823. 1823. 
 3026. 3026. 3026. 3026. 3026. 1823. 3026. 3026. 1823. 1823. 1823. 3026.
 3026. 3026. 3026. 1823. 3026. 3026. 3026. 1823. 1823. 1823. 3026. 3026.
 3026. 3026. 
 3026. 1823. 1823.    5.    5.    5. 1823. 1823. 1823. 1823. 1823. 1823.
    5.    5. 1823. 3026. 3026. 3026. 1823. 1823. 3026. 3026. 3026. 3026.
 3026. 1823. 
 1823. 1823. 1823. 1823. 1823. 3026. 3026. 3026. 3026. 3026. 1823. 1823.
 1823. 3026. 1823. 3026. 3026. 1823. 3026. 3026. 1823. 3026. 3026. 1823.
 1823. 3026. 
 3026. 3026. 1823. 3026. 3026. 1823. 1823. 3026. 3026. 3026. 1823. 3026.
 3026. 3026. 1823.    5.    5. 1823. 1823. 3026. 3026. 3026. 1823. 1823.
 1823.    5. 
 1823. 1823. 3026. 1823. 1823. 3026. 3026. 3026. 3026. 3026. 3026. 3026.
 1823. 1823. 1823. 3026. 3026. 3026. 3026. 3026. 3026. 3026. 1823. 1823.
 1823. 1823. 
 1823. 3026. 1823. 3026. 3026. 1823. 3026. 3026. 3026. 3026. 1823. 1823.
 3026. 3026. 3026. 1823. 1823. 1823. 1823. 3026. 3026. 1823. 1823. 1823.
 3026. 3026. 
 3026. 1823.    5. 1823. 3026. 3026. 1823. 1823. 1823. 1823. 1823. 1823.
 1823. 1823. 1823. 1823. 3026. 3026. 3026. 1823. 1823. 3026. 1823. 1823.
 1823. 1823. 
 3026. 3026. 3026. 3026. 1823. 1823. 3026. 3026. 3026. 3026. 1823. 1823.
 1823. 1823. 3026. 3026. 3026. 1823. 3026. 1823. 3026. 3026. 3026. 1823.
 1823. 3026. 
 3026. 3026. 1823. 3026. 3026. 3026. 3026. 1823. 1823. 1823. 1823. 3026.
 3026. 1823. 1823. 1823. 1823. 1823. 1823. 3026. 3026. 3026. 1823. 1823.
 1823. 1823. 
 1823. 3026. 3026. 3026. 1823. 1823. 1823. 1823. 1823. 1823. 3026. 3026.
 3026. 1823. 1823. 1823. 3026. 3026. 1823. 3026. 3026. 3026. 3026. 1823.
 1823. 1823. 
 3026. 3026. 1823. 3026. 1823. 1823. 1823. 3026. 3026. 1823. 1823. 1823.
 3026. 3026. 3026. 3026. 3026. 3026. 1823. 3026. 3026. 1823. 1823. 1823.
 3026. 3026. 
 1823. 1823. 1823. 3026. 3026. 3026. 3026. 3026. 3026. 3026. 1823. 1823.
 1823. 3026. 3026. 1823. 1823.    5. 1823. 3026. 3026. 1823. 1823. 1823.
 3026. 1823. 
 1823. 1823. 3026. 3026. 1823. 1823. 1823. 3026. 3026. 3026. 3026. 3026.
 3026. 3026. 1823. 1823. 1823. 3026. 1823. 3026. 3026. 1823. 1823. 1823.
 1823. 1823. 
 3026. 3026. 1823. 1823. 3026. 3026. 3026. 3026. 1823. 1823. 3026. 3026.
 3026. 3026. 3026. 3026. 3026. 1823. 1823. 1823. 1823. 3026. 3026. 1823.
 1823. 1823. 
 3026. 1823.    5. 1823. 3026. 3026. 3026. 3026. 3026. 3026. 1823. 1823.
 1823. 3026. 3026. 1823. 1823. 1823. 1823. 1823. 1823. 1823. 3026. 3026.
 3026. 1823. 
 3026. 1823. 3026. 3026. 1823. 3026. 3026. 1823. 1823. 1823. 3026. 1823.
 1823. 1823. 1823. 1823. 1823. 3026. 3026. 3026. 3026. 3026. 1823. 3026.
 3026. 3026. 
 3026. 1823. 1823. 3026. 3026. 3026. 1823. 3026. 3026. 1823. 1823. 1823.
 1823. 3026. 1823. 3026. 3026. 3026. 1823. 1823. 3026. 3026. 3026. 1823.
 1823. 3026. 
 3026. 1823. 3026. 1823. 1823. 1823. 3026. 1823. 1823. 1823. 1823. 3026.
 1823. 3026. 3026. 3026. 1823. 1823. 3026. 3026. 1823. 3026. 3026. 3026.
 1823. 1823. 
 1823. 1823. 1823. 1823. 1823. 3026. 3026. 3026. 3026. 1823. 1823. 1823.
 1823. 1823. 3026. 3026. 3026. 1823. 1823. 3026. 3026. 1823. 1823. 1823.
 1823. 3026. 
 1823. 3026. 3026. 1823. 1823. 1823. 1823. 3026. 3026. 3026. 3026. 3026.
 1823. 1823.    5.    5.    5. 1823. 1823. 3026. 3026. 3026. 1823. 1823.
 1823. 3026. 
 3026. 1823. 1823. 1823. 3026. 3026. 3026. 3026. 3026. 1823. 1823. 3026.
 1823. 1823. 3026. 3026. 3026. 1823. 3026. 3026. 3026. 3026. 1823. 1823.
 3026. 3026. 
 3026. 3026. 1823.    5. 1823. 3026. 3026. 3026. 1823. 1823. 1823. 1823.
 3026. 3026. 3026. 1823. 1823. 1823. 3026. 3026. 1823. 3026. 3026. 1823.
 1823.    5. 
    5.    5.    5.    5. 1823. 1823. 1823. 1823. 1823. 1823. 1823. 1823.
 1823. 1823.    5. 1823. 3026. 3026. 3026. 3026. 1823. 1823. 3026. 3026.
 3026. 3026. 
 3026. 3026. 3026. 1823. 1823. 1823. 3026. 3026. 3026. 3026. 3026. 3026.
 3026. 1823. 1823.    5. 1823. 1823. 3026. 3026. 1823. 3026. 1823. 1823.
 3026. 3026. 
 1823. 3026. 1823. 1823. 3026. 3026. 1823. 1823. 1823. 1823.    5.    5.
    5.    5.    5.    5.    5.    5.    5.    5.    5.    5.    5.    5.
    5.    5. 
    5.    5. 1823. 1823. 3026. 1823. 1823. 1823. 1823. 3026. 3026. 3026.
 3026. 3026. 1823. 1823.    5. 1823. 1823. 3026. 3026. 3026. 3026. 3026.
 1823. 1823. 
 1823. 1823. 3026. 1823. 3026. 3026. 1823. 1823. 3026. 3026. 3026. 3026.
 1823. 3026. 1823. 3026. 1823. 3026.    5.    5.    5.    5.    5.    5.
    5.    5. 
    5.    5.    5.    5.    5.    5.    5.    5.    5.    5.    5.    5.
    5.    5.    5. 1823. 1823. 1823.    5.    5. 1823. 1823. 1823. 1823.
 1823. 1823. 
 1823.    5.    5.    5. 1823. 1823. 1823. 3026. 1823. 1823. 1823. 3026.
 3026. 3026. 3026. 1823. 3026. 3026. 3026. 3026. 3026. 3026. 3026. 1823.
 3026. 3026. 
 1823. 3026. 1823. 3026.    5.    5.    5.    5.    5.    5.    5.    5.
    5.    5.    5.    5.    5.    5.    5.    5.    5.    5.    5.    5.
    5.    5. 
    5.    5.    5.    5.    5.    5.    5.    5.    5. 1823. 1823.    5.
    5.    5.    5.    5.    5.    5. 1823. 1823. 1823.    5. 1823. 3026.
 3026. 3026. 
 3026. 1823. 1823. 3026. 3026. 3026. 3026. 3026. 1823. 3026. 3026. 1823.
 1823. 3026. 1823. 1823.    5.    5.    5.    5.    5.    5.    5.    5.
    5.    5. 
 5. 5. 5. 5. 5. 5. 5. 5. 5. 5. 5. 5. 5. 5. 5. 5. 5. 5. 5. 5. 5. 5. 5. 5.
 5. 5. 
    5.    5.    5.    5.    5.    5.    5.    5.    5. 1823. 1823. 1823.
 1823. 1823.    5. 1823. 1823. 3026. 1823. 1823. 3026. 3026. 1823. 1823.
 3026. 1823. 
 5. 5. 5. 5. 5. 5. 5. 5. 5. 5. 5. 5. 5. 5. 5. 5. 5. 5. 5. 5. 5. 5. 5. 5.
 5. 5. 
 5. 5. 5. 5. 5. 5. 5. 5. 5. 5. 5. 5. 5. 5. 5. 5. 5. 5. 5. 5. 5. 5. 5. 5.
 5. 5. 
    5.    5. 1823. 1823. 1823. 1823. 1823. 1823. 1823. 3026. 3026. 1823.
    5.    5. 
/