PERMI
 10. 10. 10. 10. 10. 10. 10. 10. 10. 10. 10. 10. 10. 10. 10. 10. 10. 10.
 10. 10. 10. 10. 10. 10. 10. 10. 
   10.   10.   10.   10.   10.   10.   10.   10.   10.   10. 1562. 2298.
 2298. 2298. 1562. 1562. 1562. 1562. 1562. 1562. 1562. 1562. 1562. 1562.
 2298. 2298. 
 1562.   10.   10.   10.   10.   10.   10.   10.   10.   10.   10.   10.
   10.   10.   10.   10.   10.   10.   10.   10.   10.   10.   10.   10.
   10.   10. 
   10.   10.   10.   10.   10.   10.   10.   10.   10.   10.   10.   10.
   10.   10.   10.   10.   10.   10.   10.   10.   10. 1562. 2298. 2298.
 2298. 1562. 
   10.   10.   10.   10.   10.   10.   10.   10.   10. 1562. 2298. 2298.
 1562.   10.   10.   10.   10.   10.   10.   10.   10.   10.   10.   10.
   10.   10. 
 10. 10. 10. 10. 10. 10. 10. 10. 10. 10. 10. 10. 10. 10. 10. 10. 10. 10.
 10. 10. 10. 10. 10. 10. 10. 10. 
   10.   10.   10.   10.   10.   10.   10. 1562. 2298. 2298. 1562.   10.
   10.   10.   10.   10.   10.   10.   10.   10. 1562. 1562. 2298. 2298.
 1562.   10. 
 10. 10. 10. 10. 10. 10. 10. 10. 10. 10. 10. 10. 10. 10. 10. 10. 10. 10.
 10. 10. 10. 10. 10. 10. 10. 10. 
   10.   10.   10.   10.   10.   10.   10.   10.   10.   10.   10.   10.
   10.   10.   10.   10.   10.   10.   10. 1562. 2298. 2298. 1562. 1562.
   10.   10. 
   10.   10.   10.   10.   10. 1562. 1562. 2298. 2298. 2298. 1562.   10.
   10.   10.   10.   10.   10.   10.   10.   10.   10.   10.   10.   10.
   10.   10. 
 10. 10. 10. 10. 10. 10. 10. 10. 10. 10. 10. 10. 10. 10. 10. 10. 10. 10.
 10. 10. 10. 10. 10. 10. 10. 10. 
   10.   10.   10.   10.   10. 1562. 2298. 2298. 2298. 1562. 1562.   10.
   10.   10.   10.   10.   10. 1562. 2298. 2298. 2298. 1562.   10.   10.
   10.   10. 
 10. 10. 10. 10. 10. 10. 10. 10. 10. 10. 10. 10. 10. 10. 10. 10. 10. 10.
 10. 10. 10. 10. 10. 10. 10. 10. 
   10.   10.   10.   10.   10.   10.   10.   10.   10.   10.   10.   10.
   10.   10.   10.   10.   10. 1562. 1562. 2298. 2298. 2298. 1562. 1562.
   10.   10. 
   10.   10. 1562. 1562. 2298. 2298. 2298. 1562.   10.   10.   10.   10.
   10.   10.   10.   10.   10.   10.   10.   10.   10.   10.   10.   10.
   10.   10. 
 10. 10. 10. 10. 10. 10. 10. 10. 10. 10. 10. 10. 10. 10. 10. 10. 10. 10.
 10. 10. 10. 10. 10. 10. 10. 10. 
   10.   10.   10.   10. 1562. 2298. 2298. 2298. 2298. 1562.   10.   10.
   10.   10. 1562. 2298. 2298. 2298. 1562. 1562.   10.   10.   10.   10.
   10.   10. 
 10. 10. 10. 10. 10. 10. 10. 10. 10. 10. 10. 10. 10. 10. 10. 10. 10. 10.
 10. 10. 10. 10. 10. 10. 10. 10. 
   10.   10.   10.   10.   10.   10.   10.   10.   10.   10.   10.   10.
   10.   10.   10.   10.   10. 1562. 2298. 2298. 2298. 2298. 1562.   10.
   10.   10. 
 1562. 1562. 2298. 2298. 2298. 1562. 1562. 1562.   10.   10.   10.   10.
   10.   10.   10.   10.   10.   10.   10.   10.   10.   10.   10.   10.
   10.   10. 
 10. 10. 10. 10. 10. 10. 10. 10. 10. 10. 10. 10. 10. 10. 10. 10. 10. 10.
 10. 10. 10. 10. 10. 10. 10. 10. 
   10.   10.   10.   10. 1562. 2298. 2298. 2298. 1562. 1562.   10.   10.
   10. 1562. 2298. 2298. 2298. 2298. 2298. 1562. 1562. 1562. 1562. 1562.
 1562.   10. 
 10. 10. 10. 10. 10. 10. 10. 10. 10. 10. 10. 10. 10. 10. 10. 10. 10. 10.
 10. 10. 10. 10. 10. 10. 10. 10. 
   10.   10.   10.   10.   10.   10.   10.   10.   10.   10.   10.   10.
   10.   10.   10.   10.   10. 1562. 2298. 2298. 2298. 1562. 1562.   10.
   10. 1562. 
 1562. 2298. 2298. 2298. 2298. 2298. 2298. 2298. 2298. 2298. 1562. 1562.
   10.   10.   10.   10. 1562.   10.   10.   10.   10.   10.   10.   10.
   10.   10. 
 10. 10. 10. 10. 10. 10. 10. 10. 10. 10. 10. 10. 10. 10. 10. 10. 10. 10.
 10. 10. 10. 10. 10. 10. 10. 10. 
   10.   10.   10.   10. 1562. 2298. 2298. 2298. 1562.   10.   10.   10.
 1562. 1562. 1562. 1562. 1562. 2298. 2298. 2298. 2298. 2298. 2298. 1562.
 1562.   10. 
   10.   10. 1562.   10.   10.   10.   10.   10.   10.   10.   10.   10.
   10.   10.   10.   10.   10.   10.   10.   10.   10.   10.   10.   10.
   10.   10. 
   10.   10.   10.   10.   10.   10.   10.   10.   10.   10.   10.   10.
   10.   10.   10.   10. 1562. 2298. 2298. 2298. 1562.   10.   10.   10.
   10.   10. 
   10.   10. 1562. 1562. 1562. 1562. 1562. 1562. 2298. 2298. 1562.   10.
   10.   10. 1562.   10.   10.   10.   10.   10.   10.   10.   10.   10.
   10.   10. 
 10. 10. 10. 10. 10. 10. 10. 10. 10. 10. 10. 10. 10. 10. 10. 10. 10. 10.
 10. 10. 10. 10. 10. 10. 10. 10. 
   10. 1562. 2298. 2298. 2298. 1562. 1562.   10.   10.   10.   10.   10.
   10.   10.   10.   10.   10.   10. 1562. 1562. 2298. 2298. 1562.   10.
   10.   10. 
 1562. 1562.   10.   10.   10.   10.   10.   10.   10.   10.   10.   10.
   10.   10.   10.   10.   10.   10.   10.   10.   10.   10.   10.   10.
   10.   10. 
   10.   10.   10.   10.   10.   10.   10.   10.   10.   10.   10.   10.
 1562. 2298. 2298. 2298. 2298. 1562.   10.   10.   10.   10.   10.   10.
   10.   10. 
   10.   10.   10. 1562. 1562. 2298. 2298. 1562. 1562.   10.   10.   10.
 1562. 1562. 1562. 1562.   10.   10.   10.   10.   10.   10.   10.   10.
   10.   10. 
   10.   10.   10.   10.   10.   10.   10.   10.   10.   10.   10.   10.
   10.   10.   10.   10.   10.   10.   10.   10.   10.   10.   10. 1562.
 1562. 2298. 
 2298. 2298. 1562.   10.   10.   10.   10.   10.   10.   10.   10.   10.
   10.   10.   10. 1562. 2298. 2298. 2298. 1562.   10.   10.   10.   10.
 2298. 2298. 
 2298. 1562. 1562.   10.   10.   10.   10.   10.   10.   10.   10.   10.
   10.   10.   10.   10.   10.   10.   10.   10.   10.   10.   10.   10.
   10.   10. 
   10.   10.   10.   10.   10.   10.   10.   10. 1562. 1562. 2298. 2298.
 2298. 1562. 1562.   10.   10.   10.   10.   10.   10.   10.   10.   10.
   10.   10. 
 1562. 2298. 2298. 2298. 1562. 1562.   10.   10.   10.   10. 2298. 2298.
 2298. 2298. 1562.   10.   10.   10.   10.   10.   10.   10.   10.   10.
   10.   10. 
   10.   10.   10.   10.   10.   10.   10.   10.   10.   10.   10.   10.
   10.   10.   10.   10.   10.   10.   10. 1562. 1562. 2298. 2298. 2298.
 1562. 1562. 
   10.   10.   10.   10.   10.   10.   10.   10.   10.   10.   10. 1562.
 1562. 2298. 2298. 2298. 1562.   10.   10.   10.   10.   10. 2298. 2298.
 2298. 2298. 
 1562. 1562.   10.   10.   10.   10.   10.   10.   10.   10.   10.   10.
   10.   10.   10.   10.   10.   10.   10.   10.   10.   10.   10.   10.
   10.   10. 
   10.   10.   10.   10.   10. 1562. 2298. 2298. 2298. 1562. 1562.   10.
   10.   10.   10.   10.   10.   10.   10.   10.   10.   10.   10. 1562.
 2298. 2298. 
 2298. 1562. 1562.   10.   10.   10.   10.   10. 1562. 2298. 2298. 2298.
 1562.   10.   10.   10.   10.   10.   10.   10.   10.   10.   10.   10.
   10.   10. 
   10.   10.   10.   10.   10.   10.   10.   10.   10.   10.   10.   10.
   10.   10.   10.   10.   10. 1562. 2298. 2298. 1562. 1562.   10.   10.
   10.   10. 
   10.   10.   10.   10.   10.   10.   10.   10.   10. 1562. 2298. 2298.
 2298. 1562. 1562. 1562. 1562. 1562. 1562. 1562. 1562. 2298. 2298. 2298.
 1562.   10. 
 10. 10. 10. 10. 10. 10. 10. 10. 10. 10. 10. 10. 10. 10. 10. 10. 10. 10.
 10. 10. 10. 10. 10. 10. 10. 10. 
   10.   10. 1562. 1562. 2298. 2298. 1562. 1562.   10.   10.   10.   10.
   10.   10.   10.   10.   10.   10.   10.   10. 1562. 2298. 2298. 2298.
 1562. 1562. 
 2298. 2298. 2298. 2298. 2298. 2298. 1562. 2298. 2298. 1562. 1562.   10.
   10.   10.   10.   10.   10.   10.   10.   10.   10.   10.   10.   10.
   10.   10. 
   10.   10.   10.   10.   10.   10.   10.   10.   10.   10.   10.   10.
   10.   10.   10. 1562. 2298. 2298. 2298. 1562. 1562. 1562. 1562. 1562.
 1562.   10. 
   10.   10.   10.   10.   10.   10. 1562. 1562. 2298. 2298. 2298. 2298.
 2298. 2298. 2298. 2298. 2298. 2298. 2298. 2298. 2298. 1562.   10.   10.
   10.   10. 
 10. 10. 10. 10. 10. 10. 10. 10. 10. 10. 10. 10. 10. 10. 10. 10. 10. 10.
 10. 10. 10. 10. 10. 10. 10. 10. 
   10. 1562. 2298. 2298. 2298. 2298. 2298. 2298. 2298. 2298. 1562. 1562.
   10.   10.   10.   10.   10.   10.   10. 1562. 2298. 2298. 2298. 2298.
 2298. 2298. 
 2298. 2298. 2298. 2298. 2298. 2298. 2298. 1562.   10.   10.   10.   10.
   10.   10.   10.   10.   10.   10.   10.   10.   10.   10.   10.   10.
   10.   10. 
   10.   10.   10.   10.   10.   10.   10.   10.   10.   10.   10.   10.
   10. 1562. 1562. 2298. 2298. 2298. 2298. 2298. 2298. 2298. 2298. 1562.
 1562.   10. 
   10.   10.   10.   10.   10. 1562. 1562. 2298. 2298. 2298. 1562. 1562.
 1562. 1562. 1562. 2298. 2298. 2298. 1562. 1562.   10.   10.   10.   10.
   10.   10. 
 10. 10. 10. 10. 10. 10. 10. 10. 10. 10. 10. 10. 10. 10. 10. 10. 10. 10.
 10. 10. 10. 10. 10. 10. 10. 10. 
 1562. 1562. 1562. 1562. 1562. 1562. 1562. 2298. 2298. 1562. 1562.   10.
   10.   10.   10.   10.   10.   10. 1562. 1562. 1562. 1562.   10.   10.
   10.   10. 
 1562. 2298. 2298. 1562. 1562. 1562. 1562.   10.   10.   10.   10.   10.
   10.   10.   10.   10.   10.   10.   10.   10.   10.   10.   10.   10.
   10.   10. 
   10.   10.   10.   10.   10.   10.   10.   10.   10.   10.   10.   10.
   10.   10.   10.   10.   10.   10. 1562. 2298. 2298. 1562. 1562.   10.
   10.   10. 
   10.   10.   10.   10.   10.   10.   10.   10.   10.   10.   10. 1562.
 1562. 2298. 2298. 2298. 2298. 2298. 1562. 1562. 1562. 1562.   10.   10.
   10.   10. 
 10. 10. 10. 10. 10. 10. 10. 10. 10. 10. 10. 10. 10. 10. 10. 10. 10. 10.
 10. 10. 10. 10. 10. 10. 10. 10. 
   10.   10.   10. 1562. 2298. 2298. 2298. 1562.   10.   10.   10.   10.
   10.   10.   10.   10.   10.   10.   10.   10.   10.   10.   10. 1562.
 2298. 2298. 
 1562. 1562. 2298. 2298. 2298. 2298. 2298. 1562. 1562.   10.   10.   10.
   10.   10.   10.   10.   10.   10.   10.   10.   10.   10.   10.   10.
   10.   10. 
   10.   10.   10.   10.   10.   10.   10.   10.   10.   10.   10.   10.
   10.   10.   10. 1562. 2298. 2298. 2298. 1562.   10.   10.   10.   10.
   10.   10. 
   10.   10.   10.   10.   10.   10.   10.   10.   10. 1562. 2298. 2298.
 2298. 1562. 1562. 2298. 2298. 2298. 2298. 2298. 1562. 1562.   10.   10.
   10.   10. 
 10. 10. 10. 10. 10. 10. 10. 10. 10. 10. 10. 10. 10. 10. 10. 10. 10. 10.
 10. 10. 10. 10. 10. 10. 10. 10. 
 1562. 2298. 2298. 2298. 1562.   10.   10.   10.   10.   10.   10.   10.
   10.   10.   10.   10.   10.   10.   10.   10. 1562. 2298. 2298. 2298.
 2298. 2298. 
 1562. 1562. 1562. 1562. 2298. 2298. 2298. 1562.   10.   10.   10.   10.
   10.   10.   10.   10.   10.   10.   10.   10.   10.   10.   10.   10.
   10.   10. 
   10.   10.   10.   10.   10.   10.   10.   10.   10.   10.   10.   10.
 1562. 2298. 2298. 1562.   10.   10.   10.   10.   10.   10.   10.   10.
   10.   10. 
   10.   10.   10.   10.   10.   10. 1562. 2298. 2298. 2298. 2298. 2298.
 1562.   10.   10. 1562. 2298. 2298. 2298. 1562.   10.   10.   10.   10.
   10.   10. 
   10.   10.   10.   10.   10.   10.   10.   10.   10.   10.   10.   10.
   10.   10.   10.   10.   10.   10.   10.   10.   10.   10.   10.   10.
 1562. 2298. 
 2298. 1562.   10.   10.   10.   10.   10.   10.   10.   10.   10.   10.
   10.   10.   10.   10.   10. 1562. 2298. 2298. 2298. 1562. 2298. 1562.
   10. 1562. 
 1562. 1562. 2298. 2298. 2298. 1562.   10.   10.   10.   10.   10.   10.
   10.   10.   10.   10.   10.   10.   10.   10.   10.   10.   10.   10.
   10.   10. 
   10.   10.   10.   10.   10.   10.   10.   10.   10.   10. 1562. 2298.
 2298. 1562. 1562. 1562. 1562. 1562. 1562. 1562. 1562.   10.   10.   10.
   10.   10. 
   10.   10.   10. 1562. 2298. 2298. 1562. 1562. 1562. 1562. 1562. 1562.
 1562. 2298. 2298. 2298. 2298. 1562.   10.   10.   10.   10.   10.   10.
   10.   10. 
   10.   10.   10.   10.   10.   10.   10.   10.   10.   10.   10.   10.
   10.   10.   10.   10.   10.   10.   10.   10.   10.   10. 1562. 2298.
 2298. 2298. 
 2298. 2298. 2298. 2298. 2298. 2298. 1562. 1562.   10.   10.   10.   10.
   10.   10.   10. 1562. 2298. 2298. 2298. 1562. 1562. 1562. 2298. 2298.
 2298. 2298. 
 2298. 2298. 1562. 1562.   10.   10.   10.   10.   10.   10.   10.   10.
   10.   10.   10.   10.   10.   10.   10.   10.   10.   10.   10.   10.
   10.   10. 
   10.   10.   10.   10.   10.   10.   10.   10. 1562. 1562. 2298. 2298.
 2298. 2298. 2298. 2298. 2298. 2298. 2298. 1562. 1562.   10.   10.   10.
   10.   10. 
   10. 1562. 1562. 2298. 2298. 2298. 2298. 2298. 2298. 2298. 2298. 2298.
 2298. 1562. 1562.   10.   10.   10.   10.   10.   10.   10.   10.   10.
   10.   10. 
   10.   10.   10.   10.   10.   10.   10.   10.   10.   10.   10.   10.
   10.   10.   10.   10.   10.   10.   10.   10.   10. 1562. 1562. 1562.
 1562. 1562. 
 1562. 1562. 1562. 2298. 2298. 2298. 1562.   10.   10.   10.   10.   10.
   10.   10. 1562. 1562. 2298. 2298. 2298. 2298. 2298. 2298. 1562. 1562.
 1562.   10. 
 10. 10. 10. 10. 10. 10. 10. 10. 10. 10. 10. 10. 10. 10. 10. 10. 10. 10.
 10. 10. 10. 10. 10. 10. 10. 10. 
   10.   10.   10.   10.   10.   10.   10.   10.   10.   10.   10.   10.
   10. 1562. 1562. 2298. 2298. 2298. 1562.   10.   10.   10.   10.   10.
   10.   10. 
   10. 1562. 1562. 1562. 2298. 1562. 1562. 1562. 1562. 1562.   10.   10.
   10.   10.   10.   10.   10.   10.   10.   10.   10.   10.   10.   10.
   10.   10. 
   10.   10.   10.   10.   10.   10.   10.   10.   10.   10.   10.   10.
   10.   10.   10.   10.   10.   10.   10.   10.   10.   10.   10.   10.
 1562. 1562. 
 2298. 2298. 2298. 1562. 1562.   10.   10.   10.   10.   10.   10.   10.
   10.   10.   10.   10. 1562. 2298. 2298. 2298. 2298. 1562.   10.   10.
   10.   10. 
 10. 10. 10. 10. 10. 10. 10. 10. 10. 10. 10. 10. 10. 10. 10. 10. 10. 10.
 10. 10. 10. 10. 10. 10. 10. 10. 
   10.   10.   10.   10.   10.   10.   10.   10.   10.   10. 1562. 2298.
 2298. 2298. 1562. 1562.   10.   10.   10.   10.   10.   10.   10.   10.
   10.   10. 
   10.   10. 2298. 2298. 2298. 2298. 2298. 1562.   10.   10.   10.   10.
   10.   10.   10.   10.   10.   10.   10.   10.   10.   10.   10.   10.
   10.   10. 
   10.   10.   10.   10.   10.   10.   10.   10.   10.   10.   10.   10.
   10.   10.   10.   10.   10.   10.   10.   10.   10. 1562. 1562. 2298.
 2298. 1562. 
 1562.   10.   10.   10.   10.   10.   10.   10.   10.   10.   10.   10.
   10.   10. 2298. 1562. 1562. 2298. 2298. 1562. 1562.   10.   10.   10.
   10.   10. 
 10. 10. 10. 10. 10. 10. 10. 10. 10. 10. 10. 10. 10. 10. 10. 10. 10. 10.
 10. 10. 10. 10. 10. 10. 10. 10. 
   10.   10.   10.   10.   10.   10.   10. 1562. 2298. 2298. 2298. 1562.
   10.   10.   10.   10.   10.   10.   10.   10.   10.   10.   10.   10.
   10.   10. 
 1562. 1562. 1562. 2298. 2298. 2298. 1562. 1562.   10.   10.   10.   10.
   10.   10.   10.   10.   10.   10.   10.   10.   10.   10.   10.   10.
   10.   10. 
   10.   10.   10.   10.   10.   10.   10.   10.   10.   10.   10.   10.
   10.   10.   10.   10.   10.   10.   10. 1562. 2298. 2298. 2298. 1562.
   10.   10. 
   10.   10.   10.   10.   10.   10.   10.   10.   10.   10.   10.   10.
 2298. 1562. 1562. 2298. 2298. 2298. 1562. 1562.   10.   10.   10.   10.
   10.   10. 
 10. 10. 10. 10. 10. 10. 10. 10. 10. 10. 10. 10. 10. 10. 10. 10. 10. 10.
 10. 10. 10. 10. 10. 10. 10. 10. 
   10.   10.   10.   10. 1562. 1562. 2298. 2298. 1562. 1562.   10.   10.
   10.   10.   10.   10.   10.   10.   10.   10.   10.   10.   10.   10.
 2298. 2298. 
 1562. 2298. 2298. 2298. 1562. 1562. 1562.   10.   10.   10.   10.   10.
   10.   10.   10.   10.   10.   10.   10.   10.   10.   10.   10.   10.
   10.   10. 
   10.   10.   10.   10.   10.   10.   10.   10.   10.   10.   10.   10.
   10.   10.   10.   10. 1562. 1562. 2298. 2298. 1562. 1562. 1562. 1562.
 1562. 1562. 
 1562. 1562. 1562.   10.   10.   10.   10.   10.   10.   10. 2298. 2298.
 1562. 1562. 2298. 1562. 1562. 1562. 1562.   10.   10.   10.   10.   10.
   10.   10. 
 10. 10. 10. 10. 10. 10. 10. 10. 10. 10. 10. 10. 10. 10. 10. 10. 10. 10.
 10. 10. 10. 10. 10. 10. 10. 10. 
   10.   10.   10. 1562. 2298. 2298. 1562. 1562. 1562. 1562. 1562. 1562.
 1562. 1562. 1562. 1562.   10.   10.   10.   10.   10.   10. 2298. 1562.
 1562. 2298. 
 2298. 1562. 1562. 1562.   10.   10.   10.   10.   10.   10.   10.   10.
   10.   10.   10.   10.   10.   10.   10.   10.   10.   10.   10.   10.
   10.   10. 
   10.   10.   10.   10.   10.   10.   10.   10.   10.   10.   10.   10.
   10.   10.   10. 1562. 2298. 2298. 2298. 2298. 2298. 2298. 2298. 2298.
 2298. 2298. 
 2298. 1562. 1562.   10.   10.   10.   10.   10. 2298. 1562. 1562. 2298.
 2298. 1562. 1562. 1562. 1562. 1562. 1562. 1562. 1562. 1562.   10.   10.
   10.   10. 
 10. 10. 10. 10. 10. 10. 10. 10. 10. 10. 10. 10. 10. 10. 10. 10. 10. 10.
 10. 10. 10. 10. 10. 10. 10. 10. 
   10. 1562. 1562. 2298. 2298. 2298. 2298. 2298. 2298. 2298. 1562. 2298.
 2298. 2298. 1562.   10.   10.   10.   10.   10. 2298. 1562. 1562. 2298.
 2298. 1562. 
 1562. 1562. 1562. 1562. 1562. 2298. 2298. 1562. 1562.   10.   10.   10.
   10.   10.   10.   10.   10.   10.   10.   10.   10.   10.   10.   10.
   10.   10. 
   10.   10.   10.   10.   10.   10.   10.   10.   10.   10.   10.   10.
   10.   10. 1562. 1562. 1562. 1562. 1562. 1562. 1562. 1562. 1562. 1562.
 2298. 2298. 
 1562.   10.   10.   10.   10.   10. 1562. 1562. 1562. 2298. 2298. 2298.
 2298. 2298. 2298. 2298. 2298. 2298. 2298. 2298. 2298. 1562.   10.   10.
   10.   10. 
 10. 10. 10. 10. 10. 10. 10. 10. 10. 10. 10. 10. 10. 10. 10. 10. 10. 10.
 10. 10. 10. 10. 10. 10. 10. 10. 
   10.   10.   10.   10.   10.   10.   10.   10. 1562. 1562. 2298. 2298.
 1562.   10.   10.   10.   10.   10. 1562. 2298. 1562. 1562. 1562. 2298.
 2298. 2298. 
 2298. 2298. 2298. 2298. 2298. 2298. 2298. 1562.   10.   10.   10.   10.
   10.   10.   10.   10.   10.   10.   10.   10.   10.   10.   10.   10.
   10.   10. 
   10.   10.   10.   10.   10.   10.   10.   10.   10.   10.   10.   10.
   10.   10.   10.   10.   10.   10.   10.   10. 1562. 2298. 2298. 2298.
 1562.   10. 
   10.   10.   10.   10. 2298. 2298. 2298. 1562. 1562. 1562. 1562. 1562.
 1562. 1562. 1562. 1562. 1562. 2298. 2298. 1562. 1562.   10.   10.   10.
   10.   10. 
 10. 10. 10. 10. 10. 10. 10. 10. 10. 10. 10. 10. 10. 10. 10. 10. 10. 10.
 10. 10. 10. 10. 10. 10. 10. 10. 
   10.   10.   10.   10.   10.   10. 1562. 2298. 2298. 1562.   10.   10.
   10.   10.   10. 1562. 2298. 2298. 1562. 1562. 1562. 1562. 1562. 1562.
 1562. 1562. 
   10. 1562. 1562. 2298. 2298. 1562. 1562.   10.   10.   10.   10.   10.
   10.   10.   10.   10.   10.   10.   10.   10.   10.   10.   10.   10.
   10.   10. 
   10.   10.   10.   10.   10.   10.   10.   10.   10.   10.   10.   10.
   10.   10.   10.   10.   10.   10. 1562. 2298. 2298. 1562.   10. 1562.
 1562. 1562. 
 1562. 1562. 2298. 2298. 2298. 2298. 2298. 2298. 2298. 2298. 2298. 1562.
 1562. 1562. 2298. 2298. 2298. 1562. 1562.   10.   10.   10.   10.   10.
   10.   10. 
 10. 10. 10. 10. 10. 10. 10. 10. 10. 10. 10. 10. 10. 10. 10. 10. 10. 10.
 10. 10. 10. 10. 10. 10. 10. 10. 
   10.   10.   10.   10. 1562. 2298. 2298. 1562. 1562. 1562. 2298. 2298.
 2298. 2298. 2298. 2298. 2298. 2298. 2298. 2298. 2298. 2298. 2298. 1562.
 1562. 1562. 
 2298. 2298. 1562. 1562.   10.   10.   10.   10.   10.   10.   10.   10.
   10.   10.   10.   10.   10.   10.   10.   10.   10.   10.   10.   10.
   10.   10. 
   10.   10.   10.   10.   10.   10.   10.   10.   10.   10.   10.   10.
   10.   10.   10.   10. 1562. 2298. 2298. 2298. 2298. 2298. 2298. 2298.
 2298. 2298. 
 1562. 1562. 1562. 2298. 1562. 1562. 1562. 2298. 2298. 1562. 1562. 1562.
 2298. 2298. 1562.   10.   10.   10.   10.   10.   10.   10.   10.   10.
   10.   10. 
 10. 10. 10. 10. 10. 10. 10. 10. 10. 10. 10. 10. 10. 10. 10. 10. 10. 10.
 10. 10. 10. 10. 10. 10. 10. 10. 
   10.   10. 1562. 2298. 2298. 2298. 2298. 2298. 2298. 2298. 1562. 1562.
 1562. 1562. 1562. 1562. 1562. 1562. 2298. 2298. 2298. 1562. 1562. 2298.
 2298. 2298. 
 1562.   10.   10.   10.   10.   10.   10.   10.   10.   10.   10.   10.
   10.   10.   10.   10.   10.   10.   10.   10.   10.   10.   10.   10.
   10.   10. 
   10.   10.   10.   10.   10.   10.   10.   10.   10.   10.   10.   10.
   10.   10. 1562. 1562. 1562. 1562. 1562. 1562. 1562. 1562. 1562. 1562.
   10.   10. 
   10. 1562. 1562. 1562. 2298. 2298. 1562. 1562. 2298. 2298. 2298. 1562.
   10.   10.   10.   10.   10.   10.   10.   10.   10.   10.   10.   10.
   10.   10. 
 10. 10. 10. 10. 10. 10. 10. 10. 10. 10. 10. 10. 10. 10. 10. 10. 10. 10.
 10. 10. 10. 10. 10. 10. 10. 10. 
   10.   10. 1562. 1562. 1562.   10.   10.   10. 1562. 2298.   10.   10.
 1562. 2298. 1562. 1562. 2298. 2298. 1562. 2298. 2298. 2298. 1562. 1562.
   10.   10. 
 10. 10. 10. 10. 10. 10. 10. 10. 10. 10. 10. 10. 10. 10. 10. 10. 10. 10.
 10. 10. 10. 10. 10. 10. 10. 10. 
   10.   10.   10.   10.   10.   10.   10.   10.   10.   10.   10.   10.
   10.   10.   10.   10.   10.   10.   10. 1562. 2298. 2298.   10.   10.
 1562. 2298. 
 1562. 1562. 2298. 1562. 1562. 2298. 2298. 2298. 1562.   10.   10.   10.
   10.   10.   10.   10.   10.   10.   10.   10.   10.   10.   10.   10.
   10.   10. 
 10. 10. 10. 10. 10. 10. 10. 10. 10. 10. 10. 10. 10. 10. 10. 10. 10. 10.
 10. 10. 10. 10. 10. 10. 10. 10. 
   10.   10.   10.   10. 1562. 1562. 2298. 2298.   10. 1562. 2298. 2298.
 1562. 1562. 2298. 1562. 1562. 2298. 2298. 1562. 1562.   10.   10.   10.
   10.   10. 
 10. 10. 10. 10. 10. 10. 10. 10. 10. 10. 10. 10. 10. 10. 10. 10. 10. 10.
 10. 10. 10. 10. 10. 10. 10. 10. 
   10.   10.   10.   10.   10.   10.   10.   10.   10.   10.   10.   10.
   10.   10.   10. 1562. 1562. 2298. 2298. 2298.   10. 1562. 2298. 2298.
 1562. 2298. 
 2298. 1562. 2298. 2298. 2298. 2298. 1562. 1562. 1562. 1562.   10.   10.
   10.   10.   10.   10.   10.   10.   10.   10.   10.   10.   10.   10.
   10.   10. 
 10. 10. 10. 10. 10. 10. 10. 10. 10. 10. 10. 10. 10. 10. 10. 10. 10. 10.
 10. 10. 10. 10. 10. 10. 10. 10. 
   10. 1562. 2298. 2298. 2298. 1562. 1562. 1562. 2298. 1562. 1562. 2298.
 2298. 1562. 1562. 2298. 2298. 2298. 2298. 2298. 2298. 1562. 1562. 1562.
   10.   10. 
 10. 10. 10. 10. 10. 10. 10. 10. 10. 10. 10. 10. 10. 10. 10. 10. 10. 10.
 10. 10. 10. 10. 10. 10. 10. 10. 
   10.   10.   10.   10.   10.   10.   10.   10.   10.   10.   10.   10.
   10. 1562. 2298. 2298. 2298. 1562.   10. 1562. 2298. 1562. 1562. 2298.
 2298. 2298. 
 1562. 1562. 1562. 2298. 2298. 2298. 2298. 2298. 2298. 1562. 1562.   10.
   10.   10.   10.   10.   10.   10.   10.   10.   10.   10.   10.   10.
   10.   10. 
   10.   10.   10.   10.   10.   10.   10.   10.   10.   10.   10.   10.
   10.   10.   10.   10.   10.   10.   10.   10.   10.   10.   10.   10.
   10. 1562. 
 2298. 2298. 2298. 2298.   10. 1562. 2298. 1562. 1562. 2298. 2298. 1562.
 1562. 1562. 1562. 1562. 1562. 1562. 2298. 2298. 2298. 2298. 1562.   10.
   10.   10. 
 10. 10. 10. 10. 10. 10. 10. 10. 10. 10. 10. 10. 10. 10. 10. 10. 10. 10.
 10. 10. 10. 10. 10. 10. 10. 10. 
   10.   10.   10.   10.   10.   10.   10.   10.   10.   10.   10. 1562.
 1562. 2298. 2298. 2298.   10.   10. 1562. 1562. 1562. 2298. 2298. 2298.
 2298. 1562. 
 1562. 1562. 1562. 1562. 1562. 2298. 2298. 2298. 1562.   10.   10.   10.
   10.   10.   10.   10.   10.   10.   10.   10.   10.   10.   10.   10.
   10.   10. 
   10.   10.   10.   10.   10.   10.   10.   10.   10.   10.   10.   10.
   10.   10.   10.   10.   10.   10.   10.   10.   10.   10.   10.   10.
 1562. 1562. 
 2298. 2298.   10.   10.   10. 1562. 1562. 1562. 2298. 2298. 2298. 2298.
 2298. 1562. 1562. 1562. 2298. 2298. 2298. 2298. 1562.   10.   10.   10.
   10.   10. 
 10. 10. 10. 10. 10. 10. 10. 10. 10. 10. 10. 10. 10. 10. 10. 10. 10. 10.
 10. 10. 10. 10. 10. 10. 10. 10. 
   10.   10.   10.   10.   10.   10.   10.   10.   10.   10.   10. 1562.
 1562. 1562. 
/