PERMI
   12.   12.   12.   12.   12.   12.   12.   12.   12.   12.   12.   12.
   12.   12.   12.  816.  816. 1196. 1196. 1196.  816.  816.   12.   12.
  816. 1196. 
 1196. 1196. 1196. 1196.  816.  816.  816.  816.  816.  816.  816.   12.
   12.   12.   12.   12.   12.   12.   12.   12.   12.   12.   12.   12.
   12.   12. 
 12. 12. 12. 12. 12. 12. 12. 12. 12. 12. 12. 12. 12. 12. 12. 12. 12. 12.
 12. 12. 12. 12. 12. 12. 12. 12. 
  816.  816. 1196. 1196. 1196.  816.  816.  816.   12.   12.   12.  816.
  816. 1196. 1196. 1196. 1196. 1196. 1196.  816.  816.  816.  816.  816.
   12.   12. 
 12. 12. 12. 12. 12. 12. 12. 12. 12. 12. 12. 12. 12. 12. 12. 12. 12. 12.
 12. 12. 12. 12. 12. 12. 12. 12. 
   12.   12.   12.   12.   12.   12.   12.   12.   12.   12.   12.  816.
  816.  816. 1196. 1196.  816.  816.  816.   12.   12.   12.   12.   12.
  816.  816. 
 1196. 1196. 1196. 1196. 1196. 1196. 1196.  816.  816.  816.  816.   12.
   12.   12.   12.   12.   12.   12.   12.   12.   12.   12.   12.   12.
   12.   12. 
   12.   12.   12.   12.   12.   12.   12.   12.   12.   12.   12.   12.
   12.   12.   12.   12.   12.   12.   12.   12.   12.   12.   12.  816.
  816. 1196. 
 1196. 1196.  816.  816.   12.   12.   12.   12.   12.   12.   12.  816.
  816.  816. 1196. 1196. 1196. 1196. 1196. 1196.  816. 1196.  816.   12.
   12.   12. 
 12. 12. 12. 12. 12. 12. 12. 12. 12. 12. 12. 12. 12. 12. 12. 12. 12. 12.
 12. 12. 12. 12. 12. 12. 12. 12. 
   12.   12.   12.   12.   12.   12.   12.   12.   12.  816.  816. 1196.
 1196.  816.  816.   12.   12.   12.   12.   12.   12.   12.   12.   12.
   12.  816. 
  816.  816.  816. 1196. 1196. 1196.  816.  816.  816.   12.   12.   12.
   12.   12.   12.   12.   12.   12.   12.   12.   12.   12.   12.   12.
   12.   12. 
   12.   12.   12.   12.   12.   12.   12.   12.   12.   12.   12.   12.
   12.   12.   12.   12.   12.   12.   12.   12.   12.  816.  816. 1196.
 1196. 1196. 
  816.  816.   12.   12.   12.   12.   12.   12.   12.   12.   12.   12.
   12.   12.  816.  816. 1196. 1196.  816.  816.  816.   12.   12.   12.
   12.   12. 
 12. 12. 12. 12. 12. 12. 12. 12. 12. 12. 12. 12. 12. 12. 12. 12. 12. 12.
 12. 12. 12. 12. 12. 12. 12. 12. 
   12.   12.   12.   12.   12.   12.   12.  816.  816. 1196. 1196. 1196.
  816.  816.   12.   12.   12.   12.   12.   12.   12.   12.   12.   12.
   12.   12. 
  816. 1196. 1196. 1196.  816.  816.  816.   12.   12.   12.   12.   12.
   12.   12.   12.   12.   12.   12.   12.   12.   12.   12.   12.   12.
   12.   12. 
   12.   12.   12.   12.   12.   12.   12.   12.   12.   12.   12.   12.
   12.   12.   12.   12.   12.   12.   12.  816.  816. 1196. 1196. 1196.
 1196.  816. 
  816.   12.   12.   12.   12.   12.   12.   12.   12.   12.   12.  816.
  816. 1196. 1196. 1196.  816.  816.   12.   12.   12.   12.   12.   12.
   12.   12. 
 12. 12. 12. 12. 12. 12. 12. 12. 12. 12. 12. 12. 12. 12. 12. 12. 12. 12.
 12. 12. 12. 12. 12. 12. 12. 12. 
   12.   12.   12.   12.   12.   12.  816.  816. 1196. 1196. 1196.  816.
  816.   12.   12.   12.   12.   12.   12.   12.   12.   12.   12.  816.
 1196. 1196. 
 1196. 1196.  816.  816.   12.   12.   12.   12.   12.   12.   12.   12.
   12.   12.   12.   12.   12.   12.   12.   12.   12.   12.   12.   12.
   12.   12. 
   12.   12.   12.   12.   12.   12.   12.   12.   12.   12.   12.   12.
   12.   12.   12.   12.   12.   12.   12.  816.  816. 1196. 1196. 1196.
  816.  816. 
   12.   12.   12.   12.   12.   12.   12.   12.  816.  816. 1196. 1196.
 1196.  816.  816.   12.   12.   12.   12.   12.   12.   12.   12.   12.
   12.   12. 
 12. 12. 12. 12. 12. 12. 12. 12. 12. 12. 12. 12. 12. 12. 12. 12. 12. 12.
 12. 12. 12. 12. 12. 12. 12. 12. 
   12.   12.   12.   12.   12.  816.  816.  816. 1196. 1196. 1196.  816.
  816.   12.   12.   12.   12.   12.   12.   12.  816. 1196. 1196. 1196.
  816.  816. 
 12. 12. 12. 12. 12. 12. 12. 12. 12. 12. 12. 12. 12. 12. 12. 12. 12. 12.
 12. 12. 12. 12. 12. 12. 12. 12. 
   12.   12.   12.   12.   12.   12.   12.   12.   12.   12.   12.   12.
   12.   12.   12.   12.   12.   12.  816.  816. 1196. 1196. 1196. 1196.
  816.  816. 
   12.   12.   12.   12.   12.   12.  816. 1196. 1196. 1196.  816.  816.
   12.   12.   12.   12.   12.   12.   12.   12.   12.   12.   12.   12.
   12.   12. 
 12. 12. 12. 12. 12. 12. 12. 12. 12. 12. 12. 12. 12. 12. 12. 12. 12. 12.
 12. 12. 12. 12. 12. 12. 12. 12. 
   12.   12.   12.   12.   12.  816.  816.  816. 1196. 1196. 1196.  816.
  816.   12.   12.   12.   12.  816.  816. 1196. 1196. 1196.  816.   12.
   12.   12. 
 12. 12. 12. 12. 12. 12. 12. 12. 12. 12. 12. 12. 12. 12. 12. 12. 12. 12.
 12. 12. 12. 12. 12. 12. 12. 12. 
   12.   12.   12.   12.   12.   12.   12.   12.   12.   12.   12.   12.
   12.   12.   12.   12.   12.   12.  816.  816. 1196. 1196. 1196.  816.
  816.   12. 
   12.   12.   12.  816.  816. 1196. 1196. 1196.  816.   12.   12.   12.
   12.   12.   12.   12.   12.   12.   12.   12.   12.   12.   12.   12.
   12.   12. 
 12. 12. 12. 12. 12. 12. 12. 12. 12. 12. 12. 12. 12. 12. 12. 12. 12. 12.
 12. 12. 12. 12. 12. 12. 12. 12. 
   12.   12.   12.   12.  816.  816. 1196. 1196. 1196.  816.  816.   12.
   12.   12.   12.  816.  816. 1196. 1196. 1196.  816.  816.  816.   12.
   12.   12. 
 12. 12. 12. 12. 12. 12. 12. 12. 12. 12. 12. 12. 12. 12. 12. 12. 12. 12.
 12. 12. 12. 12. 12. 12. 12. 12. 
   12.   12.   12.   12.   12.   12.   12.   12.   12.   12.   12.   12.
   12.   12.   12.  816.  816. 1196. 1196. 1196. 1196.  816.   12.   12.
   12.   12. 
   12.   12.  816. 1196. 1196. 1196. 1196. 1196.  816.  816.  816.   12.
   12.   12.   12.   12.   12.   12.   12.   12.   12.   12.   12.   12.
   12.   12. 
 12. 12. 12. 12. 12. 12. 12. 12. 12. 12. 12. 12. 12. 12. 12. 12. 12. 12.
 12. 12. 12. 12. 12. 12. 12. 12. 
  816.  816.  816. 1196. 1196. 1196.  816.  816.   12.   12.   12.   12.
   12.   12.  816.  816. 1196. 1196. 1196. 1196. 1196. 1196.  816.  816.
   12.   12. 
 12. 12. 12. 12. 12. 12. 12. 12. 12. 12. 12. 12. 12. 12. 12. 12. 12. 12.
 12. 12. 12. 12. 12. 12. 12. 12. 
   12.   12.   12.   12.   12.   12.   12.   12.   12.   12.   12.   12.
  816.  816. 1196. 1196. 1196.  816.  816.   12.   12.   12.   12.   12.
   12.   12. 
   12.  816.  816.  816. 1196. 1196. 1196. 1196. 1196. 1196.  816.  816.
   12.   12.   12.   12.   12.   12.   12.   12.   12.   12.   12.   12.
   12.   12. 
   12.   12.   12.   12.   12.   12.   12.   12.   12.   12.   12.   12.
   12.   12.   12.   12.   12.   12.   12.   12.   12.   12.   12.  816.
  816. 1196. 
 1196. 1196. 1196.  816.  816.   12.   12.   12.   12.   12.   12.   12.
   12.   12.  816.  816.  816.  816. 1196. 1196. 1196. 1196. 1196. 1196.
  816.   12. 
 12. 12. 12. 12. 12. 12. 12. 12. 12. 12. 12. 12. 12. 12. 12. 12. 12. 12.
 12. 12. 12. 12. 12. 12. 12. 12. 
   12.   12.   12.   12.   12.   12.   12.   12.  816.  816. 1196. 1196.
 1196. 1196.  816.  816.   12.   12.   12.   12.   12.   12.   12.   12.
   12.   12. 
   12.   12.  816.  816.  816.  816. 1196. 1196. 1196. 1196.  816.  816.
   12.   12.   12.   12.   12.   12.   12.   12.   12.   12.   12.   12.
   12.   12. 
   12.   12.   12.   12.   12.   12.   12.   12.   12.   12.   12.   12.
   12.   12.   12.   12.   12.   12.   12.   12.  816.  816. 1196. 1196.
 1196.  816. 
  816.   12.   12.   12.   12.   12.   12.   12.   12.   12.   12.   12.
   12.   12.   12.   12.  816.  816.  816.  816. 1196. 1196.  816.  816.
   12.   12. 
 12. 12. 12. 12. 12. 12. 12. 12. 12. 12. 12. 12. 12. 12. 12. 12. 12. 12.
 12. 12. 12. 12. 12. 12. 12. 12. 
   12.   12.   12.   12.   12.  816.  816. 1196. 1196. 1196.  816.  816.
   12.   12.   12.   12.   12.   12.   12.   12.   12.   12.   12.   12.
   12.   12. 
   12.   12.   12.   12.  816. 1196. 1196. 1196.  816.  816.   12.   12.
   12.   12.   12.   12.   12.   12.   12.   12.   12.   12.   12.   12.
   12.   12. 
   12.   12.   12.   12.   12.   12.   12.   12.   12.   12.   12.   12.
   12.   12.   12.   12.   12.  816.  816. 1196. 1196.  816.  816.   12.
   12.   12. 
   12.   12.   12.   12.   12.   12.   12.   12.   12.   12.   12.   12.
   12.   12.   12.   12.  816. 1196. 1196. 1196.  816.  816.   12.   12.
   12.   12. 
 12. 12. 12. 12. 12. 12. 12. 12. 12. 12. 12. 12. 12. 12. 12. 12. 12. 12.
 12. 12. 12. 12. 12. 12. 12. 12. 
   12.   12.   12.  816.  816. 1196. 1196. 1196.  816.  816.  816.  816.
  816.  816.  816.  816.  816.   12.   12.   12.   12.   12.   12.   12.
   12.   12. 
   12.  816.  816. 1196. 1196.  816.  816.  816.   12.   12.   12.   12.
   12.   12.   12.   12.   12.   12.   12.   12.   12.   12.   12.   12.
   12.   12. 
   12.   12.   12.   12.   12.   12.   12.   12.   12.   12.   12.   12.
   12.   12.   12.  816.  816. 1196. 1196. 1196. 1196. 1196. 1196.  816.
  816.  816. 
  816.  816.  816.  816.   12.   12.   12.   12.   12.   12.   12.   12.
  816.  816. 1196. 1196. 1196.  816.  816.  816.   12.   12.   12.   12.
   12.   12. 
 12. 12. 12. 12. 12. 12. 12. 12. 12. 12. 12. 12. 12. 12. 12. 12. 12. 12.
 12. 12. 12. 12. 12. 12. 12. 12. 
   12.   12.  816.  816. 1196. 1196. 1196. 1196. 1196. 1196. 1196. 1196.
 1196. 1196. 1196.  816.  816.   12.   12.   12.   12.   12.   12.  816.
  816. 1196. 
 1196. 1196.  816.  816.  816.   12.   12.   12.   12.   12.   12.   12.
   12.   12.   12.   12.   12.   12.   12.   12.   12.   12.   12.   12.
   12.   12. 
   12.   12.   12.   12.   12.   12.   12.   12.   12.   12.   12.   12.
   12.   12.   12.  816.  816.  816. 1196. 1196. 1196. 1196. 1196. 1196.
 1196. 1196. 
 1196. 1196.  816.  816.   12.   12.   12.  816.  816.  816.  816. 1196.
 1196.  816.  816.  816.   12.   12.   12.   12.   12.   12.   12.   12.
   12.   12. 
 12. 12. 12. 12. 12. 12. 12. 12. 12. 12. 12. 12. 12. 12. 12. 12. 12. 12.
 12. 12. 12. 12. 12. 12. 12. 12. 
   12.   12.  816.  816.  816.  816.  816.  816.  816.  816. 1196. 1196.
 1196. 1196.  816.  816.   12.   12.  816.  816.  816.  816. 1196. 1196.
 1196.  816. 
 816.  12.  12.  12.  12.  12.  12.  12.  12.  12.  12.  12.  12.  12.
  12.  12.  12.  12.  12.  12.  12.  12.  12.  12.  12.  12. 
   12.   12.   12.   12.   12.   12.   12.   12.   12.   12.   12.   12.
   12.   12.   12.   12.  816.  816.  816.  816.  816.  816.  816. 1196.
 1196. 1196. 
  816.  816.   12.   12.  816.  816.  816. 1196. 1196. 1196.  816.  816.
   12.   12.   12.   12.   12.   12.   12.   12.   12.   12.   12.   12.
   12.   12. 
 12. 12. 12. 12. 12. 12. 12. 12. 12. 12. 12. 12. 12. 12. 12. 12. 12. 12.
 12. 12. 12. 12. 12. 12. 12. 12. 
   12.   12.   12.   12.   12.   12.  816. 1196. 1196. 1196. 1196. 1196.
  816.  816.   12.  816.  816.  816.  816. 1196. 1196. 1196.  816.   12.
   12.   12. 
 12. 12. 12. 12. 12. 12. 12. 12. 12. 12. 12. 12. 12. 12. 12. 12. 12. 12.
 12. 12. 12. 12. 12. 12. 12. 12. 
   12.   12.   12.   12.   12.   12.   12.   12.   12.   12.   12.   12.
   12.   12.   12.   12.   12.  816.  816. 1196. 1196. 1196. 1196.  816.
  816.   12. 
   12.  816.  816.  816.  816. 1196. 1196.  816.   12.   12.   12.   12.
   12.   12.   12.   12.   12.   12.   12.   12.   12.   12.   12.   12.
   12.   12. 
 12. 12. 12. 12. 12. 12. 12. 12. 12. 12. 12. 12. 12. 12. 12. 12. 12. 12.
 12. 12. 12. 12. 12. 12. 12. 12. 
   12.   12.  816.  816. 1196. 1196. 1196. 1196.  816.  816.   12.   12.
   12.  816.  816.  816.  816. 1196. 1196.  816.  816.   12.   12.   12.
   12.   12. 
 12. 12. 12. 12. 12. 12. 12. 12. 12. 12. 12. 12. 12. 12. 12. 12. 12. 12.
 12. 12. 12. 12. 12. 12. 12. 12. 
   12.   12.   12.   12.   12.   12.   12.   12.   12.   12.   12.   12.
   12.  816.  816. 1196. 1196. 1196. 1196.  816.  816.   12.   12.   12.
   12.   12. 
  816.  816.  816. 1196. 1196. 1196.  816.  816.   12.   12.   12.   12.
   12.   12.   12.   12.   12.   12.   12.   12.   12.   12.   12.   12.
   12.   12. 
  12.  12.  12.  12.  12.  12.  12.  12.  12.  12.  12.  12.  12.  12.
  12.  12.  12.  12.  12.  12.  12.  12.  12.  12.  12. 816. 
 1196. 1196. 1196. 1196.  816.  816.   12.   12.   12.   12.   12.   12.
  816.  816.  816.  816. 1196. 1196. 1196. 1196.  816.   12.   12.   12.
   12.   12. 
 12. 12. 12. 12. 12. 12. 12. 12. 12. 12. 12. 12. 12. 12. 12. 12. 12. 12.
 12. 12. 12. 12. 12. 12. 12. 12. 
   12.   12.   12.   12.   12.   12.   12.   12.   12.   12.  816.  816.
 1196. 1196. 1196.  816.  816.  816.  816.  816.  816.  816.   12.   12.
   12.  816. 
  816. 1196.  816. 1196. 1196. 1196.  816.  816.   12.   12.   12.   12.
   12.   12.   12.   12.   12.   12.   12.   12.   12.   12.   12.   12.
   12.   12. 
   12.   12.   12.   12.   12.   12.   12.   12.   12.   12.   12.   12.
   12.   12.   12.   12.   12.   12.   12.   12.   12.   12.  816. 1196.
 1196. 1196. 
 1196.  816. 1196. 1196. 1196. 1196. 1196.  816.  816.  816.   12.   12.
  816.  816. 1196.  816. 1196. 1196. 1196.  816.  816.   12.   12.   12.
   12.   12. 
 12. 12. 12. 12. 12. 12. 12. 12. 12. 12. 12. 12. 12. 12. 12. 12. 12. 12.
 12. 12. 12. 12. 12. 12. 12. 12. 
   12.   12.   12.   12.   12.   12.   12.   12.  816. 1196. 1196. 1196.
 1196. 1196. 1196. 1196. 1196. 1196. 1196. 1196. 1196.  816.  816.   12.
   12.  816. 
  816.  816.  816. 1196. 1196. 1196.  816.  816.   12.   12.   12.   12.
   12.   12.   12.   12.   12.   12.   12.   12.   12.   12.   12.   12.
   12.   12. 
   12.   12.   12.   12.   12.   12.   12.   12.   12.   12.   12.   12.
   12.   12.   12.   12.   12.   12.   12.   12.  816.  816. 1196. 1196.
 1196. 1196. 
 1196. 1196. 1196. 1196. 1196. 1196. 1196. 1196.  816.  816.   12.   12.
  816.  816.  816.  816. 1196. 1196. 1196.  816.   12.   12.   12.   12.
   12.   12. 
 12. 12. 12. 12. 12. 12. 12. 12. 12. 12. 12. 12. 12. 12. 12. 12. 12. 12.
 12. 12. 12. 12. 12. 12. 12. 12. 
   12.   12.   12.   12.   12.   12.   12.  816.  816. 1196. 1196. 1196.
  816.  816.  816.  816.  816. 1196. 1196. 1196.  816.  816.   12.   12.
   12.  816. 
  816.  816.  816. 1196. 1196.  816.   12.   12.   12.   12.   12.   12.
   12.   12.   12.   12.   12.   12.   12.   12.   12.   12.   12.   12.
   12.   12. 
  12.  12.  12.  12.  12.  12.  12.  12.  12.  12.  12.  12.  12.  12.
  12.  12.  12.  12.  12.  12. 816. 816. 816. 816. 816.  12. 
   12.   12.  816.  816. 1196. 1196. 1196.  816.   12.   12.   12.   12.
  816.  816. 1196. 1196. 1196.  816.   12.   12.   12.   12.   12.   12.
   12.   12. 
 12. 12. 12. 12. 12. 12. 12. 12. 12. 12. 12. 12. 12. 12. 12. 12. 12. 12.
 12. 12. 12. 12. 12. 12. 12. 12. 
   12.   12.   12.   12.   12.   12.   12.   12.   12.   12.   12.   12.
   12.  816.  816.  816. 1196. 1196. 1196.  816.   12.   12.   12.  816.
  816. 1196. 
 1196. 1196. 1196.  816.   12.   12.   12.   12.   12.   12.   12.   12.
   12.   12.   12.   12.   12.   12.   12.   12.   12.   12.   12.   12.
   12.   12. 
  12.  12.  12.  12.  12.  12.  12.  12.  12.  12.  12.  12.  12.  12.
  12.  12.  12.  12.  12.  12.  12.  12.  12.  12. 816. 816. 
  816. 1196. 1196. 1196.  816.  816.   12.   12.  816.  816. 1196. 1196.
 1196. 1196.  816.   12.   12.   12.   12.   12.   12.   12.   12.   12.
   12.   12. 
 12. 12. 12. 12. 12. 12. 12. 12. 12. 12. 12. 12. 12. 12. 12. 12. 12. 12.
 12. 12. 12. 12. 12. 12. 12. 12. 
   12.   12.   12.   12.   12.   12.   12.   12.  816.  816.  816. 1196.
 1196. 1196. 1196. 1196.  816.  816.   12.  816.  816. 1196. 1196. 1196.
 1196.  816. 
 816.  12.  12.  12.  12.  12.  12.  12.  12.  12.  12.  12.  12.  12.
  12.  12.  12.  12.  12.  12.  12.  12.  12.  12.  12.  12. 
   12.   12.   12.   12.   12.   12.   12.   12.   12.   12.   12.   12.
   12.   12.   12.   12.   12.   12.   12.  816.  816.  816. 1196. 1196.
 1196. 1196. 
 1196.  816.  816.  816.  816. 1196. 1196. 1196. 1196. 1196.  816.  816.
   12.   12.   12.   12.   12.   12.   12.   12.   12.   12.   12.   12.
   12.   12. 
 12. 12. 12. 12. 12. 12. 12. 12. 12. 12. 12. 12. 12. 12. 12. 12. 12. 12.
 12. 12. 12. 12. 12. 12. 12. 12. 
   12.   12.   12.   12.  816.  816.  816. 1196. 1196. 1196. 1196.  816.
  816.  816.  816.  816. 1196. 1196. 1196. 1196. 1196.  816.  816.  816.
   12.   12. 
 12. 12. 12. 12. 12. 12. 12. 12. 12. 12. 12. 12. 12. 12. 12. 12. 12. 12.
 12. 12. 12. 12. 12. 12. 12. 12. 
   12.   12.   12.   12.   12.   12.   12.   12.   12.   12.   12.   12.
   12.   12.   12.  816.  816.  816. 1196. 1196. 1196. 1196.  816.  816.
  816.   12. 
  816. 1196. 1196. 1196. 1196.  816.  816. 1196.  816.   12.   12.   12.
   12.   12.   12.   12.   12.   12.   12.   12.   12.   12.   12.   12.
   12.   12. 
 12. 12. 12. 12. 12. 12. 12. 12. 12. 12. 12. 12. 12. 12. 12. 12. 12. 12.
 12. 12. 12. 12. 12. 12. 12. 12. 
   12.  816.  816. 1196. 1196. 1196. 1196.  816.  816.  816.   12.  816.
  816. 1196. 1196. 1196.  816.  816. 1196. 1196.  816.   12.   12.   12.
   12.   12. 
 12. 12. 12. 12. 12. 12. 12. 12. 12. 12. 12. 12. 12. 12. 12. 12. 12. 12.
 12. 12. 12. 12. 12. 12. 12. 12. 
   12.   12.   12.   12.   12.   12.   12.   12.   12.   12.   12.   12.
  816.  816. 1196. 1196. 1196. 1196.  816.  816.  816.   12.   12.  816.
 1196. 1196. 
 1196.  816.  816. 1196. 1196. 1196.  816.   12.   12.   12.   12.   12.
   12.   12.   12.   12.   12.   12.   12.   12.   12.   12.   12.   12.
   12.   12. 
  12.  12.  12.  12.  12.  12.  12.  12.  12.  12.  12.  12.  12.  12.
  12.  12.  12.  12.  12.  12.  12.  12.  12.  12. 816. 816. 
 1196. 1196. 1196.  816.  816.  816.   12.   12.   12.  816. 1196. 1196.
 1196.  816.  816. 1196. 1196.  816.  816.   12.   12.   12.   12.   12.
   12.   12. 
 12. 12. 12. 12. 12. 12. 12. 12. 12. 12. 12. 12. 12. 12. 12. 12. 12. 12.
 12. 12. 12. 12. 12. 12. 12. 12. 
   12.   12.   12.   12.   12.   12.   12.   12.   12.   12.  816.  816.
 1196. 1196. 1196.  816.  816.  816.   12.   12.   12.  816.  816. 1196.
 1196.  816. 
  816. 1196. 1196.  816.   12.   12.   12.   12.   12.   12.   12.   12.
   12.   12.   12.   12.   12.   12.   12.   12.   12.   12.   12.   12.
   12.   12. 
   12.   12.   12.   12.   12.   12.   12.   12.   12.   12.   12.   12.
   12.   12.   12.   12.   12.   12.   12.   12.   12.   12.   12.  816.
  816. 1196. 
 1196. 1196.  816.  816.  816.   12.   12.  816.  816. 1196. 1196. 1196.
  816.  816. 1196.  816.  816.   12.   12.   12.   12.   12.   12.   12.
   12.   12. 
 12. 12. 12. 12. 12. 12. 12. 12. 12. 12. 12. 12. 12. 12. 12. 12. 12. 12.
 12. 12. 12. 12. 12. 12. 12. 12. 
   12.   12.   12.   12.   12.   12.   12.   12.   12.  816.  816. 1196.
 1196. 1196. 1196.  816.  816.  816.  816.  816.  816. 1196. 1196. 1196.
 1196.  816. 
 816. 816. 816. 816.  12.  12.  12.  12.  12.  12.  12.  12.  12.  12.
  12.  12.  12.  12.  12.  12.  12.  12.  12.  12.  12.  12. 
   12.   12.   12.   12.   12.   12.   12.   12.   12.   12.   12.   12.
   12.   12.   12.   12.   12.   12.   12.   12.   12.   12.  816.  816.
 1196. 1196. 
 1196. 1196. 1196. 1196.  816.  816.  816.  816. 1196. 1196. 1196. 1196.
  816.  816. 1196.  816.  816.  816.  816.   12.   12.   12.   12.   12.
   12.   12. 
 12. 12. 12. 12. 12. 12. 12. 12. 12. 12. 12. 12. 12. 12. 12. 12. 12. 12.
 12. 12. 12. 12. 12. 12. 12. 12. 
   12.   12.   12.   12.   12.   12.   12.   12.   12.  816.  816. 1196.
 1196. 1196. 1196. 1196. 1196. 1196.  816.  816.  816. 1196. 1196. 1196.
 1196.  816. 
  816. 1196.  816.  816.  816.  816.  816.   12.   12.   12.   12.   12.
   12.   12.   12.   12.   12.   12.   12.   12.   12.   12.   12.   12.
   12.   12. 
   12.   12.   12.   12.   12.   12.   12.   12.   12.   12.   12.   12.
   12.   12.   12.   12.   12.   12.   12.   12.   12.   12.  816.  816.
  816. 1196. 
 1196. 1196. 1196. 1196. 1196.  816.  816.  816. 1196. 1196. 1196. 1196.
  816. 1196. 1196. 1196. 1196. 1196.  816.  816.   12.   12.   12.   12.
   12.   12. 
 12. 12. 12. 12. 12. 12. 12. 12. 12. 12. 12. 12. 12. 12. 12. 12. 12. 12.
 12. 12. 12. 12. 12. 12. 12. 12. 
   12.   12.   12.   12.   12.   12.   12.   12.   12.  816.  816.  816.
  816.  816. 1196. 1196. 1196.  816.  816.  816.  816. 1196. 1196. 1196.
  816. 1196. 
 1196. 1196. 1196. 1196. 1196.  816.  816.   12.   12.   12.   12.   12.
   12.   12.   12.   12.   12.   12.   12.   12.   12.   12.   12.   12.
   12.   12. 
  12.  12.  12.  12.  12.  12.  12.  12.  12.  12.  12.  12.  12.  12.
  12.  12.  12.  12.  12.  12.  12.  12.  12.  12. 816. 816. 
  816. 1196. 1196.  816.  816.  816.  816. 1196. 1196. 1196.  816. 1196.
  816. 1196. 1196. 1196. 1196.  816.  816.   12.   12.   12.   12.   12.
   12.   12. 
 12. 12. 12. 12. 12. 12. 12. 12. 12. 12. 12. 12. 12. 12. 12. 12. 12. 12.
 12. 12. 12. 12. 12. 12. 12. 12. 
   12.   12.   12.   12.   12.   12.   12.   12.   12.   12.   12.  816.
  816. 1196. 1196.  816.  816.  816. 1196. 1196. 1196. 1196.  816.  816.
  816.  816. 
  816. 1196. 1196. 1196.  816.  816.   12.   12.   12.   12.   12.   12.
   12.   12.   12.   12.   12.   12.   12.   12.   12.   12.   12.   12.
   12.   12. 
   12.   12.   12.   12.   12.   12.   12.   12.   12.   12.   12.   12.
   12.   12.   12.   12.   12.   12.   12.   12.   12.   12.  816.  816.
 1196. 1196. 
 1196.  816.  816. 1196. 1196. 1196. 1196.  816.  816.  816.  816. 1196.
 1196. 1196. 1196. 1196.  816.   12.   12.   12.   12.   12.   12.   12.
   12.   12. 
 12. 12. 12. 12. 12. 12. 12. 12. 12. 12. 12. 12. 12. 12. 12. 12. 12. 12.
 12. 12. 12. 12. 12. 12. 12. 12. 
   12.   12.   12.   12.   12.   12.   12.  816.  816. 1196. 1196. 1196.
  816.  816. 1196. 1196. 1196. 1196.  816.  816.  816. 1196. 1196. 1196.
 1196. 1196. 
 1196.  816.  816.   12.   12.   12.   12.   12.   12.   12.   12.   12.
   12.   12.   12.   12.   12.   12.   12.   12.   12.   12.   12.   12.
   12.   12. 
   12.   12.   12.   12.   12.   12.   12.   12.   12.   12.   12.   12.
   12.   12.   12.   12.   12.   12.  816.  816. 1196. 1196. 1196. 1196.
  816. 1196. 
 1196. 1196. 1196.  816.  816.  816.  816. 1196. 1196. 1196. 1196.  816.
  816.  816.   12.   12.   12.   12.   12.   12.   12.   12.   12.   12.
   12.   12. 
 12. 12. 12. 12. 12. 12. 12. 12. 12. 12. 12. 12. 12. 12. 12. 12. 12. 12.
 12. 12. 12. 12. 12. 12. 12. 12. 
   12.   12.   12.  816.  816. 1196. 1196. 1196. 1196.  816.  816. 1196.
 1196. 1196.  816.  816.  816.  816. 1196. 1196. 1196.  816.  816.  816.
   12.   12. 
 12. 12. 12. 12. 12. 12. 12. 12. 12. 12. 12. 12. 12. 12. 12. 12. 12. 12.
 12. 12. 12. 12. 12. 12. 12. 12. 
   12.   12.   12.   12.   12.   12.   12.   12.   12.   12.   12.   12.
   12.   12.  816.  816. 1196. 1196. 1196. 1196.  816.  816.  816. 1196.
 1196. 1196. 
  816.  816.  816. 1196. 1196. 1196.  816.  816.  816.   12.   12.   12.
   12.   12.   12.   12.   12.   12.   12.   12.   12.   12.   12.   12.
   12.   12. 
  12.  12.  12.  12.  12.  12.  12.  12.  12.  12.  12.  12.  12.  12.
  12.  12.  12.  12.  12.  12.  12.  12.  12.  12.  12. 816. 
  816. 1196. 1196. 1196. 1196.  816.  816.  816. 1196. 1196. 1196. 1196.
  816.  816.  816. 1196. 1196. 1196.  816.   12.   12.   12.   12.   12.
   12.   12. 
 12. 12. 12. 12. 12. 12. 12. 12. 12. 12. 12. 12. 12. 12. 
/