PERMI
   14.   14.   14.   14. 2291. 3712. 3712. 3712. 2291.   14.   14.   14.
   14.   14.   14.   14.   14.   14.   14.   14.   14.   14.   14. 2291.
 2291. 3712. 
 3712. 3712. 3712. 2291.   14.   14.   14.   14.   14. 2291. 2291. 3712.
 3712. 2291.   14.   14.   14.   14.   14.   14.   14.   14.   14.   14.
   14.   14. 
   14.   14.   14.   14.   14.   14.   14.   14.   14.   14.   14.   14.
   14.   14.   14.   14. 2291. 3712. 3712. 3712. 2291.   14.   14.   14.
   14.   14. 
   14.   14.   14.   14.   14.   14.   14.   14.   14.   14. 2291. 2291.
 3712. 3712. 3712. 3712. 2291.   14.   14.   14. 2291. 2291. 2291. 3712.
 3712. 2291. 
 14. 14. 14. 14. 14. 14. 14. 14. 14. 14. 14. 14. 14. 14. 14. 14. 14. 14.
 14. 14. 14. 14. 14. 14. 14. 14. 
   14.   14.   14. 2291. 3712. 3712. 2291.   14.   14.   14.   14.   14.
   14.   14.   14.   14.   14.   14.   14.   14.   14.   14.   14. 2291.
 2291. 3712. 
 3712. 3712. 2291. 2291.   14. 2291. 2291. 3712. 2291. 2291. 2291. 2291.
   14.   14.   14.   14.   14.   14.   14.   14.   14.   14.   14.   14.
   14.   14. 
   14.   14.   14.   14.   14.   14.   14.   14.   14.   14.   14.   14.
   14.   14.   14. 2291. 3712. 3712. 3712. 2291.   14.   14.   14.   14.
   14.   14. 
   14.   14.   14.   14.   14.   14.   14.   14.   14.   14. 2291. 3712.
 3712. 3712. 2291. 2291.   14. 2291. 3712. 3712. 3712. 2291.   14.   14.
   14.   14. 
 14. 14. 14. 14. 14. 14. 14. 14. 14. 14. 14. 14. 14. 14. 14. 14. 14. 14.
 14. 14. 14. 14. 14. 14. 14. 14. 
   14.   14. 2291. 3712. 3712. 2291.   14.   14.   14.   14.   14.   14.
   14.   14.   14.   14.   14.   14.   14.   14.   14. 2291. 2291. 3712.
 3712. 3712. 
 2291.   14. 2291. 3712. 3712. 3712. 2291. 2291.   14.   14.   14.   14.
   14.   14.   14.   14.   14.   14.   14.   14.   14.   14.   14.   14.
   14.   14. 
   14.   14.   14.   14.   14.   14.   14.   14.   14.   14.   14.   14.
   14.   14. 2291. 3712. 3712. 2291.   14.   14.   14.   14.   14.   14.
   14.   14. 
   14.   14.   14.   14.   14.   14. 2291. 2291. 3712. 3712. 3712. 2291.
 2291.   14. 2291. 3712. 3712. 2291. 2291.   14.   14.   14.   14.   14.
   14.   14. 
 14. 14. 14. 14. 14. 14. 14. 14. 14. 14. 14. 14. 14. 14. 14. 14. 14. 14.
 14. 14. 14. 14. 14. 14. 14. 14. 
 2291. 3712. 3712. 2291.   14.   14.   14.   14.   14.   14.   14.   14.
   14.   14.   14.   14.   14.   14. 2291. 3712. 3712. 3712. 2291. 2291.
   14.   14. 
 2291. 3712. 3712. 3712. 2291. 2291. 2291.   14.   14.   14.   14.   14.
   14.   14.   14.   14.   14.   14.   14.   14.   14.   14.   14.   14.
   14.   14. 
   14.   14.   14.   14.   14.   14.   14.   14.   14.   14.   14.   14.
 2291. 3712. 3712. 2291.   14.   14.   14.   14.   14.   14.   14.   14.
   14.   14. 
   14.   14.   14.   14. 2291. 3712. 3712. 3712. 2291.   14.   14.   14.
 2291. 2291. 3712. 3712. 3712. 3712. 3712. 2291.   14.   14.   14.   14.
   14.   14. 
   14.   14.   14.   14.   14.   14.   14.   14.   14.   14.   14.   14.
   14.   14.   14.   14.   14.   14.   14.   14.   14.   14.   14.   14.
 2291. 3712. 
 3712. 2291.   14.   14.   14.   14.   14.   14.   14.   14.   14.   14.
   14.   14.   14. 2291. 2291. 3712. 3712. 2291. 2291.   14.   14.   14.
   14. 2291. 
 2291. 2291. 3712. 3712. 3712. 3712. 2291.   14.   14.   14.   14.   14.
   14.   14.   14.   14.   14.   14.   14.   14.   14.   14.   14.   14.
   14.   14. 
   14.   14.   14.   14.   14.   14.   14.   14.   14. 2291. 2291. 3712.
 3712. 2291.   14.   14.   14.   14.   14.   14.   14.   14.   14.   14.
   14.   14. 
   14. 2291. 2291. 3712. 3712. 2291. 2291.   14.   14.   14.   14.   14.
   14. 2291. 2291. 2291. 3712. 3712. 2291. 2291.   14.   14.   14.   14.
   14.   14. 
   14.   14.   14.   14.   14.   14.   14.   14.   14.   14.   14.   14.
   14.   14.   14.   14.   14.   14.   14.   14.   14.   14. 2291. 3712.
 3712. 2291. 
   14.   14.   14.   14.   14.   14.   14.   14.   14.   14.   14.   14.
   14. 2291. 2291. 3712. 3712. 3712. 2291.   14.   14.   14.   14.   14.
   14.   14. 
 2291. 2291. 2291. 3712. 2291. 2291.   14.   14.   14.   14.   14.   14.
   14.   14.   14.   14.   14.   14.   14.   14.   14.   14.   14.   14.
   14.   14. 
   14.   14.   14.   14.   14.   14.   14.   14. 2291. 3712. 3712. 2291.
   14.   14.   14.   14.   14.   14.   14.   14.   14.   14.   14.   14.
   14.   14. 
 2291. 3712. 3712. 3712. 2291. 2291.   14.   14.   14.   14.   14. 2291.
 2291. 3712. 3712. 3712. 2291.   14.   14.   14.   14.   14.   14.   14.
   14.   14. 
   14.   14.   14.   14.   14.   14.   14.   14.   14.   14.   14.   14.
   14.   14.   14.   14.   14.   14.   14.   14. 2291. 3712. 3712. 3712.
 2291.   14. 
   14.   14.   14.   14.   14.   14.   14.   14.   14.   14.   14.   14.
 2291. 2291. 3712. 3712. 3712. 2291.   14.   14.   14.   14. 2291. 2291.
 3712. 3712. 
 3712. 2291.   14.   14.   14.   14.   14.   14.   14.   14.   14.   14.
   14.   14.   14.   14.   14.   14.   14.   14.   14.   14.   14.   14.
   14.   14. 
   14.   14.   14.   14.   14.   14.   14. 2291. 3712. 3712. 2291. 2291.
   14.   14.   14.   14.   14.   14.   14.   14.   14.   14.   14.   14.
   14. 2291. 
 3712. 3712. 3712. 2291.   14.   14.   14. 2291. 2291. 3712. 3712. 2291.
 2291.   14.   14.   14.   14.   14.   14.   14.   14.   14.   14.   14.
   14.   14. 
   14.   14.   14.   14.   14.   14.   14.   14.   14.   14.   14.   14.
   14.   14.   14.   14.   14.   14.   14. 2291. 2291. 3712. 3712. 2291.
   14.   14. 
   14.   14.   14.   14.   14.   14.   14.   14.   14.   14.   14. 2291.
 3712. 3712. 3712. 2291.   14.   14.   14. 2291. 3712. 3712. 3712. 2291.
   14.   14. 
 14. 14. 14. 14. 14. 14. 14. 14. 14. 14. 14. 14. 14. 14. 14. 14. 14. 14.
 14. 14. 14. 14. 14. 14. 14. 14. 
   14.   14.   14.   14.   14.   14. 2291. 3712. 3712. 2291.   14.   14.
   14.   14.   14.   14.   14.   14.   14.   14.   14.   14. 2291. 2291.
 3712. 3712. 
 3712. 2291.   14.   14.   14. 2291. 3712. 3712. 3712. 2291. 2291. 2291.
   14.   14.   14.   14.   14.   14.   14.   14.   14.   14.   14.   14.
   14.   14. 
   14.   14.   14.   14.   14.   14.   14.   14.   14.   14.   14.   14.
   14.   14.   14.   14.   14. 2291. 3712. 3712. 3712. 2291.   14.   14.
   14.   14. 
   14.   14.   14.   14.   14.   14.   14. 2291. 2291. 3712. 3712. 3712.
 2291. 2291.   14.   14.   14. 2291. 2291. 3712. 3712. 3712. 3712. 2291.
 2291.   14. 
 14. 14. 14. 14. 14. 14. 14. 14. 14. 14. 14. 14. 14. 14. 14. 14. 14. 14.
 14. 14. 14. 14. 14. 14. 14. 14. 
   14.   14. 2291. 3712. 3712. 3712. 3712. 2291.   14.   14.   14.   14.
   14.   14.   14.   14.   14.   14.   14. 2291. 3712. 3712. 3712. 2291.
 2291.   14. 
   14.   14.   14.   14. 2291. 2291. 2291. 3712. 3712. 3712. 2291. 2291.
   14.   14.   14.   14.   14.   14.   14.   14.   14.   14.   14.   14.
   14.   14. 
   14.   14.   14.   14.   14.   14.   14.   14.   14.   14.   14.   14.
   14.   14. 2291. 3712. 3712. 3712. 2291.   14.   14.   14.   14.   14.
   14.   14. 
   14.   14.   14.   14. 2291. 3712. 3712. 3712. 2291. 2291.   14.   14.
   14.   14.   14.   14.   14. 2291. 2291. 2291. 3712. 3712. 3712. 2291.
   14.   14. 
 14. 14. 14. 14. 14. 14. 14. 14. 14. 14. 14. 14. 14. 14. 14. 14. 14. 14.
 14. 14. 14. 14. 14. 14. 14. 14. 
 3712. 3712. 3712. 2291.   14.   14.   14.   14.   14.   14.   14.   14.
   14.   14.   14.   14. 2291. 3712. 3712. 3712. 2291.   14.   14.   14.
   14.   14. 
   14.   14.   14.   14.   14. 2291. 2291. 3712. 3712. 2291.   14.   14.
   14.   14.   14.   14.   14.   14.   14.   14.   14.   14.   14.   14.
   14.   14. 
   14.   14.   14.   14.   14.   14.   14.   14.   14.   14.   14.   14.
 2291. 3712. 3712. 3712. 2291.   14.   14.   14.   14.   14.   14.   14.
   14.   14. 
   14. 2291. 3712. 3712. 3712. 2291.   14.   14.   14.   14.   14.   14.
   14.   14.   14.   14.   14. 2291. 3712. 3712. 3712. 2291.   14.   14.
   14.   14. 
   14.   14.   14.   14.   14.   14.   14.   14.   14.   14.   14.   14.
   14.   14.   14.   14.   14.   14.   14.   14.   14.   14.   14.   14.
 2291. 3712. 
 3712. 3712. 2291.   14.   14.   14.   14.   14.   14.   14.   14.   14.
   14. 2291. 3712. 3712. 3712. 2291.   14.   14.   14.   14.   14.   14.
   14.   14. 
   14.   14. 2291. 3712. 3712. 3712. 2291. 2291.   14.   14.   14.   14.
   14.   14.   14.   14.   14.   14.   14.   14.   14.   14.   14.   14.
   14.   14. 
   14.   14.   14.   14.   14.   14.   14.   14.   14.   14.   14. 2291.
 3712. 3712. 3712. 2291.   14.   14.   14.   14.   14.   14.   14.   14.
   14. 2291. 
 3712. 3712. 2291. 2291.   14.   14.   14.   14.   14.   14.   14.   14.
   14. 2291. 3712. 3712. 3712. 2291. 2291.   14.   14.   14.   14.   14.
   14.   14. 
   14.   14.   14.   14.   14.   14.   14.   14.   14.   14.   14.   14.
   14.   14.   14.   14.   14.   14.   14.   14.   14.   14.   14. 2291.
 3712. 3712. 
 3712. 2291.   14.   14.   14.   14.   14.   14.   14.   14.   14. 2291.
 3712. 3712. 3712. 2291.   14.   14.   14.   14.   14.   14.   14.   14.
 2291. 3712. 
 3712. 3712. 2291. 2291.   14.   14.   14.   14.   14.   14.   14.   14.
   14.   14.   14.   14.   14.   14.   14.   14.   14.   14.   14.   14.
   14.   14. 
   14.   14.   14.   14.   14.   14.   14.   14.   14.   14. 2291. 3712.
 3712. 3712. 2291.   14.   14.   14.   14.   14.   14.   14.   14. 2291.
 2291. 3712. 
 3712. 2291.   14.   14.   14.   14.   14.   14.   14.   14. 2291. 3712.
 3712. 3712. 2291.   14.   14.   14.   14.   14.   14.   14.   14.   14.
   14.   14. 
   14.   14.   14.   14.   14.   14.   14.   14.   14.   14.   14.   14.
   14.   14.   14.   14.   14.   14.   14.   14.   14.   14. 2291. 3712.
 3712. 3712. 
 2291.   14.   14.   14.   14.   14.   14.   14.   14.   14. 2291. 3712.
 3712. 2291. 2291.   14.   14.   14.   14.   14.   14.   14. 2291. 3712.
 3712. 2291. 
 2291.   14.   14.   14.   14.   14.   14.   14.   14.   14.   14.   14.
   14.   14.   14.   14.   14.   14.   14.   14.   14.   14.   14.   14.
   14.   14. 
   14.   14.   14.   14.   14.   14.   14. 2291. 3712. 3712. 3712. 2291.
   14.   14.   14.   14.   14.   14.   14.   14.   14.   14. 2291. 2291.
 3712. 3712. 
 2291.   14.   14.   14.   14.   14.   14.   14. 2291. 3712. 3712. 3712.
 2291.   14.   14.   14.   14.   14.   14.   14.   14.   14.   14.   14.
   14.   14. 
   14.   14.   14.   14.   14.   14.   14.   14.   14.   14.   14.   14.
   14.   14.   14.   14.   14.   14. 2291. 3712. 3712. 3712. 3712. 2291.
   14.   14. 
   14.   14.   14.   14.   14.   14.   14.   14.   14. 2291. 3712. 3712.
 2291.   14.   14.   14.   14.   14.   14.   14.   14. 2291. 3712. 3712.
 3712. 2291. 
 14. 14. 14. 14. 14. 14. 14. 14. 14. 14. 14. 14. 14. 14. 14. 14. 14. 14.
 14. 14. 14. 14. 14. 14. 14. 14. 
   14.   14.   14.   14. 3712. 3712. 3712. 3712. 2291.   14.   14.   14.
   14.   14.   14.   14.   14.   14.   14.   14.   14. 2291. 3712. 3712.
 2291.   14. 
   14.   14.   14.   14.   14.   14.   14.   14. 2291. 3712. 3712. 2291.
   14.   14.   14.   14.   14.   14.   14.   14.   14.   14.   14.   14.
   14.   14. 
   14.   14.   14.   14.   14.   14.   14.   14.   14.   14.   14.   14.
   14.   14.   14. 2291. 3712. 3712. 3712. 2291.   14.   14.   14.   14.
   14.   14. 
   14.   14.   14.   14.   14.   14.   14. 2291. 2291. 3712. 2291.   14.
   14.   14.   14.   14.   14.   14.   14.   14. 2291. 3712. 3712. 2291.
   14.   14. 
 14. 14. 14. 14. 14. 14. 14. 14. 14. 14. 14. 14. 14. 14. 14. 14. 14. 14.
 14. 14. 14. 14. 14. 14. 14. 14. 
   14. 2291. 3712. 3712. 3712. 2291.   14.   14.   14.   14.   14.   14.
   14.   14.   14.   14.   14.   14.   14. 2291. 3712. 3712. 2291.   14.
   14.   14. 
   14.   14.   14.   14.   14.   14. 2291. 3712. 3712. 2291.   14.   14.
   14.   14.   14.   14.   14.   14.   14.   14.   14.   14.   14.   14.
   14.   14. 
   14.   14.   14.   14.   14.   14.   14.   14.   14.   14.   14.   14.
   14. 2291. 3712. 3712. 2291.   14.   14.   14.   14.   14.   14.   14.
   14.   14. 
   14.   14.   14.   14.   14. 2291. 3712. 3712. 2291.   14.   14.   14.
   14.   14.   14.   14.   14. 2291. 2291. 3712. 3712. 2291.   14.   14.
   14.   14. 
   14.   14.   14.   14.   14.   14.   14.   14.   14.   14.   14.   14.
   14.   14.   14.   14.   14.   14.   14.   14.   14.   14.   14.   14.
   14. 2291. 
 3712. 3712. 3712. 2291.   14.   14.   14.   14.   14.   14.   14.   14.
   14.   14.   14.   14.   14. 2291. 3712. 3712. 2291.   14.   14.   14.
   14.   14. 
 2291. 2291. 2291. 3712. 3712. 3712. 2291. 2291.   14.   14.   14.   14.
   14.   14.   14.   14.   14.   14.   14.   14.   14.   14.   14.   14.
   14.   14. 
   14.   14.   14.   14.   14.   14.   14.   14.   14.   14.   14.   14.
 2291. 3712. 3712. 2291.   14.   14.   14.   14.   14.   14.   14.   14.
   14.   14. 
   14.   14.   14. 2291. 3712. 3712. 3712. 2291.   14.   14.   14. 2291.
 2291. 3712. 3712. 3712. 3712. 2291. 2291.   14.   14.   14.   14.   14.
   14.   14. 
   14.   14.   14.   14.   14.   14.   14.   14.   14.   14.   14.   14.
   14.   14.   14.   14.   14.   14.   14.   14.   14.   14.   14.   14.
 2291. 3712. 
 3712. 3712. 2291.   14.   14.   14.   14.   14.   14.   14.   14.   14.
   14.   14.   14. 2291. 3712. 3712. 2291.   14.   14.   14. 2291. 2291.
 3712. 3712. 
 3712. 3712. 2291. 2291.   14.   14.   14.   14.   14.   14.   14.   14.
   14.   14.   14.   14.   14.   14.   14.   14.   14.   14.   14.   14.
   14.   14. 
   14.   14.   14.   14.   14.   14.   14.   14.   14.   14.   14. 2291.
 3712. 3712. 3712. 2291.   14.   14.   14.   14.   14.   14.   14.   14.
   14.   14. 
   14. 2291. 3712. 3712. 3712. 2291.   14.   14. 2291. 3712. 3712. 3712.
 2291. 2291.   14.   14.   14.   14.   14.   14.   14.   14.   14.   14.
   14.   14. 
   14.   14.   14.   14.   14.   14.   14.   14.   14.   14.   14.   14.
   14.   14.   14.   14.   14.   14.   14.   14.   14.   14.   14.   14.
 2291. 3712. 
 3712. 3712. 2291.   14.   14.   14.   14.   14.   14.   14.   14.   14.
   14. 2291. 2291. 3712. 3712. 2291.   14. 2291. 2291. 3712. 3712. 2291.
 2291.   14. 
 14. 14. 14. 14. 14. 14. 14. 14. 14. 14. 14. 14. 14. 14. 14. 14. 14. 14.
 14. 14. 14. 14. 14. 14. 14. 14. 
   14.   14.   14.   14.   14.   14.   14.   14.   14.   14.   14. 2291.
 3712. 3712. 2291.   14.   14.   14.   14.   14.   14.   14.   14.   14.
   14.   14. 
 2291. 3712. 3712. 3712. 2291. 2291. 2291. 3712. 3712. 2291.   14.   14.
   14.   14.   14.   14.   14.   14.   14.   14.   14.   14.   14.   14.
   14.   14. 
   14.   14.   14.   14.   14.   14.   14.   14.   14.   14.   14.   14.
   14.   14.   14.   14.   14.   14.   14.   14.   14.   14.   14. 2291.
 3712. 3712. 
 2291.   14.   14.   14.   14.   14.   14.   14.   14.   14.   14.   14.
 2291. 2291. 3712. 3712. 2291.   14. 2291. 3712. 3712. 2291.   14.   14.
   14.   14. 
 14. 14. 14. 14. 14. 14. 14. 14. 14. 14. 14. 14. 14. 14. 14. 14. 14. 14.
 14. 14. 14. 14. 14. 14. 14. 14. 
   14.   14.   14.   14.   14.   14.   14.   14. 2291. 3712. 3712. 2291.
   14.   14.   14.   14.   14.   14.   14.   14.   14.   14.   14.   14.
   14. 2291. 
 3712. 3712. 3712. 2291. 2291. 3712. 3712. 3712. 2291.   14.   14.   14.
   14.   14.   14.   14.   14.   14.   14.   14.   14.   14.   14.   14.
   14.   14. 
   14.   14.   14.   14.   14.   14.   14.   14.   14.   14.   14.   14.
   14.   14.   14.   14.   14.   14.   14. 2291. 3712. 3712. 3712. 2291.
   14.   14. 
   14.   14.   14.   14.   14.   14.   14.   14.   14.   14.   14. 2291.
 3712. 3712. 3712. 2291.   14. 2291. 3712. 3712. 2291. 2291.   14.   14.
   14.   14. 
 14. 14. 14. 14. 14. 14. 14. 14. 14. 14. 14. 14. 14. 14. 14. 14. 14. 14.
 14. 14. 14. 14. 14. 14. 14. 14. 
   14.   14.   14.   14. 2291. 3712. 3712. 3712. 2291. 2291.   14.   14.
   14.   14.   14.   14.   14.   14.   14.   14.   14.   14. 2291. 2291.
 3712. 3712. 
 3712. 2291.   14. 2291. 3712. 3712. 3712. 2291.   14.   14.   14.   14.
   14.   14.   14.   14.   14.   14.   14.   14.   14.   14.   14.   14.
   14.   14. 
   14.   14.   14.   14.   14.   14.   14.   14.   14.   14.   14.   14.
   14.   14.   14. 2291. 3712. 3712. 3712. 2291. 2291.   14.   14.   14.
   14.   14. 
   14.   14.   14.   14.   14.   14.   14.   14. 2291. 3712. 3712. 3712.
 2291.   14.   14. 2291. 3712. 3712. 3712. 2291.   14.   14.   14.   14.
   14.   14. 
 14. 14. 14. 14. 14. 14. 14. 14. 14. 14. 14. 14. 14. 14. 14. 14. 14. 14.
 14. 14. 14. 14. 14. 14. 14. 14. 
   14. 2291. 3712. 3712. 2291.   14.   14.   14.   14.   14.   14.   14.
   14.   14.   14.   14.   14.   14.   14. 2291. 3712. 3712. 3712. 2291.
 2291.   14. 
 2291. 2291. 3712. 3712. 3712. 2291.   14.   14.   14.   14.   14.   14.
   14.   14.   14.   14.   14.   14.   14.   14.   14.   14.   14.   14.
   14.   14. 
   14.   14.   14.   14.   14.   14.   14.   14.   14.   14.   14.   14.
 2291. 3712. 3712. 3712. 2291.   14.   14.   14.   14.   14.   14.   14.
   14.   14. 
   14.   14.   14.   14. 2291. 2291. 3712. 3712. 3712. 2291.   14. 2291.
 2291. 3712. 3712. 3712. 2291.   14.   14.   14.   14.   14.   14.   14.
   14.   14. 
   14.   14.   14.   14.   14.   14.   14.   14.   14.   14.   14.   14.
   14.   14.   14.   14.   14.   14.   14.   14.   14.   14.   14.   14.
 2291. 3712. 
 3712. 2291.   14.   14.   14.   14.   14.   14.   14.   14.   14.   14.
   14.   14.   14.   14. 2291. 3712. 3712. 3712. 2291.   14. 2291. 2291.
 3712. 3712. 
 3712. 2291. 2291.   14.   14.   14.   14.   14.   14.   14.   14.   14.
   14.   14.   14.   14.   14.   14.   14.   14.   14.   14.   14.   14.
   14.   14. 
   14.   14.   14.   14.   14.   14.   14.   14.   14.   14. 2291. 3712.
 3712. 3712. 2291.   14.   14.   14.   14.   14.   14.   14.   14.   14.
   14.   14. 
   14.   14. 2291. 3712. 3712. 2291. 2291.   14. 2291. 3712. 3712. 3712.
 2291. 2291.   14.   14.   14.   14.   14.   14.   14.   14.   14.   14.
   14.   14. 
   14.   14.   14.   14.   14.   14.   14.   14.   14.   14.   14.   14.
   14.   14.   14.   14.   14.   14.   14.   14.   14.   14.   14. 2291.
 3712. 3712. 
 2291.   14.   14.   14.   14.   14.   14.   14.   14.   14.   14.   14.
   14.   14. 2291. 3712. 3712. 3712. 2291.   14. 2291. 3712. 3712. 3712.
 2291.   14. 
 14. 14. 14. 14. 14. 14. 14. 14. 14. 14. 14. 14. 14. 14. 14. 14. 14. 14.
 14. 14. 14. 14. 14. 14. 14. 14. 
   14.   14.   14.   14.   14.   14.   14.   14.   14. 2291. 3712. 3712.
 2291.   14.   14.   14.   14.   14.   14.   14.   14.   14.   14.   14.
   14.   14. 
 2291. 2291. 3712. 3712. 2291. 2291. 2291. 2291. 3712. 3712. 2291. 2291.
   14.   14.   14.   14.   14.   14.   14.   14.   14.   14.   14.   14.
   14.   14. 
   14.   14.   14.   14.   14.   14.   14.   14.   14.   14.   14.   14.
   14.   14.   14.   14.   14.   14.   14.   14.   14. 2291. 3712. 3712.
 3712. 2291. 
   14.   14.   14.   14.   14.   14.   14.   14.   14.   14.   14.   14.
   14. 2291. 3712. 3712. 3712. 2291. 2291. 2291. 3712. 3712. 3712. 2291.
 2291.   14. 
 14. 14. 14. 14. 14. 14. 14. 14. 14. 14. 14. 14. 14. 14. 14. 14. 14. 14.
 14. 14. 14. 14. 14. 14. 14. 14. 
   14.   14.   14.   14.   14.   14.   14. 2291. 3712. 3712. 3712. 2291.
   14.   14.   14.   14.   14.   14.   14.   14.   14.   14.   14.   14.
   14. 2291. 
 2291. 3712. 3712. 2291.   14. 2291. 2291. 3712. 3712. 3712. 2291. 2291.
   14.   14.   14.   14.   14.   14.   14.   14.   14.   14.   14.   14.
   14.   14. 
   14.   14.   14.   14.   14.   14.   14.   14.   14.   14.   14.   14.
   14.   14.   14.   14.   14.   14.   14. 2291. 3712. 3712. 2291. 2291.
   14.   14. 
   14.   14.   14.   14.   14.   14.   14.   14.   14.   14.   14. 2291.
 2291. 3712. 3712. 2291.   14.   14. 2291. 2291. 3712. 3712. 3712. 2291.
   14.   14. 
 14. 14. 14. 14. 14. 14. 14. 14. 14. 14. 14. 14. 14. 14. 14. 14. 14. 14.
 14. 14. 14. 14. 14. 14. 14. 14. 
   14.   14.   14.   14. 2291. 3712. 3712. 3712. 2291.   14.   14.   14.
   14.   14.   14.   14.   14.   14.   14.   14.   14.   14.   14. 2291.
 3712. 3712. 
 3712. 2291.   14.   14.   14. 2291. 2291. 3712. 3712. 2291.   14.   14.
   14.   14.   14.   14.   14.   14.   14.   14.   14.   14.   14.   14.
   14.   14. 
   14.   14.   14.   14.   14.   14.   14.   14.   14.   14.   14.   14.
   14.   14.   14. 2291. 2291. 3712. 3712. 3712. 2291.   14.   14.   14.
   14.   14. 
   14.   14.   14.   14.   14.   14.   14. 2291. 2291. 3712. 3712. 3712.
 3712. 2291.   14. 2291. 2291. 2291. 2291. 3712. 3712. 2291.   14.   14.
   14.   14. 
 14. 14. 14. 14. 14. 14. 14. 14. 14. 14. 14. 14. 14. 14. 14. 14. 14. 14.
 14. 14. 14. 14. 14. 14. 14. 14. 
   14. 2291. 3712. 3712. 3712. 2291.   14.   14.   14.   14.   14.   14.
   14.   14.   14.   14.   14.   14.   14. 2291. 3712. 3712. 3712. 3712.
 2291.   14. 
 2291. 2291. 3712. 3712. 3712. 3712. 3712. 2291.   14.   14.   14.   14.
   14.   14.   14.   14.   14.   14.   14.   14.   14.   14.   14.   14.
   14.   14. 
   14.   14.   14.   14.   14.   14.   14.   14.   14.   14.   14.   14.
   14. 2291. 3712. 3712. 2291. 2291.   14.   14.   14.   14.   14.   14.
   14.   14. 
   14.   14.   14.   14. 2291. 3712. 3712. 3712. 3712. 2291.   14.   14.
 2291. 3712. 3712. 3712. 3712. 3712. 2291.   14.   14.   14.   14.   14.
   14.   14. 
   14.   14.   14.   14.   14.   14.   14.   14.   14.   14.   14.   14.
   14.   14.   14.   14.   14.   14.   14.   14.   14.   14.   14.   14.
   14. 2291. 
 3712. 3712. 2291.   14.   14.   14.   14.   14.   14.   14.   14.   14.
   14.   14.   14. 2291. 2291. 3712. 3712. 2291. 2291.   14.   14. 2291.
 2291. 3712. 
 3712. 2291. 2291. 2291.   14.   14.   14.   14.   14.   14.   14.   14.
   14.   14.   14.   14.   14.   14.   14.   14.   14.   14.   14.   14.
   14.   14. 
   14.   14.   14.   14.   14.   14.   14.   14.   14.   14.   14. 2291.
 3712. 3712. 2291.   14.   14.   14.   14.   14.   14.   14.   14.   14.
   14.   14. 
   14. 2291. 3712. 3712. 3712. 2291.   14.   14.   14. 2291. 2291. 3712.
 3712. 2291. 2291. 2291. 2291.   14.   14.   14.   14.   14.   14.   14.
   14.   14. 
   14.   14.   14.   14.   14.   14.   14.   14.   14.   14.   14.   14.
   14.   14.   14.   14.   14.   14.   14.   14.   14.   14.   14. 2291.
 3712. 3712. 
 3712. 2291.   14.   14.   14.   14.   14.   14.   14.   14.   14.   14.
   14. 2291. 3712. 3712. 2291. 2291.   14.   14.   14.   14. 2291. 3712.
 3712. 3712. 
 3712. 3712. 2291. 2291.   14.   14.   14.   14.   14.   14.   14.   14.
   14.   14.   14.   14.   14.   14.   14.   14.   14.   14.   14.   14.
   14.   14. 
   14.   14.   14.   14.   14.   14.   14.   14.   14. 2291. 3712. 3712.
 3712. 2291.   14.   14.   14.   14.   14.   14.   14.   14.   14.   14.
 2291. 2291. 
 3712. 3712. 2291. 2291.   14.   14.   14.   14. 2291. 2291. 2291. 3712.
 3712. 3712. 3712. 3712. 2291.   14.   14.   14.   14.   14.   14.   14.
   14.   14. 
   14.   14.   14.   14.   14.   14.   14.   14.   14.   14.   14.   14.
   14.   14.   14.   14.   14.   14.   14.   14.   14. 2291. 3712. 3712.
 3712. 2291. 
   14.   14.   14.   14.   14.   14.   14.   14.   14.   14. 2291. 2291.
 3712. 3712. 2291. 2291.   14.   14.   14.   14.   14. 2291. 2291. 2291.
 2291. 2291. 
 3712. 3712. 3712. 2291.   14.   14.   14.   14.   14.   14.   14.   14.
   14.   14.   14.   14.   14.   14.   14.   14.   14.   14.   14.   14.
   14.   14. 
   14.   14.   14.   14.   14.   14.   14. 2291. 3712. 3712. 3712. 2291.
   14.   14.   14.   14.   14.   14.   14.   14.   14.   14.   14. 2291.
 3712. 3712. 
 2291. 2291.   14.   14.   14.   14.   14.   14.   14.   14. 2291. 2291.
 3712. 3712. 3712. 2291.   14.   14.   14.   14.   14.   14.   14.   14.
   14.   14. 
   14.   14.   14.   14.   14.   14.   14.   14.   14.   14.   14.   14.
   14.   14.   14.   14.   14.   14.   14. 2291. 3712. 3712. 3712. 2291.
   14.   14. 
   14.   14.   14.   14.   14.   14.   14.   14. 2291. 2291. 3712. 3712.
 2291. 2291.   14.   14.   14.   14.   14.   14. 2291. 2291. 3712. 3712.
 3712. 3712. 
 3712. 2291.   14.   14.   14.   14.   14.   14.   14.   14.   14.   14.
   14.   14.   14.   14.   14.   14.   14.   14.   14.   14.   14.   14.
   14.   14. 
   14.   14.   14.   14. 2291. 3712. 3712. 3712. 3712. 2291.   14.   14.
   14.   14.   14.   14.   14.   14. 2291. 2291. 2291. 2291. 3712. 3712.
 2291. 2291. 
   14.   14.   14.   14.   14. 2291. 2291. 3712. 3712. 3712. 3712. 3712.
 2291. 2291.   14.   14.   14.   14.   14.   14.   14.   14.   14.   14.
   14.   14. 
 14. 14. 14. 14. 14. 14. 14. 14. 14. 14. 14. 14. 14. 14. 
/