PERMI
 14. 14. 14. 14. 14. 14. 14. 14. 14. 14. 14. 14. 14. 14. 14. 14. 14. 14.
 14. 14. 14. 14. 14. 14. 14. 14. 
 14. 14. 14. 14. 14. 14. 14. 14. 14. 14. 14. 14. 14. 14. 14. 14. 14. 14.
 14. 14. 14. 14. 14. 14. 14. 14. 
   14.   14.   14.   14.   14.   14.   14.   14. 1609. 1609. 2083. 2083.
   14.   14.   14.   14.   14.   14.   14.   14.   14.   14.   14.   14.
   14.   14. 
 14. 14. 14. 14. 14. 14. 14. 14. 14. 14. 14. 14. 14. 14. 14. 14. 14. 14.
 14. 14. 14. 14. 14. 14. 14. 14. 
   14.   14.   14.   14.   14.   14.   14.   14.   14.   14.   14.   14.
   14.   14.   14.   14.   14.   14.   14.   14. 1609. 2083. 2083. 2083.
   14.   14. 
 14. 14. 14. 14. 14. 14. 14. 14. 14. 14. 14. 14. 14. 14. 14. 14. 14. 14.
 14. 14. 14. 14. 14. 14. 14. 14. 
 14. 14. 14. 14. 14. 14. 14. 14. 14. 14. 14. 14. 14. 14. 14. 14. 14. 14.
 14. 14. 14. 14. 14. 14. 14. 14. 
   14. 1609. 1609. 1609. 1609. 1609. 1609. 1609. 2083. 2083.   14.   14.
   14.   14.   14.   14.   14.   14.   14.   14.   14.   14.   14.   14.
   14.   14. 
 14. 14. 14. 14. 14. 14. 14. 14. 14. 14. 14. 14. 14. 14. 14. 14. 14. 14.
 14. 14. 14. 14. 14. 14. 14. 14. 
   14.   14.   14.   14.   14.   14.   14.   14.   14.   14.   14.   14.
 1609. 1609. 2083. 2083. 2083. 1609. 1609. 1609. 2083. 2083.   14.   14.
   14.   14. 
 14. 14. 14. 14. 14. 14. 14. 14. 14. 14. 14. 14. 14. 14. 14. 14. 14. 14.
 14. 14. 14. 14. 14. 14. 14. 14. 
   14.   14.   14.   14.   14.   14.   14.   14.   14.   14.   14.   14.
   14.   14.   14.   14.   14. 1609. 1609. 1609.   14.   14.   14.   14.
 1609. 2083. 
 2083. 2083. 2083. 2083. 2083. 1609. 2083. 2083.   14.   14.   14.   14.
   14.   14.   14.   14.   14.   14.   14.   14.   14.   14.   14.   14.
   14.   14. 
 14. 14. 14. 14. 14. 14. 14. 14. 14. 14. 14. 14. 14. 14. 14. 14. 14. 14.
 14. 14. 14. 14. 14. 14. 14. 14. 
   14.   14. 1609. 1609. 1609. 1609. 1609. 1609.   14.   14. 1609. 2083.
 2083. 2083. 2083. 2083. 2083. 2083. 1609. 2083.   14.   14.   14.   14.
   14.   14. 
 14. 14. 14. 14. 14. 14. 14. 14. 14. 14. 14. 14. 14. 14. 14. 14. 14. 14.
 14. 14. 14. 14. 14. 14. 14. 14. 
   14.   14.   14.   14.   14.   14.   14.   14.   14.   14.   14.   14.
   14. 1609. 1609. 2083. 2083. 2083. 2083. 1609. 1609.   14. 1609. 2083.
 2083. 2083. 
 1609. 2083. 2083. 2083. 1609. 2083.   14.   14.   14.   14.   14.   14.
   14.   14.   14.   14.   14.   14.   14.   14.   14.   14.   14.   14.
   14.   14. 
   14.   14.   14.   14.   14.   14.   14.   14.   14.   14.   14.   14.
   14.   14.   14.   14.   14.   14.   14.   14.   14.   14.   14.   14.
   14. 1609. 
 2083. 2083. 2083. 2083. 2083. 2083. 1609. 1609. 1609. 2083. 2083. 2083.
 1609. 1609. 2083. 2083. 2083. 2083.   14.   14.   14.   14.   14.   14.
   14.   14. 
 14. 14. 14. 14. 14. 14. 14. 14. 14. 14. 14. 14. 14. 14. 14. 14. 14. 14.
 14. 14. 14. 14. 14. 14. 14. 14. 
   14.   14.   14.   14. 1609. 1609. 1609.   14.   14.   14. 1609. 1609.
 2083. 2083. 1609. 2083. 2083. 2083. 2083. 1609. 1609. 2083. 2083. 1609.
 1609. 1609. 
 1609. 2083. 2083. 2083.   14.   14.   14.   14.   14.   14.   14.   14.
   14.   14.   14.   14.   14.   14.   14.   14.   14.   14.   14.   14.
   14.   14. 
   14.   14.   14.   14.   14.   14.   14.   14.   14.   14.   14.   14.
   14.   14.   14. 1609. 1609. 2083. 1609. 1609.   14.   14. 1609. 2083.
 2083. 2083. 
 1609. 1609. 2083. 2083. 2083. 2083. 2083. 2083. 2083. 1609. 1609.   14.
 1609. 1609. 2083. 1609.   14.   14.   14.   14.   14.   14.   14.   14.
   14.   14. 
 14. 14. 14. 14. 14. 14. 14. 14. 14. 14. 14. 14. 14. 14. 14. 14. 14. 14.
 14. 14. 14. 14. 14. 14. 14. 14. 
 1609. 1609. 2083. 2083. 2083. 2083. 1609. 1609. 1609. 2083. 2083. 2083.
 1609. 1609. 1609. 2083. 2083. 2083. 2083. 2083. 2083. 1609.   14.   14.
   14. 1609. 
 1609. 1609.   14.   14.   14.   14.   14.   14.   14.   14.   14.   14.
   14.   14.   14.   14.   14.   14.   14.   14.   14.   14.   14.   14.
   14.   14. 
   14.   14.   14.   14.   14.   14. 1609. 1609. 1609.   14.   14.   14.
 1609. 2083. 2083. 2083. 2083. 2083. 2083. 1609. 1609. 2083. 2083. 1609.
 1609.   14. 
 1609. 1609. 2083. 2083. 2083. 2083. 1609. 1609.   14.   14.   14.   14.
   14.   14.   14.   14.   14.   14.   14.   14.   14.   14.   14.   14.
   14.   14. 
   14.   14.   14.   14.   14.   14.   14.   14.   14.   14.   14.   14.
   14.   14.   14.   14. 1609. 1609. 1609. 1609. 1609. 1609. 1609. 1609.
 1609. 2083. 
 2083. 2083. 2083. 2083. 2083. 2083. 2083. 2083. 2083. 1609. 1609.   14.
   14. 1609. 1609. 1609. 1609. 1609. 1609.   14.   14.   14.   14.   14.
   14.   14. 
 14. 14. 14. 14. 14. 14. 14. 14. 14. 14. 14. 14. 14. 14. 14. 14. 14. 14.
 14. 14. 14. 14. 14. 14. 14. 14. 
   14.   14. 1609. 1609. 2083. 2083. 2083. 2083. 1609. 1609. 1609. 2083.
 2083. 2083. 1609. 2083. 2083. 2083. 2083. 2083. 1609. 1609.   14.   14.
   14.   14. 
   14.   14.   14.   14.   14.   14.   14.   14. 1609. 1609. 1609. 1609.
   14.   14.   14.   14.   14.   14.   14.   14.   14.   14.   14.   14.
   14.   14. 
   14.   14.   14.   14.   14.   14.   14.   14.   14.   14.   14.   14.
   14. 1609. 1609. 2083. 2083. 2083. 2083. 2083. 2083. 2083. 2083. 2083.
 2083. 2083. 
 2083. 1609. 1609. 2083. 1609. 1609. 1609. 1609.   14.   14.   14.   14.
   14.   14.   14.   14.   14.   14.   14. 1609. 1609. 2083. 2083. 2083.
   14.   14. 
   14.   14.   14.   14.   14.   14.   14.   14.   14.   14.   14.   14.
   14.   14.   14.   14.   14.   14.   14.   14.   14.   14.   14.   14.
 1609. 1609. 
 2083. 2083. 2083. 2083. 2083. 2083. 2083. 2083. 2083. 2083. 2083. 2083.
 2083. 1609. 1609. 1609. 1609. 1609.   14.   14.   14.   14.   14.   14.
   14.   14. 
   14.   14.   14.   14.   14. 1609. 2083. 2083. 2083. 2083.   14.   14.
   14.   14.   14.   14.   14.   14.   14.   14.   14.   14.   14.   14.
   14.   14. 
   14.   14.   14.   14.   14.   14.   14.   14.   14.   14. 1609. 1609.
 2083. 2083. 2083. 1609. 1609. 1609. 2083. 2083. 2083. 2083. 2083. 2083.
 2083. 2083. 
 1609.   14.   14.   14.   14.   14.   14.   14.   14.   14.   14.   14.
   14.   14.   14.   14. 1609. 1609. 2083. 2083. 2083. 2083.   14.   14.
   14.   14. 
   14.   14.   14.   14.   14.   14.   14.   14.   14.   14.   14.   14.
   14.   14.   14.   14.   14.   14.   14.   14.   14.   14. 1609. 2083.
 2083. 2083. 
 2083. 1609. 1609. 1609. 1609. 2083. 2083. 2083. 2083. 2083. 2083. 1609.
 1609.   14.   14.   14.   14.   14.   14.   14.   14.   14.   14.   14.
   14.   14. 
   14.   14. 1609. 2083. 2083. 2083. 1609. 1609.   14.   14.   14.   14.
   14.   14.   14.   14.   14.   14.   14.   14.   14.   14.   14.   14.
   14.   14. 
   14.   14.   14.   14. 1609. 1609. 1609. 1609. 1609. 2083. 2083. 2083.
 1609. 1609.   14.   14. 1609. 1609. 1609. 2083. 2083. 2083. 2083. 1609.
   14.   14. 
   14.   14.   14.   14. 1609. 1609. 1609. 1609. 1609. 1609.   14.   14.
   14. 1609. 2083. 2083. 2083. 2083. 1609. 1609.   14.   14.   14.   14.
   14.   14. 
   14.   14.   14.   14.   14.   14.   14.   14.   14.   14.   14.   14.
   14.   14. 1609. 1609. 1609. 1609. 1609. 1609. 1609. 2083. 2083. 2083.
 1609. 1609. 
   14.   14.   14.   14. 1609. 1609. 1609. 1609. 1609. 1609.   14.   14.
   14.   14.   14. 1609. 1609. 2083. 2083. 2083. 2083. 2083. 1609. 1609.
 1609. 1609. 
 2083. 2083. 2083. 2083. 1609. 1609.   14.   14.   14.   14.   14.   14.
   14.   14.   14.   14.   14.   14.   14.   14.   14.   14.   14.   14.
   14. 1609. 
 1609. 2083. 2083. 2083. 2083. 2083. 2083. 2083. 2083. 2083. 1609. 1609.
   14.   14.   14.   14.   14.   14.   14.   14.   14.   14.   14.   14.
   14.   14. 
   14. 1609. 2083. 2083. 2083. 2083. 2083. 2083. 1609. 1609. 1609. 1609.
 2083. 2083. 2083. 1609.   14. 1609.   14.   14.   14.   14.   14.   14.
   14.   14. 
   14.   14.   14.   14.   14.   14.   14.   14.   14.   14.   14. 1609.
 2083. 2083. 2083. 2083. 2083. 2083. 2083. 2083. 2083. 1609. 1609.   14.
   14.   14. 
   14.   14.   14.   14.   14.   14.   14.   14.   14.   14.   14.   14.
 1609. 2083. 2083. 2083. 2083. 2083. 2083. 1609. 1609. 2083. 2083. 1609.
 1609. 1609. 
 1609. 1609. 1609. 1609.   14.   14.   14.   14.   14.   14.   14.   14.
   14.   14.   14.   14.   14.   14.   14.   14.   14.   14.   14. 1609.
 2083. 2083. 
 2083. 2083. 2083. 2083. 2083. 2083. 1609. 1609. 1609.   14.   14.   14.
   14.   14.   14.   14.   14.   14.   14.   14.   14.   14.   14.   14.
 1609. 2083. 
 2083. 2083. 1609. 1609. 1609. 1609. 2083. 2083. 2083. 2083. 2083. 1609.
 1609. 1609. 1609. 2083.   14.   14.   14.   14.   14.   14.   14.   14.
   14.   14. 
   14.   14.   14.   14.   14.   14.   14.   14.   14. 1609. 2083. 2083.
 2083. 1609. 1609. 1609. 1609. 1609. 1609. 1609.   14.   14.   14.   14.
   14.   14. 
   14.   14.   14.   14.   14.   14.   14.   14.   14.   14.   14. 1609.
 2083. 2083. 1609.   14. 1609. 2083. 2083. 2083. 2083. 2083. 2083. 2083.
 2083. 1609. 
 1609. 2083.   14.   14.   14.   14.   14.   14.   14.   14.   14.   14.
   14.   14.   14.   14.   14.   14.   14.   14.   14. 1609. 1609. 2083.
 2083. 2083. 
 1609. 1609.   14.   14.   14.   14.   14.   14.   14.   14.   14.   14.
   14.   14.   14.   14. 1609. 1609. 1609. 1609. 1609.   14.   14. 1609.
 1609. 1609. 
 1609.   14. 1609. 2083. 2083. 2083. 1609. 2083. 2083. 2083. 2083. 2083.
 2083. 2083.   14.   14.   14.   14.   14.   14.   14.   14.   14.   14.
   14.   14. 
   14.   14. 1609. 1609. 1609. 1609. 1609. 1609. 1609. 2083. 2083. 2083.
 2083. 1609.   14.   14.   14.   14.   14.   14.   14.   14.   14.   14.
   14.   14. 
   14. 1609. 2083. 2083. 2083. 2083. 1609. 1609. 1609. 1609. 1609. 1609.
 1609. 1609. 1609. 2083. 2083. 1609. 1609. 1609. 1609. 1609. 2083. 2083.
 2083. 2083. 
   14.   14.   14.   14.   14.   14.   14.   14.   14.   14.   14.   14.
   14. 1609. 1609. 1609. 2083. 2083. 2083. 2083. 1609. 1609. 2083. 2083.
 2083. 1609. 
   14.   14.   14.   14.   14.   14.   14.   14.   14.   14.   14.   14.
 1609. 1609. 2083. 2083. 2083. 2083. 2083. 1609. 2083. 2083. 2083. 2083.
 2083. 1609. 
 1609. 2083. 2083. 2083. 1609.   14.   14. 1609. 1609. 1609. 1609. 1609.
   14.   14.   14.   14.   14.   14.   14.   14.   14.   14.   14.   14.
 1609. 1609. 
 2083. 2083. 2083. 2083. 2083. 2083. 2083. 2083. 2083. 2083. 2083. 1609.
   14.   14.   14.   14.   14.   14.   14.   14.   14.   14.   14.   14.
 1609. 2083. 
 2083. 2083. 2083. 2083. 2083. 1609. 2083. 2083. 2083. 2083. 2083. 2083.
 2083. 1609. 2083. 2083. 1609.   14.   14.   14.   14.   14.   14.   14.
   14.   14. 
   14.   14.   14.   14.   14.   14.   14.   14.   14.   14. 1609. 1609.
 2083. 2083. 2083. 2083. 2083. 2083. 2083. 2083. 2083. 2083. 2083. 1609.
   14.   14. 
   14.   14.   14.   14.   14.   14.   14.   14.   14.   14. 1609. 2083.
 2083. 2083. 1609. 1609. 2083. 1609. 2083. 2083. 2083. 1609. 2083. 2083.
 2083. 2083. 
 2083. 2083. 1609.   14.   14.   14.   14.   14.   14.   14.   14.   14.
   14.   14.   14.   14.   14.   14.   14.   14.   14.   14. 1609. 2083.
 2083. 2083. 
 1609. 1609. 1609. 1609. 1609. 1609. 2083. 2083. 1609. 1609.   14.   14.
   14.   14.   14.   14.   14.   14.   14.   14.   14.   14. 1609. 2083.
 2083. 1609. 
 1609. 1609. 1609. 1609. 2083. 2083. 2083. 1609. 1609. 2083. 2083. 2083.
 2083. 2083. 1609.   14.   14.   14.   14.   14.   14.   14.   14.   14.
   14.   14. 
   14.   14.   14.   14.   14.   14.   14.   14. 1609. 2083. 2083. 2083.
 1609. 1609. 1609.   14. 1609. 1609. 1609. 1609. 1609.   14.   14.   14.
   14.   14. 
   14.   14.   14.   14.   14.   14.   14.   14. 1609. 1609. 1609. 1609.
 1609. 1609. 1609. 1609. 2083. 2083. 2083. 1609. 1609. 1609. 1609. 1609.
 2083. 1609. 
 1609.   14.   14.   14.   14.   14.   14.   14.   14.   14.   14.   14.
   14. 1609. 1609. 1609. 1609. 1609. 1609.   14. 1609. 2083. 2083. 2083.
 1609. 1609. 
   14.   14.   14.   14.   14.   14.   14.   14.   14.   14.   14.   14.
   14.   14.   14.   14.   14.   14.   14.   14. 1609. 1609. 1609. 2083.
 2083. 2083. 
 1609. 1609. 1609. 2083. 2083. 2083. 1609.   14. 1609. 1609. 1609.   14.
   14.   14.   14.   14.   14.   14.   14.   14.   14.   14.   14.   14.
   14. 1609. 
 1609. 2083. 2083. 1609. 1609. 1609. 1609. 2083. 2083. 2083. 1609. 1609.
   14.   14.   14.   14.   14.   14.   14.   14.   14.   14.   14.   14.
   14.   14. 
   14. 1609. 1609. 1609. 1609. 1609. 1609. 1609. 2083. 2083. 2083. 2083.
 2083. 2083. 1609. 2083. 2083. 2083. 1609. 1609.   14.   14.   14.   14.
   14.   14. 
   14.   14.   14.   14.   14.   14.   14.   14.   14.   14. 1609. 1609.
 2083. 2083. 2083. 2083. 2083. 2083. 1609. 2083. 2083. 2083. 1609. 1609.
   14.   14. 
   14.   14.   14.   14.   14.   14.   14.   14.   14.   14.   14.   14.
 1609. 1609. 2083. 2083. 2083. 2083. 1609. 1609. 2083. 2083. 2083. 2083.
 2083. 2083. 
 2083. 2083. 2083. 2083. 1609. 1609.   14.   14.   14.   14.   14.   14.
   14.   14.   14.   14.   14.   14.   14.   14.   14.   14. 1609. 1609.
 2083. 2083. 
 2083. 2083. 2083. 2083. 2083. 2083. 2083. 2083. 1609. 1609.   14.   14.
   14.   14.   14.   14.   14.   14.   14.   14.   14.   14.   14. 1609.
 2083. 2083. 
 2083. 2083. 2083. 2083. 2083. 1609. 2083. 2083. 2083. 1609. 2083. 2083.
 2083. 2083. 2083. 2083. 1609.   14.   14.   14.   14.   14.   14.   14.
   14.   14. 
   14.   14.   14.   14.   14.   14.   14. 1609. 1609. 1609. 2083. 2083.
 2083. 2083. 2083. 2083. 2083. 2083. 2083. 1609. 1609.   14.   14.   14.
   14.   14. 
   14.   14.   14.   14.   14.   14.   14.   14.   14. 1609. 2083. 2083.
 2083. 2083. 2083. 2083. 2083. 1609. 2083. 2083. 2083. 1609. 1609. 1609.
 1609. 2083. 
 2083. 1609. 1609.   14.   14.   14.   14.   14.   14.   14.   14.   14.
   14.   14.   14.   14. 1609. 1609. 1609. 1609. 1609. 1609. 1609. 2083.
 2083. 1609. 
 1609. 2083. 2083. 2083. 1609. 1609. 1609.   14.   14.   14.   14.   14.
   14.   14.   14.   14.   14.   14.   14.   14.   14. 1609. 2083. 2083.
 2083. 1609. 
 1609. 1609. 1609. 1609. 2083. 2083. 2083. 1609. 1609. 1609. 1609. 1609.
 1609. 1609.   14.   14.   14.   14.   14.   14.   14.   14.   14.   14.
   14.   14. 
   14.   14. 1609. 1609. 1609. 2083. 2083. 1609. 1609. 2083. 2083. 1609.
 1609. 1609. 1609. 1609. 1609. 1609.   14.   14.   14.   14.   14.   14.
   14.   14. 
   14.   14.   14.   14.   14.   14.   14. 1609. 2083. 2083. 2083. 1609.
   14.   14.   14. 1609. 2083. 2083. 2083. 1609. 1609.   14.   14.   14.
   14.   14. 
   14.   14.   14.   14.   14.   14.   14.   14.   14.   14.   14.   14.
   14.   14. 2083. 2083. 2083. 2083. 2083. 2083. 2083. 2083. 2083. 2083.
 1609.   14. 
   14.   14.   14.   14.   14.   14.   14.   14.   14.   14.   14.   14.
   14. 1609. 1609. 1609.   14.   14.   14. 1609. 2083. 2083. 1609. 1609.
 1609. 1609. 
 1609. 1609. 2083. 2083. 2083. 2083. 1609.   14.   14.   14.   14.   14.
   14.   14.   14.   14.   14.   14.   14.   14.   14.   14.   14.   14.
   14.   14. 
 2083. 2083. 2083. 2083. 2083. 2083. 2083. 2083. 2083. 2083. 1609.   14.
   14.   14.   14.   14.   14.   14.   14.   14.   14.   14.   14.   14.
 1609. 1609. 
 2083. 2083. 1609. 1609.   14. 1609. 1609. 1609. 1609. 1609. 2083. 1609.
 1609. 1609. 2083. 2083. 2083. 1609. 1609.   14.   14.   14.   14.   14.
   14.   14. 
   14.   14.   14.   14.   14.   14.   14.   14.   14.   14.   14.   14.
 2083. 2083. 2083. 1609. 1609. 1609. 2083. 2083. 2083. 1609. 1609.   14.
   14.   14. 
   14.   14.   14.   14.   14.   14.   14.   14.   14. 1609. 1609. 2083.
 2083. 2083. 2083. 1609. 1609. 1609. 1609. 2083. 2083. 2083. 2083. 2083.
 2083. 2083. 
 2083. 2083. 2083. 1609. 1609.   14.   14.   14.   14.   14.   14.   14.
   14.   14.   14.   14.   14.   14.   14.   14.   14.   14.   14.   14.
 2083. 2083. 
 2083. 1609. 1609. 1609. 1609. 1609. 1609. 1609.   14.   14.   14.   14.
 1609. 1609. 1609.   14.   14.   14.   14.   14.   14. 1609. 2083. 2083.
 2083. 2083. 
 2083. 2083. 1609. 1609. 2083. 2083. 2083. 2083. 2083. 2083. 2083. 2083.
 2083. 2083. 2083. 1609.   14.   14.   14.   14.   14.   14.   14.   14.
   14.   14. 
   14.   14.   14.   14.   14.   14.   14.   14.   14.   14. 2083. 2083.
 2083. 1609. 1609.   14. 1609. 1609. 1609.   14.   14.   14.   14. 1609.
 2083. 2083. 
 2083. 2083. 1609. 1609.   14.   14. 1609. 1609. 2083. 2083. 1609. 2083.
 2083. 2083. 1609. 2083. 2083. 2083. 2083. 2083. 1609. 1609. 2083. 2083.
 1609. 1609. 
 1609. 1609.   14.   14.   14.   14.   14.   14.   14.   14.   14.   14.
   14.   14.   14.   14.   14.   14.   14.   14.   14.   14. 2083. 2083.
 2083. 1609. 
 1609.   14.   14.   14.   14.   14.   14.   14. 1609. 2083. 2083. 2083.
 2083. 2083. 2083. 1609. 1609.   14. 1609. 2083. 2083. 2083. 1609. 1609.
 2083. 2083. 
 1609. 2083. 2083. 2083. 1609. 1609. 1609. 1609. 1609. 1609. 1609. 1609.
   14.   14.   14.   14.   14.   14.   14.   14.   14.   14.   14.   14.
   14.   14. 
   14.   14.   14.   14.   14.   14.   14.   14. 2083. 2083. 2083. 1609.
 1609.   14.   14.   14.   14.   14.   14.   14. 1609. 2083. 2083. 2083.
 2083. 2083. 
 2083. 2083. 1609. 1609. 2083. 2083. 2083. 2083. 1609. 1609. 1609. 2083.
 1609. 2083. 2083. 2083. 1609. 1609.   14.   14.   14.   14.   14.   14.
   14.   14. 
   14.   14.   14.   14.   14.   14.   14.   14.   14.   14.   14.   14.
   14.   14.   14.   14.   14.   14.   14.   14. 2083. 2083. 2083. 1609.
   14.   14. 
   14.   14.   14.   14.   14. 1609. 1609. 2083. 2083. 2083. 1609. 2083.
 2083. 2083. 2083. 1609. 2083. 2083. 2083. 1609.   14.   14.   14. 1609.
 1609. 2083. 
 2083. 2083. 2083. 1609.   14.   14.   14.   14.   14.   14.   14.   14.
   14.   14.   14.   14.   14.   14.   14.   14.   14.   14.   14.   14.
   14.   14. 
   14.   14.   14.   14.   14.   14. 2083. 2083. 2083. 1609.   14.   14.
   14.   14.   14.   14.   14. 1609. 2083. 2083. 2083. 1609.   14. 1609.
 2083. 2083. 
 2083. 2083. 2083. 2083. 1609. 1609.   14.   14.   14.   14. 1609. 1609.
 2083. 2083. 2083. 1609. 1609.   14.   14.   14.   14.   14.   14.   14.
   14.   14. 
   14.   14.   14.   14.   14.   14.   14.   14.   14.   14.   14.   14.
   14.   14.   14.   14.   14.   14. 2083. 2083. 1609. 1609.   14.   14.
   14.   14. 
   14.   14.   14. 1609. 2083. 2083. 2083. 1609.   14.   14. 1609. 1609.
 2083. 2083. 2083. 2083. 1609.   14.   14.   14.   14.   14.   14. 1609.
 2083. 2083. 
 2083. 2083. 1609. 1609.   14.   14.   14.   14.   14.   14.   14.   14.
   14.   14.   14.   14.   14.   14.   14.   14.   14.   14.   14.   14.
   14.   14. 
   14.   14.   14.   14. 1609. 1609. 1609.   14.   14. 1609. 1609. 1609.
 1609.   14.   14. 1609. 2083. 2083. 2083. 1609.   14.   14.   14. 1609.
 1609. 2083. 
 2083. 1609. 1609. 1609. 1609. 1609. 1609.   14.   14. 1609. 1609. 2083.
 2083. 2083. 1609. 1609.   14.   14.   14.   14.   14.   14.   14.   14.
   14.   14. 
   14.   14.   14.   14.   14.   14.   14.   14.   14.   14.   14.   14.
   14.   14.   14.   14. 1609. 1609.   14.   14. 1609. 2083. 2083. 2083.
 2083. 1609. 
 1609. 1609. 2083. 2083. 2083. 1609.   14.   14.   14.   14. 1609. 1609.
 1609. 1609. 1609. 1609. 1609. 1609. 1609. 1609. 1609. 1609. 1609. 2083.
 2083. 2083. 
 1609. 1609.   14.   14.   14.   14.   14.   14.   14.   14.   14.   14.
   14.   14.   14.   14.   14.   14.   14.   14.   14.   14.   14.   14.
   14.   14. 
   14.   14.   14.   14.   14.   14. 1609. 2083. 2083. 2083. 2083. 2083.
 2083. 2083. 2083. 2083. 2083. 1609.   14.   14.   14.   14.   14.   14.
   14. 1609. 
 1609. 2083. 2083. 2083. 2083. 2083. 2083. 2083. 2083. 2083. 2083. 2083.
 1609. 1609.   14.   14.   14.   14.   14.   14.   14.   14.   14.   14.
   14.   14. 
   14.   14.   14.   14.   14.   14.   14.   14.   14.   14.   14.   14.
   14.   14. 1609.   14.   14. 1609. 2083. 2083. 2083. 2083. 2083. 2083.
 2083. 2083. 
 2083. 2083. 1609. 1609.   14.   14.   14.   14.   14.   14.   14. 1609.
 1609. 2083. 2083. 2083. 2083. 2083. 2083. 2083. 2083. 2083. 2083. 2083.
 1609.   14. 
 14. 14. 14. 14. 14. 14. 14. 14. 14. 14. 14. 14. 14. 14. 14. 14. 14. 14.
 14. 14. 14. 14. 14. 14. 14. 14. 
 1609. 1609.   14. 1609. 2083. 2083. 2083. 1609. 2083. 2083. 2083. 2083.
 2083. 2083. 1609.   14.   14.   14.   14.   14.   14.   14.   14. 1609.
 1609. 2083. 
 2083. 1609. 1609. 2083. 2083. 2083. 2083. 2083. 1609. 1609. 1609.   14.
   14.   14.   14.   14.   14.   14.   14.   14.   14.   14.   14.   14.
   14.   14. 
   14.   14.   14.   14.   14.   14.   14.   14.   14.   14.   14.   14.
 2083. 2083. 1609. 1609. 2083. 2083. 2083. 1609. 1609. 1609. 1609. 1609.
 1609. 1609. 
   14.   14.   14.   14.   14.   14.   14.   14.   14. 1609. 1609. 2083.
 2083. 1609. 1609. 1609. 1609. 1609. 1609. 1609. 1609.   14.   14.   14.
   14.   14. 
   14.   14.   14.   14.   14.   14.   14.   14.   14.   14.   14.   14.
   14.   14.   14.   14.   14.   14.   14.   14.   14.   14.   14.   14.
 2083. 2083. 
 2083. 2083. 2083. 2083. 2083. 1609.   14.   14.   14.   14.   14.   14.
   14.   14.   14.   14.   14.   14. 1609. 1609. 1609. 1609. 1609. 2083.
 2083. 2083. 
 1609.   14.   14. 1609. 1609.   14.   14.   14.   14.   14.   14.   14.
   14.   14.   14.   14.   14.   14.   14.   14.   14.   14.   14.   14.
   14.   14. 
   14.   14.   14.   14.   14.   14.   14.   14.   14.   14. 2083. 2083.
 2083. 2083. 2083. 2083. 2083.   14.   14.   14.   14.   14.   14.   14.
   14.   14. 
   14.   14. 1609. 1609. 1609. 2083. 1609. 1609. 1609. 2083. 2083. 2083.
 1609. 1609.   14.   14.   14.   14.   14.   14.   14.   14.   14.   14.
   14.   14. 
   14.   14.   14.   14.   14.   14.   14.   14.   14.   14.   14.   14.
   14.   14.   14.   14.   14.   14.   14.   14.   14.   14. 1609. 2083.
 2083. 2083. 
 2083. 2083. 1609.   14.   14.   14.   14.   14.   14.   14.   14.   14.
   14. 1609. 1609. 2083. 2083. 2083. 2083. 1609. 1609. 1609. 2083. 2083.
 2083. 1609. 
 14. 14. 14. 14. 14. 14. 14. 14. 14. 14. 14. 14. 14. 14. 14. 14. 14. 14.
 14. 14. 14. 14. 14. 14. 14. 14. 
   14.   14.   14.   14.   14.   14.   14.   14.   14. 1609. 1609. 2083.
 2083. 1609.   14.   14.   14.   14.   14. 1609.   14. 1609.   14.   14.
   14. 1609. 
 2083. 2083. 2083. 2083. 2083. 2083. 2083. 1609. 2083. 2083. 2083. 1609.
   14.   14.   14.   14.   14.   14.   14.   14.   14.   14.   14.   14.
   14.   14. 
   14.   14.   14.   14.   14.   14.   14.   14.   14.   14.   14.   14.
   14.   14.   14.   14.   14.   14.   14.   14.   14.   14.   14. 1609.
   14.   14. 
   14.   14.   14. 1609. 1609. 1609. 1609. 1609. 1609.   14.   14. 1609.
 2083. 2083. 2083. 1609. 2083. 2083. 2083. 2083. 2083. 2083. 2083. 1609.
   14.   14. 
 14. 14. 14. 14. 14. 14. 14. 14. 14. 14. 14. 14. 14. 14. 14. 14. 14. 14.
 14. 14. 14. 14. 14. 14. 14. 14. 
   14.   14.   14.   14.   14.   14.   14.   14.   14.   14.   14.   14.
   14.   14.   14. 1609. 2083. 2083. 2083. 2083. 2083. 1609. 1609. 1609.
 2083. 2083. 
 1609. 1609. 1609. 1609. 2083. 2083. 2083. 2083. 1609. 1609.   14.   14.
   14.   14.   14.   14.   14.   14.   14.   14.   14.   14.   14.   14.
   14.   14. 
 14. 14. 14. 14. 14. 14. 14. 14. 14. 14. 14. 14. 14. 14. 14. 14. 14. 14.
 14. 14. 14. 14. 14. 14. 14. 14. 
   14. 1609. 2083. 2083. 2083. 2083. 2083. 2083. 1609. 1609. 2083. 2083.
 1609.   14.   14. 1609. 1609. 1609. 1609. 1609. 1609.   14.   14.   14.
   14.   14. 
 14. 14. 14. 14. 14. 14. 14. 14. 14. 14. 14. 14. 14. 14. 14. 14. 14. 14.
 14. 14. 14. 14. 14. 14. 14. 14. 
   14.   14.   14.   14.   14.   14.   14.   14.   14.   14.   14.   14.
   14. 1609. 2083. 2083. 2083. 2083. 2083. 2083. 2083. 2083. 2083. 2083.
 1609.   14. 
 14. 14. 14. 14. 14. 14. 14. 14. 14. 14. 14. 14. 14. 14. 14. 14. 14. 14.
 14. 14. 14. 14. 14. 14. 14. 14. 
   14.   14.   14.   14.   14.   14.   14.   14.   14.   14.   14.   14.
   14.   14.   14.   14.   14.   14.   14.   14.   14.   14.   14.   14.
   14. 1609. 
 2083. 2083. 2083. 1609. 1609. 2083. 2083. 2083. 2083. 1609. 1609.   14.
   14.   14.   14.   14.   14.   14.   14.   14.   14.   14.   14.   14.
   14.   14. 
 14. 14. 14. 14. 14. 14. 14. 14. 14. 14. 14. 14. 14. 14. 14. 14. 14. 14.
 14. 14. 14. 14. 14. 14. 14. 14. 
   14.   14.   14.   14.   14.   14.   14.   14.   14.   14. 1609. 1609.
 2083. 2083. 1609. 1609. 1609. 1609. 1609. 2083. 1609. 1609.   14.   14.
   14.   14. 
 14. 14. 14. 14. 14. 14. 14. 14. 14. 14. 14. 14. 14. 14. 14. 14. 14. 14.
 14. 14. 14. 14. 14. 14. 14. 14. 
 14. 14. 14. 14. 14. 14. 14. 14. 14. 14. 14. 14. 14. 14. 
/