PERMI
   30.   30.   30.   30.   30.   30.   30.   30.   30.   30.   30.   30.
   30. 1916. 1916. 1916. 2946. 2946. 2946. 1916. 1916.   30.   30.   30.
   30.   30. 
   30.   30. 1916. 2946. 2946. 2946. 1916. 2946. 2946. 1916. 1916.   30.
   30.   30.   30.   30.   30.   30.   30.   30.   30.   30.   30.   30.
   30.   30. 
 30. 30. 30. 30. 30. 30. 30. 30. 30. 30. 30. 30. 30. 30. 30. 30. 30. 30.
 30. 30. 30. 30. 30. 30. 30. 30. 
   30. 1916. 1916. 2946. 2946. 2946. 1916.   30.   30.   30.   30.   30.
   30.   30. 1916. 2946. 2946. 2946. 1916. 1916. 2946. 1916. 1916.   30.
   30.   30. 
 30. 30. 30. 30. 30. 30. 30. 30. 30. 30. 30. 30. 30. 30. 30. 30. 30. 30.
 30. 30. 30. 30. 30. 30. 30. 30. 
   30.   30.   30.   30.   30.   30.   30.   30.   30.   30.   30.   30.
   30. 1916. 1916. 2946. 2946. 2946. 1916. 1916.   30.   30.   30.   30.
   30.   30. 
   30. 1916. 2946. 2946. 2946. 1916. 1916. 1916. 1916.   30.   30.   30.
   30.   30.   30.   30.   30.   30.   30.   30.   30.   30.   30.   30.
   30.   30. 
   30.   30.   30.   30.   30.   30.   30.   30.   30.   30.   30.   30.
   30.   30.   30.   30.   30.   30.   30.   30.   30.   30.   30.   30.
   30. 1916. 
 1916. 2946. 2946. 2946. 1916.   30.   30.   30.   30.   30.   30.   30.
   30. 1916. 1916. 2946. 2946. 2946. 1916. 2946. 1916. 1916.   30.   30.
   30.   30. 
 30. 30. 30. 30. 30. 30. 30. 30. 30. 30. 30. 30. 30. 30. 30. 30. 30. 30.
 30. 30. 30. 30. 30. 30. 30. 30. 
   30.   30.   30.   30.   30.   30.   30.   30.   30.   30.   30. 1916.
 1916. 2946. 2946. 1916. 1916.   30.   30.   30.   30.   30.   30.   30.
   30.   30. 
 1916. 2946. 2946. 2946. 1916. 2946. 1916. 1916. 1916.   30.   30.   30.
   30.   30.   30.   30.   30.   30.   30.   30.   30.   30.   30.   30.
   30.   30. 
   30.   30.   30.   30.   30.   30.   30.   30.   30.   30.   30.   30.
   30.   30.   30.   30.   30.   30.   30.   30.   30.   30.   30. 1916.
 1916. 2946. 
 2946. 1916. 1916.   30.   30.   30.   30.   30.   30.   30.   30.   30.
 1916. 2946. 2946. 2946. 1916. 2946. 2946. 1916. 1916.   30.   30.   30.
   30.   30. 
 30. 30. 30. 30. 30. 30. 30. 30. 30. 30. 30. 30. 30. 30. 30. 30. 30. 30.
 30. 30. 30. 30. 30. 30. 30. 30. 
   30.   30.   30.   30.   30.   30.   30.   30.   30. 1916. 1916. 2946.
 2946. 1916. 1916.   30.   30.   30.   30.   30.   30.   30.   30. 1916.
 1916. 2946. 
 2946. 2946. 1916. 2946. 2946. 1916. 1916.   30.   30.   30.   30.   30.
   30.   30.   30.   30.   30.   30.   30.   30.   30.   30.   30.   30.
   30.   30. 
   30.   30.   30.   30.   30.   30.   30.   30.   30.   30.   30.   30.
   30.   30.   30.   30.   30.   30.   30.   30.   30. 1916. 2946. 2946.
 2946. 1916. 
 1916.   30.   30.   30.   30.   30.   30. 1916. 1916. 2946. 2946. 2946.
 2946. 1916. 2946. 2946. 2946. 2946. 1916.   30.   30.   30.   30.   30.
   30.   30. 
 30. 30. 30. 30. 30. 30. 30. 30. 30. 30. 30. 30. 30. 30. 30. 30. 30. 30.
 30. 30. 30. 30. 30. 30. 30. 30. 
   30.   30.   30.   30.   30.   30. 1916. 1916. 2946. 2946. 2946. 1916.
 1916.   30.   30.   30.   30.   30. 1916. 1916. 2946. 2946. 2946. 2946.
 2946. 1916. 
 2946. 2946. 2946. 2946. 1916.   30.   30.   30.   30.   30.   30.   30.
   30.   30.   30.   30.   30.   30.   30.   30.   30.   30.   30.   30.
   30.   30. 
   30.   30.   30.   30.   30.   30.   30.   30.   30.   30.   30.   30.
   30.   30.   30.   30.   30.   30.   30. 1916. 2946. 2946. 2946. 2946.
 1916.   30. 
   30.   30.   30. 1916. 2946. 2946. 2946. 2946. 2946. 1916. 1916. 1916.
 2946. 2946. 2946. 1916. 1916.   30.   30.   30.   30.   30.   30.   30.
   30.   30. 
 30. 30. 30. 30. 30. 30. 30. 30. 30. 30. 30. 30. 30. 30. 30. 30. 30. 30.
 30. 30. 30. 30. 30. 30. 30. 30. 
   30.   30.   30.   30.   30. 1916. 1916. 2946. 2946. 2946. 1916. 1916.
   30.   30. 1916. 2946. 2946. 2946. 2946. 1916. 1916. 1916. 2946. 2946.
 2946. 2946. 
 2946. 1916. 1916.   30.   30.   30.   30.   30.   30.   30.   30.   30.
   30.   30.   30.   30.   30.   30.   30.   30.   30.   30.   30.   30.
   30.   30. 
   30.   30.   30.   30.   30.   30.   30.   30.   30.   30.   30.   30.
   30.   30.   30.   30.   30. 1916. 1916. 2946. 2946. 2946. 1916. 1916.
   30.   30. 
 1916. 2946. 2946. 2946. 1916. 1916. 1916. 2946. 2946. 2946. 2946. 2946.
 1916. 1916.   30.   30.   30.   30.   30.   30.   30.   30.   30.   30.
   30.   30. 
 30. 30. 30. 30. 30. 30. 30. 30. 30. 30. 30. 30. 30. 30. 30. 30. 30. 30.
 30. 30. 30. 30. 30. 30. 30. 30. 
   30.   30.   30.   30. 1916. 2946. 2946. 2946. 1916. 1916.   30.   30.
 1916. 2946. 2946. 2946. 1916. 1916. 2946. 2946. 2946. 2946. 1916. 1916.
 1916.   30. 
 30. 30. 30. 30. 30. 30. 30. 30. 30. 30. 30. 30. 30. 30. 30. 30. 30. 30.
 30. 30. 30. 30. 30. 30. 30. 30. 
   30.   30.   30.   30.   30.   30.   30.   30.   30.   30.   30.   30.
   30.   30.   30.   30. 1916. 1916. 2946. 2946. 2946. 1916. 1916.   30.
 1916. 2946. 
 2946. 2946. 1916. 2946. 2946. 2946. 2946. 1916. 1916. 1916.   30.   30.
   30.   30.   30.   30.   30.   30.   30.   30.   30.   30.   30.   30.
   30.   30. 
 30. 30. 30. 30. 30. 30. 30. 30. 30. 30. 30. 30. 30. 30. 30. 30. 30. 30.
 30. 30. 30. 30. 30. 30. 30. 30. 
   30.   30. 1916. 1916. 2946. 2946. 2946. 2946. 1916. 1916. 1916. 2946.
 2946. 2946. 1916. 2946. 2946. 2946. 2946. 1916. 1916.   30.   30.   30.
   30.   30. 
 30. 30. 30. 30. 30. 30. 30. 30. 30. 30. 30. 30. 30. 30. 30. 30. 30. 30.
 30. 30. 30. 30. 30. 30. 30. 30. 
   30.   30.   30.   30.   30.   30.   30.   30.   30.   30.   30.   30.
   30.   30.   30. 1916. 1916. 2946. 2946. 2946. 1916. 1916. 1916. 2946.
 2946. 2946. 
 1916. 2946. 2946. 2946. 1916. 1916.   30.   30.   30.   30.   30.   30.
   30.   30.   30.   30.   30.   30.   30.   30.   30.   30.   30.   30.
   30.   30. 
 30. 30. 30. 30. 30. 30. 30. 30. 30. 30. 30. 30. 30. 30. 30. 30. 30. 30.
 30. 30. 30. 30. 30. 30. 30. 30. 
   30.   30. 1916. 1916. 2946. 2946. 2946. 1916. 1916. 2946. 2946. 2946.
 1916. 1916. 2946. 2946. 1916. 1916.   30.   30.   30.   30.   30.   30.
   30.   30. 
 30. 30. 30. 30. 30. 30. 30. 30. 30. 30. 30. 30. 30. 30. 30. 30. 30. 30.
 30. 30. 30. 30. 30. 30. 30. 30. 
   30.   30.   30.   30.   30.   30.   30.   30.   30.   30.   30.   30.
   30.   30. 1916. 1916. 2946. 2946. 2946. 1916. 1916. 2946. 2946. 2946.
 2946. 1916. 
 2946. 2946. 2946. 1916. 1916.   30.   30.   30.   30.   30.   30.   30.
   30.   30.   30.   30.   30.   30.   30.   30.   30.   30.   30.   30.
   30.   30. 
 30. 30. 30. 30. 30. 30. 30. 30. 30. 30. 30. 30. 30. 30. 30. 30. 30. 30.
 30. 30. 30. 30. 30. 30. 30. 30. 
   30. 1916. 1916. 2946. 2946. 2946. 1916. 2946. 2946. 2946. 2946. 1916.
 2946. 2946. 2946. 1916. 1916.   30.   30.   30.   30.   30.   30.   30.
   30.   30. 
 30. 30. 30. 30. 30. 30. 30. 30. 30. 30. 30. 30. 30. 30. 30. 30. 30. 30.
 30. 30. 30. 30. 30. 30. 30. 30. 
   30.   30.   30.   30.   30.   30.   30.   30.   30.   30.   30.   30.
   30. 1916. 1916. 2946. 2946. 2946. 1916. 2946. 2946. 2946. 2946. 1916.
 2946. 2946. 
 2946. 2946. 1916. 1916.   30.   30.   30.   30.   30.   30.   30.   30.
   30.   30.   30.   30.   30.   30.   30.   30.   30.   30.   30.   30.
   30.   30. 
   30.   30.   30.   30.   30.   30.   30.   30.   30.   30.   30.   30.
   30.   30.   30.   30.   30.   30.   30.   30.   30.   30.   30.   30.
   30. 1916. 
 1916. 2946. 2946. 2946. 1916. 2946. 2946. 2946. 2946. 1916. 1916. 2946.
 2946. 2946. 1916. 1916.   30.   30.   30.   30.   30.   30.   30.   30.
   30.   30. 
 30. 30. 30. 30. 30. 30. 30. 30. 30. 30. 30. 30. 30. 30. 30. 30. 30. 30.
 30. 30. 30. 30. 30. 30. 30. 30. 
   30.   30.   30.   30.   30.   30.   30.   30.   30.   30.   30.   30.
 1916. 2946. 2946. 2946. 1916. 2946. 2946. 2946. 1916. 1916. 1916. 2946.
 2946. 2946. 
 1916. 1916.   30.   30.   30.   30.   30.   30.   30.   30.   30.   30.
   30.   30.   30.   30.   30.   30.   30.   30.   30.   30.   30.   30.
   30.   30. 
   30.   30.   30.   30.   30.   30.   30.   30.   30.   30.   30.   30.
   30.   30.   30.   30.   30.   30.   30.   30.   30.   30.   30. 1916.
 1916. 2946. 
 2946. 1916. 1916. 2946. 2946. 2946. 1916. 1916. 1916. 2946. 2946. 2946.
 1916. 1916.   30.   30.   30.   30.   30.   30.   30.   30.   30.   30.
   30.   30. 
 30. 30. 30. 30. 30. 30. 30. 30. 30. 30. 30. 30. 30. 30. 30. 30. 30. 30.
 30. 30. 30. 30. 30. 30. 30. 30. 
   30.   30.   30.   30.   30.   30.   30.   30.   30. 1916. 1916. 2946.
 2946. 1916. 1916. 2946. 2946. 2946. 1916. 1916. 1916. 2946. 2946. 2946.
 1916. 1916. 
 30. 30. 30. 30. 30. 30. 30. 30. 30. 30. 30. 30. 30. 30. 30. 30. 30. 30.
 30. 30. 30. 30. 30. 30. 30. 30. 
   30.   30.   30.   30.   30.   30.   30.   30.   30.   30.   30.   30.
   30.   30.   30.   30.   30.   30.   30.   30. 1916. 1916. 2946. 2946.
 2946. 1916. 
 2946. 2946. 2946. 1916. 1916. 1916. 2946. 2946. 2946. 2946. 1916. 1916.
   30.   30.   30.   30.   30.   30.   30.   30.   30.   30.   30.   30.
   30.   30. 
   30.   30.   30.   30.   30.   30.   30.   30.   30.   30.   30.   30.
   30.   30. 1916.   30.   30.   30.   30.   30.   30.   30.   30.   30.
   30.   30. 
   30.   30.   30.   30.   30.   30. 1916. 1916. 2946. 2946. 1916. 2946.
 2946. 2946. 2946. 1916. 1916. 1916. 2946. 2946. 2946. 1916. 1916.   30.
   30.   30. 
 30. 30. 30. 30. 30. 30. 30. 30. 30. 30. 30. 30. 30. 30. 30. 30. 30. 30.
 30. 30. 30. 30. 30. 30. 30. 30. 
 1916.   30.   30.   30.   30.   30.   30.   30.   30.   30.   30.   30.
   30.   30.   30.   30.   30.   30. 1916. 2946. 2946. 1916. 2946. 2946.
 2946. 2946. 
 2946. 1916. 1916. 1916. 2946. 2946. 2946. 1916. 1916.   30.   30.   30.
   30.   30.   30.   30.   30.   30.   30.   30.   30.   30.   30.   30.
   30.   30. 
   30.   30.   30.   30.   30.   30.   30.   30.   30.   30.   30.   30.
 1916.   30.   30.   30.   30.   30.   30.   30.   30.   30.   30.   30.
   30.   30. 
   30.   30.   30.   30. 1916. 2946. 1916. 1916. 2946. 2946. 2946. 2946.
 1916. 1916. 1916. 2946. 2946. 2946. 2946. 1916.   30.   30.   30.   30.
   30.   30. 
   30.   30.   30.   30.   30.   30.   30.   30.   30.   30.   30.   30.
   30.   30.   30.   30.   30.   30.   30.   30.   30.   30.   30.   30.
 1916.   30. 
   30.   30.   30.   30.   30.   30.   30.   30.   30.   30.   30.   30.
   30.   30.   30. 1916. 1916. 1916. 1916. 2946. 2946. 2946. 2946. 1916.
 1916.   30. 
 1916. 2946. 2946. 2946. 1916. 1916.   30.   30.   30.   30.   30.   30.
   30.   30.   30.   30.   30.   30.   30.   30.   30.   30.   30.   30.
   30.   30. 
   30.   30.   30.   30.   30.   30.   30.   30.   30.   30. 1916.   30.
   30.   30.   30.   30.   30.   30.   30.   30.   30.   30.   30.   30.
   30.   30. 
   30. 1916. 1916. 1916. 2946. 2946. 2946. 2946. 1916. 1916.   30. 1916.
 1916. 2946. 2946. 2946. 1916. 1916.   30.   30.   30.   30.   30.   30.
   30.   30. 
   30.   30.   30.   30.   30.   30.   30.   30.   30.   30.   30.   30.
   30.   30.   30.   30.   30.   30.   30.   30.   30.   30. 1916.   30.
   30.   30. 
   30.   30.   30.   30.   30.   30.   30.   30.   30.   30.   30.   30.
   30. 1916. 1916. 2946. 2946. 2946. 2946. 2946. 1916.   30.   30.   30.
 1916. 2946. 
 2946. 2946. 1916. 1916.   30.   30.   30.   30.   30.   30.   30.   30.
   30.   30.   30.   30.   30.   30.   30.   30.   30.   30.   30.   30.
   30.   30. 
   30.   30.   30.   30.   30.   30.   30.   30. 1916.   30.   30.   30.
   30.   30.   30.   30.   30.   30.   30.   30.   30.   30.   30.   30.
   30. 1916. 
 1916. 2946. 2946. 2946. 2946. 1916.   30.   30.   30.   30. 1916. 1916.
 2946. 2946. 2946. 1916. 1916.   30.   30.   30.   30.   30.   30.   30.
   30.   30. 
   30.   30.   30.   30.   30.   30.   30.   30.   30.   30.   30.   30.
   30.   30.   30.   30.   30.   30.   30.   30. 1916.   30.   30.   30.
   30.   30. 
   30.   30.   30.   30.   30.   30.   30.   30.   30.   30.   30. 1916.
 1916. 2946. 2946. 2946. 2946. 1916.   30.   30.   30.   30. 1916. 1916.
 2946. 2946. 
 2946. 2946. 1916. 1916. 1916.   30.   30.   30.   30.   30.   30.   30.
   30.   30.   30.   30.   30.   30.   30.   30.   30.   30.   30.   30.
   30.   30. 
   30.   30.   30.   30.   30.   30. 1916.   30.   30.   30.   30.   30.
   30.   30.   30.   30.   30.   30.   30.   30.   30.   30.   30.   30.
 1916. 2946. 
 2946. 2946. 2946. 1916.   30.   30.   30.   30.   30. 1916. 1916. 2946.
 2946. 2946. 2946. 2946. 1916. 1916. 1916.   30.   30.   30.   30.   30.
   30.   30. 
   30.   30.   30.   30.   30.   30.   30.   30.   30.   30.   30.   30.
   30.   30.   30.   30.   30.   30. 1916. 1916.   30.   30.   30.   30.
   30.   30. 
   30.   30.   30.   30.   30.   30.   30.   30.   30.   30. 1916. 2946.
 2946. 2946. 2946. 1916.   30.   30.   30.   30.   30. 1916. 1916. 1916.
 2946. 2946. 
 2946. 2946. 2946. 2946. 1916. 1916.   30.   30.   30.   30.   30.   30.
   30.   30.   30.   30.   30.   30.   30.   30.   30.   30.   30.   30.
   30.   30. 
   30.   30.   30.   30. 2946. 2946. 1916.   30.   30.   30.   30.   30.
   30.   30.   30.   30.   30.   30.   30.   30.   30.   30. 1916. 1916.
 2946. 2946. 
 2946. 1916.   30.   30.   30.   30.   30.   30. 1916. 1916. 1916. 2946.
 2946. 2946. 2946. 2946. 2946. 1916. 1916.   30.   30.   30.   30.   30.
   30.   30. 
   30.   30.   30.   30.   30.   30.   30.   30.   30.   30.   30.   30.
   30.   30.   30.   30. 2946. 2946. 1916. 1916.   30.   30.   30.   30.
   30.   30. 
   30.   30.   30.   30.   30.   30.   30.   30. 1916. 1916. 2946. 2946.
 2946. 1916. 1916.   30.   30.   30.   30.   30.   30. 1916. 1916. 1916.
 2946. 2946. 
 2946. 2946. 2946. 2946. 1916. 1916.   30.   30.   30.   30.   30.   30.
   30.   30.   30.   30.   30.   30.   30.   30.   30.   30.   30.   30.
   30.   30. 
   30.   30. 2946. 2946. 2946. 1916. 1916.   30.   30.   30.   30.   30.
   30.   30.   30.   30.   30.   30.   30.   30. 1916. 1916. 2946. 2946.
 2946. 2946. 
 1916.   30.   30.   30.   30.   30.   30.   30.   30. 1916. 1916. 2946.
 2946. 2946. 2946. 2946. 2946. 1916.   30.   30.   30.   30.   30.   30.
   30.   30. 
   30.   30.   30.   30.   30.   30.   30.   30.   30.   30.   30.   30.
   30.   30. 2946. 2946. 2946. 2946. 1916.   30.   30.   30.   30.   30.
   30.   30. 
   30.   30.   30.   30.   30.   30. 1916. 1916. 2946. 2946. 2946. 2946.
 1916.   30.   30.   30.   30.   30.   30.   30.   30.   30. 1916. 1916.
 1916. 2946. 
 2946. 2946. 2946. 1916. 1916.   30.   30.   30.   30.   30.   30.   30.
   30.   30.   30.   30.   30.   30.   30.   30.   30.   30.   30.   30.
   30.   30. 
 1916. 2946. 2946. 2946. 1916. 1916.   30.   30.   30.   30.   30.   30.
   30.   30.   30.   30.   30.   30. 1916. 1916. 1916. 2946. 2946. 2946.
 1916.   30. 
   30.   30.   30.   30.   30.   30.   30.   30.   30.   30. 1916. 1916.
 2946. 2946. 2946. 2946. 1916.   30.   30.   30.   30.   30.   30.   30.
   30.   30. 
   30.   30.   30.   30.   30.   30.   30.   30.   30.   30.   30.   30.
 1916. 1916. 2946. 2946. 2946. 1916.   30.   30.   30.   30.   30.   30.
   30.   30. 
   30.   30.   30. 1916. 1916. 2946. 1916. 2946. 2946. 2946. 1916.   30.
   30.   30.   30.   30.   30.   30.   30.   30.   30.   30.   30. 1916.
 1916. 2946. 
 2946. 2946. 1916.   30.   30.   30.   30.   30.   30.   30.   30.   30.
   30.   30.   30.   30.   30.   30.   30.   30.   30.   30.   30.   30.
   30. 1916. 
 2946. 2946. 2946. 1916.   30.   30.   30.   30.   30.   30.   30.   30.
   30.   30. 1916. 1916. 1916. 2946. 1916. 2946. 2946. 2946. 1916.   30.
   30.   30. 
   30.   30.   30.   30.   30.   30.   30.   30.   30. 1916. 1916. 2946.
 2946. 2946. 1916.   30.   30.   30.   30.   30.   30.   30.   30.   30.
   30.   30. 
   30.   30.   30.   30.   30.   30.   30.   30.   30.   30.   30. 1916.
 2946. 2946. 2946. 1916.   30.   30.   30.   30.   30.   30.   30.   30.
   30.   30. 
 1916. 1916. 2946. 1916. 1916. 2946. 2946. 2946. 1916.   30.   30.   30.
   30.   30.   30.   30.   30.   30.   30.   30.   30. 1916. 2946. 2946.
 2946. 2946. 
 1916.   30.   30.   30.   30.   30.   30.   30.   30.   30.   30.   30.
   30.   30.   30.   30.   30.   30.   30.   30.   30.   30.   30. 1916.
 2946. 2946. 
 2946. 2946. 1916.   30.   30.   30.   30.   30.   30.   30.   30. 1916.
 1916. 2946. 1916. 1916. 2946. 2946. 2946. 2946. 1916.   30.   30.   30.
   30.   30. 
   30.   30.   30.   30.   30.   30. 1916. 1916. 2946. 2946. 2946. 1916.
 1916.   30.   30.   30.   30.   30.   30.   30.   30.   30.   30.   30.
   30.   30. 
   30.   30.   30.   30.   30.   30.   30.   30.   30. 1916. 1916. 2946.
 2946. 2946. 1916.   30.   30.   30.   30.   30.   30.   30.   30. 1916.
 1916. 1916. 
 1916. 2946. 2946. 2946. 2946. 1916. 1916.   30.   30.   30.   30.   30.
   30.   30.   30.   30.   30.   30. 1916. 1916. 2946. 2946. 2946. 1916.
 1916.   30. 
   30.   30.   30.   30.   30.   30.   30.   30.   30.   30.   30.   30.
   30.   30.   30.   30.   30.   30.   30.   30.   30. 1916. 1916. 2946.
 2946. 1916. 
 1916.   30.   30.   30.   30.   30.   30.   30.   30. 1916. 1916. 1916.
 2946. 2946. 2946. 2946. 2946. 1916.   30.   30.   30.   30.   30.   30.
   30.   30. 
   30.   30.   30.   30. 1916. 2946. 2946. 2946. 2946. 1916.   30.   30.
   30.   30.   30.   30.   30.   30.   30.   30.   30.   30.   30.   30.
   30.   30. 
   30.   30.   30.   30.   30.   30.   30. 1916. 2946. 2946. 2946. 1916.
 1916.   30.   30.   30.   30.   30.   30.   30. 1916. 1916. 1916. 2946.
 2946. 2946. 
 2946. 2946. 1916.   30.   30.   30.   30.   30.   30.   30.   30.   30.
   30.   30.   30.   30. 1916. 2946. 2946. 2946. 1916. 1916.   30.   30.
   30.   30. 
   30.   30.   30.   30.   30.   30.   30.   30.   30.   30.   30.   30.
   30.   30.   30.   30.   30.   30.   30. 1916. 2946. 2946. 2946. 1916.
   30.   30. 
   30.   30.   30.   30.   30.   30. 1916. 1916. 1916. 2946. 2946. 2946.
 2946. 1916.   30.   30.   30.   30.   30.   30.   30.   30.   30.   30.
   30.   30. 
   30.   30. 1916. 2946. 2946. 2946. 1916. 1916.   30.   30.   30.   30.
   30.   30.   30.   30.   30.   30.   30.   30.   30.   30.   30.   30.
   30.   30. 
   30.   30.   30.   30.   30. 1916. 2946. 2946. 2946. 1916.   30.   30.
   30.   30.   30.   30.   30.   30. 1916. 1916. 1916. 2946. 2946. 2946.
 1916. 1916. 
   30.   30.   30.   30.   30.   30.   30.   30.   30.   30.   30.   30.
   30.   30. 1916. 2946. 2946. 2946. 2946. 1916. 1916.   30.   30.   30.
   30.   30. 
   30.   30.   30.   30.   30.   30.   30.   30.   30.   30.   30.   30.
   30.   30.   30.   30.   30. 1916. 2946. 2946. 2946. 1916.   30.   30.
   30.   30. 
   30.   30.   30.   30. 1916. 2946. 1916. 2946. 2946. 2946. 1916. 1916.
   30.   30.   30.   30.   30.   30.   30.   30.   30.   30.   30.   30.
   30.   30. 
 1916. 1916. 2946. 2946. 2946. 2946. 1916. 1916.   30.   30.   30.   30.
   30.   30.   30.   30.   30.   30.   30.   30.   30.   30.   30.   30.
   30.   30. 
   30.   30.   30. 1916. 2946. 2946. 2946. 1916.   30.   30.   30.   30.
   30.   30.   30. 1916. 1916. 2946. 1916. 2946. 2946. 2946. 1916. 1916.
   30.   30. 
   30.   30.   30.   30.   30.   30.   30.   30.   30.   30.   30.   30.
   30. 1916. 1916. 2946. 2946. 2946. 2946. 1916. 1916.   30.   30.   30.
   30.   30. 
   30.   30.   30.   30.   30.   30.   30.   30.   30.   30.   30.   30.
   30.   30.   30. 1916. 2946. 2946. 2946. 1916.   30.   30.   30.   30.
   30.   30. 
   30. 1916. 1916. 2946. 1916. 2946. 2946. 2946. 2946. 1916.   30.   30.
   30.   30.   30.   30.   30.   30.   30.   30.   30.   30.   30.   30.
   30. 1916. 
 1916. 1916. 2946. 2946. 2946. 2946. 1916. 1916.   30.   30.   30.   30.
   30.   30.   30.   30.   30.   30.   30.   30.   30.   30.   30.   30.
   30.   30. 
   30. 1916. 2946. 2946. 2946. 1916.   30.   30.   30.   30.   30.   30.
   30.   30. 1916. 2946. 1916. 1916. 2946. 2946. 2946. 2946. 1916.   30.
   30.   30. 
   30.   30.   30.   30.   30.   30.   30.   30.   30.   30.   30.   30.
 1916. 1916. 2946. 2946. 2946. 2946. 1916. 1916.   30.   30.   30.   30.
   30.   30. 
   30.   30.   30.   30.   30.   30.   30.   30.   30.   30.   30.   30.
   30. 1916. 2946. 2946. 2946. 1916.   30.   30.   30.   30.   30.   30.
   30.   30. 
 1916. 1916. 2946. 1916. 1916. 2946. 2946. 2946. 2946. 1916.   30.   30.
   30.   30.   30.   30.   30.   30.   30.   30.   30.   30.   30.   30.
   30. 1916. 
 1916. 2946. 2946. 2946. 2946. 1916.   30.   30.   30.   30.   30.   30.
   30.   30.   30.   30.   30.   30.   30.   30.   30.   30.   30.   30.
   30. 1916. 
 2946. 2946. 2946. 1916.   30.   30.   30.   30.   30.   30.   30.   30.
 1916. 1916. 2946. 2946. 1916. 2946. 2946. 2946. 2946. 2946. 1916.   30.
   30.   30. 
   30.   30.   30.   30.   30.   30.   30.   30.   30.   30.   30.   30.
 1916. 1916. 2946. 2946. 2946. 1916. 1916.   30.   30.   30.   30.   30.
   30.   30. 
   30.   30.   30.   30.   30.   30.   30.   30.   30.   30.   30. 1916.
 1916. 2946. 2946. 1916. 1916.   30.   30.   30.   30.   30.   30.   30.
   30. 1916. 
 1916. 2946. 2946. 1916. 2946. 2946. 2946. 2946. 1916.   30.   30.   30.
   30.   30.   30.   30.   30.   30.   30.   30.   30.   30.   30. 1916.
 1916. 1916. 
 2946. 2946. 2946. 1916. 1916.   30.   30.   30.   30.   30.   30.   30.
   30.   30.   30.   30.   30.   30.   30.   30.   30.   30.   30. 1916.
 1916. 2946. 
 2946. 2946. 1916.   30.   30.   30.   30.   30.   30.   30.   30. 1916.
 1916. 2946. 2946. 2946. 1916. 2946. 2946. 2946. 1916.   30.   30.   30.
   30.   30. 
   30.   30.   30.   30.   30.   30.   30.   30. 1916. 1916. 2946. 2946.
 2946. 2946. 2946. 1916.   30.   30.   30.   30.   30.   30.   30.   30.
   30.   30. 
   30.   30.   30.   30.   30.   30.   30.   30.   30. 1916. 2946. 2946.
 2946. 1916. 1916.   30.   30.   30.   30.   30.   30.   30.   30.   30.
 1916. 2946. 
 2946. 2946. 1916. 2946. 2946. 2946. 1916.   30.   30.   30.   30.   30.
   30.   30.   30.   30.   30.   30. 1916. 1916. 1916. 2946. 2946. 2946.
 2946. 2946. 
 1916. 1916.   30.   30.   30.   30.   30.   30.   30.   30.   30.   30.
   30.   30.   30.   30.   30.   30.   30.   30.   30. 1916. 1916. 2946.
 2946. 2946. 
 1916. 1916.   30.   30.   30.   30.   30.   30.   30.   30. 1916. 1916.
 2946. 2946. 1916. 2946. 2946. 2946. 1916. 1916.   30.   30.   30.   30.
   30.   30. 
   30.   30.   30.   30. 1916. 1916. 2946. 2946. 2946. 2946. 2946. 2946.
 1916. 1916.   30.   30.   30.   30.   30.   30.   30.   30.   30.   30.
   30.   30. 
   30.   30.   30.   30.   30.   30.   30.   30. 1916. 2946. 2946. 2946.
 2946. 1916. 1916.   30.   30.   30.   30.   30.   30.   30. 1916. 1916.
 2946. 2946. 
 1916. 2946. 2946. 2946. 1916. 1916.   30.   30.   30.   30.   30.   30.
   30.   30.   30. 1916. 1916. 2946. 2946. 2946. 2946. 2946. 1916. 1916.
 1916.   30. 
   30.   30.   30.   30.   30.   30.   30.   30.   30.   30.   30.   30.
   30.   30.   30.   30.   30.   30.   30.   30. 1916. 1916. 2946. 2946.
 2946. 1916. 
 1916.   30.   30.   30.   30.   30.   30.   30. 1916. 1916. 2946. 2946.
 1916. 2946. 2946. 2946. 1916. 1916.   30.   30.   30.   30.   30.   30.
   30.   30. 
   30. 1916. 2946. 2946. 2946. 2946. 2946. 1916. 1916.   30.   30.   30.
   30.   30.   30.   30.   30.   30.   30.   30.   30.   30.   30.   30.
   30.   30. 
   30.   30.   30.   30.   30.   30.   30. 1916. 2946. 2946. 2946. 2946.
 1916.   30.   30.   30.   30.   30.   30.   30.   30. 1916. 2946. 1916.
 1916. 2946. 
 2946. 2946. 1916.   30.   30.   30.   30.   30.   30.   30.   30.   30.
   30. 1916. 2946. 2946. 2946. 2946. 1916. 1916.   30.   30.   30.   30.
   30.   30. 
   30.   30.   30.   30.   30.   30.   30.   30.   30.   30.   30.   30.
   30.   30.   30.   30.   30.   30.   30. 1916. 2946. 2946. 2946. 2946.
 1916.   30. 
   30.   30.   30.   30.   30.   30.   30. 1916. 1916. 1916. 2946. 2946.
 2946. 2946. 1916.   30.   30.   30.   30.   30.   30.   30.   30.   30.
 1916. 1916. 
 2946. 2946. 2946. 2946. 1916. 1916.   30.   30.   30.   30.   30.   30.
   30.   30.   30.   30.   30.   30.   30.   30.   30.   30.   30.   30.
   30.   30. 
   30.   30.   30.   30.   30. 1916. 1916. 2946. 2946. 2946. 1916.   30.
   30.   30.   30.   30.   30.   30.   30. 1916. 1916. 2946. 2946. 2946.
 2946. 1916. 
 1916.   30.   30.   30.   30.   30.   30.   30.   30.   30. 1916. 1916.
 2946. 2946. 2946. 2946. 1916. 1916.   30.   30.   30.   30.   30.   30.
   30.   30. 
 30. 30. 30. 30. 30. 30. 30. 30. 30. 30. 30. 30. 30. 30. 
/