PERMI
 1268. 1268. 1268.  850. 1268. 1268. 1268. 1268. 1268. 1268. 1268. 1268.
 1268.  850.  850.  850.  850. 1268. 1268. 1268.  850.  850.  850.  850.
  850.  850. 
 850. 850. 850.  40.  40.  40.  40.  40.  40.  40.  40.  40.  40. 850.
 850. 850. 850. 850. 850. 850.  40.  40.  40. 850. 850. 850. 
  850.  850.  850.   40.   40.   40.   40.   40.   40.   40.   40.   40.
 1268. 1268. 1268. 1268. 1268. 1268. 1268. 1268. 1268. 1268. 1268. 1268.
 1268. 1268. 
 1268. 1268. 1268. 1268. 1268.  850.  850.   40.   40.   40.   40.   40.
   40.   40.   40.   40.   40.  850.  850.  850.  850.  850.   40.   40.
  850.  850. 
  850.  850.  850. 1268.  850.  850.  850.  850.  850.  850.  850.  850.
  850.  850.  850.  850.   40.   40.   40.   40.   40.   40.   40.   40.
 1268. 1268. 
 1268.  850.  850.  850.  850.  850.  850.  850. 1268.  850.  850.  850.
  850.  850. 1268. 1268. 1268.  850.   40.   40.   40.   40.   40.   40.
   40.   40. 
   40.   40.  850.  850.  850.  850.  850.  850.  850.  850.  850.  850.
  850.  850.  850.  850.  850. 1268.  850.  850.  850.  850. 1268. 1268.
 1268. 1268. 
 850. 850. 850.  40.  40.  40.  40.  40.  40.  40. 850. 850. 850. 850.
 850. 850. 850. 850. 850. 850. 850. 850. 850. 850. 850. 850. 
  850.  850.  850.  850.   40.   40.   40.   40.   40.   40.   40.   40.
  850.  850.  850.  850. 1268. 1268. 1268. 1268.  850.  850.  850. 1268.
 1268. 1268. 
 1268.  850.  850. 1268. 1268.  850. 1268. 1268. 1268. 1268. 1268. 1268.
 1268.  850.  850.  850.   40.   40.  850.  850.  850.  850.  850.  850.
  850.  850. 
 1268. 1268. 1268. 1268.  850.  850.  850.  850. 1268. 1268. 1268.  850.
  850.  850.   40.   40.   40.  850.  850.  850.  850.  850.   40.   40.
  850.  850. 
  850.  850.  850. 1268. 1268. 1268. 1268.  850.  850. 1268. 1268. 1268.
 1268. 1268.  850.  850. 1268. 1268.  850.  850.  850.  850.  850.  850.
 1268. 1268. 
  850.  850.  850.  850.  850.  850.  850.  850.  850.  850.  850. 1268.
 1268. 1268. 1268. 1268.  850.  850.  850. 1268. 1268. 1268. 1268. 1268.
  850.  850. 
   40.   40.  850.  850.  850.  850.  850.  850.  850.  850.  850.  850.
  850.  850.  850.  850.  850. 1268.  850.  850. 1268. 1268. 1268. 1268.
 1268. 1268. 
 1268.  850.  850.  850.  850.  850.  850. 1268. 1268.  850.  850. 1268.
  850.  850.  850.  850. 1268. 1268. 1268. 1268.  850.  850. 1268. 1268.
 1268. 1268. 
 1268. 1268. 1268.  850. 1268. 1268. 1268. 1268. 1268. 1268.  850.  850.
  850.  850.  850. 1268. 1268. 1268. 1268. 1268.  850.  850.  850. 1268.
 1268. 1268. 
 1268.  850.  850.  850.  850.  850. 1268. 1268. 1268.  850. 1268. 1268.
 1268. 1268.  850. 1268. 1268. 1268. 1268. 1268. 1268. 1268.  850.  850.
 1268.  850. 
  850. 1268. 1268. 1268. 1268. 1268.  850. 1268. 1268. 1268. 1268.  850.
 1268. 1268. 1268. 1268. 1268. 1268. 1268.  850. 1268. 1268. 1268.  850.
  850.  850. 
  850.  850. 1268. 1268. 1268.  850.  850. 1268. 1268. 1268. 1268. 1268.
 1268. 1268. 1268. 1268.  850.  850. 1268. 1268. 1268.  850.  850. 1268.
 1268. 1268. 
 1268. 1268. 1268. 1268. 1268. 1268. 1268. 1268.  850.  850.  850.  850.
  850. 1268. 1268. 1268. 1268. 1268. 1268. 1268. 1268. 1268.  850.  850.
  850. 1268. 
 1268. 1268. 1268. 1268.  850.  850. 1268. 1268.  850.  850.  850.  850.
  850.  850.  850.  850.  850.  850. 1268. 1268. 1268. 1268. 1268. 1268.
 1268. 1268. 
 1268. 1268. 1268. 1268. 1268. 1268. 1268.  850.  850. 1268. 1268. 1268.
 1268. 1268. 1268. 1268. 1268.  850. 1268. 1268. 1268.  850.  850.  850.
 1268. 1268. 
 1268. 1268.  850. 1268. 1268. 1268. 1268. 1268.  850.  850.  850. 1268.
 1268. 1268. 1268.  850.  850.  850. 1268.  850.  850.  850. 1268. 1268.
 1268. 1268. 
  850.  850.  850.  850. 1268. 1268. 1268. 1268.  850.  850. 1268. 1268.
 1268. 1268. 1268. 1268. 1268. 1268. 1268.  850.  850.  850.  850. 1268.
 1268. 1268. 
  850.  850.  850.  850. 1268. 1268. 1268. 1268.  850. 1268. 1268. 1268.
 1268.  850.  850.  850. 1268. 1268.  850.  850.  850.  850.  850.  850.
  850.  850. 
  850.  850.  850.  850.  850.  850.  850. 1268. 1268. 1268. 1268. 1268.
 1268. 1268.  850. 1268. 1268. 1268. 1268.  850.  850.  850.  850.  850.
  850. 1268. 
 1268. 1268. 1268. 1268.  850.  850.   40.  850.  850.  850.  850.  850.
  850.  850.  850.  850.  850. 1268. 1268. 1268. 1268. 1268. 1268. 1268.
  850.  850. 
  850.  850.  850.  850.  850.  850.   40.   40.  850.  850.  850.  850.
  850.  850.   40.  850.  850.  850. 1268. 1268. 1268. 1268. 1268. 1268.
 1268. 1268. 
 1268. 1268. 1268. 1268. 1268.  850.  850.  850.   40.  850.  850.  850.
 1268. 1268.  850.  850.  850.   40.   40.   40.   40.  850.  850.   40.
   40.   40. 
   40.   40.  850.  850. 1268. 1268. 1268. 1268. 1268. 1268.  850.  850.
 1268. 1268.  850.  850.   40.   40.   40.   40.  850.  850.  850.  850.
  850.  850. 
  850.  850.  850. 1268. 1268. 1268. 1268. 1268. 1268. 1268. 1268. 1268.
 1268. 1268. 1268. 1268.  850.  850.  850.   40.   40.   40.   40.  850.
  850.  850. 
  850.  850.   40.   40.   40.   40.   40.   40.   40.   40.   40.   40.
   40.   40.  850.  850.  850. 1268. 1268.  850.  850.  850.  850.  850.
 1268.  850. 
   40.   40.   40.   40.   40.  850.  850.  850.  850.  850.  850.  850.
  850.  850. 1268. 1268. 1268. 1268. 1268.  850.  850.  850. 1268. 1268.
 1268. 1268. 
 850. 850. 850. 850. 850.  40.  40.  40.  40.  40. 850. 850. 850. 850.
 850. 850.  40.  40.  40.  40.  40.  40.  40. 850. 850. 850. 
  850.   40.  850.  850.  850.  850.  850.  850.  850.  850.  850.  850.
   40.   40.   40.   40.  850.  850.  850. 1268. 1268. 1268. 1268. 1268.
 1268. 1268. 
 1268. 1268. 1268. 1268.  850.  850.  850.  850.  850.  850.  850.  850.
  850.  850. 1268. 1268.  850.  850.   40.   40.   40.  850.  850.  850.
  850.  850. 
 850. 850. 850.  40.  40.  40.  40. 850. 850. 850. 850. 850. 850. 850.
 850. 850. 850. 850. 850. 850. 850. 850. 850. 850. 850.  40. 
   40.  850.  850.  850. 1268. 1268. 1268. 1268. 1268. 1268. 1268. 1268.
 1268. 1268. 1268.  850.  850.  850.  850.  850.  850.  850.  850.  850.
  850. 1268. 
 1268. 1268. 1268.  850.  850.  850.  850.  850.  850. 1268. 1268. 1268.
 1268.  850.  850.  850.   40.   40.  850.  850.  850. 1268. 1268. 1268.
 1268.  850. 
  850.  850. 1268. 1268. 1268.  850.  850.  850.  850. 1268.  850.  850.
   40.  850.  850. 1268. 1268. 1268. 1268. 1268. 1268. 1268. 1268. 1268.
 1268. 1268. 
  850.  850. 1268.  850.  850.  850. 1268. 1268. 1268. 1268. 1268. 1268.
 1268. 1268. 1268.  850.  850.  850.  850. 1268. 1268. 1268. 1268. 1268.
 1268. 1268. 
  850.  850.  850.  850.  850. 1268. 1268. 1268. 1268. 1268. 1268. 1268.
  850. 1268. 1268. 1268. 1268. 1268.  850.  850.  850. 1268.  850.  850.
  850.  850. 
 1268. 1268. 1268. 1268.  850.  850.  850.  850.  850.  850.  850.  850.
  850.  850. 1268. 1268.  850. 1268. 1268. 1268. 1268. 1268.  850.  850.
 1268. 1268. 
 1268. 1268. 1268. 1268. 1268. 1268. 1268. 1268. 1268. 1268. 1268. 1268.
 1268. 1268. 1268.  850. 1268. 1268. 1268. 1268. 1268. 1268. 1268. 1268.
  850. 1268. 
 1268. 1268. 1268. 1268.  850.  850. 1268. 1268. 1268. 1268.  850. 1268.
 1268. 1268. 1268.  850.  850.  850.  850.  850.  850.  850.  850.  850.
 1268. 1268. 
 1268. 1268. 1268. 1268. 1268. 1268. 1268.  850.  850.  850.  850. 1268.
 1268. 1268. 1268. 1268. 1268. 1268. 1268. 1268.  850. 1268. 1268. 1268.
 1268. 1268. 
 1268. 1268. 1268.  850.  850.  850.  850. 1268. 1268. 1268. 1268. 1268.
  850.  850.  850.  850.  850.  850. 1268. 1268. 1268. 1268.  850. 1268.
 1268. 1268. 
  850.  850.  850. 1268. 1268.  850. 1268. 1268. 1268. 1268.  850.  850.
 1268. 1268. 1268. 1268. 1268. 1268.  850.  850.   40.  850.  850.  850.
 1268. 1268. 
 1268. 1268. 1268. 1268.  850.  850.  850.  850.  850. 1268. 1268. 1268.
 1268.  850.  850.  850.  850.  850.  850.  850. 1268. 1268. 1268.  850.
  850.  850. 
 1268.  850.  850.  850. 1268. 1268. 1268. 1268. 1268. 1268. 1268. 1268.
  850.  850. 1268. 1268. 1268. 1268. 1268. 1268. 1268.  850.  850.  850.
 1268. 1268. 
 1268. 1268. 1268.  850.  850.  850.   40.   40.  850.  850.  850.  850.
 1268.  850.  850.  850.  850.  850.  850.  850.  850.  850.  850. 1268.
  850.  850. 
  850. 1268. 1268. 1268.  850.  850.  850. 1268.  850.  850. 1268. 1268.
 1268. 1268. 1268.  850. 1268. 1268.  850. 1268. 1268. 1268. 1268.  850.
  850.  850. 
 1268. 1268. 1268. 1268. 1268. 1268.  850.  850.   40.  850.  850.  850.
  850. 1268.  850.  850.  850.   40.   40.   40.   40.   40.  850.  850.
  850.  850. 
  850.  850.  850.  850.  850.  850.  850.  850.  850.  850.  850.  850.
 1268. 1268. 1268. 1268. 1268.  850.  850.  850.  850.  850. 1268. 1268.
 1268. 1268. 
 1268. 1268. 1268. 1268.  850.  850.  850.  850.  850.  850. 1268.  850.
  850.  850. 1268. 1268. 1268.  850.  850.  850.   40.  850.  850.  850.
  850.  850. 
  850.  850.   40.   40.   40.   40.   40.   40.   40.   40.   40.   40.
  850.  850. 1268.  850. 1268.  850.  850.  850.  850.  850.  850. 1268.
 1268. 1268. 
 1268. 1268. 1268. 1268.  850.  850.  850. 1268. 1268. 1268. 1268. 1268.
 1268. 1268. 1268. 1268. 1268.  850.  850.  850.  850. 1268. 1268.  850.
  850.  850. 
  850.  850.  850.  850.  850.   40.   40.   40.   40.   40.   40.   40.
   40.   40.   40.   40.  850.  850.  850.  850.  850.   40.   40.  850.
  850. 1268. 
 1268. 1268. 1268. 1268. 1268. 1268.  850.  850. 1268. 1268. 1268. 1268.
  850. 1268. 1268. 1268. 1268. 1268. 1268. 1268. 1268.  850.  850.  850.
 1268. 1268. 
 1268. 1268. 1268. 1268. 1268. 1268. 1268. 1268. 1268.  850.  850.   40.
  850.  850.  850.   40.   40.   40.   40.   40.   40.   40.   40.   40.
   40.   40. 
  850.  850.  850.  850.  850.  850.  850.  850.  850.  850.  850. 1268.
 1268. 1268. 1268. 1268. 1268. 1268. 1268. 1268. 1268. 1268. 1268.  850.
  850.  850. 
 1268. 1268. 1268. 1268. 1268. 1268. 1268.  850.  850.  850.  850.  850.
  850.  850.  850. 1268. 1268. 1268. 1268. 1268. 1268.  850.  850.   40.
   40.   40. 
   40.   40.   40.   40.   40.  850.  850.  850.  850.  850.   40.   40.
  850.  850. 1268. 1268. 1268. 1268. 1268.  850.  850.  850. 1268. 1268.
 1268.  850. 
  850. 1268. 1268. 1268. 1268. 1268. 1268. 1268.  850.  850.  850.  850.
  850. 1268. 1268. 1268. 1268. 1268.  850.  850.   40.   40.   40.  850.
  850.   40. 
  850.  850.  850. 1268. 1268. 1268.  850.  850.   40.   40.   40.   40.
   40.   40.   40.   40.  850.  850. 1268. 1268. 1268.  850.  850.  850.
  850. 1268. 
 1268. 1268. 1268. 1268. 1268.  850.  850.  850. 1268. 1268. 1268.  850.
  850.  850.  850. 1268. 1268. 1268. 1268.  850.  850.  850.   40.  850.
  850.  850. 
 850. 850. 850. 850. 850.  40.  40.  40.  40.  40.  40.  40.  40. 850.
 850. 850. 850. 850. 850.  40.  40.  40.  40.  40.  40.  40. 
   40.  850.  850. 1268. 1268. 1268. 1268. 1268.  850.  850. 1268. 1268.
 1268. 1268. 1268. 1268. 1268. 1268.  850. 1268. 1268. 1268.  850.  850.
   40.  850. 
 850. 850. 850. 850. 850. 850. 850.  40.  40.  40.  40. 850. 850. 850.
 850. 850.  40.  40.  40.  40.  40.  40.  40.  40. 850. 850. 
  850.   40.   40.   40.   40.   40.   40.   40.  850.  850.  850.  850.
  850.  850.  850. 1268. 1268. 1268. 1268. 1268. 1268.  850. 1268. 1268.
 1268.  850. 
  850. 1268. 1268. 1268. 1268. 1268. 1268. 1268.  850.  850.   40.   40.
   40.  850.  850.  850.  850.   40.   40.   40.   40.   40.   40.   40.
   40.   40. 
  40.  40.  40.  40.  40.  40.  40.  40.  40.  40. 850. 850. 850. 850.
  40.  40.  40.  40.  40. 850. 850. 850. 850. 850. 850. 850. 
  850. 1268. 1268. 1268. 1268. 1268. 1268. 1268. 1268. 1268. 1268.  850.
  850.  850. 1268. 1268. 1268. 1268. 1268.  850.  850.  850.   40.   40.
   40.   40. 
  40.  40.  40.  40.  40.  40.  40.  40.  40.  40.  40.  40.  40.  40.
  40.  40.  40.  40.  40.  40.  40.  40. 850. 850. 850. 850. 
  850.   40.   40.  850.  850.  850.  850.  850. 1268. 1268. 1268.  850.
  850. 1268. 1268. 1268.  850. 1268. 1268. 1268. 1268. 1268.  850.  850.
  850.  850. 
  850. 1268. 1268. 1268.  850.  850.  850.   40.   40.   40.   40.   40.
   40.   40.   40.   40.   40.   40.   40.   40.   40.   40.   40.   40.
   40.   40. 
   40.   40.   40.   40.   40.   40.   40.   40.  850.  850.  850.  850.
  850.  850.  850.  850.  850.  850.  850. 1268. 1268. 1268. 1268. 1268.
 1268. 1268. 
 1268. 1268.  850.  850.  850.  850.  850.  850.  850.   40.   40.  850.
  850.  850.  850.  850.  850.  850.   40.   40.   40.   40.   40.   40.
   40.   40. 
   40.   40.   40.   40.   40.   40.   40.   40.   40.   40.   40.   40.
   40.   40.   40.   40.   40.   40.   40.   40. 1268. 1268. 1268. 1268.
  850.  850. 
  850.  850.  850.  850. 1268. 1268. 1268. 1268. 1268. 1268. 1268. 1268.
 1268. 1268.  850.  850.  850.  850.  850.  850.  850.   40.   40.   40.
  850.  850. 
 850. 850. 850.  40.  40.  40.  40.  40.  40.  40.  40.  40.  40.  40.
  40.  40.  40.  40.  40.  40.  40.  40.  40.  40.  40.  40. 
   40.   40.   40.   40.   40.   40. 1268. 1268. 1268. 1268. 1268. 1268.
  850.  850.  850.  850. 1268. 1268. 1268.  850. 1268. 1268. 1268. 1268.
 1268.  850. 
 850. 850. 850. 850. 850. 850. 850. 850.  40.  40.  40.  40.  40.  40.
  40.  40.  40.  40.  40.  40.  40.  40.  40.  40.  40.  40. 
   40.   40.   40.   40.   40.   40.   40.   40.   40.   40.   40.   40.
   40.   40.   40.   40.   40.   40. 1268. 1268. 1268. 1268. 1268. 1268.
 1268. 1268. 
  850. 1268. 1268. 1268.  850.  850.  850.  850. 1268. 1268. 1268.  850.
  850. 1268. 1268. 1268. 1268. 1268. 1268.  850.  850.   40.   40.   40.
   40.  850. 
 850. 850. 850.  40.  40.  40.  40.  40.  40.  40.  40.  40.  40.  40.
  40.  40.  40.  40.  40.  40.  40.  40.  40.  40.  40.  40. 
   40.   40.   40.   40. 1268.  850.  850.  850. 1268. 1268. 1268. 1268.
 1268. 1268. 1268. 1268.  850.  850.  850.  850.  850.  850.  850.  850.
 1268. 1268. 
 1268. 1268. 1268. 1268. 1268. 1268.  850.  850.   40.   40.  850.  850.
  850.  850.  850.  850.  850.   40.   40.   40.   40.   40.   40.   40.
   40.   40. 
   40.   40.   40.   40.   40.   40.   40.   40.   40.   40.   40.   40.
   40.   40.   40.   40.  850.  850.  850.  850.  850. 1268. 1268. 1268.
 1268. 1268. 
 1268.  850.  850.   40.  850.  850.  850.  850.  850. 1268. 1268. 1268.
 1268. 1268. 1268. 1268. 1268. 1268. 1268.  850.  850.  850.  850.  850.
 1268. 1268. 
 1268.  850.  850.  850.   40.   40.   40.   40.   40.   40.   40.   40.
   40.   40.   40.   40.   40.   40.   40.   40.   40.   40.   40.   40.
  850.   40. 
   40.   40.  850.  850.  850.  850.  850.  850.  850. 1268. 1268. 1268.
  850.  850.  850.   40.   40.  850.  850.  850.  850.  850.  850.  850.
  850.  850. 
  850. 1268. 1268. 1268. 1268.  850.  850.  850.  850. 1268. 1268. 1268.
 1268. 1268.  850.  850.   40.   40.   40.   40.   40.   40.   40.   40.
   40.   40. 
  40.  40.  40.  40.  40.  40.  40. 850. 850. 850. 850. 850. 850. 850.
 850.  40.  40.  40. 850. 850. 850. 850. 850. 850. 850. 850. 
   40.   40.   40.   40.  850.  850.  850.  850.  850.  850.  850.  850.
  850.  850. 1268. 1268. 1268. 1268. 1268. 1268. 1268. 1268. 1268. 1268.
 1268. 1268. 
 1268.  850.  850.   40.  850.  850.  850.  850.  850.  850.  850.   40.
   40.   40.   40.   40.   40.  850.  850.  850. 1268. 1268. 1268. 1268.
 1268.  850. 
  40.  40.  40.  40.  40.  40.  40. 850. 850. 850.  40.  40.  40.  40.
  40.  40.  40.  40.  40.  40.  40.  40.  40.  40. 850. 850. 
 1268. 1268. 1268. 1268. 1268. 1268. 1268. 1268.  850.  850. 1268. 1268.
 1268.  850.  850.  850.  850.  850.  850.  850.  850.  850.  850.  850.
  850.  850. 
  850.  850.  850.  850.  850.  850.  850.  850. 1268. 1268. 1268. 1268.
   40.   40.   40.   40.   40.   40.   40.   40.   40.   40.   40.   40.
   40.   40. 
   40.   40.   40.   40.   40.   40.   40.   40.   40.   40.   40.  850.
  850. 1268. 1268. 1268. 1268. 1268. 1268. 1268.  850.  850. 1268. 1268.
 1268.  850. 
  850.  850.  850. 1268. 1268. 1268. 1268. 1268.  850.  850.  850. 1268.
  850.  850.  850. 1268. 1268. 1268.  850.  850.  850.  850.  850.  850.
   40.   40. 
  40.  40.  40.  40.  40.  40.  40.  40.  40.  40.  40.  40.  40.  40.
  40.  40.  40.  40.  40.  40.  40.  40.  40.  40. 850. 850. 
 1268. 1268. 1268. 1268.  850.  850.  850.  850.  850. 1268. 1268. 1268.
  850. 1268. 1268. 1268. 1268. 1268. 1268. 1268. 1268.  850.  850.  850.
  850.  850. 
 1268. 1268. 1268. 1268. 1268. 1268.  850.  850.  850.  850.   40.   40.
   40.   40.   40.   40.   40.   40.   40.   40.   40.   40.   40.   40.
   40.   40. 
   40.   40.   40.   40.   40.   40.   40.   40.   40.   40.   40.  850.
  850.  850.  850.  850.  850.  850.   40.  850.  850. 1268. 1268. 1268.
 1268. 1268. 
 1268. 1268. 1268. 1268. 1268. 1268. 1268. 1268.  850.  850.  850. 1268.
 1268. 1268. 1268. 1268. 1268. 1268. 1268.  850.  850. 1268.   40.   40.
   40.   40. 
  40.  40.  40.  40.  40.  40.  40.  40.  40.  40.  40.  40.  40.  40.
  40.  40.  40.  40.  40.  40.  40.  40.  40.  40. 850. 850. 
  850.  850.  850.   40.   40.   40.  850.  850. 1268. 1268. 1268. 1268.
 1268. 1268. 1268. 1268. 1268. 1268. 1268. 1268. 1268.  850. 1268. 1268.
 1268. 1268. 
 1268. 1268. 1268. 1268. 1268. 1268. 1268. 1268.   40.   40.   40.   40.
   40.   40.   40.   40.   40.   40.   40.   40.   40.   40.   40.   40.
   40.   40. 
   40.   40.   40.   40.   40.  850.  850.  850.   40.   40.   40.   40.
   40.   40.   40.   40.   40.   40.  850.  850.  850. 1268. 1268. 1268.
  850.  850. 
  850.  850.  850. 1268. 1268. 1268. 1268. 1268. 1268. 1268. 1268. 1268.
  850.  850. 1268. 1268. 1268. 1268. 1268. 1268.   40.   40.   40.   40.
   40.   40. 
  40.  40.  40.  40.  40.  40.  40.  40.  40.  40.  40.  40.  40.  40.
  40.  40. 850. 850. 850. 850. 850. 850.  40.  40.  40.  40. 
  850.  850.   40.   40.   40.  850.  850.  850.  850.  850.  850.  850.
  850.  850.  850.  850.  850. 1268. 1268. 1268. 1268. 1268. 1268.  850.
  850.  850. 
  850. 1268. 1268. 1268. 1268. 1268.   40.   40.   40.   40.   40.   40.
   40.   40.   40.   40.   40.   40.   40.   40.   40.   40.   40.   40.
   40.   40. 
  850.  850.  850. 1268. 1268. 1268. 1268.  850.  850.   40.  850.  850.
  850.  850.  850.  850.   40.  850. 1268. 1268.  850.  850. 1268. 1268.
 1268. 1268. 
 1268.  850.  850.  850. 1268. 1268. 1268. 1268.  850.  850.  850.   40.
  850.  850.  850.  850.  850.  850.   40.   40.   40.   40.   40.   40.
   40.   40. 
   40.   40.   40.   40.   40.  850.  850.  850.  850.   40.   40.  850.
  850. 1268. 1268. 1268. 1268. 1268. 1268. 1268.  850.  850.  850. 1268.
 1268. 1268. 
 1268.  850.  850. 1268. 1268. 1268.  850.  850. 1268. 1268. 1268. 1268.
 1268. 1268.  850.  850.  850.  850.  850.  850.  850.  850.   40.   40.
   40.  850. 
  850.  850.  850.  850.   40.   40.   40.   40.   40.   40.   40.   40.
   40.   40.   40.   40.  850.  850. 1268.  850.  850.  850.  850.  850.
 1268. 1268. 
 1268. 1268. 1268. 1268. 1268. 1268.  850.  850. 1268. 1268. 1268. 1268.
 1268.  850.  850. 1268. 1268. 1268.  850.  850.  850.  850. 1268. 1268.
 1268.  850. 
 850. 850. 850. 850. 850. 850.  40.  40.  40.  40.  40.  40.  40.  40.
  40.  40.  40.  40.  40.  40.  40.  40.  40.  40.  40.  40. 
   40.  850. 1268. 1268. 1268. 1268. 1268. 1268. 1268. 1268. 1268. 1268.
 1268. 1268.  850. 1268. 1268. 1268.  850. 1268. 1268. 1268. 1268. 1268.
 1268. 1268. 
  850. 1268. 1268. 1268.  850.   40.   40.  850.  850.  850.  850.  850.
   40.   40.   40.   40.   40.   40.   40.   40.   40.   40.   40.   40.
   40.   40. 
   40.   40.  850.  850.  850.  850.  850.  850.  850.   40.   40.   40.
   40.  850. 1268. 1268. 1268. 1268. 1268. 1268. 1268. 1268. 1268. 1268.
 1268.  850. 
  850.  850. 1268. 1268. 1268. 1268. 1268. 1268. 1268. 1268. 1268. 1268.
 1268. 1268. 1268.  850.  850.   40.   40.   40.   40.   40.   40.   40.
   40.   40. 
   40.   40.   40.   40.   40.   40.   40.   40.   40.   40.   40.   40.
   40.   40.  850. 1268. 1268. 1268. 1268. 1268.  850.  850.  850.   40.
  850.  850. 
 1268. 1268. 1268. 1268. 1268. 1268. 1268. 1268. 1268. 1268. 1268.  850.
  850.  850. 1268. 1268. 1268. 1268. 1268. 1268.  850.  850. 1268. 1268.
 1268. 1268. 
 1268.  850.   40.   40.   40.   40.   40.   40.   40.   40.   40.   40.
   40.   40.   40.   40.   40.   40.  850.  850.  850.  850.   40.   40.
   40.   40. 
  850. 1268. 1268. 1268. 1268. 1268. 1268. 1268.  850.  850.  850. 1268.
 1268. 1268. 1268.  850.  850. 1268. 1268. 1268. 1268.  850.  850.  850.
   40.  850. 
  850. 1268. 1268. 1268.  850.  850.   40.  850.  850. 1268. 1268. 1268.
  850.  850.   40.   40.   40.   40.   40.   40.   40.   40.   40.   40.
   40.   40. 
   40.   40.  850.  850.  850.  850.  850.  850.  850.  850.   40.   40.
 1268. 1268. 1268. 1268. 1268. 1268. 1268. 1268. 1268. 1268.  850. 1268.
 1268. 1268. 
 1268.  850.  850.  850.  850.  850.  850.  850.  850.   40.   40.   40.
  850.  850.  850.  850.  850.   40.   40.   40.   40.  850.  850.  850.
   40.   40. 
   40.   40.   40.   40.   40.   40.   40.   40.  850.  850.  850.  850.
  850.  850.  850.  850. 1268. 1268. 1268. 1268.  850.  850.  850.   40.
 1268. 1268. 
 1268.  850.  850.  850. 1268. 1268. 1268. 1268. 1268. 1268. 1268. 1268.
  850.  850.   40.   40.   40.   40.   40.   40.   40.   40.   40.   40.
   40.   40. 
  40.  40.  40.  40.  40.  40.  40.  40.  40.  40.  40.  40.  40.  40.
  40.  40.  40. 850. 850. 850. 850. 850. 850. 850. 850. 850. 
 1268. 1268. 1268. 1268. 1268. 1268. 1268. 1268.  850.  850.  850.  850.
  850.  850.   40.  850.  850.  850. 1268.  850.  850.  850.  850.  850.
  850.   40. 
  40.  40. 850. 850. 850.  40.  40.  40.  40.  40.  40.  40.  40.  40.
  40.  40.  40.  40.  40.  40.  40.  40.  40.  40.  40.  40. 
   40.  850.  850.  850.  850. 1268. 1268. 1268. 1268. 1268. 1268. 1268.
 1268. 1268. 1268. 1268. 1268. 1268. 1268. 1268. 1268.  850.  850.  850.
  850.  850. 
  850.   40.   40.  850.  850.  850. 1268. 1268. 1268.  850.  850.   40.
  850.  850.  850.  850.  850.  850.   40.   40.   40.   40.   40.   40.
   40.   40. 
   40.   40.   40.   40.   40.   40.   40.   40.   40.   40.   40.   40.
   40.  850.  850. 1268. 1268. 1268. 1268. 1268. 1268. 1268. 1268. 1268.
 1268. 1268. 
 1268.  850.  850. 1268. 1268. 1268. 1268.  850. 1268. 1268. 1268. 1268.
  850.  850.   40.  850.  850. 1268. 1268. 1268. 1268. 1268.  850.  850.
  850. 1268. 
 1268. 1268. 1268.  850.  850.   40.   40.   40.   40.   40.   40.   40.
   40.   40.   40.   40.   40.   40.  850.  850.  850.  850.  850.  850.
  850.  850. 
 1268. 1268. 1268. 1268. 1268. 1268. 1268. 1268. 1268. 1268. 1268.  850.
  850.  850.  850.  850. 1268. 1268. 1268. 1268. 1268. 1268. 1268. 1268.
 1268.  850. 
  850.  850. 1268. 1268. 1268. 1268. 1268. 1268. 1268.  850. 1268. 1268.
 1268. 1268. 1268. 1268.  850.   40.   40.  850.  850.  850.   40.   40.
   40.   40. 
   40.   40.  850.  850.  850.  850.  850.  850.  850.  850.  850. 1268.
 1268. 1268. 1268. 1268.  850.  850.  850.  850. 1268.  850.  850.  850.
  850.   40. 
   40.  850.  850. 1268. 1268. 1268. 1268. 1268. 1268. 1268. 1268. 1268.
  850. 1268. 1268. 1268. 1268.  850. 1268. 1268. 1268. 1268. 1268. 1268.
 1268. 1268. 
 1268. 1268.  850.  850.  850.  850.  850.  850.  850.  850.   40.   40.
   40.  850.  850.  850.  850. 1268. 1268. 1268. 1268. 1268. 1268. 1268.
 1268. 1268. 
 1268.  850.  850.  850.  850.  850.  850.  850.  850.  850.   40.   40.
   40.  850.  850.  850. 1268. 1268. 1268.  850. 1268. 1268. 1268. 1268.
 1268. 1268. 
 1268. 1268.  850.  850.  850. 1268. 1268. 1268. 1268. 1268.  850. 1268.
 1268. 1268. 1268.  850. 1268. 1268. 1268. 1268. 1268.  850.  850.   40.
  850.  850. 
  850. 1268. 1268. 1268. 1268. 1268. 1268. 1268. 1268. 1268. 1268. 1268.
  850.  850.   40.   40.   40.   40.   40.   40.   40.   40.   40.   40.
   40.   40. 
   40.  850.  850.  850.  850.  850.  850.  850. 1268. 1268. 1268. 1268.
 1268.  850.  850.  850.  850.  850. 1268. 1268. 1268.  850.  850.  850.
 1268. 1268. 
 1268. 1268. 1268. 1268. 1268. 1268. 1268. 1268.  850.  850.  850.  850.
 1268. 1268. 1268. 1268. 1268. 1268. 1268. 1268. 1268. 1268. 1268. 1268.
  850.  850. 
   40.   40.   40.   40.   40.   40.   40.   40.   40.   40.   40.   40.
   40.   40.   40.  850.   40.   40.  850.  850.  850. 1268. 1268. 1268.
  850.  850. 
  850.   40.   40.  850.  850.  850.  850.  850.   40.  850. 1268. 1268.
 1268. 1268. 1268. 1268. 1268. 1268. 1268. 1268. 1268.  850.  850. 1268.
 1268. 1268. 
 1268. 1268.  850. 1268. 1268. 1268. 1268. 1268. 1268.  850.  850.   40.
   40.   40.   40.   40.   40.   40.   40.   40.   40.   40.   40.   40.
   40.   40. 
   40.   40.   40.   40.   40.   40.  850.  850.  850.  850.  850.  850.
   40.   40.   40.   40.   40.  850.   40.   40.   40.  850.  850.  850.
 1268. 1268. 
 1268.  850.  850. 1268. 1268. 1268. 1268. 1268. 1268. 1268. 1268. 1268.
  850.  850.  850.  850.  850.  850.  850.  850.  850.  850.   40.   40.
   40.   40. 
 40. 40. 40. 40. 40. 40. 40. 40. 40. 40. 40. 40. 40. 40. 
/