PERMI
 2871. 2871. 2871. 2871. 2294. 2294. 2294.   12. 2294. 2871. 2871. 2871.
 2294. 2294. 2871. 2871. 2871. 2871. 2871. 2294. 2294. 2294. 2294. 2294.
 2294. 2871. 
 2871. 2871. 2294. 2294. 2294.   12.   12.   12.   12.   12.   12.   12.
   12.   12.   12.   12.   12.   12.   12.   12.   12.   12. 2294. 2294.
 2871. 2871. 
 2871. 2871. 2871. 2294. 2294. 2294.   12.   12.   12. 2294. 2294. 2871.
 2871. 2871. 2871. 2294. 2294. 2294. 2294. 2294. 2294. 2871. 2871. 2871.
 2871. 2294. 
 2294. 2294. 2294. 2294. 2294. 2294. 2294.   12.   12. 2294. 2871. 2871.
 2871. 2871. 2294. 2294.   12.   12.   12.   12.   12.   12.   12.   12.
   12.   12. 
   12.   12.   12.   12.   12.   12.   12.   12.   12. 2294. 2294. 2871.
 2871. 2871. 2871. 2871. 2871. 2294. 2294. 2294. 2294. 2871. 2871. 2871.
 2871. 2871. 
 2871. 2294. 2294. 2294. 2294. 2294. 2294. 2294. 2871. 2871. 2871. 2871.
 2871. 2871. 2294. 2294. 2294.   12.   12.   12.   12. 2294. 2871. 2871.
 2871. 2871. 
 2294.   12.   12.   12.   12.   12.   12.   12.   12.   12.   12.   12.
   12.   12.   12.   12.   12.   12.   12.   12.   12.   12. 2294. 2294.
 2294. 2871. 
 2871. 2871. 2871. 2871. 2294. 2294. 2294. 2871. 2871. 2871. 2294. 2871.
 2871. 2294. 2294. 2294. 2294. 2871. 2871. 2294. 2294. 2871. 2871. 2871.
 2871. 2871. 
 2871. 2871. 2294. 2294.   12.   12.   12. 2294. 2871. 2871. 2871. 2294.
 2294. 2294.   12.   12.   12.   12.   12.   12.   12.   12.   12.   12.
   12.   12. 
   12.   12.   12.   12.   12.   12.   12.   12.   12.   12. 2294. 2294.
 2294. 2871. 2871. 2871. 2871. 2294. 2294. 2871. 2871. 2871. 2294. 2294.
 2871. 2871. 
 2871. 2294. 2294. 2871. 2871. 2871. 2294. 2294. 2294. 2294. 2871. 2871.
 2871. 2871. 2871. 2871. 2294.   12.   12. 2294. 2294. 2871. 2871. 2871.
 2294. 2294. 
 2294.   12.   12.   12.   12.   12.   12.   12.   12.   12.   12.   12.
   12.   12.   12.   12.   12.   12.   12.   12.   12.   12.   12.   12.
 2294. 2294. 
 2871. 2871. 2871. 2871. 2294. 2871. 2871. 2294. 2871. 2294. 2294. 2294.
 2871. 2871. 2294. 2294. 2871. 2871. 2871. 2871. 2871. 2294. 2294. 2294.
 2871. 2871. 
 2871. 2871. 2871. 2294.   12. 2294. 2294. 2871. 2871. 2871. 2871. 2871.
 2294. 2294.   12.   12.   12.   12.   12.   12.   12.   12.   12.   12.
   12.   12. 
   12.   12.   12.   12.   12.   12.   12.   12.   12.   12. 2294. 2294.
 2871. 2871. 2871. 2294. 2294. 2871. 2294. 2294. 2871. 2871. 2871. 2294.
 2294. 2294. 
 2294. 2294. 2294. 2294. 2294. 2294. 2294. 2294. 2294. 2294. 2294. 2294.
 2871. 2871. 2871. 2871. 2294.   12. 2294. 2294. 2871. 2871. 2871. 2871.
 2294. 2294. 
 2294.   12.   12.   12.   12.   12.   12.   12.   12.   12.   12.   12.
   12.   12.   12.   12.   12.   12.   12.   12.   12.   12. 2294. 2294.
 2871. 2871. 
 2871. 2294. 2294. 2871. 2871. 2871. 2871. 2871. 2871. 2871. 2871. 2294.
 2294. 2294. 2294. 2294. 2294. 2294. 2294. 2294.   12.   12.   12. 2294.
 2294. 2871. 
 2871. 2871. 2294.   12.   12. 2294. 2294. 2871. 2871. 2871. 2871. 2871.
 2294. 2294. 2294.   12.   12.   12.   12.   12.   12.   12.   12.   12.
   12.   12. 
   12.   12.   12.   12.   12.   12.   12. 2294. 2294. 2871. 2871. 2871.
 2294. 2294. 2871. 2871. 2871. 2871. 2294. 2871. 2871. 2871. 2871. 2871.
 2294. 2294. 
 2294. 2294. 2294.   12.   12.   12.   12.   12.   12. 2294. 2294. 2871.
 2871. 2871. 2294.   12.   12. 2294. 2294. 2294. 2871. 2871. 2871. 2871.
 2871. 2294. 
 2294.   12.   12.   12.   12.   12.   12.   12.   12.   12.   12.   12.
   12.   12.   12.   12. 2294. 2294. 2294. 2294. 2871. 2871. 2871. 2871.
 2294. 2294. 
 2294. 2871. 2871. 2871. 2294. 2294. 2871. 2871. 2871. 2871. 2871. 2294.
 2871. 2294. 2294.   12.   12.   12.   12.   12. 2294. 2294. 2871. 2871.
 2871. 2294. 
 2294.   12.   12.   12.   12. 2294. 2294. 2871. 2871. 2871. 2871. 2871.
 2294. 2294.   12.   12.   12.   12.   12.   12.   12.   12.   12.   12.
   12.   12. 
 2294. 2294. 2294. 2294. 2871. 2871. 2871. 2871. 2871. 2294. 2294.   12.
 2294. 2294. 2294. 2294. 2294. 2294. 2871. 2871. 2871. 2871. 2294. 2294.
 2871. 2294. 
 2294.   12.   12.   12.   12. 2294. 2294. 2871. 2871. 2871. 2871. 2294.
   12.   12.   12.   12.   12.   12. 2294. 2294. 2871. 2871. 2871. 2871.
 2871. 2294. 
 2294.   12.   12.   12.   12.   12.   12.   12.   12.   12.   12.   12.
 2294. 2294. 2871. 2871. 2871. 2871. 2871. 2871. 2294. 2294.   12.   12.
   12.   12. 
   12. 2294. 2871. 2871. 2871. 2871. 2871. 2871. 2294. 2871. 2871. 2294.
 2294. 2294.   12.   12. 2294. 2871. 2871. 2871. 2871. 2871. 2294. 2294.
   12.   12. 
   12.   12.   12.   12.   12. 2294. 2294. 2871. 2871. 2871. 2871. 2294.
 2294.   12.   12.   12.   12.   12.   12.   12.   12.   12.   12. 2294.
 2294. 2871. 
 2871. 2871. 2871. 2871. 2871. 2294. 2294.   12.   12.   12.   12.   12.
   12.   12. 2871. 2871. 2871. 2871. 2871. 2294. 2294. 2871. 2871. 2294.
 2294. 2294. 
 2294. 2294. 2871. 2871. 2871. 2871. 2871. 2294. 2294.   12.   12.   12.
   12.   12.   12.   12.   12. 2294. 2294. 2294. 2871. 2871. 2871. 2294.
 2294.   12. 
   12.   12.   12.   12.   12.   12.   12.   12.   12. 2294. 2294. 2871.
 2871. 2871. 2871. 2294. 2294. 2294.   12.   12.   12.   12.   12.   12.
   12.   12. 
 2871. 2871. 2871. 2871. 2294. 2294. 2871. 2871. 2294. 2294. 2871. 2294.
 2294. 2871. 2871. 2871. 2871. 2871. 2294. 2294.   12.   12.   12.   12.
   12.   12. 
   12.   12.   12. 2294. 2294. 2294. 2871. 2871. 2871. 2294. 2294.   12.
   12.   12.   12.   12.   12.   12.   12.   12. 2294. 2294. 2871. 2871.
 2871. 2294. 
 2294. 2294.   12.   12.   12.   12.   12.   12.   12.   12.   12.   12.
 2871. 2871. 2871. 2294. 2294. 2871. 2294. 2294. 2294. 2294. 2294. 2294.
 2871. 2871. 
 2871. 2871. 2294. 2294.   12.   12.   12.   12.   12.   12.   12.   12.
   12.   12.   12. 2294. 2294. 2871. 2871. 2871. 2871. 2294. 2294.   12.
   12.   12. 
   12.   12.   12.   12.   12.   12. 2294. 2294. 2871. 2871. 2871. 2294.
 2294.   12.   12.   12.   12.   12.   12.   12.   12. 2294. 2294. 2294.
 2294. 2294. 
 2294. 2294. 2294. 2294. 2294. 2294. 2871. 2294. 2294. 2871. 2871. 2871.
 2871. 2294. 2294.   12.   12.   12.   12.   12.   12.   12.   12.   12.
   12.   12. 
 2294. 2294. 2871. 2871. 2871. 2871. 2294. 2294.   12.   12.   12.   12.
   12.   12.   12.   12.   12.   12.   12. 2294. 2294. 2871. 2871. 2871.
 2294. 2294. 
   12.   12.   12.   12.   12.   12. 2294. 2294. 2294. 2871. 2294. 2294.
 2294. 2294. 2294. 2294. 2294. 2294. 2294. 2294. 2871. 2871. 2871. 2871.
 2294. 2294. 
 2294.   12.   12.   12.   12.   12.   12.   12.   12.   12.   12. 2294.
 2294. 2294. 2871. 2871. 2871. 2294. 2294. 2294.   12.   12.   12.   12.
   12.   12. 
   12.   12.   12.   12.   12. 2294. 2294. 2871. 2871. 2871. 2871. 2294.
 2294. 2294.   12.   12.   12. 2294. 2294. 2871. 2871. 2871. 2294. 2294.
 2294.   12. 
   12.   12.   12. 2294. 2294. 2294. 2871. 2871. 2871. 2294. 2294. 2871.
 2294.   12.   12.   12.   12.   12.   12.   12.   12.   12. 2294. 2294.
 2294. 2871. 
 2871. 2871. 2871. 2294. 2294.   12.   12.   12.   12.   12.   12.   12.
   12.   12.   12.   12.   12.   12. 2294. 2294. 2871. 2871. 2871. 2871.
 2294. 2294. 
 2294.   12.   12. 2294. 2871. 2871. 2871. 2871.   12.   12.   12.   12.
   12.   12.   12.   12. 2294. 2294. 2871. 2871. 2294. 2294. 2871. 2871.
 2294.   12. 
   12.   12.   12.   12.   12.   12.   12. 2294. 2294. 2871. 2871. 2871.
 2871. 2871. 2294. 2294.   12.   12.   12.   12.   12.   12.   12.   12.
   12.   12. 
   12.   12.   12.   12.   12. 2294. 2294. 2294. 2871. 2871. 2871. 2294.
 2294. 2294. 2294. 2294. 2871. 2871. 2871. 2294. 2294.   12.   12.   12.
   12.   12. 
   12.   12. 2294. 2294. 2871. 2871. 2871. 2294. 2871. 2294. 2294.   12.
   12.   12.   12.   12.   12.   12. 2294. 2294. 2871. 2871. 2871. 2871.
 2871. 2294. 
 2294. 2294.   12.   12.   12.   12.   12.   12.   12.   12.   12.   12.
   12.   12.   12.   12.   12.   12.   12. 2294. 2871. 2871. 2871. 2871.
 2294. 2294. 
 2294. 2871. 2871. 2871. 2294. 2294. 2294.   12.   12.   12.   12.   12.
   12.   12. 2294. 2294. 2871. 2871. 2871. 2294. 2294. 2294. 2294.   12.
   12.   12. 
   12.   12.   12.   12. 2294. 2871. 2871. 2871. 2871. 2871. 2294. 2294.
 2294.   12.   12.   12.   12.   12.   12.   12.   12.   12.   12.   12.
   12.   12. 
   12.   12.   12.   12.   12. 2294. 2294. 2871. 2871. 2871. 2871. 2294.
 2294. 2871. 2871. 2871. 2294. 2294. 2871. 2294.   12.   12.   12.   12.
   12. 2294. 
 2294. 2294. 2871. 2871. 2871. 2871. 2871. 2871. 2294.   12.   12.   12.
   12.   12.   12. 2294. 2294. 2871. 2871. 2871. 2871. 2294. 2294.   12.
   12.   12. 
   12.   12.   12.   12.   12.   12.   12.   12.   12.   12.   12.   12.
   12.   12.   12.   12.   12.   12. 2294. 2294. 2871. 2871. 2871. 2294.
 2294. 2294. 
 2871. 2871. 2871. 2294. 2871. 2294. 2294.   12.   12. 2294. 2294. 2294.
 2294. 2294. 2294. 2871. 2871. 2871. 2871. 2871. 2871. 2294. 2294. 2294.
   12.   12. 
   12. 2294. 2294. 2871. 2871. 2871. 2294. 2294.   12.   12.   12.   12.
   12.   12.   12.   12.   12.   12.   12.   12.   12.   12.   12. 2294.
 2294. 2294. 
 2294. 2294. 2294. 2294. 2294. 2294. 2871. 2871. 2871. 2294. 2294. 2294.
 2871. 2871. 2871. 2294. 2871. 2871. 2871. 2294. 2294. 2294. 2294. 2871.
 2871. 2871. 
 2294. 2294. 2871. 2871. 2871. 2871. 2871. 2871. 2871. 2294. 2294.   12.
   12. 2294. 2294. 2871. 2871. 2871. 2294. 2294.   12.   12.   12.   12.
   12.   12. 
   12.   12.   12.   12.   12.   12.   12. 2294. 2294. 2294. 2294. 2294.
 2294. 2294. 2294. 2294. 2294. 2294. 2294. 2871. 2871. 2871. 2294. 2294.
 2871. 2871. 
 2871. 2871. 2871. 2871. 2871. 2871. 2294. 2294. 2871. 2871. 2871. 2871.
 2294. 2294. 2294. 2294. 2294. 2871. 2871. 2871. 2871. 2871. 2294. 2294.
   12. 2294. 
 2294. 2871. 2871. 2871. 2871. 2294. 2294. 2294.   12.   12.   12.   12.
   12.   12.   12.   12.   12.   12. 2294. 2294. 2294. 2871. 2871. 2871.
 2871. 2871. 
 2871. 2871. 2871. 2871. 2871. 2871. 2871. 2871. 2294. 2294. 2294. 2871.
 2871. 2871. 2871. 2871. 2871. 2871. 2294. 2294. 2871. 2871. 2871. 2294.
 2294. 2294. 
   12.   12. 2294. 2294. 2871. 2871. 2871. 2871. 2871. 2294.   12.   12.
 2294. 2294. 2871. 2871. 2871. 2871. 2871. 2294. 2294.   12.   12.   12.
   12.   12. 
   12.   12.   12.   12. 2294. 2294. 2871. 2871. 2871. 2871. 2871. 2871.
 2871. 2871. 2871. 2871. 2871. 2871. 2871. 2294. 2294. 2294. 2294. 2294.
 2871. 2871. 
 2294. 2871. 2871. 2871. 2871. 2294. 2871. 2871. 2294. 2294. 2294.   12.
   12.   12.   12.   12. 2294. 2294. 2871. 2871. 2871. 2871. 2294.   12.
   12. 2294. 
 2294. 2871. 2871. 2871. 2871. 2871. 2294. 2294. 2294.   12.   12.   12.
   12.   12.   12. 2294. 2294. 2871. 2871. 2871. 2871. 2871. 2871. 2871.
 2871. 2871. 
 2871. 2871. 2871. 2871. 2294. 2294. 2294.   12.   12. 2294. 2294. 2871.
 2294. 2294. 2871. 2871. 2871. 2294. 2871. 2871. 2294. 2294.   12.   12.
   12.   12. 
   12.   12.   12. 2294. 2294. 2871. 2871. 2871. 2294.   12.   12.   12.
 2294. 2294. 2871. 2871. 2871. 2871. 2871. 2871. 2294. 2294.   12.   12.
   12.   12. 
   12. 2294. 2294. 2871. 2871. 2871. 2871. 2294. 2294. 2294. 2294. 2294.
 2294. 2294. 2294. 2294. 2294. 2294.   12.   12.   12.   12. 2294. 2294.
 2871. 2871. 
 2871. 2871. 2294. 2294. 2871. 2871. 2294. 2294.   12.   12.   12.   12.
   12.   12.   12.   12. 2294. 2871. 2871. 2871. 2294.   12.   12.   12.
   12. 2294. 
 2294. 2294. 2871. 2871. 2871. 2871. 2294. 2294.   12.   12.   12.   12.
   12. 2294. 2294. 2871. 2871. 2871. 2871. 2294. 2294. 2294. 2294. 2294.
 2294. 2294. 
 2294. 2294. 2294.   12.   12.   12.   12.   12.   12. 2294. 2871. 2871.
 2871. 2294. 2294. 2294. 2871. 2871. 2871. 2294. 2294.   12.   12.   12.
   12.   12. 
 2294. 2294. 2294. 2871. 2871. 2871. 2294.   12.   12. 2294. 2294. 2294.
 2294. 2294. 2294. 2871. 2871. 2871. 2871. 2294. 2294.   12.   12.   12.
   12. 2294. 
 2294. 2871. 2871. 2871. 2871. 2294. 2294. 2294.   12.   12.   12.   12.
   12.   12.   12.   12.   12.   12.   12.   12.   12.   12. 2871. 2871.
 2294. 2294. 
 2294. 2294. 2871. 2871. 2871. 2294. 2294. 2294.   12.   12. 2294. 2294.
 2294. 2871. 2871. 2871. 2871. 2294. 2294. 2294. 2294. 2294. 2294. 2294.
 2294. 2294. 
 2294. 2294. 2871. 2871. 2871. 2294. 2294.   12.   12.   12.   12.   12.
 2294. 2294. 2871. 2871. 2871. 2871. 2871. 2294. 2294. 2294.   12.   12.
   12.   12. 
   12.   12.   12.   12.   12.   12.   12. 2294. 2871. 2294. 2294.   12.
 2294. 2294. 2294. 2871. 2871. 2871. 2294. 2294. 2294. 2294. 2294. 2871.
 2871. 2871. 
 2871. 2871. 2294. 2294. 2294. 2294. 2294. 2871. 2871. 2871. 2871. 2871.
 2871. 2871. 2871. 2871. 2871. 2294.   12.   12.   12.   12.   12.   12.
   12. 2294. 
 2294. 2294. 2871. 2871. 2871. 2871. 2294. 2294. 2294.   12.   12.   12.
   12.   12.   12.   12.   12.   12.   12. 2294. 2871. 2294.   12.   12.
   12. 2294. 
 2294. 2294. 2871. 2871. 2871. 2294. 2871. 2871. 2871. 2871. 2871. 2871.
 2871. 2871. 2294. 2294. 2294. 2294. 2871. 2871. 2871. 2871. 2871. 2871.
 2871. 2871. 
 2871. 2871. 2294. 2294.   12.   12.   12.   12.   12.   12.   12. 2294.
 2294. 2294. 2871. 2871. 2871. 2871. 2871. 2294. 2294. 2294.   12.   12.
   12.   12. 
   12.   12.   12.   12. 2294. 2294. 2294. 2294.   12.   12.   12.   12.
 2294. 2294. 2871. 2294. 2294. 2871. 2871. 2871. 2871. 2871. 2871. 2871.
 2294. 2294. 
   12. 2294. 2871. 2871. 2871. 2871. 2871. 2871. 2871. 2871. 2871. 2871.
 2871. 2294. 2294.   12.   12.   12.   12.   12.   12.   12.   12.   12.
   12. 2294. 
 2294. 2294. 2871. 2871. 2871. 2871. 2871. 2294. 2294.   12.   12.   12.
   12. 2294. 2294. 2294. 2294. 2871. 2294.   12.   12.   12.   12.   12.
 2294. 2294. 
 2294. 2294. 2871. 2871. 2871. 2871. 2871. 2294. 2294. 2294.   12.   12.
 2294. 2294. 2871. 2871. 2871. 2294. 2294. 2294. 2294. 2294. 2294. 2294.
 2294. 2294. 
   12.   12.   12.   12.   12.   12.   12.   12.   12.   12.   12.   12.
 2294. 2294. 2294. 2871. 2871. 2871. 2871. 2294. 2294.   12.   12.   12.
 2294. 2294. 
 2294. 2871. 2871. 2871.   12.   12.   12.   12.   12.   12.   12. 2294.
 2294. 2294. 2871. 2871. 2871. 2294. 2294. 2294.   12.   12.   12.   12.
   12. 2294. 
 2871. 2871. 2871. 2871. 2294. 2294. 2294. 2294. 2294. 2294.   12.   12.
   12.   12.   12.   12.   12.   12.   12.   12.   12.   12.   12.   12.
   12. 2294. 
 2294. 2294. 2871. 2871. 2871. 2871. 2294. 2294.   12. 2294. 2294. 2871.
 2871. 2871. 2871. 2871.   12.   12.   12.   12.   12.   12.   12. 2294.
 2294. 2871. 
 2871. 2871. 2294. 2294. 2294.   12.   12.   12.   12.   12.   12. 2294.
 2294. 2871. 2871. 2871. 2294. 2294.   12.   12.   12.   12.   12.   12.
   12.   12. 
   12.   12.   12.   12.   12.   12.   12.   12.   12.   12. 2294. 2294.
 2294. 2294. 2871. 2871. 2871. 2871. 2294. 2294. 2294. 2294. 2871. 2871.
 2871. 2871. 
 2871. 2871. 2294. 2294.   12.   12.   12. 2294. 2294. 2294. 2294. 2294.
 2871. 2871. 2294. 2294. 2294.   12.   12.   12.   12.   12.   12. 2294.
 2294. 2294. 
 2871. 2871. 2871. 2294. 2294.   12.   12.   12.   12.   12.   12.   12.
   12.   12.   12.   12.   12.   12.   12.   12.   12. 2294. 2294. 2294.
 2294. 2871. 
 2871. 2871. 2871. 2294. 2294.   12. 2294. 2871. 2871. 2871. 2871. 2871.
 2294. 2294. 2871. 2294.   12.   12. 2294. 2294. 2294. 2294. 2871. 2294.
 2871. 2871. 
 2294. 2294. 2294.   12.   12.   12.   12.   12.   12.   12. 2294. 2294.
 2871. 2871. 2871. 2871. 2294. 2294. 2294.   12.   12.   12.   12.   12.
   12.   12. 
   12.   12.   12.   12.   12.   12. 2294. 2294. 2294. 2871. 2871. 2871.
 2871. 2871. 2871. 2294. 2294.   12. 2294. 2871. 2871. 2871. 2871. 2294.
 2294. 2294. 
 2871. 2871. 2294. 2294. 2294. 2294. 2871. 2871. 2871. 2294. 2871. 2871.
 2871. 2294.   12.   12.   12.   12.   12.   12.   12.   12.   12. 2294.
 2294. 2871. 
 2871. 2871. 2871. 2871. 2294.   12.   12.   12.   12.   12.   12.   12.
   12.   12.   12.   12.   12. 2294. 2294. 2294. 2871. 2871. 2871. 2871.
 2871. 2871. 
 2294. 2294.   12.   12. 2294. 2871. 2871. 2871. 2294. 2294.   12.   12.
 2871. 2871. 2294. 2294. 2294. 2871. 2871. 2871. 2871. 2294. 2871. 2871.
 2871. 2294. 
   12.   12.   12.   12.   12.   12.   12.   12.   12.   12. 2294. 2294.
 2871. 2871. 2871. 2871. 2871. 2294.   12.   12.   12.   12.   12.   12.
   12.   12. 
   12.   12.   12. 2294. 2294. 2871. 2871. 2871. 2871. 2871. 2294. 2294.
 2294.   12.   12.   12. 2294. 2871. 2871. 2871. 2871. 2294.   12.   12.
 2871. 2871. 
 2871. 2294. 2294. 2871. 2871. 2871. 2294. 2294. 2871. 2871. 2871. 2294.
 2294.   12.   12.   12.   12.   12.   12.   12.   12.   12.   12. 2294.
 2294. 2871. 
 2871. 2871. 2871. 2294. 2294.   12.   12.   12.   12.   12.   12.   12.
   12.   12. 2294. 2294. 2871. 2871. 2871. 2871. 2871. 2294. 2294. 2294.
   12.   12. 
   12.   12. 2294. 2294. 2871. 2871. 2871. 2294. 2294.   12. 2871. 2871.
 2871. 2871. 2294. 2871. 2871. 2294. 2294. 2294. 2871. 2871. 2871. 2871.
 2294. 2294. 
   12.   12.   12.   12.   12.   12. 2294. 2294. 2294. 2294. 2294. 2294.
 2871. 2871. 2871. 2294. 2294.   12.   12.   12.   12.   12.   12.   12.
   12.   12. 
 2294. 2294. 2871. 2871. 2871. 2871. 2294. 2294. 2294.   12.   12.   12.
   12.   12. 2294. 2294. 2871. 2871. 2871. 2871. 2294. 2294. 2294. 2871.
 2871. 2871. 
 2294. 2294. 2871. 2294. 2294. 2294. 2294. 2871. 2871. 2871. 2871. 2294.
   12.   12.   12.   12. 2294. 2294. 2294. 2294. 2294. 2294. 2294. 2871.
 2871. 2871. 
 2871. 2871. 2294.   12.   12.   12.   12.   12.   12.   12.   12. 2294.
 2294. 2871. 2871. 2871. 2871. 2294. 2294. 2294.   12.   12.   12.   12.
   12.   12. 
   12. 2294. 2871. 2871. 2871. 2871. 2871. 2294. 2294. 2294. 2871. 2871.
 2871. 2294. 2871. 2294. 2294. 2294. 2294. 2871. 2871. 2871. 2871. 2294.
   12. 2294. 
 2294. 2294. 2294. 2294. 2871. 2871. 2871. 2871. 2871. 2871. 2871. 2871.
 2871. 2294. 2294.   12.   12.   12.   12.   12.   12.   12.   12. 2294.
 2294. 2871. 
 2871. 2871. 2294. 2294. 2294.   12.   12.   12.   12.   12.   12.   12.
   12. 2294. 2294. 2871. 2871. 2871. 2871. 2871. 2294. 2871. 2871. 2871.
 2294. 2294. 
 2871. 2294. 2294. 2294. 2294. 2294. 2871. 2871. 2871. 2294. 2294. 2294.
 2871. 2871. 2871. 2871. 2871. 2871. 2871. 2871. 2871. 2871. 2871. 2871.
 2294. 2294. 
   12.   12.   12.   12.   12.   12.   12.   12.   12. 2294. 2294. 2871.
 2871. 2871. 2871. 2294. 2294.   12.   12.   12.   12.   12.   12.   12.
   12.   12. 
 2294. 2294. 2871. 2871. 2871. 2871. 2871. 2871. 2871. 2871. 2294. 2871.
 2871. 2871. 2871. 2294. 2294. 2294. 2871. 2871. 2871. 2294. 2294. 2871.
 2871. 2871. 
 2871. 2871. 2871. 2871. 2871. 2871. 2871. 2871. 2871. 2294. 2294.   12.
   12.   12.   12.   12.   12.   12.   12.   12.   12. 2294. 2294. 2871.
 2871. 2871. 
 2871. 2294. 2294.   12.   12.   12.   12.   12.   12.   12.   12.   12.
   12. 2294. 2294. 2871. 2871. 2871. 2871. 2871. 2871. 2294. 2294. 2871.
 2871. 2871. 
 2871. 2871. 2871. 2294. 2871. 2871. 2294. 2294. 2871. 2871. 2871. 2871.
 2871. 2871. 2294. 2294. 2294. 2871. 2294. 2294. 2294. 2294.   12.   12.
   12.   12. 
   12.   12.   12.   12.   12.   12.   12. 2294. 2294. 2294. 2871. 2871.
 2871. 2294. 2294.   12.   12.   12.   12.   12.   12.   12.   12.   12.
   12.   12. 
 2294. 2871. 2871. 2871. 2871. 2871. 2294. 2294. 2294. 2871. 2871. 2871.
 2871. 2871. 2871. 2294. 2871. 2871. 2294. 2294. 2871. 2871. 2871. 2871.
 2294. 2294. 
 2294. 2294. 2294. 2294. 2294. 2294. 2294.   12.   12.   12.   12.   12.
   12.   12.   12.   12.   12.   12.   12.   12. 2294. 2294. 2871. 2871.
 2871. 2871. 
 2294. 2294.   12.   12. 2294. 2294. 2294.   12.   12.   12.   12.   12.
 2294. 2871. 2871. 2871. 2871. 2294. 2294. 2294. 2294. 2294. 2294. 2871.
 2871. 2871. 
 2294. 2294. 2871. 2871. 2871. 2294. 2871. 2871. 2871. 2871. 2871. 2294.
 2294. 2294.   12.   12.   12.   12.   12.   12.   12.   12.   12.   12.
   12.   12. 
   12.   12.   12.   12.   12.   12. 2294. 2294. 2294. 2871. 2871. 2871.
 2871. 2294. 2294. 2294. 2294. 2871. 2294. 2294. 2294. 2294. 2294. 2294.
 2294. 2871. 
 2871. 2871. 2294. 2294. 2294.   12. 2294. 2294. 2294. 2294. 2294. 2294.
 2871. 2871. 2871. 2871. 2871. 2294. 2294. 2871. 2871. 2871. 2871. 2871.
 2294. 2294. 
 2294. 2294.   12.   12.   12.   12.   12.   12.   12.   12.   12.   12.
   12.   12.   12.   12.   12.   12.   12. 2294. 2294. 2294. 2871. 2871.
 2871. 2294. 
 2294. 2871. 2871. 2871. 2871. 2871. 2871. 2871. 2294. 2871. 2871. 2871.
 2871. 2871. 2294. 2294.   12.   12.   12.   12. 2294. 2294. 2294. 2871.
 2871. 2871. 
 2871. 2871. 2294. 2871. 2294. 2294. 2871. 2871. 2871. 2871. 2871. 2871.
 2294. 2294. 2294.   12.   12.   12.   12.   12.   12.   12.   12.   12.
   12.   12. 
   12.   12.   12.   12.   12.   12. 2294. 2294. 2871. 2871. 2871. 2871.
 2294. 2871. 2871. 2871. 2871. 2871. 2871. 2871. 2871. 2871. 2871. 2871.
 2871. 2294. 
 2294. 2294.   12.   12.   12. 2294. 2294. 2871. 2871. 2871. 2871. 2871.
 2871. 2294. 2871. 2871. 2294. 2294. 2294. 2871. 2871. 2871. 2871. 2871.
 2871. 2294. 
 2294. 2294.   12.   12.   12.   12.   12.   12.   12.   12.   12.   12.
   12.   12.   12.   12.   12.   12.   12. 2294. 2294. 2871. 2871. 2871.
 2294. 2294. 
 2294. 2294. 2294. 2871. 2871. 2871. 2871. 2871. 2871. 2294. 2294. 2294.
 2294. 2294. 2294. 2294. 2294. 2294. 2871. 2871. 2871. 2871. 2871. 2871.
 2294. 2871. 
 2871. 2294. 2294. 2294. 2294. 2294. 2871. 2871. 2871. 2871. 2871. 2871.
 2294. 2294. 2294.   12.   12.   12.   12.   12.   12.   12.   12.   12.
   12.   12. 
   12.   12.   12.   12. 2294. 2294. 2294. 2871. 2871. 2871. 2294. 2294.
 2871. 2294. 2294. 2294. 2294. 2294. 2294. 2294. 2294. 2294.   12.   12.
 2871. 2871. 
 2871. 2294. 2294. 2871. 2871. 2871. 2871. 2871. 2294. 2294. 2871. 2871.
 2294. 2294. 2294.   12. 2294. 2294. 2294. 2294. 2871. 2871. 2871. 2871.
 2871. 2294. 
 2294.   12.   12.   12.   12.   12.   12.   12.   12.   12.   12.   12.
   12.   12. 2294. 2294. 2294. 2294. 2871. 2871. 2871. 2871. 2294. 2294.
 2871. 2871. 
 2294.   12.   12. 2294. 2294. 2294.   12.   12.   12.   12. 2871. 2871.
 2871. 2871. 2294. 2294. 2871. 2871. 2294. 2294. 2871. 2871. 2871. 2871.
 2294. 2294. 
   12.   12.   12.   12. 2294. 2294. 2294. 2294. 2871. 2871. 2871. 2871.
 2294. 2294.   12.   12.   12.   12.   12.   12.   12.   12.   12.   12.
 2294. 2294. 
 2294. 2294. 2871. 2871. 2871. 2871. 2871. 2871. 2294. 2871. 2871. 2871.
 2294. 2294.   12.   12.   12.   12.   12.   12.   12.   12. 2871. 2871.
 2871. 2871. 
 2871. 2294. 2294. 2294. 2294. 2871. 2871. 2871. 2871. 2294. 2294.   12.
   12. 2294. 2294. 2294. 2294. 2294. 2294. 2294. 2294. 2871. 2871. 2871.
 2294. 2294. 
   12.   12.   12.   12.   12.   12.   12.   12.   12. 2294. 2294. 2294.
 2871. 2871. 2871. 2871. 2871. 2871. 2871. 2294. 2294. 2294. 2871. 2871.
 2871. 2294. 
 2294.   12.   12.   12.   12.   12.   12.   12. 2294. 2871. 2871. 2871.
 2871. 2871. 2294. 2294. 2871. 2871. 2871. 2294. 2294. 2294. 2294. 2294.
 2294. 2294. 
 2871. 2871. 2871. 2871. 2871. 2871. 2871. 2871. 2871. 2871. 2294. 2294.
   12.   12.   12.   12.   12.   12.   12.   12. 2294. 2294. 2871. 2871.
 2871. 2871. 
 2871. 2871. 2871. 2294. 2294. 2294.   12. 2294. 2294. 2871. 2871. 2871.
 2294. 2294.   12.   12.   12.   12.   12.   12. 2294. 2294. 2294. 2871.
 2871. 2871. 
 2871. 2294. 2294. 2871. 2294. 2294. 2294.   12. 2294. 2294. 2871. 2871.
 2871. 2871. 2871. 2871. 2871. 2871. 2871. 2871. 2871. 2294. 2294.   12.
   12.   12. 
   12.   12.   12.   12.   12. 2294. 2294. 2871. 2871. 2871. 2871. 2871.
 2871. 2294. 2294. 2294. 2294.   12.   12.   12. 2294. 2294. 2871. 2871.
 2871. 2294. 
 2294.   12.   12.   12.   12.   12.   12.   12. 2294. 2294. 2871. 2871.
 2871. 2871. 2294. 2294. 2294. 2294.   12. 2294. 2294. 2871. 2871. 2871.
 2871. 2871. 
 2871. 2871. 2871. 2871. 2871. 2871. 2294. 2294. 2294.   12.   12.   12.
   12.   12.   12.   12. 2294. 2294. 2871. 2871. 2871. 2871. 2871. 2294.
 2294. 2294. 
 2294.   12.   12.   12.   12.   12.   12. 2294. 2871. 2871. 2871. 2871.
 2294.   12.   12.   12.   12.   12.   12.   12. 2294. 2294. 2871. 2871.
 2871. 2871. 
 2294. 2294. 2294.   12.   12. 2294. 2871. 2871. 2871. 2871. 2294. 2294.
 2294. 2294. 2294. 2294. 2294. 2294. 2294. 2294.   12.   12.   12.   12.
   12.   12. 
   12. 2294. 2294. 2294. 2871. 2871. 2871. 2294. 2294. 2294. 2294.   12.
   12.   12.   12.   12.   12.   12. 2294. 2294. 2294. 2871. 2871. 2871.
 2294.   12. 
   12.   12.   12.   12.   12.   12. 2294. 2294. 2294. 2871. 2871. 2871.
 2294. 2871. 2294.   12. 2294. 2294. 2871. 2871. 2871. 2294. 2294.   12.
   12.   12. 
 2294. 2294. 2294. 2294.   12.   12.   12.   12.   12.   12.   12.   12.
   12. 2294. 2294. 2871. 2871. 2871. 2294. 2294. 2294.   12.   12.   12.
   12. 2294. 
 2294. 2294. 2294. 2294. 2294. 2294. 2871. 2871. 2871. 2871. 2294. 2294.
   12.   12.   12.   12.   12.   12. 2294. 2294. 2294. 2871. 2871. 2871.
 2294. 2871. 
 2294.   12.   12. 2294. 2871. 2871. 2871. 2871. 2294. 2294.   12.   12.
   12.   12.   12.   12.   12.   12.   12.   12.   12.   12.   12.   12.
   12. 2294. 
 2294. 2871. 2871. 2871. 2294. 2294. 2294.   12.   12. 2294. 2294. 2294.
 2871. 2871. 2871. 2871. 2871. 2871. 2871. 2871. 2871. 2871. 2294. 2294.
   12.   12. 
   12.   12.   12. 2294. 2294. 2871. 2871. 2871. 2871. 2294. 2294. 2871.
 2871. 2294.   12. 2294. 2294. 2871. 2871. 2871. 2871. 2294. 2294. 2294.
   12.   12. 
   12.   12.   12.   12.   12.   12.   12.   12.   12.   12.   12. 2294.
 2294. 2871. 2871. 2871. 2871. 2294. 2294. 2294. 2294. 2294. 2871. 2871.
 2871. 2871. 
 2871. 2871. 2871. 2871. 2871. 2871. 2871. 2294. 2294.   12.   12.   12.
   12.   12. 
/