PERMI
 1836. 2927. 2927. 1836.   37.   37.   37.   37.   37.   37. 1836. 2927.
 2927. 2927. 2927. 2927. 2927. 2927. 2927. 2927. 2927. 2927. 1836. 2927.
 2927. 2927. 
 1836.   37. 1836. 1836. 1836. 2927. 2927. 2927. 2927. 1836. 1836. 1836.
 2927. 2927. 1836. 1836.   37.   37.   37.   37.   37.   37.   37.   37.
   37.   37. 
   37.   37.   37.   37. 1836. 1836. 2927. 2927. 2927. 2927. 2927. 2927.
 1836. 2927. 2927. 1836.   37.   37.   37.   37.   37.   37.   37. 1836.
 1836. 2927. 
 2927. 2927. 2927. 2927. 2927. 2927. 1836. 1836. 1836. 2927. 2927. 2927.
 1836.   37. 1836. 1836. 2927. 2927. 2927. 1836. 1836. 1836. 1836. 1836.
 2927. 2927. 
 1836. 1836.   37.   37.   37.   37.   37.   37.   37.   37.   37.   37.
   37.   37.   37.   37.   37. 1836. 1836. 2927. 2927. 2927. 2927. 2927.
 2927. 2927. 
 2927. 1836.   37.   37.   37.   37.   37.   37.   37.   37. 1836. 1836.
 1836. 1836. 1836. 1836. 1836.   37.   37.   37. 1836. 2927. 2927. 1836.
   37. 1836. 
 1836. 2927. 2927. 2927. 1836. 1836. 1836.   37. 1836. 2927. 2927. 2927.
 1836. 1836.   37.   37.   37.   37.   37.   37.   37.   37.   37.   37.
   37.   37. 
   37.   37.   37.   37.   37. 1836. 1836. 1836. 1836. 1836. 2927. 2927.
 1836.   37.   37.   37.   37.   37.   37.   37.   37.   37.   37.   37.
   37.   37. 
   37.   37.   37.   37.   37.   37. 1836. 2927. 2927. 1836.   37. 1836.
 2927. 2927. 2927. 1836. 1836.   37.   37. 1836. 1836. 2927. 2927. 2927.
 1836. 1836. 
   37.   37.   37.   37.   37.   37.   37.   37.   37.   37.   37.   37.
   37.   37.   37.   37.   37.   37. 1836. 1836. 1836. 2927. 2927. 2927.
 1836.   37. 
   37.   37.   37.   37.   37.   37.   37.   37.   37.   37.   37.   37.
   37.   37.   37.   37.   37.   37. 2927. 2927. 2927. 1836. 1836. 1836.
 2927. 2927. 
 2927. 1836. 1836.   37.   37. 1836. 2927. 2927. 2927. 2927. 1836. 1836.
   37.   37.   37.   37.   37.   37.   37.   37.   37.   37.   37.   37.
   37.   37. 
   37.   37.   37.   37.   37. 1836. 1836. 2927. 2927. 1836. 1836.   37.
   37.   37.   37.   37.   37.   37.   37.   37.   37.   37.   37.   37.
   37.   37. 
   37.   37.   37. 1836. 2927. 2927. 2927. 1836. 1836. 1836. 2927. 2927.
 2927. 1836. 1836.   37. 1836. 1836. 2927. 2927. 2927. 1836. 1836.   37.
   37.   37. 
 1836. 1836. 1836. 1836. 1836.   37.   37.   37.   37.   37.   37.   37.
   37.   37.   37.   37.   37.   37. 1836. 2927. 2927. 1836.   37.   37.
   37.   37. 
   37.   37.   37.   37.   37.   37.   37.   37.   37.   37.   37.   37.
   37.   37.   37. 1836. 2927. 2927. 2927. 1836.   37. 1836. 1836. 2927.
 2927. 2927. 
 1836. 1836. 1836. 1836. 2927. 2927. 2927. 1836. 1836. 1836. 1836. 1836.
 1836. 2927. 2927. 2927. 1836. 1836.   37.   37.   37.   37.   37.   37.
   37.   37. 
   37.   37.   37. 1836. 1836. 2927. 1836.   37.   37.   37.   37.   37.
   37.   37.   37.   37.   37.   37.   37.   37.   37.   37.   37.   37.
   37.   37. 
   37. 1836. 2927. 2927. 2927. 1836.   37. 1836. 1836. 2927. 2927. 2927.
 2927. 1836. 1836. 1836. 2927. 2927. 2927. 1836. 1836. 1836. 2927. 2927.
 2927. 2927. 
 2927. 2927. 2927. 1836. 1836.   37.   37.   37.   37.   37.   37.   37.
   37.   37.   37. 1836. 1836. 2927. 1836.   37.   37.   37.   37.   37.
   37.   37. 
   37.   37.   37.   37.   37.   37.   37.   37.   37.   37.   37.   37.
   37. 1836. 2927. 2927. 2927. 1836.   37.   37. 1836. 1836. 2927. 2927.
 2927. 2927. 
 2927. 1836. 2927. 2927. 2927. 2927. 2927. 2927. 2927. 2927. 2927. 2927.
 2927. 2927. 2927. 1836. 1836.   37.   37.   37.   37.   37.   37.   37.
   37.   37. 
   37. 1836. 2927. 2927. 2927. 1836.   37.   37.   37.   37.   37.   37.
   37.   37.   37.   37.   37.   37.   37.   37.   37.   37.   37.   37.
   37. 1836. 
 2927. 2927. 2927. 1836. 1836. 1836. 1836. 1836. 1836. 1836. 2927. 2927.
 2927. 1836. 1836. 2927. 2927. 2927. 2927. 2927. 2927. 2927. 2927. 1836.
 2927. 2927. 
 2927. 2927. 1836.   37.   37.   37.   37.   37.   37.   37.   37.   37.
 1836. 1836. 2927. 2927. 2927. 2927. 1836. 1836. 1836. 1836. 1836. 1836.
 1836. 1836. 
   37.   37.   37.   37.   37.   37.   37.   37.   37.   37.   37. 1836.
 2927. 2927. 2927. 2927. 2927. 2927. 1836. 1836. 1836. 1836. 1836. 1836.
 2927. 2927. 
 1836. 1836. 2927. 2927. 2927. 2927. 1836. 1836. 1836. 1836. 1836. 2927.
 2927. 2927. 1836.   37.   37.   37.   37.   37.   37.   37.   37.   37.
 1836. 1836. 
 2927. 2927. 2927. 2927. 2927. 2927. 2927. 2927. 2927. 2927. 2927. 2927.
 1836.   37.   37.   37.   37.   37.   37.   37.   37.   37.   37.   37.
 1836. 2927. 
 2927. 2927. 2927. 2927. 2927. 2927. 2927. 2927. 1836. 1836. 1836. 1836.
 2927. 1836. 1836. 1836. 1836. 1836. 1836.   37.   37. 1836. 2927. 2927.
 2927. 2927. 
 1836.   37.   37.   37.   37.   37.   37.   37.   37.   37. 1836. 1836.
 2927. 2927. 1836. 2927. 2927. 2927. 2927. 2927. 2927. 2927. 2927. 2927.
 1836. 1836. 
   37.   37.   37.   37.   37.   37.   37.   37.   37.   37.   37. 1836.
 1836. 2927. 2927. 2927. 2927. 2927. 2927. 2927. 2927. 1836. 1836. 1836.
 1836. 1836. 
 2927. 2927. 2927. 1836. 1836.   37.   37. 1836. 2927. 2927. 2927. 2927.
 1836.   37.   37.   37.   37.   37.   37.   37.   37.   37. 1836. 1836.
 2927. 2927. 
 1836. 1836. 1836. 1836. 1836. 1836. 1836. 1836. 1836. 2927. 2927. 1836.
   37.   37.   37.   37.   37.   37.   37.   37.   37.   37.   37.   37.
   37. 1836. 
 1836. 1836. 2927. 2927. 2927. 2927. 2927. 2927. 1836. 1836.   37. 1836.
 1836. 2927. 2927. 2927. 1836.   37. 1836. 1836. 2927. 2927. 2927. 1836.
 1836.   37. 
   37.   37.   37.   37.   37.   37.   37.   37. 1836. 2927. 2927. 2927.
 2927. 1836. 1836.   37.   37.   37.   37. 1836. 2927. 2927. 2927. 1836.
   37.   37. 
   37.   37.   37.   37.   37.   37.   37.   37.   37.   37.   37.   37.
   37. 1836. 1836. 1836. 1836. 2927. 2927. 2927. 2927. 1836.   37.   37.
 1836. 2927. 
 2927. 2927. 1836.   37. 1836. 1836. 2927. 2927. 2927. 1836.   37.   37.
   37.   37.   37.   37.   37.   37.   37. 1836. 1836. 2927. 2927. 2927.
 2927. 2927. 
 1836. 1836.   37. 1836. 1836. 2927. 2927. 2927. 1836.   37.   37.   37.
   37.   37.   37.   37.   37.   37.   37.   37.   37.   37.   37.   37.
   37.   37. 
   37.   37.   37. 1836. 2927. 2927. 2927. 1836.   37.   37. 1836. 2927.
 2927. 1836. 1836. 1836. 1836. 2927. 2927. 2927. 1836. 1836.   37.   37.
   37.   37. 
   37.   37.   37.   37.   37. 1836. 1836. 2927. 2927. 1836. 2927. 2927.
 2927. 1836. 1836. 1836. 2927. 2927. 2927. 1836. 1836.   37.   37.   37.
   37.   37. 
   37.   37.   37.   37.   37.   37.   37.   37.   37.   37.   37.   37.
   37.   37.   37. 1836. 2927. 2927. 2927. 1836.   37. 1836. 1836. 2927.
 2927. 1836. 
 1836. 1836. 1836. 2927. 2927. 2927. 1836.   37.   37.   37.   37.   37.
   37.   37.   37.   37.   37. 1836. 1836. 2927. 2927. 1836. 2927. 2927.
 2927. 1836. 
 1836. 2927. 2927. 2927. 1836. 1836.   37.   37.   37.   37.   37.   37.
   37.   37.   37.   37.   37.   37.   37.   37.   37.   37.   37.   37.
   37.   37. 
 1836. 1836. 2927. 2927. 2927. 1836.   37. 1836. 1836. 2927. 2927. 1836.
 1836. 1836. 1836. 2927. 2927. 1836. 1836.   37.   37.   37.   37.   37.
   37.   37. 
   37.   37.   37.   37. 1836. 2927. 2927. 2927. 2927. 2927. 2927. 1836.
 2927. 2927. 2927. 1836.   37.   37.   37.   37.   37.   37.   37.   37.
   37.   37. 
   37.   37.   37.   37.   37.   37.   37.   37.   37.   37.   37.   37.
 1836. 2927. 2927. 2927. 1836.   37.   37. 1836. 1836. 2927. 2927. 1836.
 1836. 1836. 
 2927. 2927. 2927. 1836. 1836. 1836.   37.   37.   37.   37.   37.   37.
   37.   37.   37.   37. 1836. 1836. 2927. 2927. 2927. 2927. 1836. 1836.
 2927. 2927. 
 1836.   37.   37.   37.   37.   37.   37.   37.   37.   37.   37.   37.
   37.   37.   37.   37.   37.   37.   37.   37.   37.   37.   37. 1836.
 2927. 2927. 
 2927. 2927. 1836.   37.   37. 1836. 1836. 2927. 2927. 1836. 1836. 1836.
 1836. 2927. 2927. 2927. 2927. 1836.   37.   37.   37.   37.   37.   37.
   37.   37. 
   37.   37. 1836. 1836. 1836. 2927. 2927. 2927. 1836. 1836. 2927. 1836.
   37.   37.   37.   37.   37.   37.   37.   37.   37.   37.   37.   37.
   37.   37. 
   37.   37.   37.   37.   37.   37.   37.   37. 1836. 2927. 2927. 2927.
 2927. 1836.   37.   37.   37. 1836. 1836. 2927. 2927. 1836. 1836.   37.
 1836. 2927. 
 2927. 2927. 2927. 1836. 1836. 1836.   37.   37.   37.   37.   37.   37.
   37.   37.   37.   37. 1836. 1836. 2927. 2927. 1836. 1836. 1836.   37.
   37.   37. 
   37.   37.   37.   37.   37.   37.   37.   37.   37.   37.   37.   37.
   37.   37.   37.   37.   37.   37.   37. 1836. 2927. 2927. 2927. 2927.
 1836. 1836. 
   37.   37.   37. 1836. 1836. 2927. 2927. 1836. 1836.   37. 1836. 1836.
 1836. 2927. 2927. 2927. 2927. 1836. 1836. 1836. 1836. 1836. 1836.   37.
   37.   37. 
   37.   37.   37. 1836. 2927. 1836. 1836. 2927. 1836.   37.   37.   37.
   37.   37.   37.   37.   37.   37.   37.   37.   37.   37.   37.   37.
   37.   37. 
   37.   37.   37.   37. 1836. 2927. 2927. 2927. 2927. 1836.   37.   37.
   37.   37.   37. 1836. 1836. 2927. 2927. 2927. 1836.   37.   37.   37.
 1836. 1836. 
 2927. 2927. 2927. 2927. 2927. 2927. 2927. 1836. 1836. 1836.   37.   37.
   37.   37.   37.   37. 1836. 1836. 2927. 2927. 1836.   37.   37.   37.
   37.   37. 
   37.   37.   37.   37.   37.   37.   37.   37.   37.   37.   37.   37.
   37.   37.   37. 1836. 1836. 2927. 2927. 1836. 1836.   37.   37.   37.
   37.   37. 
   37. 1836. 2927. 2927. 2927. 1836. 1836. 1836. 1836. 1836.   37. 1836.
 1836. 2927. 2927. 2927. 2927. 2927. 2927. 2927. 2927. 1836. 1836.   37.
   37.   37. 
   37.   37. 1836. 1836. 2927. 2927. 2927. 1836. 1836.   37.   37.   37.
   37.   37.   37.   37.   37.   37.   37.   37.   37.   37.   37.   37.
   37.   37. 
   37. 1836. 2927. 2927. 2927. 1836.   37.   37.   37.   37.   37.   37.
 1836. 1836. 2927. 2927. 2927. 1836. 1836. 1836. 1836. 1836. 1836. 1836.
 1836. 1836. 
 1836. 2927. 2927. 2927. 2927. 2927. 2927. 2927. 1836.   37.   37.   37.
   37.   37. 1836. 1836. 2927. 2927. 2927. 2927. 1836. 1836. 1836. 1836.
 1836. 1836. 
   37.   37.   37.   37.   37.   37.   37.   37.   37.   37.   37.   37.
   37. 1836. 2927. 2927. 1836.   37.   37.   37.   37.   37.   37.   37.
   37. 1836. 
 2927. 2927. 2927. 2927. 2927. 2927. 2927. 2927. 2927. 1836. 1836. 1836.
 1836. 1836. 1836. 1836. 1836. 1836. 2927. 2927. 1836. 1836.   37.   37.
   37.   37. 
 1836. 1836. 1836. 1836. 2927. 2927. 2927. 2927. 2927. 2927. 2927. 2927.
 1836. 1836.   37.   37.   37.   37.   37.   37.   37.   37.   37.   37.
   37. 1836. 
 2927. 2927. 1836.   37.   37.   37.   37.   37.   37.   37.   37. 1836.
 1836. 2927. 2927. 2927. 2927. 2927. 2927. 2927. 2927. 2927. 2927. 2927.
 2927. 1836. 
 1836. 1836. 1836. 2927. 2927. 2927. 1836.   37.   37.   37.   37.   37.
 2927. 2927. 1836. 1836. 1836. 2927. 2927. 2927. 2927. 2927. 2927. 2927.
 2927. 2927. 
 1836.   37.   37.   37.   37.   37.   37.   37.   37.   37.   37. 1836.
 2927. 2927. 2927. 1836. 1836. 1836. 1836. 1836.   37.   37.   37.   37.
 1836. 1836. 
 1836. 1836. 1836. 1836. 2927. 2927. 2927. 2927. 2927. 2927. 2927. 1836.
 1836. 2927. 2927. 2927. 2927. 1836. 1836.   37.   37.   37.   37.   37.
 2927. 2927. 
 2927. 2927. 1836. 1836. 1836. 1836. 2927. 2927. 2927. 2927. 2927. 2927.
 2927. 1836.   37.   37.   37.   37.   37.   37.   37.   37.   37. 1836.
 2927. 2927. 
 2927. 2927. 2927. 2927. 2927. 2927. 1836. 1836. 1836. 1836. 1836. 1836.
 1836. 1836. 1836. 1836. 1836. 1836. 1836. 1836. 1836. 2927. 2927. 1836.
 1836. 2927. 
 2927. 2927. 1836. 1836. 1836.   37.   37.   37.   37.   37. 2927. 2927.
 2927. 2927. 2927. 1836. 1836.   37.   37.   37. 1836. 1836. 2927. 2927.
 2927. 2927. 
   37.   37.   37.   37.   37.   37.   37.   37.   37.   37. 1836. 2927.
 2927. 2927. 2927. 2927. 2927. 2927. 2927. 2927. 2927. 2927. 2927. 1836.
 1836.   37. 
   37.   37.   37. 1836. 1836. 1836. 1836. 1836. 1836. 1836. 2927. 2927.
 2927. 1836. 1836. 1836.   37.   37.   37.   37.   37.   37. 1836. 1836.
 2927. 2927. 
 2927. 2927. 1836.   37.   37.   37.   37.   37. 1836. 2927. 2927. 2927.
 1836.   37.   37.   37.   37.   37.   37.   37.   37.   37.   37. 1836.
 1836. 2927. 
 2927. 2927. 2927. 2927. 2927. 2927. 2927. 2927. 2927. 2927. 2927. 1836.
   37.   37.   37.   37.   37.   37. 1836. 2927. 1836. 2927. 2927. 2927.
 1836. 1836. 
   37.   37.   37.   37.   37.   37.   37.   37. 1836. 1836. 1836. 2927.
 2927. 2927. 1836. 1836.   37.   37.   37.   37.   37. 2927. 2927. 2927.
 1836.   37. 
   37.   37.   37.   37.   37.   37.   37.   37.   37.   37.   37. 1836.
 1836. 1836. 1836. 1836. 1836. 1836. 2927. 2927. 2927. 2927. 2927. 2927.
 1836.   37. 
   37.   37.   37. 1836. 1836. 2927. 1836. 2927. 2927. 1836. 1836. 1836.
 1836. 1836. 1836. 1836. 1836. 1836. 1836.   37. 1836. 1836. 1836. 2927.
 2927. 2927. 
 1836. 1836.   37.   37.   37.   37.   37. 2927. 2927. 2927. 1836.   37.
   37.   37.   37.   37.   37.   37.   37.   37.   37.   37.   37.   37.
   37.   37. 
   37.   37.   37.   37. 1836. 1836. 1836. 2927. 2927. 2927. 1836.   37.
   37.   37.   37. 1836. 1836. 2927. 1836. 2927. 2927. 1836. 1836. 1836.
 1836. 1836. 
 1836. 1836. 1836. 1836. 1836. 1836. 1836. 1836. 2927. 2927. 2927. 2927.
 1836.   37.   37.   37.   37.   37.   37. 2927. 2927. 2927. 1836.   37.
   37.   37. 
   37.   37.   37.   37.   37.   37.   37.   37.   37.   37.   37.   37.
   37.   37.   37.   37.   37.   37.   37. 1836. 2927. 2927. 1836.   37.
   37.   37. 
   37. 1836. 1836. 2927. 1836. 2927. 2927. 2927. 2927. 2927. 2927. 2927.
 2927. 2927. 2927. 2927. 2927. 2927. 1836. 2927. 2927. 2927. 2927. 1836.
 1836.   37. 
   37.   37.   37.   37. 1836. 2927. 2927. 2927. 1836.   37.   37.   37.
   37.   37.   37.   37.   37.   37.   37.   37.   37.   37.   37.   37.
   37.   37. 
   37.   37.   37.   37. 1836. 2927. 2927. 2927. 1836.   37.   37.   37.
   37. 1836. 1836. 2927. 1836. 1836. 2927. 2927. 2927. 2927. 2927. 2927.
 2927. 2927. 
 2927. 2927. 2927. 2927. 2927. 2927. 2927. 2927. 1836. 1836.   37.   37.
   37.   37.   37.   37. 1836. 2927. 2927. 2927. 1836.   37.   37.   37.
   37.   37. 
   37.   37.   37.   37.   37.   37.   37.   37.   37.   37.   37.   37.
   37.   37.   37. 1836. 1836. 2927. 2927. 2927. 1836.   37.   37.   37.
 1836. 1836. 
 2927. 2927. 2927. 1836. 1836. 1836. 1836. 1836. 1836. 1836. 2927. 1836.
 1836. 2927. 2927. 2927. 2927. 2927. 1836. 1836. 1836.   37.   37.   37.
   37.   37. 
   37.   37. 1836. 2927. 2927. 2927. 1836.   37.   37.   37.   37.   37.
   37.   37.   37.   37.   37.   37.   37.   37.   37.   37.   37.   37.
   37.   37. 
   37. 1836. 2927. 2927. 2927. 1836. 1836.   37.   37.   37. 1836. 1836.
 2927. 2927. 2927. 1836.   37. 1836. 1836. 1836. 1836. 1836. 1836. 1836.
 1836. 1836. 
 2927. 2927. 1836. 1836. 1836.   37.   37.   37.   37.   37.   37.   37.
   37.   37.   37. 2927. 2927. 2927. 1836.   37.   37.   37.   37.   37.
   37.   37. 
   37.   37.   37.   37.   37.   37.   37.   37.   37.   37.   37.   37.
 1836. 2927. 2927. 2927. 1836. 1836.   37.   37.   37.   37. 1836. 2927.
 2927. 2927. 
 1836. 1836.   37.   37.   37.   37.   37.   37.   37.   37.   37. 1836.
 2927. 2927. 1836.   37.   37.   37.   37.   37.   37.   37.   37.   37.
   37.   37. 
   37. 1836. 2927. 2927. 2927. 1836.   37.   37.   37.   37.   37.   37.
   37.   37.   37.   37.   37.   37.   37.   37.   37.   37.   37. 1836.
 1836. 2927. 
 2927. 2927. 1836.   37.   37.   37.   37. 1836. 1836. 2927. 2927. 2927.
 1836. 1836. 1836. 1836.   37.   37.   37.   37.   37.   37.   37. 1836.
 2927. 2927. 
 1836. 1836. 1836. 1836. 1836. 1836. 1836.   37.   37.   37.   37.   37.
   37. 1836. 2927. 2927. 2927. 2927. 1836.   37.   37.   37.   37.   37.
   37.   37. 
   37.   37.   37.   37.   37.   37.   37.   37.   37. 1836. 2927. 2927.
 2927. 1836.   37.   37.   37.   37.   37.   37. 1836. 1836. 2927. 2927.
 2927. 1836. 
 1836. 1836. 1836. 1836. 1836. 1836. 1836.   37. 1836. 1836. 2927. 2927.
 2927. 2927. 2927. 2927. 2927. 1836. 1836. 1836.   37.   37.   37.   37.
   37.   37. 
 1836. 2927. 2927. 2927. 2927. 1836. 1836.   37.   37.   37.   37.   37.
   37.   37.   37.   37.   37.   37.   37.   37.   37. 1836. 2927. 2927.
 2927. 1836. 
   37.   37.   37. 1836. 1836. 1836. 1836. 1836. 2927. 2927. 2927. 2927.
 2927. 2927. 2927. 2927. 1836. 1836. 1836. 1836. 1836. 2927. 2927. 2927.
 2927. 2927. 
 2927. 2927. 2927. 2927. 2927. 1836. 1836.   37.   37.   37.   37.   37.
   37. 1836. 2927. 2927. 2927. 2927. 2927. 1836. 1836.   37.   37.   37.
   37.   37. 
   37.   37.   37.   37.   37.   37.   37. 1836. 2927. 2927. 2927. 1836.
   37. 1836. 1836. 2927. 2927. 2927. 2927. 1836. 1836. 1836. 2927. 2927.
 2927. 2927. 
 2927. 2927. 2927. 2927. 2927. 1836. 1836. 2927. 2927. 2927. 2927. 2927.
 2927. 2927. 2927. 2927. 2927. 2927. 1836. 1836.   37.   37.   37.   37.
   37.   37. 
 1836. 1836. 2927. 2927. 2927. 2927. 2927. 1836. 1836. 1836.   37.   37.
   37.   37.   37.   37.   37.   37.   37. 1836. 2927. 2927. 2927. 2927.
 1836. 2927. 
 2927. 2927. 2927. 2927. 2927. 2927. 1836. 1836. 1836. 1836. 1836. 1836.
 2927. 2927. 2927. 2927. 1836. 1836. 1836. 2927. 2927. 2927. 1836. 1836.
 1836. 1836. 
 1836. 2927. 2927. 2927. 2927. 1836.   37.   37.   37.   37.   37.   37.
   37.   37. 1836. 1836. 2927. 2927. 2927. 2927. 2927. 2927. 1836.   37.
   37.   37. 
   37.   37.   37.   37.   37.   37. 1836. 2927. 2927. 2927. 2927. 2927.
 2927. 2927. 1836. 1836. 2927. 2927. 1836. 1836. 1836. 1836. 1836. 1836.
 1836. 1836. 
 1836. 1836. 1836. 1836. 2927. 2927. 2927. 1836. 2927. 1836. 2927. 2927.
 1836. 1836. 2927. 2927. 2927. 1836. 1836.   37.   37.   37.   37.   37.
   37.   37. 
   37.   37. 1836. 1836. 1836. 2927. 2927. 2927. 2927. 1836.   37.   37.
   37.   37.   37.   37.   37.   37.   37. 1836. 1836. 2927. 2927. 2927.
 2927. 1836. 
 1836. 1836. 2927. 2927. 1836.   37.   37.   37.   37.   37.   37. 1836.
 1836. 1836. 1836. 2927. 2927. 2927. 2927. 1836. 1836. 1836. 1836. 1836.
 1836. 1836. 
 1836. 2927. 2927. 2927. 1836.   37.   37.   37.   37.   37.   37.   37.
   37.   37.   37.   37. 1836. 1836. 2927. 2927. 2927. 2927. 1836.   37.
   37.   37. 
   37.   37.   37.   37.   37.   37.   37. 1836. 1836. 1836. 1836.   37.
 1836. 1836. 2927. 2927. 1836.   37.   37.   37.   37.   37.   37.   37.
   37. 1836. 
 1836. 2927. 2927. 2927. 2927. 2927.   37.   37.   37.   37. 1836. 1836.
 1836. 2927. 2927. 2927. 1836.   37.   37.   37.   37.   37.   37.   37.
   37.   37. 
   37.   37.   37.   37. 1836. 2927. 2927. 2927. 1836.   37.   37.   37.
   37.   37.   37.   37.   37.   37.   37.   37.   37.   37.   37.   37.
 1836. 2927. 
 2927. 2927. 1836.   37.   37.   37.   37.   37.   37.   37.   37. 1836.
 1836. 1836. 2927. 2927. 2927. 2927.   37.   37.   37.   37. 1836. 2927.
 1836. 2927. 
 2927. 2927. 1836. 1836.   37.   37.   37.   37.   37.   37.   37.   37.
   37.   37.   37.   37.   37. 1836. 2927. 2927. 1836.   37.   37.   37.
   37.   37. 
   37.   37.   37.   37.   37.   37.   37.   37.   37.   37. 1836. 2927.
 2927. 2927. 1836.   37.   37.   37.   37.   37.   37.   37. 1836. 1836.
 1836. 1836. 
 1836. 2927. 2927. 2927.   37.   37.   37.   37.   37. 1836. 1836. 2927.
 2927. 2927. 1836. 1836.   37.   37.   37.   37.   37.   37.   37.   37.
   37.   37. 
   37.   37. 1836. 2927. 2927. 2927. 1836.   37.   37.   37.   37.   37.
   37.   37.   37.   37.   37.   37.   37.   37.   37. 1836. 2927. 2927.
 2927. 1836. 
   37.   37.   37.   37.   37.   37.   37.   37. 1836. 1836. 2927. 1836.
 1836. 1836. 1836. 1836.   37.   37.   37.   37.   37. 1836. 1836. 2927.
 2927. 2927. 
 1836.   37.   37.   37.   37.   37.   37.   37.   37.   37.   37.   37.
   37. 1836. 2927. 2927. 2927. 2927. 1836.   37.   37.   37.   37.   37.
   37.   37. 
   37.   37.   37.   37.   37.   37.   37. 1836. 2927. 2927. 2927. 1836.
   37.   37.   37.   37.   37.   37.   37.   37. 1836. 2927. 2927. 2927.
 1836. 1836. 
 1836. 1836.   37.   37.   37.   37.   37. 1836. 1836. 2927. 2927. 2927.
 1836.   37.   37.   37.   37.   37.   37.   37.   37.   37.   37.   37.
   37. 1836. 
 2927. 2927. 2927. 1836.   37.   37.   37.   37.   37.   37.   37.   37.
   37.   37.   37.   37.   37.   37. 1836. 2927. 2927. 2927. 1836.   37.
   37.   37. 
   37.   37.   37.   37.   37.   37. 1836. 2927. 2927. 2927. 1836.   37.
   37.   37.   37.   37.   37.   37.   37. 1836. 1836. 2927. 2927. 1836.
 1836. 1836. 
   37.   37.   37.   37.   37.   37.   37.   37.   37.   37.   37. 1836.
 2927. 2927. 1836.   37.   37.   37.   37.   37.   37.   37.   37.   37.
   37.   37. 
   37.   37.   37.   37. 1836. 2927. 2927. 1836. 1836.   37.   37.   37.
   37.   37.   37.   37.   37. 1836. 1836. 2927. 2927. 2927. 1836.   37.
   37.   37. 
   37.   37.   37.   37.   37. 1836. 2927. 2927. 2927. 1836. 1836. 1836.
   37.   37.   37.   37.   37.   37.   37.   37.   37.   37.   37. 2927.
 2927. 2927. 
 1836.   37.   37.   37.   37.   37.   37.   37.   37.   37.   37.   37.
   37.   37.   37.   37. 1836. 2927. 2927. 1836.   37. 1836. 1836. 1836.
 2927. 1836. 
 1836. 1836.   37. 1836. 1836. 2927. 2927. 1836. 1836.   37.   37.   37.
   37.   37.   37.   37.   37. 1836. 2927. 2927. 2927. 1836. 2927. 1836.
 1836. 1836. 
 1836. 1836. 1836. 1836.   37.   37.   37.   37.   37. 1836. 2927. 2927.
 1836.   37.   37.   37.   37.   37. 1836. 1836. 1836.   37.   37.   37.
   37.   37. 
   37.   37. 1836. 2927. 2927. 2927. 2927. 2927. 2927. 2927. 2927. 2927.
 2927. 1836. 1836. 1836. 1836. 2927. 2927. 1836. 1836.   37.   37.   37.
   37.   37. 
   37.   37.   37. 1836. 2927. 2927. 2927. 1836. 2927. 2927. 2927. 2927.
 2927. 2927. 2927. 1836. 1836. 1836.   37.   37.   37. 1836. 2927. 2927.
 1836.   37. 
   37. 1836. 1836. 1836. 2927. 2927. 2927. 1836. 1836.   37.   37.   37.
   37.   37. 1836. 2927. 2927. 2927. 2927. 2927. 2927. 2927. 2927. 2927.
 2927. 2927. 
 1836. 1836. 1836. 2927. 2927. 1836. 1836.   37.   37.   37.   37.   37.
   37.   37. 1836. 1836. 2927. 2927. 1836. 1836. 1836. 2927. 1836. 1836.
 2927. 2927. 
 2927. 2927. 2927. 1836. 1836.   37.   37. 1836. 2927. 2927. 1836. 1836.
 1836. 2927. 2927. 2927. 2927. 2927. 2927. 2927. 1836. 1836.   37.   37.
   37.   37. 
 1836. 1836. 2927. 2927. 2927. 2927. 2927. 2927. 2927. 2927. 2927. 2927.
 2927. 1836. 1836. 2927. 2927. 2927. 1836. 1836.   37.   37.   37.   37.
   37.   37. 
 1836. 1836. 2927. 2927. 2927. 2927. 1836. 1836. 1836. 1836. 1836. 1836.
 2927. 2927. 2927. 2927. 2927. 1836.   37. 1836. 2927. 2927. 2927. 2927.
 2927. 2927. 
 2927. 2927. 2927. 2927. 2927. 2927. 2927. 1836.   37.   37.   37.   37.
   37.   37. 1836. 1836. 1836. 1836. 1836. 1836. 1836. 1836. 2927. 2927.
 2927. 2927. 
 1836. 2927. 2927. 2927. 2927. 1836. 1836.   37.   37.   37.   37.   37.
   37. 1836. 1836. 2927. 2927. 2927. 2927. 2927. 2927. 2927. 1836. 1836.
 1836. 2927. 
 2927. 2927. 2927. 1836.   37.   37. 1836. 2927. 2927. 2927. 2927. 2927.
 2927. 2927. 2927. 2927. 2927. 2927. 2927. 2927. 1836.   37.   37.   37.
   37.   37. 
   37.   37.   37.   37.   37.   37.   37. 1836. 2927. 2927. 2927. 2927.
 1836. 1836. 2927. 2927. 2927. 1836. 1836. 1836.   37.   37.   37.   37.
   37.   37. 
 1836. 1836. 2927. 2927. 2927. 2927. 2927. 2927. 2927. 1836. 1836. 1836.
 1836. 2927. 2927. 2927. 1836.   37.   37. 1836. 1836. 1836. 1836. 1836.
 1836. 1836. 
 1836. 1836. 1836. 2927. 2927. 2927. 1836.   37.   37.   37.   37.   37.
   37.   37.   37.   37.   37.   37.   37. 1836. 2927. 2927. 2927. 1836.
   37. 1836. 
 1836. 2927. 2927. 2927. 1836. 1836.   37.   37.   37.   37.   37.   37.
   37. 1836. 1836. 1836. 2927. 2927. 2927. 2927. 2927. 2927. 1836. 1836.
 1836. 1836. 
 2927. 2927. 1836.   37.   37.   37.   37.   37.   37.   37.   37.   37.
   37. 1836. 2927. 2927. 2927. 2927. 1836.   37.   37.   37.   37.   37.
   37.   37. 
   37.   37.   37.   37. 1836. 2927. 2927. 2927. 2927. 1836.   37.   37.
 1836. 1836. 2927. 2927. 2927. 2927.   37.   37.   37.   37.   37.   37.
   37.   37. 
 1836. 1836. 1836. 1836. 1836. 2927. 2927. 2927. 1836. 1836.   37. 1836.
 2927. 2927. 2927.   37.   37.   37.   37.   37.   37.   37.   37.   37.
   37. 1836. 
 2927. 2927. 2927. 1836.   37.   37.   37.   37.   37.   37.   37.   37.
   37.   37.   37. 1836. 1836. 2927. 2927. 2927. 1836.   37.   37.   37.
   37. 1836. 
 1836. 2927. 2927. 2927.   37.   37.   37.   37.   37.   37.   37.   37.
   37.   37.   37.   37. 1836. 2927. 2927. 2927. 1836. 1836. 1836. 1836.
 2927. 2927. 
 1836.   37.   37.   37.   37.   37.   37.   37.   37.   37.   37. 1836.
 2927. 2927. 2927. 1836.   37.   37.   37.   37.   37.   37.   37.   37.
   37.   37. 
   37. 1836. 2927. 2927. 2927. 2927. 1836.   37.   37.   37.   37.   37.
 1836. 1836. 2927. 2927.   37.   37.   37.   37.   37.   37.   37.   37.
   37.   37. 
   37. 1836. 1836. 2927. 2927. 2927. 1836. 1836. 1836. 2927. 2927. 2927.
 1836.   37.   37.   37.   37.   37.   37.   37.   37.   37. 1836. 2927.
 2927. 2927. 
 1836.   37.   37.   37.   37.   37.   37.   37.   37.   37.   37.   37.
   37. 1836. 2927. 2927. 2927. 1836.   37.   37.   37.   37.   37.   37.
   37. 1836. 
 1836. 2927.   37.   37.   37.   37.   37.   37.   37.   37.   37.   37.
   37. 1836. 2927. 2927. 2927. 1836. 1836. 1836. 2927. 2927. 2927. 2927.
 1836.   37. 
   37.   37.   37.   37.   37.   37.   37.   37. 1836. 2927. 2927. 2927.
 1836.   37.   37.   37.   37.   37.   37.   37.   37.   37.   37.   37.
   37. 1836. 
 2927. 2927. 2927. 1836.   37.   37.   37.   37.   37.   37.   37.   37.
 1836. 1836. 
/