PERMI
   34.   34.   34.   34.   34.   34.   34.   34. 2338. 3607. 3607. 2338.
 3607. 3607. 3607. 3607. 2338. 2338.   34. 2338. 2338. 3607. 3607. 2338.
 2338.   34. 
   34.   34.   34.   34.   34.   34.   34.   34.   34.   34.   34.   34.
   34.   34.   34.   34.   34.   34.   34.   34.   34.   34.   34.   34.
   34. 2338. 
 2338. 3607. 3607. 2338. 3607. 3607. 3607. 3607. 2338. 3607. 3607. 3607.
   34.   34.   34.   34.   34.   34.   34.   34. 2338. 3607. 3607. 3607.
 3607. 3607. 
 3607. 2338. 2338.   34.   34.   34. 2338. 3607. 3607. 3607. 2338.   34.
   34.   34.   34.   34.   34.   34.   34.   34.   34.   34.   34.   34.
   34.   34. 
   34.   34.   34.   34.   34.   34.   34.   34.   34.   34.   34. 2338.
 2338. 3607. 3607. 2338. 2338. 3607. 3607. 3607. 2338. 3607. 3607. 3607.
   34.   34. 
   34.   34.   34.   34.   34.   34. 2338. 2338. 3607. 3607. 3607. 3607.
 2338. 2338.   34.   34.   34.   34. 2338. 3607. 3607. 3607. 2338.   34.
   34.   34. 
   34.   34.   34.   34.   34.   34.   34.   34.   34.   34.   34.   34.
   34.   34.   34.   34.   34.   34.   34.   34.   34.   34.   34.   34.
 2338. 2338. 
 3607. 2338. 2338. 3607. 3607. 3607. 2338. 2338. 2338. 3607.   34.   34.
   34.   34.   34.   34.   34.   34.   34. 2338. 2338. 2338. 2338. 2338.
   34.   34. 
   34.   34.   34.   34. 2338. 3607. 3607. 3607. 2338.   34.   34.   34.
   34.   34.   34.   34.   34.   34.   34.   34.   34.   34.   34.   34.
   34.   34. 
   34.   34.   34.   34.   34.   34.   34.   34.   34.   34. 2338. 2338.
 3607. 2338. 2338. 3607. 3607. 3607. 2338. 2338. 2338. 2338.   34.   34.
   34.   34. 
   34.   34.   34.   34.   34.   34.   34.   34.   34.   34.   34.   34.
   34.   34.   34.   34. 2338. 3607. 3607. 3607. 2338.   34.   34.   34.
 2338. 2338. 
 2338. 2338.   34.   34.   34.   34.   34.   34.   34.   34.   34.   34.
   34.   34.   34.   34.   34.   34.   34.   34.   34.   34.   34. 2338.
 3607. 3607. 
 2338. 3607. 3607. 3607. 3607. 2338. 3607. 3607.   34.   34.   34.   34.
   34.   34.   34.   34.   34.   34.   34.   34.   34.   34.   34.   34.
   34.   34. 
   34.   34. 2338. 3607. 3607. 3607. 2338. 2338. 2338. 2338. 2338. 2338.
 2338. 2338. 2338. 2338. 2338.   34.   34.   34.   34.   34.   34.   34.
   34.   34. 
   34.   34.   34.   34.   34.   34.   34.   34.   34. 2338. 2338. 3607.
 2338. 2338. 3607. 3607. 3607. 3607. 3607. 3607.   34.   34.   34.   34.
   34.   34. 
   34.   34.   34.   34.   34.   34.   34.   34.   34.   34.   34.   34.
   34.   34. 2338. 3607. 3607. 3607. 3607. 3607. 3607. 3607. 3607. 3607.
 3607. 3607. 
 3607. 3607. 2338.   34.   34.   34.   34.   34.   34.   34.   34.   34.
   34.   34.   34.   34.   34.   34.   34.   34.   34.   34. 2338. 2338.
 3607. 2338. 
 2338. 3607. 3607. 3607. 3607. 3607.   34.   34.   34.   34.   34.   34.
   34.   34.   34.   34.   34.   34.   34.   34.   34.   34.   34.   34.
   34.   34. 
 2338. 3607. 3607. 3607. 3607. 3607. 3607. 3607. 3607. 3607. 3607. 3607.
 3607. 3607. 2338. 2338.   34.   34.   34.   34.   34.   34.   34.   34.
   34.   34. 
   34.   34.   34.   34.   34.   34.   34.   34.   34. 2338. 2338. 2338.
 2338. 2338. 2338. 3607. 2338. 2338.   34.   34.   34.   34.   34.   34.
   34.   34. 
   34.   34.   34.   34.   34.   34.   34.   34.   34.   34.   34.   34.
   34. 2338. 2338. 3607. 3607. 3607. 3607. 3607. 3607. 3607. 2338. 3607.
 3607. 3607. 
 3607. 2338.   34.   34.   34.   34.   34.   34.   34.   34.   34.   34.
   34.   34.   34.   34.   34.   34.   34.   34.   34.   34.   34.   34.
 2338. 2338. 
 2338. 2338. 2338. 2338.   34.   34.   34.   34.   34.   34.   34.   34.
   34.   34.   34.   34.   34.   34.   34.   34.   34.   34.   34.   34.
   34.   34. 
 2338. 2338. 2338. 2338. 2338. 2338. 2338. 2338. 2338. 2338. 3607. 3607.
 3607. 2338.   34.   34.   34.   34.   34.   34.   34.   34.   34.   34.
   34.   34. 
 34. 34. 34. 34. 34. 34. 34. 34. 34. 34. 34. 34. 34. 34. 34. 34. 34. 34.
 34. 34. 34. 34. 34. 34. 34. 34. 
   34.   34.   34.   34.   34.   34.   34.   34.   34.   34.   34.   34.
   34. 2338. 2338. 2338. 2338.   34.   34.   34. 2338. 2338. 3607. 3607.
 3607. 2338. 
 34. 34. 34. 34. 34. 34. 34. 34. 34. 34. 34. 34. 34. 34. 34. 34. 34. 34.
 34. 34. 34. 34. 34. 34. 34. 34. 
 34. 34. 34. 34. 34. 34. 34. 34. 34. 34. 34. 34. 34. 34. 34. 34. 34. 34.
 34. 34. 34. 34. 34. 34. 34. 34. 
   34.   34.   34.   34.   34. 2338. 2338. 3607. 3607. 3607. 2338. 2338.
   34.   34.   34.   34.   34.   34.   34.   34.   34.   34.   34.   34.
   34.   34. 
 34. 34. 34. 34. 34. 34. 34. 34. 34. 34. 34. 34. 34. 34. 34. 34. 34. 34.
 34. 34. 34. 34. 34. 34. 34. 34. 
   34.   34.   34.   34.   34.   34.   34.   34.   34.   34.   34.   34.
   34.   34.   34.   34.   34. 2338. 2338. 3607. 3607. 2338. 2338.   34.
   34.   34. 
 34. 34. 34. 34. 34. 34. 34. 34. 34. 34. 34. 34. 34. 34. 34. 34. 34. 34.
 34. 34. 34. 34. 34. 34. 34. 34. 
 34. 34. 34. 34. 34. 34. 34. 34. 34. 34. 34. 34. 34. 34. 34. 34. 34. 34.
 34. 34. 34. 34. 34. 34. 34. 34. 
   34.   34. 2338. 2338. 3607. 3607. 3607. 2338. 2338.   34.   34.   34.
   34.   34.   34.   34.   34.   34.   34.   34.   34.   34.   34.   34.
   34.   34. 
 34. 34. 34. 34. 34. 34. 34. 34. 34. 34. 34. 34. 34. 34. 34. 34. 34. 34.
 34. 34. 34. 34. 34. 34. 34. 34. 
   34.   34.   34.   34.   34.   34.   34.   34.   34.   34.   34.   34.
   34.   34. 2338. 2338. 3607. 3607. 2338. 2338.   34.   34.   34.   34.
   34.   34. 
 34. 34. 34. 34. 34. 34. 34. 34. 34. 34. 34. 34. 34. 34. 34. 34. 34. 34.
 34. 34. 34. 34. 34. 34. 34. 34. 
 34. 34. 34. 34. 34. 34. 34. 34. 34. 34. 34. 34. 34. 34. 34. 34. 34. 34.
 34. 34. 34. 34. 34. 34. 34. 34. 
 2338. 3607. 3607. 3607. 2338.   34.   34.   34.   34.   34.   34.   34.
   34.   34.   34.   34.   34.   34.   34.   34.   34.   34.   34.   34.
   34.   34. 
 34. 34. 34. 34. 34. 34. 34. 34. 34. 34. 34. 34. 34. 34. 34. 34. 34. 34.
 34. 34. 34. 34. 34. 34. 34. 34. 
   34.   34.   34.   34.   34.   34.   34.   34.   34.   34.   34. 2338.
 2338. 3607. 3607. 2338. 2338.   34.   34.   34.   34.   34.   34.   34.
   34.   34. 
 34. 34. 34. 34. 34. 34. 34. 34. 34. 34. 34. 34. 34. 34. 34. 34. 34. 34.
 34. 34. 34. 34. 34. 34. 34. 34. 
   34.   34.   34.   34.   34.   34.   34.   34.   34.   34.   34.   34.
   34.   34.   34.   34.   34.   34.   34.   34.   34.   34.   34. 2338.
 2338. 3607. 
 3607. 3607. 2338.   34.   34.   34.   34.   34.   34.   34.   34.   34.
   34.   34.   34.   34.   34.   34.   34.   34.   34.   34.   34.   34.
   34.   34. 
 34. 34. 34. 34. 34. 34. 34. 34. 34. 34. 34. 34. 34. 34. 34. 34. 34. 34.
 34. 34. 34. 34. 34. 34. 34. 34. 
   34.   34.   34.   34.   34.   34.   34.   34.   34. 2338. 2338. 3607.
 3607. 3607. 2338. 2338. 2338. 2338.   34. 2338. 2338. 2338. 2338. 2338.
 2338.   34. 
 34. 34. 34. 34. 34. 34. 34. 34. 34. 34. 34. 34. 34. 34. 34. 34. 34. 34.
 34. 34. 34. 34. 34. 34. 34. 34. 
   34.   34.   34.   34.   34.   34.   34.   34.   34.   34.   34.   34.
   34.   34.   34.   34.   34.   34.   34.   34.   34. 2338. 2338. 3607.
 3607. 3607. 
 3607. 3607. 3607. 2338. 2338. 2338. 3607. 3607. 3607. 2338. 2338. 2338.
   34.   34.   34.   34.   34.   34.   34.   34.   34.   34.   34.   34.
   34.   34. 
 34. 34. 34. 34. 34. 34. 34. 34. 34. 34. 34. 34. 34. 34. 34. 34. 34. 34.
 34. 34. 34. 34. 34. 34. 34. 34. 
   34.   34.   34.   34.   34.   34.   34.   34. 2338. 2338. 3607. 3607.
 3607. 3607. 3607. 3607. 3607. 3607. 3607. 3607. 3607. 3607. 3607. 2338.
   34.   34. 
 34. 34. 34. 34. 34. 34. 34. 34. 34. 34. 34. 34. 34. 34. 34. 34. 34. 34.
 34. 34. 34. 34. 34. 34. 34. 34. 
   34.   34.   34.   34.   34.   34.   34.   34.   34.   34.   34.   34.
   34.   34.   34.   34.   34.   34.   34.   34.   34. 2338. 2338. 2338.
 3607. 3607. 
 3607. 3607. 3607. 3607. 3607. 3607. 3607. 3607. 3607. 2338. 2338.   34.
   34.   34.   34.   34.   34.   34.   34.   34.   34.   34.   34.   34.
   34.   34. 
 34. 34. 34. 34. 34. 34. 34. 34. 34. 34. 34. 34. 34. 34. 34. 34. 34. 34.
 34. 34. 34. 34. 34. 34. 34. 34. 
   34.   34.   34.   34.   34.   34.   34.   34. 2338. 2338. 2338. 2338.
 2338. 2338. 2338. 2338. 2338. 2338. 2338. 3607. 3607. 2338. 2338.   34.
   34.   34. 
 34. 34. 34. 34. 34. 34. 34. 34. 34. 34. 34. 34. 34. 34. 34. 34. 34. 34.
 34. 34. 34. 34. 34. 34. 34. 34. 
   34.   34.   34.   34.   34.   34.   34.   34.   34.   34.   34.   34.
   34.   34.   34.   34.   34.   34.   34.   34.   34.   34.   34.   34.
   34. 2338. 
 2338. 2338. 2338. 2338. 2338. 3607. 3607. 3607. 2338.   34.   34.   34.
   34.   34.   34. 2338. 2338.   34.   34.   34.   34.   34.   34.   34.
   34.   34. 
 34. 34. 34. 34. 34. 34. 34. 34. 34. 34. 34. 34. 34. 34. 34. 34. 34. 34.
 34. 34. 34. 34. 34. 34. 34. 34. 
   34.   34.   34.   34.   34.   34.   34.   34.   34.   34.   34.   34.
   34.   34.   34. 2338. 2338. 3607. 3607. 3607. 2338.   34.   34.   34.
   34. 2338. 
 2338. 2338. 2338. 2338. 2338.   34.   34.   34.   34.   34.   34.   34.
   34.   34.   34.   34.   34.   34.   34.   34.   34.   34.   34.   34.
   34.   34. 
 34. 34. 34. 34. 34. 34. 34. 34. 34. 34. 34. 34. 34. 34. 34. 34. 34. 34.
 34. 34. 34. 34. 34. 34. 34. 34. 
   34. 2338. 2338. 3607. 3607. 3607. 2338.   34.   34.   34. 2338. 2338.
 3607. 3607. 3607. 3607. 2338.   34.   34.   34.   34.   34.   34.   34.
   34.   34. 
 34. 34. 34. 34. 34. 34. 34. 34. 34. 34. 34. 34. 34. 34. 34. 34. 34. 34.
 34. 34. 34. 34. 34. 34. 34. 34. 
   34.   34.   34.   34.   34.   34.   34.   34.   34.   34.   34.   34.
   34. 2338. 2338. 3607. 3607. 3607. 2338.   34.   34. 2338. 2338. 3607.
 3607. 3607. 
 3607. 3607. 3607. 2338.   34.   34.   34.   34.   34.   34.   34.   34.
   34.   34.   34.   34.   34.   34.   34.   34.   34.   34.   34.   34.
   34.   34. 
 34. 34. 34. 34. 34. 34. 34. 34. 34. 34. 34. 34. 34. 34. 34. 34. 34. 34.
 34. 34. 34. 34. 34. 34. 34. 34. 
 2338. 3607. 3607. 3607. 2338.   34. 2338. 2338. 3607. 3607. 3607. 3607.
 3607. 3607. 3607. 2338.   34.   34.   34.   34.   34.   34.   34.   34.
   34.   34. 
 34. 34. 34. 34. 34. 34. 34. 34. 34. 34. 34. 34. 34. 34. 34. 34. 34. 34.
 34. 34. 34. 34. 34. 34. 34. 34. 
   34.   34.   34.   34.   34.   34.   34.   34.   34.   34.   34.   34.
 2338. 3607. 3607. 3607. 2338. 2338. 3607. 3607. 3607. 3607. 3607. 2338.
 2338. 3607. 
 3607. 2338. 2338.   34.   34.   34.   34.   34.   34.   34.   34.   34.
   34.   34.   34.   34.   34.   34.   34.   34.   34.   34.   34.   34.
   34.   34. 
   34.   34.   34.   34.   34.   34.   34.   34.   34.   34.   34.   34.
   34.   34.   34.   34.   34.   34.   34.   34.   34.   34.   34.   34.
 2338. 2338. 
 3607. 3607. 3607. 3607. 3607. 3607. 3607. 3607. 2338. 2338. 2338. 3607.
 3607. 3607. 2338.   34.   34.   34.   34.   34.   34.   34.   34.   34.
   34.   34. 
 34. 34. 34. 34. 34. 34. 34. 34. 34. 34. 34. 34. 34. 34. 34. 34. 34. 34.
 34. 34. 34. 34. 34. 34. 34. 34. 
   34.   34.   34.   34.   34.   34.   34.   34.   34.   34.   34. 2338.
 3607. 3607. 3607. 3607. 3607. 3607. 3607. 2338. 2338.   34. 2338. 3607.
 3607. 3607. 
 2338.   34.   34.   34.   34.   34.   34.   34.   34.   34.   34.   34.
   34.   34.   34.   34.   34.   34.   34.   34.   34.   34.   34.   34.
   34.   34. 
   34.   34.   34.   34.   34.   34.   34.   34.   34.   34.   34.   34.
   34.   34.   34.   34.   34.   34.   34.   34.   34.   34.   34. 2338.
 2338. 3607. 
 3607. 3607. 3607. 2338. 2338.   34.   34.   34. 2338. 3607. 3607. 3607.
 2338.   34.   34.   34.   34.   34.   34.   34.   34.   34.   34.   34.
   34.   34. 
 34. 34. 34. 34. 34. 34. 34. 34. 34. 34. 34. 34. 34. 34. 34. 34. 34. 34.
 34. 34. 34. 34. 34. 34. 34. 34. 
   34.   34.   34.   34.   34.   34.   34.   34.   34.   34. 2338. 2338.
 2338. 2338. 2338. 2338.   34.   34.   34. 2338. 2338. 3607. 3607. 2338.
 2338.   34. 
   34.   34.   34. 2338. 2338. 2338.   34.   34.   34.   34.   34.   34.
   34.   34.   34.   34.   34.   34.   34.   34.   34.   34.   34.   34.
   34.   34. 
 34. 34. 34. 34. 34. 34. 34. 34. 34. 34. 34. 34. 34. 34. 34. 34. 34. 34.
 34. 34. 34. 34. 34. 34. 34. 34. 
   34.   34.   34.   34.   34. 2338. 2338. 3607. 3607. 2338. 2338. 2338.
 2338. 2338. 2338. 2338. 2338. 3607.   34.   34.   34.   34.   34.   34.
   34.   34. 
 34. 34. 34. 34. 34. 34. 34. 34. 34. 34. 34. 34. 34. 34. 34. 34. 34. 34.
 34. 34. 34. 34. 34. 34. 34. 34. 
   34.   34.   34.   34.   34.   34.   34.   34.   34.   34.   34.   34.
   34.   34.   34.   34.   34. 2338. 2338. 3607. 3607. 2338. 2338. 2338.
 2338. 3607. 
 3607. 3607. 3607. 3607.   34.   34.   34.   34.   34.   34.   34.   34.
   34.   34.   34.   34.   34.   34.   34.   34.   34.   34.   34.   34.
   34.   34. 
 34. 34. 34. 34. 34. 34. 34. 34. 34. 34. 34. 34. 34. 34. 34. 34. 34. 34.
 34. 34. 34. 34. 34. 34. 34. 34. 
   34.   34.   34. 2338. 2338. 3607. 3607. 3607. 3607. 3607. 3607. 3607.
 3607. 3607. 3607. 3607.   34.   34.   34.   34.   34.   34.   34.   34.
   34.   34. 
 34. 34. 34. 34. 34. 34. 34. 34. 34. 34. 34. 34. 34. 34. 34. 34. 34. 34.
 34. 34. 34. 34. 34. 34. 34. 34. 
   34.   34.   34.   34.   34.   34.   34.   34.   34.   34.   34.   34.
   34.   34.   34. 2338. 2338. 3607. 3607. 3607. 3607. 3607. 3607. 3607.
 3607. 3607. 
 2338. 2338.   34.   34.   34.   34.   34.   34.   34.   34.   34.   34.
   34.   34.   34.   34.   34.   34.   34.   34.   34.   34.   34.   34.
   34.   34. 
 34. 34. 34. 34. 34. 34. 34. 34. 34. 34. 34. 34. 34. 34. 34. 34. 34. 34.
 34. 34. 34. 34. 34. 34. 34. 34. 
   34.   34. 2338. 2338. 2338. 2338. 2338. 2338. 2338. 2338. 2338. 2338.
 2338. 2338.   34.   34.   34.   34.   34.   34.   34.   34.   34.   34.
   34.   34. 
 34. 34. 34. 34. 34. 34. 34. 34. 34. 34. 34. 34. 34. 34. 34. 34. 34. 34.
 34. 34. 34. 34. 34. 34. 34. 34. 
   34.   34.   34.   34.   34.   34.   34.   34.   34.   34.   34.   34.
   34.   34.   34.   34. 2338. 2338. 2338. 2338. 2338. 2338.   34.   34.
   34.   34. 
 34. 34. 34. 34. 34. 34. 34. 34. 34. 34. 34. 34. 34. 34. 34. 34. 34. 34.
 34. 34. 34. 34. 34. 34. 34. 34. 
 34. 34. 34. 34. 34. 34. 34. 34. 34. 34. 34. 34. 34. 34. 34. 34. 34. 34.
 34. 34. 34. 34. 34. 34. 34. 34. 
 34. 34. 34. 34. 34. 34. 34. 34. 34. 34. 34. 34. 34. 34. 34. 34. 34. 34.
 34. 34. 34. 34. 34. 34. 34. 34. 
 34. 34. 34. 34. 34. 34. 34. 34. 34. 34. 34. 34. 34. 34. 34. 34. 34. 34.
 34. 34. 34. 34. 34. 34. 34. 34. 
 34. 34. 34. 34. 34. 34. 34. 34. 34. 34. 34. 34. 34. 34. 34. 34. 34. 34.
 34. 34. 34. 34. 34. 34. 34. 34. 
 34. 34. 34. 34. 34. 34. 34. 34. 34. 34. 34. 34. 34. 34. 34. 34. 34. 34.
 34. 34. 34. 34. 34. 34. 34. 34. 
 34. 34. 34. 34. 34. 34. 34. 34. 34. 34. 34. 34. 34. 34. 34. 34. 34. 34.
 34. 34. 34. 34. 34. 34. 34. 34. 
 34. 34. 34. 34. 34. 34. 34. 34. 34. 34. 34. 34. 34. 34. 34. 34. 34. 34.
 34. 34. 34. 34. 34. 34. 34. 34. 
 34. 34. 34. 34. 34. 34. 34. 34. 34. 34. 34. 34. 34. 34. 34. 34. 34. 34.
 34. 34. 34. 34. 34. 34. 34. 34. 
 34. 34. 34. 34. 34. 34. 34. 34. 34. 34. 34. 34. 34. 34. 34. 34. 34. 34.
 34. 34. 34. 34. 34. 34. 34. 34. 
 34. 34. 34. 34. 34. 34. 34. 34. 34. 34. 34. 34. 34. 34. 34. 34. 34. 34.
 34. 34. 34. 34. 34. 34. 34. 34. 
 34. 34. 34. 34. 34. 34. 34. 34. 34. 34. 34. 34. 34. 34. 34. 34. 34. 34.
 34. 34. 34. 34. 34. 34. 34. 34. 
 34. 34. 34. 34. 34. 34. 34. 34. 34. 34. 34. 34. 34. 34. 34. 34. 34. 34.
 34. 34. 34. 34. 34. 34. 34. 34. 
 34. 34. 34. 34. 34. 34. 34. 34. 34. 34. 34. 34. 34. 34. 34. 34. 34. 34.
 34. 34. 34. 34. 34. 34. 34. 34. 
 34. 34. 34. 34. 34. 34. 34. 34. 34. 34. 34. 34. 34. 34. 34. 34. 34. 34.
 34. 34. 34. 34. 34. 34. 34. 34. 
 34. 34. 34. 34. 34. 34. 34. 34. 34. 34. 34. 34. 34. 34. 34. 34. 34. 34.
 34. 34. 34. 34. 34. 34. 34. 34. 
 34. 34. 34. 34. 34. 34. 34. 34. 34. 34. 34. 34. 34. 34. 34. 34. 34. 34.
 34. 34. 34. 34. 34. 34. 34. 34. 
 34. 34. 34. 34. 34. 34. 34. 34. 34. 34. 34. 34. 34. 34. 34. 34. 34. 34.
 34. 34. 34. 34. 34. 34. 34. 34. 
 34. 34. 34. 34. 34. 34. 34. 34. 34. 34. 34. 34. 34. 34. 34. 34. 34. 34.
 34. 34. 34. 34. 34. 34. 34. 34. 
 34. 34. 34. 34. 34. 34. 34. 34. 34. 34. 34. 34. 34. 34. 34. 34. 34. 34.
 34. 34. 34. 34. 34. 34. 34. 34. 
 34. 34. 34. 34. 34. 34. 34. 34. 34. 34. 34. 34. 34. 34. 34. 34. 34. 34.
 34. 34. 34. 34. 34. 34. 34. 34. 
 34. 34. 34. 34. 34. 34. 34. 34. 34. 34. 34. 34. 34. 34. 34. 34. 34. 34.
 34. 34. 34. 34. 34. 34. 34. 34. 
 34. 34. 34. 34. 34. 34. 34. 34. 34. 34. 34. 34. 34. 34. 34. 34. 34. 34.
 34. 34. 34. 34. 34. 34. 34. 34. 
 34. 34. 34. 34. 34. 34. 34. 34. 34. 34. 34. 34. 34. 34. 34. 34. 34. 34.
 34. 34. 34. 34. 34. 34. 34. 34. 
 34. 34. 34. 34. 34. 34. 34. 34. 34. 34. 34. 34. 34. 34. 34. 34. 34. 34.
 34. 34. 34. 34. 34. 34. 34. 34. 
 34. 34. 34. 34. 34. 34. 34. 34. 34. 34. 34. 34. 34. 34. 34. 34. 34. 34.
 34. 34. 34. 34. 34. 34. 34. 34. 
 34. 34. 34. 34. 34. 34. 34. 34. 34. 34. 34. 34. 34. 34. 34. 34. 34. 34.
 34. 34. 34. 34. 34. 34. 34. 34. 
 34. 34. 34. 34. 34. 34. 34. 34. 34. 34. 34. 34. 34. 34. 34. 34. 34. 34.
 34. 34. 34. 34. 34. 34. 34. 34. 
 34. 34. 34. 34. 34. 34. 34. 34. 34. 34. 34. 34. 34. 34. 34. 34. 34. 34.
 34. 34. 34. 34. 34. 34. 34. 34. 
 34. 34. 34. 34. 34. 34. 34. 34. 34. 34. 34. 34. 34. 34. 34. 34. 34. 34.
 34. 34. 34. 34. 34. 34. 34. 34. 
 34. 34. 34. 34. 34. 34. 34. 34. 34. 34. 34. 34. 34. 34. 34. 34. 34. 34.
 34. 34. 34. 34. 34. 34. 34. 34. 
 34. 34. 34. 34. 34. 34. 34. 34. 34. 34. 34. 34. 34. 34. 34. 34. 34. 34.
 34. 34. 34. 34. 34. 34. 34. 34. 
 34. 34. 34. 34. 34. 34. 34. 34. 34. 34. 34. 34. 34. 34. 34. 34. 34. 34.
 34. 34. 34. 34. 34. 34. 34. 34. 
 34. 34. 34. 34. 34. 34. 34. 34. 34. 34. 34. 34. 34. 34. 34. 34. 34. 34.
 34. 34. 34. 34. 34. 34. 34. 34. 
 34. 34. 34. 34. 34. 34. 34. 34. 34. 34. 34. 34. 34. 34. 34. 34. 34. 34.
 34. 34. 34. 34. 34. 34. 34. 34. 
 34. 34. 34. 34. 34. 34. 34. 34. 34. 34. 34. 34. 34. 34. 34. 34. 34. 34.
 34. 34. 34. 34. 34. 34. 34. 34. 
 34. 34. 34. 34. 34. 34. 34. 34. 34. 34. 34. 34. 34. 34. 34. 34. 34. 34.
 34. 34. 34. 34. 34. 34. 34. 34. 
 34. 34. 34. 34. 34. 34. 34. 34. 34. 34. 34. 34. 34. 34. 34. 34. 34. 34.
 34. 34. 34. 34. 34. 34. 34. 34. 
 34. 34. 34. 34. 34. 34. 34. 34. 34. 34. 34. 34. 34. 34. 34. 34. 34. 34.
 34. 34. 34. 34. 34. 34. 34. 34. 
 34. 34. 34. 34. 34. 34. 34. 34. 34. 34. 34. 34. 34. 34. 34. 34. 34. 34.
 34. 34. 34. 34. 34. 34. 34. 34. 
 34. 34. 34. 34. 34. 34. 34. 34. 34. 34. 34. 34. 34. 34. 34. 34. 34. 34.
 34. 34. 34. 34. 34. 34. 34. 34. 
 34. 34. 34. 34. 34. 34. 34. 34. 34. 34. 34. 34. 34. 34. 34. 34. 34. 34.
 34. 34. 34. 34. 34. 34. 34. 34. 
 34. 34. 34. 34. 34. 34. 34. 34. 34. 34. 34. 34. 34. 34. 34. 34. 34. 34.
 34. 34. 34. 34. 34. 34. 34. 34. 
 34. 34. 34. 34. 34. 34. 34. 34. 34. 34. 34. 34. 34. 34. 34. 34. 34. 34.
 34. 34. 34. 34. 34. 34. 34. 34. 
 34. 34. 34. 34. 34. 34. 34. 34. 34. 34. 34. 34. 34. 34. 34. 34. 34. 34.
 34. 34. 34. 34. 34. 34. 34. 34. 
 34. 34. 34. 34. 34. 34. 34. 34. 34. 34. 34. 34. 34. 34. 34. 34. 34. 34.
 34. 34. 34. 34. 34. 34. 34. 34. 
 34. 34. 34. 34. 34. 34. 34. 34. 34. 34. 34. 34. 34. 34. 34. 34. 34. 34.
 34. 34. 34. 34. 34. 34. 34. 34. 
 34. 34. 34. 34. 34. 34. 34. 34. 34. 34. 34. 34. 34. 34. 34. 34. 34. 34.
 34. 34. 34. 34. 34. 34. 34. 34. 
 34. 34. 34. 34. 34. 34. 34. 34. 34. 34. 34. 34. 34. 34. 34. 34. 34. 34.
 34. 34. 34. 34. 34. 34. 34. 34. 
 34. 34. 34. 34. 34. 34. 34. 34. 34. 34. 34. 34. 34. 34. 34. 34. 34. 34.
 34. 34. 34. 34. 34. 34. 34. 34. 
 34. 34. 34. 34. 34. 34. 34. 34. 34. 34. 34. 34. 34. 34. 34. 34. 34. 34.
 34. 34. 34. 34. 34. 34. 34. 34. 
 34. 34. 34. 34. 34. 34. 34. 34. 34. 34. 34. 34. 34. 34. 34. 34. 34. 34.
 34. 34. 34. 34. 34. 34. 34. 34. 
 34. 34. 34. 34. 34. 34. 34. 34. 34. 34. 34. 34. 34. 34. 34. 34. 34. 34.
 34. 34. 34. 34. 34. 34. 34. 34. 
 34. 34. 34. 34. 34. 34. 34. 34. 34. 34. 34. 34. 34. 34. 34. 34. 34. 34.
 34. 34. 34. 34. 34. 34. 34. 34. 
 34. 34. 34. 34. 34. 34. 34. 34. 34. 34. 34. 34. 34. 34. 34. 34. 34. 34.
 34. 34. 34. 34. 34. 34. 34. 34. 
 34. 34. 34. 34. 34. 34. 34. 34. 34. 34. 34. 34. 34. 34. 34. 34. 34. 34.
 34. 34. 34. 34. 34. 34. 34. 34. 
 34. 34. 34. 34. 34. 34. 34. 34. 34. 34. 34. 34. 34. 34. 34. 34. 34. 34.
 34. 34. 34. 34. 34. 34. 34. 34. 
 34. 34. 34. 34. 34. 34. 34. 34. 34. 34. 34. 34. 34. 34. 34. 34. 34. 34.
 34. 34. 34. 34. 34. 34. 34. 34. 
 34. 34. 34. 34. 34. 34. 34. 34. 34. 34. 34. 34. 34. 34. 34. 34. 34. 34.
 34. 34. 34. 34. 34. 34. 34. 34. 
 34. 34. 34. 34. 34. 34. 34. 34. 34. 34. 34. 34. 34. 34. 34. 34. 34. 34.
 34. 34. 34. 34. 34. 34. 34. 34. 
 34. 34. 34. 34. 34. 34. 34. 34. 34. 34. 34. 34. 34. 34. 34. 34. 34. 34.
 34. 34. 34. 34. 34. 34. 34. 34. 
 34. 34. 34. 34. 34. 34. 34. 34. 34. 34. 34. 34. 34. 34. 
/