PERMI
 34. 34. 34. 34. 34. 34. 34. 34. 34. 34. 34. 34. 34. 34. 34. 34. 34. 34.
 34. 34. 34. 34. 34. 34. 34. 34. 
   34.   34.   34.   34.   34.   34.   34.   34.   34.   34.   34.   34.
   34.   34.   34.   34.   34.   34.   34.   34.   34.   34.   34. 1573.
 1573. 2196. 
 2196. 2196. 1573. 2196. 2196. 1573.   34.   34. 1573. 1573. 2196. 2196.
   34.   34.   34.   34.   34.   34.   34.   34.   34.   34.   34.   34.
   34.   34. 
 34. 34. 34. 34. 34. 34. 34. 34. 34. 34. 34. 34. 34. 34. 34. 34. 34. 34.
 34. 34. 34. 34. 34. 34. 34. 34. 
   34.   34.   34.   34.   34.   34.   34.   34.   34.   34. 1573. 1573.
 1573. 1573. 2196. 2196. 2196. 1573.   34.   34. 1573. 1573. 2196. 2196.
   34.   34. 
 34. 34. 34. 34. 34. 34. 34. 34. 34. 34. 34. 34. 34. 34. 34. 34. 34. 34.
 34. 34. 34. 34. 34. 34. 34. 34. 
   34.   34.   34.   34.   34.   34.   34.   34.   34.   34.   34.   34.
   34.   34.   34.   34.   34.   34.   34.   34.   34.   34.   34. 1573.
 2196. 2196. 
 2196. 2196. 1573.   34.   34. 1573. 1573. 2196. 2196. 2196.   34.   34.
   34.   34.   34.   34.   34.   34.   34.   34.   34.   34.   34.   34.
   34.   34. 
 34. 34. 34. 34. 34. 34. 34. 34. 34. 34. 34. 34. 34. 34. 34. 34. 34. 34.
 34. 34. 34. 34. 34. 34. 34. 34. 
   34.   34.   34.   34.   34.   34.   34.   34. 1573. 2196. 2196. 2196.
 2196. 2196. 1573.   34.   34. 1573. 2196. 2196. 2196. 1573.   34.   34.
   34.   34. 
 34. 34. 34. 34. 34. 34. 34. 34. 34. 34. 34. 34. 34. 34. 34. 34. 34. 34.
 34. 34. 34. 34. 34. 34. 34. 34. 
   34.   34.   34.   34.   34.   34.   34.   34.   34.   34.   34.   34.
   34.   34.   34.   34.   34.   34.   34.   34. 1573. 2196. 2196. 2196.
 1573. 1573. 
 1573.   34. 1573. 1573. 2196. 2196. 2196. 1573.   34.   34.   34.   34.
   34.   34.   34.   34.   34.   34.   34.   34.   34.   34.   34.   34.
   34.   34. 
 34. 34. 34. 34. 34. 34. 34. 34. 34. 34. 34. 34. 34. 34. 34. 34. 34. 34.
 34. 34. 34. 34. 34. 34. 34. 34. 
   34.   34.   34.   34.   34. 1573. 2196. 2196. 2196. 1573. 2196. 1573.
 1573.   34. 1573. 1573. 2196. 2196. 2196. 1573.   34.   34.   34.   34.
   34.   34. 
 34. 34. 34. 34. 34. 34. 34. 34. 34. 34. 34. 34. 34. 34. 34. 34. 34. 34.
 34. 34. 34. 34. 34. 34. 34. 34. 
   34.   34.   34.   34.   34.   34.   34.   34.   34.   34.   34.   34.
   34.   34.   34.   34.   34. 1573. 2196. 2196. 2196. 1573. 1573. 1573.
   34.   34. 
 1573. 1573. 2196. 2196. 2196. 1573.   34.   34.   34.   34.   34.   34.
   34.   34.   34.   34.   34.   34.   34.   34.   34.   34.   34.   34.
   34.   34. 
 34. 34. 34. 34. 34. 34. 34. 34. 34. 34. 34. 34. 34. 34. 34. 34. 34. 34.
 34. 34. 34. 34. 34. 34. 34. 34. 
   34.   34.   34. 1573. 2196. 2196. 2196. 1573. 1573.   34.   34.   34.
   34. 1573. 2196. 2196. 2196. 1573.   34.   34.   34.   34.   34.   34.
   34.   34. 
 34. 34. 34. 34. 34. 34. 34. 34. 34. 34. 34. 34. 34. 34. 34. 34. 34. 34.
 34. 34. 34. 34. 34. 34. 34. 34. 
   34.   34.   34.   34.   34.   34.   34.   34.   34.   34.   34.   34.
   34.   34.   34. 1573. 2196. 2196. 2196. 1573. 1573.   34.   34.   34.
   34. 1573. 
 2196. 2196. 2196. 1573.   34.   34.   34.   34.   34.   34.   34.   34.
   34.   34.   34.   34.   34.   34.   34.   34.   34.   34.   34.   34.
   34.   34. 
 34. 34. 34. 34. 34. 34. 34. 34. 34. 34. 34. 34. 34. 34. 34. 34. 34. 34.
 34. 34. 34. 34. 34. 34. 34. 34. 
   34.   34. 2196. 2196. 2196. 1573. 1573.   34.   34.   34.   34. 1573.
 2196. 2196. 2196. 1573.   34.   34.   34.   34.   34.   34.   34.   34.
   34.   34. 
 34. 34. 34. 34. 34. 34. 34. 34. 34. 34. 34. 34. 34. 34. 34. 34. 34. 34.
 34. 34. 34. 34. 34. 34. 34. 34. 
   34.   34.   34.   34.   34.   34.   34.   34.   34.   34.   34.   34.
   34. 1573. 2196. 2196. 2196. 1573. 1573.   34.   34.   34. 1573. 1573.
 2196. 2196. 
 2196. 1573.   34.   34.   34.   34.   34.   34.   34.   34.   34.   34.
   34.   34.   34.   34.   34.   34.   34.   34.   34.   34.   34.   34.
   34.   34. 
   34.   34.   34.   34.   34.   34.   34.   34.   34.   34.   34.   34.
   34.   34.   34.   34.   34.   34.   34.   34.   34.   34.   34.   34.
 1573. 2196. 
 2196. 2196. 1573. 2196. 1573.   34.   34.   34. 1573. 1573. 2196. 2196.
 2196. 1573.   34.   34.   34.   34.   34.   34.   34.   34.   34.   34.
   34.   34. 
 34. 34. 34. 34. 34. 34. 34. 34. 34. 34. 34. 34. 34. 34. 34. 34. 34. 34.
 34. 34. 34. 34. 34. 34. 34. 34. 
   34.   34.   34.   34.   34.   34.   34.   34.   34. 1573. 2196. 2196.
 2196. 1573. 2196. 2196. 2196. 1573.   34.   34. 1573. 2196. 2196. 2196.
 1573. 1573. 
 34. 34. 34. 34. 34. 34. 34. 34. 34. 34. 34. 34. 34. 34. 34. 34. 34. 34.
 34. 34. 34. 34. 34. 34. 34. 34. 
   34.   34.   34.   34.   34.   34.   34.   34.   34.   34.   34.   34.
   34.   34.   34.   34.   34.   34.   34.   34.   34. 1573. 2196. 2196.
 1573. 1573. 
 2196. 2196. 2196. 1573.   34. 1573. 1573. 2196. 2196. 2196. 1573. 1573.
   34.   34.   34.   34.   34.   34.   34.   34.   34.   34.   34.   34.
   34.   34. 
 34. 34. 34. 34. 34. 34. 34. 34. 34. 34. 34. 34. 34. 34. 34. 34. 34. 34.
 34. 34. 34. 34. 34. 34. 34. 34. 
   34.   34.   34.   34.   34.   34.   34. 1573. 2196. 2196. 1573. 1573.
 2196. 2196. 2196. 1573.   34. 1573. 2196. 2196. 2196. 1573. 1573.   34.
   34.   34. 
 34. 34. 34. 34. 34. 34. 34. 34. 34. 34. 34. 34. 34. 34. 34. 34. 34. 34.
 34. 34. 34. 34. 34. 34. 34. 34. 
   34.   34.   34.   34.   34.   34.   34.   34.   34.   34.   34.   34.
   34.   34.   34.   34.   34.   34.   34. 1573. 2196. 2196. 1573. 1573.
 2196. 2196. 
 2196. 1573. 1573. 1573. 2196. 2196. 2196. 1573.   34.   34.   34.   34.
   34.   34.   34.   34.   34.   34.   34.   34.   34.   34.   34.   34.
   34.   34. 
 34. 34. 34. 34. 34. 34. 34. 34. 34. 34. 34. 34. 34. 34. 34. 34. 34. 34.
 34. 34. 34. 34. 34. 34. 34. 34. 
   34.   34.   34.   34.   34. 1573. 2196. 2196. 2196. 1573. 1573. 2196.
 2196. 1573. 1573. 2196. 2196. 2196. 1573. 1573.   34.   34.   34.   34.
   34.   34. 
 34. 34. 34. 34. 34. 34. 34. 34. 34. 34. 34. 34. 34. 34. 34. 34. 34. 34.
 34. 34. 34. 34. 34. 34. 34. 34. 
   34.   34.   34.   34.   34.   34.   34.   34.   34.   34.   34.   34.
   34.   34.   34.   34.   34.   34. 1573. 2196. 2196. 2196. 2196. 1573.
 1573. 1573. 
 1573. 1573. 2196. 2196. 2196. 1573.   34.   34.   34.   34.   34.   34.
   34.   34.   34.   34.   34.   34.   34.   34.   34.   34.   34.   34.
   34.   34. 
 34. 34. 34. 34. 34. 34. 34. 34. 34. 34. 34. 34. 34. 34. 34. 34. 34. 34.
 34. 34. 34. 34. 34. 34. 34. 34. 
   34.   34.   34.   34.   34. 1573. 2196. 2196. 2196. 1573. 1573.   34.
   34. 1573. 2196. 2196. 2196. 1573. 1573. 1573.   34.   34.   34.   34.
   34.   34. 
 34. 34. 34. 34. 34. 34. 34. 34. 34. 34. 34. 34. 34. 34. 34. 34. 34. 34.
 34. 34. 34. 34. 34. 34. 34. 34. 
   34.   34.   34.   34.   34.   34.   34.   34.   34.   34.   34.   34.
   34.   34.   34.   34.   34. 1573. 1573. 2196. 2196. 2196.   34.   34.
   34. 1573. 
 2196. 2196. 2196. 2196. 2196. 1573.   34.   34.   34.   34.   34.   34.
   34.   34.   34.   34.   34.   34.   34.   34.   34.   34.   34.   34.
   34.   34. 
 34. 34. 34. 34. 34. 34. 34. 34. 34. 34. 34. 34. 34. 34. 34. 34. 34. 34.
 34. 34. 34. 34. 34. 34. 34. 34. 
   34.   34. 1573. 1573. 1573. 2196. 2196. 2196. 1573.   34.   34. 1573.
 1573. 2196. 2196. 2196. 2196. 1573.   34.   34.   34.   34.   34.   34.
   34.   34. 
 34. 34. 34. 34. 34. 34. 34. 34. 34. 34. 34. 34. 34. 34. 34. 34. 34. 34.
 34. 34. 34. 34. 34. 34. 34. 34. 
   34.   34.   34.   34.   34.   34.   34.   34.   34.   34.   34.   34.
   34.   34. 1573. 2196. 1573. 2196. 2196. 1573.   34.   34.   34.   34.
 1573. 1573. 
 2196. 2196. 2196. 1573.   34.   34.   34.   34.   34.   34.   34.   34.
   34.   34.   34.   34.   34.   34.   34.   34.   34.   34.   34.   34.
   34.   34. 
   34.   34.   34.   34.   34.   34.   34.   34.   34.   34.   34.   34.
   34.   34.   34.   34.   34.   34.   34.   34.   34.   34.   34.   34.
   34. 1573. 
 1573. 2196. 1573. 2196. 2196. 1573.   34.   34.   34.   34.   34. 1573.
 2196. 2196. 2196. 1573.   34.   34.   34.   34.   34.   34.   34.   34.
   34.   34. 
 34. 34. 34. 34. 34. 34. 34. 34. 34. 34. 34. 34. 34. 34. 34. 34. 34. 34.
 34. 34. 34. 34. 34. 34. 34. 34. 
   34.   34.   34.   34.   34.   34.   34.   34.   34.   34.   34. 1573.
 1573. 1573. 2196. 2196. 2196. 1573.   34.   34.   34.   34.   34. 1573.
 2196. 2196. 
 2196. 1573.   34.   34.   34.   34.   34.   34.   34.   34.   34.   34.
   34.   34.   34.   34.   34.   34.   34.   34.   34.   34.   34.   34.
   34.   34. 
   34.   34.   34.   34.   34.   34.   34.   34.   34.   34.   34.   34.
   34.   34.   34.   34.   34.   34.   34.   34.   34.   34.   34.   34.
 1573. 1573. 
 2196. 2196. 1573.   34.   34.   34.   34.   34. 1573. 1573. 2196. 2196.
 2196. 1573.   34.   34.   34.   34.   34.   34.   34.   34.   34.   34.
   34.   34. 
 34. 34. 34. 34. 34. 34. 34. 34. 34. 34. 34. 34. 34. 34. 34. 34. 34. 34.
 34. 34. 34. 34. 34. 34. 34. 34. 
   34.   34.   34.   34.   34.   34.   34.   34.   34.   34. 1573. 1573.
 2196. 2196. 1573.   34.   34.   34.   34.   34. 1573. 2196. 2196. 2196.
 1573. 1573. 
 34. 34. 34. 34. 34. 34. 34. 34. 34. 34. 34. 34. 34. 34. 34. 34. 34. 34.
 34. 34. 34. 34. 34. 34. 34. 34. 
   34.   34.   34.   34.   34.   34.   34.   34.   34.   34.   34.   34.
   34.   34.   34.   34.   34.   34.   34.   34.   34.   34. 1573. 2196.
 2196. 2196. 
 1573.   34.   34.   34.   34. 1573. 1573. 2196. 2196. 2196. 1573.   34.
   34.   34.   34.   34.   34.   34.   34.   34.   34.   34.   34.   34.
   34.   34. 
 34. 34. 34. 34. 34. 34. 34. 34. 34. 34. 34. 34. 34. 34. 34. 34. 34. 34.
 34. 34. 34. 34. 34. 34. 34. 34. 
   34.   34.   34.   34.   34.   34.   34.   34. 1573. 1573. 2196. 2196.
 1573.   34.   34.   34.   34. 1573. 2196. 2196. 2196. 1573. 1573.   34.
   34.   34. 
 34. 34. 34. 34. 34. 34. 34. 34. 34. 34. 34. 34. 34. 34. 34. 34. 34. 34.
 34. 34. 34. 34. 34. 34. 34. 34. 
   34.   34.   34.   34.   34.   34.   34.   34.   34.   34.   34.   34.
   34.   34.   34.   34.   34.   34.   34.   34. 1573. 1573. 2196. 2196.
 1573. 1573. 
   34.   34.   34. 1573. 2196. 2196. 2196. 1573. 1573. 1573.   34.   34.
   34.   34.   34.   34.   34.   34.   34.   34.   34.   34.   34.   34.
   34.   34. 
 34. 34. 34. 34. 34. 34. 34. 34. 34. 34. 34. 34. 34. 34. 34. 34. 34. 34.
 34. 34. 34. 34. 34. 34. 34. 34. 
   34.   34.   34.   34.   34.   34.   34. 1573. 2196. 2196. 2196. 1573.
   34.   34.   34. 1573. 1573. 2196. 2196. 2196. 2196. 1573.   34.   34.
   34.   34. 
 34. 34. 34. 34. 34. 34. 34. 34. 34. 34. 34. 34. 34. 34. 34. 34. 34. 34.
 34. 34. 34. 34. 34. 34. 34. 34. 
   34.   34.   34.   34.   34.   34.   34.   34.   34.   34.   34.   34.
   34.   34.   34.   34.   34.   34.   34. 1573. 1573. 2196. 2196. 2196.
 1573. 1573. 
   34.   34. 1573. 2196. 2196. 2196. 2196. 2196.   34.   34.   34.   34.
   34.   34.   34.   34.   34.   34.   34.   34.   34.   34.   34.   34.
   34.   34. 
 34. 34. 34. 34. 34. 34. 34. 34. 34. 34. 34. 34. 34. 34. 34. 34. 34. 34.
 34. 34. 34. 34. 34. 34. 34. 34. 
   34.   34.   34.   34.   34. 1573. 2196. 1573. 2196. 2196. 2196. 1573.
   34.   34. 1573. 1573. 1573. 2196. 2196. 2196.   34.   34.   34.   34.
   34.   34. 
 34. 34. 34. 34. 34. 34. 34. 34. 34. 34. 34. 34. 34. 34. 34. 34. 34. 34.
 34. 34. 34. 34. 34. 34. 34. 34. 
   34.   34.   34.   34.   34.   34.   34.   34.   34.   34.   34.   34.
   34.   34.   34.   34. 1573. 1573. 2196. 2196. 1573. 2196. 2196. 2196.
 1573.   34. 
   34.   34. 1573. 1573. 2196. 2196.   34.   34.   34.   34.   34.   34.
   34.   34.   34.   34.   34.   34.   34.   34.   34.   34.   34.   34.
   34.   34. 
 34. 34. 34. 34. 34. 34. 34. 34. 34. 34. 34. 34. 34. 34. 34. 34. 34. 34.
 34. 34. 34. 34. 34. 34. 34. 34. 
   34. 1573. 1573. 2196. 2196. 1573. 1573. 1573. 2196. 2196. 1573.   34.
   34.   34. 1573. 1573. 2196. 2196.   34.   34.   34.   34.   34.   34.
   34.   34. 
 34. 34. 34. 34. 34. 34. 34. 34. 34. 34. 34. 34. 34. 34. 34. 34. 34. 34.
 34. 34. 34. 34. 34. 34. 34. 34. 
   34.   34.   34.   34.   34.   34.   34.   34.   34.   34.   34.   34.
   34. 1573. 2196. 2196. 2196. 1573. 1573. 2196. 2196. 2196. 1573.   34.
   34. 1573. 
 1573. 2196. 2196. 2196.   34.   34.   34.   34.   34.   34.   34.   34.
   34.   34.   34.   34.   34.   34.   34.   34.   34.   34.   34.   34.
   34.   34. 
   34.   34.   34.   34.   34.   34.   34.   34.   34.   34.   34.   34.
   34.   34.   34.   34.   34.   34.   34.   34.   34.   34.   34.   34.
 1573. 1573. 
 2196. 2196. 1573. 1573. 1573. 2196. 2196. 1573.   34.   34. 1573. 1573.
 2196. 2196. 2196. 2196.   34.   34.   34.   34.   34.   34.   34.   34.
   34.   34. 
 34. 34. 34. 34. 34. 34. 34. 34. 34. 34. 34. 34. 34. 34. 34. 34. 34. 34.
 34. 34. 34. 34. 34. 34. 34. 34. 
   34.   34.   34.   34.   34.   34.   34.   34.   34.   34. 1573. 1573.
 2196. 2196. 1573. 1573. 2196. 2196. 2196. 1573.   34.   34. 1573. 1573.
 2196. 2196. 
 2196. 1573.   34.   34.   34.   34.   34.   34.   34.   34.   34.   34.
   34.   34.   34.   34.   34.   34.   34.   34.   34.   34.   34.   34.
   34.   34. 
   34.   34.   34.   34.   34.   34.   34.   34.   34.   34.   34.   34.
   34.   34.   34.   34.   34.   34.   34.   34.   34.   34. 1573. 1573.
 2196. 2196. 
 1573. 1573. 2196. 2196. 1573.   34.   34.   34. 1573. 2196. 2196. 2196.
 1573. 1573.   34.   34.   34.   34.   34.   34.   34.   34.   34.   34.
   34.   34. 
 34. 34. 34. 34. 34. 34. 34. 34. 34. 34. 34. 34. 34. 34. 34. 34. 34. 34.
 34. 34. 34. 34. 34. 34. 34. 34. 
   34.   34.   34.   34.   34.   34.   34.   34.   34. 1573. 2196. 2196.
 1573. 1573. 2196. 2196. 1573.   34.   34. 1573. 1573. 2196. 2196. 1573.
 1573.   34. 
 34. 34. 34. 34. 34. 34. 34. 34. 34. 34. 34. 34. 34. 34. 34. 34. 34. 34.
 34. 34. 34. 34. 34. 34. 34. 34. 
   34.   34.   34.   34.   34.   34.   34.   34.   34.   34.   34.   34.
   34.   34.   34.   34.   34.   34.   34.   34.   34. 1573. 1573. 2196.
 2196. 1573. 
 2196. 2196. 1573.   34.   34. 1573. 2196. 2196. 2196. 1573. 1573.   34.
   34.   34.   34.   34.   34.   34.   34.   34.   34.   34.   34.   34.
   34.   34. 
 34. 34. 34. 34. 34. 34. 34. 34. 34. 34. 34. 34. 34. 34. 34. 34. 34. 34.
 34. 34. 34. 34. 34. 34. 34. 34. 
   34.   34.   34.   34.   34.   34.   34.   34. 1573. 2196. 2196. 1573.
 2196. 2196. 2196. 1573.   34. 1573. 1573. 2196. 2196. 1573. 1573.   34.
   34.   34. 
 34. 34. 34. 34. 34. 34. 34. 34. 34. 34. 34. 34. 34. 34. 34. 34. 34. 34.
 34. 34. 34. 34. 34. 34. 34. 34. 
   34.   34.   34.   34.   34.   34.   34.   34.   34.   34.   34.   34.
   34.   34.   34.   34.   34.   34.   34.   34.   34. 1573. 2196. 1573.
 2196. 2196. 
 2196. 1573.   34. 1573. 1573. 2196. 2196. 1573. 1573.   34.   34.   34.
   34.   34.   34.   34.   34.   34.   34.   34.   34.   34.   34.   34.
   34.   34. 
 34. 34. 34. 34. 34. 34. 34. 34. 34. 34. 34. 34. 34. 34. 34. 34. 34. 34.
 34. 34. 34. 34. 34. 34. 34. 34. 
   34.   34.   34.   34.   34.   34.   34. 1573. 2196. 2196. 1573. 2196.
 2196. 1573.   34.   34. 1573. 2196. 2196. 2196. 1573.   34.   34.   34.
   34.   34. 
 34. 34. 34. 34. 34. 34. 34. 34. 34. 34. 34. 34. 34. 34. 34. 34. 34. 34.
 34. 34. 34. 34. 34. 34. 34. 34. 
   34.   34.   34.   34.   34.   34.   34.   34.   34.   34.   34.   34.
   34.   34.   34.   34.   34.   34.   34.   34. 1573. 2196. 1573. 2196.
 2196. 1573. 
   34.   34. 1573. 2196. 2196. 2196. 1573.   34.   34.   34.   34.   34.
   34.   34.   34.   34.   34.   34.   34.   34.   34.   34.   34.   34.
   34.   34. 
 34. 34. 34. 34. 34. 34. 34. 34. 34. 34. 34. 34. 34. 34. 34. 34. 34. 34.
 34. 34. 34. 34. 34. 34. 34. 34. 
   34.   34.   34.   34.   34. 1573. 2196. 2196. 1573. 2196. 2196. 2196.
 1573.   34. 1573. 2196. 2196. 2196. 1573.   34.   34.   34.   34.   34.
   34.   34. 
 34. 34. 34. 34. 34. 34. 34. 34. 34. 34. 34. 34. 34. 34. 34. 34. 34. 34.
 34. 34. 34. 34. 34. 34. 34. 34. 
   34.   34.   34.   34.   34.   34.   34.   34.   34.   34.   34.   34.
   34.   34.   34.   34. 1573. 1573. 2196. 2196. 1573. 2196. 2196. 2196.
 1573.   34. 
 1573. 2196. 2196. 2196. 1573. 1573.   34.   34.   34.   34.   34.   34.
   34.   34.   34.   34.   34.   34.   34.   34.   34.   34.   34.   34.
   34.   34. 
 34. 34. 34. 34. 34. 34. 34. 34. 34. 34. 34. 34. 34. 34. 34. 34. 34. 34.
 34. 34. 34. 34. 34. 34. 34. 34. 
   34.   34. 1573. 2196. 2196. 2196. 1573. 2196. 2196. 1573. 1573.   34.
 1573. 1573. 2196. 2196. 1573. 1573.   34.   34.   34.   34.   34.   34.
   34.   34. 
 34. 34. 34. 34. 34. 34. 34. 34. 34. 34. 34. 34. 34. 34. 34. 34. 34. 34.
 34. 34. 34. 34. 34. 34. 34. 34. 
   34.   34.   34.   34.   34.   34.   34.   34.   34.   34.   34.   34.
   34. 1573. 1573. 2196. 2196. 1573. 2196. 2196. 2196. 1573.   34.   34.
 1573. 1573. 
 2196. 2196. 2196. 1573.   34.   34.   34.   34.   34.   34.   34.   34.
   34.   34.   34.   34.   34.   34.   34.   34.   34.   34.   34.   34.
   34.   34. 
   34.   34.   34.   34.   34.   34.   34.   34.   34.   34.   34.   34.
   34.   34.   34.   34.   34.   34.   34.   34.   34.   34.   34.   34.
   34. 1573. 
 2196. 2196. 1573. 1573. 2196. 2196. 2196. 1573.   34.   34. 1573. 1573.
 2196. 2196. 1573. 1573.   34.   34.   34.   34.   34.   34.   34.   34.
   34.   34. 
 34. 34. 34. 34. 34. 34. 34. 34. 34. 34. 34. 34. 34. 34. 34. 34. 34. 34.
 34. 34. 34. 34. 34. 34. 34. 34. 
   34.   34.   34.   34.   34.   34.   34.   34.   34.   34.   34. 1573.
 2196. 2196. 1573. 2196. 2196. 2196. 1573.   34.   34.   34. 1573. 1573.
 2196. 2196. 
 1573. 1573.   34.   34.   34.   34.   34.   34.   34.   34.   34.   34.
   34.   34.   34.   34.   34.   34.   34.   34.   34.   34.   34.   34.
   34.   34. 
   34.   34.   34.   34.   34.   34.   34.   34.   34.   34.   34.   34.
   34.   34.   34.   34.   34.   34.   34.   34.   34.   34.   34. 1573.
 2196. 1573. 
 2196. 2196. 2196. 1573.   34.   34.   34.   34. 1573. 1573. 2196. 2196.
 1573. 1573.   34.   34.   34.   34.   34.   34.   34.   34.   34.   34.
   34.   34. 
 34. 34. 34. 34. 34. 34. 34. 34. 34. 34. 34. 34. 34. 34. 34. 34. 34. 34.
 34. 34. 34. 34. 34. 34. 34. 34. 
   34.   34.   34.   34.   34.   34.   34.   34.   34. 1573. 1573. 1573.
 2196. 2196. 1573. 1573.   34.   34.   34.   34. 1573. 2196. 2196. 2196.
 1573.   34. 
 34. 34. 34. 34. 34. 34. 34. 34. 34. 34. 34. 34. 34. 34. 34. 34. 34. 34.
 34. 34. 34. 34. 34. 34. 34. 34. 
   34.   34.   34.   34.   34.   34.   34.   34.   34.   34.   34.   34.
   34.   34.   34.   34.   34.   34.   34.   34.   34.   34. 1573. 1573.
 2196. 2196. 
 1573.   34.   34.   34.   34.   34. 1573. 2196. 2196. 2196. 2196. 1573.
   34.   34.   34.   34.   34.   34.   34.   34.   34.   34.   34.   34.
   34.   34. 
 34. 34. 34. 34. 34. 34. 34. 34. 34. 34. 34. 34. 34. 34. 34. 34. 34. 34.
 34. 34. 34. 34. 34. 34. 34. 34. 
   34.   34.   34.   34.   34.   34.   34.   34. 1573. 1573. 2196. 2196.
 1573.   34.   34.   34.   34.   34. 1573. 1573. 2196. 2196. 2196. 1573.
   34.   34. 
 34. 34. 34. 34. 34. 34. 34. 34. 34. 34. 34. 34. 34. 34. 34. 34. 34. 34.
 34. 34. 34. 34. 34. 34. 34. 34. 
   34.   34.   34.   34.   34.   34.   34.   34.   34.   34.   34.   34.
   34.   34.   34.   34.   34.   34.   34.   34. 1573. 1573. 2196. 2196.
 1573. 1573. 
   34.   34.   34.   34.   34. 1573. 2196. 2196. 2196. 1573.   34.   34.
   34.   34.   34.   34.   34.   34.   34.   34.   34.   34.   34.   34.
   34.   34. 
 34. 34. 34. 34. 34. 34. 34. 34. 34. 34. 34. 34. 34. 34. 34. 34. 34. 34.
 34. 34. 34. 34. 34. 34. 34. 34. 
   34.   34.   34.   34.   34.   34. 1573. 1573. 2196. 2196. 1573. 1573.
   34.   34.   34.   34.   34. 1573. 1573. 2196. 2196. 1573.   34.   34.
   34.   34. 
 34. 34. 34. 34. 34. 34. 34. 34. 34. 34. 34. 34. 34. 34. 34. 34. 34. 34.
 34. 34. 34. 34. 34. 34. 34. 34. 
   34.   34.   34.   34.   34.   34.   34.   34.   34.   34.   34.   34.
   34.   34.   34.   34.   34. 1573. 1573. 1573. 2196. 2196. 1573. 1573.
   34.   34. 
   34.   34.   34.   34. 1573. 2196. 2196. 1573.   34.   34.   34.   34.
   34.   34.   34.   34.   34.   34.   34.   34.   34.   34.   34.   34.
   34.   34. 
 34. 34. 34. 34. 34. 34. 34. 34. 34. 34. 34. 34. 34. 34. 34. 34. 34. 34.
 34. 34. 34. 34. 34. 34. 34. 34. 
   34.   34. 1573. 1573. 1573. 2196. 2196. 2196. 1573.   34.   34.   34.
   34.   34.   34. 1573. 1573. 2196. 2196. 1573.   34.   34.   34.   34.
   34.   34. 
 34. 34. 34. 34. 34. 34. 34. 34. 34. 34. 34. 34. 34. 34. 34. 34. 34. 34.
 34. 34. 34. 34. 34. 34. 34. 34. 
   34.   34.   34.   34.   34.   34.   34.   34.   34.   34.   34.   34.
   34.   34. 1573. 1573. 2196. 2196. 2196. 1573.   34.   34.   34.   34.
   34. 1573. 
 1573. 1573. 1573. 2196. 2196. 1573.   34.   34.   34.   34.   34.   34.
   34.   34.   34.   34.   34.   34.   34.   34.   34.   34.   34.   34.
   34.   34. 
 34. 34. 34. 34. 34. 34. 34. 34. 34. 34. 34. 34. 34. 34. 34. 34. 34. 34.
 34. 34. 34. 34. 34. 34. 34. 34. 
 1573. 2196. 2196. 2196. 1573.   34.   34.   34.   34.   34. 1573. 1573.
 2196. 2196. 2196. 2196. 2196. 1573.   34.   34.   34.   34.   34.   34.
   34.   34. 
 34. 34. 34. 34. 34. 34. 34. 34. 34. 34. 34. 34. 34. 34. 34. 34. 34. 34.
 34. 34. 34. 34. 34. 34. 34. 34. 
   34.   34.   34.   34.   34.   34.   34.   34.   34.   34.   34.   34.
 1573. 2196. 2196. 1573. 1573.   34.   34.   34.   34. 1573. 1573. 2196.
 2196. 2196. 
 2196. 1573. 1573. 1573.   34.   34.   34.   34.   34.   34.   34.   34.
   34.   34.   34.   34.   34.   34.   34.   34.   34.   34.   34.   34.
   34.   34. 
   34.   34.   34.   34.   34.   34.   34.   34.   34.   34.   34.   34.
   34.   34.   34.   34.   34.   34.   34.   34.   34.   34.   34.   34.
 1573. 2196. 
 2196. 1573. 1573. 1573.   34.   34. 1573. 1573. 2196. 2196. 2196. 1573.
 1573. 1573. 1573.   34.   34.   34.   34.   34.   34.   34.   34.   34.
   34.   34. 
 34. 34. 34. 34. 34. 34. 34. 34. 34. 34. 34. 34. 34. 34. 34. 34. 34. 34.
 34. 34. 34. 34. 34. 34. 34. 34. 
   34.   34.   34.   34.   34.   34.   34.   34.   34. 1573. 2196. 2196.
 2196. 1573. 2196. 1573.   34.   34. 1573. 1573. 2196. 2196. 1573. 1573.
 1573.   34. 
 34. 34. 34. 34. 34. 34. 34. 34. 34. 34. 34. 34. 34. 34. 34. 34. 34. 34.
 34. 34. 34. 34. 34. 34. 34. 34. 
   34.   34.   34.   34.   34.   34.   34.   34.   34.   34.   34.   34.
   34.   34.   34.   34.   34.   34.   34.   34.   34. 1573. 1573. 2196.
 2196. 1573. 
 1573. 2196. 1573.   34.   34. 1573. 2196. 2196. 1573. 1573.   34.   34.
   34.   34. 
/