PERMI
   16.   16.   16.   16.   16.   16. 1354. 1354. 1954. 1954. 1354. 1354.
   16.   16.   16.   16.   16.   16.   16.   16.   16.   16.   16.   16.
   16.   16. 
 16. 16. 16. 16. 16. 16. 16. 16. 16. 16. 16. 16. 16. 16. 16. 16. 16. 16.
 16. 16. 16. 16. 16. 16. 16. 16. 
   16.   16.   16.   16.   16.   16.   16. 1354. 1354. 1954. 1954. 1954.
   16.   16.   16.   16.   16.   16. 1354. 1354. 1954. 1954. 1954. 1354.
 1354.   16. 
 16. 16. 16. 16. 16. 16. 16. 16. 16. 16. 16. 16. 16. 16. 16. 16. 16. 16.
 16. 16. 16. 16. 16. 16. 16. 16. 
   16.   16.   16.   16.   16.   16.   16.   16.   16.   16.   16.   16.
   16.   16.   16.   16.   16.   16. 1354. 1354. 1954. 1954. 1954. 1354.
   16.   16. 
   16.   16.   16.   16. 1354. 1354. 1954. 1954. 1954. 1354. 1354. 1354.
   16.   16.   16.   16.   16.   16.   16.   16.   16.   16.   16.   16.
   16.   16. 
 16. 16. 16. 16. 16. 16. 16. 16. 16. 16. 16. 16. 16. 16. 16. 16. 16. 16.
 16. 16. 16. 16. 16. 16. 16. 16. 
   16.   16.   16. 1354. 1354. 1954. 1954. 1954. 1354. 1354.   16.   16.
   16.   16.   16.   16.   16. 1354. 1354. 1954. 1954. 1954. 1954. 1354.
 1354.   16. 
 16. 16. 16. 16. 16. 16. 16. 16. 16. 16. 16. 16. 16. 16. 16. 16. 16. 16.
 16. 16. 16. 16. 16. 16. 16. 16. 
   16.   16.   16.   16.   16.   16.   16.   16.   16.   16.   16.   16.
   16.   16.   16. 1354. 1354. 1954. 1954. 1954. 1354. 1354.   16.   16.
   16.   16. 
   16.   16.   16. 1354. 1354. 1354. 1954. 1954. 1954. 1954. 1354. 1354.
   16.   16.   16.   16.   16.   16.   16.   16.   16.   16.   16.   16.
   16.   16. 
 16. 16. 16. 16. 16. 16. 16. 16. 16. 16. 16. 16. 16. 16. 16. 16. 16. 16.
 16. 16. 16. 16. 16. 16. 16. 16. 
 1354. 1354. 1954. 1954. 1954. 1354. 1354.   16. 1354. 1354.   16.   16.
   16.   16.   16.   16. 1354. 1354. 1354. 1954. 1954. 1954. 1354. 1354.
   16.   16. 
 16. 16. 16. 16. 16. 16. 16. 16. 16. 16. 16. 16. 16. 16. 16. 16. 16. 16.
 16. 16. 16. 16. 16. 16. 16. 16. 
   16.   16.   16.   16.   16.   16.   16.   16.   16.   16.   16.   16.
 1354. 1954. 1954. 1954. 1954. 1354.   16.   16. 1354. 1354. 1354. 1354.
   16.   16. 
   16.   16.   16. 1354. 1354. 1354. 1954. 1954. 1954. 1354. 1354.   16.
   16.   16.   16.   16.   16.   16.   16.   16.   16.   16.   16.   16.
   16.   16. 
   16.   16.   16.   16.   16.   16.   16.   16.   16.   16.   16.   16.
   16.   16.   16.   16.   16.   16.   16.   16.   16.   16.   16.   16.
 1354. 1954. 
 1954. 1954. 1354. 1354.   16.   16. 1954. 1954. 1354. 1354. 1354.   16.
   16.   16.   16.   16.   16. 1354. 1354. 1954. 1954. 1954. 1354. 1354.
   16.   16. 
 16. 16. 16. 16. 16. 16. 16. 16. 16. 16. 16. 16. 16. 16. 16. 16. 16. 16.
 16. 16. 16. 16. 16. 16. 16. 16. 
   16.   16.   16.   16.   16.   16.   16.   16.   16.   16. 1354. 1954.
 1954. 1954. 1354. 1354. 1354.   16. 1954. 1954. 1954. 1954. 1354. 1354.
   16.   16. 
   16.   16.   16. 1354. 1354. 1954. 1954. 1954. 1354. 1354.   16.   16.
   16.   16.   16.   16.   16.   16.   16.   16.   16.   16.   16.   16.
   16.   16. 
   16.   16.   16.   16.   16.   16.   16.   16.   16.   16.   16.   16.
   16.   16.   16.   16.   16.   16.   16.   16.   16.   16. 1354. 1954.
 1954. 1954. 
 1954. 1354. 1354. 1354. 1354. 1954. 1954. 1954. 1354. 1354. 1354.   16.
   16.   16.   16. 1354. 1354. 1954. 1954. 1954. 1354. 1354.   16.   16.
   16.   16. 
 16. 16. 16. 16. 16. 16. 16. 16. 16. 16. 16. 16. 16. 16. 16. 16. 16. 16.
 16. 16. 16. 16. 16. 16. 16. 16. 
   16.   16.   16.   16.   16.   16.   16.   16. 1354. 1354. 1954. 1954.
 1954. 1954. 1954. 1954. 1354. 1354. 1954. 1954. 1954. 1354. 1354.   16.
   16.   16. 
   16. 1354. 1354. 1954. 1954. 1954. 1354.   16.   16.   16.   16.   16.
   16.   16.   16.   16.   16.   16.   16.   16.   16.   16.   16.   16.
   16.   16. 
   16.   16.   16.   16.   16.   16.   16.   16.   16.   16.   16.   16.
   16.   16.   16.   16.   16.   16.   16.   16.   16. 1354. 1354. 1954.
 1954. 1954. 
 1954. 1954. 1354. 1354. 1354. 1954. 1954. 1954. 1354. 1354.   16.   16.
   16. 1354. 1354. 1954. 1954. 1354. 1354.   16.   16.   16.   16.   16.
   16.   16. 
 16. 16. 16. 16. 16. 16. 16. 16. 16. 16. 16. 16. 16. 16. 16. 16. 16. 16.
 16. 16. 16. 16. 16. 16. 16. 16. 
   16.   16.   16.   16.   16.   16.   16.   16. 1354. 1354. 1354. 1954.
 1954. 1954.   16. 1354. 1354. 1954. 1954. 1954. 1354. 1354.   16.   16.
   16. 1354. 
 1954. 1954. 1954. 1354. 1354.   16.   16.   16.   16.   16.   16.   16.
   16.   16.   16.   16.   16.   16.   16.   16.   16.   16.   16.   16.
   16.   16. 
   16.   16.   16.   16.   16.   16.   16.   16.   16.   16.   16.   16.
   16.   16.   16.   16.   16.   16.   16.   16.   16. 1354. 1354. 1354.
 1354. 1354. 
   16.   16. 1354. 1354. 1954. 1954. 1354. 1354.   16.   16. 1354. 1354.
 1954. 1954. 1954. 1354.   16.   16.   16.   16.   16.   16.   16.   16.
   16.   16. 
 16. 16. 16. 16. 16. 16. 16. 16. 16. 16. 16. 16. 16. 16. 16. 16. 16. 16.
 16. 16. 16. 16. 16. 16. 16. 16. 
   16.   16.   16.   16.   16.   16.   16.   16.   16.   16. 1354. 1354.
   16.   16. 1354. 1354. 1954. 1954. 1354. 1354.   16.   16. 1354. 1354.
 1954. 1954. 
 1354. 1354.   16.   16.   16.   16.   16.   16.   16.   16.   16.   16.
   16.   16.   16.   16.   16.   16.   16.   16.   16.   16.   16.   16.
   16.   16. 
   16.   16.   16.   16.   16.   16.   16.   16.   16.   16.   16.   16.
   16.   16.   16.   16.   16.   16.   16.   16.   16. 1354. 1354. 1954.
   16. 1354. 
 1354. 1954. 1954. 1954. 1354. 1354.   16. 1354. 1354. 1954. 1954. 1954.
 1354. 1354.   16.   16.   16.   16.   16.   16.   16.   16.   16.   16.
   16.   16. 
 16. 16. 16. 16. 16. 16. 16. 16. 16. 16. 16. 16. 16. 16. 16. 16. 16. 16.
 16. 16. 16. 16. 16. 16. 16. 16. 
   16.   16.   16.   16.   16.   16. 1354. 1354. 1954. 1954. 1354. 1354.
 1354. 1954. 1954. 1354. 1354.   16.   16. 1354. 1354. 1954. 1954. 1954.
 1354. 1354. 
 16. 16. 16. 16. 16. 16. 16. 16. 16. 16. 16. 16. 16. 16. 16. 16. 16. 16.
 16. 16. 16. 16. 16. 16. 16. 16. 
   16.   16.   16.   16.   16.   16.   16.   16.   16.   16.   16.   16.
   16.   16.   16.   16.   16. 1354. 1354. 1954. 1954. 1954. 1354. 1354.
 1954. 1954. 
 1954. 1354. 1354.   16.   16. 1354. 1354. 1954. 1954. 1354. 1354.   16.
   16.   16.   16.   16.   16.   16.   16.   16.   16.   16.   16.   16.
   16.   16. 
 16. 16. 16. 16. 16. 16. 16. 16. 16. 16. 16. 16. 16. 16. 16. 16. 16. 16.
 16. 16. 16. 16. 16. 16. 16. 16. 
   16.   16.   16. 1354. 1954. 1954. 1954. 1354. 1354. 1954. 1954. 1954.
 1354. 1354. 1354.   16.   16. 1354. 1954. 1954. 1954. 1354. 1354.   16.
   16.   16. 
 16. 16. 16. 16. 16. 16. 16. 16. 16. 16. 16. 16. 16. 16. 16. 16. 16. 16.
 16. 16. 16. 16. 16. 16. 16. 16. 
   16.   16.   16.   16.   16.   16.   16.   16.   16.   16.   16.   16.
   16.   16. 1354. 1354. 1954. 1954. 1954. 1354. 1354. 1954. 1954. 1954.
 1354. 1354. 
   16.   16.   16. 1354. 1954. 1954. 1954. 1354. 1354.   16.   16.   16.
   16.   16.   16.   16.   16.   16.   16.   16.   16.   16.   16.   16.
   16.   16. 
 16. 16. 16. 16. 16. 16. 16. 16. 16. 16. 16. 16. 16. 16. 16. 16. 16. 16.
 16. 16. 16. 16. 16. 16. 16. 16. 
 1354. 1954. 1954. 1954. 1354. 1354. 1954. 1954. 1954. 1354. 1354.   16.
   16.   16.   16. 1354. 1354. 1954. 1954. 1954. 1354. 1354. 1354. 1354.
   16.   16. 
 16. 16. 16. 16. 16. 16. 16. 16. 16. 16. 16. 16. 16. 16. 16. 16. 16. 16.
 16. 16. 16. 16. 16. 16. 16. 16. 
   16.   16.   16.   16.   16.   16.   16.   16.   16.   16.   16.   16.
 1354. 1954. 1954. 1954. 1354. 1354. 1954. 1954. 1354. 1354. 1354.   16.
   16.   16. 
   16. 1354. 1354. 1954. 1954. 1954. 1954. 1354. 1354. 1354. 1354. 1354.
   16.   16.   16.   16.   16.   16.   16.   16.   16.   16.   16.   16.
   16.   16. 
   16.   16.   16.   16.   16.   16.   16.   16.   16.   16.   16.   16.
   16.   16.   16.   16.   16.   16.   16.   16.   16.   16.   16.   16.
 1354. 1954. 
 1954. 1954. 1354. 1354. 1954. 1954. 1354. 1354.   16.   16.   16.   16.
   16.   16. 1354. 1354. 1954. 1954. 1954. 1954. 1954. 1954. 1354. 1354.
 1354.   16. 
 16. 16. 16. 16. 16. 16. 16. 16. 16. 16. 16. 16. 16. 16. 16. 16. 16. 16.
 16. 16. 16. 16. 16. 16. 16. 16. 
   16.   16.   16.   16.   16.   16.   16.   16.   16.   16. 1354. 1954.
 1954. 1954. 1354. 1354. 1954. 1354. 1354. 1354.   16.   16.   16.   16.
   16.   16. 
 1354. 1354. 1354. 1954. 1954. 1954. 1954. 1954. 1954. 1354. 1354. 1354.
   16.   16.   16.   16.   16.   16.   16.   16.   16.   16.   16.   16.
   16.   16. 
   16.   16.   16.   16.   16.   16.   16.   16.   16.   16.   16.   16.
   16.   16.   16.   16.   16.   16.   16.   16.   16.   16. 1354. 1954.
 1954. 1954. 
 1354. 1354. 1954. 1954. 1354. 1354. 1354. 1354. 1354. 1354.   16.   16.
   16. 1354. 1354. 1354. 1954. 1954. 1954. 1954. 1954. 1954. 1354. 1354.
   16.   16. 
 16. 16. 16. 16. 16. 16. 16. 16. 16. 16. 16. 16. 16. 16. 16. 16. 16. 16.
 16. 16. 16. 16. 16. 16. 16. 16. 
   16.   16.   16.   16.   16.   16.   16.   16. 1354. 1354. 1954. 1954.
 1354. 1354. 1954. 1954. 1954. 1354. 1354. 1354. 1354. 1354. 1354.   16.
   16.   16. 
 1354. 1354. 1354. 1354. 1354. 1954. 1954. 1954. 1354. 1354.   16.   16.
   16.   16.   16.   16.   16.   16.   16.   16.   16.   16.   16.   16.
   16.   16. 
   16.   16.   16.   16.   16.   16.   16.   16.   16.   16.   16.   16.
   16.   16.   16.   16.   16.   16.   16.   16. 1354. 1354. 1954. 1954.
 1954. 1354. 
 1954. 1954. 1954. 1954. 1954. 1954. 1954. 1954. 1354. 1354.   16.   16.
   16.   16. 1354. 1354. 1354. 1954. 1954. 1954. 1954. 1354. 1354.   16.
   16.   16. 
 16. 16. 16. 16. 16. 16. 16. 16. 16. 16. 16. 16. 16. 16. 16. 16. 16. 16.
 16. 16. 16. 16. 16. 16. 16. 16. 
   16.   16.   16.   16.   16.   16. 1354. 1354. 1954. 1954. 1954. 1954.
 1354. 1954. 1954. 1954. 1954. 1954. 1954. 1954. 1354. 1354.   16.   16.
   16.   16. 
   16.   16. 1354. 1354. 1954. 1954. 1954. 1354. 1354.   16.   16.   16.
   16.   16.   16.   16.   16.   16.   16.   16.   16.   16.   16.   16.
   16.   16. 
   16.   16.   16.   16.   16.   16.   16.   16.   16.   16.   16.   16.
   16.   16.   16.   16.   16.   16.   16. 1354. 1354. 1954. 1954. 1954.
 1354. 1354. 
 1354. 1954. 1954. 1954. 1954. 1954. 1954. 1354. 1354.   16.   16.   16.
   16.   16. 1354. 1354. 1954. 1954. 1954. 1354. 1354.   16.   16.   16.
   16.   16. 
 16. 16. 16. 16. 16. 16. 16. 16. 16. 16. 16. 16. 16. 16. 16. 16. 16. 16.
 16. 16. 16. 16. 16. 16. 16. 16. 
   16.   16.   16.   16.   16.   16. 1354. 1354. 1354. 1354. 1354. 1354.
 1354. 1354. 1354. 1354. 1954. 1954. 1954. 1354. 1354.   16.   16.   16.
   16.   16. 
   16. 1354. 1354. 1954. 1954. 1354. 1354.   16.   16.   16.   16.   16.
   16.   16.   16.   16.   16.   16.   16.   16.   16.   16.   16.   16.
   16.   16. 
   16.   16.   16.   16.   16.   16.   16.   16.   16.   16.   16.   16.
   16.   16.   16.   16.   16.   16.   16. 1354. 1354. 1354.   16.   16.
   16. 1354. 
 1354. 1354. 1354. 1954. 1954. 1954. 1354.   16.   16.   16.   16.   16.
   16. 1354. 1354. 1954. 1954. 1354. 1354.   16.   16.   16.   16.   16.
   16.   16. 
 16. 16. 16. 16. 16. 16. 16. 16. 16. 16. 16. 16. 16. 16. 16. 16. 16. 16.
 16. 16. 16. 16. 16. 16. 16. 16. 
   16.   16.   16.   16.   16.   16.   16.   16.   16.   16.   16.   16.
   16. 1354. 1354. 1954. 1954. 1954. 1354.   16.   16.   16.   16.   16.
   16. 1354. 
 1354. 1954. 1954. 1354. 1354.   16.   16.   16.   16.   16.   16.   16.
   16.   16.   16.   16.   16.   16.   16.   16.   16.   16.   16.   16.
   16.   16. 
   16.   16.   16.   16.   16.   16.   16.   16.   16.   16.   16.   16.
   16.   16.   16.   16.   16.   16.   16.   16.   16.   16.   16.   16.
   16. 1354. 
 1954. 1954. 1954. 1354. 1354.   16.   16.   16.   16.   16.   16. 1354.
 1354. 1954. 1954. 1354. 1354.   16.   16.   16.   16.   16.   16.   16.
   16.   16. 
 16. 16. 16. 16. 16. 16. 16. 16. 16. 16. 16. 16. 16. 16. 16. 16. 16. 16.
 16. 16. 16. 16. 16. 16. 16. 16. 
   16.   16.   16.   16.   16.   16.   16.   16.   16.   16. 1354. 1354.
 1954. 1954. 1954. 1354. 1354.   16.   16.   16.   16.   16. 1354. 1354.
 1954. 1954. 
 1954. 1354. 1354.   16.   16.   16.   16.   16.   16.   16.   16.   16.
   16.   16.   16.   16.   16.   16.   16.   16.   16.   16.   16.   16.
   16.   16. 
   16.   16.   16.   16.   16.   16.   16.   16.   16.   16.   16.   16.
   16.   16.   16.   16.   16.   16.   16.   16.   16.   16. 1354. 1354.
 1954. 1954. 
 1954. 1354.   16.   16.   16.   16.   16.   16. 1354. 1354. 1954. 1954.
 1954. 1354. 1354.   16.   16.   16.   16.   16.   16.   16.   16.   16.
   16.   16. 
 16. 16. 16. 16. 16. 16. 16. 16. 16. 16. 16. 16. 16. 16. 16. 16. 16. 16.
 16. 16. 16. 16. 16. 16. 16. 16. 
   16.   16.   16.   16.   16.   16.   16.   16. 1354. 1954. 1954. 1954.
 1354. 1354.   16.   16.   16.   16.   16. 1354. 1354. 1954. 1954. 1954.
 1354. 1354. 
 16. 16. 16. 16. 16. 16. 16. 16. 16. 16. 16. 16. 16. 16. 16. 16. 16. 16.
 16. 16. 16. 16. 16. 16. 16. 16. 
   16.   16.   16.   16.   16.   16.   16.   16.   16.   16.   16.   16.
   16.   16.   16.   16.   16.   16.   16. 1354. 1354. 1954. 1954. 1954.
 1354.   16. 
   16.   16.   16.   16.   16. 1354. 1354. 1954. 1954. 1954. 1354. 1354.
   16.   16.   16.   16.   16.   16.   16.   16.   16.   16.   16.   16.
   16.   16. 
 16. 16. 16. 16. 16. 16. 16. 16. 16. 16. 16. 16. 16. 16. 16. 16. 16. 16.
 16. 16. 16. 16. 16. 16. 16. 16. 
   16.   16.   16.   16.   16. 1354. 1954. 1954. 1954. 1354. 1354.   16.
   16.   16.   16.   16.   16. 1354. 1354. 1954. 1954. 1954. 1354. 1354.
   16.   16. 
 16. 16. 16. 16. 16. 16. 16. 16. 16. 16. 16. 16. 16. 16. 16. 16. 16. 16.
 16. 16. 16. 16. 16. 16. 16. 16. 
   16.   16.   16.   16.   16.   16.   16.   16.   16.   16.   16.   16.
   16.   16.   16.   16. 1354. 1354. 1954. 1954. 1954. 1354. 1354.   16.
   16.   16. 
   16.   16.   16. 1354. 1354. 1954. 1954. 1954. 1354. 1354. 1354. 1354.
 1354.   16.   16.   16.   16.   16.   16.   16.   16.   16.   16.   16.
   16.   16. 
 16. 16. 16. 16. 16. 16. 16. 16. 16. 16. 16. 16. 16. 16. 16. 16. 16. 16.
 16. 16. 16. 16. 16. 16. 16. 16. 
   16.   16. 1354. 1954. 1954. 1954. 1354. 1354.   16.   16.   16.   16.
   16.   16.   16.   16. 1354. 1354. 1954. 1954. 1954. 1954. 1354. 1354.
 1354. 1354. 
 1354. 1354. 1354. 1354. 1354.   16.   16.   16.   16.   16.   16.   16.
   16.   16.   16.   16.   16.   16.   16.   16.   16.   16.   16.   16.
   16.   16. 
   16.   16.   16.   16.   16.   16.   16.   16.   16.   16.   16.   16.
   16.   16. 1354. 1954. 1954. 1954. 1354.   16.   16.   16.   16.   16.
   16.   16. 
   16.   16. 1354. 1354. 1354. 1954. 1954. 1954. 1954. 1954. 1954. 1954.
 1354. 1354. 1354. 1354. 1354. 1354.   16.   16.   16.   16.   16.   16.
   16.   16. 
 16. 16. 16. 16. 16. 16. 16. 16. 16. 16. 16. 16. 16. 16. 16. 16. 16. 16.
 16. 16. 16. 16. 16. 16. 16. 16. 
 1354. 1954. 1954. 1954. 1354.   16.   16.   16.   16.   16.   16.   16.
   16.   16.   16. 1354. 1354. 1354. 1954. 1954. 1954. 1954. 1954. 1954.
 1954. 1954. 
 1954. 1954. 1954. 1354. 1354.   16.   16.   16.   16.   16.   16.   16.
   16.   16.   16.   16.   16.   16.   16.   16.   16.   16.   16.   16.
   16.   16. 
   16.   16.   16.   16.   16.   16.   16.   16.   16.   16.   16.   16.
 1354. 1954. 1954. 1954. 1354. 1354.   16.   16.   16.   16.   16.   16.
   16.   16. 
   16.   16. 1354. 1354. 1354. 1954. 1954. 1954. 1954. 1954. 1954. 1954.
 1954. 1954. 1954. 1954. 1354. 1354.   16.   16.   16.   16.   16.   16.
   16.   16. 
   16.   16.   16.   16.   16.   16.   16.   16.   16.   16.   16.   16.
   16.   16.   16.   16.   16.   16.   16.   16.   16.   16.   16.   16.
 1354. 1954. 
 1954. 1954. 1954. 1354. 1354.   16.   16.   16.   16.   16.   16.   16.
   16.   16.   16. 1354. 1354. 1354. 1354. 1354. 1354. 1954. 1954. 1954.
 1954. 1954. 
 1954. 1954. 1954. 1354. 1354.   16.   16.   16.   16.   16.   16.   16.
   16.   16.   16.   16.   16.   16.   16.   16.   16.   16.   16.   16.
   16.   16. 
   16.   16.   16.   16.   16.   16.   16.   16.   16.   16. 1354. 1354.
 1954. 1954. 1954. 1354. 1354.   16.   16.   16.   16.   16.   16.   16.
   16.   16. 
   16.   16.   16. 1354. 1354. 1354. 1354. 1354. 1354. 1354. 1354. 1954.
 1954. 1954. 1954. 1354. 1354.   16.   16.   16.   16.   16.   16.   16.
   16.   16. 
   16.   16.   16.   16.   16.   16.   16.   16.   16.   16.   16.   16.
   16.   16.   16.   16.   16.   16.   16.   16.   16.   16.   16. 1354.
 1354. 1954. 
 1954. 1954. 1354. 1354.   16.   16.   16.   16.   16.   16.   16.   16.
   16.   16.   16.   16.   16.   16.   16. 1354. 1354. 1354. 1354. 1354.
 1954. 1954. 
 1954. 1354. 1354.   16.   16.   16.   16.   16.   16.   16.   16.   16.
   16.   16.   16.   16.   16.   16.   16.   16.   16.   16.   16.   16.
   16.   16. 
   16.   16.   16.   16.   16.   16.   16.   16.   16. 1354. 1354. 1354.
 1954. 1954. 1954. 1354.   16.   16.   16.   16.   16.   16.   16.   16.
   16.   16. 
   16.   16.   16.   16.   16.   16.   16.   16.   16. 1354. 1954. 1954.
 1954. 1954. 1354.   16.   16.   16.   16.   16.   16.   16.   16.   16.
   16.   16. 
   16.   16.   16.   16.   16.   16.   16.   16.   16.   16.   16.   16.
   16.   16.   16.   16.   16.   16.   16.   16.   16.   16. 1354. 1354.
 1954. 1954. 
 1954. 1354. 1354.   16.   16.   16.   16.   16.   16.   16.   16.   16.
   16.   16.   16.   16.   16.   16.   16.   16.   16. 1354. 1954. 1954.
 1954. 1354. 
 1354.   16.   16.   16.   16.   16.   16.   16.   16.   16.   16.   16.
   16.   16.   16.   16.   16.   16.   16.   16.   16.   16.   16.   16.
   16.   16. 
   16.   16.   16.   16.   16.   16.   16.   16.   16. 1354. 1354. 1954.
 1954. 1954. 1354.   16.   16.   16.   16.   16.   16.   16.   16.   16.
   16.   16. 
   16.   16.   16.   16.   16.   16. 1354. 1354. 1954. 1954. 1954. 1354.
 1354.   16.   16.   16.   16.   16.   16.   16.   16.   16.   16.   16.
   16.   16. 
   16.   16.   16.   16.   16.   16.   16.   16.   16.   16.   16.   16.
   16.   16.   16.   16.   16.   16.   16.   16.   16.   16. 1354. 1954.
 1954. 1954. 
 1354. 1354.   16.   16.   16.   16.   16.   16.   16.   16.   16.   16.
   16.   16.   16.   16.   16.   16. 1354. 1354. 1954. 1954. 1954. 1354.
 1354.   16. 
 16. 16. 16. 16. 16. 16. 16. 16. 16. 16. 16. 16. 16. 16. 16. 16. 16. 16.
 16. 16. 16. 16. 16. 16. 16. 16. 
   16.   16.   16.   16.   16.   16.   16. 1354. 1354. 1954. 1954. 1954.
 1354. 1354.   16.   16.   16.   16.   16.   16.   16.   16.   16.   16.
   16.   16. 
   16.   16.   16.   16. 1354. 1354. 1954. 1954. 1954. 1354. 1354.   16.
   16.   16.   16.   16.   16.   16.   16.   16.   16.   16.   16.   16.
   16.   16. 
   16.   16.   16.   16.   16.   16.   16.   16.   16.   16.   16.   16.
   16.   16.   16.   16.   16.   16. 1354. 1354. 1354. 1954. 1954. 1954.
 1354.   16. 
   16.   16.   16.   16.   16.   16.   16.   16.   16.   16.   16.   16.
   16.   16.   16.   16. 1354. 1354. 1954. 1954. 1954. 1354.   16.   16.
   16.   16. 
 16. 16. 16. 16. 16. 16. 16. 16. 16. 16. 16. 16. 16. 16. 16. 16. 16. 16.
 16. 16. 16. 16. 16. 16. 16. 16. 
   16.   16.   16. 1354. 1354. 1354. 1954. 1954. 1954. 1354. 1354.   16.
   16.   16.   16.   16.   16.   16.   16.   16.   16.   16.   16.   16.
   16.   16. 
   16.   16. 1354. 1354. 1954. 1954. 1954. 1354.   16.   16.   16.   16.
   16.   16.   16.   16.   16.   16.   16.   16.   16.   16.   16.   16.
   16.   16. 
   16.   16.   16.   16.   16.   16.   16.   16.   16.   16.   16.   16.
   16.   16. 1354. 1354. 1954. 1954. 1954. 1954. 1354. 1354.   16.   16.
   16.   16. 
   16.   16.   16.   16.   16.   16.   16.   16.   16.   16.   16.   16.
   16.   16. 1354. 1354. 1954. 1954. 1954. 1354. 1354.   16.   16.   16.
   16.   16. 
   16.   16.   16.   16.   16.   16.   16.   16.   16.   16.   16.   16.
   16.   16.   16.   16.   16.   16.   16.   16.   16.   16.   16.   16.
   16. 1354. 
 1354. 1954. 1954. 1954. 1954. 1354. 1354. 1354.   16.   16.   16.   16.
   16.   16.   16.   16.   16.   16.   16.   16.   16.   16.   16.   16.
   16.   16. 
 1354. 1354. 1954. 1954. 1954. 1354. 1354. 1354.   16.   16.   16.   16.
   16.   16.   16.   16.   16.   16.   16.   16.   16.   16.   16.   16.
   16.   16. 
   16.   16.   16.   16.   16.   16.   16.   16.   16.   16.   16. 1354.
 1354. 1954. 1954. 1954. 1354. 1354.   16.   16.   16.   16.   16.   16.
   16.   16. 
   16.   16.   16.   16.   16.   16.   16.   16.   16.   16.   16.   16.
   16. 1354. 1354. 1954. 1954. 1954. 1354. 1354. 1354.   16.   16.   16.
   16.   16. 
   16.   16.   16.   16.   16.   16.   16.   16.   16.   16.   16.   16.
   16.   16.   16.   16.   16.   16.   16.   16.   16.   16.   16. 1354.
 1354. 1954. 
 1954. 1354. 1354.   16.   16.   16.   16.   16.   16.   16.   16.   16.
   16.   16.   16.   16.   16.   16.   16.   16.   16.   16.   16.   16.
   16. 1354. 
 1354. 1954. 1954. 1954. 1954. 1354. 1354. 1354. 1354.   16.   16.   16.
   16.   16.   16.   16.   16.   16.   16.   16.   16.   16.   16.   16.
   16.   16. 
   16.   16.   16.   16.   16.   16.   16.   16.   16. 1354. 1354. 1954.
 1954. 1354. 1354. 1354. 1354.   16.   16.   16.   16.   16.   16.   16.
   16.   16. 
   16.   16.   16.   16.   16.   16.   16.   16.   16.   16.   16.   16.
 1354. 1354. 1954. 1954. 1954. 1954. 1954. 1354. 1354. 1354.   16.   16.
   16.   16. 
   16.   16.   16.   16.   16.   16.   16.   16.   16.   16.   16.   16.
   16.   16.   16.   16.   16.   16.   16.   16.   16. 1354. 1354. 1954.
 1954. 1954. 
 1954. 1354. 1354. 1354. 1354.   16.   16.   16.   16.   16.   16.   16.
   16.   16.   16.   16.   16.   16.   16.   16.   16.   16.   16.   16.
   16. 1354. 
 1354. 1354. 1954. 1954. 1954. 1954. 1954. 1354. 1354.   16.   16.   16.
   16.   16.   16.   16.   16.   16.   16.   16.   16.   16.   16.   16.
   16.   16. 
   16.   16.   16.   16.   16.   16.   16.   16. 1354. 1354. 1954. 1954.
 1954. 1954. 1954. 1354. 1354. 1354. 1354.   16.   16.   16.   16.   16.
   16.   16. 
   16.   16.   16.   16.   16.   16.   16.   16.   16.   16.   16.   16.
 1354. 1354. 1354. 1954. 1954. 1954. 1954. 1954. 1354. 1354.   16.   16.
   16.   16. 
   16.   16.   16.   16.   16.   16.   16.   16.   16.   16.   16.   16.
   16.   16.   16.   16.   16.   16.   16.   16. 1354. 1354. 1354. 1954.
 1954. 1954. 
 1954. 1954. 1354. 1354. 1354. 1354.   16.   16.   16.   16.   16.   16.
   16.   16.   16.   16.   16.   16.   16.   16.   16.   16.   16.   16.
   16.   16. 
 1354. 1354. 1354. 1954. 1954. 1954. 1954. 1354. 1354.   16.   16.   16.
   16.   16.   16.   16.   16.   16.   16.   16.   16.   16.   16.   16.
   16.   16. 
   16.   16.   16.   16.   16.   16.   16.   16. 1354. 1354. 1354. 1954.
 1954. 1954. 1954. 1954. 1354. 1354. 1354.   16.   16.   16.   16.   16.
   16.   16. 
   16.   16.   16.   16.   16.   16.   16.   16.   16.   16.   16.   16.
   16. 1354. 1354. 1354. 1954. 1954. 1954. 1954. 1354. 1354.   16.   16.
   16.   16. 
   16.   16.   16.   16.   16.   16.   16.   16.   16.   16.   16.   16.
   16.   16.   16.   16.   16.   16.   16.   16.   16. 1354. 1354. 1354.
 1954. 1954. 
 1954. 1954. 1954. 1354. 1354.   16.   16.   16.   16.   16.   16.   16.
   16.   16.   16.   16.   16.   16.   16.   16.   16.   16.   16.   16.
   16.   16. 
 1354. 1354. 1354. 1954. 1954. 1954. 1354. 1354. 1354.   16.   16.   16.
   16.   16.   16.   16.   16.   16.   16.   16.   16.   16.   16.   16.
   16.   16. 
   16.   16.   16.   16.   16.   16.   16.   16. 1354. 1354. 1354. 1354.
 1354. 1954. 1954. 1954. 1354. 1354.   16.   16.   16.   16.   16.   16.
   16.   16. 
   16.   16.   16.   16.   16.   16.   16.   16.   16.   16.   16.   16.
   16.   16. 1354. 1354. 1954. 1954. 1954. 1354. 1354.   16.   16.   16.
   16.   16. 
 16. 16. 16. 16. 16. 16. 16. 16. 16. 16. 16. 16. 16. 16. 
/