PERMI
 2352. 2352.   38.   38.   38.   38.   38.   38.   38.   38.   38.   38.
 2352. 2352. 3064. 3064. 3064. 2352. 2352. 2352. 2352. 3064. 3064. 3064.
 3064. 3064. 
 3064. 3064. 3064. 3064. 3064. 2352. 2352. 2352.   38.   38.   38.   38.
   38.   38.   38.   38.   38.   38.   38.   38.   38.   38.   38.   38.
   38.   38. 
   38.   38.   38.   38.   38.   38. 2352. 2352. 3064. 3064. 3064. 3064.
 3064. 2352. 2352. 2352. 2352. 2352.   38.   38.   38.   38.   38.   38.
 2352. 2352. 
 3064. 3064. 3064. 2352. 2352. 2352. 2352. 2352. 2352. 2352. 3064. 3064.
 3064. 3064. 3064. 3064. 3064. 3064. 2352. 2352.   38.   38.   38.   38.
   38.   38. 
   38.   38.   38.   38.   38.   38.   38.   38.   38.   38.   38.   38.
   38.   38.   38.   38.   38.   38. 2352. 2352. 3064. 3064. 3064. 3064.
 3064. 3064. 
 2352. 2352. 2352. 2352. 2352. 2352. 2352. 2352. 2352.   38. 2352. 2352.
 3064. 3064. 3064. 2352. 2352. 2352. 2352. 2352. 2352. 2352. 2352. 2352.
 2352. 2352. 
 2352. 3064. 3064. 3064. 2352. 2352.   38.   38.   38.   38.   38.   38.
   38.   38.   38.   38.   38.   38.   38.   38.   38.   38.   38.   38.
   38.   38. 
   38.   38.   38.   38. 2352. 2352. 3064. 3064. 3064. 2352. 3064. 3064.
 3064. 3064. 3064. 3064. 3064. 3064. 2352. 2352. 2352. 2352. 2352. 2352.
 3064. 3064. 
 3064. 3064. 2352. 2352. 3064. 3064. 2352. 2352. 2352. 2352. 2352. 2352.
 2352. 3064. 3064. 3064. 2352. 2352.   38.   38.   38.   38.   38.   38.
   38.   38. 
   38.   38.   38.   38.   38.   38.   38.   38.   38.   38.   38.   38.
   38.   38.   38.   38. 2352. 2352. 3064. 3064. 3064. 2352. 3064. 3064.
 3064. 3064. 
 3064. 3064. 3064. 3064. 3064. 3064. 3064. 3064. 2352. 2352. 3064. 3064.
 3064. 2352. 2352. 3064. 3064. 3064. 2352. 2352. 2352. 2352. 2352. 2352.
 3064. 3064. 
 3064. 2352. 2352. 2352.   38.   38.   38.   38.   38.   38.   38.   38.
   38.   38.   38.   38.   38.   38.   38.   38.   38.   38.   38.   38.
   38.   38. 
   38.   38. 2352. 2352. 2352. 3064. 3064. 3064. 2352. 2352. 2352. 3064.
 3064. 3064. 3064. 3064. 3064. 3064. 3064. 3064. 3064. 2352. 2352. 3064.
 3064. 2352. 
 3064. 3064. 3064. 3064. 2352. 2352. 2352. 2352. 2352. 3064. 3064. 3064.
 2352. 2352. 2352.   38.   38.   38.   38.   38.   38.   38.   38.   38.
   38.   38. 
   38.   38.   38.   38.   38.   38.   38.   38.   38.   38.   38.   38.
   38.   38. 2352. 2352. 2352. 3064. 3064. 3064. 2352. 2352. 2352. 2352.
 2352. 2352. 
 3064. 3064. 3064. 3064. 3064. 3064. 3064. 3064. 2352. 2352. 2352. 2352.
 3064. 3064. 3064. 2352. 2352. 2352. 2352. 2352. 3064. 3064. 3064. 2352.
 2352. 2352. 
 2352.   38.   38.   38.   38.   38.   38.   38.   38.   38.   38.   38.
   38.   38.   38.   38.   38.   38.   38.   38.   38.   38.   38.   38.
   38.   38. 
   38. 2352. 2352. 2352. 3064. 3064.   38.   38.   38.   38. 2352. 2352.
 2352. 2352. 2352. 2352. 2352. 3064. 3064. 3064. 2352. 2352. 2352. 3064.
 3064. 3064. 
 2352. 2352.   38. 2352. 2352. 3064. 3064. 3064. 2352. 2352. 2352.   38.
   38.   38.   38. 2352. 2352. 2352.   38.   38.   38.   38.   38.   38.
   38.   38. 
   38.   38.   38.   38.   38.   38.   38.   38.   38.   38.   38.   38.
   38. 2352. 2352. 2352. 2352. 3064.   38.   38.   38.   38.   38.   38.
   38.   38. 
   38. 2352. 2352. 3064. 3064. 3064. 2352. 2352. 2352. 3064. 3064. 3064.
 2352. 2352. 2352. 2352. 2352. 3064. 3064. 3064. 2352. 2352. 2352. 2352.
 2352. 2352. 
 2352. 2352. 2352. 2352. 2352. 2352. 2352. 2352.   38.   38.   38.   38.
   38.   38.   38.   38.   38.   38.   38.   38.   38.   38.   38.   38.
   38.   38. 
   38. 2352. 2352. 2352.   38.   38.   38.   38.   38.   38.   38.   38.
   38. 2352. 2352. 3064. 3064. 3064. 2352. 2352. 3064. 3064. 3064. 2352.
 2352. 2352. 
 2352. 2352. 3064. 3064. 3064. 2352. 2352. 2352. 2352. 2352. 2352. 2352.
 3064. 3064. 3064. 3064. 3064. 2352. 2352. 2352. 2352.   38.   38.   38.
   38.   38. 
   38.   38.   38.   38.   38.   38.   38.   38.   38.   38.   38.   38.
   38.   38. 2352. 2352.   38.   38.   38.   38.   38.   38.   38.   38.
   38. 2352. 
 3064. 3064. 3064. 3064. 2352. 2352. 3064. 3064. 3064. 3064. 3064. 3064.
 2352. 2352. 2352. 3064. 3064. 2352. 2352. 2352. 3064. 3064. 3064. 3064.
 3064. 3064. 
 3064. 3064. 3064. 3064. 3064. 2352. 2352.   38.   38.   38.   38.   38.
   38.   38.   38.   38.   38.   38.   38.   38.   38.   38.   38.   38.
   38.   38. 
   38.   38.   38.   38.   38.   38.   38.   38.   38.   38.   38. 2352.
 3064. 3064. 3064. 3064. 2352. 2352. 2352. 3064. 3064. 3064. 3064. 3064.
 3064. 2352. 
 2352. 3064. 3064. 3064. 3064. 3064. 3064. 3064. 3064. 3064. 3064. 3064.
 3064. 3064. 3064. 3064. 3064. 3064. 2352. 2352.   38.   38.   38.   38.
   38.   38. 
   38.   38.   38.   38.   38.   38.   38.   38.   38.   38.   38.   38.
   38.   38.   38.   38.   38.   38.   38.   38.   38.   38. 2352. 2352.
 2352. 3064. 
 3064. 3064. 2352.   38. 2352. 2352. 2352. 3064. 3064. 3064. 3064. 2352.
 2352. 3064. 3064. 3064. 3064. 3064. 3064. 3064. 3064. 3064. 3064. 3064.
 3064. 3064. 
 3064. 3064. 3064. 3064. 2352. 2352.   38.   38.   38.   38.   38.   38.
   38.   38.   38.   38.   38.   38.   38.   38.   38.   38.   38.   38.
   38.   38. 
   38.   38.   38.   38.   38.   38.   38. 2352. 2352. 2352. 3064. 3064.
 3064. 3064. 2352.   38.   38. 2352. 2352. 2352. 2352. 2352. 2352. 2352.
 2352. 2352. 
 3064. 3064. 3064. 3064. 3064. 2352. 2352. 2352. 2352. 2352. 2352. 2352.
 2352. 3064. 3064. 3064. 3064. 2352. 2352.   38.   38.   38.   38.   38.
   38.   38. 
   38.   38.   38.   38.   38.   38.   38.   38.   38.   38.   38.   38.
   38.   38.   38.   38.   38.   38.   38. 2352. 2352. 3064. 3064. 3064.
 3064. 2352. 
 2352.   38.   38.   38.   38.   38.   38.   38.   38.   38. 2352. 2352.
 2352. 2352. 2352. 2352. 2352. 2352. 2352. 2352. 2352. 3064. 3064. 2352.
 2352. 3064. 
 3064. 3064. 3064. 2352. 2352.   38.   38.   38.   38.   38.   38.   38.
   38.   38.   38.   38.   38.   38.   38.   38.   38.   38.   38.   38.
   38.   38. 
   38.   38.   38.   38. 2352. 2352. 3064. 3064. 3064. 3064. 2352. 2352.
 2352. 2352. 2352. 2352. 2352. 2352.   38.   38.   38.   38.   38.   38.
 2352. 2352. 
 2352. 2352. 2352. 2352. 3064. 3064. 2352. 3064. 3064. 3064. 2352. 3064.
 3064. 3064. 3064. 2352. 2352.   38.   38.   38.   38.   38.   38.   38.
   38.   38. 
   38.   38.   38.   38.   38.   38.   38.   38.   38.   38.   38.   38.
   38.   38.   38.   38. 2352. 2352. 3064. 3064. 3064. 3064. 2352. 2352.
 2352. 2352. 
 2352. 2352. 2352. 2352. 2352. 2352. 2352.   38.   38.   38.   38. 2352.
 2352. 2352. 3064. 3064. 3064. 3064. 2352. 3064. 3064. 3064. 2352. 2352.
 3064. 3064. 
 3064. 2352. 2352.   38.   38.   38.   38.   38.   38.   38.   38.   38.
   38.   38.   38.   38.   38.   38.   38.   38.   38.   38.   38.   38.
   38.   38. 
   38.   38. 2352. 2352. 3064. 3064. 3064. 3064. 3064. 3064. 3064. 3064.
 3064. 3064. 3064. 3064. 3064. 2352. 2352. 2352.   38.   38.   38.   38.
 2352. 2352. 
 3064. 3064. 3064. 3064. 2352. 2352. 2352. 2352. 2352. 2352. 3064. 3064.
 3064. 2352. 2352. 2352.   38.   38.   38.   38.   38.   38.   38.   38.
   38.   38. 
   38.   38.   38.   38.   38.   38.   38.   38.   38.   38.   38.   38.
   38.   38.   38. 2352. 2352. 3064. 3064. 3064. 3064. 3064. 3064. 3064.
 3064. 3064. 
 3064. 3064. 3064. 3064. 2352. 2352. 2352.   38.   38.   38. 2352. 2352.
 3064. 3064. 3064. 2352. 2352. 2352. 2352. 3064. 2352. 2352. 3064. 3064.
 3064. 3064. 
 2352. 2352.   38.   38.   38.   38.   38.   38.   38.   38.   38.   38.
   38.   38.   38.   38.   38.   38.   38.   38.   38.   38.   38.   38.
   38.   38. 
   38. 2352. 2352. 2352. 3064. 3064. 3064. 3064. 3064. 3064. 3064. 3064.
 3064. 3064. 3064. 3064. 3064. 2352. 2352.   38.   38.   38. 2352. 3064.
 3064. 3064. 
 3064. 2352. 2352. 2352. 3064. 3064. 2352. 2352. 3064. 3064. 3064. 3064.
 2352. 2352. 2352. 2352. 2352. 2352.   38.   38.   38.   38.   38.   38.
   38.   38. 
   38.   38.   38.   38.   38.   38.   38.   38.   38.   38.   38.   38.
   38.   38. 2352. 2352. 2352. 2352. 3064. 3064. 3064. 3064. 3064. 3064.
 3064. 3064. 
 3064. 3064. 3064. 2352. 2352.   38.   38. 2352. 2352. 3064. 3064. 3064.
 2352. 2352. 2352. 3064. 3064. 3064. 3064. 2352. 3064. 3064. 3064. 3064.
 2352. 2352. 
 3064. 3064. 2352. 2352. 2352.   38.   38.   38.   38.   38.   38.   38.
   38.   38.   38.   38.   38.   38.   38.   38.   38.   38.   38.   38.
   38.   38. 
   38. 2352. 2352. 2352. 2352. 2352. 2352. 2352. 2352. 2352. 2352. 2352.
 3064. 3064. 3064. 2352. 2352.   38.   38. 2352. 3064. 3064. 3064. 3064.
 3064. 3064. 
 3064. 3064. 3064. 3064. 3064. 2352. 2352. 3064. 3064. 3064. 2352. 2352.
 2352. 2352. 2352. 2352. 2352. 2352. 2352. 2352.   38.   38.   38.   38.
   38.   38. 
   38.   38.   38.   38.   38.   38.   38.   38.   38.   38.   38.   38.
   38.   38.   38.   38. 2352. 2352.   38. 2352. 2352.   38. 2352. 2352.
 3064. 3064. 
 3064. 2352. 2352.   38.   38. 2352. 3064. 3064. 3064. 3064. 3064. 3064.
 3064. 3064. 3064. 2352. 2352. 2352. 2352. 3064. 3064. 3064. 3064. 2352.
 2352. 2352. 
 2352. 2352. 2352. 2352. 2352. 2352. 2352. 2352.   38.   38.   38.   38.
   38.   38.   38.   38.   38.   38.   38.   38.   38.   38.   38.   38.
   38.   38. 
   38.   38.   38.   38.   38.   38.   38.   38. 2352. 3064. 3064. 3064.
 3064. 2352. 2352.   38.   38. 2352. 2352. 3064. 3064. 3064. 3064. 3064.
 3064. 3064. 
 2352. 2352. 2352. 2352. 2352. 2352. 3064. 3064. 3064. 2352. 2352. 2352.
 2352. 2352. 2352. 3064. 3064. 2352. 2352. 2352. 2352. 2352.   38.   38.
   38.   38. 
   38.   38.   38.   38.   38.   38.   38.   38.   38.   38.   38.   38.
   38.   38.   38.   38.   38.   38.   38.   38. 2352. 2352. 3064. 3064.
 3064. 2352. 
 2352.   38.   38.   38. 2352. 2352. 3064. 3064. 3064. 3064. 2352. 2352.
 2352. 3064. 2352. 3064. 2352. 2352. 3064. 3064. 3064. 3064. 3064. 3064.
 3064. 3064. 
 3064. 3064. 3064. 3064. 3064. 3064. 2352. 2352. 2352.   38.   38.   38.
   38.   38.   38.   38.   38.   38.   38.   38.   38.   38.   38.   38.
   38.   38. 
   38.   38.   38.   38.   38.   38. 2352. 2352. 3064. 3064. 3064. 2352.
 2352.   38.   38.   38.   38. 2352. 2352. 2352. 2352. 2352. 2352. 2352.
 3064. 3064. 
 2352. 3064. 2352. 2352. 2352. 3064. 3064. 3064. 3064. 3064. 3064. 3064.
 3064. 3064. 3064. 3064. 3064. 3064. 3064. 2352. 2352.   38.   38.   38.
   38.   38. 
   38.   38.   38.   38.   38.   38.   38.   38.   38.   38.   38.   38.
   38.   38.   38.   38.   38.   38. 2352. 2352. 3064. 3064. 3064. 2352.
 2352.   38. 
   38.   38.   38.   38.   38.   38.   38.   38. 2352. 2352. 3064. 2352.
 2352. 3064. 3064. 2352. 2352. 2352. 3064. 3064. 3064. 3064. 3064. 3064.
 3064. 2352. 
 3064. 3064. 3064. 3064. 3064. 2352. 2352. 2352.   38.   38.   38.   38.
   38.   38.   38.   38.   38.   38.   38.   38.   38.   38.   38.   38.
   38.   38. 
   38.   38.   38.   38. 2352. 2352. 3064. 3064. 3064. 2352. 2352.   38.
   38.   38.   38.   38.   38.   38.   38.   38.   38. 2352. 2352. 2352.
 3064. 3064. 
 3064. 2352. 2352. 2352. 2352. 2352. 2352. 2352. 2352. 2352. 2352. 2352.
 2352. 2352. 3064. 3064. 3064. 3064. 2352. 2352.   38.   38.   38.   38.
   38.   38. 
   38.   38.   38.   38.   38.   38.   38.   38.   38.   38.   38.   38.
   38.   38.   38.   38. 2352. 3064. 3064. 3064. 3064. 2352. 2352.   38.
   38.   38. 
   38.   38.   38.   38.   38.   38.   38.   38.   38. 2352. 3064. 3064.
 3064. 2352. 2352. 2352. 2352. 2352. 2352. 2352. 2352. 2352. 2352. 2352.
 2352. 2352. 
 2352. 3064. 3064. 3064. 2352. 2352.   38.   38.   38.   38.   38.   38.
   38.   38.   38.   38.   38.   38.   38.   38.   38.   38.   38.   38.
   38.   38. 
   38. 2352. 2352. 3064. 3064. 3064. 3064. 2352.   38.   38.   38.   38.
   38.   38.   38.   38.   38.   38.   38.   38.   38. 2352. 3064. 3064.
 3064. 2352. 
 2352. 2352. 2352. 2352. 3064. 3064. 3064. 3064. 3064. 3064. 3064. 2352.
 2352. 3064. 3064. 3064. 3064. 2352. 2352.   38.   38.   38.   38.   38.
   38.   38. 
   38.   38.   38.   38.   38.   38.   38.   38.   38.   38.   38.   38.
   38. 2352. 2352. 3064. 3064. 3064. 2352. 2352.   38.   38.   38.   38.
   38.   38. 
   38.   38.   38.   38.   38.   38.   38. 2352. 3064. 3064. 3064. 2352.
 2352. 2352. 2352. 3064. 3064. 3064. 3064. 3064. 3064. 3064. 3064. 2352.
 2352. 3064. 
 3064. 3064. 2352. 2352.   38.   38.   38.   38.   38.   38.   38.   38.
   38.   38.   38.   38.   38.   38.   38.   38.   38.   38.   38.   38.
   38. 2352. 
 2352. 3064. 3064. 3064. 2352. 2352.   38. 2352. 2352. 2352. 2352. 2352.
   38.   38.   38.   38.   38.   38.   38. 2352. 2352. 3064. 3064. 3064.
 2352. 2352. 
 3064. 3064. 3064. 3064. 2352. 2352. 3064. 3064. 2352. 2352. 3064. 3064.
 3064. 3064. 2352. 2352.   38.   38.   38.   38.   38.   38.   38.   38.
   38.   38. 
   38.   38.   38.   38.   38.   38.   38.   38.   38.   38.   38.   38.
 2352. 2352. 3064. 3064. 3064. 2352. 2352. 2352. 2352. 3064. 2352. 2352.
 2352. 2352. 
   38.   38.   38.   38.   38.   38. 2352. 2352. 3064. 3064. 3064. 3064.
 3064. 3064. 3064. 2352. 2352. 2352. 3064. 3064. 2352. 2352. 3064. 3064.
 3064. 3064. 
 2352. 2352.   38.   38.   38.   38.   38.   38.   38.   38.   38.   38.
   38.   38.   38.   38.   38.   38.   38.   38.   38.   38.   38.   38.
 2352. 2352. 
 3064. 3064. 3064. 3064. 3064. 3064. 3064. 3064. 3064. 3064. 2352. 2352.
 2352.   38.   38.   38.   38.   38.   38. 2352. 2352. 3064. 3064. 3064.
 3064. 2352. 
 2352. 2352. 2352. 3064. 3064. 3064. 2352. 2352. 3064. 3064. 3064. 2352.
 2352.   38.   38.   38.   38.   38.   38.   38.   38.   38.   38.   38.
   38.   38. 
   38.   38.   38.   38.   38.   38.   38.   38.   38.   38.   38. 2352.
 3064. 3064. 3064. 3064. 3064. 3064. 3064. 3064. 3064. 3064. 3064. 3064.
 2352. 2352. 
   38.   38.   38.   38.   38.   38. 2352. 2352. 2352. 2352. 2352. 2352.
 2352. 2352. 3064. 3064. 3064. 2352. 2352. 2352. 3064. 3064. 3064. 2352.
 2352.   38. 
   38.   38.   38.   38.   38.   38.   38.   38.   38.   38.   38.   38.
   38.   38.   38.   38.   38.   38.   38.   38.   38.   38.   38. 2352.
 2352. 3064. 
 3064. 3064. 3064. 3064. 3064. 3064. 3064. 3064. 3064. 3064. 2352. 2352.
   38.   38.   38.   38.   38.   38.   38. 2352. 2352. 2352. 2352. 3064.
 2352. 2352. 
 3064. 3064. 3064. 2352. 2352. 3064. 3064. 3064. 3064. 2352. 2352.   38.
   38.   38.   38.   38.   38.   38.   38.   38.   38.   38.   38.   38.
   38.   38. 
   38.   38.   38.   38.   38.   38.   38.   38.   38.   38. 2352. 2352.
 2352. 2352. 3064. 2352. 2352. 2352. 2352. 2352. 3064. 3064. 2352. 2352.
   38.   38. 
   38.   38.   38.   38.   38.   38.   38. 2352. 2352. 3064. 2352. 3064.
 3064. 3064. 3064. 2352. 2352. 3064. 3064. 3064. 2352. 2352.   38.   38.
   38.   38. 
   38.   38.   38.   38.   38.   38.   38.   38.   38.   38.   38.   38.
   38.   38.   38.   38.   38.   38.   38.   38.   38.   38.   38. 2352.
 2352. 2352. 
 2352. 2352.   38. 2352. 2352. 3064. 3064. 3064. 2352. 2352.   38.   38.
   38.   38.   38.   38.   38.   38.   38. 2352. 2352. 2352. 2352. 3064.
 3064. 3064. 
 3064. 2352. 3064. 3064. 3064. 3064. 2352. 2352. 2352. 2352. 2352.   38.
   38.   38.   38.   38.   38.   38.   38.   38.   38.   38.   38.   38.
   38.   38. 
   38.   38.   38.   38.   38.   38.   38.   38.   38.   38.   38.   38.
   38.   38.   38. 2352. 2352. 3064. 3064. 3064. 2352. 2352.   38.   38.
   38.   38. 
   38.   38.   38.   38.   38.   38. 2352. 2352. 2352. 3064. 3064. 3064.
 2352. 2352. 3064. 3064. 3064. 2352. 2352. 3064. 3064. 2352. 2352. 2352.
   38.   38. 
 38. 38. 38. 38. 38. 38. 38. 38. 38. 38. 38. 38. 38. 38. 38. 38. 38. 38.
 38. 38. 38. 38. 38. 38. 38. 38. 
   38. 2352. 3064. 3064. 3064. 3064. 2352.   38.   38.   38.   38.   38.
   38.   38.   38.   38.   38.   38.   38. 2352. 2352. 3064. 3064. 3064.
 2352. 2352. 
 3064. 3064. 3064. 2352. 2352. 2352. 2352. 2352. 2352. 2352. 2352. 2352.
   38.   38.   38.   38.   38.   38.   38.   38.   38.   38.   38.   38.
   38.   38. 
   38.   38.   38.   38.   38.   38.   38.   38.   38.   38.   38.   38.
   38. 2352. 3064. 3064. 3064. 2352. 2352.   38.   38.   38.   38.   38.
   38.   38. 
   38.   38.   38.   38.   38.   38. 2352. 3064. 3064. 3064. 3064. 2352.
 3064. 3064. 3064. 3064. 2352. 2352. 2352. 2352. 2352. 2352. 2352. 2352.
   38.   38. 
   38.   38.   38.   38.   38.   38.   38.   38.   38.   38.   38.   38.
   38.   38.   38.   38.   38.   38.   38.   38.   38.   38.   38.   38.
   38. 2352. 
 3064. 3064. 3064. 2352. 2352.   38.   38.   38.   38.   38.   38.   38.
   38.   38.   38.   38.   38.   38. 2352. 2352. 3064. 3064. 3064. 2352.
 3064. 3064. 
 3064. 3064. 3064. 3064. 3064. 3064. 3064. 3064. 3064. 3064.   38.   38.
   38.   38.   38.   38.   38.   38.   38.   38.   38.   38.   38.   38.
   38.   38. 
   38.   38.   38.   38.   38.   38.   38.   38.   38.   38. 2352. 2352.
 3064. 3064. 3064. 2352. 2352.   38.   38.   38. 2352. 2352. 2352. 2352.
 2352.   38. 
   38.   38.   38.   38.   38. 2352. 2352. 2352. 3064. 2352. 2352. 3064.
 3064. 3064. 3064. 3064. 3064. 3064. 3064. 3064. 3064. 3064.   38.   38.
   38.   38. 
   38.   38.   38.   38.   38.   38.   38.   38.   38.   38.   38.   38.
   38.   38.   38.   38.   38.   38.   38.   38.   38.   38. 2352. 2352.
 3064. 3064. 
 3064. 2352. 2352.   38. 2352. 2352. 2352. 2352. 2352. 2352. 2352. 2352.
 2352.   38.   38.   38.   38.   38. 2352. 2352. 2352. 2352. 2352. 2352.
 3064. 3064. 
 3064. 3064. 3064. 3064. 3064. 3064. 3064. 3064.   38.   38.   38.   38.
   38.   38.   38.   38.   38.   38.   38.   38.   38.   38.   38.   38.
   38.   38. 
   38.   38.   38.   38.   38.   38.   38.   38. 2352. 2352. 3064. 3064.
 3064. 2352. 2352. 2352. 2352. 3064. 3064. 3064. 3064. 3064. 3064. 3064.
 2352. 2352. 
   38.   38.   38.   38.   38.   38.   38.   38.   38. 2352. 2352. 2352.
 2352. 3064. 2352. 2352. 2352. 3064. 3064. 2352.   38.   38.   38.   38.
   38.   38. 
   38.   38.   38.   38.   38.   38.   38.   38.   38.   38.   38.   38.
   38.   38.   38.   38.   38.   38.   38.   38. 2352. 2352. 3064. 3064.
 3064. 3064. 
 3064. 3064. 3064. 3064. 3064. 3064. 3064. 3064. 3064. 3064. 3064. 2352.
 2352.   38.   38.   38.   38.   38.   38.   38.   38. 2352. 2352. 2352.
 2352. 2352. 
 2352. 2352. 2352. 2352. 2352. 2352.   38.   38.   38.   38.   38.   38.
   38.   38.   38.   38.   38.   38.   38.   38.   38.   38.   38.   38.
   38.   38. 
   38.   38.   38.   38.   38.   38.   38. 2352. 3064. 3064. 3064. 3064.
 3064. 3064. 3064. 3064. 3064. 3064. 3064. 3064. 3064. 3064. 3064. 3064.
 2352. 2352. 
   38.   38.   38.   38.   38.   38.   38. 2352. 2352. 3064. 3064. 2352.
 2352. 3064. 3064. 2352. 2352. 2352.   38.   38.   38.   38.   38.   38.
   38.   38. 
   38.   38.   38.   38.   38.   38.   38.   38.   38.   38.   38.   38.
   38.   38.   38.   38.   38.   38.   38. 2352. 2352. 2352. 3064. 3064.
 3064. 3064. 
 3064. 3064. 2352. 2352. 2352. 2352. 2352. 3064. 3064. 3064. 2352. 2352.
   38.   38.   38.   38.   38.   38.   38. 2352. 2352. 3064. 3064. 2352.
 3064. 3064. 
 3064. 2352. 2352. 2352.   38.   38.   38.   38.   38.   38.   38.   38.
   38.   38.   38.   38.   38.   38.   38.   38.   38.   38.   38.   38.
   38.   38. 
   38.   38.   38.   38.   38.   38. 2352. 2352. 2352. 2352. 2352. 2352.
 2352. 2352. 2352. 2352. 2352. 2352. 3064. 3064. 3064. 3064. 2352.   38.
   38.   38. 
   38.   38.   38.   38. 2352. 2352. 2352. 3064. 2352. 2352. 3064. 3064.
 3064. 2352. 2352. 3064.   38.   38.   38.   38.   38.   38.   38.   38.
   38.   38. 
   38.   38.   38.   38.   38.   38.   38.   38.   38.   38.   38.   38.
   38.   38.   38.   38.   38.   38.   38. 2352. 2352. 2352. 2352. 2352.
 2352. 2352. 
   38.   38. 2352. 2352. 3064. 3064. 3064. 3064. 2352.   38.   38.   38.
   38.   38.   38. 2352. 2352. 2352. 3064. 3064. 2352. 3064. 3064. 3064.
 2352. 2352. 
 3064. 3064.   38.   38.   38.   38.   38.   38.   38.   38.   38.   38.
   38.   38.   38.   38.   38.   38.   38.   38.   38.   38.   38.   38.
   38.   38. 
   38.   38.   38.   38.   38.   38.   38.   38.   38.   38.   38.   38.
   38. 2352. 2352. 3064. 3064. 3064. 3064. 2352. 2352.   38. 2352. 2352.
 2352. 2352. 
 2352. 2352. 2352. 3064. 3064. 2352. 2352. 3064. 3064. 2352. 2352. 2352.
 3064. 3064.   38.   38.   38.   38.   38.   38.   38.   38.   38.   38.
   38.   38. 
   38.   38.   38.   38.   38.   38.   38.   38.   38.   38.   38.   38.
   38.   38.   38.   38.   38.   38.   38.   38.   38.   38.   38.   38.
 2352. 2352. 
 3064. 3064. 3064. 3064. 3064. 2352. 2352. 2352. 2352. 2352. 2352. 2352.
 2352. 2352. 3064. 3064. 3064. 2352. 2352. 3064. 3064. 2352. 2352. 3064.
 3064. 3064. 
 38. 38. 38. 38. 38. 38. 38. 38. 38. 38. 38. 38. 38. 38. 38. 38. 38. 38.
 38. 38. 38. 38. 38. 38. 38. 38. 
   38.   38.   38.   38.   38.   38.   38.   38.   38.   38. 2352. 3064.
 3064. 3064. 3064. 3064. 2352. 2352. 2352. 3064. 3064. 3064. 3064. 3064.
 2352. 2352. 
 3064. 3064. 3064. 2352. 3064. 3064. 2352. 2352. 3064. 3064. 3064. 2352.
   38.   38.   38.   38.   38.   38.   38.   38.   38.   38.   38.   38.
   38.   38. 
   38.   38.   38.   38.   38.   38.   38.   38.   38.   38.   38.   38.
   38.   38.   38.   38.   38.   38.   38.   38.   38. 2352. 2352. 3064.
 3064. 3064. 
 3064. 2352. 2352. 3064. 3064. 3064. 3064. 3064. 3064. 3064. 2352. 3064.
 3064. 3064. 3064. 2352. 3064. 3064. 2352. 2352. 3064. 3064. 3064. 2352.
   38.   38. 
 38. 38. 38. 38. 38. 38. 38. 38. 38. 38. 38. 38. 38. 38. 38. 38. 38. 38.
 38. 38. 38. 38. 38. 38. 38. 38. 
   38.   38.   38.   38.   38.   38. 2352. 2352. 3064. 3064. 3064. 3064.
 2352. 2352. 3064. 3064. 3064. 3064. 3064. 3064. 3064. 2352. 2352. 3064.
 3064. 3064. 
 2352. 2352. 3064. 3064. 2352. 2352. 3064. 3064. 3064. 3064.   38.   38.
   38.   38.   38.   38.   38.   38.   38.   38.   38.   38.   38.   38.
   38.   38. 
   38.   38.   38.   38.   38.   38.   38.   38.   38.   38.   38.   38.
   38.   38.   38.   38.   38.   38. 2352. 2352. 3064. 3064. 3064. 3064.
 3064. 3064. 
 3064. 3064. 3064. 2352. 2352. 2352. 3064. 2352. 2352. 2352. 3064. 3064.
 3064. 2352. 3064. 3064. 3064. 2352. 2352. 3064. 3064. 3064.   38.   38.
   38.   38. 
 38. 38. 38. 38. 38. 38. 38. 38. 38. 38. 38. 38. 38. 38. 38. 38. 38. 38.
 38. 38. 38. 38. 38. 38. 38. 38. 
   38.   38.   38.   38. 2352. 2352. 3064. 3064. 3064. 3064. 3064. 3064.
 3064. 3064. 2352. 2352. 2352. 2352. 3064. 3064. 2352. 2352. 3064. 3064.
 3064. 2352. 
 2352. 3064. 3064. 2352. 2352. 2352. 3064. 3064.   38.   38.   38.   38.
   38.   38.   38.   38.   38.   38.   38.   38.   38.   38.   38.   38.
   38.   38. 
   38.   38.   38.   38.   38.   38.   38.   38.   38.   38.   38.   38.
   38.   38.   38.   38.   38. 2352. 2352. 3064. 3064. 3064. 3064. 3064.
 2352. 2352. 
 2352. 2352. 2352. 3064. 3064. 3064. 3064. 2352. 2352. 2352. 2352. 3064.
 2352. 2352. 3064. 3064. 2352. 2352. 2352. 2352.   38.   38.   38.   38.
   38.   38. 
 38. 38. 38. 38. 38. 38. 38. 38. 38. 38. 38. 38. 38. 38. 38. 38. 38. 38.
 38. 38. 38. 38. 38. 38. 38. 38. 
   38.   38.   38. 2352. 2352. 2352. 2352. 2352. 2352. 2352. 2352. 2352.
   38. 2352. 2352. 3064. 3064. 3064. 2352. 2352. 2352. 2352. 2352. 2352.
 2352. 2352. 
 2352. 2352. 3064. 2352. 2352. 2352.   38.   38.   38.   38.   38.   38.
   38.   38.   38.   38.   38.   38.   38.   38.   38.   38.   38.   38.
   38.   38. 
   38.   38.   38.   38.   38.   38.   38.   38.   38.   38.   38.   38.
   38.   38.   38.   38.   38.   38. 2352. 2352. 2352. 2352.   38.   38.
   38. 2352. 
 3064. 3064. 3064. 3064. 2352.   38.   38.   38.   38. 2352. 2352. 2352.
 2352. 2352. 2352. 2352. 2352. 2352.   38.   38.   38.   38.   38.   38.
   38.   38. 
 38. 38. 38. 38. 38. 38. 38. 38. 38. 38. 38. 38. 38. 38. 38. 38. 38. 38.
 38. 38. 38. 38. 38. 38. 38. 38. 
   38.   38.   38.   38.   38.   38.   38.   38.   38.   38. 2352. 2352.
 3064. 3064. 3064. 3064. 2352.   38.   38.   38.   38.   38. 2352. 2352.
 2352. 2352. 
 3064. 3064. 3064. 2352.   38.   38.   38.   38.   38.   38.   38.   38.
   38.   38.   38.   38.   38.   38.   38.   38.   38.   38.   38.   38.
   38.   38. 
   38.   38.   38.   38.   38.   38.   38.   38.   38.   38.   38.   38.
   38.   38.   38.   38.   38.   38.   38.   38.   38.   38. 2352. 2352.
 3064. 3064. 
 3064. 3064. 2352. 2352. 2352. 2352. 2352. 2352. 2352. 3064. 2352. 2352.
 3064. 3064. 3064. 2352.   38.   38.   38.   38.   38.   38.   38.   38.
   38.   38. 
 38. 38. 38. 38. 38. 38. 38. 38. 38. 38. 38. 38. 38. 38. 38. 38. 38. 38.
 38. 38. 38. 38. 38. 38. 38. 38. 
   38.   38.   38.   38.   38.   38.   38.   38. 2352. 2352. 3064. 3064.
 3064. 3064. 2352. 2352. 2352. 2352. 2352. 3064. 3064. 2352. 2352. 3064.
 3064. 3064. 
 3064. 2352.   38.   38.   38.   38.   38.   38.   38.   38.   38.   38.
   38.   38.   38.   38.   38.   38.   38.   38.   38.   38.   38.   38.
   38.   38. 
   38.   38.   38.   38.   38.   38.   38.   38.   38.   38.   38.   38.
   38.   38.   38.   38.   38.   38.   38.   38.   38. 2352. 3064. 3064.
 3064. 3064. 
 3064. 3064. 3064. 3064. 3064. 3064. 2352. 2352. 2352. 3064. 3064. 3064.
 2352. 2352. 
/