PERMI
 2444. 3712. 3712. 2444. 2444. 3712. 3712. 3712. 2444.   24.   24.   24.
   24.   24.   24.   24.   24.   24.   24.   24.   24.   24.   24.   24.
   24.   24. 
 24. 24. 24. 24. 24. 24. 24. 24. 24. 24. 24. 24. 24. 24. 24. 24. 24. 24.
 24. 24. 24. 24. 24. 24. 24. 24. 
   24.   24.   24.   24.   24.   24.   24.   24.   24.   24.   24.   24.
 3712. 3712. 3712. 2444. 2444. 3712. 3712. 3712. 2444. 2444.   24.   24.
   24.   24. 
   24. 2444. 2444. 2444. 2444. 2444. 2444.   24.   24.   24.   24.   24.
   24.   24.   24.   24.   24.   24.   24.   24.   24.   24.   24.   24.
   24.   24. 
   24.   24.   24.   24.   24.   24.   24.   24.   24.   24.   24.   24.
   24.   24.   24.   24.   24.   24.   24.   24.   24.   24.   24.   24.
 2444. 2444. 
 3712. 3712. 2444. 3712. 3712. 3712. 3712. 2444.   24.   24.   24. 2444.
 2444. 2444. 3712. 3712. 3712. 3712. 2444. 2444.   24.   24.   24.   24.
   24.   24. 
 24. 24. 24. 24. 24. 24. 24. 24. 24. 24. 24. 24. 24. 24. 24. 24. 24. 24.
 24. 24. 24. 24. 24. 24. 24. 24. 
   24.   24.   24.   24.   24.   24.   24.   24.   24.   24. 2444. 2444.
 2444. 3712. 2444. 2444. 3712. 3712. 3712. 2444. 2444. 2444. 2444. 2444.
 3712. 3712. 
 3712. 3712. 3712. 3712. 3712. 2444. 2444.   24.   24.   24.   24.   24.
   24.   24.   24.   24.   24.   24.   24.   24.   24.   24.   24.   24.
   24.   24. 
   24.   24.   24.   24.   24.   24.   24.   24.   24.   24.   24.   24.
   24.   24.   24.   24.   24.   24.   24.   24.   24.   24.   24.   24.
 2444. 2444. 
 3712. 2444. 2444. 3712. 3712. 3712. 2444. 2444. 3712. 3712. 3712. 3712.
 3712. 2444. 2444. 3712. 3712. 3712. 2444.   24.   24.   24.   24.   24.
   24.   24. 
 24. 24. 24. 24. 24. 24. 24. 24. 24. 24. 24. 24. 24. 24. 24. 24. 24. 24.
 24. 24. 24. 24. 24. 24. 24. 24. 
   24.   24.   24.   24.   24.   24.   24.   24.   24.   24. 2444. 2444.
 3712. 3712. 2444. 3712. 3712. 3712. 3712. 3712. 3712. 3712. 3712. 2444.
 2444. 2444. 
 2444. 2444. 3712. 3712. 2444.   24.   24.   24.   24.   24.   24.   24.
   24.   24.   24.   24.   24.   24.   24.   24.   24.   24.   24.   24.
   24.   24. 
   24.   24.   24.   24.   24.   24.   24.   24.   24.   24.   24.   24.
   24.   24.   24.   24.   24.   24.   24.   24.   24.   24.   24. 2444.
 2444. 3712. 
 3712. 2444. 3712. 3712. 3712. 3712. 3712. 3712. 2444. 2444. 2444.   24.
   24. 2444. 3712. 3712. 2444. 2444.   24.   24.   24.   24.   24.   24.
   24.   24. 
 24. 24. 24. 24. 24. 24. 24. 24. 24. 24. 24. 24. 24. 24. 24. 24. 24. 24.
 24. 24. 24. 24. 24. 24. 24. 24. 
   24.   24.   24.   24.   24.   24.   24.   24.   24.   24. 2444. 2444.
 3712. 3712. 2444. 2444. 2444. 2444. 2444. 2444. 2444.   24. 2444. 2444.
 2444. 2444. 
 2444. 3712. 2444. 2444.   24.   24.   24.   24.   24.   24.   24.   24.
   24.   24.   24.   24.   24.   24.   24.   24.   24.   24.   24.   24.
   24.   24. 
   24.   24.   24.   24.   24.   24.   24.   24.   24.   24.   24.   24.
   24.   24.   24.   24.   24.   24.   24.   24.   24.   24.   24. 2444.
 3712. 3712. 
 3712. 2444. 2444. 2444.   24. 2444. 2444. 2444. 2444. 2444. 2444. 2444.
 2444. 3712. 3712. 2444.   24.   24. 2444. 2444. 2444. 2444.   24.   24.
   24.   24. 
 24. 24. 24. 24. 24. 24. 24. 24. 24. 24. 24. 24. 24. 24. 24. 24. 24. 24.
 24. 24. 24. 24. 24. 24. 24. 24. 
   24.   24.   24.   24.   24.   24.   24.   24.   24. 2444. 2444. 3712.
 3712. 2444. 2444. 2444. 2444. 2444. 3712. 3712. 3712. 3712. 3712. 2444.
 2444. 3712. 
 3712. 2444.   24. 2444. 2444. 2444. 2444. 2444. 2444. 2444. 2444. 2444.
 2444. 2444.   24.   24.   24.   24.   24.   24.   24.   24.   24.   24.
   24.   24. 
   24.   24.   24.   24.   24.   24.   24.   24.   24.   24.   24.   24.
   24.   24.   24.   24.   24.   24.   24.   24.   24. 2444. 2444. 3712.
 3712. 3712. 
 2444. 2444. 3712. 3712. 3712. 3712. 3712. 3712. 3712. 2444. 2444. 3712.
 3712. 2444. 2444. 2444. 3712. 3712. 3712. 3712. 3712. 3712. 3712. 3712.
 3712. 2444. 
 2444. 2444.   24.   24.   24.   24.   24.   24.   24.   24.   24.   24.
   24.   24.   24.   24.   24.   24.   24.   24.   24.   24.   24.   24.
   24.   24. 
   24.   24.   24.   24.   24.   24.   24.   24. 2444. 3712. 3712. 3712.
 3712. 3712. 3712. 3712. 3712. 3712. 2444. 2444. 2444. 3712. 2444. 3712.
 3712. 3712. 
 3712. 3712. 3712. 3712. 3712. 3712. 3712. 3712. 3712. 3712. 3712. 3712.
 3712. 2444.   24.   24.   24.   24.   24.   24.   24.   24.   24.   24.
   24.   24. 
   24.   24.   24.   24.   24.   24.   24.   24.   24.   24.   24.   24.
   24.   24.   24.   24.   24.   24.   24.   24. 2444. 2444. 3712. 3712.
 3712. 3712. 
 3712. 3712. 2444. 2444. 2444.   24. 2444. 2444. 2444. 2444. 3712. 3712.
 3712. 3712. 3712. 2444. 2444. 2444. 3712. 3712. 3712. 3712. 3712. 3712.
 3712. 3712. 
 2444.   24.   24.   24.   24.   24.   24.   24.   24.   24.   24.   24.
   24.   24.   24.   24.   24.   24.   24.   24.   24.   24.   24.   24.
   24.   24. 
   24.   24.   24.   24.   24.   24.   24. 2444. 2444. 2444. 2444. 2444.
 2444. 2444. 2444.   24.   24.   24.   24. 2444. 3712. 2444. 2444. 3712.
 3712. 3712. 
 2444. 2444. 2444. 2444. 2444. 2444. 2444. 2444. 2444. 3712. 3712. 3712.
 2444.   24.   24.   24.   24.   24.   24.   24.   24.   24.   24.   24.
   24.   24. 
   24.   24.   24.   24.   24.   24.   24.   24.   24.   24.   24.   24.
   24.   24.   24.   24.   24.   24.   24.   24.   24. 2444. 2444. 2444.
   24.   24. 
   24.   24.   24.   24.   24. 2444. 3712. 3712. 2444. 2444. 2444. 2444.
 2444.   24.   24.   24.   24.   24.   24.   24. 2444. 2444. 3712. 3712.
 3712. 2444. 
 24. 24. 24. 24. 24. 24. 24. 24. 24. 24. 24. 24. 24. 24. 24. 24. 24. 24.
 24. 24. 24. 24. 24. 24. 24. 24. 
   24.   24.   24.   24.   24.   24.   24.   24.   24.   24.   24.   24.
   24.   24.   24.   24.   24. 2444. 2444. 3712. 3712. 3712. 2444.   24.
   24.   24. 
   24.   24.   24.   24.   24.   24.   24. 2444. 2444. 3712. 3712. 2444.
 2444.   24.   24.   24.   24.   24.   24.   24.   24.   24.   24.   24.
   24.   24. 
 24. 24. 24. 24. 24. 24. 24. 24. 24. 24. 24. 24. 24. 24. 24. 24. 24. 24.
 24. 24. 24. 24. 24. 24. 24. 24. 
   24.   24.   24. 2444. 2444. 3712. 3712. 3712. 2444.   24.   24.   24.
   24.   24.   24.   24. 2444.   24.   24.   24. 2444. 3712. 3712. 3712.
 2444.   24. 
   24.   24.   24.   24.   24.   24. 2444. 2444. 2444. 2444. 2444.   24.
   24.   24.   24.   24.   24.   24.   24.   24.   24.   24.   24.   24.
   24.   24. 
   24.   24.   24.   24.   24.   24.   24.   24.   24.   24.   24.   24.
   24.   24.   24. 2444. 2444. 3712. 3712. 2444. 2444.   24.   24.   24.
 2444. 2444. 
 2444. 2444. 2444. 2444. 2444. 2444. 2444. 3712. 3712. 3712. 2444.   24.
   24.   24.   24.   24. 2444. 2444. 3712. 3712. 3712. 3712. 2444. 2444.
 2444.   24. 
 24. 24. 24. 24. 24. 24. 24. 24. 24. 24. 24. 24. 24. 24. 24. 24. 24. 24.
 24. 24. 24. 24. 24. 24. 24. 24. 
   24. 2444. 2444. 3712. 3712. 2444. 2444.   24.   24. 2444. 2444. 2444.
 3712. 3712. 3712. 3712. 3712. 2444. 2444. 2444. 3712. 3712. 2444. 2444.
 2444. 2444. 
 2444. 2444. 3712. 3712. 3712. 3712. 3712. 3712. 3712. 3712. 2444.   24.
   24.   24.   24.   24.   24.   24.   24.   24.   24.   24.   24.   24.
   24.   24. 
   24.   24.   24.   24.   24.   24.   24.   24.   24.   24.   24.   24.
   24. 2444. 2444. 3712. 3712. 3712. 2444. 2444. 2444. 2444. 3712. 3712.
 3712. 3712. 
 3712. 3712. 3712. 3712. 2444. 2444. 3712. 3712. 3712. 3712. 3712. 3712.
 3712. 3712. 3712. 3712. 3712. 3712. 2444. 3712. 3712. 3712. 2444. 2444.
   24.   24. 
 24. 24. 24. 24. 24. 24. 24. 24. 24. 24. 24. 24. 24. 24. 24. 24. 24. 24.
 24. 24. 24. 24. 24. 24. 24. 24. 
 2444. 3712. 3712. 3712. 3712. 2444. 3712. 3712. 3712. 3712. 3712. 3712.
 3712. 3712. 3712. 3712. 2444. 2444. 2444. 3712. 3712. 3712. 3712. 3712.
 3712. 3712. 
 3712. 3712. 2444. 2444. 2444. 2444. 3712. 3712. 2444. 2444.   24.   24.
   24.   24.   24.   24.   24.   24.   24.   24.   24.   24.   24.   24.
   24.   24. 
   24.   24.   24.   24.   24.   24.   24.   24.   24.   24.   24.   24.
 2444. 2444. 3712. 3712. 3712. 3712. 3712. 3712. 3712. 3712. 3712. 2444.
 2444. 3712. 
 3712. 3712. 2444. 2444. 2444. 2444. 3712. 3712. 3712. 3712. 3712. 2444.
 2444. 2444.   24.   24. 2444. 2444. 3712. 3712. 2444. 2444.   24.   24.
   24.   24. 
   24.   24.   24.   24.   24.   24.   24.   24.   24.   24.   24.   24.
   24.   24.   24.   24.   24.   24.   24.   24.   24.   24.   24.   24.
   24. 2444. 
 2444. 3712. 3712. 3712. 3712. 3712. 2444. 2444. 2444. 2444. 2444. 3712.
 3712. 3712. 2444. 2444.   24.   24. 2444. 2444. 2444. 2444. 2444.   24.
   24.   24. 
   24.   24. 2444. 3712. 3712. 3712. 2444. 2444.   24.   24.   24.   24.
   24.   24.   24.   24.   24.   24.   24.   24.   24.   24.   24.   24.
   24.   24. 
   24.   24.   24.   24.   24.   24.   24.   24.   24.   24.   24.   24.
 2444. 2444. 2444. 2444. 2444. 2444. 2444. 2444.   24. 2444. 2444. 3712.
 3712. 3712. 
 2444.   24.   24.   24.   24.   24.   24.   24.   24.   24.   24.   24.
   24.   24. 2444. 3712. 3712. 3712. 2444.   24.   24.   24.   24.   24.
 2444. 2444. 
 2444. 2444.   24.   24.   24.   24.   24.   24.   24.   24.   24.   24.
   24.   24.   24.   24.   24.   24.   24.   24.   24.   24.   24.   24.
   24.   24. 
   24.   24.   24.   24.   24.   24.   24. 2444. 2444. 3712. 3712. 3712.
 2444.   24.   24.   24.   24.   24.   24.   24.   24.   24.   24.   24.
   24.   24. 
 2444. 3712. 3712. 3712. 2444.   24.   24. 2444. 2444. 2444. 3712. 3712.
 3712. 2444.   24.   24.   24.   24.   24.   24.   24.   24.   24.   24.
   24.   24. 
   24.   24.   24.   24.   24.   24.   24.   24.   24.   24.   24.   24.
   24.   24.   24.   24.   24.   24.   24. 2444. 3712. 3712. 3712. 2444.
 2444.   24. 
   24.   24.   24.   24.   24.   24.   24.   24.   24.   24.   24.   24.
 2444. 3712. 3712. 3712. 2444.   24. 2444. 2444. 3712. 3712. 3712. 3712.
 3712. 3712. 
 24. 24. 24. 24. 24. 24. 24. 24. 24. 24. 24. 24. 24. 24. 24. 24. 24. 24.
 24. 24. 24. 24. 24. 24. 24. 24. 
   24.   24.   24.   24.   24. 2444. 3712. 3712. 3712. 2444.   24.   24.
   24.   24.   24.   24.   24.   24.   24.   24.   24.   24.   24.   24.
 2444. 3712. 
 3712. 3712. 2444. 2444. 2444. 3712. 3712. 3712. 3712. 3712. 3712. 3712.
   24.   24.   24.   24.   24.   24.   24.   24.   24.   24.   24.   24.
   24.   24. 
   24.   24.   24.   24.   24.   24.   24.   24.   24.   24.   24.   24.
   24.   24.   24.   24. 2444. 2444. 3712. 3712. 2444. 2444.   24.   24.
   24.   24. 
 2444. 2444. 2444. 2444.   24.   24.   24.   24.   24.   24. 2444. 2444.
 3712. 3712. 2444. 2444. 3712. 3712. 3712. 3712. 2444. 2444. 2444. 3712.
   24.   24. 
 24. 24. 24. 24. 24. 24. 24. 24. 24. 24. 24. 24. 24. 24. 24. 24. 24. 24.
 24. 24. 24. 24. 24. 24. 24. 24. 
   24.   24. 2444. 3712. 3712. 3712. 2444.   24.   24. 2444. 2444. 2444.
 2444. 2444. 2444. 2444. 2444. 2444.   24.   24.   24.   24. 2444. 2444.
 3712. 3712. 
 3712. 3712. 3712. 3712. 3712. 2444.   24.   24. 2444. 3712.   24.   24.
   24.   24.   24.   24.   24.   24.   24.   24.   24.   24.   24.   24.
   24.   24. 
   24.   24.   24.   24.   24.   24.   24.   24.   24.   24.   24.   24.
   24.   24. 2444. 3712. 3712. 3712. 2444. 2444. 2444. 2444. 2444. 3712.
 3712. 3712. 
 3712. 3712. 3712. 2444. 2444.   24.   24.   24.   24. 2444. 3712. 3712.
 3712. 3712. 3712. 3712. 2444.   24.   24.   24. 2444. 3712. 2444.   24.
   24.   24. 
 24. 24. 24. 24. 24. 24. 24. 24. 24. 24. 24. 24. 24. 24. 24. 24. 24. 24.
 24. 24. 24. 24. 24. 24. 24. 24. 
 2444. 3712. 3712. 3712. 2444. 3712. 3712. 3712. 3712. 3712. 3712. 3712.
 3712. 3712. 3712. 3712. 2444.   24.   24.   24.   24. 2444. 2444. 3712.
 3712. 3712. 
 3712. 2444. 2444.   24.   24.   24. 2444. 2444. 3712. 2444.   24.   24.
   24.   24.   24.   24.   24.   24.   24.   24.   24.   24.   24.   24.
   24.   24. 
   24.   24.   24.   24.   24.   24.   24.   24.   24.   24.   24.   24.
 2444. 2444. 3712. 3712. 3712. 3712. 3712. 3712. 3712. 3712. 3712. 3712.
 2444. 3712. 
 3712. 3712. 2444.   24.   24.   24.   24.   24. 2444. 2444. 2444. 2444.
 2444.   24.   24.   24.   24.   24.   24. 2444. 3712. 2444.   24.   24.
   24.   24. 
   24.   24.   24.   24.   24.   24.   24.   24.   24.   24.   24.   24.
   24.   24.   24.   24.   24.   24.   24.   24.   24.   24.   24.   24.
 2444. 2444. 
 3712. 3712. 3712. 3712. 3712. 3712. 3712. 2444. 2444. 2444. 2444. 3712.
 3712. 3712. 2444. 2444.   24.   24.   24.   24.   24.   24.   24.   24.
   24.   24. 
   24.   24.   24.   24.   24. 2444. 3712. 2444.   24.   24.   24.   24.
   24.   24.   24.   24.   24.   24.   24.   24.   24.   24.   24.   24.
   24.   24. 
   24.   24.   24.   24.   24.   24.   24.   24.   24.   24.   24. 2444.
 2444. 2444. 2444. 2444. 2444. 2444. 2444. 2444.   24.   24. 2444. 3712.
 3712. 3712. 
 2444. 2444.   24.   24.   24.   24.   24.   24.   24.   24.   24.   24.
   24.   24.   24.   24.   24. 2444. 3712. 2444.   24.   24.   24.   24.
   24.   24. 
   24.   24.   24.   24.   24.   24.   24.   24.   24.   24.   24.   24.
   24.   24.   24.   24.   24.   24.   24.   24.   24.   24.   24.   24.
   24. 2444. 
 2444. 2444. 2444.   24.   24.   24.   24.   24. 2444. 3712. 3712. 3712.
 2444. 2444.   24.   24.   24.   24.   24.   24.   24.   24.   24.   24.
   24.   24. 
   24.   24.   24.   24. 3712. 2444.   24.   24.   24.   24.   24.   24.
   24.   24.   24.   24.   24.   24.   24.   24.   24.   24.   24.   24.
   24.   24. 
   24.   24.   24.   24.   24.   24.   24.   24.   24.   24.   24.   24.
   24.   24.   24.   24.   24.   24.   24.   24. 2444. 3712. 3712. 3712.
 2444. 2444. 
   24.   24.   24.   24.   24.   24.   24.   24.   24.   24.   24.   24.
   24.   24.   24.   24. 3712. 2444. 2444.   24.   24.   24.   24.   24.
   24.   24. 
 24. 24. 24. 24. 24. 24. 24. 24. 24. 24. 24. 24. 24. 24. 24. 24. 24. 24.
 24. 24. 24. 24. 24. 24. 24. 24. 
   24.   24.   24.   24.   24.   24. 2444. 3712. 3712. 3712. 2444.   24.
   24.   24.   24.   24.   24.   24.   24.   24.   24.   24.   24.   24.
   24.   24. 
   24.   24. 3712. 3712. 2444. 2444.   24.   24.   24.   24.   24.   24.
   24.   24.   24.   24.   24.   24.   24.   24.   24.   24.   24.   24.
   24.   24. 
   24.   24.   24.   24.   24.   24.   24.   24.   24.   24.   24.   24.
   24.   24.   24.   24.   24.   24. 2444. 3712. 3712. 3712. 2444.   24.
   24.   24. 
   24.   24.   24.   24.   24.   24.   24.   24.   24.   24.   24.   24.
   24.   24. 3712. 3712. 2444. 2444.   24.   24.   24.   24. 2444. 2444.
 2444. 2444. 
 24. 24. 24. 24. 24. 24. 24. 24. 24. 24. 24. 24. 24. 24. 24. 24. 24. 24.
 24. 24. 24. 24. 24. 24. 24. 24. 
   24.   24.   24.   24. 2444. 3712. 3712. 3712. 2444.   24.   24.   24.
   24.   24.   24.   24.   24.   24.   24.   24.   24.   24.   24.   24.
   24.   24. 
 3712. 3712. 2444. 2444. 2444. 2444. 2444. 2444. 2444. 3712. 3712. 2444.
 2444. 2444.   24.   24.   24.   24.   24.   24.   24.   24.   24.   24.
   24.   24. 
   24.   24.   24.   24.   24.   24.   24.   24.   24.   24.   24.   24.
   24.   24.   24.   24. 2444. 3712. 3712. 3712. 2444.   24.   24.   24.
   24.   24. 
   24.   24.   24.   24.   24.   24.   24.   24.   24.   24.   24.   24.
 3712. 3712. 2444. 3712. 3712. 2444. 2444. 3712. 3712. 3712. 3712. 3712.
 3712. 2444. 
 2444.   24.   24.   24.   24.   24.   24.   24.   24.   24.   24.   24.
   24.   24.   24.   24.   24.   24.   24.   24.   24.   24.   24.   24.
   24.   24. 
   24. 2444. 2444. 3712. 3712. 2444. 2444.   24.   24.   24.   24.   24.
   24.   24.   24.   24.   24.   24.   24.   24.   24.   24.   24.   24.
 3712. 2444. 
 3712. 3712. 3712. 3712. 3712. 3712. 3712. 2444. 2444. 2444. 2444. 3712.
 2444. 2444.   24.   24.   24.   24.   24.   24.   24.   24.   24.   24.
   24.   24. 
   24.   24.   24.   24.   24.   24.   24.   24.   24.   24.   24.   24.
   24. 2444. 3712. 3712. 3712. 2444.   24.   24.   24.   24.   24.   24.
   24.   24. 
   24.   24.   24.   24.   24.   24.   24.   24.   24.   24. 3712. 2444.
 2444. 2444. 2444. 2444. 2444. 2444. 2444. 3712. 3712. 3712. 3712. 2444.
 2444. 2444. 
   24.   24.   24.   24.   24.   24.   24.   24.   24.   24.   24.   24.
   24.   24.   24.   24.   24.   24.   24.   24.   24.   24.   24.   24.
   24. 2444. 
 3712. 3712. 3712. 2444. 2444. 2444.   24.   24.   24.   24.   24.   24.
   24.   24.   24.   24.   24.   24.   24.   24.   24.   24. 3712. 3712.
 3712. 3712. 
 3712. 3712. 3712. 3712. 3712. 3712. 3712. 3712. 3712. 3712. 2444. 2444.
   24.   24.   24.   24.   24.   24.   24.   24.   24.   24.   24.   24.
   24.   24. 
   24.   24.   24.   24.   24.   24.   24.   24.   24.   24.   24. 2444.
 3712. 3712. 3712. 3712. 3712. 2444. 2444. 2444. 2444. 2444.   24.   24.
   24.   24. 
   24.   24.   24.   24.   24.   24.   24.   24. 3712. 3712. 3712. 3712.
 3712. 3712. 3712. 3712. 3712. 3712. 3712. 3712. 3712. 3712. 3712. 2444.
   24.   24. 
   24.   24.   24.   24.   24.   24.   24.   24.   24.   24.   24.   24.
   24.   24.   24.   24.   24.   24.   24.   24.   24.   24.   24. 2444.
 2444. 3712. 
 3712. 3712. 3712. 3712. 3712. 3712. 3712. 2444. 2444. 2444. 2444.   24.
   24.   24.   24.   24.   24.   24.   24.   24. 3712. 3712. 3712. 3712.
 3712. 3712. 
 3712. 3712. 3712. 3712. 3712. 2444. 3712. 3712. 3712. 2444.   24.   24.
   24.   24.   24.   24.   24.   24.   24.   24.   24.   24.   24.   24.
   24.   24. 
   24.   24.   24.   24.   24.   24.   24.   24.   24.   24. 2444. 3712.
 3712. 3712. 3712. 3712. 3712. 3712. 3712. 3712. 3712. 3712. 3712. 2444.
 2444.   24. 
   24.   24.   24.   24.   24.   24. 2444. 2444. 2444. 2444. 2444. 2444.
 2444. 3712. 3712. 2444. 2444. 2444. 2444. 3712. 3712. 2444. 2444.   24.
   24.   24. 
   24.   24.   24.   24.   24.   24.   24.   24.   24.   24.   24.   24.
   24.   24.   24.   24.   24.   24.   24.   24.   24.   24.   24. 2444.
 2444. 3712. 
 3712. 3712. 3712. 3712. 3712. 3712. 3712. 3712. 3712. 3712. 3712. 2444.
   24.   24.   24.   24.   24.   24.   24.   24.   24.   24.   24.   24.
   24. 2444. 
   24. 2444. 2444. 3712. 2444. 3712. 3712. 2444. 2444. 2444. 2444. 2444.
 2444. 2444. 2444.   24.   24.   24.   24.   24.   24.   24.   24.   24.
   24.   24. 
   24.   24.   24.   24.   24.   24.   24.   24.   24.   24. 2444. 2444.
 2444. 2444. 2444. 2444. 3712. 3712. 3712. 3712. 3712. 3712. 3712. 2444.
 2444.   24. 
   24.   24.   24.   24.   24.   24.   24.   24.   24.   24.   24.   24.
   24. 2444. 2444. 3712. 2444. 3712. 3712. 2444. 2444. 2444. 2444. 3712.
 3712. 3712. 
 2444. 2444. 2444.   24.   24.   24.   24.   24.   24.   24.   24.   24.
   24.   24.   24.   24.   24.   24.   24.   24.   24.   24.   24.   24.
   24.   24. 
   24. 2444. 2444. 2444. 2444. 2444. 3712. 3712. 3712. 3712. 2444.   24.
   24.   24.   24.   24.   24.   24.   24.   24.   24.   24.   24.   24.
   24. 2444. 
 2444. 3712. 2444. 3712. 3712. 2444. 2444. 3712. 3712. 3712. 3712. 3712.
 3712. 2444. 2444.   24.   24.   24.   24.   24.   24.   24.   24.   24.
   24.   24. 
   24.   24.   24.   24.   24.   24.   24.   24.   24.   24.   24.   24.
   24.   24.   24.   24.   24. 2444. 2444. 3712. 3712. 3712. 2444.   24.
   24.   24. 
   24.   24.   24.   24.   24.   24.   24.   24.   24.   24.   24. 2444.
 2444. 3712. 2444. 3712. 3712. 3712. 2444. 3712. 3712. 3712. 3712. 3712.
 3712. 3712. 
 2444. 2444.   24.   24.   24.   24.   24.   24.   24.   24.   24.   24.
   24.   24.   24.   24.   24.   24.   24.   24.   24.   24.   24.   24.
   24.   24. 
   24.   24.   24.   24. 2444. 3712. 3712. 3712. 2444.   24.   24.   24.
   24.   24.   24.   24.   24.   24.   24.   24.   24.   24.   24. 2444.
 2444. 3712. 
 2444. 3712. 3712. 3712. 2444. 3712. 3712. 2444. 2444. 2444. 2444. 2444.
 2444. 2444. 2444.   24.   24.   24.   24.   24.   24.   24.   24.   24.
   24.   24. 
   24.   24.   24.   24.   24.   24.   24.   24.   24.   24.   24.   24.
   24.   24.   24.   24. 2444. 3712. 3712. 3712. 2444. 2444.   24.   24.
   24.   24. 
   24.   24.   24.   24.   24.   24.   24.   24.   24. 2444. 2444. 3712.
 2444. 3712. 3712. 3712. 2444. 2444. 2444. 2444. 2444. 2444. 2444. 2444.
 2444. 2444. 
 2444. 2444.   24.   24.   24.   24.   24.   24.   24.   24.   24.   24.
   24.   24.   24.   24.   24.   24.   24.   24.   24.   24.   24.   24.
   24.   24. 
   24.   24. 2444. 2444. 3712. 3712. 3712. 2444.   24.   24.   24. 2444.
   24.   24.   24.   24.   24.   24.   24.   24.   24.   24. 2444. 2444.
 3712. 2444. 
 3712. 3712. 3712. 2444. 3712. 3712. 3712. 3712. 3712. 3712. 3712. 3712.
 3712. 3712. 2444.   24.   24.   24.   24.   24.   24.   24.   24.   24.
   24.   24. 
   24.   24.   24.   24.   24.   24.   24.   24.   24.   24.   24.   24.
   24.   24.   24. 2444. 3712. 3712. 3712. 2444. 2444.   24. 2444. 2444.
   24.   24. 
   24.   24.   24.   24.   24.   24.   24.   24. 2444. 2444. 2444. 2444.
 2444. 3712. 3712. 3712. 3712. 3712. 3712. 3712. 3712. 3712. 3712. 3712.
 3712. 3712. 
 3712. 2444.   24.   24.   24.   24.   24.   24.   24.   24.   24.   24.
   24.   24.   24.   24.   24.   24.   24.   24.   24.   24.   24.   24.
   24.   24. 
   24. 2444. 2444. 3712. 3712. 2444. 2444. 2444. 2444. 3712.   24.   24.
   24.   24.   24.   24.   24.   24.   24.   24.   24.   24. 2444. 2444.
 2444. 2444. 
 3712. 3712. 3712. 3712. 3712. 3712. 2444. 2444. 2444. 2444. 3712. 3712.
 3712. 2444.   24.   24.   24.   24.   24.   24.   24.   24.   24.   24.
   24.   24. 
   24.   24.   24.   24.   24.   24.   24.   24.   24.   24.   24.   24.
   24. 2444. 2444. 3712. 3712. 2444. 2444. 3712. 3712. 3712.   24.   24.
   24.   24. 
   24.   24.   24.   24.   24.   24.   24.   24.   24.   24.   24. 2444.
 2444. 2444. 2444. 2444. 2444. 2444. 2444. 3712. 2444. 2444. 3712. 3712.
 3712. 2444. 
   24.   24.   24.   24.   24.   24.   24.   24.   24.   24.   24.   24.
   24.   24.   24.   24.   24.   24.   24.   24.   24.   24.   24.   24.
   24. 2444. 
 2444. 3712. 3712. 2444. 3712. 3712. 3712. 3712.   24.   24.   24.   24.
   24.   24.   24.   24.   24.   24.   24.   24.   24.   24.   24.   24.
   24.   24. 
   24.   24. 2444. 3712. 3712. 3712. 2444. 2444. 3712. 3712. 3712. 2444.
   24.   24.   24.   24.   24.   24.   24.   24.   24.   24.   24.   24.
   24.   24. 
   24.   24.   24.   24.   24.   24.   24.   24.   24.   24.   24.   24.
 2444. 3712. 3712. 3712. 3712. 3712. 3712. 2444.   24.   24.   24.   24.
   24.   24. 
   24.   24.   24.   24.   24.   24.   24.   24.   24.   24.   24.   24.
   24.   24. 2444. 3712. 3712. 3712. 2444. 2444. 3712. 3712. 2444. 2444.
 2444. 2444. 
 2444. 2444. 2444.   24.   24.   24.   24.   24.   24.   24.   24.   24.
   24.   24.   24.   24.   24.   24.   24.   24.   24.   24.   24.   24.
 2444. 3712. 
 3712. 3712. 3712. 3712. 2444. 2444.   24.   24.   24.   24.   24.   24.
   24.   24.   24.   24.   24.   24.   24.   24.   24.   24.   24.   24.
   24.   24. 
 2444. 3712. 3712. 3712. 2444. 2444. 3712. 3712. 3712. 2444. 2444. 2444.
 2444. 2444. 2444. 2444. 2444.   24.   24.   24.   24.   24.   24.   24.
   24.   24. 
   24.   24.   24.   24.   24.   24.   24.   24.   24.   24. 2444. 2444.
 3712. 3712. 2444. 2444. 2444.   24.   24.   24.   24.   24.   24.   24.
   24.   24. 
   24.   24.   24.   24.   24.   24.   24.   24.   24.   24.   24.   24.
 2444. 2444. 3712. 3712. 3712. 2444. 3712. 3712. 3712. 2444. 3712. 3712.
 3712. 3712. 
 3712. 3712. 2444.   24.   24.   24.   24.   24.   24.   24.   24.   24.
   24.   24.   24.   24.   24.   24.   24.   24.   24.   24.   24.   24.
 2444. 2444. 
 2444.   24.   24.   24.   24.   24.   24.   24.   24.   24.   24.   24.
   24.   24.   24.   24.   24.   24.   24.   24.   24.   24.   24.   24.
 2444. 2444. 
 3712. 3712. 3712. 2444. 3712. 3712. 3712. 2444. 3712. 3712. 3712. 3712.
 3712. 3712. 3712. 2444.   24.   24.   24.   24.   24.   24.   24.   24.
   24.   24. 
 24. 24. 24. 24. 24. 24. 24. 24. 24. 24. 24. 24. 24. 24. 24. 24. 24. 24.
 24. 24. 24. 24. 24. 24. 24. 24. 
   24.   24.   24.   24.   24.   24.   24.   24.   24.   24.   24. 2444.
 2444. 3712. 3712. 2444. 3712. 3712. 2444. 2444. 3712. 3712. 3712. 3712.
 3712. 3712. 
 3712. 2444. 2444.   24.   24.   24.   24.   24.   24.   24.   24.   24.
   24.   24.   24.   24.   24.   24.   24.   24.   24.   24.   24.   24.
   24.   24. 
   24.   24.   24.   24.   24.   24.   24.   24.   24.   24.   24.   24.
   24.   24.   24.   24.   24.   24.   24.   24.   24.   24.   24.   24.
 2444. 2444. 
 2444. 2444. 3712. 3712. 2444. 2444. 2444. 2444. 2444. 2444. 3712. 3712.
 2444. 2444. 2444.   24.   24.   24.   24.   24.   24.   24.   24.   24.
   24.   24. 
 24. 24. 24. 24. 24. 24. 24. 24. 24. 24. 24. 24. 24. 24. 
/