PERMI
   10.   10.   10.   10.   10.   10.   10.   10.   10.   10.   10.   10.
   10.   10.   10.   10.   10.   10.   10.   10.   10.   10. 2028. 2028.
 2549. 2549. 
 2549. 2028. 2549. 2549. 2549. 2549. 2028. 2028. 2028. 2549. 2549. 2028.
 2028.   10.   10.   10. 2028. 2028. 2549. 2549. 2549. 2549. 2549. 2028.
 2028. 2028. 
 10. 10. 10. 10. 10. 10. 10. 10. 10. 10. 10. 10. 10. 10. 10. 10. 10. 10.
 10. 10. 10. 10. 10. 10. 10. 10. 
   10.   10.   10.   10.   10.   10.   10.   10. 2028. 2549. 2549. 2549.
 2549. 2028. 2549. 2549. 2549. 2549. 2028. 2028. 2549. 2549. 2549. 2028.
 2028.   10. 
   10.   10. 2028. 2028. 2028. 2549. 2549. 2549. 2549. 2549. 2549. 2028.
   10.   10.   10.   10.   10.   10.   10.   10.   10.   10.   10.   10.
   10.   10. 
   10.   10.   10.   10.   10.   10.   10.   10.   10.   10.   10.   10.
   10.   10.   10.   10.   10.   10. 2028. 2028. 2549. 2549. 2549. 2549.
 2028. 2028. 
 2028. 2028. 2028. 2028. 2028. 2549. 2549. 2549. 2549. 2028. 2028.   10.
   10.   10.   10.   10. 2028. 2028. 2028. 2549. 2549. 2549. 2549. 2028.
 2028.   10. 
 10. 10. 10. 10. 10. 10. 10. 10. 10. 10. 10. 10. 10. 10. 10. 10. 10. 10.
 10. 10. 10. 10. 10. 10. 10. 10. 
   10.   10.   10. 2028. 2028. 2549. 2549. 2549. 2549. 2028. 2028. 2028.
 2028. 2028. 2549. 2549. 2549. 2549. 2549. 2549. 2028. 2028.   10.   10.
   10.   10. 
   10.   10.   10.   10. 2028. 2028. 2028. 2549. 2549. 2028. 2028.   10.
   10.   10.   10.   10.   10.   10.   10.   10.   10.   10.   10.   10.
   10.   10. 
   10.   10.   10.   10.   10.   10.   10.   10.   10.   10.   10.   10.
   10.   10.   10. 2028. 2549. 2549. 2549. 2549. 2028. 2028. 2028. 2549.
 2549. 2549. 
 2549. 2549. 2549. 2549. 2549. 2028. 2028.   10.   10.   10.   10.   10.
   10.   10.   10. 2028. 2028. 2028. 2549. 2549. 2549. 2028. 2028.   10.
   10.   10. 
 10. 10. 10. 10. 10. 10. 10. 10. 10. 10. 10. 10. 10. 10. 10. 10. 10. 10.
 10. 10. 10. 10. 10. 10. 10. 10. 
   10. 2028. 2549. 2549. 2549. 2028. 2028. 2028. 2549. 2549. 2549. 2549.
 2549. 2549. 2549. 2028. 2028. 2028.   10.   10.   10.   10.   10.   10.
   10.   10. 
 2028. 2028. 2549. 2549. 2549. 2549. 2549. 2028.   10.   10.   10.   10.
   10.   10.   10.   10.   10.   10.   10.   10.   10.   10.   10.   10.
   10.   10. 
   10.   10.   10.   10.   10.   10.   10.   10.   10.   10.   10.   10.
   10. 2028. 2549. 2549. 2549. 2028. 2028. 2549. 2549. 2549. 2549. 2028.
 2028. 2028. 
 2028. 2028. 2028. 2028.   10.   10.   10.   10.   10.   10.   10. 2028.
 2028. 2549. 2549. 2549. 2549. 2549. 2028. 2028.   10.   10.   10.   10.
   10.   10. 
   10.   10.   10.   10.   10.   10.   10.   10.   10.   10.   10.   10.
   10.   10.   10.   10.   10.   10.   10.   10.   10.   10.   10.   10.
   10. 2028. 
 2028. 2549. 2549. 2549. 2028. 2028. 2549. 2549. 2028. 2028. 2028. 2028.
 2028. 2028. 2028.   10.   10.   10.   10.   10.   10.   10. 2028. 2028.
 2549. 2549. 
 2549. 2549. 2028. 2028. 2028.   10.   10.   10.   10.   10.   10.   10.
   10.   10.   10.   10.   10.   10.   10.   10.   10.   10.   10.   10.
   10.   10. 
   10.   10.   10.   10.   10.   10.   10.   10.   10.   10.   10.   10.
 2028. 2549. 2549. 2549. 2549. 2028. 2028. 2549. 2028. 2028. 2549. 2549.
 2028. 2028. 
   10.   10.   10.   10.   10.   10.   10.   10. 2028. 2549. 2549. 2549.
 2549. 2028. 2028.   10.   10.   10.   10.   10.   10.   10.   10.   10.
   10.   10. 
   10.   10.   10.   10.   10.   10.   10.   10.   10.   10.   10.   10.
   10.   10.   10.   10.   10.   10.   10.   10.   10.   10.   10.   10.
 2028. 2028. 
 2549. 2549. 2549. 2549. 2028. 2028. 2028. 2028. 2028. 2028. 2028.   10.
   10.   10.   10.   10.   10.   10.   10.   10. 2028. 2549. 2549. 2549.
 2028. 2028. 
 10. 10. 10. 10. 10. 10. 10. 10. 10. 10. 10. 10. 10. 10. 10. 10. 10. 10.
 10. 10. 10. 10. 10. 10. 10. 10. 
   10.   10.   10.   10.   10.   10.   10.   10.   10.   10.   10. 2028.
 2028. 2549. 2549. 2549. 2549. 2028. 2549. 2028. 2028. 2028. 2028. 2028.
   10.   10. 
   10.   10.   10.   10.   10.   10. 2028. 2549. 2549. 2549. 2549. 2028.
   10.   10.   10.   10.   10.   10.   10.   10.   10.   10.   10.   10.
   10.   10. 
   10.   10.   10.   10.   10.   10.   10.   10.   10.   10.   10.   10.
   10.   10.   10.   10.   10.   10.   10.   10.   10.   10.   10.   10.
 2028. 2028. 
 2549. 2549. 2549. 2028. 2028. 2549. 2028. 2028. 2028. 2028. 2028.   10.
   10.   10.   10.   10.   10.   10. 2028. 2028. 2549. 2549. 2549. 2028.
 2028.   10. 
 10. 10. 10. 10. 10. 10. 10. 10. 10. 10. 10. 10. 10. 10. 10. 10. 10. 10.
 10. 10. 10. 10. 10. 10. 10. 10. 
   10.   10.   10.   10.   10.   10.   10. 2028.   10.   10.   10. 2028.
 2549. 2549. 2549. 2028. 2028. 2549. 2549. 2028. 2549. 2028. 2028. 2028.
   10.   10. 
   10.   10.   10.   10.   10. 2028. 2549. 2549. 2549. 2549. 2028. 2028.
   10.   10.   10.   10.   10.   10.   10.   10.   10.   10.   10.   10.
   10. 2028. 
   10.   10.   10.   10.   10.   10.   10.   10.   10.   10.   10.   10.
   10.   10.   10.   10.   10. 2028. 2028. 2028. 2028. 2028. 2028. 2028.
 2028. 2549. 
 2549. 2549. 2028. 2549. 2549. 2028. 2028. 2549. 2028. 2028.   10.   10.
   10.   10.   10.   10.   10. 2028. 2028. 2549. 2549. 2549. 2028. 2028.
   10.   10. 
   10.   10.   10.   10.   10.   10.   10.   10.   10.   10. 2028. 2028.
   10.   10.   10.   10.   10.   10.   10.   10.   10.   10.   10.   10.
   10.   10. 
   10.   10. 2028. 2028. 2028. 2549. 2549. 2549. 2549. 2549. 2549. 2549.
 2549. 2028. 2028. 2549. 2549. 2028. 2028. 2549. 2549. 2028. 2028.   10.
   10.   10. 
   10.   10.   10.   10. 2028. 2549. 2549. 2549. 2549. 2028. 2028.   10.
   10.   10.   10.   10.   10.   10.   10.   10.   10.   10. 2028. 2028.
   10.   10. 
   10.   10.   10.   10.   10.   10.   10.   10.   10.   10.   10.   10.
   10. 2028. 2028. 2549. 2549. 2549. 2549. 2549. 2549. 2549. 2549. 2549.
 2549. 2028. 
 2028. 2549. 2549. 2549. 2028. 2549. 2549. 2028. 2028.   10.   10.   10.
   10.   10.   10.   10. 2028. 2028. 2549. 2549. 2549. 2028. 2028.   10.
   10.   10. 
   10.   10.   10.   10.   10.   10.   10.   10. 2028. 2549.   10.   10.
   10.   10.   10.   10.   10.   10.   10.   10.   10.   10.   10.   10.
   10. 2028. 
 2028. 2549. 2549. 2549. 2549. 2549. 2549. 2549. 2549. 2028. 2028. 2028.
 2549. 2549. 2549. 2549. 2028. 2549. 2549. 2028. 2028.   10.   10.   10.
   10. 2028. 
 2028. 2028. 2028. 2028. 2549. 2549. 2549. 2028. 2028.   10.   10.   10.
   10.   10.   10.   10.   10.   10.   10.   10. 2028. 2549.   10.   10.
   10.   10. 
   10.   10.   10.   10.   10.   10.   10.   10.   10.   10.   10. 2028.
 2549. 2549. 2549. 2549. 2028. 2028. 2028. 2028. 2028. 2028. 2549. 2549.
 2549. 2549. 
 2549. 2028. 2028. 2549. 2549. 2028. 2028.   10.   10. 2028. 2028. 2028.
 2028. 2028. 2028. 2549. 2549. 2549. 2549. 2028. 2028.   10.   10.   10.
   10.   10. 
   10.   10.   10.   10.   10.   10. 2028. 2549.   10.   10.   10.   10.
   10.   10.   10.   10.   10.   10.   10.   10.   10.   10.   10. 2028.
 2549. 2549. 
 2549. 2549. 2028. 2028. 2028. 2028. 2549. 2549. 2549. 2549. 2549. 2549.
 2549. 2028. 2549. 2549. 2549. 2028. 2028. 2028. 2028. 2028. 2028. 2549.
 2549. 2549. 
 2549. 2549. 2549. 2549. 2028. 2028. 2028.   10.   10.   10.   10.   10.
   10.   10.   10.   10.   10.   10. 2028. 2549.   10.   10.   10.   10.
   10.   10. 
   10.   10.   10.   10.   10.   10.   10.   10.   10. 2028. 2549. 2549.
 2549. 2549. 2028. 2028. 2028. 2549. 2549. 2549. 2549. 2549. 2549. 2028.
 2028. 2549. 
 2549. 2549. 2028. 2028.   10. 2028. 2028. 2549. 2549. 2549. 2549. 2549.
 2549. 2549. 2549. 2028. 2028. 2028.   10.   10.   10.   10.   10.   10.
   10.   10. 
   10.   10.   10.   10. 2028. 2028.   10.   10.   10.   10.   10.   10.
   10.   10.   10.   10.   10.   10.   10.   10.   10. 2028. 2028. 2549.
 2549. 2549. 
 2028. 2028. 2028. 2549. 2549. 2549. 2549. 2028. 2028. 2549. 2549. 2549.
 2549. 2028. 2028.   10.   10. 2028. 2549. 2549. 2549. 2549. 2549. 2549.
 2549. 2549. 
 2028. 2028. 2028.   10.   10.   10.   10.   10.   10.   10.   10.   10.
   10.   10.   10.   10. 2028. 2028.   10.   10.   10.   10.   10.   10.
   10.   10. 
   10.   10.   10.   10.   10.   10.   10.   10. 2028. 2028. 2549. 2549.
 2549. 2028. 2028. 2549. 2549. 2549. 2028. 2028. 2549. 2549. 2028. 2028.
 2028. 2028. 
   10.   10.   10. 2028. 2549. 2549. 2549. 2028. 2028. 2028. 2028. 2028.
 2028.   10.   10.   10.   10.   10.   10.   10.   10.   10.   10.   10.
   10.   10. 
   10.   10. 2028. 2028.   10.   10.   10.   10.   10.   10.   10.   10.
   10.   10.   10.   10.   10.   10.   10.   10. 2028. 2028. 2549. 2549.
 2549. 2028. 
 2028. 2549. 2549. 2549. 2549. 2028. 2028. 2028. 2028. 2028.   10.   10.
   10.   10.   10. 2028. 2028. 2549. 2549. 2549. 2028. 2028. 2028.   10.
   10.   10. 
   10.   10.   10.   10.   10.   10.   10.   10.   10.   10.   10.   10.
 2028. 2028. 2028. 2028.   10.   10.   10.   10.   10.   10.   10.   10.
   10.   10. 
   10.   10.   10.   10.   10.   10.   10. 2028. 2549. 2549. 2549. 2028.
 2028. 2028. 2549. 2549. 2549. 2549. 2549. 2549. 2028. 2028.   10.   10.
   10.   10. 
   10.   10. 2028. 2028. 2549. 2549. 2028. 2028. 2028.   10.   10.   10.
   10.   10.   10.   10.   10.   10.   10.   10.   10.   10. 2028. 2028.
 2028. 2028. 
 2549. 2549.   10.   10.   10.   10.   10.   10.   10.   10.   10.   10.
   10.   10.   10.   10.   10.   10. 2028. 2028. 2549. 2549. 2549. 2028.
 2028. 2028. 
 2028. 2549. 2549. 2549. 2549. 2549. 2549. 2028. 2028.   10.   10.   10.
   10.   10.   10. 2028. 2549. 2549. 2549. 2028. 2028.   10.   10.   10.
   10.   10. 
   10.   10.   10.   10.   10.   10.   10. 2028. 2028. 2028. 2549. 2549.
 2549. 2549.   10.   10.   10.   10.   10.   10.   10.   10.   10.   10.
   10.   10. 
   10.   10.   10.   10. 2028. 2549. 2549. 2549. 2549. 2028. 2028.   10.
 2028. 2028. 2028. 2549. 2549. 2549. 2549. 2549. 2028. 2028.   10.   10.
   10.   10. 
   10. 2028. 2028. 2549. 2549. 2549. 2028. 2028.   10.   10.   10.   10.
   10.   10.   10.   10.   10.   10. 2028. 2028. 2028. 2549. 2549. 2549.
 2549. 2028. 
   10.   10.   10.   10.   10.   10.   10.   10.   10.   10.   10.   10.
   10.   10.   10. 2028. 2028. 2549. 2549. 2549. 2028. 2028.   10.   10.
   10. 2028. 
 2028. 2028. 2028. 2549. 2549. 2549. 2549. 2028.   10.   10.   10.   10.
   10.   10. 2028. 2028. 2549. 2549. 2549. 2028. 2028.   10.   10.   10.
   10.   10. 
   10.   10.   10.   10. 2028. 2028. 2549. 2549. 2549. 2549. 2028. 2028.
   10.   10.   10.   10.   10.   10.   10.   10.   10.   10.   10.   10.
   10.   10. 
 2028. 2028. 2549. 2549. 2549. 2028. 2028.   10.   10.   10.   10. 2028.
 2028. 2028. 2028. 2549. 2549. 2549. 2549. 2028.   10.   10.   10.   10.
   10.   10. 
   10. 2028. 2549. 2549. 2549. 2028. 2028.   10.   10.   10.   10.   10.
   10.   10.   10.   10. 2028. 2028. 2549. 2549. 2549. 2028. 2028. 2028.
   10.   10. 
   10.   10.   10.   10.   10.   10.   10.   10.   10.   10.   10. 2028.
 2028. 2549. 2549. 2549. 2028. 2028. 2028.   10.   10.   10.   10. 2028.
 2028. 2028. 
 2549. 2549. 2549. 2549. 2028. 2028.   10.   10.   10.   10.   10. 2028.
 2028. 2028. 2549. 2549. 2549. 2028. 2028.   10.   10.   10.   10.   10.
   10.   10. 
   10.   10. 2028. 2028. 2549. 2549. 2549. 2549. 2549. 2549.   10.   10.
   10.   10.   10.   10.   10.   10.   10.   10.   10.   10. 2028. 2549.
 2549. 2549. 
 2549. 2028. 2028.   10.   10.   10.   10.   10. 2028. 2028. 2549. 2549.
 2549. 2549. 2549. 2028. 2028.   10.   10.   10.   10.   10. 2028. 2028.
 2549. 2549. 
 2549. 2549. 2549. 2028.   10.   10.   10.   10.   10.   10.   10.   10.
   10.   10. 2028. 2028. 2028. 2549. 2549. 2549. 2549. 2549.   10.   10.
   10.   10. 
   10.   10.   10.   10.   10.   10.   10.   10. 2028. 2549. 2549. 2549.
 2028. 2028.   10.   10.   10.   10.   10.   10. 2028. 2549. 2549. 2549.
 2549. 2549. 
 2028. 2028.   10.   10.   10.   10.   10.   10. 2028. 2549. 2549. 2549.
 2549. 2549. 2028. 2028.   10.   10.   10.   10.   10.   10.   10.   10.
   10.   10. 
   10. 2028. 2028. 2028. 2549. 2549. 2549. 2549.   10.   10.   10.   10.
   10.   10.   10.   10.   10.   10.   10. 2028. 2028. 2549. 2549. 2549.
 2028.   10. 
   10.   10.   10.   10.   10. 2028. 2028. 2549. 2549. 2549. 2549. 2028.
 2028. 2028.   10.   10.   10.   10.   10. 2028. 2028. 2549. 2549. 2549.
 2028. 2028. 
 2028.   10.   10.   10.   10.   10.   10.   10.   10.   10.   10.   10.
   10.   10. 2028. 2028. 2028. 2028. 2028. 2028.   10.   10.   10.   10.
   10.   10. 
   10.   10.   10.   10.   10.   10. 2028. 2549. 2549. 2549. 2028. 2028.
   10.   10.   10.   10.   10. 2028. 2549. 2549. 2549. 2549. 2028. 2028.
 2028. 2028. 
   10.   10.   10.   10.   10. 2028. 2549. 2549. 2549. 2028. 2028.   10.
   10.   10.   10.   10.   10.   10.   10.   10.   10.   10.   10.   10.
   10.   10. 
   10.   10. 2028. 2028. 2028. 2028.   10.   10.   10.   10.   10.   10.
   10.   10.   10.   10.   10.   10. 2028. 2028. 2549. 2549. 2549. 2028.
 2028. 2028. 
   10.   10.   10. 2028. 2028. 2549. 2549. 2549. 2028. 2028. 2028. 2028.
   10.   10.   10.   10. 2028. 2028. 2549. 2549. 2549. 2028.   10.   10.
   10.   10. 
   10.   10.   10.   10.   10.   10.   10.   10.   10.   10.   10.   10.
   10.   10.   10. 2028. 2028. 2549.   10.   10.   10.   10.   10.   10.
   10.   10. 
   10.   10.   10.   10.   10. 2028. 2549. 2549. 2549. 2549. 2549. 2028.
 2028.   10.   10. 2028. 2028. 2549. 2549. 2549. 2549. 2028. 2028. 2028.
   10.   10. 
   10.   10.   10. 2028. 2549. 2549. 2549. 2028. 2028.   10.   10.   10.
   10.   10.   10.   10.   10.   10.   10.   10.   10.   10.   10.   10.
   10.   10. 
 2028. 2028. 2549. 2549.   10.   10.   10.   10.   10.   10.   10.   10.
   10.   10.   10.   10.   10. 2028. 2028. 2549. 2549. 2549. 2549. 2549.
 2028. 2028. 
   10.   10. 2028. 2028. 2549. 2549. 2549. 2549. 2028. 2028.   10.   10.
   10.   10.   10. 2028. 2549. 2549. 2549. 2549. 2028. 2028. 2028.   10.
   10.   10. 
   10.   10.   10.   10.   10.   10.   10.   10.   10.   10.   10.   10.
 2028. 2028. 2549. 2549.   10.   10.   10.   10.   10.   10.   10.   10.
   10.   10. 
   10.   10.   10.   10. 2028. 2028. 2549. 2549. 2549. 2549. 2549. 2028.
   10.   10. 2028. 2028. 2028. 2028. 2549. 2549. 2549. 2028. 2028. 2028.
   10.   10. 
   10. 2028. 2028. 2549. 2549. 2549. 2549. 2028. 2028. 2028.   10.   10.
   10.   10.   10.   10.   10.   10.   10.   10.   10.   10.   10. 2028.
 2028. 2549. 
 2549. 2549.   10.   10.   10.   10.   10.   10.   10.   10.   10.   10.
   10.   10.   10.   10.   10. 2028. 2028. 2028. 2549. 2549. 2549. 2028.
 2028. 2028. 
 2028. 2549. 2028. 2028. 2028. 2549. 2549. 2549. 2549. 2028. 2028.   10.
   10.   10. 2028. 2028. 2549. 2549. 2549. 2549. 2549. 2028. 2028.   10.
   10.   10. 
   10.   10.   10.   10.   10.   10.   10.   10.   10. 2028. 2028. 2549.
 2549. 2549.   10.   10.   10.   10.   10.   10.   10.   10.   10.   10.
   10.   10. 
   10.   10.   10.   10.   10. 2028. 2028. 2549. 2549. 2549. 2028. 2028.
 2028. 2549. 2549. 2549. 2028. 2028. 2549. 2549. 2549. 2549. 2028.   10.
   10.   10. 
   10. 2028. 2028. 2549. 2549. 2549. 2549. 2549. 2028. 2028.   10.   10.
   10.   10.   10.   10.   10.   10.   10.   10.   10.   10. 2028. 2028.
 2549. 2549. 
   10.   10.   10.   10.   10.   10.   10.   10.   10.   10.   10.   10.
   10.   10.   10.   10.   10. 2028. 2028. 2549. 2549. 2028. 2028. 2028.
 2028. 2549. 
 2549. 2028. 2028. 2028. 2028. 2549. 2549. 2549. 2028. 2028.   10.   10.
   10.   10. 2028. 2028. 2549. 2549. 2549. 2549. 2549. 2028.   10.   10.
   10.   10. 
   10.   10.   10.   10.   10.   10.   10.   10. 2028. 2028. 2028. 2549.
   10.   10.   10.   10.   10.   10.   10.   10.   10.   10.   10.   10.
   10.   10. 
 2028. 2028. 2028. 2028. 2549. 2549. 2549. 2028. 2028. 2028. 2028. 2549.
 2549. 2549. 2028. 2028. 2028. 2028. 2549. 2549. 2549. 2028.   10.   10.
   10.   10. 
   10. 2028. 2028. 2028. 2549. 2549. 2549. 2028. 2028.   10.   10.   10.
   10.   10.   10.   10.   10.   10.   10.   10.   10. 2028. 2028. 2028.
   10.   10. 
   10.   10.   10.   10.   10.   10.   10.   10.   10.   10.   10. 2028.
 2028. 2028. 2549. 2549. 2549. 2549. 2028. 2028.   10.   10. 2028. 2028.
 2549. 2549. 
 2549. 2028. 2028. 2549. 2549. 2549. 2028. 2028.   10.   10.   10.   10.
   10.   10. 2028. 2028. 2549. 2549. 2549. 2028. 2028.   10.   10.   10.
   10.   10. 
   10.   10.   10.   10.   10.   10.   10.   10. 2028. 2028.   10.   10.
   10.   10.   10.   10.   10.   10.   10.   10.   10.   10. 2028. 2028.
 2549. 2549. 
 2549. 2549. 2549. 2028. 2028.   10.   10.   10.   10. 2028. 2028. 2549.
 2549. 2028. 2028. 2549. 2549. 2549. 2028.   10.   10.   10.   10.   10.
   10. 2028. 
 2028. 2549. 2549. 2549. 2549. 2028.   10.   10.   10.   10.   10.   10.
   10.   10.   10.   10.   10.   10.   10. 2028. 2028. 2028.   10.   10.
   10.   10. 
   10.   10.   10.   10.   10.   10.   10. 2028. 2028. 2549. 2549. 2549.
 2549. 2549. 2028. 2028.   10.   10.   10.   10.   10.   10. 2028. 2028.
 2028. 2028. 
 2549. 2549. 2549. 2549. 2028.   10.   10.   10.   10.   10. 2028. 2028.
 2028. 2549. 2549. 2549. 2028. 2028.   10.   10.   10.   10.   10.   10.
   10.   10. 
   10.   10.   10.   10. 2028. 2028. 2028. 2549.   10.   10.   10.   10.
   10.   10.   10.   10.   10.   10.   10. 2028. 2028. 2549. 2549. 2028.
 2028. 2028. 
 2028.   10.   10.   10.   10.   10.   10.   10.   10. 2028. 2028. 2549.
 2549. 2549. 2549. 2028.   10.   10.   10.   10.   10. 2028. 2028. 2028.
 2549. 2549. 
 2549. 2028. 2028.   10.   10.   10.   10.   10.   10.   10.   10.   10.
   10.   10.   10. 2028. 2028. 2028. 2549. 2549.   10.   10.   10.   10.
   10.   10. 
   10.   10.   10.   10.   10. 2028. 2549. 2549. 2549. 2028. 2028.   10.
   10.   10.   10.   10.   10.   10.   10.   10.   10. 2028. 2549. 2549.
 2549. 2549. 
 2028. 2028.   10.   10.   10.   10.   10. 2028. 2028. 2549. 2549. 2549.
 2028. 2028.   10.   10.   10.   10.   10.   10.   10.   10.   10.   10.
   10.   10. 
 2028. 2028. 2549. 2549. 2549. 2549.   10.   10.   10.   10.   10.   10.
   10.   10.   10.   10.   10. 2028. 2028. 2549. 2549. 2549. 2549. 2028.
 2028. 2028. 
   10.   10.   10.   10.   10.   10. 2028. 2028. 2549. 2549. 2549. 2028.
 2028. 2028.   10.   10.   10.   10. 2028. 2028. 2549. 2549. 2549. 2028.
 2028. 2028. 
   10.   10.   10.   10.   10.   10.   10.   10.   10.   10.   10.   10.
 2028. 2028. 2549. 2549. 2549. 2028.   10.   10.   10.   10.   10.   10.
   10.   10. 
   10.   10.   10.   10. 2028. 2549. 2549. 2549. 2549. 2549. 2549. 2028.
 2028.   10.   10.   10.   10. 2028. 2028. 2028. 2549. 2549. 2549. 2028.
 2028. 2028. 
 2028. 2028.   10.   10. 2028. 2028. 2549. 2549. 2549. 2028. 2028.   10.
   10.   10.   10.   10.   10.   10.   10.   10.   10.   10.   10. 2028.
 2028. 2549. 
 2549. 2549. 2028. 2028.   10.   10.   10.   10.   10.   10.   10.   10.
   10.   10.   10.   10.   10. 2028. 2028. 2549. 2549. 2549. 2549. 2549.
 2028. 2028. 
   10.   10. 2028. 2028. 2028. 2028. 2549. 2549. 2549. 2549. 2549. 2549.
 2028. 2028. 2028. 2028. 2028. 2028. 2549. 2549. 2549. 2028. 2028. 2028.
 2028. 2028. 
   10.   10.   10.   10.   10.   10.   10.   10.   10. 2028. 2028. 2549.
 2549. 2549. 2028. 2028.   10.   10.   10.   10.   10.   10.   10.   10.
   10.   10. 
   10.   10.   10.   10. 2028. 2028. 2028. 2549. 2549. 2549. 2028. 2028.
   10. 2028. 2028. 2549. 2028. 2028. 2549. 2549. 2549. 2549. 2549. 2549.
 2549. 2549. 
 2549. 2028. 2028. 2028. 2549. 2549. 2549. 2549. 2549. 2549. 2028. 2028.
 2028.   10.   10.   10.   10.   10.   10.   10.   10. 2028. 2028. 2549.
 2549. 2549. 
 2549. 2549.   10.   10.   10.   10.   10.   10.   10.   10.   10.   10.
   10.   10. 2028. 2028. 2028. 2028. 2028. 2549. 2549. 2549. 2028. 2028.
   10. 2028. 
 2028. 2549. 2549. 2028. 2028. 2549. 2549. 2549. 2549. 2549. 2549. 2549.
 2549. 2549. 2028. 2028. 2028. 2549. 2549. 2549. 2549. 2549. 2549. 2549.
 2028.   10. 
   10.   10.   10.   10.   10.   10.   10.   10. 2028. 2028. 2549. 2549.
 2549. 2549.   10.   10.   10.   10.   10.   10.   10.   10.   10.   10.
   10. 2028. 
 2028. 2028. 2549. 2549. 2549. 2549. 2549. 2549. 2028.   10.   10. 2028.
 2028. 2549. 2549. 2549. 2028. 2028. 2028. 2028. 2028. 2549. 2549. 2549.
 2549. 2549. 
 2549. 2028. 2028. 2028. 2028. 2549. 2549. 2549. 2549. 2549. 2028.   10.
   10.   10.   10.   10.   10.   10.   10.   10.   10. 2028. 2028. 2028.
 2028. 2549. 
   10.   10.   10.   10.   10.   10.   10.   10.   10.   10. 2028. 2028.
 2549. 2549. 2549. 2549. 2549. 2549. 2028. 2028. 2028.   10.   10. 2028.
 2028. 2549. 
 2549. 2549. 2549. 2028. 2028. 2028. 2028. 2028. 2028. 2028. 2549. 2549.
 2549. 2028. 2028. 2028. 2028. 2028. 2028. 2549. 2549. 2549. 2028. 2028.
   10.   10. 
   10.   10.   10.   10.   10.   10.   10.   10.   10. 2028. 2028. 2028.
   10.   10.   10.   10.   10.   10.   10.   10.   10.   10. 2028. 2549.
 2549. 2549. 
 2549. 2549. 2028. 2028. 2028. 2028.   10.   10.   10.   10. 2028. 2028.
 2549. 2549. 2549. 2549. 2028. 2028. 2028.   10.   10. 2028. 2549. 2549.
 2549. 2028. 
 2028.   10.   10.   10. 2028. 2028. 2549. 2549. 2549. 2028.   10.   10.
   10.   10.   10.   10.   10.   10.   10.   10.   10.   10.   10. 2028.
   10.   10. 
   10.   10.   10.   10.   10.   10.   10.   10. 2028. 2549. 2549. 2549.
 2549. 2028. 2028.   10.   10.   10.   10.   10.   10.   10.   10. 2028.
 2028. 2549. 
 2549. 2549. 2549. 2549. 2549. 2028. 2028. 2028. 2549. 2549. 2549. 2028.
 2028.   10.   10.   10. 2028. 2028. 2549. 2549. 2549. 2028.   10.   10.
   10.   10. 
   10.   10.   10.   10.   10.   10.   10.   10.   10.   10.   10.   10.
   10.   10.   10.   10.   10.   10.   10.   10. 2028. 2549. 2549. 2549.
 2028. 2028. 
   10.   10.   10.   10.   10.   10.   10.   10.   10.   10. 2028. 2028.
 2549. 2549. 2549. 2549. 2549. 2549. 2028. 2028. 2549. 2549. 2549. 2028.
 2028.   10. 
 2028. 2028. 2028. 2549. 2549. 2549. 2028. 2028.   10.   10.   10.   10.
   10.   10.   10.   10.   10.   10.   10.   10.   10.   10.   10.   10.
   10.   10. 
   10.   10.   10.   10.   10.   10. 2028. 2549. 2549. 2549. 2028. 2028.
   10.   10.   10.   10.   10.   10.   10.   10.   10.   10.   10. 2028.
 2028. 2028. 
 2549. 2549. 2028. 2028. 2549. 2549. 2549. 2549. 2549. 2028.   10. 2028.
 2028. 2028. 2549. 2549. 2549. 2549. 2028.   10.   10.   10.   10.   10.
   10.   10. 
   10.   10.   10.   10.   10.   10.   10. 2028.   10.   10.   10.   10.
   10.   10.   10.   10.   10.   10. 2028. 2028. 2549. 2549. 2549. 2028.
   10.   10. 
   10.   10.   10.   10.   10.   10.   10.   10.   10.   10. 2028. 2028.
 2028. 2028. 2028. 2549. 2549. 2549. 2549. 2549. 2028. 2028. 2028. 2028.
 2549. 2549. 
 2549. 2549. 2549. 2028. 2028.   10.   10.   10.   10.   10.   10.   10.
   10.   10.   10.   10.   10.   10. 2028. 2028.   10.   10.   10.   10.
   10.   10. 
   10.   10.   10.   10.   10. 2028. 2549. 2549. 2549. 2028. 2028.   10.
   10.   10.   10.   10.   10.   10.   10.   10.   10.   10.   10. 2028.
 2028. 2028. 
 2549. 2549. 2549. 2549. 2028. 2028. 2028. 2028. 2028. 2549. 2549. 2549.
 2549. 2028. 2028. 2028.   10.   10.   10.   10.   10.   10.   10.   10.
   10.   10. 
   10.   10.   10. 2028. 2028. 2549.   10.   10.   10.   10.   10.   10.
   10.   10.   10.   10.   10. 2028. 2028. 2549. 2549. 2028. 2028.   10.
   10.   10. 
   10.   10.   10.   10.   10.   10.   10.   10. 2028. 2028. 2028. 2549.
 2549. 2549. 2028. 2028. 2028.   10.   10. 2028. 2028. 2549. 2549. 2549.
 2028. 2028. 
 2028.   10.   10.   10.   10.   10.   10.   10.   10.   10.   10.   10.
   10.   10. 2028. 2028. 2549. 2549.   10.   10.   10.   10.   10.   10.
   10.   10. 
   10.   10.   10.   10. 2028. 2549. 2549. 2549. 2028.   10.   10.   10.
   10.   10.   10.   10.   10.   10.   10.   10. 2028. 2028. 2028. 2549.
 2549. 2549. 
 2028. 2028.   10.   10.   10. 2028. 2028. 2549. 2549. 2549. 2028. 2028.
 2028.   10.   10.   10.   10.   10.   10.   10.   10.   10.   10.   10.
   10.   10. 
 2028. 2549. 2549. 2549.   10.   10.   10.   10.   10.   10.   10.   10.
   10.   10.   10.   10. 2028. 2549. 2549. 2549. 2028.   10.   10.   10.
   10.   10. 
   10.   10.   10.   10.   10.   10. 2028. 2028. 2028. 2549. 2549. 2549.
 2028. 2028.   10.   10.   10. 2028. 2028. 2549. 2549. 2549. 2549. 2549.
 2028. 2028. 
   10.   10.   10.   10.   10.   10.   10.   10.   10.   10.   10.   10.
 2028. 2549. 2549. 2549.   10.   10.   10.   10.   10.   10.   10.   10.
   10.   10. 
   10. 2028. 2028. 2549. 2549. 2549. 2028.   10.   10.   10.   10.   10.
   10.   10.   10.   10.   10. 2028. 2028. 2549. 2028. 2549. 2549. 2549.
 2549. 2028. 
 2028. 2028.   10.   10. 2028. 2028. 2549. 2549. 2549. 2549. 2549. 2028.
 2028. 2028.   10.   10.   10.   10.   10.   10.   10.   10.   10.   10.
 2028. 2549. 
 2549. 2549.   10.   10.   10.   10.   10.   10. 2028. 2028. 2028. 2028.
 2028. 2549. 2549. 2549. 2549. 2028. 2028.   10.   10.   10.   10.   10.
   10.   10. 
   10.   10.   10. 2028. 2028. 2549. 2028. 2028. 2028. 2549. 2549. 2549.
 2549. 2028. 2028.   10. 2028. 2028. 2028. 2028. 2549. 2549. 2549. 2549.
 2028. 2028. 
 2028.   10.   10.   10.   10.   10.   10.   10.   10.   10.   10. 2028.
 2549. 2549. 
/