PERMI
 37. 37. 37. 37. 37. 37. 37. 37. 37. 37. 37. 37. 37. 37. 37. 37. 37. 37.
 37. 37. 37. 37. 37. 37. 37. 37. 
 37. 37. 37. 37. 37. 37. 37. 37. 37. 37. 37. 37. 37. 37. 37. 37. 37. 37.
 37. 37. 37. 37. 37. 37. 37. 37. 
 37. 37. 37. 37. 37. 37. 37. 37. 37. 37. 37. 37. 37. 37. 37. 37. 37. 37.
 37. 37. 37. 37. 37. 37. 37. 37. 
 37. 37. 37. 37. 37. 37. 37. 37. 37. 37. 37. 37. 37. 37. 37. 37. 37. 37.
 37. 37. 37. 37. 37. 37. 37. 37. 
 37. 37. 37. 37. 37. 37. 37. 37. 37. 37. 37. 37. 37. 37. 37. 37. 37. 37.
 37. 37. 37. 37. 37. 37. 37. 37. 
 37. 37. 37. 37. 37. 37. 37. 37. 37. 37. 37. 37. 37. 37. 37. 37. 37. 37.
 37. 37. 37. 37. 37. 37. 37. 37. 
 37. 37. 37. 37. 37. 37. 37. 37. 37. 37. 37. 37. 37. 37. 37. 37. 37. 37.
 37. 37. 37. 37. 37. 37. 37. 37. 
 37. 37. 37. 37. 37. 37. 37. 37. 37. 37. 37. 37. 37. 37. 37. 37. 37. 37.
 37. 37. 37. 37. 37. 37. 37. 37. 
 37. 37. 37. 37. 37. 37. 37. 37. 37. 37. 37. 37. 37. 37. 37. 37. 37. 37.
 37. 37. 37. 37. 37. 37. 37. 37. 
 37. 37. 37. 37. 37. 37. 37. 37. 37. 37. 37. 37. 37. 37. 37. 37. 37. 37.
 37. 37. 37. 37. 37. 37. 37. 37. 
 37. 37. 37. 37. 37. 37. 37. 37. 37. 37. 37. 37. 37. 37. 37. 37. 37. 37.
 37. 37. 37. 37. 37. 37. 37. 37. 
 37. 37. 37. 37. 37. 37. 37. 37. 37. 37. 37. 37. 37. 37. 37. 37. 37. 37.
 37. 37. 37. 37. 37. 37. 37. 37. 
 37. 37. 37. 37. 37. 37. 37. 37. 37. 37. 37. 37. 37. 37. 37. 37. 37. 37.
 37. 37. 37. 37. 37. 37. 37. 37. 
 37. 37. 37. 37. 37. 37. 37. 37. 37. 37. 37. 37. 37. 37. 37. 37. 37. 37.
 37. 37. 37. 37. 37. 37. 37. 37. 
 37. 37. 37. 37. 37. 37. 37. 37. 37. 37. 37. 37. 37. 37. 37. 37. 37. 37.
 37. 37. 37. 37. 37. 37. 37. 37. 
 37. 37. 37. 37. 37. 37. 37. 37. 37. 37. 37. 37. 37. 37. 37. 37. 37. 37.
 37. 37. 37. 37. 37. 37. 37. 37. 
 37. 37. 37. 37. 37. 37. 37. 37. 37. 37. 37. 37. 37. 37. 37. 37. 37. 37.
 37. 37. 37. 37. 37. 37. 37. 37. 
 37. 37. 37. 37. 37. 37. 37. 37. 37. 37. 37. 37. 37. 37. 37. 37. 37. 37.
 37. 37. 37. 37. 37. 37. 37. 37. 
 37. 37. 37. 37. 37. 37. 37. 37. 37. 37. 37. 37. 37. 37. 37. 37. 37. 37.
 37. 37. 37. 37. 37. 37. 37. 37. 
 37. 37. 37. 37. 37. 37. 37. 37. 37. 37. 37. 37. 37. 37. 37. 37. 37. 37.
 37. 37. 37. 37. 37. 37. 37. 37. 
 37. 37. 37. 37. 37. 37. 37. 37. 37. 37. 37. 37. 37. 37. 37. 37. 37. 37.
 37. 37. 37. 37. 37. 37. 37. 37. 
 37. 37. 37. 37. 37. 37. 37. 37. 37. 37. 37. 37. 37. 37. 37. 37. 37. 37.
 37. 37. 37. 37. 37. 37. 37. 37. 
 37. 37. 37. 37. 37. 37. 37. 37. 37. 37. 37. 37. 37. 37. 37. 37. 37. 37.
 37. 37. 37. 37. 37. 37. 37. 37. 
 37. 37. 37. 37. 37. 37. 37. 37. 37. 37. 37. 37. 37. 37. 37. 37. 37. 37.
 37. 37. 37. 37. 37. 37. 37. 37. 
   37.   37.   37.   37.   37.   37. 2274. 2274. 2274. 2274. 2274. 2274.
 2274. 2274. 2274. 2274.   37.   37.   37.   37.   37.   37.   37.   37.
   37.   37. 
 37. 37. 37. 37. 37. 37. 37. 37. 37. 37. 37. 37. 37. 37. 37. 37. 37. 37.
 37. 37. 37. 37. 37. 37. 37. 37. 
   37.   37.   37.   37.   37.   37.   37.   37.   37.   37.   37.   37.
   37.   37.   37.   37.   37. 2274. 2274. 3037. 3037. 3037. 3037. 3037.
 3037. 2274. 
 2274. 2274.   37.   37.   37.   37.   37.   37.   37.   37.   37.   37.
   37.   37.   37.   37.   37.   37.   37.   37.   37.   37.   37.   37.
   37.   37. 
   37.   37.   37.   37.   37.   37.   37.   37.   37.   37.   37.   37.
   37.   37.   37.   37. 2274. 2274. 2274. 2274. 2274. 2274.   37.   37.
   37.   37. 
   37.   37. 2274. 2274. 3037. 3037. 3037. 3037. 3037. 3037. 3037. 3037.
 3037. 3037.   37.   37.   37.   37.   37.   37.   37.   37.   37.   37.
   37.   37. 
 37. 37. 37. 37. 37. 37. 37. 37. 37. 37. 37. 37. 37. 37. 37. 37. 37. 37.
 37. 37. 37. 37. 37. 37. 37. 37. 
 2274. 2274. 3037. 3037. 3037. 3037. 3037. 2274. 2274.   37.   37.   37.
   37. 2274. 2274. 3037. 3037. 3037. 3037. 3037. 3037. 3037. 3037. 3037.
 3037. 3037. 
 37. 37. 37. 37. 37. 37. 37. 37. 37. 37. 37. 37. 37. 37. 37. 37. 37. 37.
 37. 37. 37. 37. 37. 37. 37. 37. 
   37.   37.   37.   37.   37.   37.   37.   37.   37.   37.   37.   37.
 2274. 3037. 3037. 3037. 3037. 3037. 3037. 3037. 3037. 2274. 2274.   37.
 2274. 2274. 
 3037. 3037. 3037. 2274. 2274. 2274. 2274. 2274. 2274. 2274. 3037. 3037.
   37.   37.   37.   37.   37.   37.   37.   37.   37.   37.   37.   37.
   37.   37. 
   37.   37.   37.   37.   37.   37.   37.   37.   37.   37.   37.   37.
   37.   37.   37.   37.   37.   37. 2274.   37.   37.   37.   37. 2274.
 2274. 3037. 
 3037. 3037. 3037. 3037. 3037. 3037. 3037. 3037. 2274. 2274. 2274. 3037.
 3037. 3037. 3037. 2274. 2274.   37.   37.   37. 2274. 2274. 2274. 2274.
   37.   37. 
 37. 37. 37. 37. 37. 37. 37. 37. 37. 37. 37. 37. 37. 37. 37. 37. 37. 37.
 37. 37. 37. 37. 37. 37. 37. 37. 
   37. 2274. 2274. 2274. 2274. 2274. 2274. 2274. 2274. 2274. 3037. 3037.
 3037. 3037. 2274. 2274. 3037. 3037. 3037. 3037. 3037. 3037. 3037. 3037.
 3037. 3037. 
 2274. 2274.   37.   37.   37.   37.   37.   37.   37.   37.   37.   37.
   37.   37.   37.   37.   37.   37.   37.   37.   37.   37.   37.   37.
   37.   37. 
   37.   37.   37.   37.   37.   37.   37.   37.   37.   37.   37.   37.
 2274. 2274. 2274. 3037. 3037. 3037. 3037. 2274. 2274. 3037. 3037. 3037.
 3037. 2274. 
   37. 2274. 2274. 3037. 3037. 3037. 3037. 3037. 3037. 3037. 3037. 2274.
 2274.   37.   37.   37.   37.   37.   37.   37.   37.   37.   37.   37.
   37.   37. 
   37.   37.   37.   37.   37.   37.   37.   37.   37.   37.   37.   37.
   37.   37.   37.   37.   37.   37.   37.   37.   37.   37.   37. 2274.
 2274. 3037. 
 3037. 3037. 3037. 3037. 3037. 3037. 3037. 3037. 3037. 3037. 2274. 2274.
   37.   37.   37. 2274. 2274. 3037. 3037. 3037. 3037. 3037. 2274. 2274.
   37.   37. 
 37. 37. 37. 37. 37. 37. 37. 37. 37. 37. 37. 37. 37. 37. 37. 37. 37. 37.
 37. 37. 37. 37. 37. 37. 37. 37. 
   37.   37.   37.   37.   37.   37.   37.   37. 2274. 2274. 3037. 3037.
 3037. 3037. 3037. 3037. 3037. 3037. 3037. 3037. 3037. 2274. 2274.   37.
   37.   37. 
   37.   37. 2274. 2274. 2274. 2274. 2274. 2274. 2274.   37.   37.   37.
   37.   37.   37.   37.   37.   37.   37.   37.   37.   37.   37.   37.
   37.   37. 
   37.   37.   37.   37.   37.   37.   37.   37.   37.   37.   37.   37.
   37.   37.   37.   37.   37.   37.   37.   37. 2274. 3037. 3037. 3037.
 3037. 2274. 
 2274. 2274. 2274. 2274. 3037. 2274. 2274. 2274.   37.   37.   37.   37.
   37.   37.   37.   37.   37. 2274. 2274.   37.   37.   37.   37.   37.
   37.   37. 
 37. 37. 37. 37. 37. 37. 37. 37. 37. 37. 37. 37. 37. 37. 37. 37. 37. 37.
 37. 37. 37. 37. 37. 37. 37. 37. 
   37.   37.   37.   37.   37. 2274. 2274. 3037. 3037. 3037. 2274. 2274.
 2274.   37. 2274. 2274. 2274. 2274. 2274.   37.   37.   37.   37.   37.
   37.   37. 
 37. 37. 37. 37. 37. 37. 37. 37. 37. 37. 37. 37. 37. 37. 37. 37. 37. 37.
 37. 37. 37. 37. 37. 37. 37. 37. 
   37.   37.   37.   37.   37.   37.   37.   37.   37.   37.   37.   37.
   37.   37.   37.   37.   37. 2274. 3037. 3037. 3037. 3037. 2274.   37.
   37.   37. 
 37. 37. 37. 37. 37. 37. 37. 37. 37. 37. 37. 37. 37. 37. 37. 37. 37. 37.
 37. 37. 37. 37. 37. 37. 37. 37. 
 37. 37. 37. 37. 37. 37. 37. 37. 37. 37. 37. 37. 37. 37. 37. 37. 37. 37.
 37. 37. 37. 37. 37. 37. 37. 37. 
   37. 2274. 2274. 2274. 3037. 3037. 3037. 2274. 2274.   37.   37.   37.
   37.   37.   37.   37.   37.   37.   37.   37.   37.   37.   37.   37.
   37.   37. 
   37.   37.   37.   37.   37.   37.   37.   37.   37.   37.   37. 2274.
 2274. 2274. 2274. 2274.   37.   37.   37.   37.   37.   37.   37.   37.
   37.   37. 
   37.   37.   37.   37.   37.   37.   37.   37.   37.   37.   37. 2274.
 2274. 2274. 3037. 3037. 3037. 3037. 3037. 2274. 2274.   37.   37.   37.
   37.   37. 
   37.   37.   37.   37.   37.   37.   37.   37.   37.   37.   37.   37.
   37.   37.   37.   37.   37.   37.   37.   37.   37. 2274. 2274. 2274.
 3037. 3037. 
 3037. 3037.   37.   37.   37.   37.   37.   37.   37.   37.   37.   37.
   37.   37.   37.   37.   37.   37.   37.   37.   37.   37. 2274. 2274.
 3037. 3037. 
 3037. 3037. 3037. 3037. 2274. 2274.   37.   37.   37.   37.   37.   37.
   37.   37.   37.   37.   37.   37.   37.   37.   37.   37.   37.   37.
   37.   37. 
   37.   37.   37.   37.   37.   37. 2274. 2274. 3037. 3037. 3037. 3037.
 3037. 3037.   37.   37.   37.   37.   37.   37.   37.   37.   37.   37.
   37.   37. 
   37.   37.   37.   37.   37.   37. 2274. 2274. 2274. 3037. 3037. 3037.
 3037. 3037. 3037. 2274. 2274.   37.   37.   37.   37.   37.   37.   37.
   37.   37. 
   37.   37.   37.   37.   37.   37.   37.   37.   37.   37.   37.   37.
   37.   37.   37.   37.   37. 2274. 2274. 3037. 3037. 3037. 3037. 3037.
 3037. 2274. 
   37.   37.   37.   37.   37.   37.   37.   37.   37.   37.   37.   37.
   37.   37.   37.   37.   37. 2274. 2274. 3037. 3037. 3037. 3037. 3037.
 3037. 2274. 
 2274. 2274.   37.   37.   37.   37.   37.   37.   37.   37.   37.   37.
   37.   37.   37.   37.   37.   37.   37.   37.   37.   37.   37.   37.
   37.   37. 
   37.   37. 2274. 2274. 3037. 3037. 3037. 3037. 2274. 2274. 2274. 2274.
   37.   37.   37.   37.   37.   37.   37.   37.   37.   37.   37.   37.
   37.   37. 
   37.   37. 2274. 2274. 3037. 3037. 3037. 3037. 3037. 2274. 2274. 2274.
   37.   37.   37.   37.   37.   37.   37.   37.   37.   37.   37.   37.
   37.   37. 
   37.   37.   37.   37.   37.   37.   37.   37.   37.   37.   37.   37.
   37. 2274. 2274. 3037. 3037. 3037. 2274. 2274. 2274. 2274. 3037. 3037.
   37.   37. 
   37.   37.   37.   37.   37.   37.   37.   37.   37.   37.   37.   37.
   37. 2274. 2274. 3037. 3037. 3037. 3037. 2274. 2274. 2274.   37.   37.
   37.   37. 
   37.   37.   37.   37.   37.   37.   37.   37.   37.   37.   37.   37.
   37.   37.   37.   37.   37.   37.   37.   37.   37.   37.   37.   37.
 2274. 2274. 
 3037. 3037. 3037. 2274. 2274. 2274. 2274. 3037. 3037. 3037.   37.   37.
   37.   37.   37.   37.   37.   37.   37.   37.   37.   37.   37.   37.
   37. 2274. 
 3037. 3037. 3037. 3037. 2274. 2274.   37.   37.   37.   37.   37.   37.
   37.   37.   37.   37.   37.   37.   37.   37.   37.   37.   37.   37.
   37.   37. 
   37.   37.   37.   37.   37. 2274. 2274. 2274. 2274. 2274. 3037. 2274.
 2274. 2274. 2274. 2274. 2274. 3037. 3037. 3037. 3037. 3037.   37.   37.
   37.   37. 
   37.   37.   37.   37.   37.   37.   37.   37.   37.   37. 2274. 2274.
 3037. 3037. 3037. 2274. 2274.   37.   37.   37.   37.   37.   37.   37.
   37.   37. 
   37.   37.   37.   37.   37.   37.   37.   37.   37.   37.   37.   37.
   37.   37.   37. 2274. 2274. 2274. 2274. 2274. 2274. 2274. 2274. 2274.
 2274. 2274. 
 2274. 2274. 3037. 3037. 3037. 3037. 3037. 2274.   37.   37.   37.   37.
   37.   37.   37.   37.   37.   37.   37.   37.   37.   37. 2274. 3037.
 3037. 3037. 
 3037. 2274.   37.   37.   37.   37.   37.   37.   37.   37.   37.   37.
   37.   37.   37.   37.   37.   37.   37.   37.   37.   37.   37.   37.
   37.   37. 
 2274. 2274. 2274. 2274. 2274. 2274. 2274. 2274. 2274. 2274. 3037. 3037.
 3037. 3037. 3037. 3037. 3037. 3037. 2274. 2274.   37. 2274. 2274. 2274.
 2274. 2274. 
 2274. 2274.   37.   37.   37.   37.   37. 2274. 2274. 3037. 3037. 3037.
 2274. 2274.   37.   37.   37.   37.   37.   37.   37.   37. 2274. 2274.
 2274. 2274. 
 2274. 2274. 2274. 2274. 2274.   37.   37.   37.   37.   37.   37. 2274.
 2274. 2274. 3037. 3037. 3037. 3037. 3037. 3037. 3037. 3037. 3037. 3037.
 3037. 3037. 
 3037. 3037. 3037. 2274. 2274. 2274. 2274. 2274. 2274. 3037. 3037. 3037.
 3037. 2274. 2274. 2274. 2274.   37. 2274. 2274. 3037. 3037. 3037. 2274.
 2274.   37. 
   37.   37.   37. 2274. 2274. 2274. 2274. 2274. 2274. 3037. 3037. 3037.
 3037. 3037. 3037. 3037. 3037. 2274. 2274.   37. 2274. 2274. 2274. 2274.
 2274. 3037. 
 3037. 3037. 3037. 3037. 3037. 3037. 3037. 3037. 3037. 3037. 3037. 3037.
 3037. 3037. 2274. 2274. 2274.   37. 2274. 3037. 3037. 3037. 3037. 3037.
 3037. 3037. 
 3037. 3037. 2274. 2274. 2274. 3037. 3037. 3037. 3037. 2274. 2274.   37.
 2274. 2274. 2274. 3037. 3037. 3037. 3037. 3037. 3037. 3037. 3037. 3037.
 3037. 3037. 
 3037. 3037. 3037. 3037. 2274. 2274. 2274. 3037. 2274. 2274. 3037. 3037.
 3037. 3037. 3037. 3037. 3037. 3037. 3037. 3037. 2274. 2274. 2274. 2274.
 2274. 2274. 
 2274. 2274.   37.   37. 3037. 3037. 3037. 3037. 2274. 2274. 3037. 3037.
 3037. 3037. 3037. 3037. 3037. 3037. 3037. 3037. 2274. 2274.   37. 2274.
 2274. 3037. 
 3037. 3037. 3037. 3037. 3037. 3037. 3037. 3037. 3037. 3037. 3037. 3037.
 3037. 3037. 3037. 3037. 3037. 3037. 3037. 2274. 2274. 2274. 3037. 3037.
 3037. 2274. 
 2274. 2274. 2274. 2274. 2274. 2274. 2274. 2274. 2274. 2274. 2274. 2274.
   37.   37.   37.   37. 3037. 3037. 2274. 2274. 2274. 2274. 2274. 2274.
 3037. 3037. 
 3037. 3037. 3037. 3037. 3037. 2274. 2274. 2274. 2274. 2274. 3037. 3037.
 3037. 3037. 3037. 3037. 3037. 3037. 3037. 3037. 2274. 2274. 2274. 2274.
 2274. 2274. 
 3037. 3037. 3037. 3037. 3037. 2274. 2274. 3037. 3037. 3037. 2274. 2274.
 2274. 2274. 2274. 2274. 2274. 2274. 2274.   37.   37.   37.   37.   37.
   37.   37. 
   37.   37. 3037. 2274. 2274.   37.   37.   37.   37. 2274. 2274. 2274.
 2274. 3037. 3037. 2274. 2274. 2274. 2274. 2274. 3037. 3037. 3037. 3037.
 3037. 2274. 
 2274. 2274. 2274. 2274. 2274. 2274. 2274.   37.   37.   37.   37.   37.
 2274. 2274. 2274. 3037. 2274. 2274. 2274. 3037. 3037. 3037. 2274. 2274.
   37.   37. 
   37.   37.   37.   37.   37.   37.   37.   37.   37.   37.   37.   37.
   37.   37. 2274. 2274.   37.   37.   37.   37.   37.   37.   37. 2274.
 2274. 2274. 
 2274. 3037. 3037. 3037. 3037. 3037. 3037. 3037. 3037. 2274. 2274. 2274.
   37.   37.   37.   37.   37.   37.   37.   37.   37.   37.   37.   37.
 2274. 2274. 
 2274. 2274. 2274. 2274. 3037. 3037. 3037. 2274. 2274.   37.   37.   37.
   37.   37.   37.   37.   37.   37.   37.   37.   37.   37.   37.   37.
   37.   37. 
 2274. 2274.   37.   37.   37.   37. 2274. 2274. 2274. 2274. 2274. 3037.
 3037. 3037. 3037. 3037. 3037. 3037. 3037. 3037. 2274. 2274.   37.   37.
   37.   37. 
   37.   37.   37.   37.   37.   37.   37. 2274. 2274. 2274. 2274. 2274.
 2274. 2274. 2274. 2274. 3037. 3037. 3037. 2274. 2274.   37.   37.   37.
   37.   37. 
   37.   37.   37.   37.   37.   37.   37.   37.   37.   37.   37.   37.
 3037. 2274. 2274. 2274. 2274. 2274. 3037. 3037. 3037. 3037. 3037. 3037.
 3037. 3037. 
 3037. 3037. 3037. 2274. 2274. 2274. 2274.   37.   37.   37.   37.   37.
   37.   37.   37.   37.   37.   37. 2274. 2274. 2274. 2274. 3037. 3037.
 3037. 3037. 
 3037. 3037. 3037. 3037. 2274. 2274.   37.   37.   37.   37.   37.   37.
   37.   37.   37.   37.   37.   37.   37.   37.   37.   37.   37.   37.
 3037. 3037. 
 3037. 3037. 3037. 3037. 3037. 3037. 3037. 3037. 3037. 3037. 3037. 2274.
 2274. 2274. 2274.   37.   37.   37.   37.   37.   37.   37.   37.   37.
   37.   37. 
   37.   37.   37. 2274. 2274. 2274. 3037. 3037. 3037. 3037. 3037. 3037.
 3037. 3037. 3037. 3037. 2274. 2274.   37.   37.   37.   37.   37.   37.
   37.   37. 
   37.   37.   37.   37.   37.   37.   37.   37.   37.   37. 3037. 3037.
 3037. 3037. 3037. 3037. 3037. 3037. 3037. 2274. 2274. 2274. 2274.   37.
   37.   37. 
   37.   37.   37.   37.   37.   37.   37.   37.   37.   37.   37.   37.
   37.   37.   37. 2274. 2274. 3037. 3037. 3037. 3037. 3037. 3037. 3037.
 3037. 3037. 
 2274. 2274. 2274.   37.   37.   37.   37.   37.   37.   37.   37.   37.
   37.   37.   37.   37.   37.   37.   37.   37.   37.   37. 2274. 2274.
 2274. 2274. 
 2274. 2274. 2274. 2274. 2274. 2274.   37.   37.   37.   37.   37.   37.
   37.   37.   37.   37.   37.   37.   37.   37.   37.   37.   37.   37.
   37.   37. 
 2274. 2274. 3037. 3037. 3037. 3037. 2274. 2274. 2274. 2274. 2274. 2274.
 2274. 2274.   37.   37.   37.   37.   37.   37.   37.   37.   37.   37.
   37.   37. 
 37. 37. 37. 37. 37. 37. 37. 37. 37. 37. 37. 37. 37. 37. 37. 37. 37. 37.
 37. 37. 37. 37. 37. 37. 37. 37. 
   37.   37.   37.   37.   37.   37.   37.   37.   37.   37.   37.   37.
 2274. 2274. 3037. 3037. 3037. 2274. 2274. 2274. 2274. 2274. 2274. 2274.
   37.   37. 
 37. 37. 37. 37. 37. 37. 37. 37. 37. 37. 37. 37. 37. 37. 37. 37. 37. 37.
 37. 37. 37. 37. 37. 37. 37. 37. 
   37.   37.   37.   37.   37.   37.   37.   37.   37.   37.   37.   37.
   37.   37.   37.   37.   37.   37.   37.   37.   37.   37.   37. 2274.
 2274. 3037. 
 3037. 3037. 3037. 2274. 2274.   37.   37.   37.   37.   37.   37.   37.
   37.   37.   37.   37.   37.   37.   37.   37.   37.   37.   37.   37.
   37.   37. 
   37.   37.   37.   37.   37. 2274.   37.   37.   37.   37.   37.   37.
   37.   37.   37.   37.   37.   37.   37.   37.   37.   37.   37.   37.
   37.   37. 
   37.   37.   37.   37.   37.   37.   37. 2274. 2274. 2274. 2274. 3037.
 3037. 3037. 2274. 2274.   37.   37.   37.   37.   37.   37.   37.   37.
   37.   37. 
   37.   37.   37.   37.   37.   37.   37.   37.   37.   37.   37.   37.
   37.   37.   37.   37. 2274. 2274.   37.   37.   37.   37.   37.   37.
   37.   37. 
   37.   37.   37.   37.   37.   37.   37.   37.   37.   37.   37.   37.
   37.   37.   37.   37. 2274. 2274. 2274. 2274. 2274. 2274. 3037. 3037.
 3037. 2274. 
 2274. 2274.   37.   37.   37.   37.   37.   37.   37.   37.   37.   37.
   37.   37.   37.   37.   37.   37.   37.   37.   37.   37.   37.   37.
   37.   37. 
   37.   37. 2274. 3037.   37.   37.   37.   37.   37.   37.   37.   37.
   37.   37.   37.   37.   37.   37.   37.   37.   37.   37.   37.   37.
   37.   37. 
   37. 2274. 2274. 2274. 2274. 2274. 3037. 3037. 3037. 3037. 3037. 2274.
 2274.   37.   37.   37.   37.   37.   37.   37.   37.   37.   37.   37.
   37.   37. 
   37.   37.   37.   37.   37.   37.   37.   37.   37.   37.   37.   37.
   37. 2274. 2274. 3037.   37.   37.   37.   37.   37.   37.   37.   37.
   37.   37. 
   37.   37.   37.   37.   37.   37.   37.   37.   37.   37.   37. 2274.
 2274. 2274. 2274. 3037. 3037. 3037. 3037. 3037. 3037. 2274. 2274. 2274.
 2274.   37. 
   37.   37.   37.   37.   37.   37.   37.   37.   37.   37.   37.   37.
   37.   37.   37.   37.   37.   37.   37. 2274. 2274. 2274. 2274. 2274.
 2274. 2274. 
 3037. 3037.   37.   37.   37.   37.   37.   37.   37.   37.   37.   37.
   37.   37.   37.   37.   37.   37.   37.   37.   37.   37.   37. 2274.
 2274. 3037. 
 3037. 3037. 3037. 3037. 3037. 3037. 3037. 2274. 2274. 2274.   37.   37.
   37.   37.   37.   37.   37.   37.   37.   37.   37.   37.   37.   37.
   37.   37. 
   37.   37.   37.   37. 2274. 2274. 3037. 3037. 2274. 2274. 2274. 3037.
 3037. 3037.   37.   37.   37.   37.   37.   37.   37.   37.   37.   37.
   37.   37. 
   37.   37.   37.   37.   37.   37.   37.   37. 2274. 2274. 3037. 3037.
 3037. 3037. 3037. 3037. 2274. 2274. 2274. 2274.   37.   37.   37.   37.
   37.   37. 
   37.   37.   37.   37.   37.   37.   37.   37.   37.   37.   37.   37.
   37.   37. 2274. 2274. 2274. 3037. 3037. 3037. 3037. 3037. 3037. 3037.
 3037. 3037. 
   37.   37.   37.   37.   37.   37.   37.   37.   37.   37.   37.   37.
   37.   37.   37.   37.   37.   37.   37. 2274. 2274. 2274. 3037. 3037.
 3037. 2274. 
 2274. 2274. 2274. 2274. 2274.   37.   37.   37.   37.   37.   37.   37.
   37.   37.   37.   37.   37.   37.   37.   37.   37.   37.   37.   37.
   37. 2274. 
 2274. 3037. 3037. 3037. 3037. 3037. 3037. 3037. 3037. 3037. 3037. 2274.
   37.   37.   37.   37.   37.   37.   37.   37.   37.   37.   37.   37.
   37.   37. 
   37.   37.   37.   37.   37. 2274. 2274. 3037. 3037. 3037. 2274. 2274.
 2274. 2274. 2274.   37.   37.   37.   37.   37.   37.   37.   37.   37.
   37.   37. 
   37.   37.   37.   37.   37.   37.   37.   37.   37.   37. 2274. 2274.
 3037. 3037. 3037. 3037. 3037. 2274. 2274. 3037. 3037. 3037. 2274. 2274.
   37.   37. 
   37.   37.   37.   37.   37.   37.   37.   37.   37. 2274. 2274. 2274.
 2274. 2274. 2274. 2274. 2274. 2274. 2274. 3037. 3037. 3037. 2274. 2274.
   37.   37. 
   37.   37.   37.   37.   37.   37.   37.   37.   37.   37.   37.   37.
   37.   37.   37.   37.   37.   37.   37.   37.   37. 2274. 2274. 3037.
 3037. 3037. 
 3037. 3037. 2274. 2274. 2274. 2274. 2274. 2274. 2274.   37.   37.   37.
   37.   37.   37.   37.   37.   37.   37. 2274. 2274. 2274. 2274. 2274.
 2274. 2274. 
 2274. 2274. 2274. 2274. 3037. 3037. 3037. 3037. 2274. 2274.   37.   37.
   37.   37.   37.   37.   37.   37.   37.   37.   37.   37.   37.   37.
   37.   37. 
   37.   37.   37.   37.   37. 2274. 2274. 2274. 3037. 3037. 3037. 3037.
 2274. 2274. 2274. 2274. 2274. 2274. 2274. 2274. 2274. 2274.   37.   37.
   37.   37. 
   37.   37.   37.   37. 2274. 2274. 2274. 3037. 3037. 3037. 3037. 3037.
 3037. 3037. 3037. 3037. 3037. 3037. 3037. 3037. 2274. 2274.   37.   37.
   37.   37. 
   37.   37.   37.   37.   37.   37.   37.   37.   37.   37.   37.   37.
   37.   37.   37.   37. 2274. 2274. 3037. 3037. 2274. 2274. 2274. 2274.
 2274. 2274. 
 2274. 2274. 2274. 2274. 2274. 2274. 2274. 2274. 2274. 2274. 2274. 2274.
 2274. 2274. 2274. 2274. 2274. 2274. 3037. 3037. 3037. 3037. 3037. 3037.
 3037. 3037. 
 3037. 3037. 3037. 3037. 3037. 2274. 2274.   37.   37.   37.   37.   37.
   37.   37.   37.   37.   37.   37.   37.   37. 2274. 2274. 2274. 2274.
 2274. 2274. 
 2274. 2274. 2274. 3037. 2274. 2274. 2274. 2274. 3037. 3037. 3037. 3037.
 3037. 3037. 3037. 3037. 3037. 3037. 3037. 3037. 2274. 2274. 3037. 2274.
 2274. 2274. 
 2274. 2274. 3037. 3037. 3037. 3037. 3037. 3037. 3037. 3037. 3037. 3037.
 3037. 3037. 3037. 2274. 2274. 2274. 2274.   37.   37.   37.   37.   37.
   37.   37. 
   37.   37.   37.   37.   37. 2274. 2274. 2274. 2274. 2274. 2274. 2274.
 2274. 2274. 2274. 2274. 2274. 2274. 3037. 3037. 3037. 3037. 3037. 3037.
 3037. 3037. 
 3037. 3037. 3037. 3037. 3037. 3037. 3037. 3037. 3037. 3037. 3037. 3037.
 3037. 3037. 3037. 3037. 3037. 3037. 2274. 2274. 2274. 2274. 2274. 2274.
 2274. 2274. 
 2274. 2274. 2274. 2274.   37.   37.   37.   37.   37.   37.   37.   37.
   37.   37.   37.   37. 2274. 2274. 2274. 2274. 2274. 2274. 2274. 2274.
 2274. 2274. 
 2274. 3037. 3037. 3037. 3037. 3037. 3037. 3037. 3037. 2274. 2274. 3037.
 3037. 3037. 3037. 3037. 3037. 3037. 3037. 3037. 3037. 3037. 3037. 3037.
 3037. 3037. 
 3037. 3037. 3037. 2274. 2274.   37. 2274. 2274. 2274. 2274. 2274. 2274.
 2274. 2274.   37.   37.   37.   37.   37.   37.   37.   37.   37.   37.
   37.   37. 
   37. 2274. 2274. 2274. 2274. 2274. 3037. 3037. 3037. 3037. 3037. 3037.
 3037. 3037. 3037. 3037. 3037. 2274. 2274. 2274. 2274. 2274. 2274. 2274.
 2274. 2274. 
 2274. 2274. 2274. 2274. 3037. 3037. 3037. 3037. 3037. 3037. 3037. 3037.
 3037. 2274. 2274. 2274.   37.   37.   37.   37.   37.   37.   37.   37.
   37.   37. 
   37.   37.   37.   37.   37.   37.   37.   37.   37.   37.   37.   37.
   37. 2274. 2274. 2274. 3037. 3037. 3037. 3037. 3037. 3037. 3037. 3037.
 3037. 3037. 
 3037. 3037. 2274. 2274. 2274. 2274.   37.   37. 2274. 2274. 2274. 2274.
 2274. 2274. 2274. 2274. 2274. 2274. 2274. 2274. 2274. 2274. 2274. 2274.
 2274. 2274. 
 2274.   37.   37.   37.   37.   37.   37.   37.   37.   37.   37.   37.
   37.   37.   37.   37.   37.   37.   37.   37.   37.   37.   37. 2274.
 2274. 2274. 
 2274. 3037. 3037. 3037. 3037. 3037. 2274. 2274. 2274. 2274. 2274. 2274.
 2274. 2274. 2274.   37.   37.   37.   37.   37.   37.   37.   37.   37.
   37.   37. 
   37.   37. 2274.   37.   37. 2274. 2274. 2274. 2274. 2274. 2274.   37.
   37.   37.   37.   37.   37.   37.   37.   37.   37.   37.   37.   37.
   37.   37. 
   37.   37.   37.   37.   37.   37.   37.   37. 2274. 2274. 2274. 3037.
 3037. 3037. 3037. 3037. 2274. 2274. 2274. 2274. 2274. 2274. 2274. 2274.
 2274. 2274. 
 37. 37. 37. 37. 37. 37. 37. 37. 37. 37. 37. 37. 37. 37. 
/