PERMI
 1631. 1631. 1024. 1024. 1024. 1024.   28.   28.   28.   28.   28.   28.
   28.   28. 1024. 1631. 1631. 1631. 1631. 1631. 1631. 1631. 1631. 1024.
 1024.   28. 
   28.   28.   28.   28.   28.   28.   28. 1024. 1631. 1631. 1631. 1631.
 1631. 1631. 1024. 1024. 1024. 1631. 1631. 1631. 1631. 1631. 1631. 1024.
 1024.   28. 
   28.   28.   28.   28.   28.   28.   28.   28.   28.   28.   28.   28.
 1631. 1631. 1631. 1631. 1024. 1024. 1024.   28.   28.   28.   28.   28.
   28. 1024. 
 1024. 1631. 1631. 1631. 1631. 1631. 1631. 1024. 1024. 1024.   28.   28.
   28.   28.   28.   28.   28.   28.   28. 1024. 1631. 1631. 1631. 1631.
 1024. 1024. 
 1024. 1631. 1631. 1631. 1631. 1631. 1631. 1631. 1024. 1024. 1024.   28.
   28.   28.   28.   28.   28.   28.   28.   28.   28.   28.   28.   28.
 1631. 1631. 
 1631. 1631. 1631. 1024. 1024.   28.   28.   28.   28.   28.   28. 1024.
 1631. 1631. 1631. 1024. 1024. 1024. 1024. 1024.   28.   28.   28.   28.
   28.   28. 
   28.   28.   28.   28.   28. 1024. 1631. 1631. 1631. 1631. 1024. 1024.
 1631. 1631. 1631. 1631. 1631. 1631. 1631. 1024. 1024. 1024.   28.   28.
   28.   28. 
   28.   28.   28.   28.   28.   28.   28.   28.   28.   28. 1024. 1631.
 1631. 1631. 1631. 1631. 1024. 1024.   28.   28.   28.   28.   28. 1024.
 1631. 1631. 
 1631. 1024. 1024.   28.   28.   28.   28.   28.   28.   28.   28.   28.
   28.   28.   28.   28.   28. 1024. 1631. 1631. 1631. 1631. 1024. 1024.
 1631. 1631. 
 1631. 1631. 1024. 1024. 1024. 1024. 1024. 1024.   28.   28.   28.   28.
   28.   28.   28.   28.   28.   28.   28.   28.   28.   28. 1024. 1024.
 1024. 1631. 
 1631. 1631. 1631. 1024.   28.   28.   28.   28.   28. 1024. 1024. 1631.
 1631. 1631. 1024. 1024.   28.   28.   28.   28.   28.   28.   28.   28.
   28.   28. 
   28.   28.   28. 1024. 1024. 1631. 1631. 1631. 1024. 1024. 1631. 1631.
 1631. 1631. 1631. 1024. 1024. 1024. 1024. 1024.   28.   28.   28.   28.
   28.   28. 
   28.   28.   28.   28.   28.   28.   28.   28.   28. 1024. 1024. 1024.
 1631. 1631. 1631. 1024.   28.   28.   28.   28.   28.   28. 1024. 1631.
 1631. 1631. 
 1631. 1024.   28.   28.   28.   28.   28.   28.   28.   28.   28.   28.
   28.   28.   28.   28. 1024. 1024. 1024. 1024. 1024. 1024. 1024. 1631.
 1631. 1631. 
 1631. 1631. 1024. 1024. 1024. 1024.   28.   28.   28.   28.   28.   28.
   28.   28.   28.   28.   28.   28.   28.   28. 1024. 1024. 1631. 1631.
 1631. 1631. 
 1024. 1024.   28.   28.   28.   28.   28.   28. 1024. 1024. 1631. 1631.
 1631. 1024. 1024.   28.   28.   28.   28.   28.   28.   28.   28.   28.
   28.   28. 
   28.   28. 1024. 1024. 1024. 1024. 1024. 1024. 1024. 1631. 1631. 1631.
 1631. 1631. 1631. 1631. 1024. 1024. 1024.   28.   28.   28.   28.   28.
   28.   28. 
   28.   28.   28.   28.   28.   28. 1631. 1631. 1631. 1631. 1631. 1631.
 1024. 1024.   28.   28.   28. 1024. 1024. 1024. 1024. 1631. 1631. 1631.
 1631. 1631. 
 1024.   28.   28.   28.   28.   28.   28.   28.   28.   28.   28.   28.
 1024. 1024. 1024. 1024. 1631. 1024. 1024. 1631. 1024. 1024. 1024. 1631.
 1631. 1631. 
 1631. 1631. 1631. 1024. 1024.   28.   28.   28.   28.   28.   28.   28.
   28.   28.   28.   28.   28.   28. 1631. 1631. 1631. 1631. 1631. 1024.
 1024.   28. 
   28.   28. 1024. 1024. 1631. 1631. 1631. 1631. 1631. 1631. 1631. 1631.
 1024.   28.   28.   28.   28.   28.   28.   28.   28.   28.   28. 1024.
 1024. 1024. 
 1631. 1631. 1631. 1024. 1024. 1631. 1631. 1024. 1024. 1024. 1024. 1631.
 1631. 1631. 1631. 1631. 1024. 1024.   28.   28.   28.   28.   28.   28.
   28.   28. 
   28.   28.   28.   28. 1631. 1631. 1024. 1024. 1024. 1024.   28.   28.
   28.   28. 1024. 1631. 1631. 1631. 1631. 1631. 1631. 1631. 1631. 1024.
 1024.   28. 
   28.   28.   28.   28.   28.   28.   28.   28.   28. 1024. 1024. 1631.
 1631. 1631. 1631. 1631. 1024. 1024. 1631. 1631. 1024. 1024. 1024. 1024.
 1631. 1631. 
 1631. 1631. 1024. 1024.   28.   28.   28.   28.   28.   28.   28.   28.
   28.   28.   28.   28. 1024. 1024. 1024. 1024.   28.   28.   28.   28.
   28. 1024. 
 1024. 1631. 1631. 1631. 1631. 1631. 1631. 1631. 1024. 1024.   28.   28.
   28.   28.   28.   28.   28.   28.   28.   28.   28. 1024. 1631. 1631.
 1631. 1631. 
 1631. 1024. 1024. 1024. 1631. 1024. 1024. 1024. 1024. 1631. 1631. 1631.
 1631. 1631. 1024. 1024. 1024.   28.   28.   28.   28.   28.   28.   28.
   28.   28. 
   28.   28. 1024. 1024. 1024.   28.   28.   28.   28.   28.   28. 1024.
 1631. 1631. 1631. 1631. 1024. 1024. 1024. 1024. 1024.   28.   28.   28.
   28.   28. 
   28.   28.   28.   28.   28.   28.   28. 1024. 1631. 1631. 1631. 1631.
 1024. 1024. 1024. 1024. 1024. 1024. 1024. 1631. 1631. 1631. 1631. 1631.
 1631. 1024. 
 1024. 1024. 1024.   28.   28.   28.   28.   28.   28.   28.   28.   28.
   28.   28. 1631. 1024. 1024. 1024.   28.   28.   28.   28.   28. 1024.
 1024. 1631. 
 1631. 1631. 1631. 1024. 1024. 1024.   28.   28.   28.   28.   28.   28.
   28.   28.   28.   28.   28.   28.   28. 1024. 1024. 1631. 1631. 1631.
 1631. 1631. 
 1024. 1024. 1024. 1024. 1631. 1631. 1631. 1631. 1631. 1631. 1024. 1024.
 1024. 1024. 1024.   28.   28.   28.   28.   28.   28.   28.   28.   28.
   28.   28. 
 1631. 1631. 1024. 1024.   28.   28.   28.   28.   28.   28. 1024. 1631.
 1631. 1631. 1631. 1631. 1024. 1024. 1024.   28.   28.   28.   28.   28.
   28.   28. 
   28.   28.   28.   28.   28.   28. 1024. 1631. 1631. 1631. 1631. 1631.
 1631. 1024. 1024. 1631. 1631. 1631. 1631. 1631. 1024. 1024. 1024. 1024.
 1631. 1024. 
 1024.   28.   28.   28.   28.   28.   28.   28.   28.   28.   28.   28.
 1631. 1631. 1631. 1024. 1024.   28.   28.   28.   28.   28. 1024. 1024.
 1024. 1631. 
 1631. 1631. 1631. 1631. 1024.   28.   28.   28.   28.   28.   28.   28.
   28.   28.   28.   28.   28.   28. 1024. 1024. 1631. 1631. 1631. 1631.
 1631. 1024. 
 1024. 1024. 1631. 1631. 1631. 1631. 1024. 1024. 1024. 1631. 1631. 1024.
 1024.   28.   28.   28.   28.   28.   28.   28.   28.   28.   28.   28.
 1631. 1631. 
 1631. 1024.   28.   28.   28.   28.   28.   28.   28. 1024. 1024. 1024.
 1631. 1631. 1631. 1631. 1024. 1024.   28.   28.   28.   28.   28.   28.
   28.   28. 
   28.   28.   28.   28.   28. 1024. 1024. 1024. 1631. 1631. 1024. 1024.
 1024. 1024. 1631. 1631. 1631. 1631. 1631. 1024. 1024. 1024. 1024. 1024.
   28.   28. 
   28.   28.   28.   28.   28.   28.   28.   28.   28.   28. 1631. 1631.
 1024. 1024.   28.   28.   28.   28.   28.   28.   28.   28.   28. 1024.
 1024. 1631. 
 1631. 1631. 1024. 1024.   28.   28.   28.   28.   28.   28.   28.   28.
   28.   28.   28.   28.   28.   28. 1024. 1024. 1024. 1024. 1024. 1631.
 1024. 1024. 
 1024. 1024. 1631. 1631. 1631. 1631. 1024. 1024. 1024. 1024.   28.   28.
   28.   28.   28.   28.   28.   28.   28.   28.   28.   28. 1024. 1024.
 1024.   28. 
   28.   28.   28.   28.   28.   28.   28. 1024. 1024. 1024. 1631. 1631.
 1631. 1631. 1024. 1024.   28.   28.   28.   28.   28.   28.   28.   28.
   28.   28. 
   28.   28.   28.   28.   28.   28. 1024. 1024. 1631. 1631. 1631. 1024.
 1024. 1024. 1024. 1631. 1631. 1631. 1631. 1024. 1024.   28.   28.   28.
   28.   28. 
   28.   28.   28.   28.   28.   28.   28.   28. 1024. 1024. 1024.   28.
   28.   28.   28.   28.   28.   28. 1024. 1024. 1024. 1631. 1631. 1631.
 1631. 1631. 
 1024. 1024.   28.   28.   28.   28.   28.   28.   28.   28.   28.   28.
   28.   28.   28.   28.   28.   28. 1024. 1024. 1631. 1631. 1631. 1631.
 1024. 1024. 
 1024. 1024. 1631. 1631. 1631. 1631. 1024. 1024.   28.   28.   28.   28.
   28.   28.   28.   28.   28.   28.   28.   28. 1024.   28.   28.   28.
   28.   28. 
   28.   28.   28.   28. 1024. 1024. 1631. 1631. 1631. 1631. 1631. 1024.
 1024.   28.   28.   28.   28.   28.   28.   28.   28.   28.   28.   28.
   28.   28. 
   28.   28.   28. 1024. 1024. 1024. 1631. 1631. 1631. 1631. 1024. 1024.
 1024. 1631. 1631. 1631. 1631. 1631. 1024. 1024.   28.   28.   28.   28.
   28.   28. 
   28.   28.   28.   28.   28.   28. 1024. 1024. 1024.   28.   28.   28.
   28.   28.   28. 1024. 1024. 1631. 1631. 1631. 1631. 1631. 1024. 1024.
   28.   28. 
   28.   28.   28.   28.   28.   28.   28.   28.   28.   28.   28.   28.
   28.   28. 1024. 1024. 1631. 1024. 1631. 1631. 1631. 1024. 1024. 1024.
 1631. 1631. 
 1631. 1631. 1631. 1024. 1024.   28.   28.   28.   28.   28.   28.   28.
   28.   28.   28.   28.   28.   28. 1631. 1024. 1024.   28.   28.   28.
   28.   28. 
   28. 1024. 1024. 1631. 1631. 1631. 1024. 1024. 1024.   28.   28.   28.
   28.   28.   28.   28.   28.   28.   28.   28.   28.   28.   28.   28.
   28.   28. 
 1024. 1631. 1631. 1024. 1024. 1631. 1024. 1024. 1631. 1631. 1631. 1631.
 1631. 1631. 1024. 1024. 1024.   28.   28.   28.   28.   28.   28.   28.
   28.   28. 
   28.   28.   28.   28. 1631. 1631. 1024. 1024.   28.   28.   28.   28.
   28. 1024. 1024. 1631. 1631. 1631. 1631. 1024. 1024. 1024. 1024.   28.
   28.   28. 
   28.   28.   28.   28.   28.   28.   28.   28.   28.   28.   28. 1024.
 1024. 1631. 1631. 1631. 1024. 1024. 1024. 1024. 1631. 1631. 1631. 1631.
 1024. 1024. 
 1024. 1024. 1024.   28.   28.   28.   28.   28.   28.   28.   28.   28.
   28.   28.   28.   28. 1631. 1631. 1024. 1024.   28.   28.   28.   28.
   28. 1024. 
 1024. 1631. 1631. 1631. 1631. 1631. 1631. 1631. 1024. 1024.   28.   28.
   28.   28.   28.   28.   28.   28.   28.   28.   28.   28.   28. 1024.
 1024. 1631. 
 1631. 1631. 1631. 1024. 1024. 1024. 1631. 1631. 1631. 1631. 1631. 1024.
 1024. 1024. 1024. 1024.   28.   28.   28.   28.   28.   28.   28.   28.
   28.   28. 
   28.   28. 1631. 1024. 1024.   28.   28.   28.   28.   28.   28.   28.
 1024. 1024. 1631. 1631. 1631. 1631. 1631. 1631. 1631. 1024. 1024.   28.
   28.   28. 
   28.   28.   28.   28.   28.   28.   28.   28.   28.   28. 1024. 1024.
 1631. 1631. 1631. 1631. 1024. 1024. 1631. 1631. 1631. 1631. 1631. 1631.
 1631. 1631. 
 1024. 1024.   28.   28.   28.   28.   28.   28.   28.   28.   28.   28.
   28.   28. 1024. 1024. 1024.   28.   28.   28.   28.   28.   28.   28.
   28. 1024. 
 1024. 1024. 1631. 1631. 1631. 1631. 1631. 1631. 1024.   28.   28.   28.
   28.   28.   28.   28.   28.   28.   28.   28.   28.   28. 1024. 1024.
 1024. 1631. 
 1631. 1631. 1024. 1024. 1024. 1024. 1631. 1631. 1631. 1631. 1631. 1631.
 1631. 1024. 1024.   28.   28.   28.   28.   28.   28.   28.   28.   28.
   28.   28. 
 1024. 1024.   28.   28.   28.   28.   28.   28.   28.   28.   28.   28.
 1024. 1024. 1024. 1024. 1631. 1631. 1631. 1631. 1024.   28.   28.   28.
   28.   28. 
   28.   28.   28.   28.   28.   28.   28.   28.   28. 1024. 1024. 1024.
 1631. 1631. 1631. 1024. 1024. 1024. 1024. 1024. 1024. 1024. 1631. 1631.
 1631. 1024. 
 1024.   28.   28.   28.   28.   28.   28.   28.   28.   28.   28.   28.
 1631. 1024. 1024.   28.   28.   28.   28.   28.   28.   28.   28.   28.
   28.   28. 
 1024. 1024. 1631. 1631. 1631. 1631. 1024.   28.   28.   28.   28.   28.
   28.   28.   28.   28.   28.   28.   28.   28.   28.   28.   28. 1024.
 1024. 1631. 
 1024. 1024. 1631. 1024. 1024. 1024. 1024. 1631. 1631. 1631. 1024. 1024.
   28.   28.   28.   28.   28.   28.   28.   28.   28.   28.   28.   28.
 1631. 1631. 
 1024. 1024.   28.   28.   28.   28.   28.   28.   28.   28. 1024. 1024.
 1631. 1631. 1631. 1631. 1631. 1631. 1024.   28.   28.   28.   28.   28.
   28.   28. 
   28.   28.   28.   28.   28.   28.   28. 1024. 1024. 1024. 1631. 1631.
 1024. 1024. 1631. 1024. 1024. 1024. 1631. 1631. 1631. 1631. 1024. 1024.
   28.   28. 
   28.   28.   28.   28.   28.   28.   28.   28.   28.   28. 1631. 1631.
 1631. 1024.   28.   28.   28.   28.   28.   28.   28.   28. 1024. 1024.
 1631. 1631. 
 1631. 1631. 1631. 1024.   28.   28.   28.   28.   28.   28.   28.   28.
   28.   28.   28.   28.   28. 1024. 1024. 1024. 1631. 1631. 1631. 1631.
 1024. 1024. 
 1631. 1024. 1024. 1631. 1631. 1631. 1631. 1024. 1024. 1024.   28.   28.
   28.   28.   28.   28.   28.   28.   28.   28.   28.   28. 1631. 1631.
 1631. 1024. 
   28.   28.   28.   28.   28.   28.   28.   28. 1024. 1631. 1631. 1631.
 1631. 1631. 1631. 1024. 1024. 1024. 1024.   28.   28.   28.   28.   28.
   28.   28. 
   28.   28.   28. 1024. 1631. 1631. 1631. 1631. 1631. 1631. 1024. 1024.
 1631. 1024. 1631. 1631. 1631. 1024. 1024. 1024. 1024. 1024. 1024.   28.
   28.   28. 
   28.   28.   28.   28.   28.   28.   28.   28. 1631. 1631. 1024. 1024.
   28.   28.   28.   28.   28.   28.   28.   28. 1024. 1024. 1631. 1631.
 1631. 1631. 
 1631. 1631. 1631. 1631. 1024. 1024.   28.   28.   28.   28.   28.   28.
   28.   28.   28. 1024. 1631. 1631. 1631. 1631. 1024. 1024. 1024. 1024.
 1024. 1024. 
 1631. 1631. 1631. 1631. 1024. 1024. 1024. 1024. 1024.   28.   28.   28.
   28.   28.   28.   28.   28.   28.   28.   28. 1631. 1631. 1024.   28.
   28.   28. 
   28.   28.   28.   28.   28.   28. 1024. 1024. 1631. 1631. 1631. 1631.
 1631. 1631. 1631. 1631. 1631. 1024. 1024.   28.   28.   28.   28.   28.
   28.   28. 
 1024. 1024. 1631. 1631. 1631. 1631. 1024. 1024. 1024. 1631. 1024. 1024.
 1024. 1631. 1631. 1631. 1631. 1024. 1024. 1024. 1024.   28.   28.   28.
   28.   28. 
   28.   28.   28.   28.   28.   28. 1024. 1024. 1024.   28.   28.   28.
   28.   28.   28.   28.   28.   28.   28. 1024. 1024. 1024. 1631. 1631.
 1631. 1631. 
 1631. 1631. 1631. 1631. 1024.   28.   28.   28.   28.   28.   28.   28.
   28. 1024. 1631. 1631. 1631. 1631. 1631. 1631. 1024. 1024. 1631. 1024.
 1024. 1024. 
 1631. 1631. 1631. 1631. 1631. 1024. 1024. 1024.   28.   28.   28.   28.
   28.   28.   28.   28.   28.   28. 1024.   28.   28.   28.   28.   28.
   28.   28. 
   28.   28.   28.   28.   28.   28. 1024. 1024. 1024. 1024. 1024. 1024.
 1631. 1631. 1631. 1024. 1024.   28.   28.   28.   28.   28.   28.   28.
   28. 1024. 
 1024. 1024. 1631. 1631. 1631. 1631. 1631. 1631. 1024. 1024. 1024. 1024.
 1024. 1024. 1631. 1631. 1631. 1631. 1631. 1024. 1024.   28.   28.   28.
   28.   28. 
   28.   28.   28.   28. 1024. 1024.   28.   28.   28.   28.   28.   28.
   28.   28.   28.   28.   28.   28. 1024. 1024. 1024. 1024. 1024. 1631.
 1631. 1631. 
 1631. 1024. 1024.   28.   28.   28.   28.   28.   28.   28.   28.   28.
 1024. 1024. 1024. 1631. 1631. 1631. 1631. 1024. 1024. 1024. 1631. 1024.
 1024. 1024. 
 1024. 1024. 1631. 1631. 1631. 1024. 1024.   28.   28.   28.   28.   28.
   28.   28.   28.   28. 1631. 1024. 1024.   28.   28.   28.   28.   28.
   28.   28. 
   28.   28.   28. 1024. 1024. 1024. 1024. 1631. 1631. 1631. 1631. 1631.
 1631. 1024. 1024.   28.   28.   28.   28.   28.   28.   28.   28.   28.
   28.   28. 
 1024. 1024. 1024. 1631. 1631. 1024. 1024. 1024. 1024. 1024. 1024. 1631.
 1631. 1631. 1631. 1631. 1631. 1024.   28.   28.   28.   28.   28.   28.
   28.   28. 
   28.   28. 1631. 1631. 1024. 1024.   28.   28.   28.   28.   28.   28.
   28.   28. 1024. 1024. 1631. 1631. 1631. 1631. 1631. 1631. 1631. 1631.
 1024. 1024. 
   28.   28.   28.   28.   28.   28.   28.   28.   28.   28.   28.   28.
 1024. 1024. 1631. 1631. 1631. 1024. 1631. 1024. 1024. 1631. 1631. 1631.
 1631. 1631. 
 1631. 1631. 1024. 1024.   28.   28.   28.   28.   28.   28.   28.   28.
   28.   28. 1631. 1631. 1631. 1024.   28.   28.   28.   28.   28.   28.
   28.   28. 
 1024. 1631. 1631. 1631. 1631. 1631. 1631. 1631. 1024. 1024. 1024.   28.
   28.   28.   28.   28.   28.   28.   28.   28.   28.   28.   28. 1024.
 1024. 1631. 
 1631. 1631. 1631. 1024. 1631. 1024. 1631. 1631. 1631. 1631. 1631. 1631.
 1024. 1024. 1024.   28.   28.   28.   28.   28.   28.   28.   28.   28.
   28.   28. 
 1631. 1631. 1631. 1024. 1024.   28.   28.   28.   28.   28.   28.   28.
 1024. 1631. 1631. 1631. 1024. 1024. 1024. 1024. 1024.   28.   28.   28.
   28.   28. 
   28.   28.   28.   28.   28.   28.   28.   28.   28. 1024. 1631. 1631.
 1631. 1024. 1024. 1024. 1024. 1024. 1631. 1631. 1631. 1631. 1024. 1024.
 1024. 1024. 
   28.   28.   28.   28.   28.   28.   28.   28.   28.   28.   28.   28.
 1024. 1631. 1631. 1024. 1024.   28.   28.   28.   28.   28.   28.   28.
 1024. 1024. 
 1631. 1631. 1631. 1024. 1024.   28.   28.   28.   28.   28.   28.   28.
   28.   28.   28.   28.   28.   28.   28.   28.   28. 1024. 1631. 1631.
 1631. 1024. 
 1024. 1024. 1024. 1024. 1631. 1631. 1631. 1024. 1024. 1024. 1024.   28.
   28.   28.   28.   28.   28.   28.   28.   28.   28.   28.   28.   28.
 1631. 1631. 
 1631. 1024. 1024.   28.   28.   28.   28.   28.   28.   28. 1024. 1024.
 1631. 1631. 1631. 1631. 1024. 1024.   28.   28.   28.   28.   28.   28.
   28.   28. 
   28.   28.   28.   28.   28.   28.   28. 1024. 1631. 1631. 1631. 1631.
 1024. 1024. 1024. 1024. 1024. 1631. 1631. 1631. 1631. 1024. 1024. 1024.
   28.   28. 
   28.   28.   28.   28.   28.   28.   28.   28.   28.   28. 1631. 1631.
 1024. 1024.   28.   28.   28.   28.   28.   28.   28.   28.   28. 1024.
 1024. 1631. 
 1631. 1631. 1631. 1024.   28.   28.   28.   28.   28.   28.   28.   28.
   28.   28.   28.   28.   28.   28.   28. 1024. 1024. 1631. 1631. 1631.
 1631. 1631. 
 1024. 1024. 1024. 1024. 1631. 1631. 1631. 1024. 1024. 1024.   28.   28.
   28.   28.   28.   28.   28.   28.   28.   28.   28.   28. 1631. 1024.
 1024.   28. 
   28.   28.   28.   28.   28.   28.   28.   28.   28.   28. 1024. 1024.
 1631. 1631. 1631. 1024. 1024.   28.   28.   28.   28.   28.   28.   28.
   28.   28. 
   28.   28.   28.   28.   28. 1024. 1024. 1024. 1631. 1631. 1631. 1631.
 1631. 1024. 1024. 1024. 1024. 1631. 1631. 1631. 1024. 1024. 1024.   28.
   28.   28. 
   28.   28.   28.   28.   28.   28.   28.   28. 1024. 1024.   28.   28.
   28.   28.   28.   28.   28.   28.   28.   28.   28.   28. 1024. 1024.
 1024. 1631. 
 1631. 1631. 1024.   28.   28.   28.   28.   28.   28.   28.   28.   28.
   28.   28.   28.   28.   28.   28. 1024. 1024. 1024. 1024. 1631. 1631.
 1024. 1024. 
 1024. 1024. 1024. 1024. 1631. 1631. 1631. 1024. 1024.   28.   28.   28.
   28.   28.   28.   28.   28.   28.   28.   28. 1024.   28.   28.   28.
   28.   28. 
   28.   28.   28.   28.   28.   28. 1024. 1024. 1024. 1024. 1631. 1631.
 1631. 1631. 1024.   28.   28.   28.   28.   28.   28.   28.   28.   28.
   28.   28. 
   28.   28.   28.   28. 1024. 1024. 1024. 1024. 1024. 1024. 1024. 1024.
 1631. 1631. 1024. 1024. 1631. 1631. 1631. 1024. 1024.   28.   28.   28.
   28.   28. 
   28.   28.   28.   28.   28.   28. 1024. 1024.   28.   28.   28.   28.
   28.   28.   28.   28.   28. 1024. 1024. 1631. 1631. 1631. 1631. 1631.
 1631. 1024. 
 1024.   28.   28.   28.   28.   28.   28.   28.   28.   28.   28.   28.
   28.   28.   28.   28. 1024. 1024. 1024. 1024. 1631. 1024. 1024. 1631.
 1631. 1631. 
 1024. 1024. 1631. 1631. 1631. 1024. 1024.   28.   28.   28.   28.   28.
   28.   28.   28.   28.   28.   28. 1631. 1024. 1024.   28.   28.   28.
   28.   28. 
   28.   28. 1024. 1024. 1631. 1631. 1631. 1631. 1631. 1631. 1024. 1024.
   28.   28.   28.   28.   28.   28.   28.   28.   28.   28.   28.   28.
   28.   28. 
   28. 1024. 1024. 1631. 1631. 1631. 1024. 1024. 1631. 1631. 1631. 1024.
 1024. 1024. 1631. 1631. 1631. 1024. 1024.   28.   28.   28.   28.   28.
   28.   28. 
   28.   28.   28.   28. 1631. 1631. 1024. 1024.   28.   28.   28.   28.
   28.   28. 1024. 1631. 1631. 1631. 1631. 1631. 1024. 1024. 1024.   28.
   28.   28. 
   28.   28.   28.   28.   28.   28.   28.   28.   28.   28.   28.   28.
 1024. 1024. 1631. 1631. 1631. 1631. 1024. 1024. 1631. 1631. 1024. 1024.
 1024. 1631. 
 1631. 1631. 1631. 1024. 1024.   28.   28.   28.   28.   28.   28.   28.
   28.   28.   28.   28. 1631. 1631. 1631. 1024.   28.   28.   28.   28.
   28.   28. 
 1024. 1631. 1631. 1631. 1631. 1631. 1024. 1024.   28.   28.   28.   28.
   28.   28.   28.   28.   28.   28.   28.   28.   28.   28.   28.   28.
 1024. 1631. 
 1631. 1631. 1631. 1631. 1024. 1024. 1631. 1631. 1024. 1024. 1631. 1631.
 1631. 1631. 1024. 1024.   28.   28.   28.   28.   28.   28.   28.   28.
   28.   28. 
   28.   28. 1631. 1631. 1631. 1024.   28.   28.   28.   28.   28.   28.
 1024. 1024. 1631. 1631. 1631. 1631. 1631. 1024. 1024. 1024.   28.   28.
   28.   28. 
   28.   28.   28.   28.   28.   28.   28.   28.   28.   28. 1024. 1631.
 1631. 1631. 1631. 1631. 1024. 1024. 1631. 1631. 1024. 1024. 1631. 1631.
 1631. 1024. 
 1024. 1024.   28.   28.   28.   28.   28.   28.   28.   28.   28.   28.
   28.   28. 1631. 1631. 1631. 1024.   28.   28.   28.   28.   28.   28.
   28. 1024. 
 1024. 1631. 1631. 1631. 1631. 1631. 1631. 1024.   28.   28.   28.   28.
   28.   28.   28.   28.   28.   28.   28.   28.   28.   28. 1024. 1631.
 1631. 1631. 
 1631. 1631. 1024. 1024. 1631. 1631. 1024. 1024. 1631. 1631. 1631. 1024.
 1024. 1024.   28.   28.   28.   28.   28.   28.   28.   28.   28.   28.
   28.   28. 
 1631. 1631. 1024. 1024.   28.   28.   28.   28.   28.   28.   28.   28.
 1024. 1024. 1024. 1631. 1631. 1631. 1631. 1024.   28.   28.   28.   28.
   28.   28. 
   28.   28.   28.   28.   28.   28.   28.   28. 1024. 1024. 1024. 1024.
 1631. 1631. 1631. 1024. 1024. 1631. 1024. 1024. 1631. 1631. 1631. 1631.
 1024. 1024. 
 1024. 1024.   28.   28.   28.   28.   28.   28.   28.   28.   28.   28.
 1631. 1024. 1024.   28.   28.   28.   28.   28.   28.   28.   28. 1024.
 1024. 1024. 
 1631. 1631. 1631. 1631. 1631. 1024.   28.   28.   28.   28.   28.   28.
   28.   28.   28.   28.   28.   28.   28.   28.   28.   28. 1024. 1024.
 1024. 1024. 
 1024. 1024. 1024. 1631. 1024. 1024. 1631. 1631. 1631. 1631. 1631. 1631.
 1024. 1024. 1024.   28.   28.   28.   28.   28.   28.   28.   28.   28.
 1631. 1024. 
   28.   28.   28.   28.   28.   28.   28.   28. 1024. 1024. 1024. 1631.
 1631. 1631. 1631. 1631. 1024. 1024.   28.   28.   28.   28.   28.   28.
   28.   28. 
   28.   28.   28.   28.   28.   28.   28.   28.   28.   28. 1024. 1024.
 1024. 1024. 1024. 1024. 1631. 1024. 1024. 1024. 1631. 1631. 1631. 1631.
 1631. 1024. 
 1024.   28.   28.   28.   28.   28.   28.   28.   28.   28. 1024. 1024.
   28.   28.   28.   28.   28.   28.   28.   28. 1024. 1631. 1631. 1631.
 1631. 1631. 
 1631. 1024. 1024.   28.   28.   28.   28.   28.   28.   28.   28.   28.
   28.   28.   28.   28.   28.   28.   28.   28.   28.   28. 1024. 1024.
 1024. 1024. 
 1024. 1631. 1631. 1631. 1024. 1024. 1024. 1631. 1631. 1631. 1631. 1631.
 1024. 1024.   28.   28.   28.   28.   28.   28.   28.   28. 1024.   28.
   28.   28. 
   28.   28.   28.   28.   28. 1024. 1024. 1631. 1631. 1631. 1631. 1024.
 1024. 1024.   28.   28.   28.   28.   28.   28.   28.   28.   28.   28.
   28.   28. 
   28.   28.   28.   28.   28.   28.   28. 1024. 1024. 1024. 1631. 1631.
 1631. 1631. 1631. 1631. 1631. 1024. 1024. 1024. 1024. 1631. 1631. 1631.
 1024. 1024. 
   28.   28.   28.   28.   28.   28.   28.   28.   28.   28.   28.   28.
   28.   28.   28.   28.   28. 1024. 1024. 1631. 1631. 1631. 1631. 1024.
 1024. 1024. 
 1024.   28.   28.   28.   28.   28.   28.   28.   28.   28.   28.   28.
   28.   28.   28.   28.   28.   28.   28. 1024. 1024. 1631. 1631. 1631.
 1631. 1631. 
 1631. 1024. 1024. 1024. 1024. 1631. 1631. 1631. 1631. 1631. 1024. 1024.
   28.   28.   28.   28.   28.   28.   28.   28.   28.   28.   28.   28.
   28.   28. 
   28.   28.   28. 1024. 1024. 1631. 1631. 1631. 1631. 1631. 1631. 1024.
 1024. 1024.   28.   28.   28.   28.   28.   28.   28.   28.   28.   28.
   28.   28. 
   28.   28.   28.   28. 1024. 1024. 1631. 1631. 1631. 1631. 1631. 1024.
 1024. 1024. 1024. 1024. 1631. 1631. 1631. 1631. 1631. 1024. 1024.   28.
   28.   28. 
   28.   28.   28.   28.   28.   28. 1024. 1024.   28.   28.   28.   28.
   28.   28.   28.   28. 1024. 1024. 1631. 1631. 1631. 1631. 1631. 1631.
 1631. 1024. 
 1024.   28.   28.   28.   28.   28.   28.   28.   28.   28.   28.   28.
   28.   28.   28. 1024. 1024. 1631. 1631. 1631. 1631. 1631. 1024. 1024.
 1024. 1024. 
 1631. 1631. 1631. 1631. 1631. 1631. 1024. 1024. 1024.   28.   28.   28.
   28.   28.   28.   28.   28.   28. 1631. 1024. 1024.   28.   28.   28.
   28.   28. 
   28.   28.   28. 1024. 1024. 1024. 1024. 1631. 1631. 1631. 1631. 1631.
 1024.   28.   28.   28.   28.   28.   28.   28.   28.   28.   28.   28.
   28.   28. 
   28. 1024. 1024. 1631. 1631. 1631. 1024. 1024. 1024. 1024. 1024. 1631.
 1631. 1631. 1631. 1631. 1024. 1024. 1024. 1024.   28.   28.   28.   28.
   28.   28. 
   28.   28.   28.   28. 1631. 1631. 1024.   28.   28.   28.   28.   28.
   28.   28.   28.   28. 1024. 1024. 1024. 1024. 1631. 1631. 1631. 1631.
 1024.   28. 
   28.   28.   28.   28.   28.   28.   28.   28.   28.   28.   28.   28.
   28. 1024. 1024. 1631. 1631. 1631. 1024. 1024. 1631. 1024. 1024. 1631.
 1631. 1631. 
 1024. 1024. 1024. 1024. 1024. 1024.   28.   28.   28.   28.   28.   28.
   28.   28.   28.   28. 1631. 1631. 1024. 1024.   28.   28.   28.   28.
   28.   28. 
   28.   28.   28.   28. 1024. 1631. 1631. 1631. 1631. 1024. 1024.   28.
   28.   28.   28.   28.   28.   28.   28.   28.   28.   28.   28.   28.
   28. 1024. 
 1024. 1631. 1631. 1631. 1024. 1024. 1024. 1024. 1024. 1631. 1631. 1631.
 1631. 1024. 1024. 1024. 1631. 1024.   28.   28.   28.   28.   28.   28.
   28.   28. 
   28.   28. 1631. 1631. 1024. 1024.   28.   28.   28.   28.   28.   28.
   28.   28.   28. 1024. 1024. 1631. 1631. 1631. 1024. 1024.   28.   28.
   28.   28. 
   28.   28.   28.   28.   28.   28.   28.   28.   28.   28.   28.   28.
 1024. 1024. 1631. 1631. 1631. 1631. 1024. 1024. 1024. 1631. 1631. 1631.
 1631. 1631. 
 1631. 1024. 1024. 1024.   28.   28.   28.   28.   28.   28.   28.   28.
   28.   28. 
/