PERMI
 25. 25. 25. 25. 25. 25. 25. 25. 25. 25. 25. 25. 25. 25. 25. 25. 25. 25.
 25. 25. 25. 25. 25. 25. 25. 25. 
   25. 1574. 1574. 1574. 2332. 1574. 1574. 1574.   25.   25.   25.   25.
   25.   25.   25.   25.   25.   25.   25.   25.   25.   25.   25.   25.
   25.   25. 
 25. 25. 25. 25. 25. 25. 25. 25. 25. 25. 25. 25. 25. 25. 25. 25. 25. 25.
 25. 25. 25. 25. 25. 25. 25. 25. 
   25.   25.   25.   25.   25.   25.   25.   25.   25.   25.   25.   25.
 1574. 1574. 2332. 2332. 2332. 2332. 2332. 1574. 1574.   25.   25.   25.
   25.   25. 
   25.   25.   25.   25.   25.   25.   25.   25.   25.   25.   25.   25.
   25.   25.   25.   25.   25.   25.   25.   25.   25.   25.   25.   25.
 1574. 1574. 
 1574.   25.   25.   25.   25.   25.   25.   25.   25.   25.   25.   25.
   25.   25.   25.   25.   25.   25.   25.   25.   25.   25.   25. 1574.
 1574. 2332. 
 2332. 2332. 2332. 2332. 2332. 1574. 1574. 1574.   25.   25.   25.   25.
   25.   25.   25.   25.   25.   25.   25.   25.   25.   25.   25.   25.
   25.   25. 
   25.   25.   25.   25.   25.   25.   25.   25.   25.   25. 2332. 1574.
 1574. 1574.   25.   25.   25.   25.   25.   25.   25.   25.   25.   25.
   25.   25. 
   25.   25.   25.   25.   25.   25.   25.   25. 1574. 1574. 1574. 2332.
 2332. 2332. 1574. 2332. 2332. 2332. 1574. 1574.   25.   25.   25.   25.
   25.   25. 
   25.   25.   25.   25.   25.   25.   25.   25.   25.   25.   25.   25.
   25.   25.   25.   25.   25.   25.   25.   25.   25.   25. 2332. 2332.
 2332. 1574. 
 1574.   25.   25.   25.   25.   25.   25.   25.   25.   25.   25.   25.
   25.   25.   25.   25.   25.   25.   25.   25. 1574. 1574. 2332. 2332.
 2332. 1574. 
 1574. 1574. 2332. 2332. 1574. 1574.   25.   25.   25.   25.   25.   25.
   25.   25.   25.   25.   25.   25.   25.   25.   25.   25.   25.   25.
   25.   25. 
   25.   25.   25.   25.   25.   25.   25.   25. 2332. 2332. 2332. 1574.
 1574.   25.   25.   25.   25.   25.   25.   25. 1574. 1574. 1574. 1574.
 1574. 1574. 
 1574. 1574.   25.   25.   25.   25. 1574. 1574. 2332. 2332. 2332. 1574.
 1574. 1574. 2332. 2332. 2332. 1574. 1574.   25.   25.   25.   25.   25.
   25.   25. 
   25.   25.   25.   25.   25.   25.   25.   25.   25.   25.   25.   25.
   25.   25.   25.   25.   25.   25.   25.   25. 1574. 2332. 2332. 2332.
 1574. 1574. 
   25.   25.   25.   25.   25. 1574. 1574. 2332. 2332. 2332. 2332. 2332.
 1574. 1574. 1574. 1574.   25.   25. 1574. 1574. 2332. 2332. 2332. 1574.
 1574. 1574. 
 2332. 2332. 2332. 1574. 1574.   25.   25.   25.   25.   25.   25.   25.
   25.   25.   25.   25.   25.   25.   25.   25.   25.   25.   25.   25.
   25.   25. 
   25.   25.   25.   25.   25.   25. 1574. 1574. 2332. 2332. 1574. 1574.
   25.   25.   25.   25. 1574. 1574. 2332. 2332. 2332. 2332. 2332. 2332.
 2332. 2332. 
 1574. 1574. 1574. 1574. 1574. 1574. 2332. 2332. 1574. 1574. 1574. 1574.
 2332. 2332. 2332. 1574. 1574.   25.   25.   25.   25.   25. 1574. 1574.
 1574. 1574. 
 1574.   25.   25.   25.   25.   25.   25.   25.   25.   25.   25.   25.
   25.   25.   25.   25.   25.   25. 1574. 1574. 2332. 2332. 1574. 1574.
   25.   25. 
   25. 1574. 1574. 2332. 2332. 2332. 1574. 1574. 2332. 2332. 2332. 2332.
 2332. 2332. 1574. 1574. 1574. 1574. 2332. 2332. 1574. 1574.   25. 1574.
 2332. 2332. 
 2332. 1574.   25.   25.   25.   25. 1574. 1574. 1574. 1574. 2332. 1574.
 1574. 1574.   25.   25.   25.   25.   25.   25.   25.   25.   25.   25.
   25.   25. 
   25.   25.   25.   25. 1574. 1574. 2332. 2332. 1574. 1574.   25.   25.
   25. 1574. 2332. 2332. 2332. 1574. 1574. 1574. 1574. 1574. 1574. 2332.
 2332. 2332. 
 2332. 2332. 1574. 2332. 2332. 2332. 1574. 1574.   25. 1574. 2332. 2332.
 2332. 1574. 1574. 1574. 1574. 1574. 1574. 1574. 2332. 2332. 2332. 2332.
 2332. 1574. 
 1574.   25.   25.   25.   25.   25.   25.   25.   25.   25.   25.   25.
   25.   25.   25.   25. 1574. 1574. 2332. 2332. 2332. 1574. 1574.   25.
 1574. 1574. 
 2332. 2332. 2332. 1574. 1574.   25.   25.   25. 1574. 1574. 2332. 2332.
 2332. 2332. 2332. 2332. 2332. 2332. 1574.   25.   25. 1574. 1574. 2332.
 2332. 1574. 
 1574. 1574. 1574. 2332. 2332. 2332. 2332. 2332. 2332. 2332. 2332. 2332.
 1574.   25.   25.   25.   25.   25.   25.   25.   25.   25.   25.   25.
   25.   25. 
   25.   25. 1574. 1574. 2332. 2332. 2332. 1574. 1574.   25. 1574. 1574.
 2332. 2332. 1574. 1574.   25.   25.   25.   25. 1574. 1574. 1574. 1574.
 2332. 2332. 
 2332. 2332. 2332. 1574. 1574.   25.   25. 1574. 1574. 2332. 2332. 2332.
 2332. 2332. 2332. 2332. 2332. 2332. 2332. 2332. 2332. 2332. 2332. 2332.
 1574. 1574. 
   25.   25.   25.   25.   25.   25.   25.   25.   25.   25.   25.   25.
   25.   25.   25. 1574. 1574. 2332. 2332. 2332. 1574. 1574. 1574. 2332.
 2332. 2332. 
 1574. 1574.   25.   25.   25.   25.   25.   25. 1574. 1574. 1574. 1574.
 1574. 1574. 1574. 1574.   25.   25.   25.   25. 1574. 1574. 2332. 2332.
 2332. 2332. 
 2332. 2332. 2332. 1574. 1574. 1574. 1574. 1574. 2332. 2332. 2332. 1574.
   25.   25.   25.   25.   25.   25.   25. 1574. 1574. 1574. 1574.   25.
   25.   25. 
   25. 1574. 1574. 2332. 2332. 2332. 2332. 2332. 2332. 2332. 2332. 1574.
 1574.   25.   25.   25.   25.   25.   25.   25.   25.   25. 1574. 1574.
 1574. 1574. 
   25.   25.   25.   25.   25.   25.   25. 1574. 1574. 1574. 2332. 1574.
 1574. 1574. 1574. 1574. 1574. 1574. 1574. 1574. 2332. 2332. 2332. 1574.
 1574.   25. 
   25.   25.   25. 1574. 1574. 1574. 1574. 1574. 1574. 1574.   25.   25.
   25. 1574. 1574. 1574. 2332. 2332. 2332. 2332. 2332. 2332. 2332. 1574.
 1574.   25. 
   25.   25.   25.   25.   25.   25.   25.   25.   25.   25.   25.   25.
   25.   25.   25.   25.   25.   25.   25.   25. 1574. 1574. 1574. 1574.
 1574. 1574. 
   25.   25.   25.   25.   25. 1574. 1574. 2332. 2332. 1574. 1574.   25.
   25.   25. 1574. 1574. 1574. 2332. 2332. 2332. 2332. 1574. 1574.   25.
   25.   25. 
 1574. 1574. 1574. 2332. 2332. 2332. 2332. 1574. 1574.   25.   25.   25.
   25.   25.   25.   25.   25.   25.   25.   25.   25.   25.   25.   25.
   25.   25. 
   25.   25.   25.   25.   25.   25.   25.   25.   25.   25.   25.   25.
   25.   25.   25.   25.   25. 1574. 1574. 2332. 2332. 2332. 1574. 1574.
   25. 1574. 
 1574. 2332. 2332. 2332. 2332. 2332. 2332. 1574. 1574.   25.   25.   25.
   25. 1574. 1574. 1574. 1574. 1574. 1574. 1574.   25.   25.   25.   25.
   25.   25. 
 25. 25. 25. 25. 25. 25. 25. 25. 25. 25. 25. 25. 25. 25. 25. 25. 25. 25.
 25. 25. 25. 25. 25. 25. 25. 25. 
   25.   25.   25.   25. 1574. 2332. 2332. 2332. 1574. 1574. 1574. 1574.
 1574. 2332. 2332. 2332. 2332. 2332. 2332. 2332. 1574. 1574.   25.   25.
   25.   25. 
   25. 1574. 1574. 1574. 1574.   25.   25.   25.   25.   25.   25.   25.
   25.   25.   25.   25.   25.   25.   25.   25.   25.   25.   25.   25.
   25.   25. 
   25.   25.   25.   25.   25.   25.   25.   25.   25.   25.   25.   25.
   25.   25.   25.   25. 1574. 1574. 2332. 2332. 2332. 1574. 1574. 2332.
 2332. 2332. 
 2332. 2332. 1574. 2332. 2332. 2332. 1574. 1574.   25.   25.   25.   25.
   25.   25.   25.   25.   25.   25.   25.   25.   25.   25.   25.   25.
   25.   25. 
 25. 25. 25. 25. 25. 25. 25. 25. 25. 25. 25. 25. 25. 25. 25. 25. 25. 25.
 25. 25. 25. 25. 25. 25. 25. 25. 
   25.   25.   25. 1574. 1574. 2332. 2332. 2332. 2332. 2332. 2332. 2332.
 1574. 1574. 1574. 2332. 2332. 2332. 1574. 1574.   25.   25.   25.   25.
   25.   25. 
 25. 25. 25. 25. 25. 25. 25. 25. 25. 25. 25. 25. 25. 25. 25. 25. 25. 25.
 25. 25. 25. 25. 25. 25. 25. 25. 
   25.   25.   25.   25.   25.   25.   25.   25.   25.   25.   25.   25.
   25.   25.   25. 1574. 1574. 1574. 2332. 2332. 2332. 2332. 2332. 2332.
 1574. 1574. 
 1574. 1574. 2332. 2332. 2332. 1574.   25.   25.   25.   25.   25.   25.
   25.   25.   25.   25.   25.   25.   25.   25.   25.   25.   25.   25.
   25.   25. 
 25. 25. 25. 25. 25. 25. 25. 25. 25. 25. 25. 25. 25. 25. 25. 25. 25. 25.
 25. 25. 25. 25. 25. 25. 25. 25. 
   25.   25. 1574. 1574. 2332. 2332. 2332. 2332. 1574. 1574. 1574.   25.
 1574. 1574. 2332. 2332. 2332. 1574.   25.   25.   25.   25.   25.   25.
   25.   25. 
 25. 25. 25. 25. 25. 25. 25. 25. 25. 25. 25. 25. 25. 25. 25. 25. 25. 25.
 25. 25. 25. 25. 25. 25. 25. 25. 
   25.   25.   25.   25.   25.   25.   25.   25.   25.   25.   25.   25.
   25.   25.   25. 1574. 1574. 1574. 1574. 1574. 1574.   25.   25.   25.
 1574. 1574. 
 2332. 2332. 2332. 1574.   25.   25.   25.   25.   25.   25.   25.   25.
   25.   25.   25.   25.   25.   25.   25.   25.   25.   25.   25.   25.
   25.   25. 
 25. 25. 25. 25. 25. 25. 25. 25. 25. 25. 25. 25. 25. 25. 25. 25. 25. 25.
 25. 25. 25. 25. 25. 25. 25. 25. 
   25.   25. 1574. 1574. 1574. 1574.   25.   25.   25.   25. 1574. 1574.
 2332. 2332. 2332. 1574.   25.   25.   25.   25.   25.   25.   25.   25.
   25.   25. 
 25. 25. 25. 25. 25. 25. 25. 25. 25. 25. 25. 25. 25. 25. 25. 25. 25. 25.
 25. 25. 25. 25. 25. 25. 25. 25. 
   25.   25.   25.   25.   25.   25.   25.   25.   25.   25.   25.   25.
   25.   25.   25.   25.   25.   25.   25.   25.   25.   25.   25. 1574.
 2332. 2332. 
 2332. 2332.   25.   25.   25.   25.   25.   25.   25.   25.   25.   25.
   25.   25.   25.   25.   25. 1574. 1574. 1574. 1574. 1574.   25.   25.
   25.   25. 
 25. 25. 25. 25. 25. 25. 25. 25. 25. 25. 25. 25. 25. 25. 25. 25. 25. 25.
 25. 25. 25. 25. 25. 25. 25. 25. 
   25.   25.   25.   25.   25.   25.   25.   25.   25. 1574. 1574. 2332.
 2332. 2332.   25.   25.   25.   25.   25.   25.   25.   25.   25.   25.
   25.   25. 
   25.   25. 1574. 1574. 1574. 1574. 1574. 1574. 1574. 1574.   25.   25.
   25.   25.   25.   25.   25.   25.   25.   25.   25.   25.   25.   25.
   25.   25. 
   25.   25.   25.   25.   25.   25.   25.   25.   25.   25.   25.   25.
   25.   25.   25.   25.   25.   25.   25.   25.   25. 1574. 1574. 1574.
 2332. 1574. 
   25.   25.   25. 1574. 1574. 1574.   25.   25.   25.   25.   25.   25.
   25.   25. 1574. 1574. 2332. 2332. 2332. 2332. 1574. 1574.   25.   25.
   25.   25. 
 25. 25. 25. 25. 25. 25. 25. 25. 25. 25. 25. 25. 25. 25. 25. 25. 25. 25.
 25. 25. 25. 25. 25. 25. 25. 25. 
   25.   25.   25.   25.   25.   25.   25.   25. 1574. 1574. 1574. 1574.
   25. 1574. 1574. 1574. 1574. 1574. 1574. 1574.   25.   25.   25.   25.
   25. 1574. 
 1574. 2332. 2332. 2332. 2332. 2332. 1574. 1574.   25.   25.   25.   25.
   25.   25.   25.   25.   25.   25.   25.   25.   25.   25.   25.   25.
   25.   25. 
   25.   25.   25.   25.   25.   25.   25.   25.   25.   25.   25.   25.
   25.   25.   25.   25.   25.   25.   25.   25. 1574. 1574. 1574. 2332.
 1574. 1574. 
 1574. 2332. 2332. 1574. 1574. 1574. 1574.   25.   25.   25.   25. 1574.
 1574. 2332. 2332. 2332. 2332. 2332. 2332. 1574. 1574.   25.   25.   25.
   25.   25. 
   25.   25. 1574. 1574. 1574. 1574. 1574.   25.   25.   25.   25.   25.
   25.   25.   25.   25.   25.   25.   25.   25.   25.   25.   25.   25.
   25.   25. 
   25.   25.   25.   25.   25.   25. 1574. 1574. 2332. 2332. 1574. 1574.
 2332. 2332. 2332. 2332. 2332. 1574. 1574. 1574. 1574.   25. 1574. 1574.
 2332. 2332. 
 2332. 1574. 2332. 2332. 2332. 2332. 1574. 1574.   25.   25.   25.   25.
 1574. 1574. 1574. 1574. 1574. 1574. 1574. 1574. 1574.   25.   25.   25.
   25.   25. 
   25.   25.   25.   25.   25.   25.   25.   25.   25.   25.   25.   25.
   25.   25.   25.   25.   25. 1574. 1574. 2332. 2332. 2332. 1574. 1574.
 2332. 2332. 
 2332. 2332. 2332. 2332. 2332. 1574. 1574. 1574. 1574. 1574. 2332. 2332.
 2332. 1574. 1574. 2332. 2332. 2332. 1574. 1574.   25.   25.   25. 1574.
 1574. 1574. 
 1574. 2332. 2332. 2332. 2332. 1574. 1574. 1574.   25.   25.   25.   25.
   25.   25.   25.   25. 1574. 1574. 1574. 1574.   25.   25.   25.   25.
   25.   25. 
   25.   25.   25. 1574. 1574. 2332. 2332. 1574. 1574. 2332. 2332. 2332.
 1574. 1574. 2332. 2332. 2332. 2332. 2332. 1574. 1574. 2332. 2332. 2332.
 2332. 1574. 
 1574. 2332. 2332. 2332. 2332. 1574. 1574. 1574. 1574. 1574. 1574. 2332.
 2332. 2332. 2332. 2332. 2332. 2332. 1574. 1574. 1574.   25.   25.   25.
   25.   25. 
 1574. 1574. 1574. 1574. 1574. 1574. 1574. 1574.   25.   25.   25.   25.
   25.   25.   25. 1574. 1574. 2332. 2332. 1574. 1574. 2332. 2332. 1574.
 1574. 1574. 
 1574. 1574. 2332. 2332. 2332. 2332. 1574. 2332. 2332. 2332. 1574. 1574.
 1574. 1574. 2332. 2332. 2332. 1574. 1574. 1574. 1574. 1574. 2332. 2332.
 2332. 2332. 
 2332. 2332. 2332. 2332. 2332. 1574. 1574. 1574.   25.   25.   25. 1574.
 1574. 1574. 2332. 2332. 2332. 2332. 1574. 1574. 1574.   25.   25.   25.
   25.   25. 
   25. 1574. 2332. 2332. 2332. 1574. 2332. 2332. 2332. 1574. 1574.   25.
 1574. 1574. 1574. 2332. 2332. 2332. 2332. 2332. 2332. 1574. 1574. 1574.
 1574. 1574. 
 2332. 2332. 2332. 1574. 1574. 1574. 2332. 2332. 2332. 2332. 2332. 1574.
 1574. 1574. 1574. 2332. 2332. 2332. 1574. 1574. 1574.   25. 1574. 1574.
 2332. 2332. 
 2332. 2332. 2332. 2332. 2332. 1574. 1574. 1574. 1574.   25.   25.   25.
   25. 1574. 2332. 2332. 2332. 1574. 2332. 2332. 1574. 1574. 1574.   25.
   25.   25. 
 1574. 1574. 2332. 2332. 2332. 2332. 1574. 1574. 1574.   25. 1574. 1574.
 2332. 2332. 2332. 2332. 2332. 2332. 2332. 2332. 2332. 2332. 1574. 1574.
 1574. 1574. 
 1574. 2332. 2332. 2332. 2332. 1574. 1574. 1574. 1574. 1574. 2332. 2332.
 2332. 1574. 1574. 2332. 2332. 2332. 2332. 1574. 1574. 1574.   25.   25.
 1574. 1574. 
 2332. 2332. 1574. 1574. 2332. 2332. 1574. 1574.   25.   25.   25.   25.
   25. 1574. 1574. 1574. 2332. 2332. 1574. 1574.   25.   25. 1574. 1574.
 1574. 2332. 
 2332. 2332. 2332. 2332. 2332. 2332. 1574. 1574. 1574. 1574.   25. 1574.
 1574. 1574. 1574. 2332. 2332. 1574. 1574. 1574. 1574. 2332. 2332. 2332.
 1574. 1574. 
 1574. 1574. 2332. 2332. 2332. 2332. 1574. 1574. 1574. 1574. 1574. 2332.
 2332. 2332. 1574. 1574. 2332. 1574. 1574. 1574.   25.   25.   25.   25.
   25.   25. 
 1574. 1574. 1574. 1574. 1574.   25.   25.   25.   25. 1574. 1574. 2332.
 2332. 2332. 2332. 2332. 1574. 1574. 1574. 1574. 1574.   25.   25.   25.
 1574. 1574. 
 1574. 2332. 2332. 1574. 1574. 1574. 2332. 2332. 2332. 2332. 1574. 1574.
 1574. 1574. 1574. 2332. 2332. 2332. 2332. 2332. 2332. 2332. 2332. 2332.
 2332. 2332. 
 1574.   25. 2332. 1574. 1574. 1574. 1574. 1574. 1574. 1574. 1574.   25.
   25.   25. 1574. 1574.   25.   25.   25.   25.   25. 1574. 1574. 1574.
 1574. 1574. 
 1574. 1574. 1574. 1574. 1574.   25.   25.   25.   25.   25.   25. 1574.
 1574. 2332. 2332. 2332. 1574. 2332. 2332. 2332. 2332. 1574. 1574.   25.
   25. 1574. 
 1574. 1574. 1574. 2332. 2332. 2332. 2332. 2332. 2332. 2332. 2332. 1574.
 1574.   25. 1574. 1574. 1574. 1574. 1574. 2332. 2332. 2332. 1574. 1574.
 1574.   25. 
   25.   25.   25.   25.   25.   25.   25.   25. 1574. 1574. 1574. 1574.
 1574. 1574. 1574.   25.   25.   25.   25.   25.   25.   25.   25. 1574.
 1574. 2332. 
 2332. 2332. 2332. 2332. 2332. 2332. 1574. 1574.   25.   25.   25.   25.
   25. 1574. 1574. 1574. 1574. 2332. 2332. 2332. 2332. 1574. 1574. 1574.
   25.   25. 
 1574. 1574. 1574. 2332. 2332. 2332. 2332. 2332. 2332. 1574. 1574.   25.
   25.   25.   25.   25.   25.   25.   25. 1574. 1574. 1574. 1574. 1574.
 1574.   25. 
   25.   25.   25.   25.   25. 1574. 1574.   25.   25. 1574. 1574. 2332.
 2332. 2332. 2332. 2332. 2332. 1574. 1574. 1574.   25.   25.   25.   25.
   25.   25. 
 1574. 1574. 1574. 1574. 1574. 1574. 1574. 1574. 1574. 1574.   25.   25.
 1574. 1574. 2332. 2332. 2332. 2332. 2332. 2332. 2332. 2332. 1574. 1574.
   25.   25. 
   25.   25.   25. 1574. 1574. 1574. 1574. 1574. 1574. 1574. 1574.   25.
   25.   25.   25. 1574. 1574. 1574. 1574. 1574. 1574. 1574. 1574. 2332.
 2332. 2332. 
 2332. 2332. 1574. 1574. 1574. 1574. 1574.   25.   25.   25.   25.   25.
   25. 1574. 1574. 2332. 1574. 1574. 2332. 2332. 2332. 1574. 1574.   25.
 1574. 2332. 
 2332. 2332. 2332. 1574. 1574. 1574. 2332. 2332. 1574. 1574.   25.   25.
   25.   25. 1574. 1574. 1574. 2332. 2332. 2332. 2332. 1574. 1574. 1574.
   25.   25. 
 1574. 1574. 1574. 2332. 2332. 2332. 1574. 1574. 1574. 1574. 2332. 2332.
 2332. 1574. 1574. 1574. 2332. 2332. 1574. 1574.   25.   25.   25.   25.
   25. 1574. 
 2332. 2332. 2332. 1574. 1574. 2332. 2332. 1574. 1574.   25. 2332. 2332.
 2332. 2332. 1574. 1574. 1574. 1574. 2332. 2332. 2332. 1574.   25.   25.
   25. 1574. 
 1574. 2332. 2332. 2332. 2332. 2332. 2332. 2332. 1574. 1574.   25.   25.
 1574. 1574. 2332. 2332. 2332. 2332. 2332. 1574. 1574. 1574. 1574. 1574.
 1574. 1574. 
 1574. 2332. 2332. 2332. 2332. 1574. 1574.   25.   25.   25. 1574. 1574.
 2332. 2332. 2332. 1574. 2332. 2332. 2332. 1574. 1574. 1574. 2332. 2332.
 1574. 1574. 
   25.   25. 1574. 1574. 2332. 2332. 2332. 1574. 1574.   25. 1574. 1574.
 2332. 2332. 2332. 2332. 2332. 2332. 2332. 2332. 1574. 1574.   25. 1574.
 1574. 2332. 
 2332. 2332. 2332. 2332. 2332. 2332. 1574. 1574. 1574. 1574. 1574. 2332.
 2332. 2332. 2332. 2332. 2332. 1574. 1574.   25.   25. 1574. 1574. 2332.
 2332. 2332. 
 2332. 1574. 1574. 2332. 2332. 1574. 1574. 1574. 1574. 1574. 1574.   25.
   25.   25.   25. 1574. 2332. 2332. 2332. 1574. 1574.   25. 1574. 1574.
 2332. 2332. 
 2332. 2332. 1574. 2332. 2332. 2332. 1574. 1574.   25. 1574. 2332. 2332.
 2332. 2332. 1574. 2332. 2332. 2332. 1574. 1574.   25. 1574. 2332. 2332.
 2332. 1574. 
 1574. 2332. 2332. 2332. 2332. 1574. 1574. 1574. 1574. 2332. 2332. 2332.
 1574. 1574. 1574. 2332. 2332. 1574. 1574. 1574. 1574. 1574.   25.   25.
   25.   25. 
   25. 1574. 1574. 1574. 1574. 1574. 1574. 1574. 1574. 2332. 2332. 2332.
 1574. 1574. 1574. 2332. 2332. 2332. 1574. 1574. 1574. 1574. 2332. 2332.
 2332. 1574. 
 1574. 1574. 2332. 2332. 2332. 1574. 1574. 1574. 2332. 2332. 2332. 1574.
 1574. 1574. 2332. 2332. 2332. 1574. 1574. 1574. 2332. 2332. 2332. 1574.
 1574. 1574. 
 1574. 2332. 2332. 1574. 1574. 2332. 1574. 1574.   25.   25.   25.   25.
 1574. 1574. 1574. 1574. 1574. 1574. 1574. 1574. 2332. 2332. 2332. 2332.
 1574. 1574. 
 1574. 1574. 2332. 2332. 2332. 1574. 1574. 2332. 2332. 2332. 1574. 1574.
 1574. 1574. 2332. 2332. 2332. 1574. 1574. 1574. 2332. 2332. 2332. 1574.
   25. 1574. 
 2332. 2332. 2332. 2332. 2332. 2332. 2332. 2332. 2332. 1574. 1574. 1574.
 1574. 2332. 2332. 2332. 2332. 2332. 2332. 1574. 1574.   25. 1574. 1574.
 1574. 1574. 
 2332. 2332. 2332. 2332. 2332. 1574. 1574. 2332. 2332. 1574. 1574.   25.
 1574. 1574. 2332. 2332. 2332. 1574. 1574. 2332. 2332. 2332. 1574. 1574.
   25. 1574. 
 1574. 2332. 2332. 2332. 1574. 2332. 2332. 2332. 1574. 1574.   25. 1574.
 1574. 2332. 2332. 2332. 2332. 2332. 2332. 2332. 1574. 1574.   25. 1574.
 1574. 2332. 
 2332. 2332. 2332. 2332. 2332. 1574. 1574.   25. 1574. 1574. 2332. 2332.
 2332. 2332. 2332. 2332. 2332. 2332. 1574. 1574. 1574. 1574.   25.   25.
   25. 1574. 
 2332. 2332. 2332. 1574. 2332. 2332. 2332. 1574. 1574.   25.   25. 1574.
 1574. 2332. 2332. 2332. 1574. 2332. 1574. 1574. 1574. 1574.   25.   25.
 1574. 1574. 
 1574. 2332. 2332. 2332. 2332. 1574. 1574.   25.   25.   25. 1574. 1574.
 2332. 2332. 2332. 1574. 2332. 1574. 1574. 1574. 1574. 2332. 2332. 2332.
 2332. 2332. 
 2332. 2332. 2332. 2332. 2332. 1574. 1574. 1574.   25.   25.   25. 1574.
 1574. 2332. 2332. 1574. 1574. 1574. 1574. 1574.   25.   25.   25.   25.
 1574. 1574. 
 2332. 2332. 1574. 1574. 1574. 1574. 1574. 1574.   25.   25.   25. 1574.
 1574. 1574. 1574. 1574. 1574. 1574.   25.   25.   25.   25. 1574. 1574.
 1574. 1574. 
 1574. 1574. 2332. 2332. 1574. 1574. 1574. 2332. 2332. 2332. 2332. 2332.
 1574. 1574. 2332. 2332. 2332. 2332. 1574. 1574.   25.   25.   25.   25.
 1574. 1574. 
 1574. 1574. 1574. 2332. 1574. 1574. 1574. 1574.   25.   25. 1574. 1574.
 1574. 1574. 1574. 2332. 2332. 2332. 2332. 1574.   25.   25.   25.   25.
   25. 1574. 
 1574. 1574. 1574.   25.   25.   25.   25.   25.   25.   25. 1574. 1574.
 1574.   25. 2332. 2332. 1574. 1574. 2332. 2332. 2332. 2332. 1574. 1574.
 1574. 1574. 
 2332. 2332. 2332. 2332. 2332. 1574.   25.   25.   25.   25. 1574. 1574.
 2332. 2332. 2332. 2332. 2332. 2332. 1574. 1574. 1574.   25.   25. 1574.
 1574. 1574. 
 2332. 2332. 2332. 2332. 2332. 1574. 1574.   25.   25.   25.   25.   25.
   25.   25.   25.   25.   25.   25.   25.   25.   25.   25.   25.   25.
   25.   25. 
 2332. 2332. 1574. 1574. 2332. 2332. 2332. 1574. 1574. 1574.   25. 1574.
 1574. 1574. 2332. 2332. 2332. 1574. 1574.   25.   25. 1574. 1574. 2332.
 2332. 2332. 
 2332. 2332. 2332. 2332. 2332. 2332. 1574. 1574.   25. 1574. 1574. 2332.
 2332. 2332. 2332. 2332. 2332. 2332. 1574. 1574.   25.   25.   25.   25.
   25.   25. 
   25.   25.   25.   25.   25.   25.   25.   25.   25.   25.   25.   25.
 2332. 2332. 2332. 2332. 2332. 2332. 1574. 1574. 1574. 1574.   25.   25.
 1574. 1574. 
 1574. 2332. 2332. 2332. 1574. 1574. 1574. 1574. 2332. 2332. 2332. 2332.
 2332. 2332. 2332. 2332. 2332. 2332. 2332. 1574. 1574. 1574. 2332. 2332.
 2332. 2332. 
 1574. 1574. 2332. 2332. 2332. 1574.   25.   25.   25.   25.   25.   25.
   25.   25.   25.   25. 1574. 1574. 1574. 1574. 1574.   25.   25.   25.
 1574. 2332. 
 2332. 2332. 2332. 1574. 1574. 2332. 2332. 2332. 1574. 1574.   25.   25.
 1574. 2332. 2332. 2332. 1574. 1574. 2332. 2332. 2332. 2332. 2332. 1574.
 1574. 1574. 
 1574. 2332. 2332. 2332. 2332. 2332. 1574. 1574. 2332. 2332. 2332. 1574.
 1574. 1574. 2332. 2332. 2332. 1574. 1574.   25.   25.   25.   25.   25.
   25.   25. 
 1574. 1574. 1574. 1574. 1574. 1574. 1574. 1574. 1574.   25. 1574. 1574.
 2332. 2332. 1574. 1574. 1574. 2332. 2332. 2332. 2332. 2332. 1574. 1574.
 1574. 1574. 
 2332. 2332. 2332. 2332. 2332. 2332. 2332. 2332. 1574. 1574. 2332. 1574.
 1574. 1574. 2332. 2332. 2332. 2332. 2332. 1574. 2332. 2332. 2332. 1574.
 1574. 1574. 
 1574. 2332. 2332. 2332. 1574. 1574.   25.   25.   25.   25. 1574. 1574.
 1574. 1574. 1574. 2332. 2332. 2332. 2332. 1574. 1574. 1574. 1574. 1574.
 1574. 1574. 
 1574. 1574. 1574. 1574. 1574. 2332. 2332. 2332. 2332. 1574. 1574. 1574.
 2332. 2332. 2332. 2332. 2332. 2332. 2332. 1574. 1574. 2332. 2332. 2332.
 2332. 1574. 
 1574. 2332. 2332. 2332. 2332. 2332. 2332. 2332. 2332. 1574. 1574. 1574.
 1574. 1574. 2332. 2332. 1574. 1574.   25.   25.   25. 1574. 1574. 1574.
 1574. 2332. 
 2332. 2332. 2332. 2332. 2332. 2332. 1574. 1574. 2332. 2332. 1574. 1574.
 1574. 1574.   25.   25. 1574. 1574. 2332. 2332. 2332. 2332. 1574. 1574.
 1574. 2332. 
 2332. 2332. 2332. 1574. 1574. 1574.   25. 1574. 1574. 2332. 2332. 2332.
 1574. 1574. 2332. 2332. 2332. 2332. 2332. 2332. 1574. 1574. 1574. 2332.
 1574. 1574. 
 2332. 2332. 2332. 1574. 1574.   25. 1574. 1574. 1574. 1574. 2332. 2332.
 2332. 2332. 2332. 2332. 2332. 2332. 2332. 2332. 1574. 1574.   25.   25.
   25.   25. 
   25.   25.   25. 1574. 1574. 2332. 2332. 2332. 1574. 1574. 1574. 1574.
 2332. 2332. 1574. 1574. 1574.   25.   25.   25.   25. 1574. 2332. 2332.
 2332. 1574. 
 1574. 2332. 2332. 2332. 2332. 1574. 1574.   25.   25. 1574. 2332. 1574.
 1574. 2332. 2332. 1574. 1574. 1574. 1574. 1574. 1574. 2332. 2332. 2332.
 2332. 1574. 
 1574. 1574. 1574. 2332. 2332. 2332.   25.   25.   25.   25.   25.   25.
   25.   25.   25.   25. 1574. 2332. 2332. 2332. 1574.   25. 1574. 1574.
 1574. 1574. 
 1574. 1574.   25.   25.   25.   25.   25. 1574. 1574. 2332. 2332. 1574.
 1574. 1574. 1574. 1574. 1574. 1574.   25.   25.   25. 1574. 2332. 2332.
 1574. 2332. 
 2332. 2332. 2332. 2332. 2332. 2332. 2332. 2332. 2332. 2332. 1574. 1574.
 1574. 1574. 1574. 1574. 2332. 2332.   25.   25.   25.   25.   25.   25.
   25.   25. 
   25.   25. 1574. 2332. 2332. 2332. 2332. 1574. 2332. 2332. 2332. 2332.
 1574.   25.   25.   25.   25.   25.   25.   25. 1574. 1574. 2332. 2332.
 1574. 1574. 
 1574. 1574. 1574. 1574. 1574. 1574.   25.   25. 1574. 2332. 1574. 1574.
 2332. 2332. 2332. 2332. 2332. 2332. 2332. 2332. 2332. 1574. 1574. 1574.
   25.   25. 
   25. 1574. 2332. 2332.   25.   25.   25.   25.   25.   25.   25.   25.
   25.   25.   25. 1574. 2332. 2332. 2332. 2332. 2332. 2332. 2332. 1574.
   25.   25. 
   25.   25.   25.   25.   25.   25.   25.   25.   25. 1574.   25. 1574.
 1574. 2332. 2332. 2332. 2332. 1574.   25.   25.   25. 1574. 1574. 1574.
 1574. 2332. 
 2332. 2332. 2332. 2332. 2332. 1574. 1574. 1574.   25.   25.   25.   25.
   25. 1574. 1574. 2332.   25.   25.   25.   25.   25.   25.   25.   25.
   25.   25. 
   25. 1574. 2332. 2332. 2332. 2332. 2332. 2332. 1574.   25.   25.   25.
   25.   25.   25.   25.   25.   25.   25.   25.   25.   25.   25. 1574.
 2332. 2332. 
 2332. 2332. 2332. 1574. 1574.   25.   25.   25. 1574. 1574. 1574. 1574.
 1574. 1574. 1574. 1574. 1574. 1574. 1574. 1574. 1574.   25.   25.   25.
   25.   25. 
 1574. 1574.   25.   25.   25.   25.   25.   25.   25.   25.   25.   25.
   25.   25. 1574. 2332. 2332. 2332. 2332. 1574.   25.   25.   25.   25.
   25.   25. 
   25.   25.   25.   25.   25.   25.   25.   25. 1574. 2332. 2332. 2332.
 1574. 2332. 2332. 2332. 1574.   25.   25.   25. 1574. 2332. 2332. 1574.
 1574. 1574. 
 1574. 1574. 1574. 2332. 2332. 2332. 2332. 1574. 1574.   25.   25. 1574.
 1574. 1574. 
/