PERMI
   38. 2971. 2971. 2971. 2971. 3625. 3625. 3625. 3625. 3625. 3625. 2971.
 2971. 3625. 3625. 3625. 2971. 2971.   38.   38.   38.   38.   38.   38.
   38.   38. 
   38. 2971. 2971. 2971. 2971. 2971. 2971. 3625. 3625. 3625. 3625. 2971.
 2971.   38.   38.   38.   38.   38.   38.   38.   38.   38.   38.   38.
   38.   38. 
   38.   38.   38.   38. 2971. 2971. 2971. 3625. 3625. 3625. 3625. 3625.
   38. 2971. 2971. 3625. 2971. 2971. 2971. 3625. 3625. 3625. 3625. 3625.
 2971. 3625. 
 3625. 2971. 2971. 2971.   38.   38.   38.   38.   38.   38.   38.   38.
   38.   38.   38. 2971. 2971. 2971. 3625. 3625. 3625. 3625. 2971. 2971.
 2971.   38. 
   38.   38.   38.   38.   38.   38.   38.   38.   38.   38.   38.   38.
   38.   38.   38.   38.   38. 2971. 2971. 2971. 2971. 2971. 2971. 3625.
   38. 2971. 
 2971. 2971. 2971. 2971. 2971. 2971. 2971. 3625. 3625. 3625. 2971. 3625.
 3625. 2971. 2971. 2971.   38.   38.   38.   38.   38.   38.   38.   38.
   38.   38. 
 2971. 2971. 3625. 3625. 3625. 3625. 3625. 2971. 2971. 2971.   38.   38.
   38.   38.   38.   38.   38.   38.   38.   38.   38.   38.   38.   38.
   38.   38. 
   38.   38.   38.   38.   38.   38.   38. 2971. 2971. 2971.   38.   38.
 2971. 2971. 2971. 2971. 2971. 2971. 3625. 3625. 3625. 2971. 2971. 3625.
 3625. 2971. 
 2971.   38.   38.   38.   38.   38.   38.   38.   38.   38.   38. 2971.
 2971. 3625. 3625. 3625. 3625. 3625. 2971. 2971. 2971.   38.   38.   38.
   38.   38. 
   38.   38.   38.   38.   38.   38.   38.   38.   38.   38.   38.   38.
   38.   38.   38.   38.   38.   38.   38.   38.   38. 2971.   38.   38.
   38.   38. 
   38.   38. 2971. 3625. 3625. 3625. 3625. 2971. 3625. 3625. 3625. 2971.
 2971.   38.   38.   38.   38.   38.   38.   38.   38.   38. 2971. 2971.
 2971. 3625. 
 3625. 3625. 2971. 2971. 2971. 2971.   38.   38.   38.   38.   38.   38.
   38.   38.   38.   38.   38.   38.   38.   38.   38.   38.   38.   38.
   38.   38. 
   38.   38.   38.   38.   38.   38. 2971. 2971.   38.   38.   38.   38.
   38. 2971. 2971. 3625. 3625. 3625. 2971. 2971. 3625. 3625. 3625. 2971.
 2971.   38. 
   38.   38.   38.   38.   38.   38.   38.   38. 2971. 2971. 3625. 3625.
 3625. 2971. 2971. 2971.   38.   38.   38.   38.   38.   38.   38.   38.
   38.   38. 
   38.   38.   38.   38.   38.   38.   38.   38.   38.   38.   38.   38.
   38.   38.   38.   38.   38. 2971. 2971. 3625.   38.   38.   38.   38.
   38. 2971. 
 3625. 3625. 3625. 2971. 2971. 3625. 3625. 3625. 2971. 2971. 2971.   38.
   38.   38.   38.   38.   38.   38.   38.   38.   38. 2971. 2971. 3625.
 3625. 3625. 
 2971. 2971. 2971.   38.   38.   38.   38.   38.   38.   38.   38.   38.
   38.   38.   38.   38.   38.   38.   38.   38.   38.   38.   38.   38.
   38.   38. 
   38.   38. 2971. 2971. 3625. 3625.   38.   38.   38.   38. 2971. 2971.
 3625. 3625. 3625. 2971. 2971. 3625. 3625. 3625. 2971. 2971. 2971.   38.
   38.   38. 
   38.   38.   38.   38.   38.   38.   38. 2971. 2971. 3625. 3625. 3625.
 3625. 2971. 2971.   38.   38.   38.   38.   38.   38.   38.   38.   38.
   38.   38. 
   38.   38.   38.   38.   38.   38.   38.   38.   38.   38.   38.   38.
   38. 2971. 2971. 3625. 3625. 3625.   38.   38.   38.   38. 2971. 2971.
 3625. 3625. 
 3625. 2971. 2971. 2971. 3625. 3625. 3625. 2971. 2971. 2971. 2971.   38.
   38.   38.   38.   38.   38.   38.   38. 2971. 2971. 2971. 3625. 3625.
 3625. 3625. 
 2971. 2971. 2971.   38.   38.   38.   38.   38.   38.   38.   38.   38.
   38.   38.   38.   38.   38.   38.   38.   38.   38.   38.   38.   38.
   38. 2971. 
 2971. 3625. 3625. 3625.   38.   38.   38.   38. 2971. 2971. 3625. 3625.
 3625. 2971. 2971. 2971. 2971. 2971. 2971. 2971. 2971. 2971. 2971. 2971.
 2971. 2971. 
   38.   38.   38.   38.   38.   38. 2971. 2971. 2971. 3625. 3625. 3625.
 3625. 2971. 2971. 2971.   38.   38.   38.   38.   38.   38.   38.   38.
   38.   38. 
   38.   38.   38.   38.   38.   38.   38.   38.   38.   38.   38. 2971.
 3625. 3625. 3625. 3625.   38.   38.   38.   38. 2971. 2971. 3625. 3625.
 3625. 3625. 
 3625. 3625. 3625. 3625. 3625. 3625. 3625. 2971. 2971. 2971. 2971. 2971.
 2971.   38.   38.   38.   38.   38.   38. 2971. 2971. 2971. 3625. 3625.
 3625. 3625. 
 2971. 2971. 2971.   38.   38.   38.   38.   38.   38.   38.   38.   38.
   38.   38.   38.   38.   38.   38.   38.   38.   38.   38.   38. 2971.
 2971. 3625. 
 3625. 3625.   38.   38.   38.   38.   38. 2971. 3625. 3625. 3625. 3625.
 3625. 3625. 3625. 3625. 3625. 3625. 3625. 3625. 2971. 2971. 3625. 2971.
 2971. 2971. 
   38.   38.   38.   38.   38.   38.   38. 2971. 2971. 3625. 3625. 3625.
 3625. 2971. 2971.   38.   38.   38.   38.   38.   38.   38.   38.   38.
   38.   38. 
   38.   38.   38.   38.   38.   38.   38.   38.   38. 2971. 2971. 3625.
 3625. 3625.   38.   38.   38.   38.   38. 2971. 2971. 2971. 3625. 2971.
 3625. 3625. 
 3625. 3625. 3625. 3625. 3625. 3625. 3625. 2971. 2971. 3625. 2971. 2971.
 2971.   38.   38.   38.   38.   38.   38.   38. 2971. 2971. 3625. 3625.
 3625. 3625. 
 2971. 2971.   38.   38.   38.   38.   38.   38.   38.   38.   38.   38.
   38.   38.   38.   38.   38.   38.   38.   38.   38. 2971. 2971. 3625.
 3625. 3625. 
   38.   38.   38.   38.   38.   38.   38. 2971. 2971. 2971. 2971. 2971.
 2971. 2971. 2971. 2971. 3625. 3625. 3625. 2971. 2971. 3625. 3625. 2971.
 2971.   38. 
   38.   38.   38.   38.   38. 2971. 2971. 2971. 2971. 3625. 3625. 3625.
 2971. 2971.   38.   38.   38.   38.   38.   38.   38.   38.   38.   38.
   38.   38. 
   38.   38.   38.   38.   38.   38.   38.   38. 2971. 2971. 3625. 3625.
   38.   38.   38.   38.   38.   38.   38.   38.   38.   38.   38.   38.
   38.   38. 
 2971. 2971. 2971. 3625. 3625. 2971. 2971. 3625. 3625. 2971. 2971.   38.
   38.   38.   38. 2971. 2971. 2971. 2971. 2971. 3625. 3625. 3625. 3625.
 2971. 2971. 
   38.   38.   38.   38.   38.   38.   38.   38.   38.   38.   38.   38.
   38.   38.   38.   38.   38.   38.   38.   38. 2971. 2971. 2971. 3625.
   38.   38. 
   38.   38.   38.   38.   38.   38.   38.   38.   38.   38.   38.   38.
   38. 2971. 3625. 3625. 3625. 2971. 2971. 3625. 3625. 3625. 2971. 2971.
   38.   38. 
 2971. 2971. 2971. 3625. 3625. 3625. 3625. 3625. 3625. 2971. 2971.   38.
   38.   38.   38.   38.   38.   38.   38.   38.   38.   38.   38.   38.
   38.   38. 
   38.   38.   38.   38.   38.   38.   38. 2971. 2971. 2971.   38.   38.
   38.   38.   38.   38.   38.   38.   38.   38.   38.   38.   38.   38.
   38. 2971. 
 3625. 3625. 3625. 2971. 2971. 3625. 3625. 2971. 2971.   38.   38. 2971.
 2971. 2971. 3625. 3625. 3625. 3625. 3625. 3625. 2971. 2971. 2971.   38.
   38.   38. 
   38.   38.   38.   38.   38.   38.   38.   38.   38.   38.   38.   38.
   38.   38.   38.   38.   38.   38.   38.   38. 2971. 2971. 2971.   38.
   38.   38. 
   38.   38.   38.   38.   38.   38.   38.   38.   38.   38.   38. 2971.
 3625. 3625. 3625. 2971. 2971. 3625. 3625. 2971. 2971.   38. 2971. 2971.
 2971. 3625. 
 3625. 3625. 3625. 3625. 3625. 2971. 2971. 2971.   38.   38.   38.   38.
   38.   38.   38.   38.   38.   38.   38.   38.   38.   38.   38.   38.
   38.   38. 
   38.   38.   38.   38.   38.   38.   38. 2971. 2971. 2971.   38.   38.
   38.   38.   38.   38.   38.   38.   38.   38.   38.   38.   38. 2971.
 3625. 3625. 
 3625. 2971. 2971. 3625. 3625. 2971.   38.   38. 2971. 2971. 3625. 3625.
 3625. 3625. 3625. 2971. 2971. 2971. 2971.   38.   38.   38.   38.   38.
   38.   38. 
   38.   38.   38.   38.   38.   38.   38.   38.   38.   38.   38.   38.
   38.   38.   38.   38.   38.   38.   38. 2971. 3625. 2971. 2971.   38.
   38.   38. 
   38.   38.   38.   38.   38.   38.   38.   38.   38. 2971. 3625. 3625.
 3625. 2971. 2971. 3625. 2971. 2971.   38.   38. 2971. 2971. 3625. 3625.
 3625. 2971. 
 2971. 2971. 2971.   38.   38.   38.   38.   38.   38.   38.   38.   38.
   38.   38.   38.   38.   38.   38.   38.   38.   38.   38.   38.   38.
   38.   38. 
   38.   38.   38.   38. 2971. 2971. 3625. 3625. 2971.   38.   38.   38.
   38.   38.   38.   38.   38.   38.   38.   38. 2971. 2971. 3625. 3625.
 3625. 2971. 
 2971. 2971. 2971.   38.   38.   38. 2971. 2971. 3625. 3625. 3625. 2971.
 2971. 2971. 2971.   38.   38.   38.   38.   38.   38.   38.   38.   38.
   38.   38. 
   38.   38.   38.   38.   38.   38.   38.   38.   38.   38.   38.   38.
   38.   38.   38.   38. 2971. 2971. 3625. 3625. 2971. 2971.   38.   38.
   38.   38. 
   38.   38.   38.   38.   38.   38. 2971. 2971. 3625. 3625. 3625. 2971.
 3625. 2971. 2971.   38.   38.   38. 2971. 2971. 3625. 3625. 3625. 3625.
 3625. 2971. 
 2971. 2971. 2971.   38.   38.   38.   38.   38.   38.   38.   38.   38.
   38.   38.   38.   38.   38.   38.   38.   38.   38.   38.   38.   38.
   38.   38. 
   38. 2971. 2971. 3625. 3625. 3625. 2971. 2971.   38.   38.   38.   38.
   38.   38.   38.   38.   38.   38. 2971. 2971. 3625. 3625. 3625. 2971.
 2971. 2971. 
 2971. 2971.   38.   38.   38. 2971. 2971. 3625. 3625. 3625. 3625. 3625.
 3625. 2971. 2971. 2971.   38.   38.   38.   38.   38.   38.   38.   38.
   38.   38. 
   38.   38.   38.   38.   38.   38.   38.   38.   38.   38.   38.   38.
 2971. 2971. 3625. 3625. 3625. 3625. 2971.   38.   38.   38.   38.   38.
   38.   38. 
   38.   38.   38.   38. 2971. 3625. 3625. 3625. 2971. 2971. 2971. 2971.
 2971. 2971. 2971. 2971.   38. 2971. 2971. 2971. 2971. 3625. 3625. 3625.
 3625. 3625. 
 3625. 2971. 2971. 2971.   38.   38.   38.   38.   38.   38.   38.   38.
   38.   38.   38.   38.   38.   38.   38.   38.   38.   38.   38.   38.
 2971. 2971. 
 3625. 3625. 3625. 2971. 2971.   38.   38.   38.   38.   38.   38.   38.
   38.   38.   38.   38. 2971. 3625. 3625. 3625. 3625. 2971. 2971. 2971.
 3625. 2971. 
 2971. 2971. 2971. 2971.   38. 2971. 2971. 2971. 2971. 3625. 3625. 3625.
 3625. 3625. 3625. 2971. 2971.   38.   38.   38.   38.   38.   38.   38.
   38.   38. 
   38.   38.   38.   38.   38.   38.   38.   38.   38.   38. 2971. 3625.
 3625. 3625. 3625. 2971. 2971.   38.   38.   38.   38.   38.   38.   38.
   38.   38. 
   38.   38. 2971. 2971. 3625. 3625. 3625. 3625. 3625. 2971. 2971. 3625.
 3625. 2971. 2971. 2971. 2971.   38.   38. 2971. 2971. 2971. 3625. 3625.
 3625. 3625. 
 3625. 3625. 2971. 2971.   38.   38.   38.   38.   38.   38.   38.   38.
   38.   38.   38.   38.   38.   38.   38.   38.   38.   38. 2971. 3625.
 3625. 3625. 
 2971. 2971.   38.   38.   38.   38.   38.   38.   38.   38.   38.   38.
   38.   38.   38. 2971. 2971. 3625. 3625. 3625. 3625. 3625. 2971. 2971.
 3625. 3625. 
 3625. 2971. 2971.   38.   38.   38. 2971. 2971. 2971. 2971. 3625. 3625.
 3625. 3625. 2971. 2971.   38.   38.   38.   38.   38.   38.   38.   38.
   38.   38. 
   38.   38.   38.   38.   38.   38.   38.   38. 2971. 2971. 3625. 3625.
 2971. 2971.   38.   38.   38.   38.   38.   38.   38.   38.   38.   38.
   38.   38. 
   38.   38. 2971. 2971. 2971. 3625. 3625. 3625. 3625. 2971. 2971. 2971.
 3625. 2971. 2971. 2971.   38.   38.   38. 2971. 2971. 2971. 2971. 3625.
 3625. 3625. 
 2971. 2971.   38.   38.   38.   38.   38.   38.   38.   38.   38.   38.
   38.   38.   38.   38.   38.   38.   38.   38.   38. 2971. 2971. 3625.
 2971.   38. 
   38.   38.   38.   38.   38.   38.   38.   38.   38.   38.   38.   38.
   38.   38.   38.   38. 2971. 2971. 3625. 3625. 3625. 3625. 3625. 2971.
 2971. 3625. 
 2971. 2971.   38.   38.   38.   38. 2971. 2971. 3625. 3625. 3625. 3625.
 2971. 2971.   38.   38.   38.   38.   38.   38.   38.   38.   38.   38.
   38.   38. 
   38.   38.   38.   38.   38.   38.   38.   38. 2971. 2971. 2971.   38.
   38.   38.   38.   38.   38.   38.   38.   38.   38.   38.   38.   38.
   38.   38. 
   38.   38.   38. 2971. 2971. 2971. 3625. 3625. 3625. 3625. 2971. 3625.
 2971. 2971.   38.   38. 2971. 2971. 2971. 3625. 3625. 3625. 3625. 2971.
 2971.   38. 
   38.   38.   38.   38.   38.   38.   38.   38.   38.   38.   38.   38.
   38.   38.   38.   38.   38.   38.   38.   38.   38. 2971.   38.   38.
   38.   38. 
   38.   38.   38.   38.   38.   38.   38.   38.   38.   38.   38.   38.
   38.   38.   38.   38.   38. 2971. 2971. 3625. 3625. 3625. 2971. 2971.
 2971. 2971. 
   38.   38. 2971. 3625. 3625. 3625. 3625. 3625. 3625. 2971. 2971.   38.
   38.   38.   38.   38.   38.   38.   38.   38.   38.   38.   38.   38.
   38.   38. 
   38.   38.   38.   38.   38.   38.   38.   38. 2971. 2971.   38.   38.
   38.   38.   38.   38.   38.   38.   38.   38.   38.   38.   38.   38.
   38.   38. 
   38.   38.   38. 2971. 2971. 3625. 3625. 3625. 2971. 2971. 2971. 2971.
   38. 2971. 2971. 3625. 3625. 3625. 3625. 3625. 2971. 2971.   38.   38.
   38.   38. 
   38.   38.   38.   38.   38.   38.   38.   38.   38.   38.   38.   38.
   38.   38.   38.   38.   38.   38.   38.   38. 2971. 2971. 2971. 2971.
 2971.   38. 
   38.   38.   38.   38.   38.   38.   38.   38.   38.   38.   38.   38.
   38.   38. 2971. 2971. 3625. 3625. 3625. 3625. 2971. 2971. 2971. 2971.
 2971. 2971. 
 3625. 3625. 3625. 3625. 2971. 2971. 2971.   38.   38.   38.   38.   38.
   38.   38.   38.   38.   38.   38.   38.   38.   38.   38.   38.   38.
   38.   38. 
   38.   38.   38.   38.   38.   38. 3625. 3625. 3625. 2971. 2971. 2971.
   38.   38.   38.   38.   38.   38.   38.   38.   38.   38.   38.   38.
   38. 2971. 
 2971. 3625. 3625. 3625. 3625. 2971. 2971. 2971. 2971.   38. 2971. 2971.
 3625. 3625. 3625. 2971. 2971. 2971.   38.   38.   38.   38.   38.   38.
   38.   38. 
   38.   38.   38.   38.   38.   38.   38.   38.   38.   38.   38.   38.
   38.   38.   38.   38.   38.   38. 3625. 3625. 3625. 3625. 3625. 2971.
 2971.   38. 
   38.   38.   38.   38.   38.   38.   38.   38.   38.   38. 2971. 2971.
 3625. 3625. 3625. 3625. 2971. 2971. 3625. 2971. 2971.   38. 2971. 2971.
 3625. 3625. 
 3625. 2971. 2971. 2971. 2971. 2971.   38.   38.   38.   38.   38.   38.
   38.   38.   38.   38.   38.   38.   38.   38.   38.   38.   38.   38.
   38.   38. 
   38.   38.   38.   38. 3625. 3625. 3625. 3625. 3625. 3625. 2971.   38.
   38.   38.   38.   38.   38.   38.   38.   38.   38. 2971. 2971. 3625.
 3625. 3625. 
 3625. 2971. 2971. 3625. 2971. 2971. 2971. 2971. 2971. 2971. 3625. 3625.
 3625. 3625. 3625. 3625. 2971. 2971. 2971. 2971.   38.   38.   38.   38.
   38.   38. 
   38.   38.   38.   38.   38.   38.   38.   38.   38.   38.   38.   38.
   38.   38.   38.   38. 2971. 2971. 3625. 3625. 3625. 3625. 2971.   38.
   38.   38. 
   38.   38.   38.   38.   38.   38. 2971. 2971. 3625. 3625. 3625. 3625.
 2971. 2971. 3625. 3625. 2971. 2971. 2971. 2971. 2971. 2971. 2971. 3625.
 3625. 3625. 
 3625. 3625. 3625. 3625. 2971. 2971. 2971.   38.   38.   38.   38.   38.
   38.   38.   38.   38.   38.   38.   38.   38.   38.   38.   38.   38.
   38.   38. 
   38.   38. 2971. 2971. 3625. 3625. 3625. 3625. 2971.   38.   38.   38.
   38.   38.   38.   38.   38.   38. 2971. 3625. 3625. 3625. 3625. 2971.
 2971. 3625. 
 3625. 2971. 2971. 2971. 2971. 2971. 3625. 3625. 2971. 2971. 2971. 3625.
 3625. 3625. 3625. 3625. 3625. 2971. 2971.   38.   38.   38.   38.   38.
   38.   38. 
   38.   38.   38.   38.   38.   38.   38.   38.   38.   38.   38.   38.
   38.   38. 2971. 2971. 3625. 3625. 3625. 2971. 2971.   38.   38.   38.
   38.   38. 
   38.   38.   38.   38. 2971. 3625. 3625. 3625. 3625. 3625. 2971. 2971.
 2971. 2971. 3625. 3625. 3625. 3625. 3625. 3625. 3625. 3625. 2971. 2971.
 2971. 2971. 
 3625. 3625. 3625. 3625. 2971.   38.   38.   38.   38.   38.   38.   38.
   38.   38.   38.   38.   38.   38.   38.   38.   38.   38.   38.   38.
   38.   38. 
 2971. 3625. 3625. 3625. 2971. 2971.   38.   38.   38.   38.   38.   38.
   38.   38.   38.   38. 2971. 2971. 3625. 3625. 3625. 3625. 3625. 3625.
 3625. 2971. 
 2971. 2971. 3625. 3625. 3625. 3625. 3625. 3625. 3625. 2971. 2971. 2971.
 2971. 3625. 3625. 3625. 2971.   38.   38.   38.   38.   38.   38.   38.
   38.   38. 
   38.   38.   38.   38.   38.   38.   38.   38.   38.   38.   38.   38.
 2971. 3625. 3625. 3625. 2971. 2971.   38.   38.   38.   38.   38.   38.
   38.   38. 
   38.   38.   38. 2971. 2971. 3625. 3625. 3625. 3625. 3625. 3625. 3625.
 3625. 2971. 2971. 2971. 2971. 2971. 3625. 3625. 3625. 2971. 2971. 2971.
 3625. 3625. 
 3625. 3625. 2971.   38.   38.   38.   38.   38.   38.   38.   38.   38.
   38.   38.   38.   38.   38.   38.   38.   38.   38.   38.   38.   38.
 3625. 3625. 
 3625. 2971. 2971. 2971.   38.   38.   38.   38.   38.   38.   38.   38.
   38.   38.   38.   38. 2971. 2971. 2971. 2971. 2971. 3625. 3625. 3625.
 3625. 3625. 
 2971. 2971. 2971. 2971. 3625. 3625. 3625. 2971. 2971. 2971. 3625. 3625.
 3625. 2971. 2971.   38.   38.   38.   38.   38.   38.   38.   38.   38.
   38.   38. 
   38.   38.   38.   38.   38.   38.   38.   38.   38.   38. 3625. 3625.
 3625. 2971. 2971.   38.   38.   38.   38.   38.   38.   38.   38.   38.
   38.   38. 
   38.   38.   38.   38.   38. 2971. 2971. 2971. 3625. 3625. 3625. 3625.
 2971. 2971. 2971. 2971. 3625. 3625. 3625. 2971. 2971. 2971. 3625. 3625.
 3625. 2971. 
 2971.   38.   38.   38.   38.   38.   38.   38.   38.   38.   38.   38.
   38.   38.   38.   38.   38.   38.   38.   38.   38.   38. 3625. 3625.
 2971. 2971. 
   38.   38.   38.   38.   38.   38.   38.   38.   38.   38.   38.   38.
   38.   38.   38.   38.   38.   38.   38. 2971. 2971. 3625. 3625. 3625.
 2971. 2971. 
 2971. 3625. 3625. 3625. 3625. 2971. 2971. 3625. 3625. 3625. 3625. 2971.
 2971.   38.   38.   38.   38.   38.   38.   38.   38.   38.   38.   38.
   38.   38. 
   38.   38.   38.   38.   38.   38.   38.   38. 3625. 3625. 2971. 2971.
   38.   38.   38.   38.   38.   38.   38.   38.   38.   38.   38.   38.
   38.   38. 
   38.   38.   38.   38. 2971. 2971. 3625. 3625. 3625. 2971. 2971. 2971.
 2971. 3625. 3625. 3625. 2971. 2971. 3625. 3625. 3625. 3625. 2971. 2971.
 2971. 2971. 
 2971. 2971.   38.   38.   38.   38.   38.   38.   38.   38.   38.   38.
   38.   38.   38.   38.   38.   38.   38.   38. 3625. 3625. 3625. 2971.
 2971. 2971. 
   38.   38.   38.   38.   38.   38.   38.   38.   38.   38.   38.   38.
   38.   38.   38. 2971. 2971. 3625. 3625. 3625. 3625. 2971. 2971. 2971.
 2971. 3625. 
 3625. 3625. 2971. 2971. 3625. 3625. 3625. 2971. 2971. 2971. 2971. 2971.
 2971. 2971. 2971. 2971.   38.   38.   38.   38.   38.   38.   38.   38.
   38.   38. 
   38.   38.   38.   38.   38.   38. 3625. 3625. 3625. 3625. 3625. 2971.
 2971.   38.   38.   38.   38.   38.   38.   38.   38.   38.   38.   38.
   38.   38. 
 2971. 2971. 3625. 3625. 3625. 3625. 2971. 2971. 2971. 2971. 2971. 3625.
 3625. 2971. 2971. 2971. 3625. 3625. 3625. 3625. 3625. 3625. 3625. 3625.
 3625. 3625. 
 3625. 2971. 2971.   38.   38.   38.   38.   38.   38.   38.   38.   38.
   38.   38.   38.   38.   38.   38. 3625. 3625. 3625. 3625. 3625. 3625.
 2971. 2971. 
   38.   38.   38.   38.   38.   38.   38.   38.   38.   38.   38.   38.
 2971. 3625. 3625. 3625. 3625. 2971. 2971.   38. 2971. 2971. 3625. 3625.
 3625. 2971. 
 2971. 2971. 3625. 3625. 3625. 3625. 3625. 3625. 3625. 3625. 3625. 3625.
 3625. 3625. 2971.   38.   38.   38.   38.   38.   38.   38.   38.   38.
   38.   38. 
   38.   38.   38.   38. 2971. 3625. 3625. 3625. 3625. 3625. 3625. 2971.
 2971.   38.   38.   38.   38.   38.   38.   38.   38.   38.   38. 2971.
 2971. 3625. 
 3625. 3625. 2971. 2971.   38.   38. 2971. 2971. 3625. 3625. 3625. 2971.
 2971. 2971. 2971. 3625. 3625. 3625. 3625. 3625. 3625. 3625. 3625. 3625.
 3625. 3625. 
 2971. 2971.   38.   38.   38.   38.   38.   38.   38.   38.   38.   38.
   38.   38.   38.   38. 2971. 2971. 2971. 3625. 3625. 3625. 3625. 2971.
 2971.   38. 
   38.   38.   38.   38.   38.   38.   38.   38.   38. 2971. 2971. 3625.
 3625. 3625. 3625. 3625. 2971. 2971. 2971. 2971. 2971. 3625. 3625. 2971.
 2971. 2971. 
 2971. 2971. 2971. 3625. 3625. 3625. 2971. 2971. 3625. 3625. 3625. 3625.
 2971. 2971.   38.   38.   38.   38.   38.   38.   38.   38.   38.   38.
   38.   38. 
   38.   38.   38. 2971. 2971. 2971. 3625. 3625. 3625. 3625. 2971. 2971.
   38.   38.   38.   38.   38.   38.   38.   38.   38. 2971. 2971. 3625.
 3625. 3625. 
 3625. 3625. 3625. 3625. 2971. 2971. 2971. 3625. 3625. 3625. 3625. 3625.
 3625. 2971. 2971. 2971. 2971. 2971. 2971. 2971. 3625. 3625. 3625. 3625.
 2971.   38. 
   38.   38.   38.   38.   38.   38.   38.   38.   38.   38.   38.   38.
   38.   38.   38.   38.   38. 2971. 2971. 3625. 3625. 3625. 2971. 2971.
   38.   38. 
   38.   38.   38.   38.   38.   38.   38. 2971. 2971. 3625. 3625. 3625.
 3625. 3625. 3625. 3625. 3625. 3625. 2971. 2971. 3625. 3625. 3625. 3625.
 3625. 3625. 
 3625. 3625. 3625. 3625. 2971. 3625. 3625. 3625. 3625. 2971. 2971.   38.
   38.   38.   38.   38.   38.   38.   38.   38.   38.   38.   38.   38.
   38.   38. 
   38.   38.   38.   38. 2971. 3625. 3625. 3625. 2971. 2971.   38.   38.
   38.   38.   38.   38.   38.   38.   38.   38. 2971. 2971. 2971. 2971.
 3625. 3625. 
 3625. 3625. 3625. 3625. 2971. 2971. 2971. 2971. 3625. 3625. 3625. 3625.
 3625. 3625. 3625. 2971. 2971. 3625. 3625. 3625. 3625. 2971. 2971.   38.
   38.   38. 
   38.   38.   38.   38.   38.   38.   38.   38.   38.   38.   38.   38.
   38.   38.   38. 2971. 2971. 3625. 3625. 3625. 2971.   38.   38.   38.
   38.   38. 
   38.   38.   38.   38.   38.   38.   38.   38.   38.   38. 2971. 2971.
 2971. 3625. 3625. 3625. 3625. 2971. 2971. 2971. 2971. 2971. 2971. 2971.
 2971. 3625. 
 3625. 2971. 3625. 3625. 3625. 3625. 2971. 2971.   38.   38.   38.   38.
   38.   38.   38.   38.   38.   38.   38.   38.   38.   38.   38.   38.
   38.   38. 
   38. 2971. 3625. 3625. 3625. 3625. 2971.   38.   38.   38.   38.   38.
   38.   38.   38.   38.   38.   38.   38.   38.   38.   38.   38.   38.
 2971. 2971. 
 3625. 3625. 3625. 2971.   38.   38. 2971. 2971. 2971. 2971. 2971. 2971.
 2971. 2971. 3625. 3625. 3625. 3625. 2971. 2971. 2971. 2971. 2971. 2971.
 2971. 2971. 
   38.   38.   38.   38.   38.   38.   38.   38.   38.   38.   38.   38.
 2971. 2971. 3625. 3625. 3625. 2971. 2971.   38.   38.   38.   38.   38.
   38.   38. 
   38.   38.   38.   38.   38.   38.   38.   38.   38.   38. 2971. 2971.
 3625. 3625. 3625. 2971. 2971. 2971. 2971. 2971. 2971. 2971. 3625. 3625.
 2971. 2971. 
 3625. 3625. 3625. 3625. 2971. 2971. 2971. 2971. 2971. 2971. 2971. 2971.
 2971.   38.   38.   38.   38.   38.   38.   38.   38.   38.   38.   38.
 2971. 3625. 
 3625. 3625. 3625. 2971.   38.   38.   38.   38.   38.   38.   38.   38.
   38.   38.   38.   38.   38.   38.   38.   38. 2971. 2971. 2971. 3625.
 3625. 3625. 
 3625. 2971. 2971. 2971. 2971. 2971. 3625. 3625. 3625. 3625. 2971. 2971.
 3625. 3625. 3625. 3625. 3625. 3625. 3625. 3625. 3625. 3625. 3625. 3625.
 2971. 2971. 
   38.   38.   38.   38.   38.   38.   38.   38.   38. 2971. 2971. 3625.
 3625. 3625. 2971. 2971.   38.   38.   38.   38.   38.   38.   38.   38.
   38.   38. 
   38.   38.   38.   38.   38. 2971. 2971. 3625. 3625. 3625. 3625. 3625.
 2971. 2971. 2971. 2971. 3625. 3625. 3625. 3625. 3625. 3625. 2971. 2971.
 3625. 3625. 
 3625. 3625. 3625. 3625. 3625. 3625. 3625. 3625. 3625. 3625. 3625. 2971.
 2971.   38.   38.   38.   38.   38.   38.   38.   38. 2971. 3625. 3625.
 3625. 3625. 
 2971. 2971.   38.   38.   38.   38.   38.   38.   38.   38.   38.   38.
   38.   38.   38.   38. 2971. 2971. 3625. 3625. 3625. 3625. 3625. 2971.
 2971. 2971. 
 2971. 3625. 3625. 3625. 3625. 3625. 3625. 2971. 2971. 2971. 2971. 2971.
 3625. 3625. 3625. 3625. 3625. 3625. 3625. 3625. 3625. 3625. 3625. 2971.
 2971.   38. 
   38.   38.   38.   38.   38.   38. 2971. 2971. 3625. 3625. 3625. 2971.
 2971.   38.   38.   38.   38.   38.   38.   38.   38.   38.   38.   38.
   38.   38. 
   38.   38. 2971. 3625. 3625. 3625. 3625. 2971. 2971.   38.   38. 2971.
 2971. 3625. 3625. 3625. 3625. 3625. 3625. 3625. 3625. 3625. 2971. 2971.
 2971. 2971. 
 2971. 2971. 2971. 2971. 2971. 2971. 3625. 3625. 3625. 2971. 2971.   38.
   38.   38.   38.   38.   38.   38. 2971. 2971. 3625. 3625. 3625. 2971.
 2971. 2971. 
   38.   38.   38.   38.   38.   38.   38.   38.   38.   38.   38.   38.
   38. 2971. 2971. 3625. 3625. 2971. 2971. 2971.   38.   38.   38. 2971.
 2971. 3625. 
 3625. 3625. 3625. 3625. 3625. 3625. 3625. 3625. 3625. 2971. 2971. 2971.
 2971. 2971. 2971. 2971. 2971. 2971. 3625. 3625. 3625. 2971. 2971.   38.
   38.   38. 
   38.   38.   38.   38. 2971. 2971. 3625. 3625. 3625. 3625. 2971. 2971.
 2971.   38.   38.   38.   38.   38.   38.   38.   38.   38.   38.   38.
   38. 2971. 
 3625. 3625. 3625. 2971. 2971.   38.   38.   38.   38.   38. 2971. 2971.
 3625. 3625. 3625. 3625. 3625. 3625. 3625. 3625. 3625. 3625. 2971. 2971.
   38.   38. 
   38. 2971. 2971. 3625. 3625. 3625. 3625. 2971. 2971.   38.   38.   38.
   38.   38.   38.   38.   38. 2971. 3625. 3625. 3625. 3625. 3625. 3625.
 2971. 2971. 
 2971.   38.   38.   38.   38.   38.   38.   38.   38.   38.   38. 2971.
 3625. 3625. 3625. 3625. 2971. 2971. 2971. 2971.   38.   38.   38. 2971.
 2971. 2971. 
 2971. 2971. 2971. 2971. 2971. 3625. 3625. 3625. 3625. 2971. 2971.   38.
   38. 2971. 3625. 3625. 3625. 3625. 2971. 2971.   38.   38.   38.   38.
   38.   38. 
   38.   38.   38. 2971. 2971. 3625. 3625. 3625. 3625. 3625. 3625. 2971.
 2971. 2971. 2971.   38.   38.   38.   38.   38.   38.   38.   38.   38.
 2971. 3625. 
 3625. 3625. 3625. 3625. 2971. 2971. 2971. 2971.   38.   38. 2971. 2971.
 2971. 2971. 2971. 2971. 2971. 3625. 3625. 3625. 3625. 2971. 2971.   38.
 2971. 2971. 
 3625. 3625. 3625. 2971. 2971.   38.   38.   38.   38.   38.   38.   38.
   38.   38. 
/