PERMI
 3696. 3696. 3696. 3696. 3696. 3696. 3696. 3061.   30.   30.   30.   30.
   30.   30.   30.   30.   30.   30. 3061. 3061. 3696. 3696. 3696. 3061.
 3061.   30. 
   30.   30.   30.   30.   30.   30.   30.   30.   30.   30.   30.   30.
   30.   30.   30. 3061. 3061. 3696. 3696. 3696. 3061. 3061.   30.   30.
   30.   30. 
   30.   30.   30.   30.   30.   30.   30.   30.   30. 3061. 3061. 3061.
 3696. 3696. 3696. 3696. 3696. 3696. 3061. 3061.   30.   30.   30.   30.
   30.   30. 
   30.   30.   30.   30.   30. 3061. 3696. 3696. 3696. 3061. 3061.   30.
   30.   30.   30.   30.   30.   30.   30.   30.   30.   30.   30.   30.
   30.   30. 
   30. 3061. 3061. 3696. 3696. 3696. 3061. 3061.   30.   30.   30.   30.
   30.   30.   30.   30.   30.   30.   30. 3061. 3061. 3061. 3061. 3061.
 3696. 3696. 
 3696. 3061. 3061. 3061. 3061.   30.   30.   30.   30.   30.   30.   30.
   30.   30.   30.   30.   30. 3061. 3696. 3696. 3696. 3061. 3696. 3061.
   30.   30. 
   30.   30.   30.   30.   30.   30.   30.   30.   30.   30.   30.   30.
   30. 3061. 3061. 3696. 3696. 3696. 3696. 3061.   30.   30.   30.   30.
   30.   30. 
   30.   30.   30.   30.   30. 3061. 3061. 3696. 3696. 3696. 3061. 3061.
 3061. 3061. 3061.   30.   30.   30.   30.   30.   30.   30.   30.   30.
   30.   30. 
   30.   30.   30. 3061. 3061. 3696. 3696. 3061. 3061. 3696. 3061.   30.
   30.   30.   30.   30.   30.   30.   30.   30.   30.   30.   30.   30.
   30.   30. 
 3061. 3061. 3696. 3696. 3696. 3061. 3061.   30.   30.   30.   30.   30.
   30.   30.   30.   30. 3061. 3061. 3696. 3696. 3696. 3696. 3061. 3061.
   30.   30. 
   30.   30.   30.   30.   30.   30.   30.   30.   30.   30.   30.   30.
   30.   30.   30.   30. 3061. 3696. 3696. 3696. 3061. 3696. 3696. 3061.
   30.   30. 
   30.   30.   30.   30.   30.   30.   30.   30.   30.   30.   30.   30.
 3061. 3061. 3696. 3696. 3696. 3696. 3061.   30.   30.   30.   30.   30.
   30.   30. 
   30. 3061. 3061. 3696. 3696. 3696. 3696. 3696.   30.   30.   30.   30.
   30.   30.   30.   30.   30.   30.   30.   30.   30.   30.   30.   30.
   30.   30. 
   30.   30. 3061. 3696. 3696. 3696. 3061. 3696. 3696. 3061.   30.   30.
   30.   30.   30.   30.   30.   30.   30.   30.   30.   30.   30.   30.
   30. 3061. 
 3061. 3696. 3696. 3696. 3061. 3061.   30.   30.   30.   30.   30.   30.
 3061. 3061. 3696. 3696. 3696. 3061. 3061. 3061.   30.   30.   30.   30.
   30.   30. 
   30.   30.   30.   30.   30.   30.   30.   30.   30.   30.   30.   30.
   30.   30. 3061. 3061. 3696. 3696. 3061. 3061. 3696. 3696. 3061.   30.
   30.   30. 
   30.   30.   30.   30.   30.   30.   30.   30.   30.   30.   30.   30.
 3061. 3696. 3696. 3696. 3061. 3061.   30.   30.   30.   30.   30.   30.
 3061. 3061. 
 3696. 3696. 3061. 3061. 3061.   30.   30.   30.   30.   30.   30.   30.
   30.   30.   30.   30.   30.   30.   30.   30.   30.   30.   30.   30.
   30.   30. 
   30. 3061. 3696. 3696. 3696. 3061. 3696. 3696. 3061.   30.   30.   30.
   30.   30.   30.   30.   30.   30.   30.   30.   30.   30. 3061. 3061.
 3061. 3061. 
 3696. 3696. 3061. 3061.   30.   30.   30.   30.   30.   30. 3061. 3696.
 3696. 3696. 3061.   30.   30.   30. 3061.   30.   30.   30.   30.   30.
   30.   30. 
   30.   30.   30.   30.   30.   30.   30.   30.   30.   30.   30.   30.
   30. 3061. 3696. 3696. 3696. 3061. 3696. 3696. 3061.   30.   30.   30.
   30.   30. 
   30.   30.   30.   30.   30.   30.   30. 3061. 3061. 3696. 3696. 3696.
 3696. 3696. 3061. 3061.   30.   30.   30.   30.   30.   30. 3061. 3696.
 3696. 3696. 
 3061. 3061. 3061.   30. 3061. 3061.   30.   30.   30.   30.   30.   30.
   30.   30.   30.   30.   30.   30.   30.   30.   30.   30.   30.   30.
 3061. 3061. 
 3696. 3696. 3696. 3061. 3696. 3696.   30.   30.   30.   30.   30.   30.
   30.   30.   30.   30.   30.   30. 3061. 3061. 3696. 3696. 3696. 3696.
 3696. 3061. 
 3061.   30.   30.   30.   30.   30.   30.   30. 3061. 3696. 3696. 3696.
 3696. 3696. 3061. 3061. 3061. 3061. 3061.   30.   30.   30.   30.   30.
   30.   30. 
   30.   30.   30. 3061. 3061. 3061.   30.   30. 3061. 3061. 3061. 3696.
 3696. 3696. 3696. 3061. 3696. 3061.   30.   30.   30.   30.   30.   30.
   30.   30. 
   30.   30. 3061. 3061. 3061. 3696. 3696. 3696. 3696. 3696. 3061. 3061.
   30.   30.   30.   30.   30.   30.   30.   30.   30. 3061. 3696. 3696.
 3696. 3696. 
 3696. 3696. 3696. 3061. 3061.   30.   30.   30.   30.   30.   30.   30.
   30.   30. 3061. 3061. 3061. 3061. 3061. 3061. 3061. 3696. 3696. 3696.
 3696. 3696. 
 3061. 3061. 3061.   30.   30.   30.   30.   30.   30.   30.   30.   30.
   30.   30. 3061. 3696. 3696. 3696. 3696. 3696. 3696. 3061. 3061.   30.
   30.   30. 
   30.   30.   30.   30.   30.   30.   30. 3061. 3061. 3696. 3696. 3696.
 3696. 3696. 3696. 3061. 3061.   30.   30.   30.   30.   30.   30.   30.
   30. 3061. 
 3061. 3696. 3696. 3696. 3696. 3696. 3696. 3696. 3696. 3696. 3696. 3061.
 3061. 3061. 3061.   30.   30.   30.   30.   30.   30.   30.   30.   30.
   30. 3061. 
 3061. 3696. 3696. 3696. 3061. 3061. 3061.   30.   30.   30.   30.   30.
   30.   30.   30.   30.   30.   30.   30.   30. 3061. 3061. 3061. 3696.
 3696. 3696. 
 3696. 3061. 3061.   30.   30.   30.   30.   30.   30.   30. 3061. 3061.
 3696. 3696. 3696. 3696. 3696. 3696. 3696. 3696. 3696. 3061. 3061. 3061.
 3061. 3061. 
   30.   30.   30.   30.   30.   30.   30.   30.   30.   30.   30. 3061.
 3696. 3696. 3696. 3696. 3061. 3061.   30.   30.   30.   30.   30.   30.
   30.   30. 
   30.   30.   30.   30.   30.   30.   30.   30. 3061. 3061. 3061. 3696.
 3696. 3061. 3061.   30.   30.   30.   30.   30.   30.   30. 3061. 3061.
 3696. 3696. 
 3696. 3696. 3696. 3696. 3696. 3061. 3061. 3061. 3696. 3061. 3061.   30.
   30.   30.   30.   30.   30.   30.   30.   30.   30.   30.   30. 3061.
 3696. 3696. 
 3696. 3696. 3061. 3061. 3061. 3061.   30.   30.   30.   30.   30.   30.
   30.   30.   30.   30.   30.   30.   30.   30.   30.   30. 3061. 3061.
 3061. 3061. 
 3061.   30.   30.   30.   30.   30.   30.   30. 3061. 3696. 3696. 3696.
 3696. 3061. 3061. 3061. 3061. 3061. 3696. 3061. 3061.   30.   30.   30.
   30.   30. 
   30.   30.   30.   30.   30.   30.   30.   30.   30. 3061. 3061. 3696.
 3696. 3696. 3696. 3696. 3696. 3061. 3061.   30.   30.   30.   30.   30.
   30.   30. 
   30.   30.   30.   30.   30.   30.   30.   30.   30. 3061. 3061. 3061.
   30.   30.   30.   30.   30.   30.   30.   30. 3061. 3061. 3696. 3696.
 3696. 3696. 
 3061. 3061. 3061. 3696. 3696. 3061.   30.   30.   30.   30.   30.   30.
   30.   30.   30.   30.   30.   30.   30.   30.   30.   30. 3061. 3696.
 3696. 3696. 
 3696. 3696. 3696. 3696. 3061. 3061.   30.   30.   30.   30.   30.   30.
   30.   30.   30.   30.   30.   30.   30.   30. 3061. 3061. 3061.   30.
   30.   30. 
   30.   30.   30.   30.   30.   30.   30. 3061. 3696. 3696. 3696. 3696.
 3696. 3061. 3061. 3061. 3696. 3696. 3061.   30.   30.   30.   30.   30.
   30.   30. 
   30.   30.   30.   30.   30.   30.   30.   30. 3061. 3061. 3061. 3696.
 3696. 3696. 3696. 3696. 3696. 3696. 3061.   30.   30.   30.   30.   30.
   30.   30. 
   30.   30.   30.   30. 3061. 3061. 3061. 3061.   30.   30.   30.   30.
   30.   30.   30.   30.   30.   30.   30. 3061. 3061. 3696. 3696. 3696.
 3696. 3696. 
 3696. 3061. 3061. 3696. 3696. 3061.   30.   30.   30.   30.   30.   30.
   30.   30.   30.   30.   30.   30.   30.   30.   30.   30. 3061. 3061.
 3061. 3696. 
 3696. 3696. 3696. 3696. 3696. 3061.   30.   30.   30.   30.   30.   30.
   30. 3061. 3061. 3061. 3061. 3061. 3696. 3696.   30.   30.   30.   30.
   30.   30. 
   30.   30.   30.   30.   30.   30. 3061. 3061. 3696. 3696. 3696. 3696.
 3696. 3696. 3061. 3696. 3696. 3061.   30.   30.   30.   30.   30.   30.
   30.   30. 
   30.   30.   30.   30.   30.   30.   30.   30.   30.   30. 3061. 3061.
 3061. 3696. 3696. 3696. 3696. 3061.   30.   30.   30.   30.   30.   30.
 3061. 3061. 
 3061. 3696. 3696. 3696. 3696. 3696.   30.   30.   30.   30.   30.   30.
   30.   30.   30.   30.   30.   30.   30. 3061. 3061. 3061. 3696. 3696.
 3696. 3696. 
 3061. 3061. 3696. 3061.   30.   30.   30.   30.   30.   30.   30.   30.
   30.   30.   30.   30.   30.   30. 3061. 3061. 3061. 3061. 3061. 3061.
 3696. 3696. 
 3696. 3696. 3696. 3061.   30.   30.   30.   30.   30. 3061. 3061. 3696.
 3696. 3696. 3696. 3696. 3696. 3061.   30.   30.   30.   30.   30.   30.
   30.   30. 
   30.   30.   30.   30.   30. 3061. 3061. 3061. 3061. 3696. 3696. 3696.
 3061. 3061. 3696. 3696. 3061.   30.   30.   30.   30.   30.   30.   30.
   30.   30. 
   30.   30.   30. 3061. 3061. 3696. 3696. 3696. 3696. 3696. 3696. 3696.
 3696. 3696. 3061. 3061.   30.   30.   30.   30.   30. 3061. 3061. 3696.
 3696. 3696. 
 3696. 3061. 3061. 3061.   30.   30.   30.   30.   30.   30.   30.   30.
   30.   30.   30. 3061. 3061. 3061. 3696. 3696. 3696. 3696. 3696. 3696.
 3061. 3061. 
 3696. 3696. 3061.   30.   30.   30.   30.   30.   30.   30.   30.   30.
   30.   30. 3061. 3061. 3696. 3696. 3696. 3696. 3696. 3696. 3696. 3696.
 3696. 3061. 
 3061.   30.   30.   30.   30.   30. 3061. 3061. 3696. 3696. 3696. 3061.
 3061. 3061. 3061.   30.   30.   30.   30.   30.   30.   30.   30.   30.
   30.   30. 
 3061. 3061. 3061. 3696. 3696. 3696. 3696. 3696. 3696. 3061. 3061. 3061.
 3696. 3696. 3061.   30.   30.   30.   30.   30.   30.   30.   30.   30.
   30.   30. 
 3061. 3061. 3696. 3696. 3696. 3696. 3696. 3696. 3696. 3696. 3061. 3061.
   30.   30.   30.   30.   30.   30. 3061. 3061. 3696. 3696. 3696. 3061.
 3061. 3061. 
 3061.   30.   30.   30.   30.   30.   30.   30.   30.   30.   30.   30.
 3061. 3696. 3696. 3696. 3696. 3696. 3696. 3061. 3061. 3061. 3061. 3696.
 3696. 3696. 
 3061.   30.   30.   30.   30.   30.   30.   30.   30.   30.   30.   30.
 3061. 3061. 3696. 3696. 3696. 3061. 3061. 3061. 3061. 3061. 3061.   30.
   30.   30. 
   30.   30.   30.   30. 3061. 3061. 3696. 3696. 3696. 3696. 3696. 3061.
 3061. 3061.   30.   30.   30.   30.   30.   30.   30.   30.   30.   30.
 3061. 3696. 
 3696. 3696. 3061. 3061. 3061. 3061. 3061. 3696. 3696. 3696. 3696. 3696.
   30.   30.   30.   30.   30.   30.   30.   30.   30.   30.   30.   30.
 3061. 3061. 
 3696. 3696. 3696. 3696. 3061. 3061.   30.   30.   30.   30.   30.   30.
   30.   30.   30.   30.   30. 3061. 3061. 3696. 3696. 3696. 3696. 3696.
 3696. 3061. 
   30.   30.   30.   30.   30.   30.   30.   30.   30. 3061. 3061. 3696.
 3696. 3696. 3061. 3061. 3061. 3061. 3696. 3696. 3696. 3696. 3061. 3061.
   30.   30. 
   30.   30.   30.   30.   30.   30.   30.   30.   30.   30.   30. 3061.
 3061. 3696. 3696. 3696. 3696. 3061. 3061.   30.   30.   30.   30.   30.
   30.   30. 
   30.   30.   30.   30. 3061. 3061. 3061. 3696. 3696. 3696. 3696. 3696.
   30.   30.   30.   30.   30.   30.   30.   30.   30. 3061. 3061. 3696.
 3696. 3696. 
 3061. 3061. 3696. 3696. 3696. 3696. 3061. 3061.   30.   30.   30.   30.
   30.   30.   30.   30.   30.   30.   30.   30.   30.   30.   30.   30.
 3061. 3061. 
 3696. 3696. 3696. 3061. 3061. 3061.   30.   30.   30.   30.   30.   30.
   30.   30.   30.   30.   30.   30. 3061. 3061. 3696. 3696. 3696. 3696.
   30.   30. 
   30.   30.   30.   30.   30.   30.   30.   30. 3061. 3061. 3696. 3696.
 3696. 3061. 3061. 3696. 3696. 3061.   30.   30.   30.   30.   30.   30.
   30.   30. 
   30.   30.   30.   30.   30.   30.   30.   30.   30.   30.   30. 3061.
 3061. 3696. 3696. 3696. 3061. 3061.   30.   30.   30.   30.   30.   30.
   30.   30. 
   30.   30.   30.   30.   30. 3061. 3061. 3061. 3696. 3696.   30.   30.
   30.   30.   30.   30.   30.   30.   30.   30.   30. 3061. 3696. 3696.
 3696. 3696. 
 3061. 3061. 3061.   30.   30.   30.   30.   30.   30.   30.   30.   30.
   30.   30.   30.   30.   30.   30.   30.   30.   30.   30.   30.   30.
 3061. 3061. 
 3696. 3696. 3696. 3061. 3061.   30.   30.   30.   30.   30.   30.   30.
   30.   30.   30.   30.   30.   30. 3061. 3061. 3061. 3696.   30.   30.
   30.   30. 
   30.   30.   30.   30.   30.   30.   30. 3061. 3061. 3696. 3696. 3696.
 3696. 3061. 3061.   30.   30.   30.   30.   30.   30.   30.   30.   30.
   30.   30. 
   30.   30.   30.   30.   30.   30.   30.   30.   30.   30.   30. 3061.
 3696. 3696. 3696. 3696. 3061.   30.   30.   30.   30.   30.   30.   30.
   30.   30. 
   30.   30.   30.   30.   30.   30. 3061. 3061.   30.   30.   30.   30.
   30.   30.   30.   30.   30.   30.   30.   30. 3061. 3061. 3696. 3696.
 3696. 3696. 
 3061. 3061.   30.   30.   30.   30.   30.   30.   30.   30.   30.   30.
   30.   30.   30.   30.   30.   30. 3061. 3061. 3061. 3061. 3061. 3061.
 3061. 3696. 
 3696. 3696. 3061.   30.   30.   30.   30.   30.   30.   30.   30.   30.
   30.   30.   30.   30.   30. 3061. 3061. 3696.   30.   30.   30.   30.
   30.   30. 
   30.   30.   30.   30.   30.   30.   30. 3061. 3061. 3696. 3696. 3696.
 3696. 3061.   30.   30.   30.   30.   30.   30.   30.   30.   30.   30.
   30.   30. 
   30. 3061. 3061. 3061. 3696. 3696. 3696. 3696. 3696. 3696. 3696. 3696.
 3696. 3061. 3061.   30.   30.   30.   30.   30.   30.   30.   30.   30.
   30.   30. 
   30.   30. 3061. 3061. 3696. 3696.   30.   30.   30.   30.   30.   30.
   30.   30.   30.   30.   30.   30.   30. 3061. 3061. 3061. 3696. 3696.
 3696. 3061. 
 3061.   30.   30.   30.   30.   30.   30.   30.   30.   30.   30.   30.
 3061. 3061. 3696. 3696. 3696. 3696. 3696. 3696. 3696. 3696. 3696. 3696.
 3696. 3061. 
 3061.   30.   30.   30.   30.   30.   30.   30.   30.   30.   30.   30.
   30. 3061. 3061. 3696. 3696. 3696.   30.   30.   30.   30.   30.   30.
   30.   30. 
   30.   30.   30.   30.   30. 3061. 3061. 3061. 3061. 3696. 3696. 3696.
 3061.   30.   30.   30.   30.   30.   30.   30.   30.   30.   30.   30.
 3061. 3696. 
 3696. 3696. 3696. 3696. 3696. 3696. 3696. 3696. 3696. 3696. 3061. 3061.
   30.   30.   30.   30.   30.   30.   30.   30.   30.   30.   30.   30.
 3061. 3061. 
 3696. 3696. 3696. 3696.   30.   30.   30.   30.   30.   30.   30.   30.
   30.   30. 3061. 3061. 3061. 3061. 3061. 3696. 3696. 3696. 3696. 3696.
 3061.   30. 
   30.   30.   30.   30.   30.   30.   30.   30.   30. 3061. 3061. 3696.
 3696. 3696. 3696. 3696. 3696. 3061. 3061. 3061. 3061. 3061.   30.   30.
   30.   30. 
   30.   30.   30.   30.   30.   30.   30.   30.   30. 3061. 3061. 3696.
 3696. 3696. 3696. 3696.   30.   30.   30.   30.   30.   30.   30.   30.
 3061. 3061. 
 3061. 3696. 3696. 3696. 3696. 3696. 3696. 3696. 3696. 3061. 3061.   30.
   30.   30.   30.   30.   30.   30.   30.   30.   30. 3061. 3061. 3696.
 3696. 3696. 
 3061. 3061. 3061. 3061. 3061.   30.   30.   30.   30.   30.   30.   30.
   30.   30.   30.   30.   30.   30.   30.   30.   30. 3061. 3061. 3696.
 3696. 3696. 
 3696. 3061.   30.   30.   30.   30.   30.   30.   30. 3061. 3061. 3696.
 3696. 3696. 3696. 3696. 3696. 3696. 3696. 3696. 3061. 3061.   30.   30.
   30.   30. 
   30.   30.   30.   30.   30.   30.   30. 3061. 3061. 3696. 3696. 3696.
 3061. 3061.   30.   30.   30.   30.   30.   30.   30.   30.   30.   30.
   30.   30. 
   30.   30.   30.   30.   30.   30. 3061. 3061. 3696. 3696. 3696. 3696.
 3061. 3061.   30.   30.   30.   30.   30.   30.   30. 3061. 3696. 3696.
 3696. 3696. 
 3696. 3696. 3061. 3061. 3061. 3061. 3061. 3696.   30.   30.   30.   30.
   30.   30.   30.   30.   30.   30.   30.   30. 3061. 3696. 3696. 3696.
 3696. 3061. 
   30.   30.   30.   30.   30.   30.   30.   30.   30.   30.   30.   30.
   30.   30.   30.   30.   30.   30. 3061. 3061. 3696. 3696. 3696. 3061.
 3061.   30. 
   30.   30.   30.   30.   30.   30. 3061. 3061. 3696. 3696. 3696. 3696.
 3061. 3061. 3061. 3061. 3061. 3696. 3696. 3696. 3061.   30.   30.   30.
   30.   30. 
   30.   30.   30.   30.   30.   30. 3061. 3061. 3696. 3696. 3696. 3061.
 3061.   30.   30.   30.   30.   30.   30.   30.   30.   30.   30.   30.
   30.   30. 
   30.   30.   30.   30. 3061. 3696. 3696. 3696. 3696. 3061.   30.   30.
   30.   30.   30.   30.   30.   30. 3061. 3696. 3696. 3696. 3696. 3061.
 3061.   30. 
 3061. 3061. 3696. 3696. 3696. 3061.   30.   30.   30.   30.   30.   30.
   30.   30.   30.   30.   30.   30.   30. 3061. 3696. 3696. 3696. 3696.
 3061. 3061. 
   30.   30.   30.   30.   30.   30.   30.   30.   30.   30.   30.   30.
   30.   30.   30.   30. 3061. 3061. 3696. 3696. 3061. 3061.   30.   30.
   30.   30. 
   30.   30.   30.   30. 3061. 3696. 3696. 3696. 3696. 3061. 3061. 3061.
 3696. 3696. 3696. 3696. 3696. 3061.   30.   30.   30.   30.   30.   30.
   30.   30. 
   30.   30.   30.   30.   30. 3061. 3061. 3696. 3696. 3696. 3696. 3061.
   30.   30.   30.   30.   30.   30.   30.   30.   30.   30.   30.   30.
   30.   30. 
   30.   30. 3061. 3061. 3696. 3696. 3696. 3061. 3061.   30.   30.   30.
   30.   30.   30.   30. 3061. 3061. 3696. 3696. 3696. 3061. 3696. 3696.
 3696. 3696. 
 3696. 3696. 3061.   30.   30.   30.   30.   30.   30.   30.   30.   30.
   30.   30.   30.   30.   30.   30. 3061. 3696. 3696. 3696. 3696. 3061.
 3061.   30. 
   30.   30.   30.   30.   30.   30.   30.   30.   30.   30.   30.   30.
   30.   30.   30. 3061. 3696. 3696. 3696. 3696. 3061. 3061.   30.   30.
   30.   30. 
   30.   30.   30. 3061. 3696. 3696. 3696. 3061. 3696. 3696. 3696. 3696.
 3061. 3061.   30.   30.   30.   30.   30.   30.   30.   30.   30.   30.
   30.   30. 
   30.   30.   30. 3061. 3061. 3061. 3696. 3696. 3696. 3061. 3061.   30.
   30.   30.   30.   30.   30.   30.   30.   30.   30.   30.   30.   30.
   30.   30. 
   30. 3061. 3061. 3696. 3696. 3696. 3696. 3061.   30.   30.   30.   30.
   30.   30.   30. 3061. 3696. 3696. 3696. 3061. 3696. 3696. 3061. 3061.
   30.   30. 
   30.   30.   30.   30.   30.   30.   30.   30.   30.   30.   30.   30.
   30. 3061. 3061. 3061. 3061. 3061. 3696. 3696. 3696. 3696. 3061.   30.
   30.   30. 
   30.   30.   30.   30.   30.   30.   30.   30.   30.   30.   30.   30.
   30.   30. 3061. 3061. 3061. 3696. 3696. 3696.   30.   30.   30.   30.
   30.   30. 
   30. 3061. 3696. 3696. 3696. 3061. 3061. 3061.   30.   30.   30.   30.
   30.   30.   30.   30.   30.   30.   30.   30.   30.   30. 3061. 3061.
 3061. 3061. 
 3696. 3696. 3696. 3696. 3696. 3696. 3696. 3061. 3061.   30.   30.   30.
   30.   30.   30.   30.   30.   30.   30.   30.   30.   30.   30.   30.
   30.   30. 
   30. 3061. 3061. 3061. 3696. 3696.   30.   30.   30.   30.   30.   30.
   30. 3061. 3696. 3696. 3696. 3696. 3061.   30.   30.   30.   30.   30.
   30.   30. 
   30.   30.   30.   30.   30.   30. 3061. 3061. 3061. 3696. 3696. 3696.
 3696. 3696. 3696. 3696. 3696. 3696. 3696. 3061. 3061.   30.   30.   30.
   30.   30. 
   30.   30.   30.   30.   30.   30.   30.   30.   30.   30.   30.   30.
   30.   30. 3061. 3061. 3061. 3696.   30.   30.   30.   30.   30.   30.
   30. 3061. 
 3061. 3696. 3696. 3696. 3061.   30.   30.   30.   30.   30.   30.   30.
   30.   30.   30.   30.   30. 3061. 3061. 3696. 3696. 3696. 3696. 3696.
 3696. 3696. 
 3696. 3696. 3061. 3061. 3061. 3061.   30.   30.   30.   30.   30.   30.
   30.   30.   30.   30.   30.   30.   30.   30.   30.   30.   30.   30.
   30.   30. 
   30.   30. 3061. 3696.   30.   30.   30.   30.   30.   30.   30. 3061.
 3061. 3696. 3696. 3696. 3061. 3061.   30.   30.   30.   30.   30.   30.
   30.   30. 
   30.   30. 3061. 3061. 3696. 3696. 3696. 3696. 3696. 3696. 3061. 3061.
 3061. 3061. 3061. 3061.   30.   30.   30.   30.   30.   30.   30.   30.
   30.   30. 
   30.   30.   30.   30.   30.   30.   30.   30.   30. 3061. 3061. 3061.
 3061. 3061. 3061. 3061.   30.   30.   30.   30.   30.   30. 3061. 3061.
 3061. 3061. 
 3696. 3696. 3696. 3061.   30.   30.   30.   30.   30.   30.   30.   30.
   30.   30. 3061. 3061. 3696. 3696. 3696. 3696. 3061. 3061. 3061.   30.
   30.   30. 
   30.   30.   30.   30.   30.   30.   30.   30.   30.   30.   30.   30.
   30.   30.   30.   30.   30.   30.   30.   30. 3061. 3061. 3061. 3061.
 3061. 3696. 
 3696. 3696.   30.   30. 3061. 3061. 3061. 3061. 3061. 3696. 3696. 3696.
 3696. 3696. 3696. 3061. 3061.   30.   30.   30.   30.   30.   30.   30.
   30.   30. 
 3061. 3061. 3696. 3696. 3696. 3061. 3061.   30.   30.   30.   30.   30.
   30.   30.   30.   30.   30.   30.   30.   30.   30.   30.   30.   30.
   30.   30. 
   30.   30.   30.   30.   30. 3061. 3061. 3696. 3696. 3696. 3696. 3696.
 3696. 3696.   30. 3061. 3061. 3696. 3696. 3696. 3696. 3696. 3696. 3696.
 3696. 3696. 
 3061. 3061. 3061. 3061.   30.   30.   30.   30.   30.   30.   30.   30.
   30. 3061. 3696. 3696. 3696. 3696. 3061. 3061.   30.   30.   30.   30.
   30.   30. 
   30.   30.   30.   30.   30.   30.   30.   30.   30.   30.   30.   30.
   30.   30.   30.   30. 3061. 3061. 3696. 3696. 3696. 3696. 3696. 3696.
 3696. 3696. 
 3061. 3061. 3696. 3696. 3696. 3696. 3696. 3696. 3696. 3696. 3696. 3061.
 3061. 3696. 3696. 3061.   30.   30.   30.   30.   30.   30.   30.   30.
   30. 3061. 
 3061. 3696. 3696. 3696. 3696. 3061. 3061.   30.   30.   30.   30.   30.
   30.   30.   30.   30.   30.   30.   30.   30.   30.   30.   30.   30.
   30.   30. 
   30.   30. 3061. 3061. 3696. 3696. 3696. 3696. 3696. 3061. 3061. 3061.
 3696. 3696. 3696. 3696. 3696. 3696. 3061. 3061. 3061. 3061. 3061.   30.
 3061. 3696. 
 3696. 3696. 3061.   30.   30.   30.   30.   30.   30.   30.   30.   30.
 3061. 3061. 3696. 3696. 3696. 3696. 3061. 3061.   30.   30.   30.   30.
   30.   30. 
   30.   30.   30.   30.   30.   30.   30.   30.   30.   30.   30.   30.
   30.   30. 3061. 3061. 3696. 3696. 3696. 3696. 3696. 3061. 3061. 3061.
 3696. 3696. 
 3696. 3696. 3061. 3061. 3061. 3061.   30.   30.   30.   30. 3061. 3696.
 3696. 3696. 3061.   30.   30.   30.   30.   30. 3061. 3061.   30.   30.
   30. 3061. 
 3061. 3696. 3696. 3696. 3061. 3061.   30.   30.   30.   30.   30.   30.
   30.   30.   30.   30.   30.   30.   30.   30.   30.   30.   30.   30.
   30.   30. 
 3061. 3061. 3696. 3696. 3696. 3696. 3696. 3696. 3696. 3061. 3696. 3696.
 3061. 3061.   30.   30.   30.   30.   30.   30.   30.   30.   30. 3061.
 3696. 3696. 
 3061. 3061.   30. 3061. 3061. 3061. 3061. 3061. 3061. 3061. 3061. 3061.
 3061. 3061. 3696. 3696. 3696. 3061. 3061.   30.   30.   30.   30.   30.
   30.   30. 
   30.   30.   30.   30.   30.   30.   30.   30.   30.   30.   30.   30.
   30. 3061. 3061. 3696. 3696. 3696. 3696. 3696. 3696. 3696. 3696. 3696.
 3696. 3061. 
 3061.   30.   30.   30.   30.   30.   30.   30.   30. 3061. 3696. 3696.
 3696. 3061. 3061. 3061. 3061. 3696. 3696. 3696. 3061. 3061. 3061. 3061.
 3061. 3061. 
 3696. 3696. 3696. 3061. 3061.   30.   30.   30.   30.   30.   30.   30.
   30.   30.   30.   30.   30.   30.   30.   30.   30.   30.   30.   30.
   30. 3061. 
 3061. 3061. 3061. 3696. 3696. 3696. 3696. 3696. 3696. 3696. 3696. 3696.
 3061.   30.   30.   30.   30.   30.   30. 3061. 3061. 3696. 3696. 3696.
 3061.   30. 
 3061. 3061. 3696. 3696. 3696. 3696. 3696. 3696. 3696. 3696. 3696. 3696.
 3696. 3696. 3696. 3061. 3061.   30.   30.   30.   30.   30.   30.   30.
   30.   30. 
   30.   30.   30.   30.   30.   30.   30.   30.   30.   30.   30.   30.
   30. 3061. 3061. 3061. 3061. 3696. 3696. 3696. 3061. 3696. 3696. 3696.
 3061. 3061. 
   30.   30.   30.   30. 3061. 3061. 3696. 3696. 3696. 3696. 3061.   30.
 3061. 3696. 3696. 3696. 3696. 3696. 3696. 3696. 3696. 3696. 3696. 3696.
 3696. 3696. 
 3696. 3061. 3061.   30.   30.   30.   30.   30.   30.   30.   30.   30.
   30.   30.   30.   30.   30.   30.   30.   30.   30.   30.   30.   30.
   30.   30. 
   30. 3061. 3061. 3061. 3696. 3696. 3061. 3696. 3696. 3696. 3696. 3696.
 3061.   30.   30.   30. 3061. 3696. 3696. 3696. 3061. 3061.   30.   30.
 3061. 3696. 
 3696. 3696. 3696. 3061. 3061. 3061. 3061. 3061. 3061. 3061. 3696. 3696.
 3061. 3061.   30.   30.   30.   30.   30.   30.   30.   30.   30.   30.
   30.   30. 
   30.   30.   30.   30.   30.   30.   30.   30.   30.   30.   30. 3061.
 3061. 3061. 3061. 3061. 3061. 3696.   30. 3061. 3061. 3696. 3696. 3696.
 3696. 3061. 
 3061. 3061. 3696. 3696. 3696. 3061. 3061.   30.   30.   30. 3061. 3061.
 3696. 3696. 3696. 3696. 3696. 3061. 3061. 3061. 3061. 3061. 3061. 3061.
 3061. 3061. 
   30.   30.   30.   30.   30.   30.   30.   30.   30.   30.   30.   30.
   30.   30.   30.   30.   30.   30.   30.   30.   30. 3061. 3061. 3061.
 3061. 3061. 
 3061. 3061. 3696. 3696.   30.   30. 3061. 3061. 3696. 3696. 3696. 3696.
 3061. 3061. 3696. 3696. 3061. 3061.   30.   30.   30.   30.   30. 3061.
 3061. 3696. 
 3696. 3696. 3696. 3696. 3061. 3061.   30.   30.   30.   30.   30.   30.
   30.   30.   30.   30.   30.   30.   30.   30.   30.   30.   30.   30.
   30.   30. 
   30.   30.   30.   30.   30.   30. 3061. 3061. 3061. 3696. 3696. 3696.
 3696. 3696. 3696. 3696.   30.   30.   30. 3061. 3061. 3696. 3696. 3696.
 3696. 3061. 
 3696. 3061. 3061.   30.   30.   30.   30.   30.   30.   30. 3061. 3061.
 3696. 3696. 3696. 3696. 3696. 3061.   30.   30.   30.   30.   30.   30.
   30.   30. 
   30.   30.   30.   30.   30.   30.   30.   30.   30.   30.   30.   30.
   30.   30.   30.   30.   30. 3061. 3061. 3696. 3696. 3696. 3696. 3696.
 3696. 3696. 
 3696. 3696.   30.   30.   30.   30.   30. 3061. 3696. 3696. 3696. 3061.
 3696. 3061.   30.   30.   30.   30.   30.   30.   30.   30.   30. 3061.
 3061. 3061. 
 3696. 3696. 3696. 3061. 3061.   30.   30.   30.   30.   30.   30.   30.
   30.   30.   30.   30.   30.   30.   30.   30.   30.   30.   30.   30.
   30.   30. 
   30.   30.   30. 3061. 3696. 3696. 3696. 3696. 3696. 3061. 3061. 3061.
 3061. 3696. 
/