PERMI
 18. 18. 18. 18. 18. 18. 18. 18. 18. 18. 18. 18. 18. 18. 18. 18. 18. 18.
 18. 18. 18. 18. 18. 18. 18. 18. 
 18. 18. 18. 18. 18. 18. 18. 18. 18. 18. 18. 18. 18. 18. 18. 18. 18. 18.
 18. 18. 18. 18. 18. 18. 18. 18. 
   18.   18.   18.   18. 1523. 1523. 1792. 1792. 1792. 1792. 1792. 1792.
   18.   18.   18.   18.   18.   18.   18.   18.   18.   18.   18.   18.
   18.   18. 
 18. 18. 18. 18. 18. 18. 18. 18. 18. 18. 18. 18. 18. 18. 18. 18. 18. 18.
 18. 18. 18. 18. 18. 18. 18. 18. 
   18.   18.   18.   18.   18.   18.   18.   18.   18.   18.   18.   18.
   18.   18.   18.   18. 1523. 1523. 1523. 1523. 1792. 1792. 1792. 1523.
   18.   18. 
 18. 18. 18. 18. 18. 18. 18. 18. 18. 18. 18. 18. 18. 18. 18. 18. 18. 18.
 18. 18. 18. 18. 18. 18. 18. 18. 
 18. 18. 18. 18. 18. 18. 18. 18. 18. 18. 18. 18. 18. 18. 18. 18. 18. 18.
 18. 18. 18. 18. 18. 18. 18. 18. 
   18.   18.   18. 1523. 1523. 1523. 1523. 1523. 1523. 1523.   18.   18.
   18.   18.   18.   18.   18.   18.   18.   18.   18.   18.   18.   18.
   18.   18. 
 18. 18. 18. 18. 18. 18. 18. 18. 18. 18. 18. 18. 18. 18. 18. 18. 18. 18.
 18. 18. 18. 18. 18. 18. 18. 18. 
   18.   18.   18.   18.   18.   18.   18.   18.   18.   18.   18.   18.
   18.   18.   18.   18.   18.   18. 1523. 1523.   18.   18.   18.   18.
   18.   18. 
 18. 18. 18. 18. 18. 18. 18. 18. 18. 18. 18. 18. 18. 18. 18. 18. 18. 18.
 18. 18. 18. 18. 18. 18. 18. 18. 
 18. 18. 18. 18. 18. 18. 18. 18. 18. 18. 18. 18. 18. 18. 18. 18. 18. 18.
 18. 18. 18. 18. 18. 18. 18. 18. 
 18. 18. 18. 18. 18. 18. 18. 18. 18. 18. 18. 18. 18. 18. 18. 18. 18. 18.
 18. 18. 18. 18. 18. 18. 18. 18. 
 18. 18. 18. 18. 18. 18. 18. 18. 18. 18. 18. 18. 18. 18. 18. 18. 18. 18.
 18. 18. 18. 18. 18. 18. 18. 18. 
 18. 18. 18. 18. 18. 18. 18. 18. 18. 18. 18. 18. 18. 18. 18. 18. 18. 18.
 18. 18. 18. 18. 18. 18. 18. 18. 
 1523. 1523.   18.   18.   18.   18.   18.   18.   18.   18.   18.   18.
   18.   18.   18.   18.   18.   18.   18.   18.   18.   18.   18.   18.
   18.   18. 
 18. 18. 18. 18. 18. 18. 18. 18. 18. 18. 18. 18. 18. 18. 18. 18. 18. 18.
 18. 18. 18. 18. 18. 18. 18. 18. 
   18.   18.   18.   18.   18.   18.   18.   18.   18. 1523. 1523. 1523.
 1523. 1523. 1523. 1523.   18.   18.   18.   18.   18.   18.   18.   18.
   18.   18. 
 18. 18. 18. 18. 18. 18. 18. 18. 18. 18. 18. 18. 18. 18. 18. 18. 18. 18.
 18. 18. 18. 18. 18. 18. 18. 18. 
   18.   18.   18.   18.   18.   18.   18.   18.   18.   18.   18.   18.
   18.   18.   18.   18.   18.   18.   18.   18. 1523. 1523. 1523. 1523.
 1792. 1523. 
 1523. 1523. 1523.   18.   18.   18.   18.   18.   18.   18.   18.   18.
   18.   18.   18.   18.   18.   18.   18.   18.   18.   18.   18.   18.
   18.   18. 
 18. 18. 18. 18. 18. 18. 18. 18. 18. 18. 18. 18. 18. 18. 18. 18. 18. 18.
 18. 18. 18. 18. 18. 18. 18. 18. 
   18.   18.   18.   18.   18. 1523. 1523. 1523. 1792. 1792. 1792. 1792.
 1792. 1523. 1523. 1523.   18.   18.   18.   18.   18.   18.   18.   18.
   18.   18. 
 18. 18. 18. 18. 18. 18. 18. 18. 18. 18. 18. 18. 18. 18. 18. 18. 18. 18.
 18. 18. 18. 18. 18. 18. 18. 18. 
   18.   18.   18.   18.   18.   18.   18.   18.   18.   18.   18.   18.
   18.   18.   18.   18. 1523. 1523. 1523. 1792. 1792. 1792. 1792. 1792.
 1792. 1792. 
 1523. 1523. 1523.   18.   18.   18.   18.   18.   18.   18.   18.   18.
   18.   18.   18. 1523. 1523. 1523. 1523.   18.   18.   18.   18.   18.
   18.   18. 
 18. 18. 18. 18. 18. 18. 18. 18. 18. 18. 18. 18. 18. 18. 18. 18. 18. 18.
 18. 18. 18. 18. 18. 18. 18. 18. 
   18.   18. 1523. 1792. 1792. 1792. 1792. 1523. 1523. 1523. 1792. 1792.
 1792. 1523. 1523. 1523.   18.   18.   18.   18.   18.   18.   18.   18.
   18. 1523. 
 1523. 1523. 1523. 1523. 1523. 1523. 1523.   18.   18.   18.   18.   18.
   18.   18.   18.   18.   18.   18.   18.   18.   18.   18.   18.   18.
   18.   18. 
   18.   18.   18.   18.   18.   18.   18.   18.   18.   18.   18.   18.
   18.   18. 1792. 1792. 1792. 1792. 1523. 1523. 1523. 1523. 1523. 1792.
 1792. 1792. 
 1523. 1523.   18.   18.   18.   18.   18.   18.   18. 1523. 1523. 1523.
 1523. 1792. 1792. 1792. 1792. 1523. 1523. 1523.   18.   18.   18.   18.
   18.   18. 
 18. 18. 18. 18. 18. 18. 18. 18. 18. 18. 18. 18. 18. 18. 18. 18. 18. 18.
 18. 18. 18. 18. 18. 18. 18. 18. 
 1792. 1792. 1792. 1523. 1523. 1523.   18. 1523. 1523. 1523. 1792. 1792.
 1792. 1523. 1523.   18.   18.   18.   18.   18. 1523. 1523. 1523. 1792.
 1792. 1792. 
 1792. 1792. 1792. 1792. 1523. 1523.   18.   18.   18.   18.   18.   18.
   18.   18.   18.   18.   18.   18.   18.   18.   18.   18.   18.   18.
   18.   18. 
   18.   18.   18.   18.   18.   18.   18.   18.   18.   18.   18.   18.
 1792. 1792. 1523. 1523.   18.   18.   18.   18. 1523. 1523. 1523. 1792.
 1792. 1523. 
 1523.   18.   18.   18. 1523. 1523. 1523. 1523. 1792. 1792. 1792. 1792.
 1792. 1792. 1792. 1792. 1792. 1523. 1523.   18.   18.   18.   18.   18.
   18.   18. 
   18.   18.   18.   18.   18.   18.   18.   18.   18.   18.   18.   18.
   18.   18.   18.   18.   18.   18.   18.   18.   18.   18.   18.   18.
 1523. 1523. 
 1523. 1523. 1523.   18.   18.   18.   18. 1523. 1523. 1792. 1792. 1792.
 1523. 1523.   18. 1523. 1523. 1523. 1792. 1792. 1792. 1792. 1792. 1523.
 1523. 1523. 
 1792. 1792. 1792. 1523. 1523.   18.   18.   18.   18.   18.   18.   18.
   18.   18.   18.   18.   18.   18.   18.   18.   18.   18.   18.   18.
   18.   18. 
   18.   18.   18.   18.   18.   18.   18.   18.   18.   18. 1523. 1523.
 1792. 1792. 1792. 1523.   18.   18.   18. 1523. 1523. 1792. 1792. 1792.
 1523. 1523. 
 1523. 1523. 1792. 1792. 1792. 1792. 1792. 1523. 1523. 1523. 1523. 1523.
 1523. 1792. 1792. 1523. 1523.   18.   18.   18.   18.   18.   18.   18.
   18.   18. 
   18.   18.   18.   18.   18.   18.   18.   18.   18.   18.   18.   18.
   18.   18.   18.   18.   18.   18.   18.   18.   18.   18. 1523. 1792.
 1792. 1792. 
 1792. 1523. 1523.   18.   18.   18. 1523. 1523. 1792. 1792. 1523. 1523.
 1523. 1792. 1792. 1792. 1792. 1792. 1523. 1523. 1523.   18.   18. 1523.
 1523. 1792. 
 1792. 1792. 1523. 1523.   18.   18.   18.   18.   18.   18.   18.   18.
   18.   18.   18.   18.   18.   18.   18.   18.   18.   18.   18.   18.
   18.   18. 
   18.   18.   18.   18.   18.   18.   18.   18. 1792. 1792. 1523. 1792.
 1792. 1792. 1523.   18.   18.   18. 1523. 1523. 1792. 1792. 1792. 1523.
 1792. 1792. 
 1792. 1523. 1523. 1523. 1523.   18.   18.   18.   18. 1523. 1523. 1792.
 1792. 1792. 1523. 1523.   18.   18.   18.   18.   18.   18.   18.   18.
   18.   18. 
   18.   18.   18.   18.   18.   18.   18.   18.   18.   18.   18.   18.
   18.   18.   18.   18.   18.   18.   18.   18. 1523. 1523. 1523. 1792.
 1792. 1792. 
 1523.   18.   18.   18.   18. 1523. 1523. 1792. 1792. 1792. 1792. 1792.
 1523. 1523. 1523. 1523.   18.   18.   18.   18.   18. 1523. 1523. 1792.
 1792. 1792. 
 1523. 1523.   18.   18.   18.   18.   18.   18.   18.   18.   18.   18.
   18.   18.   18.   18.   18.   18.   18.   18.   18.   18.   18.   18.
   18.   18. 
   18.   18.   18.   18.   18.   18.   18.   18. 1523. 1792. 1792. 1792.
 1523.   18.   18.   18.   18. 1523. 1523. 1523. 1523. 1523. 1523. 1523.
 1523. 1523. 
   18.   18.   18.   18.   18.   18.   18.   18. 1523. 1523. 1792. 1792.
 1523. 1523.   18.   18.   18.   18.   18.   18.   18.   18.   18.   18.
   18.   18. 
   18.   18.   18.   18.   18.   18.   18.   18.   18.   18.   18.   18.
   18.   18.   18.   18.   18.   18.   18.   18. 1523. 1792. 1792. 1792.
 1523.   18. 
   18.   18.   18.   18.   18. 1523. 1523. 1523. 1523. 1523.   18.   18.
   18.   18.   18.   18.   18.   18.   18.   18. 1523. 1523. 1792. 1792.
 1523. 1523. 
 18. 18. 18. 18. 18. 18. 18. 18. 18. 18. 18. 18. 18. 18. 18. 18. 18. 18.
 18. 18. 18. 18. 18. 18. 18. 18. 
   18.   18.   18.   18.   18.   18. 1523. 1792. 1792. 1792. 1523.   18.
   18.   18.   18.   18.   18.   18.   18.   18.   18.   18.   18.   18.
   18.   18. 
   18.   18.   18.   18.   18.   18. 1523. 1523. 1792. 1792. 1523. 1523.
   18.   18.   18.   18.   18.   18.   18.   18.   18.   18. 1523. 1523.
 1523. 1523. 
   18.   18.   18.   18.   18.   18.   18.   18.   18.   18.   18.   18.
   18.   18.   18.   18.   18.   18. 1523. 1523. 1792. 1792. 1523.   18.
   18.   18. 
   18.   18.   18.   18.   18.   18.   18.   18.   18.   18.   18.   18.
   18.   18.   18.   18.   18.   18.   18. 1523. 1792. 1792. 1792. 1523.
 1523.   18. 
   18.   18.   18.   18.   18.   18. 1523. 1523. 1523. 1523. 1523. 1523.
 1523.   18.   18.   18.   18.   18.   18.   18.   18.   18.   18.   18.
   18.   18. 
   18.   18.   18.   18.   18. 1523. 1792. 1523. 1523. 1523.   18.   18.
   18.   18.   18.   18.   18.   18.   18.   18.   18.   18.   18.   18.
   18.   18. 
   18.   18.   18.   18.   18. 1523. 1523. 1792. 1792. 1523. 1523. 1523.
   18. 1523. 1523. 1523. 1523. 1523. 1523. 1523. 1792. 1792. 1792. 1792.
 1523. 1523. 
   18.   18.   18.   18.   18.   18.   18.   18.   18.   18.   18.   18.
   18.   18. 1523. 1523. 1523. 1523. 1523. 1523. 1523. 1523. 1523. 1523.
   18.   18. 
   18.   18.   18.   18.   18.   18.   18.   18.   18.   18.   18.   18.
   18.   18.   18.   18.   18. 1523. 1523. 1792. 1792. 1792. 1792. 1523.
 1523. 1523. 
 1523. 1523. 1523. 1523. 1792. 1792. 1792. 1792. 1792. 1792. 1523. 1523.
   18.   18.   18.   18.   18.   18. 1523. 1523. 1523. 1523. 1523. 1523.
   18.   18. 
 1523. 1523. 1792. 1792. 1792. 1792. 1792. 1792. 1792. 1792. 1523. 1523.
   18.   18.   18.   18.   18.   18.   18.   18.   18.   18.   18.   18.
   18.   18. 
   18.   18.   18.   18. 1523. 1523. 1792. 1792. 1792. 1792. 1792. 1792.
 1792. 1792. 1792. 1792. 1792. 1792. 1792. 1792. 1792. 1792. 1792. 1523.
 1523.   18. 
   18.   18. 1523. 1523. 1523. 1523. 1523. 1523. 1523. 1523. 1523.   18.
 1792. 1792. 1792. 1792. 1792. 1792. 1792. 1792. 1792. 1792. 1792. 1523.
   18.   18. 
   18.   18.   18.   18.   18.   18.   18.   18.   18.   18.   18.   18.
   18.   18.   18.   18.   18. 1523. 1523. 1792. 1792. 1792. 1792. 1792.
 1792. 1792. 
 1792. 1792. 1792. 1792. 1523. 1523. 1792. 1792. 1792. 1523. 1523.   18.
   18. 1523. 1523. 1523. 1792. 1792. 1792. 1792. 1792. 1792. 1523. 1523.
 1792. 1792. 
 1792. 1792. 1792. 1792. 1523. 1792. 1792. 1792. 1792. 1523.   18.   18.
   18.   18.   18.   18.   18.   18.   18.   18.   18.   18.   18.   18.
   18.   18. 
   18.   18.   18.   18. 1523. 1523. 1523. 1792. 1792. 1523. 1523. 1523.
 1523. 1523. 1523. 1523. 1523. 1523. 1523. 1792. 1792. 1523. 1523.   18.
   18. 1523. 
 1523. 1792. 1792. 1792. 1792. 1792. 1792. 1792. 1792. 1523. 1792. 1792.
 1523. 1523. 1523. 1523. 1523. 1523. 1523. 1792. 1792. 1523. 1523. 1523.
 1523.   18. 
   18. 1523. 1523. 1523. 1523. 1523. 1523. 1523. 1523. 1523. 1523. 1523.
   18.   18.   18.   18.   18.   18. 1523. 1523. 1523. 1523. 1523. 1523.
 1523. 1523. 
 1523.   18.   18. 1523. 1523. 1792. 1792. 1792. 1523.   18. 1523. 1523.
 1792. 1792. 1792. 1792. 1523. 1523. 1792. 1792. 1792. 1792. 1792. 1523.
 1523. 1523. 
 1523. 1523. 1792. 1792. 1523. 1792. 1792. 1523. 1523. 1523. 1523. 1523.
 1523. 1792. 1792. 1792. 1792. 1523. 1523. 1792. 1792. 1792. 1792. 1523.
 1523.   18. 
   18.   18.   18.   18.   18.   18.   18.   18.   18.   18.   18.   18.
   18.   18.   18. 1523. 1523. 1792. 1792. 1792. 1523. 1523. 1523. 1523.
 1792. 1792. 
 1792. 1523. 1523. 1523. 1523. 1792. 1792. 1792. 1523. 1523.   18.   18.
   18. 1523. 1792. 1792. 1523. 1792. 1792. 1792. 1523. 1792. 1792. 1792.
 1792. 1792. 
 1792. 1792. 1523. 1523. 1792. 1792. 1792. 1792. 1792. 1792. 1523. 1523.
   18.   18.   18.   18.   18.   18.   18.   18.   18.   18.   18.   18.
   18.   18. 
   18. 1523. 1523. 1792. 1792. 1792. 1523. 1523. 1523. 1792. 1792. 1792.
 1523. 1523.   18.   18. 1523. 1792. 1792. 1792. 1523. 1523. 1523. 1523.
   18. 1523. 
 1523. 1792. 1523. 1792. 1792. 1792. 1523. 1792. 1792. 1792. 1792. 1792.
 1792. 1523. 1523. 1792. 1792. 1792. 1792. 1792. 1792. 1792. 1792. 1523.
 1523.   18. 
   18.   18.   18.   18.   18.   18.   18.   18.   18.   18.   18.   18.
   18.   18. 1523. 1792. 1792. 1792. 1523. 1523. 1792. 1792. 1792. 1523.
 1523. 1523. 
   18.   18. 1523. 1792. 1792. 1792. 1523. 1523. 1523. 1523. 1523.   18.
   18. 1523. 1523. 1523. 1792. 1792. 1523. 1523. 1523. 1523. 1523. 1523.
 1523. 1523. 
 1792. 1792. 1792. 1792. 1523. 1523. 1792. 1792. 1792. 1523. 1523.   18.
   18.   18.   18.   18.   18.   18.   18.   18.   18. 1523. 1523. 1523.
 1523.   18. 
 1523. 1523. 1792. 1792. 1523. 1523. 1792. 1792. 1523. 1523.   18.   18.
   18. 1523. 1523. 1792. 1792. 1792. 1792. 1792. 1792. 1792. 1523. 1523.
   18.   18. 
   18. 1523. 1792. 1792. 1792. 1523. 1523. 1523. 1523. 1523. 1523. 1792.
 1792. 1792. 1792. 1523. 1523. 1523. 1792. 1792. 1792. 1792. 1523. 1523.
   18.   18. 
   18.   18.   18.   18.   18.   18. 1523. 1523. 1792. 1792. 1792. 1523.
   18. 1523. 1792. 1792. 1792. 1792. 1792. 1792. 1523. 1523.   18.   18.
   18. 1523. 
 1523. 1792. 1792. 1792. 1792. 1792. 1792. 1792. 1792. 1523. 1523.   18.
   18. 1523. 1523. 1792. 1792. 1792. 1523. 1523.   18. 1523. 1523. 1792.
 1792. 1792. 
 1523. 1523.   18. 1523. 1792. 1792. 1792. 1792. 1523. 1523.   18.   18.
   18.   18.   18.   18.   18. 1523. 1792. 1792. 1792. 1792. 1792. 1523.
 1523. 1523. 
 1523. 1792. 1792. 1792. 1792. 1523. 1523.   18.   18. 1523. 1523. 1523.
 1523. 1792. 1792. 1792. 1792. 1792. 1792. 1792. 1792. 1792. 1523.   18.
   18.   18. 
 1523. 1523. 1792. 1792. 1792. 1523. 1523. 1523. 1792. 1792. 1792. 1523.
 1523. 1523.   18. 1523. 1523. 1792. 1792. 1792. 1523. 1523.   18.   18.
   18.   18. 
   18.   18. 1523. 1523. 1792. 1792. 1523. 1792. 1792. 1792. 1523. 1523.
 1523. 1523. 1523. 1523. 1523. 1523.   18. 1523. 1523. 1523. 1523. 1523.
 1523. 1792. 
 1792. 1792. 1523. 1523. 1523. 1792. 1792. 1792. 1523.   18.   18.   18.
   18. 1523. 1792. 1792. 1792. 1523. 1523. 1792. 1792. 1792. 1792. 1523.
 1523. 1523. 
 1523. 1523. 1523. 1792. 1792. 1792. 1523. 1523. 1523. 1523.   18.   18.
   18.   18. 1523. 1792. 1792. 1792. 1523. 1523. 1792. 1792. 1792. 1523.
   18. 1523. 
 1523. 1523. 1523. 1523. 1523. 1523. 1792. 1792. 1792. 1792. 1523. 1792.
 1792. 1792. 1523. 1523. 1523. 1792. 1792. 1792. 1523. 1523.   18.   18.
   18. 1523. 
 1523. 1792. 1792. 1792. 1792. 1792. 1792. 1792. 1523. 1523. 1792. 1792.
 1523.   18. 1523. 1792. 1792. 1792. 1523. 1523. 1792. 1792. 1523.   18.
   18. 1523. 
 1523. 1792. 1792. 1523. 1523. 1523. 1792. 1792. 1792. 1523. 1523.   18.
   18.   18. 1523. 1523. 1792. 1792. 1792. 1792. 1792. 1792. 1523. 1523.
 1792. 1792. 
   18.   18. 1523. 1792. 1792. 1792. 1792. 1523.   18.   18.   18.   18.
 1523. 1792. 1792. 1792. 1792. 1792. 1792. 1523. 1523. 1792. 1792. 1792.
 1523. 1523. 
 1523. 1523. 1792. 1792. 1523. 1523. 1792. 1792. 1792. 1523.   18. 1523.
 1523. 1792. 1792. 1523. 1523. 1523. 1523. 1792. 1792. 1792. 1523.   18.
   18.   18. 
 1523. 1523. 1792. 1792. 1792. 1792. 1523. 1523. 1523. 1523. 1792. 1792.
   18.   18. 1523. 1523. 1792. 1792. 1792. 1523. 1523.   18.   18. 1523.
 1523. 1523. 
 1523. 1792. 1792. 1792. 1523. 1523. 1792. 1523. 1792. 1792. 1792. 1523.
 1523. 1523. 1792. 1792. 1792. 1523. 1523. 1792. 1792. 1523. 1523. 1523.
 1792. 1792. 
 1792. 1523.   18.   18. 1523. 1792. 1792. 1792. 1523. 1523.   18. 1523.
 1523. 1792. 1792. 1792. 1523. 1523. 1523. 1523. 1523. 1523. 1523. 1792.
   18.   18. 
   18. 1523. 1792. 1792. 1792. 1523. 1523.   18.   18. 1523. 1792. 1792.
 1523. 1523. 1523. 1523. 1523. 1792. 1792. 1523. 1792. 1792. 1792. 1523.
 1523. 1523. 
 1792. 1792. 1792. 1523. 1523. 1523. 1523. 1523. 1523. 1792. 1792. 1792.
 1523. 1523.   18.   18. 1523. 1523. 1792. 1792. 1792. 1523. 1523. 1523.
 1792. 1792. 
 1792. 1792. 1523. 1523.   18.   18. 1523. 1523. 1523. 1523. 1523.   18.
   18. 1523. 1523. 1792. 1792. 1523. 1523. 1523. 1523. 1523. 1792. 1792.
 1792. 1523. 
 1523. 1523. 1792. 1792. 1792. 1523. 1792. 1792. 1792. 1523. 1792. 1523.
 1523. 1792. 1792. 1792. 1792. 1792. 1792. 1792. 1792. 1792. 1792. 1792.
 1523. 1523. 
 1523. 1523. 1523. 1523. 1792. 1792. 1792. 1523. 1523. 1792. 1792. 1792.
 1792. 1523. 1523.   18.   18.   18.   18.   18. 1523. 1523. 1523.   18.
   18. 1523. 
 1523. 1523. 1523. 1523. 1792. 1523. 1523. 1523. 1792. 1792. 1792. 1523.
   18. 1523. 1523. 1792. 1792. 1523. 1792. 1792. 1792. 1792. 1792. 1792.
 1523. 1523. 
 1792. 1792. 1792. 1792. 1792. 1792. 1792. 1792. 1792. 1523. 1523. 1523.
 1792. 1792. 1792. 1523. 1523. 1792. 1792. 1792. 1523. 1792. 1792. 1792.
 1523. 1523. 
   18.   18.   18.   18.   18.   18.   18. 1523. 1523.   18.   18.   18.
 1523. 1523. 1792. 1792. 1792. 1792. 1792. 1523. 1792. 1792. 1523. 1523.
   18. 1523. 
 1523. 1792. 1792. 1523. 1523. 1792. 1792. 1792. 1792. 1792. 1523. 1523.
 1523. 1792. 1792. 1792. 1792. 1792. 1792. 1523. 1523. 1523. 1523. 1792.
 1792. 1792. 
 1792. 1792. 1523. 1523. 1792. 1792. 1792. 1792. 1792. 1523. 1523.   18.
   18.   18.   18.   18.   18.   18.   18. 1523. 1523.   18.   18.   18.
 1523. 1792. 
 1792. 1792. 1792. 1792. 1792. 1792. 1523. 1523. 1523.   18.   18. 1523.
 1792. 1792. 1792. 1792. 1523. 1792. 1792. 1792. 1792. 1523. 1523. 1523.
 1523. 1523. 
 1523. 1523. 1523. 1523. 1523. 1523. 1523. 1792. 1792. 1792. 1792. 1792.
 1792. 1792. 1523. 1523. 1792. 1792. 1792. 1792. 1523. 1523.   18.   18.
   18.   18. 
   18.   18.   18.   18.   18. 1523. 1523.   18.   18. 1523. 1523. 1792.
 1792. 1792. 1523. 1792. 1792. 1792. 1523. 1523.   18.   18. 1523. 1523.
 1792. 1792. 
 1792. 1523. 1523. 1523. 1523. 1523. 1523. 1523. 1523. 1523. 1523. 1523.
 1523. 1523. 1523. 1523.   18. 1523. 1523. 1792. 1792. 1792. 1792. 1523.
 1792. 1792. 
 1792. 1523. 1523. 1523. 1523. 1523. 1523.   18.   18.   18.   18.   18.
   18.   18.   18.   18.   18. 1523. 1523.   18.   18. 1523. 1792. 1792.
 1792. 1523. 
 1523. 1523. 1792. 1792. 1792. 1523.   18.   18.   18. 1523. 1792. 1792.
 1792. 1523. 1523.   18.   18. 1523. 1523. 1523. 1792. 1792. 1523. 1792.
 1792. 1792. 
 1523. 1523. 1523. 1523. 1792. 1792. 1792. 1792. 1523. 1523. 1523. 1792.
 1792. 1792. 1523. 1523. 1523.   18.   18.   18.   18.   18. 1523. 1523.
 1523. 1523. 
 1523.   18.   18. 1523. 1523. 1523. 1523. 1523. 1792. 1792. 1523. 1523.
 1792. 1523. 1792. 1792. 1792. 1523.   18.   18.   18. 1523. 1792. 1792.
 1792. 1523. 
 1523. 1523. 1523. 1523. 1523. 1523. 1792. 1792. 1523. 1792. 1792. 1792.
 1523. 1523. 1792. 1792. 1792. 1792. 1792. 1523. 1523. 1523. 1523. 1523.
 1792. 1792. 
 1792. 1523.   18.   18.   18.   18. 1523. 1523. 1523. 1792. 1792. 1792.
 1523. 1523. 1523.   18. 1792. 1792. 1792. 1792. 1792. 1792. 1523. 1792.
 1792. 1523. 
 1792. 1792. 1792. 1523.   18.   18.   18. 1523. 1792. 1792. 1792. 1523.
 1523. 1523. 1523. 1792. 1792. 1523. 1523. 1792. 1523. 1792. 1792. 1523.
 1523. 1792. 
 1792. 1792. 1792. 1792. 1523. 1523. 1523. 1523. 1523. 1523. 1792. 1792.
 1792. 1523.   18.   18.   18. 1523. 1523. 1792. 1792. 1792. 1792. 1792.
 1792. 1792. 
 1523. 1523. 1792. 1792. 1792. 1792. 1792. 1523. 1523. 1523. 1523. 1523.
 1792. 1792. 1792. 1523.   18.   18.   18. 1523. 1523. 1792. 1523. 1523.
 1792. 1792. 
 1792. 1792. 1792. 1792. 1523. 1523. 1523. 1792. 1792. 1792. 1792. 1792.
 1792. 1792. 1523. 1523. 1523. 1523. 1792. 1792. 1792. 1523. 1792. 1792.
 1792. 1523. 
   18.   18. 1523. 1792. 1792. 1792. 1792. 1792. 1792. 1792. 1792. 1792.
 1792. 1523. 1792. 1792. 1792. 1792. 1523. 1523.   18.   18. 1523. 1523.
 1792. 1792. 
 1792. 1523. 1523.   18.   18.   18. 1523. 1523. 1523. 1792. 1792. 1792.
 1792. 1792. 1792. 1792. 1792. 1523. 1523. 1792. 1792. 1792. 1792. 1792.
 1792. 1523. 
 1523. 1523. 1792. 1792. 1792. 1792. 1792. 1523. 1792. 1792. 1792. 1523.
 1523. 1523. 1523. 1792. 1792. 1792. 1792. 1523. 1523. 1523. 1792. 1792.
 1792. 1792. 
 1523. 1523. 1523. 1523.   18.   18.   18.   18.   18. 1523. 1792. 1792.
 1792. 1523. 1523.   18.   18.   18. 1523. 1523. 1792. 1792. 1792. 1792.
 1523. 1523. 
 1523. 1792. 1792. 1792. 1523. 1523. 1523. 1792. 1792. 1523. 1523. 1523.
 1523. 1792. 1792. 1523. 1523. 1523. 1523. 1523. 1792. 1792. 1792. 1523.
 1523. 1523. 
 1792. 1792. 1792. 1523. 1523. 1523.   18. 1523. 1523. 1792. 1792. 1792.
   18.   18.   18.   18.   18.   18.   18.   18.   18. 1523. 1523. 1792.
 1792. 1523. 
 1523.   18.   18. 1523. 1523. 1792. 1792. 1792. 1792. 1523. 1523. 1523.
 1523. 1523. 1792. 1792. 1792. 1523. 1523. 1523. 1523. 1523. 1523. 1523.
 1792. 1523. 
 1523. 1523. 1523. 1523. 1523. 1523. 1523. 1792. 1792. 1523. 1523. 1792.
 1792. 1792. 1792. 1523.   18.   18.   18.   18. 1523. 1792. 1792. 1792.
   18.   18. 
   18.   18.   18.   18.   18.   18.   18.   18. 1523. 1792. 1792. 1792.
 1523. 1523. 1523. 1523. 1792. 1792. 1792. 1792. 1523. 1523.   18.   18.
   18. 1523. 
 1523. 1792. 1792. 1792. 1523. 1792. 1792. 1792. 1523. 1523. 1523. 1523.
 1792. 1792. 1792. 1792. 1792. 1792. 1523. 1792. 1792. 1792. 1792. 1792.
 1792. 1792. 
 1523. 1523.   18.   18.   18.   18. 1523. 1523. 1792. 1792.   18.   18.
   18.   18.   18.   18.   18.   18.   18.   18. 1523. 1792. 1792. 1792.
 1792. 1523. 
 1523. 1792. 1792. 1792. 1792. 1523. 1523.   18.   18.   18.   18.   18.
 1523. 1523. 1792. 1792. 1792. 1523. 1792. 1792. 1523. 1523. 1792. 1792.
 1792. 1792. 
 1792. 1792. 1792. 1792. 1523. 1523. 1792. 1792. 1792. 1792. 1792. 1523.
 1523.   18.   18.   18.   18.   18.   18. 1523. 1792. 1792.   18.   18.
   18.   18. 
   18.   18.   18.   18.   18.   18. 1523. 1523. 1792. 1792. 1792. 1792.
 1792. 1792. 1792. 1792. 1523. 1523.   18.   18.   18.   18.   18.   18.
   18. 1523. 
 1523. 1792. 1792. 1792. 1523. 1523. 1523. 1792. 1792. 1792. 1792. 1523.
 1523. 1523. 1792. 1792. 1792. 1523. 1792. 1792. 1792. 1523. 1523.   18.
   18.   18. 
   18.   18.   18.   18.   18. 1523. 1523. 1792.   18.   18.   18.   18.
   18.   18.   18.   18.   18.   18.   18. 1523. 1523. 1792. 1792. 1792.
 1792. 1792. 
 1792. 1523. 1523.   18.   18.   18.   18.   18.   18.   18.   18.   18.
 1523. 1792. 1792. 1792. 1523. 1523. 1792. 1792. 1792. 1792. 1523. 1523.
 1523. 1523. 
 1792. 1792. 1792. 1523. 1523. 1523. 1523. 1523.   18.   18.   18.   18.
 1523. 1523. 1523.   18.   18. 1523. 1523. 1792.   18.   18.   18.   18.
   18.   18. 
   18.   18.   18.   18.   18.   18. 1523. 1523. 1523. 1792. 1792. 1523.
 1523. 1523.   18.   18.   18.   18.   18.   18.   18.   18.   18.   18.
   18. 1523. 
 1792. 1792. 1792. 1792. 1792. 1792. 1792. 1523. 1523.   18.   18. 1523.
 1792. 1792. 1792. 1523. 1523. 1523.   18. 1523. 1523. 1523. 1523. 1523.
 1523. 1523. 
 1523. 1523. 1523. 1523. 1523. 1792.   18.   18.   18.   18.   18.   18.
   18.   18.   18.   18.   18.   18.   18.   18. 1523. 1523. 1523. 1523.
   18.   18. 
   18.   18.   18.   18.   18.   18.   18.   18.   18.   18.   18. 1523.
 1523. 1792. 1792. 1792. 1792. 1792. 1523. 1523.   18.   18.   18. 1523.
 1792. 1792. 
 1792. 1523. 1523. 1523. 1523. 1523. 1523. 1792. 1792. 1792. 1792. 1523.
 1523. 1792. 1523. 1523. 1523. 1792.   18.   18.   18.   18.   18.   18.
   18.   18. 
   18.   18.   18.   18.   18.   18.   18.   18.   18.   18.   18.   18.
   18.   18.   18.   18.   18.   18.   18.   18.   18.   18.   18.   18.
 1523. 1792. 
 1792. 1792. 1792. 1523. 1523.   18.   18.   18. 1523. 1523. 1792. 1792.
 1792. 1523. 1523. 1523. 1523. 1523. 1792. 1792. 1792. 1792. 1792. 1792.
 1523. 1792. 
 1792. 1523. 1523. 1523.   18.   18.   18.   18.   18.   18.   18.   18.
   18.   18.   18.   18.   18.   18.   18.   18.   18.   18.   18.   18.
   18.   18. 
   18.   18.   18.   18.   18.   18.   18.   18.   18.   18. 1523. 1523.
 1523. 1523. 1523. 1523.   18.   18.   18.   18. 1523. 1523. 1792. 1792.
 1792. 1523. 
 1523. 1523. 1523. 1792. 1792. 1792. 1792. 1523. 1792. 1792. 1523. 1523.
 1792. 1523. 1523. 1523.   18.   18.   18.   18.   18.   18.   18.   18.
   18.   18. 
   18.   18.   18.   18.   18.   18.   18.   18.   18.   18.   18.   18.
   18.   18.   18.   18.   18.   18.   18.   18.   18.   18.   18.   18.
 1523. 1523. 
 1523.   18.   18.   18.   18.   18. 1523. 1523. 1792. 1792. 1792. 1523.
 1523. 1523. 1792. 1792. 1792. 1792. 1523. 1523. 1792. 1792. 1792. 1523.
 1792. 1792. 
 1523. 1523.   18.   18.   18.   18.   18.   18.   18.   18.   18.   18.
   18.   18.   18.   18.   18.   18.   18.   18.   18.   18.   18.   18.
   18.   18. 
   18.   18.   18.   18.   18.   18.   18.   18.   18.   18.   18.   18.
   18.   18.   18.   18.   18.   18.   18. 1523. 1792. 1792. 1523. 1523.
 1523. 1792. 
 1792. 1792. 1792. 1523. 1523. 1523. 1792. 1792. 1792. 1523. 1792. 1792.
 1523. 1523. 
/