PERMI
   30.   30.   30.   30.   30.   30.   30.   30.   30.   30.   30.   30.
 1220. 1220. 1757. 1757. 1757. 1220. 1220.   30.   30.   30.   30.   30.
   30.   30. 
   30.   30.   30.   30.   30.   30.   30.   30.   30. 1220. 1220. 1757.
 1757. 1757. 1757. 1757. 1220. 1220. 1757. 1220. 1757. 1757. 1757. 1220.
 1220. 1757. 
 1757. 1757. 1757. 1757. 1757. 1220. 1757. 1757. 1757. 1757. 1757. 1757.
   30.   30.   30.   30.   30.   30.   30.   30.   30.   30.   30.   30.
   30. 1220. 
 1757. 1757. 1757. 1220. 1220.   30.   30.   30.   30.   30.   30.   30.
   30.   30.   30.   30.   30.   30.   30.   30.   30. 1220. 1757. 1757.
 1757. 1757. 
 1757. 1220. 1220. 1757. 1757. 1220. 1757. 1757. 1757. 1220. 1757. 1757.
 1757. 1757. 1757. 1757. 1220. 1220. 1757. 1757. 1757. 1757. 1757. 1757.
   30.   30. 
   30.   30.   30.   30.   30.   30.   30.   30.   30. 1220. 1220. 1220.
 1757. 1757. 1757. 1220. 1220.   30.   30.   30.   30.   30.   30.   30.
   30.   30. 
   30.   30.   30.   30.   30.   30. 1220. 1220. 1757. 1757. 1757. 1757.
 1220. 1220. 1220. 1757. 1757. 1220. 1757. 1757. 1757. 1220. 1757. 1757.
 1757. 1757. 
 1220. 1220. 1220. 1757. 1757. 1757. 1220. 1757. 1757. 1757.   30.   30.
   30.   30.   30.   30.   30.   30. 1220. 1220. 1220. 1220. 1757. 1757.
 1757. 1757. 
 1220. 1220.   30.   30.   30.   30.   30.   30.   30.   30.   30.   30.
   30.   30.   30.   30.   30.   30. 1220. 1220. 1757. 1757. 1757. 1220.
 1220. 1220. 
 1220. 1757. 1757. 1220. 1757. 1757. 1757. 1220. 1757. 1220. 1757. 1757.
 1220. 1757. 1220. 1757. 1757. 1757. 1220. 1220. 1220. 1757.   30.   30.
   30.   30. 
   30.   30. 1220. 1220. 1220. 1220. 1220. 1757. 1757. 1757. 1757. 1757.
 1220.   30.   30.   30.   30.   30.   30.   30.   30.   30.   30.   30.
   30.   30. 
   30.   30.   30.   30. 1220. 1220. 1757. 1757. 1757. 1757. 1220. 1220.
 1220. 1757. 1757. 1220. 1757. 1757. 1220. 1220. 1220. 1220. 1220. 1220.
 1220. 1757. 
 1220. 1757. 1757. 1757. 1220. 1757. 1220. 1220.   30.   30.   30.   30.
 1220. 1220. 1220. 1757. 1757. 1757. 1757. 1757. 1757. 1757. 1220. 1220.
 1220.   30. 
   30.   30.   30.   30.   30.   30.   30.   30.   30.   30.   30.   30.
   30.   30.   30.   30.   30. 1220. 1220. 1757. 1757. 1757. 1757. 1220.
 1220. 1757. 
 1220. 1220. 1757. 1757. 1220. 1220.   30.   30.   30. 1220. 1757. 1757.
 1220. 1757. 1757. 1757. 1220. 1220. 1220. 1220.   30.   30.   30.   30.
 1220. 1220. 
 1757. 1757. 1757. 1757. 1757. 1757. 1220. 1220. 1220.   30.   30.   30.
   30.   30.   30.   30.   30.   30.   30.   30.   30.   30.   30.   30.
   30.   30. 
   30.   30.   30. 1220. 1220. 1757. 1220. 1220. 1220. 1220. 1220. 1220.
 1220. 1757. 1757. 1757. 1220. 1220. 1220. 1220. 1220. 1220. 1757. 1757.
 1220. 1757. 
 1757. 1757. 1220. 1220. 1220.   30.   30.   30.   30. 1220. 1220. 1757.
 1757. 1757. 1757. 1757. 1757. 1220. 1220. 1220.   30.   30.   30.   30.
   30.   30. 
   30.   30.   30.   30.   30.   30.   30.   30.   30.   30.   30.   30.
   30.   30.   30.   30. 1220. 1220. 1220. 1757. 1757. 1757. 1757. 1757.
 1757. 1757. 
 1757. 1757. 1220. 1220. 1757. 1220. 1757. 1220. 1757. 1757. 1220. 1757.
 1757. 1757. 1220.   30.   30.   30.   30.   30.   30. 1220. 1220. 1757.
 1757. 1757. 
 1220. 1220. 1220. 1220.   30.   30.   30.   30.   30.   30.   30.   30.
   30.   30.   30.   30.   30.   30.   30.   30.   30.   30.   30.   30.
   30.   30. 
   30.   30. 1220. 1757. 1757. 1757. 1757. 1757. 1757. 1757. 1757. 1757.
 1757. 1220. 1220. 1757. 1757. 1757. 1757. 1220. 1220. 1757. 1220. 1757.
 1757. 1757. 
 1220.   30.   30.   30.   30.   30.   30. 1220. 1220. 1757. 1757. 1757.
 1220. 1220.   30.   30.   30.   30.   30.   30.   30.   30.   30.   30.
   30.   30. 
   30.   30.   30.   30.   30.   30.   30.   30.   30.   30.   30.   30.
   30. 1220. 1220. 1757. 1757. 1757. 1757. 1757. 1757. 1757. 1220. 1220.
 1220. 1220. 
 1220. 1757. 1757. 1757. 1757. 1757. 1220. 1757. 1220. 1757. 1757. 1757.
 1220.   30.   30.   30.   30.   30.   30.   30. 1220. 1757. 1757. 1757.
 1757. 1220. 
   30.   30.   30.   30.   30.   30.   30.   30.   30.   30.   30.   30.
   30.   30.   30.   30.   30.   30.   30.   30.   30. 1220. 1220. 1220.
 1220. 1220. 
 1220. 1757. 1757. 1220. 1220. 1220. 1220. 1220. 1220. 1757. 1757. 1220.
 1220. 1220. 1220. 1220. 1220. 1220. 1220. 1220. 1220. 1757. 1757. 1757.
 1220.   30. 
   30.   30.   30.   30.   30.   30. 1220. 1757. 1757. 1757. 1757. 1220.
   30.   30.   30.   30.   30.   30.   30.   30.   30.   30.   30.   30.
   30.   30. 
   30.   30.   30.   30.   30.   30. 1220. 1220. 1220. 1757. 1220. 1220.
 1757. 1757. 1757. 1220. 1757. 1757. 1757. 1757. 1757. 1757. 1220. 1220.
 1220. 1757. 
 1757. 1757. 1757. 1757. 1757. 1757. 1757. 1757. 1757. 1757. 1220. 1220.
   30.   30.   30.   30.   30.   30. 1220. 1220. 1757. 1757. 1757. 1220.
 1220.   30. 
   30.   30.   30.   30.   30.   30.   30.   30.   30.   30.   30.   30.
   30.   30.   30.   30.   30. 1220. 1220. 1757. 1757. 1220. 1220. 1220.
 1220. 1757. 
 1757. 1220. 1220. 1757. 1757. 1757. 1757. 1757. 1220. 1220. 1757. 1757.
 1757. 1757. 1757. 1757. 1757. 1757. 1757. 1757. 1757. 1757. 1220. 1220.
   30.   30. 
   30.   30.   30.   30.   30. 1220. 1757. 1757. 1757. 1220. 1220.   30.
   30.   30.   30.   30.   30.   30.   30.   30.   30.   30.   30.   30.
   30.   30. 
   30.   30. 1220. 1220. 1757. 1757. 1757. 1220. 1757. 1757. 1220. 1757.
 1757. 1757. 1220. 1757. 1757. 1757. 1757. 1220. 1220. 1220. 1757. 1757.
 1757. 1757. 
 1757. 1757. 1757. 1757. 1757. 1757. 1220. 1220. 1220. 1220.   30.   30.
   30.   30.   30.   30.   30. 1220. 1220. 1757. 1757. 1757. 1220. 1220.
   30.   30. 
   30.   30.   30.   30.   30.   30.   30.   30.   30.   30.   30.   30.
   30.   30. 1220. 1220. 1757. 1757. 1757. 1220. 1757. 1757. 1220. 1220.
 1757. 1757. 
 1220. 1220. 1220. 1220. 1220. 1220. 1220. 1220. 1757. 1757. 1220. 1220.
 1220. 1220. 1220. 1220. 1220. 1220. 1220. 1757. 1220. 1220.   30.   30.
   30.   30. 
   30.   30.   30.   30. 1220. 1757. 1757. 1757. 1220. 1220.   30.   30.
   30.   30.   30.   30.   30.   30.   30.   30.   30.   30.   30.   30.
   30.   30. 
 1220. 1220. 1757. 1757. 1757. 1220. 1757. 1757. 1757. 1220. 1757. 1757.
 1757. 1220. 1220. 1220. 1757. 1220. 1220. 1220. 1757. 1757. 1757. 1220.
 1220. 1757. 
 1757. 1757. 1757. 1220. 1220. 1220. 1220.   30.   30.   30.   30.   30.
   30.   30.   30.   30. 1220. 1757. 1757. 1757. 1757. 1220. 1220.   30.
   30.   30. 
   30.   30.   30.   30.   30.   30.   30.   30.   30.   30.   30.   30.
 1220. 1220. 1220. 1220. 1220. 1220. 1220. 1757. 1757. 1220. 1757. 1757.
 1757. 1220. 
 1220. 1757. 1757. 1220. 1220. 1220. 1220. 1757. 1757. 1757. 1220. 1220.
 1220. 1220. 1220. 1220. 1220.   30.   30.   30.   30.   30.   30.   30.
   30.   30. 
   30.   30. 1220. 1220. 1757. 1757. 1757. 1220. 1220.   30.   30.   30.
   30.   30.   30.   30.   30.   30. 1220. 1220. 1220. 1220. 1220. 1220.
 1220. 1757. 
 1757. 1757. 1757. 1220. 1220. 1220. 1220. 1220. 1220. 1757. 1757. 1220.
 1757. 1757. 1757. 1220. 1220.   30. 1220. 1220. 1757. 1757. 1757. 1220.
   30.   30. 
   30.   30.   30.   30.   30.   30.   30.   30. 1220. 1220. 1220. 1220.
 1220. 1220. 1220. 1220. 1757. 1757. 1757. 1757. 1220.   30.   30.   30.
   30.   30. 
   30.   30.   30. 1220. 1220. 1220. 1757. 1220. 1220. 1220. 1757. 1757.
 1757. 1757. 1757. 1757. 1757. 1757. 1757. 1757. 1757. 1757. 1757. 1220.
 1757. 1757. 
 1220. 1220.   30.   30. 1220. 1220. 1757. 1757. 1757. 1220. 1220.   30.
   30.   30.   30.   30.   30.   30.   30.   30. 1220. 1220. 1220. 1220.
 1220. 1220. 
 1220. 1220. 1220. 1757. 1757. 1757. 1220.   30.   30.   30.   30.   30.
   30.   30. 1220. 1220. 1757. 1757. 1757. 1757. 1220. 1757. 1757. 1757.
 1220. 1757. 
 1757. 1757. 1757. 1757. 1757. 1757. 1757. 1757. 1220. 1220. 1757. 1220.
 1220.   30.   30.   30. 1220. 1220. 1220. 1757. 1757. 1757. 1757. 1220.
   30.   30. 
   30.   30.   30.   30.   30.   30. 1757. 1757. 1757. 1757. 1757. 1757.
 1757. 1757. 1757. 1757. 1757. 1220. 1220.   30.   30.   30.   30.   30.
   30.   30. 
 1220. 1220. 1757. 1757. 1757. 1220. 1220. 1757. 1757. 1757. 1220. 1220.
 1220. 1220. 1757. 1757. 1757. 1757. 1220. 1220. 1220. 1220. 1220. 1220.
   30.   30. 
   30.   30.   30. 1220. 1220. 1220. 1757. 1757. 1757. 1220. 1220.   30.
   30.   30.   30.   30.   30.   30. 1757. 1757. 1757. 1757. 1757. 1757.
 1757. 1757. 
 1757. 1757. 1757. 1220. 1220.   30.   30.   30.   30.   30.   30.   30.
 1220. 1757. 1757. 1757. 1757. 1220. 1220. 1220. 1757. 1757. 1220. 1220.
 1757. 1757. 
 1220. 1220. 1220. 1220. 1757. 1757. 1220. 1220.   30.   30.   30.   30.
   30.   30.   30. 1220. 1757. 1220. 1220. 1757. 1757. 1757. 1220. 1220.
   30.   30. 
   30.   30.   30.   30. 1757. 1757. 1757. 1757. 1757. 1757. 1757. 1757.
 1757. 1757. 1220. 1220. 1220.   30.   30.   30.   30.   30.   30.   30.
 1220. 1220. 
 1757. 1757. 1220. 1220. 1220. 1220. 1757. 1757. 1757. 1220. 1220. 1757.
 1757. 1757. 1757. 1757. 1757. 1757. 1220. 1220.   30.   30.   30.   30.
   30.   30. 
 1220. 1220. 1220. 1220. 1220. 1757. 1757. 1757. 1220.   30.   30.   30.
   30.   30.   30.   30. 1220. 1220. 1220. 1220. 1220. 1220. 1220. 1220.
 1757. 1220. 
 1220. 1220.   30.   30.   30.   30.   30.   30.   30.   30. 1220. 1220.
 1757. 1757. 1220. 1220. 1757. 1220. 1757. 1757. 1757. 1220. 1220. 1220.
 1220. 1757. 
 1757. 1757. 1757. 1220. 1220.   30.   30.   30.   30.   30. 1220. 1220.
 1220. 1220. 1757. 1757. 1757. 1757. 1757. 1757. 1220.   30.   30.   30.
   30.   30. 
   30. 1220. 1220. 1220.   30. 1220. 1220. 1220. 1220. 1220. 1220. 1220.
 1220.   30.   30.   30.   30.   30.   30.   30.   30.   30.   30. 1220.
 1220. 1757. 
 1220. 1220. 1757. 1220. 1757. 1757. 1757. 1220. 1220. 1220. 1220. 1220.
 1220. 1220. 1220. 1220.   30.   30.   30.   30. 1220. 1220. 1757. 1757.
 1757. 1757. 
 1757. 1757. 1757. 1757. 1757. 1220. 1220.   30.   30.   30.   30. 1220.
 1220. 1220. 1757. 1220.   30.   30.   30.   30.   30.   30.   30.   30.
   30.   30. 
   30.   30.   30.   30.   30.   30.   30.   30.   30. 1220. 1220. 1757.
 1220. 1220. 1220. 1220. 1757. 1757. 1757. 1220. 1220. 1757. 1757. 1757.
 1220.   30. 
   30.   30. 1220. 1220. 1220. 1220. 1220. 1757. 1757. 1757. 1757. 1757.
 1757. 1757. 1757. 1220. 1220.   30.   30.   30.   30.   30. 1220. 1220.
 1757. 1757. 
 1757. 1220. 1220.   30.   30.   30.   30.   30.   30.   30.   30.   30.
   30.   30.   30.   30.   30.   30.   30.   30.   30. 1220. 1220. 1220.
 1220. 1220. 
 1220. 1757. 1757. 1757. 1220. 1220. 1757. 1757. 1757. 1757. 1220.   30.
 1220. 1220. 1220. 1220. 1220. 1220. 1220. 1757. 1757. 1757. 1757. 1757.
 1220. 1220. 
 1220. 1220.   30.   30.   30.   30.   30.   30. 1220. 1757. 1757. 1757.
 1757. 1220. 1220.   30.   30.   30.   30.   30.   30.   30.   30.   30.
   30.   30. 
   30.   30.   30.   30.   30.   30.   30. 1220. 1220. 1220. 1757. 1757.
 1757. 1757. 1757. 1757. 1220. 1757. 1757. 1757. 1757. 1220. 1220. 1220.
 1757. 1757. 
 1757. 1757. 1757. 1220. 1220. 1757. 1757. 1757. 1220. 1220. 1220. 1220.
   30.   30.   30.   30.   30.   30.   30.   30. 1220. 1757. 1757. 1757.
 1757. 1757. 
 1220.   30.   30.   30.   30.   30.   30.   30.   30.   30.   30.   30.
   30.   30.   30.   30.   30. 1220. 1220. 1757. 1757. 1757. 1757. 1757.
 1757. 1757. 
 1757. 1220. 1220. 1757. 1757. 1757. 1220. 1220. 1220. 1757. 1757. 1757.
 1757. 1757. 1757. 1757. 1220. 1757. 1757. 1757. 1220. 1220. 1220.   30.
   30.   30. 
   30.   30.   30.   30.   30. 1220. 1220. 1757. 1757. 1757. 1757. 1757.
 1220.   30.   30.   30.   30.   30.   30.   30.   30.   30.   30.   30.
   30.   30. 
   30.   30.   30. 1220. 1757. 1757. 1757. 1757. 1757. 1757. 1220. 1220.
 1220. 1220. 1220. 1757. 1220. 1220. 1220.   30. 1220. 1757. 1757. 1220.
 1220. 1220. 
 1220. 1220. 1220. 1220. 1757. 1757. 1757. 1220.   30.   30.   30.   30.
   30.   30.   30.   30.   30.   30. 1220. 1757. 1757. 1757. 1757. 1757.
 1220.   30. 
   30.   30.   30.   30.   30.   30.   30.   30.   30.   30.   30.   30.
   30.   30. 1220. 1757. 1757. 1757. 1757. 1220. 1220. 1220. 1220. 1757.
 1757. 1220. 
 1220. 1220. 1220.   30.   30.   30. 1220. 1757. 1757. 1220.   30.   30.
 1220. 1220. 1220. 1220. 1757. 1757. 1757. 1220. 1220.   30.   30.   30.
   30.   30. 
   30.   30.   30.   30. 1220. 1220. 1757. 1757. 1757. 1757. 1220.   30.
   30.   30.   30.   30.   30.   30.   30.   30.   30.   30.   30.   30.
 1220. 1220. 
 1220. 1220. 1757. 1757. 1220. 1220. 1220. 1220. 1220. 1757. 1757. 1757.
 1220.   30.   30.   30.   30.   30. 1220. 1757. 1757. 1220.   30.   30.
   30.   30. 
   30. 1220. 1220. 1757. 1757. 1757. 1220.   30.   30.   30.   30.   30.
   30.   30.   30.   30. 1220. 1220. 1757. 1757. 1757. 1757. 1220.   30.
   30.   30. 
   30.   30.   30.   30.   30.   30.   30.   30.   30. 1220. 1220. 1220.
 1757. 1220. 1757. 1757. 1757. 1220. 1757. 1757. 1220. 1757. 1757. 1757.
 1220.   30. 
   30.   30.   30.   30. 1220. 1757. 1757. 1220.   30.   30.   30.   30.
   30.   30. 1220. 1757. 1757. 1757. 1220. 1220.   30.   30.   30.   30.
   30.   30. 
   30.   30.   30. 1220. 1220. 1757. 1757. 1220. 1220.   30.   30.   30.
   30.   30.   30.   30.   30.   30.   30.   30.   30. 1220. 1220. 1757.
 1757. 1220. 
 1757. 1757. 1757. 1757. 1220. 1757. 1757. 1757. 1757. 1220. 1220.   30.
   30.   30.   30. 1220. 1757. 1757. 1757. 1220.   30.   30.   30.   30.
   30.   30. 
 1220. 1220. 1757. 1757. 1757. 1220.   30.   30.   30.   30.   30.   30.
   30.   30.   30.   30. 1220. 1757. 1220. 1220.   30.   30.   30.   30.
   30.   30. 
   30.   30.   30.   30.   30.   30. 1220. 1220. 1757. 1757. 1757. 1757.
 1220. 1757. 1757. 1757. 1220. 1220. 1757. 1757. 1757. 1220. 1220.   30.
   30.   30. 
   30. 1220. 1757. 1757. 1757. 1220.   30.   30.   30.   30.   30.   30.
   30. 1220. 1757. 1757. 1757. 1220.   30.   30.   30.   30.   30.   30.
   30.   30. 
 1220. 1220. 1220. 1757.   30.   30.   30.   30.   30.   30.   30.   30.
   30.   30.   30.   30.   30.   30. 1220. 1220. 1757. 1757. 1220. 1220.
 1220. 1220. 
 1757. 1757. 1757. 1220. 1757. 1220. 1220. 1220.   30. 1220. 1220. 1220.
 1220. 1220. 1757. 1757. 1220. 1220.   30.   30.   30.   30.   30.   30.
   30. 1220. 
 1757. 1757. 1757. 1220.   30.   30.   30.   30.   30.   30. 1220. 1220.
 1220. 1757. 1757. 1757.   30.   30.   30.   30.   30.   30.   30.   30.
   30.   30. 
   30.   30.   30.   30. 1220. 1220. 1220. 1220. 1220. 1757. 1757. 1220.
 1757. 1757. 1757. 1220. 1220. 1220. 1220. 1220. 1220. 1220. 1220. 1220.
 1757. 1757. 
 1757. 1757. 1220.   30.   30.   30.   30. 1220. 1220. 1220. 1220. 1220.
 1757. 1757. 1757. 1220.   30.   30.   30.   30.   30. 1220. 1220. 1220.
 1757. 1757. 
 1757. 1757.   30.   30.   30.   30.   30.   30.   30.   30.   30.   30.
   30.   30.   30. 1220. 1220. 1220. 1757. 1220. 1220. 1220. 1220. 1220.
 1220. 1757. 
 1757. 1220. 1220. 1757. 1757. 1757. 1757. 1757. 1757. 1757. 1757. 1757.
 1757. 1757. 1220.   30. 1220. 1220. 1220. 1220. 1220. 1757. 1757. 1757.
 1757. 1757. 
 1757. 1220.   30.   30.   30.   30.   30. 1220. 1757. 1757. 1757. 1757.
 1757. 1220.   30.   30.   30.   30.   30.   30.   30.   30.   30.   30.
   30.   30. 
 1220. 1757. 1757. 1757. 1757. 1757. 1757. 1757. 1757. 1757. 1757. 1757.
 1757. 1220. 1220. 1757. 1757. 1757. 1757. 1757. 1757. 1757. 1757. 1757.
 1757. 1220. 
 1220. 1220. 1220. 1757. 1757. 1757. 1757. 1757. 1757. 1757. 1757. 1757.
 1220. 1220.   30.   30.   30.   30. 1220. 1220. 1757. 1757. 1757. 1220.
 1220. 1220. 
   30.   30.   30.   30.   30.   30.   30.   30.   30.   30.   30. 1220.
 1220. 1757. 1757. 1757. 1757. 1757. 1757. 1757. 1757. 1757. 1757. 1757.
 1757. 1220. 
 1220. 1757. 1757. 1757. 1757. 1220. 1220. 1220. 1220. 1220. 1220.   30.
 1220. 1757. 1757. 1757. 1757. 1757. 1757. 1757. 1757. 1757. 1220. 1220.
 1220.   30. 
   30.   30.   30.   30. 1220. 1220. 1757. 1757. 1220. 1220.   30.   30.
   30.   30.   30.   30. 1220. 1220. 1220. 1220.   30.   30.   30. 1220.
 1757. 1757. 
 1757. 1220. 1220. 1220. 1220. 1220. 1757. 1757. 1757. 1757. 1220. 1220.
 1757. 1757. 1220. 1220. 1220. 1220. 1220.   30.   30.   30.   30. 1220.
 1220. 1757. 
 1757. 1757. 1757. 1220. 1220. 1220. 1220. 1220. 1220.   30.   30.   30.
   30.   30.   30.   30. 1220. 1757. 1757. 1757. 1220. 1220.   30.   30.
   30.   30. 
 1220. 1220. 1220. 1220. 1220. 1220. 1220. 1220. 1220. 1220. 1757. 1757.
 1757. 1220. 1220. 1220. 1220. 1220. 1220. 1220. 1220. 1220. 1220. 1220.
 1757. 1757. 
 1220.   30.   30.   30.   30.   30.   30.   30.   30. 1220. 1757. 1757.
 1757. 1220. 1220. 1220. 1220.   30.   30.   30.   30.   30.   30.   30.
   30.   30. 
   30.   30. 1220. 1757. 1757. 1757. 1220. 1220.   30.   30.   30.   30.
 1220. 1220. 1757. 1757. 1757. 1757. 1757. 1220. 1220. 1220. 1757. 1757.
 1757. 1220. 
 1220. 1220. 1220. 1757. 1757. 1757. 1220. 1220. 1220. 1220. 1757. 1757.
 1220. 1220.   30.   30.   30.   30.   30.   30.   30. 1220. 1757. 1757.
 1757. 1757. 
 1220.   30.   30.   30.   30.   30.   30.   30.   30.   30.   30.   30.
   30.   30. 1220. 1757. 1757. 1757. 1220. 1220.   30.   30.   30. 1220.
 1220. 1757. 
 1757. 1757. 1757. 1757. 1757. 1757. 1757. 1220. 1220. 1757. 1757. 1757.
 1220. 1220. 1220. 1220. 1757. 1757. 1757. 1220. 1220. 1220. 1757. 1757.
 1757. 1220. 
   30.   30.   30.   30.   30.   30.   30.   30. 1220. 1757. 1757. 1757.
 1757. 1220.   30.   30.   30.   30.   30.   30.   30.   30.   30.   30.
   30.   30. 
 1220. 1220. 1757. 1757. 1757. 1220.   30.   30.   30. 1220. 1220. 1757.
 1757. 1757. 1757. 1757. 1757. 1757. 1757. 1757. 1220. 1220. 1757. 1757.
 1757. 1220. 
 1220. 1220. 1757. 1757. 1757. 1220. 1220. 1220. 1757. 1757. 1757. 1220.
   30.   30.   30.   30.   30.   30.   30.   30. 1220. 1220. 1757. 1757.
 1757. 1757. 
 1220.   30.   30.   30.   30.   30.   30.   30.   30.   30.   30.   30.
 1220. 1220. 1757. 1757. 1757. 1220.   30.   30.   30. 1220. 1757. 1757.
 1757. 1220. 
 1220. 1220. 1220. 1220. 1220. 1220. 1220. 1220. 1757. 1757. 1757. 1757.
 1220. 1220. 1220. 1220. 1220. 1220. 1220. 1220. 1757. 1757. 1757. 1220.
 1220.   30. 
   30.   30.   30.   30.   30.   30.   30. 1220. 1220. 1757. 1757. 1757.
 1757. 1220.   30.   30.   30.   30.   30.   30.   30.   30.   30.   30.
   30. 1220. 
 1757. 1757. 1757. 1220.   30.   30.   30. 1220. 1220. 1757. 1757. 1220.
 1220.   30. 1220. 1220. 1220. 1220. 1220. 1220. 1220. 1757. 1757. 1757.
 1757. 1220. 
 1757. 1757. 1220. 1220. 1220.   30. 1220. 1757. 1757. 1757. 1220.   30.
   30.   30.   30.   30.   30.   30.   30.   30. 1220. 1220. 1757. 1757.
 1757. 1757. 
 1220.   30.   30.   30.   30.   30.   30.   30.   30.   30.   30. 1220.
 1220. 1757. 1757. 1220.   30.   30.   30. 1220. 1220. 1757. 1757. 1757.
 1220.   30. 
   30.   30. 1220. 1220. 1220. 1220. 1220. 1757. 1757. 1757. 1757. 1220.
 1757. 1757. 1757. 1757. 1220. 1220. 1220. 1757. 1757. 1757. 1220.   30.
   30.   30. 
   30.   30.   30.   30.   30.   30.   30. 1220. 1220. 1757. 1757. 1757.
 1757. 1220.   30.   30.   30.   30.   30.   30. 1220. 1220. 1220. 1220.
 1757. 1757. 
 1757. 1220.   30.   30.   30. 1220. 1220. 1757. 1757. 1220. 1220.   30.
   30.   30. 1220. 1220. 1220. 1220. 1220. 1757. 1757. 1757. 1757. 1220.
 1757. 1757. 
 1757. 1757. 1757. 1220. 1220. 1757. 1757. 1757. 1220.   30.   30.   30.
   30.   30.   30.   30.   30.   30.   30. 1220. 1220. 1220. 1757. 1757.
 1757. 1220. 
   30.   30.   30. 1220. 1220. 1220. 1220. 1757. 1757. 1757. 1757. 1757.
 1220. 1220.   30.   30.   30. 1220. 1220. 1757. 1757. 1757. 1220.   30.
   30. 1220. 
 1220. 1220. 1220. 1220. 1757. 1757. 1757. 1757. 1220. 1220. 1220. 1757.
 1757. 1757. 1757. 1757. 1757. 1757. 1757. 1757. 1220.   30.   30.   30.
   30.   30. 
   30.   30. 1220. 1220. 1220. 1757. 1757. 1757. 1757. 1757. 1757. 1220.
   30.   30. 1220. 1220. 1757. 1757. 1757. 1757. 1757. 1757. 1757. 1220.
 1220.   30. 
   30.   30. 1220. 1220. 1220. 1757. 1757. 1220. 1220.   30. 1220. 1220.
 1220. 1757. 1757. 1757. 1757. 1757. 1757. 1757. 1220. 1220. 1220. 1220.
 1220. 1757. 
 1757. 1757. 1757. 1757. 1757. 1220. 1220.   30.   30.   30.   30.   30.
 1220. 1220. 1220. 1757. 1757. 1757. 1757. 1757. 1757. 1757. 1220. 1220.
   30. 1220. 
 1757. 1757. 1757. 1757. 1757. 1757. 1757. 1757. 1220. 1220.   30.   30.
   30.   30. 1757. 1757. 1220. 1757. 1757. 1220. 1220. 1220. 1220. 1757.
 1757. 1757. 
 1757. 1757. 1757. 1757. 1220. 1220. 1220.   30.   30.   30. 1220. 1220.
 1220. 1220. 1757. 1220. 1220. 1220.   30.   30.   30.   30.   30. 1220.
 1220. 1757. 
 1757. 1757. 1757. 1757. 1757. 1757. 1220. 1220. 1220.   30. 1220. 1757.
 1757. 1757. 1757. 1757. 1757. 1220. 1220. 1220. 1220.   30.   30.   30.
   30.   30. 
 1757. 1757. 1757. 1757. 1757. 1220. 1220. 1220. 1757. 1757. 1757. 1757.
 1757. 1220. 1220. 1220. 1220. 1757. 1220. 1220.   30.   30.   30.   30.
 1220. 1220. 
 1220. 1220. 1220.   30.   30.   30.   30.   30.   30. 1220. 1757. 1757.
 1757. 1757. 1757. 1757. 1220. 1220. 1220.   30.   30. 1220. 1220. 1757.
 1757. 1757. 
 1220. 1220. 1220. 1220.   30.   30.   30.   30.   30.   30.   30.   30.
 1757. 1757. 1757. 1757. 1220. 1220.   30. 1220. 1757. 1757. 1757. 1220.
 1220. 1220. 
 1220. 1220. 1757. 1757. 1757. 1220.   30.   30.   30.   30.   30.   30.
   30.   30.   30.   30.   30.   30.   30.   30.   30. 1220. 1757. 1757.
 1757. 1220. 
 1220. 1220.   30.   30.   30.   30.   30. 1220. 1757. 1757. 1757. 1220.
 1220.   30.   30.   30.   30.   30.   30.   30.   30.   30.   30.   30.
 1757. 1220. 
 1220. 1220. 1220. 1220.   30. 1220. 1757. 1757. 1757. 1220. 1220. 1220.
 1220. 1220. 1757. 1757. 1757. 1220. 1220.   30.   30.   30.   30.   30.
   30.   30. 
   30.   30.   30.   30.   30.   30.   30. 1220. 1757. 1757. 1757. 1220.
   30.   30.   30.   30.   30.   30.   30. 1220. 1757. 1757. 1757. 1220.
   30.   30. 
   30.   30.   30.   30.   30.   30.   30.   30.   30.   30. 1220. 1220.
 1220. 1220. 1220. 1220. 1220. 1220. 1220. 1757. 1757. 1757. 1220. 1220.
 1220. 1220. 
 1757. 1757. 1757. 1220. 1220.   30.   30.   30.   30.   30.   30.   30.
   30.   30.   30.   30.   30.   30.   30. 1220. 1757. 1757. 1757. 1220.
   30.   30. 
   30.   30.   30.   30. 1220. 1220. 1757. 1757. 1220. 1220.   30.   30.
   30.   30.   30.   30.   30.   30.   30.   30.   30.   30. 1220. 1220.
 1220. 1220. 
 1220. 1220. 1220. 1220. 1220. 1757. 1757. 1757. 1757. 1220. 1220. 1220.
 1220. 1757. 1757. 1757. 1220.   30.   30.   30.   30.   30.   30.   30.
   30.   30. 
   30.   30.   30.   30.   30.   30. 1220. 1757. 1757. 1220.   30.   30.
   30.   30.   30.   30. 1220. 1220. 1757. 1757. 1220. 1220.   30.   30.
   30.   30. 
   30.   30.   30.   30.   30.   30.   30.   30. 1757. 1757. 1757. 1757.
 1757. 1757. 1220. 1220. 1220. 1220. 1757. 1757. 1757. 1757. 1220. 1220.
 1220. 1757. 
 1757. 1757. 1220.   30.   30.   30.   30.   30.   30.   30.   30.   30.
   30.   30.   30.   30.   30.   30. 1220. 1757. 1757. 1757. 1220.   30.
   30.   30. 
   30.   30. 1220. 1220. 1757. 1757. 1220. 1220.   30.   30.   30.   30.
   30.   30.   30.   30.   30.   30.   30.   30. 1757. 1757. 1757. 1757.
 1757. 1757. 
 1757. 1757. 1757. 1220. 1220. 1757. 1757. 1757. 1220. 1220. 1757. 1757.
 1757. 1757. 1220. 1220.   30.   30.   30.   30.   30.   30.   30.   30.
   30.   30. 
   30.   30.   30.   30. 1220. 1220. 1757. 1757. 1220.   30.   30.   30.
   30.   30. 1220. 1220. 1757. 1757. 1757. 1220.   30.   30.   30.   30.
   30.   30. 
   30.   30.   30.   30.   30.   30. 1757. 1757. 1757. 1757. 1757. 1757.
 1757. 1220. 1220. 1220. 1220. 1220. 1757. 1757. 1757. 1220. 1757. 1757.
 1757. 1220. 
 1220.   30.   30.   30.   30.   30.   30.   30.   30.   30.   30.   30.
   30.   30.   30.   30.   30. 1220. 1757. 1757. 1757. 1220.   30.   30.
   30.   30. 
   30. 1220. 1757. 1757. 1757. 1220.   30.   30.   30.   30.   30.   30.
   30.   30.   30.   30.   30.   30. 1757. 1220. 1220. 1220. 1220. 1220.
 1220. 1220. 
 1757. 1757. 1757. 1220. 1757. 1757. 1757. 1220. 1757. 1757. 1220. 1220.
   30.   30.   30.   30.   30.   30.   30.   30.   30.   30.   30.   30.
   30.   30. 
   30.   30.   30. 1220. 1757. 1757. 1757. 1220.   30.   30.   30.   30.
   30. 1220. 1757. 1757. 1757. 1220. 1220.   30.   30.   30.   30.   30.
   30.   30. 
   30.   30.   30.   30. 1757. 1757. 1220. 1220. 1220. 1220. 1220. 1220.
 1220. 1220. 1220. 1220. 1757. 1757. 1757. 1220. 1220. 1220. 1220.   30.
   30.   30. 
   30.   30.   30.   30.   30.   30.   30.   30.   30.   30.   30.   30.
   30.   30.   30.   30. 1220. 1757. 1757. 1220.   30.   30.   30.   30.
   30. 1220. 
 1220. 1757. 1757. 1757. 1220.   30.   30.   30.   30.   30.   30.   30.
   30.   30.   30.   30. 1757. 1757. 1220. 1220. 1220. 1220. 1220. 1220.
 1757. 1757. 
 1757. 1757. 1757. 1757. 1220. 1220. 1220.   30.   30.   30.   30.   30.
   30.   30.   30.   30.   30.   30.   30.   30.   30.   30.   30.   30.
   30.   30. 
   30.   30. 1220. 1757. 1757. 1220.   30.   30.   30.   30.   30.   30.
 1220. 1757. 1757. 1757. 1220. 1220.   30.   30.   30.   30.   30.   30.
   30.   30. 
   30.   30. 1757. 1757. 1220. 1220. 1757. 1757. 1757. 1757. 1757. 1757.
 1757. 1757. 1757. 1757. 1220.   30.   30.   30.   30.   30.   30.   30.
   30.   30. 
   30.   30.   30.   30.   30.   30.   30.   30.   30.   30.   30.   30.
   30. 1220. 1757. 1757. 1757. 1220.   30.   30. 1220. 1220. 1220. 1220.
 1220. 1757. 
 1757. 1757. 1220. 1220.   30.   30.   30.   30.   30.   30.   30.   30.
   30.   30. 
/