PERMI
 30. 30. 30. 30. 30. 30. 30. 30. 30. 30. 30. 30. 30. 30. 30. 30. 30. 30.
 30. 30. 30. 30. 30. 30. 30. 30. 
 30. 30. 30. 30. 30. 30. 30. 30. 30. 30. 30. 30. 30. 30. 30. 30. 30. 30.
 30. 30. 30. 30. 30. 30. 30. 30. 
 30. 30. 30. 30. 30. 30. 30. 30. 30. 30. 30. 30. 30. 30. 30. 30. 30. 30.
 30. 30. 30. 30. 30. 30. 30. 30. 
 30. 30. 30. 30. 30. 30. 30. 30. 30. 30. 30. 30. 30. 30. 30. 30. 30. 30.
 30. 30. 30. 30. 30. 30. 30. 30. 
 30. 30. 30. 30. 30. 30. 30. 30. 30. 30. 30. 30. 30. 30. 30. 30. 30. 30.
 30. 30. 30. 30. 30. 30. 30. 30. 
 30. 30. 30. 30. 30. 30. 30. 30. 30. 30. 30. 30. 30. 30. 30. 30. 30. 30.
 30. 30. 30. 30. 30. 30. 30. 30. 
 30. 30. 30. 30. 30. 30. 30. 30. 30. 30. 30. 30. 30. 30. 30. 30. 30. 30.
 30. 30. 30. 30. 30. 30. 30. 30. 
   30.   30.   30.   30.   30. 2755. 2755.   30.   30.   30. 2755.   30.
   30.   30.   30.   30.   30.   30.   30.   30.   30.   30.   30.   30.
   30.   30. 
 30. 30. 30. 30. 30. 30. 30. 30. 30. 30. 30. 30. 30. 30. 30. 30. 30. 30.
 30. 30. 30. 30. 30. 30. 30. 30. 
   30.   30.   30.   30.   30.   30.   30.   30.   30.   30.   30.   30.
   30.   30. 2755. 2755. 2755. 2755. 2755. 2755. 2755.   30. 2755. 2755.
 2755. 2755. 
 30. 30. 30. 30. 30. 30. 30. 30. 30. 30. 30. 30. 30. 30. 30. 30. 30. 30.
 30. 30. 30. 30. 30. 30. 30. 30. 
   30.   30.   30.   30.   30.   30.   30.   30.   30.   30.   30.   30.
   30.   30.   30.   30.   30.   30.   30.   30.   30.   30.   30.   30.
 2755. 2755. 
 2755. 2755. 3814. 3814. 3814. 2755. 2755. 2755. 3814. 3814. 2755. 2755.
 2755.   30.   30.   30.   30.   30. 2755. 2755. 2755. 2755.   30.   30.
   30.   30. 
 30. 30. 30. 30. 30. 30. 30. 30. 30. 30. 30. 30. 30. 30. 30. 30. 30. 30.
 30. 30. 30. 30. 30. 30. 30. 30. 
   30.   30.   30.   30.   30.   30.   30.   30.   30. 2755. 2755. 2755.
 2755. 3814. 3814. 3814. 3814. 3814. 2755. 2755. 3814. 3814. 3814. 2755.
 2755. 2755. 
 2755. 2755. 2755. 2755. 2755. 2755. 2755. 2755. 2755. 2755.   30.   30.
   30.   30.   30.   30.   30.   30.   30.   30.   30.   30.   30.   30.
   30.   30. 
   30.   30.   30.   30.   30.   30.   30.   30.   30.   30.   30.   30.
   30.   30.   30.   30.   30. 2755.   30.   30.   30. 2755. 2755. 3814.
 3814. 3814. 
 3814. 3814. 3814. 3814. 3814. 2755. 3814. 3814. 3814. 3814. 2755. 2755.
 2755. 2755. 2755. 2755. 2755. 3814. 3814. 2755. 2755. 2755. 2755.   30.
   30.   30. 
   30.   30.   30.   30.   30.   30.   30.   30.   30.   30.   30.   30.
   30.   30.   30.   30.   30.   30.   30.   30.   30.   30.   30.   30.
   30. 2755. 
 2755. 2755. 2755. 2755. 2755. 2755. 2755. 2755. 3814. 3814. 3814. 3814.
 3814. 2755. 3814. 3814. 3814. 3814. 3814. 3814. 3814. 3814. 3814. 3814.
 2755. 2755. 
 3814. 3814. 3814. 3814. 3814. 3814. 3814. 2755. 2755. 2755.   30.   30.
   30. 2755. 2755. 2755. 2755. 2755. 2755.   30.   30.   30.   30.   30.
   30.   30. 
   30.   30.   30.   30.   30.   30.   30.   30.   30. 2755. 2755. 2755.
 2755. 3814. 3814. 3814. 3814. 2755. 3814. 3814. 3814. 3814. 3814. 3814.
 2755. 2755. 
 2755. 3814. 3814. 3814. 2755. 2755. 3814. 3814. 3814. 3814. 3814. 3814.
 3814. 3814. 3814. 3814. 3814. 3814. 3814. 3814. 2755. 2755. 2755.   30.
 2755. 2755. 
 2755. 2755. 2755. 2755. 2755. 2755. 2755.   30.   30.   30. 2755. 2755.
 2755. 2755. 2755. 2755.   30.   30.   30.   30. 2755. 2755. 2755. 3814.
 3814. 3814. 
 3814. 3814. 3814. 3814. 3814. 3814. 3814. 3814. 3814. 2755. 2755. 2755.
 2755. 2755. 3814. 3814. 2755. 2755. 2755. 2755. 3814. 3814. 3814. 3814.
 3814. 3814. 
 3814. 2755. 2755. 3814. 3814. 3814. 3814. 2755. 2755. 2755. 2755. 2755.
 3814. 3814. 3814. 3814. 2755. 2755. 2755. 2755. 2755. 2755. 2755. 2755.
 3814. 2755. 
 2755. 2755. 2755.   30.   30. 2755. 2755. 2755. 3814. 3814. 3814. 3814.
 3814. 3814. 3814. 3814. 3814. 3814. 3814. 3814. 2755. 2755. 2755.   30.
 2755. 2755. 
 2755. 3814.   30. 2755. 2755. 2755. 2755. 2755. 3814. 2755. 2755. 2755.
 2755. 2755. 2755. 2755. 3814. 3814. 3814. 3814. 2755. 2755. 3814. 3814.
 3814. 3814. 
 3814. 3814. 3814. 3814. 2755. 2755. 2755. 2755. 2755. 3814. 3814. 3814.
 3814. 3814. 2755. 2755. 2755. 2755. 2755. 3814. 3814. 3814. 3814. 2755.
 2755. 2755. 
 2755. 2755. 3814. 3814. 2755. 2755. 2755. 2755.   30.   30.   30. 2755.
 2755. 2755.   30.   30.   30. 2755. 2755. 2755. 2755. 2755. 2755. 2755.
 2755. 2755. 
 2755. 2755. 2755. 3814. 3814. 3814. 3814. 3814. 3814. 3814. 3814. 3814.
 3814. 3814. 3814. 3814. 3814. 2755. 2755. 3814. 3814. 3814. 3814. 3814.
 3814. 3814. 
 3814. 2755. 2755. 2755. 3814. 3814. 3814. 3814. 2755. 2755. 2755. 2755.
 2755. 2755. 2755. 2755. 2755. 2755. 2755.   30.   30.   30.   30.   30.
   30. 2755. 
   30.   30.   30.   30.   30.   30. 2755.   30.   30.   30.   30.   30.
   30. 2755. 2755. 3814. 3814. 3814. 3814. 3814. 3814. 3814. 3814. 3814.
 2755. 3814. 
 3814. 3814. 3814. 3814. 3814. 3814. 3814. 3814. 3814. 3814. 3814. 3814.
 3814. 2755. 2755. 3814. 3814. 3814. 3814. 2755. 2755. 2755.   30.   30.
   30.   30. 
   30.   30.   30.   30.   30.   30.   30.   30.   30.   30.   30.   30.
   30.   30.   30.   30.   30.   30.   30.   30.   30.   30.   30.   30.
   30. 2755. 
 2755. 2755. 3814. 3814. 3814. 3814. 3814. 3814. 2755. 2755. 2755. 2755.
 3814. 3814. 3814. 3814. 3814. 3814. 3814. 2755. 2755. 2755. 3814. 3814.
 3814. 3814. 
 3814. 3814. 3814. 3814. 2755. 2755. 2755.   30.   30.   30.   30.   30.
   30.   30.   30.   30.   30.   30.   30.   30.   30.   30.   30.   30.
   30.   30. 
   30.   30.   30.   30.   30.   30.   30.   30.   30.   30.   30.   30.
 2755. 2755. 2755. 2755. 3814. 3814. 2755. 2755. 2755. 2755. 2755. 2755.
 2755. 3814. 
 3814. 3814. 3814. 3814. 2755. 2755. 2755. 2755. 2755. 3814. 3814. 3814.
 3814. 3814. 3814. 3814. 2755. 2755.   30.   30.   30.   30.   30.   30.
   30.   30. 
   30.   30.   30.   30.   30.   30.   30.   30.   30.   30.   30.   30.
   30.   30.   30.   30.   30.   30.   30.   30.   30.   30.   30.   30.
   30. 2755. 
 2755. 2755. 2755. 2755. 2755. 2755. 2755.   30.   30. 2755. 2755. 2755.
 2755. 2755. 2755. 2755. 2755. 2755.   30.   30. 2755. 2755. 3814. 3814.
 3814. 3814. 
 2755. 2755. 2755.   30.   30.   30.   30.   30.   30.   30.   30.   30.
   30.   30.   30.   30.   30.   30.   30.   30.   30.   30.   30.   30.
   30.   30. 
   30.   30.   30.   30.   30.   30.   30.   30.   30.   30.   30.   30.
   30.   30.   30. 2755.   30.   30.   30.   30.   30.   30.   30.   30.
 2755. 2755. 
 2755. 2755.   30.   30.   30.   30.   30. 2755. 2755. 2755. 2755. 2755.
 2755. 2755.   30.   30.   30.   30.   30.   30.   30.   30.   30.   30.
   30.   30. 
 2755.   30.   30.   30.   30.   30.   30.   30.   30.   30.   30.   30.
   30.   30.   30.   30.   30.   30.   30.   30.   30.   30.   30.   30.
   30.   30. 
   30.   30.   30.   30.   30.   30.   30.   30.   30.   30.   30.   30.
   30.   30.   30.   30.   30.   30.   30.   30. 2755. 2755. 2755. 2755.
   30.   30. 
   30.   30.   30.   30.   30.   30.   30.   30.   30.   30. 2755. 2755.
 3814. 2755. 2755. 2755.   30.   30.   30.   30.   30.   30.   30.   30.
   30.   30. 
 30. 30. 30. 30. 30. 30. 30. 30. 30. 30. 30. 30. 30. 30. 30. 30. 30. 30.
 30. 30. 30. 30. 30. 30. 30. 30. 
   30.   30.   30.   30.   30.   30.   30.   30.   30.   30.   30.   30.
   30.   30.   30.   30.   30.   30.   30.   30. 2755. 2755. 3814. 3814.
 3814. 3814. 
 3814. 2755. 2755. 2755. 2755.   30.   30.   30.   30.   30.   30.   30.
   30.   30.   30.   30.   30.   30.   30.   30.   30.   30.   30.   30.
   30.   30. 
   30.   30.   30.   30.   30.   30.   30.   30.   30.   30.   30.   30.
   30.   30.   30.   30.   30.   30.   30.   30. 2755. 2755. 2755.   30.
   30.   30. 
   30.   30.   30.   30.   30. 2755. 2755. 3814. 3814. 3814. 3814. 3814.
 3814. 3814. 3814. 3814. 3814. 2755.   30.   30.   30.   30.   30.   30.
   30.   30. 
 30. 30. 30. 30. 30. 30. 30. 30. 30. 30. 30. 30. 30. 30. 30. 30. 30. 30.
 30. 30. 30. 30. 30. 30. 30. 30. 
   30.   30.   30.   30.   30. 2755. 2755. 3814. 2755. 2755. 2755.   30.
   30.   30.   30.   30.   30. 2755. 3814. 3814. 3814. 3814. 2755. 3814.
 3814. 3814. 
 3814. 3814. 3814. 3814.   30.   30.   30.   30.   30.   30.   30.   30.
   30.   30.   30.   30.   30.   30.   30.   30.   30.   30.   30.   30.
   30.   30. 
   30.   30.   30.   30.   30.   30.   30.   30.   30.   30.   30.   30.
   30.   30.   30.   30. 2755. 2755. 3814. 3814. 3814. 3814. 2755. 2755.
 2755. 2755. 
   30. 2755. 2755. 3814. 3814. 3814. 3814. 2755. 2755. 2755. 2755. 3814.
 3814. 3814. 3814. 3814.   30.   30.   30.   30.   30.   30.   30.   30.
   30.   30. 
 30. 30. 30. 30. 30. 30. 30. 30. 30. 30. 30. 30. 30. 30. 30. 30. 30. 30.
 30. 30. 30. 30. 30. 30. 30. 30. 
   30. 2755. 3814. 3814. 3814. 3814. 3814. 3814. 3814. 3814. 3814. 2755.
 2755. 2755. 3814. 3814. 3814. 3814. 2755. 2755.   30.   30.   30. 2755.
 2755. 2755. 
 2755. 2755.   30.   30.   30.   30.   30.   30.   30.   30.   30.   30.
   30.   30.   30.   30.   30.   30.   30.   30.   30.   30.   30.   30.
   30.   30. 
   30.   30.   30.   30.   30.   30.   30.   30.   30.   30.   30.   30.
 2755. 2755. 3814. 3814. 3814. 3814. 3814. 3814. 3814. 3814. 3814. 3814.
 3814. 3814. 
 3814. 3814. 3814. 2755.   30.   30.   30.   30.   30.   30.   30.   30.
   30.   30.   30.   30.   30.   30.   30.   30.   30.   30.   30.   30.
   30.   30. 
   30.   30.   30.   30.   30.   30.   30.   30.   30.   30.   30.   30.
   30.   30.   30.   30.   30.   30.   30.   30.   30.   30.   30.   30.
 2755. 3814. 
 3814. 3814. 3814. 2755. 2755. 2755. 3814. 3814. 3814. 3814. 3814. 3814.
 3814. 3814. 2755. 2755.   30.   30.   30.   30.   30.   30.   30.   30.
   30.   30. 
 30. 30. 30. 30. 30. 30. 30. 30. 30. 30. 30. 30. 30. 30. 30. 30. 30. 30.
 30. 30. 30. 30. 30. 30. 30. 30. 
   30.   30. 2755. 2755. 2755. 2755. 2755. 2755. 2755. 2755. 3814. 3814.
 3814. 3814. 2755. 2755.   30. 2755. 2755. 2755. 3814. 3814. 3814. 3814.
 3814. 2755. 
 2755.   30.   30.   30.   30.   30. 2755. 2755. 2755. 2755. 2755.   30.
   30.   30.   30.   30.   30.   30.   30.   30.   30.   30.   30.   30.
   30.   30. 
   30.   30.   30.   30.   30.   30.   30.   30.   30.   30.   30.   30.
   30. 2755. 2755. 3814. 3814. 3814. 3814. 3814. 3814. 3814. 3814. 3814.
 3814. 3814. 
 2755.   30.   30.   30.   30. 2755. 2755. 2755. 2755. 2755. 2755. 2755.
   30.   30.   30.   30. 2755. 2755. 2755. 2755. 2755. 2755. 2755. 2755.
   30.   30. 
   30.   30.   30.   30.   30.   30.   30.   30.   30.   30.   30.   30.
   30.   30.   30.   30.   30.   30.   30.   30.   30.   30.   30.   30.
 2755. 2755. 
 3814. 3814. 3814. 3814. 3814. 3814. 3814. 3814. 3814. 3814. 3814. 2755.
 2755.   30.   30.   30.   30.   30.   30.   30. 2755.   30.   30.   30.
   30.   30. 
   30. 2755. 2755. 2755. 3814. 3814. 3814. 3814. 3814. 2755.   30.   30.
   30.   30.   30.   30.   30.   30.   30.   30.   30.   30. 2755.   30.
   30. 2755. 
 2755. 2755.   30.   30.   30.   30.   30.   30.   30.   30. 2755. 3814.
 3814. 3814. 3814. 3814. 3814. 3814. 3814. 3814. 3814. 3814. 3814. 2755.
   30.   30. 
   30.   30.   30. 2755. 2755. 2755. 2755. 2755. 2755. 2755. 2755. 2755.
 2755. 2755. 2755. 3814. 3814. 3814. 3814. 3814. 3814. 3814. 2755.   30.
   30. 2755. 
 2755. 2755. 2755. 2755.   30.   30. 2755. 2755. 2755. 2755. 2755. 3814.
 2755. 2755. 2755. 2755.   30.   30.   30.   30.   30. 2755. 3814. 3814.
 3814. 3814. 
 2755. 2755. 2755. 2755. 2755. 3814. 3814. 2755. 2755.   30.   30.   30.
   30. 2755. 2755. 2755. 2755. 2755. 3814. 3814. 3814. 3814. 2755. 2755.
 2755. 2755. 
 3814. 3814. 3814. 3814. 3814. 3814. 3814. 3814. 2755. 2755. 2755. 2755.
 3814. 3814. 3814. 2755. 2755. 2755. 2755. 3814. 2755. 2755. 3814. 3814.
 3814. 3814. 
 3814. 2755. 2755. 2755.   30.   30.   30. 2755. 3814. 3814. 3814. 3814.
 2755.   30.   30.   30.   30. 2755. 2755. 2755. 2755. 2755.   30.   30.
 2755. 2755. 
 2755. 2755. 2755. 3814. 3814. 3814. 3814. 3814. 3814. 3814. 3814. 3814.
 3814. 3814. 3814. 2755. 2755. 2755. 3814. 3814. 3814. 2755. 3814. 3814.
 3814. 3814. 
 3814. 3814. 2755. 2755. 2755. 2755. 2755. 3814. 3814. 3814. 3814. 3814.
 3814. 3814. 3814. 2755. 2755. 2755. 2755. 3814. 3814. 3814. 3814. 2755.
   30.   30. 
   30.   30. 2755. 2755. 2755. 2755. 2755. 2755. 2755. 2755. 2755. 2755.
 2755. 2755. 3814. 3814. 3814. 3814. 3814. 3814. 3814. 3814. 3814. 3814.
 3814. 3814. 
 3814. 2755. 2755. 2755. 2755. 3814. 3814. 2755. 3814. 3814. 3814. 3814.
 3814. 3814. 3814. 2755. 3814. 3814. 3814. 3814. 3814. 3814. 3814. 3814.
 3814. 3814. 
 3814. 3814. 3814. 3814. 3814. 3814. 3814. 3814. 2755. 2755.   30.   30.
 2755. 2755. 2755. 2755. 3814. 3814. 3814. 3814. 2755. 2755. 2755. 3814.
 2755. 2755. 
 3814. 3814. 3814. 2755. 2755. 3814. 3814. 3814. 3814. 3814. 3814. 3814.
 2755. 2755. 2755. 2755. 2755. 2755. 2755. 2755. 3814. 3814. 3814. 3814.
 3814. 3814. 
 3814. 3814. 3814. 3814. 3814. 3814. 3814. 3814. 2755. 2755. 2755. 3814.
 3814. 3814. 3814. 3814. 3814. 3814. 3814. 3814. 2755.   30.   30. 2755.
 2755. 2755. 
 2755. 3814. 3814. 3814. 3814. 3814. 3814. 2755. 2755. 2755. 2755. 3814.
 3814. 3814. 3814. 2755. 2755. 2755. 2755. 3814. 3814. 3814. 2755. 2755.
 2755. 2755. 
 2755. 3814. 3814. 2755. 3814. 3814. 3814. 3814. 3814. 2755. 2755. 3814.
 3814. 3814. 3814. 3814. 3814. 3814. 2755. 2755. 2755. 2755. 2755. 2755.
 3814. 3814. 
 3814. 3814. 3814. 3814. 2755. 2755.   30.   30. 2755. 2755. 2755. 3814.
 3814. 3814. 3814. 3814. 3814. 3814. 3814. 3814. 3814. 3814. 3814. 3814.
 3814. 3814. 
 3814. 2755. 3814. 2755. 2755. 2755. 2755. 2755. 2755. 2755.   30. 2755.
 2755. 2755. 3814. 3814. 3814. 3814. 3814. 3814. 2755. 2755. 2755. 2755.
 3814. 3814. 
 3814. 3814. 3814. 2755. 2755. 3814. 3814. 2755. 2755. 2755. 2755. 2755.
 2755. 2755. 2755. 2755. 2755. 2755. 2755. 2755. 2755. 2755. 3814. 3814.
 3814. 3814. 
 3814. 3814. 3814. 3814. 3814. 3814. 3814. 3814. 3814. 3814. 3814. 3814.
 2755. 2755. 2755. 3814. 3814. 2755. 2755. 2755. 2755.   30.   30.   30.
 2755. 2755. 
 2755. 3814. 3814. 3814. 3814. 2755. 2755. 3814. 3814. 2755. 2755. 2755.
 2755. 2755. 2755. 2755. 3814. 3814. 3814. 3814. 3814. 3814. 3814. 2755.
 2755. 2755. 
 2755. 2755. 2755. 2755. 2755. 2755. 2755. 3814. 3814. 3814. 3814. 2755.
 2755. 2755. 2755. 2755. 2755. 3814. 3814. 3814. 3814. 3814. 3814. 2755.
 2755. 2755. 
 2755. 2755. 2755. 2755. 2755. 2755.   30.   30.   30.   30.   30. 2755.
 2755. 2755. 2755. 2755. 2755. 3814. 3814. 3814. 3814. 3814. 3814. 2755.
 2755. 2755. 
 2755. 2755. 3814. 3814. 3814. 3814. 3814. 2755. 2755. 2755. 2755. 2755.
 2755. 2755. 2755. 2755. 2755. 2755. 3814. 3814. 3814. 3814. 2755. 2755.
 2755. 2755. 
 2755. 2755. 2755. 2755. 3814. 3814. 3814. 3814. 2755. 2755. 2755.   30.
   30.   30.   30.   30.   30.   30.   30.   30.   30.   30.   30.   30.
 2755. 2755. 
   30. 2755. 2755. 2755. 2755. 2755. 2755. 2755. 2755. 2755.   30.   30.
   30. 2755. 2755. 3814. 3814. 3814. 2755. 2755. 2755. 3814. 3814. 3814.
 3814. 3814. 
 3814. 3814. 3814. 3814. 3814. 3814. 3814. 2755. 2755. 2755. 2755. 2755.
 2755. 2755. 2755. 2755. 2755. 2755. 2755. 2755. 2755. 2755.   30.   30.
   30.   30. 
   30.   30.   30.   30.   30.   30.   30.   30.   30.   30.   30.   30.
   30.   30.   30. 2755. 2755. 2755. 2755. 2755. 2755.   30.   30.   30.
   30. 2755. 
 2755. 2755. 2755. 2755. 2755. 3814. 3814. 3814. 3814. 3814. 3814. 3814.
 3814. 3814. 3814. 3814. 3814. 3814. 2755. 2755. 2755. 2755.   30.   30.
 2755. 2755. 
 2755. 2755. 2755. 2755. 2755. 2755. 2755.   30.   30.   30.   30.   30.
   30.   30.   30.   30.   30.   30.   30.   30.   30.   30.   30.   30.
   30.   30. 
   30.   30.   30. 2755. 2755. 2755. 2755. 2755. 2755.   30.   30.   30.
 2755. 2755. 2755. 2755. 3814. 3814. 3814. 3814. 3814. 3814. 3814. 3814.
 3814. 3814. 
 3814. 3814. 2755. 2755. 2755. 2755. 2755.   30.   30.   30.   30.   30.
   30.   30.   30.   30.   30.   30.   30.   30.   30.   30.   30.   30.
   30.   30. 
   30.   30.   30.   30.   30.   30.   30.   30.   30.   30.   30.   30.
   30.   30. 2755. 2755. 2755. 2755. 2755. 2755. 2755. 2755. 2755.   30.
 2755. 2755. 
 2755. 3814. 3814. 3814. 3814. 3814. 2755. 2755. 2755. 2755. 2755. 2755.
 2755. 2755. 2755. 2755. 2755. 2755.   30.   30.   30.   30.   30.   30.
   30.   30. 
   30.   30.   30.   30.   30.   30.   30.   30.   30.   30.   30.   30.
   30.   30.   30.   30.   30.   30.   30.   30.   30.   30.   30.   30.
   30. 2755. 
 2755. 2755. 3814. 3814. 3814. 3814. 3814. 2755. 2755. 2755. 2755. 2755.
 3814. 3814. 3814. 3814. 3814. 2755. 2755. 2755. 2755. 2755. 2755. 2755.
 2755. 2755. 
 2755. 2755. 2755.   30.   30.   30.   30.   30.   30.   30.   30.   30.
   30.   30.   30.   30.   30.   30.   30.   30.   30.   30.   30.   30.
   30.   30. 
   30.   30.   30.   30.   30.   30.   30.   30. 2755. 2755. 2755. 2755.
 3814. 3814. 3814. 3814. 3814. 3814. 3814. 3814. 3814. 3814. 3814. 3814.
 3814. 3814. 
 3814. 3814. 2755. 2755. 2755.   30.   30.   30.   30.   30. 2755. 2755.
 2755.   30.   30.   30.   30.   30.   30.   30.   30.   30.   30.   30.
   30.   30. 
   30.   30.   30.   30. 2755. 2755.   30.   30.   30.   30.   30.   30.
   30.   30. 2755. 2755. 2755.   30.   30.   30. 2755. 2755. 2755. 2755.
 3814. 3814. 
 3814. 3814. 3814. 3814. 3814. 3814. 3814. 3814. 3814. 3814. 3814. 3814.
 3814. 2755. 2755. 2755.   30.   30.   30.   30.   30.   30.   30.   30.
   30.   30. 
   30.   30.   30.   30.   30.   30.   30.   30.   30.   30.   30.   30.
   30. 2755. 2755. 2755. 2755. 2755. 2755. 2755. 2755.   30.   30. 2755.
 2755. 2755. 
 2755. 2755. 2755. 2755. 2755.   30. 3814. 3814. 3814. 3814. 3814. 3814.
 3814. 2755. 2755. 3814. 3814. 3814. 3814. 3814. 3814. 3814. 3814. 3814.
 2755. 2755. 
 2755.   30.   30.   30. 2755. 2755. 2755. 2755. 2755.   30.   30.   30.
   30.   30.   30.   30.   30.   30.   30.   30.   30.   30.   30.   30.
 2755. 2755. 
 2755. 3814. 3814. 3814. 3814. 3814. 2755. 2755. 2755. 2755. 3814. 3814.
 3814. 3814. 3814. 3814. 2755. 2755. 2755. 2755. 2755. 2755. 2755. 2755.
 2755. 2755. 
 2755. 2755. 2755. 2755. 2755. 3814. 3814. 3814. 2755. 2755. 2755. 2755.
   30.   30. 2755. 2755. 2755. 2755. 2755. 2755. 2755. 2755. 2755.   30.
   30.   30. 
   30.   30.   30.   30.   30.   30.   30.   30.   30. 2755. 2755. 3814.
 3814. 3814. 3814. 3814. 3814. 3814. 3814. 3814. 3814. 3814. 3814. 3814.
 3814. 3814. 
 3814. 3814. 3814. 3814. 2755. 3814. 3814. 3814. 3814. 2755. 2755. 2755.
   30. 2755. 2755. 2755. 2755. 2755. 2755. 2755. 2755. 2755.   30.   30.
   30. 2755. 
 2755. 2755. 2755. 2755. 3814. 3814. 2755. 2755. 2755. 2755.   30.   30.
   30.   30.   30. 2755. 2755. 2755. 2755. 2755. 2755. 2755. 3814. 3814.
 3814. 3814. 
 3814. 3814. 3814. 3814. 3814. 3814. 3814. 3814. 3814. 3814. 3814. 3814.
 3814. 3814. 3814. 3814. 3814. 3814. 3814. 3814. 3814. 3814. 2755. 2755.
 2755. 2755. 
 2755. 2755. 2755. 2755. 2755. 2755. 2755.   30.   30.   30. 2755. 2755.
 2755. 3814. 3814. 3814. 3814. 3814. 3814. 2755. 2755. 2755.   30.   30.
 2755. 2755. 
 2755. 2755. 2755. 2755. 2755. 2755. 2755. 3814. 3814. 3814. 3814. 2755.
 3814. 3814. 3814. 3814. 3814. 3814. 3814. 3814. 3814. 2755. 2755. 2755.
 2755. 3814. 
 3814. 3814. 3814. 3814. 3814. 3814. 3814. 3814. 3814. 2755. 2755. 2755.
 3814. 3814. 3814. 3814. 3814. 3814. 2755. 2755.   30.   30. 2755. 2755.
 3814. 3814. 
 3814. 3814. 3814. 3814. 3814. 3814. 2755. 2755. 2755. 2755. 2755. 2755.
 2755. 2755. 3814. 3814. 3814. 2755. 2755. 3814. 3814. 3814. 2755. 2755.
 2755. 2755. 
 2755. 2755. 2755. 2755. 2755. 2755. 2755. 2755.   30.   30. 2755. 2755.
 3814. 3814. 3814. 2755. 2755. 2755. 3814. 3814. 3814. 3814. 3814. 3814.
 3814. 3814. 
 3814. 3814. 3814. 3814. 2755. 2755.   30.   30. 2755. 2755. 3814. 3814.
 3814. 3814. 2755. 3814. 3814. 3814. 3814. 2755. 2755. 2755. 2755. 2755.
 2755. 2755. 
 2755. 3814. 2755. 2755. 3814. 3814. 3814. 3814. 2755. 2755. 2755. 2755.
 2755. 2755. 2755. 2755. 2755. 2755.   30.   30.   30.   30. 2755. 2755.
 3814. 3814. 
 2755. 2755. 2755. 2755. 2755. 3814. 3814. 3814. 3814. 3814. 3814. 3814.
 3814. 3814. 3814. 3814. 3814. 2755. 2755. 2755. 2755. 2755. 2755. 2755.
 3814. 2755. 
 2755. 2755. 3814. 3814. 3814. 2755. 2755. 2755. 3814. 3814. 2755. 2755.
 2755. 2755. 2755. 3814. 3814. 3814. 3814. 3814. 2755. 2755. 2755. 2755.
 2755. 2755. 
 2755. 2755. 2755. 2755. 2755.   30.   30.   30. 2755. 2755. 2755. 3814.
 3814. 3814. 3814. 3814. 2755. 2755. 3814. 3814. 3814. 3814. 3814. 3814.
 2755. 3814. 
 3814. 3814. 3814. 2755. 2755. 2755. 2755. 2755. 3814. 2755. 2755. 2755.
 2755. 2755. 2755. 3814. 2755. 2755. 3814. 3814. 3814. 3814. 3814. 3814.
 3814. 3814. 
 3814. 3814. 3814. 3814. 3814. 2755. 2755. 2755. 2755. 3814. 3814. 3814.
 3814. 3814. 2755. 2755. 2755. 2755. 2755. 2755. 2755. 2755. 2755. 2755.
 3814. 3814. 
 3814. 3814. 2755. 2755. 2755. 2755. 2755. 2755. 2755. 2755. 2755. 2755.
 3814. 3814. 3814. 2755. 2755. 2755. 3814. 3814. 3814. 3814. 3814. 2755.
 2755. 2755. 
 2755. 2755. 2755. 3814. 3814. 3814. 3814. 3814. 3814. 3814. 3814. 3814.
 3814. 3814. 3814. 3814. 2755. 2755. 2755. 3814. 3814. 3814. 3814. 3814.
 3814. 3814. 
 3814. 2755. 2755. 2755. 2755. 2755. 2755. 3814. 3814. 3814. 3814. 3814.
 3814. 3814. 2755. 2755. 2755. 2755. 2755. 2755. 2755. 2755. 2755. 2755.
 3814. 3814. 
 3814. 3814. 3814. 3814. 3814. 3814. 3814. 3814. 3814. 3814. 3814. 2755.
 2755. 2755. 3814. 3814. 3814. 3814. 3814. 3814. 3814. 3814. 3814. 3814.
 3814. 3814. 
 3814. 3814. 2755. 3814. 3814. 3814. 3814. 3814. 3814. 3814. 3814. 3814.
 3814. 3814. 3814. 3814. 2755. 3814. 3814. 3814. 3814. 3814. 3814. 3814.
 2755. 2755. 
 2755. 2755. 2755. 3814. 3814. 3814. 2755. 2755. 3814. 2755. 2755. 3814.
 3814. 3814. 3814. 3814. 3814. 3814. 3814. 3814. 3814. 3814. 3814. 3814.
 3814. 3814. 
 3814. 3814. 3814. 2755. 2755. 2755. 2755. 2755. 2755. 2755. 3814. 3814.
 2755. 2755. 2755. 3814. 3814. 3814. 3814. 3814. 3814. 3814. 3814. 3814.
 3814. 3814. 
 3814. 3814. 3814. 3814. 3814. 3814. 2755. 2755. 2755. 2755. 2755. 2755.
 2755. 2755. 2755. 3814. 3814. 3814. 3814. 3814. 3814. 3814. 2755. 3814.
 3814. 3814. 
 3814. 3814. 2755. 2755. 2755. 2755. 3814. 3814. 3814. 3814. 3814. 3814.
 3814. 3814. 2755. 2755. 2755.   30.   30.   30. 2755. 2755. 2755. 2755.
 2755. 2755. 
 3814. 3814. 3814. 3814. 3814. 2755. 2755. 2755. 2755. 2755. 2755. 3814.
 3814. 3814. 3814. 3814. 3814. 2755. 2755. 2755. 2755. 2755. 2755. 2755.
 2755. 2755. 
 2755. 2755. 3814. 3814. 3814. 3814. 3814. 3814. 2755. 2755. 3814. 3814.
 3814. 2755. 2755. 3814. 2755. 2755. 2755. 2755. 3814. 3814. 3814. 3814.
 2755. 2755. 
 2755. 2755.   30.   30.   30.   30.   30.   30.   30.   30. 2755. 2755.
 2755. 2755. 2755. 2755. 2755. 2755. 2755. 2755. 2755. 2755. 2755. 2755.
 2755. 2755. 
 2755. 2755. 2755. 2755. 2755.   30. 2755. 2755. 3814. 3814. 3814. 3814.
 3814. 2755. 2755. 3814. 3814. 3814. 3814. 2755. 2755. 2755. 2755. 2755.
 2755. 2755. 
 3814. 3814. 3814. 3814. 3814. 2755. 2755. 2755. 2755. 2755. 2755. 3814.
 3814. 2755. 2755.   30.   30.   30.   30.   30.   30.   30.   30. 2755.
 2755. 2755. 
 2755. 2755. 2755. 2755.   30.   30.   30. 2755. 2755. 2755. 2755. 2755.
 2755. 2755. 2755. 2755.   30.   30. 2755. 3814. 3814. 3814. 3814. 3814.
 3814. 3814. 
 2755. 2755. 2755. 2755. 2755. 2755. 2755. 2755. 2755. 2755. 2755. 2755.
 3814. 3814. 3814. 3814. 3814. 3814. 2755. 2755. 2755. 2755. 3814. 3814.
 3814. 2755. 
 2755.   30.   30.   30. 2755. 2755. 2755. 2755. 2755. 2755.   30.   30.
   30.   30.   30.   30.   30.   30.   30.   30.   30.   30.   30. 2755.
 2755. 2755. 
   30.   30.   30.   30. 3814. 3814. 3814. 3814. 3814. 3814. 3814. 3814.
 3814. 2755. 2755. 2755. 2755. 3814. 2755. 2755. 2755.   30. 2755. 2755.
 3814. 3814. 
 3814. 3814. 2755. 2755. 2755. 2755. 2755. 2755. 3814. 3814. 3814. 3814.
 2755. 2755. 2755. 2755. 2755. 2755. 2755. 2755. 2755. 2755. 2755.   30.
   30.   30. 
   30.   30.   30.   30.   30.   30.   30.   30.   30.   30.   30.   30.
   30.   30.   30.   30. 3814. 3814. 3814. 3814. 3814. 3814. 3814. 3814.
 3814. 3814. 
 3814. 3814. 3814. 3814. 2755. 2755. 2755.   30.   30. 2755. 2755. 2755.
 2755. 2755. 2755. 2755.   30.   30. 2755. 2755. 3814. 3814. 3814. 3814.
 3814. 2755. 
 2755. 2755. 3814. 3814. 3814. 3814. 3814. 3814. 2755. 2755.   30.   30.
   30.   30.   30.   30.   30.   30.   30.   30.   30.   30.   30.   30.
   30.   30. 
   30.   30. 3814. 3814. 2755. 2755. 2755. 2755. 2755. 3814. 3814. 3814.
 3814. 3814. 3814. 3814. 2755. 2755.   30.   30.   30.   30.   30. 2755.
 2755. 2755. 
   30.   30.   30.   30.   30. 2755. 2755. 3814. 3814. 3814. 3814. 3814.
 3814. 3814. 3814. 3814. 3814. 3814. 3814. 3814. 3814. 2755. 2755.   30.
   30.   30. 
 30. 30. 30. 30. 30. 30. 30. 30. 30. 30. 30. 30. 30. 30. 
/