PERMI
 28. 28. 28. 28. 28. 28. 28. 28. 28. 28. 28. 28. 28. 28. 28. 28. 28. 28.
 28. 28. 28. 28. 28. 28. 28. 28. 
   28.   28.   28.   28.   28.   28.   28.   28.   28.   28.   28.   28.
   28.   28.   28.   28.   28.   28.  908. 1106. 1106.  908.   28.   28.
   28.   28. 
   28.  908.  908. 1106. 1106. 1106. 1106.  908.  908.  908.   28.   28.
   28.   28.   28.   28.   28.   28.   28.   28.   28.   28.   28.   28.
   28.   28. 
 28. 28. 28. 28. 28. 28. 28. 28. 28. 28. 28. 28. 28. 28. 28. 28. 28. 28.
 28. 28. 28. 28. 28. 28. 28. 28. 
   28.   28.   28.   28.  908. 1106. 1106. 1106.  908.   28.   28.   28.
  908. 1106. 1106. 1106. 1106. 1106. 1106. 1106. 1106. 1106.  908.  908.
   28.   28. 
 28. 28. 28. 28. 28. 28. 28. 28. 28. 28. 28. 28. 28. 28. 28. 28. 28. 28.
 28. 28. 28. 28. 28. 28. 28. 28. 
   28.   28.   28.   28.   28.   28.   28.   28.   28.   28.   28.   28.
   28.   28.   28.   28.  908. 1106. 1106. 1106.  908.  908.  908.  908.
 1106. 1106. 
 1106. 1106. 1106. 1106. 1106. 1106. 1106. 1106. 1106.  908.   28.   28.
   28.   28.   28.   28.   28.   28.   28.   28.   28.   28.   28.   28.
   28.   28. 
 28. 28. 28. 28. 28. 28. 28. 28. 28. 28. 28. 28. 28. 28. 28. 28. 28. 28.
 28. 28. 28. 28. 28. 28. 28. 28. 
   28.   28.   28.  908. 1106. 1106. 1106. 1106. 1106. 1106. 1106. 1106.
 1106.  908.  908.  908.  908.  908. 1106. 1106. 1106. 1106.   28.   28.
   28.   28. 
 28. 28. 28. 28. 28. 28. 28. 28. 28. 28. 28. 28. 28. 28. 28. 28. 28. 28.
 28. 28. 28. 28. 28. 28. 28. 28. 
   28.   28.   28.   28.   28.   28.   28.   28.   28.   28.   28.   28.
   28.   28.   28.  908.  908. 1106. 1106. 1106. 1106. 1106. 1106. 1106.
  908.   28. 
   28.   28.   28.  908.  908.  908. 1106. 1106.   28.   28.   28.   28.
   28.   28.   28.   28.   28.   28.   28.   28.   28.   28.   28.   28.
   28.   28. 
 28. 28. 28. 28. 28. 28. 28. 28. 28. 28. 28. 28. 28. 28. 28. 28. 28. 28.
 28. 28. 28. 28. 28. 28. 28. 28. 
   28.   28.   28.  908. 1106. 1106. 1106. 1106.  908.  908.   28.   28.
   28.   28.   28.   28.   28.  908.  908. 1106.   28.   28.   28.   28.
   28.   28. 
 28. 28. 28. 28. 28. 28. 28. 28. 28. 28. 28. 28. 28. 28. 28. 28. 28. 28.
 28. 28. 28. 28. 28. 28. 28. 28. 
  28.  28.  28.  28.  28.  28.  28.  28.  28.  28.  28.  28.  28.  28.
  28.  28. 908. 908. 908. 908.  28.  28.  28.  28.  28.  28. 
   28.   28.   28.   28.  908. 1106.   28.   28.   28.   28.   28.   28.
   28.   28.   28.   28.   28.   28.   28.   28.   28.   28.   28.   28.
   28.   28. 
 28. 28. 28. 28. 28. 28. 28. 28. 28. 28. 28. 28. 28. 28. 28. 28. 28. 28.
 28. 28. 28. 28. 28. 28. 28. 28. 
  28.  28.  28.  28.  28.  28.  28.  28.  28.  28.  28.  28.  28.  28.
  28.  28. 908. 908.  28.  28.  28.  28.  28.  28.  28.  28. 
 28. 28. 28. 28. 28. 28. 28. 28. 28. 28. 28. 28. 28. 28. 28. 28. 28. 28.
 28. 28. 28. 28. 28. 28. 28. 28. 
 28. 28. 28. 28. 28. 28. 28. 28. 28. 28. 28. 28. 28. 28. 28. 28. 28. 28.
 28. 28. 28. 28. 28. 28. 28. 28. 
  28.  28.  28. 908.  28.  28.  28.  28.  28.  28.  28.  28.  28.  28.
  28. 908. 908.  28.  28.  28.  28.  28.  28.  28.  28.  28. 
 28. 28. 28. 28. 28. 28. 28. 28. 28. 28. 28. 28. 28. 28. 28. 28. 28. 28.
 28. 28. 28. 28. 28. 28. 28. 28. 
  28.  28.  28.  28.  28.  28.  28.  28.  28.  28.  28.  28.  28.  28.
  28.  28.  28.  28.  28.  28.  28.  28.  28.  28.  28. 908. 
 908. 908. 908. 908. 908.  28.  28.  28.  28.  28.  28.  28.  28.  28.
  28.  28.  28.  28.  28.  28.  28.  28.  28.  28.  28.  28. 
 28. 28. 28. 28. 28. 28. 28. 28. 28. 28. 28. 28. 28. 28. 28. 28. 28. 28.
 28. 28. 28. 28. 28. 28. 28. 28. 
   28.   28.   28.   28.   28.   28.   28.   28.   28.  908.  908.  908.
 1106. 1106. 1106.  908.  908.  908.   28.   28.   28.   28.   28.   28.
   28.   28. 
 28. 28. 28. 28. 28. 28. 28. 28. 28. 28. 28. 28. 28. 28. 28. 28. 28. 28.
 28. 28. 28. 28. 28. 28. 28. 28. 
   28.   28.   28.   28.   28.   28.   28.   28.   28.   28.   28.   28.
   28.   28.   28.   28.   28.   28.   28.   28.   28.  908.  908. 1106.
 1106. 1106. 
 1106. 1106. 1106.  908.  908.   28.   28.   28.   28.   28.   28.   28.
   28.   28.   28.   28.   28.   28.   28.   28.   28.   28.   28.   28.
   28.   28. 
 28. 28. 28. 28. 28. 28. 28. 28. 28. 28. 28. 28. 28. 28. 28. 28. 28. 28.
 28. 28. 28. 28. 28. 28. 28. 28. 
   28.   28.   28.   28.   28.  908.  908. 1106. 1106. 1106. 1106. 1106.
 1106. 1106. 1106.  908.  908.  908.   28.   28.   28.   28.   28.   28.
   28.   28. 
 28. 28. 28. 28. 28. 28. 28. 28. 28. 28. 28. 28. 28. 28. 28. 28. 28. 28.
 28. 28. 28. 28. 28. 28. 28. 28. 
   28.   28.   28.   28.   28.   28.   28.   28.   28.   28.   28.   28.
   28.   28.   28.   28.  908.  908. 1106. 1106. 1106. 1106.  908.  908.
  908. 1106. 
 1106. 1106.  908.  908.   28.   28.   28.   28.   28.   28.   28.   28.
   28.   28.   28.   28.   28.   28.   28.   28.   28.   28.   28.   28.
   28.   28. 
  28.  28.  28.  28.  28.  28.  28.  28.  28.  28.  28.  28.  28.  28.
  28.  28.  28.  28.  28.  28.  28.  28.  28.  28. 908.  28. 
   28.   28.  908. 1106. 1106. 1106. 1106.  908.  908.  908.  908. 1106.
 1106. 1106. 1106.  908.  908.   28.   28.   28.   28.   28.   28.  908.
  908.   28. 
  28.  28.  28.  28.  28.  28.  28.  28.  28. 908. 908. 908. 908. 908.
 908.  28.  28.  28.  28.  28.  28.  28.  28.  28. 908. 908. 
  908.  908.  908.   28.   28.   28.   28.   28.   28.   28.  908.  908.
  908.  908.  908. 1106. 1106. 1106.  908.  908.   28.   28.  908.  908.
 1106. 1106. 
 1106. 1106.  908.  908.   28.  908.  908.  908.  908.  908.  908.  908.
  908.   28.   28.   28.   28.   28.   28.  908.  908.  908.  908. 1106.
  908.  908. 
  908.  908.  908.   28.   28.   28.   28.   28.   28.  908.  908.  908.
 1106.  908.  908.  908.   28.   28.   28.   28.   28.   28. 1106. 1106.
 1106. 1106. 
 1106. 1106. 1106.  908.  908.   28.   28.   28.   28.  908.  908. 1106.
 1106. 1106.  908.  908.  908.  908. 1106. 1106. 1106. 1106. 1106. 1106.
 1106.  908. 
  908.   28.   28.   28.  908.  908.  908. 1106. 1106. 1106. 1106. 1106.
 1106. 1106.  908.  908.   28.   28.   28.   28.  908.  908. 1106. 1106.
 1106. 1106. 
 1106.  908.  908.   28.   28.   28.   28.   28. 1106. 1106. 1106. 1106.
 1106. 1106.  908.  908.   28.   28.   28.   28.   28.   28.  908.  908.
 1106. 1106. 
 1106.  908. 1106. 1106. 1106. 1106. 1106. 1106. 1106. 1106. 1106. 1106.
  908.  908.   28.   28.  908.  908. 1106. 1106. 1106. 1106. 1106. 1106.
 1106. 1106. 
 1106.  908.  908.   28.   28.  908.  908. 1106. 1106. 1106. 1106. 1106.
 1106. 1106.  908.  908.   28.   28.   28.   28.  908. 1106. 1106. 1106.
 1106.  908. 
  908.   28.   28.   28.   28.   28.   28.   28.   28.  908.  908. 1106.
 1106. 1106. 1106. 1106. 1106. 1106.  908.  908.  908. 1106. 1106. 1106.
 1106.  908. 
  908.  908.  908. 1106. 1106. 1106. 1106.  908.  908. 1106. 1106. 1106.
 1106.  908.  908.   28.   28.  908. 1106. 1106. 1106. 1106. 1106. 1106.
 1106. 1106. 
 1106.  908.   28.   28.   28.   28.  908.  908.  908.  908.  908.  908.
   28.   28.   28.   28.   28.   28.   28.   28.   28.  908.  908.  908.
 1106. 1106. 
 1106. 1106.  908.  908.  908.   28.  908.  908. 1106. 1106. 1106. 1106.
 1106.  908. 1106. 1106. 1106. 1106.  908.  908.  908.  908. 1106. 1106.
 1106. 1106. 
  908.  908.  908.  908. 1106. 1106. 1106.  908.  908.  908. 1106. 1106.
 1106.  908.  908.   28.   28.  908.   28.   28.   28.   28.   28.   28.
   28.   28. 
   28.   28.   28.   28.   28.   28.   28.   28.  908.  908.  908.  908.
  908.  908.  908.   28.   28.   28.   28.  908.  908.  908. 1106. 1106.
 1106. 1106. 
 1106. 1106. 1106.  908.  908.   28.   28.  908.  908. 1106. 1106. 1106.
 1106.  908.  908.  908. 1106. 1106. 1106.  908.  908.  908. 1106. 1106.
 1106.  908. 
 908. 908. 908. 908.  28.  28.  28.  28.  28.  28.  28.  28.  28.  28.
  28.  28.  28.  28.  28.  28.  28.  28.  28. 908.  28.  28. 
   28.   28.   28.   28.   28.   28.   28.  908.  908. 1106. 1106. 1106.
 1106. 1106.  908.  908.   28.   28.   28.  908.  908.  908. 1106. 1106.
 1106. 1106. 
 1106. 1106. 1106. 1106.  908.  908.  908.  908. 1106. 1106. 1106.  908.
  908.  908. 1106. 1106.   28.   28.   28.   28.   28.   28.   28.   28.
   28.   28. 
   28.   28.   28.   28.   28.   28.   28.   28.   28.   28.   28.   28.
   28.   28.   28.   28.   28.   28.   28.   28.  908.  908. 1106. 1106.
 1106.  908. 
  908.   28.   28.   28.   28.   28.  908.  908.  908. 1106. 1106. 1106.
 1106. 1106. 1106. 1106.  908.   28.  908.  908. 1106. 1106. 1106.  908.
 1106. 1106. 
 1106. 1106.   28.   28.   28.   28.   28.   28.   28.   28.   28.   28.
   28.   28.   28.   28.   28.   28.   28.   28.   28.   28.   28.   28.
   28.   28. 
   28.   28.   28.   28.   28.   28.   28.  908.  908.  908.  908.  908.
   28.   28.   28.   28.   28.   28.   28.  908.  908. 1106. 1106. 1106.
 1106. 1106. 
 1106.  908.  908.   28.  908.  908. 1106. 1106. 1106. 1106. 1106. 1106.
 1106. 1106.   28.   28.   28.   28.   28.   28.   28.   28.   28.   28.
   28.   28. 
 28. 28. 28. 28. 28. 28. 28. 28. 28. 28. 28. 28. 28. 28. 28. 28. 28. 28.
 28. 28. 28. 28. 28. 28. 28. 28. 
   28.   28.   28.   28.   28.   28.  908.  908.  908.  908.  908.  908.
  908.  908.   28.   28.   28.  908.  908. 1106. 1106. 1106. 1106. 1106.
  908.  908. 
 28. 28. 28. 28. 28. 28. 28. 28. 28. 28. 28. 28. 28. 28. 28. 28. 28. 28.
 28. 28. 28. 28. 28. 28. 28. 28. 
  28.  28.  28.  28.  28.  28.  28.  28.  28.  28.  28.  28.  28.  28.
  28.  28.  28.  28.  28. 908. 908. 908. 908. 908. 908.  28. 
   28.   28.   28.  908.  908.  908. 1106. 1106.  908.  908.  908.   28.
   28.   28.   28.   28.   28.   28.   28.   28.   28.   28.   28.   28.
   28.   28. 
 28. 28. 28. 28. 28. 28. 28. 28. 28. 28. 28. 28. 28. 28. 28. 28. 28. 28.
 28. 28. 28. 28. 28. 28. 28. 28. 
  28.  28.  28.  28.  28.  28.  28.  28.  28.  28.  28.  28.  28.  28.
  28.  28. 908. 908. 908. 908. 908.  28.  28.  28.  28.  28. 
 28. 28. 28. 28. 28. 28. 28. 28. 28. 28. 28. 28. 28. 28. 28. 28. 28. 28.
 28. 28. 28. 28. 28. 28. 28. 28. 
 28. 28. 28. 28. 28. 28. 28. 28. 28. 28. 28. 28. 28. 28. 28. 28. 28. 28.
 28. 28. 28. 28. 28. 28. 28. 28. 
 28. 28. 28. 28. 28. 28. 28. 28. 28. 28. 28. 28. 28. 28. 28. 28. 28. 28.
 28. 28. 28. 28. 28. 28. 28. 28. 
 28. 28. 28. 28. 28. 28. 28. 28. 28. 28. 28. 28. 28. 28. 28. 28. 28. 28.
 28. 28. 28. 28. 28. 28. 28. 28. 
 28. 28. 28. 28. 28. 28. 28. 28. 28. 28. 28. 28. 28. 28. 28. 28. 28. 28.
 28. 28. 28. 28. 28. 28. 28. 28. 
 28. 28. 28. 28. 28. 28. 28. 28. 28. 28. 28. 28. 28. 28. 28. 28. 28. 28.
 28. 28. 28. 28. 28. 28. 28. 28. 
 28. 28. 28. 28. 28. 28. 28. 28. 28. 28. 28. 28. 28. 28. 28. 28. 28. 28.
 28. 28. 28. 28. 28. 28. 28. 28. 
 28. 28. 28. 28. 28. 28. 28. 28. 28. 28. 28. 28. 28. 28. 28. 28. 28. 28.
 28. 28. 28. 28. 28. 28. 28. 28. 
 28. 28. 28. 28. 28. 28. 28. 28. 28. 28. 28. 28. 28. 28. 28. 28. 28. 28.
 28. 28. 28. 28. 28. 28. 28. 28. 
 28. 28. 28. 28. 28. 28. 28. 28. 28. 28. 28. 28. 28. 28. 28. 28. 28. 28.
 28. 28. 28. 28. 28. 28. 28. 28. 
 28. 28. 28. 28. 28. 28. 28. 28. 28. 28. 28. 28. 28. 28. 28. 28. 28. 28.
 28. 28. 28. 28. 28. 28. 28. 28. 
 28. 28. 28. 28. 28. 28. 28. 28. 28. 28. 28. 28. 28. 28. 28. 28. 28. 28.
 28. 28. 28. 28. 28. 28. 28. 28. 
 28. 28. 28. 28. 28. 28. 28. 28. 28. 28. 28. 28. 28. 28. 28. 28. 28. 28.
 28. 28. 28. 28. 28. 28. 28. 28. 
 28. 28. 28. 28. 28. 28. 28. 28. 28. 28. 28. 28. 28. 28. 28. 28. 28. 28.
 28. 28. 28. 28. 28. 28. 28. 28. 
 28. 28. 28. 28. 28. 28. 28. 28. 28. 28. 28. 28. 28. 28. 28. 28. 28. 28.
 28. 28. 28. 28. 28. 28. 28. 28. 
 28. 28. 28. 28. 28. 28. 28. 28. 28. 28. 28. 28. 28. 28. 28. 28. 28. 28.
 28. 28. 28. 28. 28. 28. 28. 28. 
 28. 28. 28. 28. 28. 28. 28. 28. 28. 28. 28. 28. 28. 28. 28. 28. 28. 28.
 28. 28. 28. 28. 28. 28. 28. 28. 
 28. 28. 28. 28. 28. 28. 28. 28. 28. 28. 28. 28. 28. 28. 28. 28. 28. 28.
 28. 28. 28. 28. 28. 28. 28. 28. 
 28. 28. 28. 28. 28. 28. 28. 28. 28. 28. 28. 28. 28. 28. 28. 28. 28. 28.
 28. 28. 28. 28. 28. 28. 28. 28. 
 28. 28. 28. 28. 28. 28. 28. 28. 28. 28. 28. 28. 28. 28. 28. 28. 28. 28.
 28. 28. 28. 28. 28. 28. 28. 28. 
  28.  28.  28.  28.  28. 908. 908.  28.  28.  28.  28.  28.  28.  28.
  28.  28.  28.  28.  28.  28.  28.  28.  28.  28.  28.  28. 
 28. 28. 28. 28. 28. 28. 28. 28. 28. 28. 28. 28. 28. 28. 28. 28. 28. 28.
 28. 28. 28. 28. 28. 28. 28. 28. 
  28.  28.  28.  28.  28.  28.  28.  28.  28.  28.  28.  28.  28.  28.
  28. 908. 908. 908. 908. 908. 908. 908.  28.  28.  28.  28. 
 28. 28. 28. 28. 28. 28. 28. 28. 28. 28. 28. 28. 28. 28. 28. 28. 28. 28.
 28. 28. 28. 28. 28. 28. 28. 28. 
 28. 28. 28. 28. 28. 28. 28. 28. 28. 28. 28. 28. 28. 28. 28. 28. 28. 28.
 28. 28. 28. 28. 28. 28. 28. 28. 
  908.  908. 1106. 1106. 1106. 1106.  908.  908.  908.   28.   28.   28.
   28.   28.   28.   28.   28.   28.   28.   28.   28.   28.   28.   28.
   28.   28. 
 28. 28. 28. 28. 28. 28. 28. 28. 28. 28. 28. 28. 28. 28. 28. 28. 28. 28.
 28. 28. 28. 28. 28. 28. 28. 28. 
  908.   28.   28.   28.   28.   28.   28.   28.   28.   28.   28.  908.
  908. 1106. 1106. 1106. 1106. 1106. 1106. 1106.  908.  908.   28.   28.
   28.   28. 
 28. 28. 28. 28. 28. 28. 28. 28. 28. 28. 28. 28. 28. 28. 28. 28. 28. 28.
 28. 28. 28. 28. 28. 28. 28. 28. 
   28.   28.   28.   28.   28.   28.   28.   28.   28.   28.   28.   28.
  908.  908.   28.   28.   28.   28.   28.   28.   28.   28.  908.  908.
 1106. 1106. 
 1106. 1106. 1106. 1106. 1106. 1106.  908.  908.  908.   28.   28.   28.
   28.   28.   28.   28.   28.   28.   28.   28.   28.   28.   28.   28.
   28.   28. 
   28.   28.   28.   28.   28.   28.   28.   28.   28.   28.   28.   28.
   28.   28.   28.   28.   28.   28.   28.   28.   28.   28.   28.   28.
 1106.  908. 
  908.  908.   28.   28.   28.   28.   28.  908.  908. 1106. 1106. 1106.
 1106.  908.  908. 1106. 1106. 1106. 1106. 1106.  908.  908.   28.   28.
   28.   28. 
 28. 28. 28. 28. 28. 28. 28. 28. 28. 28. 28. 28. 28. 28. 28. 28. 28. 28.
 28. 28. 28. 28. 28. 28. 28. 28. 
   28.   28.   28.   28.   28.   28.   28.   28.   28.   28. 1106. 1106.
 1106.  908.  908.   28.   28.   28.  908.  908.  908. 1106. 1106. 1106.
  908.  908. 
  908.  908.  908. 1106. 1106. 1106.  908.  908.   28.   28.   28.   28.
   28.   28.   28.   28.   28.   28.   28.   28.   28.   28.   28.   28.
   28.   28. 
   28.   28.   28.   28.   28.   28.   28.   28.   28.   28.   28.   28.
   28.   28.   28.   28.   28.   28.   28.   28.   28.   28. 1106. 1106.
 1106. 1106. 
  908.  908.  908.  908.  908.  908. 1106. 1106. 1106.  908.  908.  908.
   28.  908.  908. 1106. 1106. 1106. 1106.  908.   28.   28.   28.   28.
   28.   28. 
 28. 28. 28. 28. 28. 28. 28. 28. 28. 28. 28. 28. 28. 28. 28. 28. 28. 28.
 28. 28. 28. 28. 28. 28. 28. 28. 
   28.   28.   28.   28.   28.   28.   28.   28.  908.  908. 1106. 1106.
 1106.  908.  908.  908. 1106. 1106. 1106. 1106.  908.  908.  908.   28.
   28.   28. 
  908.  908. 1106. 1106. 1106.  908.  908.  908.  908.  908.  908.  908.
  908.  908.  908.  908.  908.   28.   28.   28.   28.   28.   28.   28.
   28.   28. 
   28.   28.   28.   28.   28.   28.   28.   28.   28.   28.   28.   28.
   28.   28.   28.   28.   28.   28.   28.   28.   28.  908. 1106. 1106.
 1106. 1106. 
 1106. 1106. 1106. 1106. 1106.  908.  908.  908.   28.   28.   28.   28.
   28.  908.  908. 1106. 1106. 1106.  908.  908.  908.  908.  908.  908.
  908. 1106. 
 1106.  908.  908.  908.   28.   28.   28.   28.   28.   28.   28.   28.
   28.   28.   28.   28.   28.   28.   28.   28.   28.   28.   28.   28.
   28.   28. 
   28.   28.   28.   28.   28.   28.   28.  908.  908. 1106. 1106. 1106.
 1106. 1106. 1106. 1106.  908.  908.  908.   28.   28.   28.   28.   28.
   28.   28. 
  908.  908. 1106. 1106. 1106. 1106. 1106. 1106. 1106. 1106. 1106. 1106.
 1106. 1106. 1106.  908.   28.   28.   28.   28.   28.   28.   28.   28.
   28.   28. 
   28.   28.   28.   28.   28.   28.   28.   28.   28.   28.   28.   28.
   28.   28.   28.   28.   28.   28.   28.   28.  908.  908.  908. 1106.
 1106. 1106. 
  908.  908.  908.  908.   28.   28.   28.   28.   28.   28.   28.   28.
  908.  908.  908. 1106. 1106. 1106. 1106. 1106. 1106. 1106. 1106. 1106.
 1106. 1106. 
 1106.  908.  908.   28.   28.   28.   28.   28.   28.   28.   28.   28.
   28.   28.   28.   28.   28.   28.   28.   28.   28.   28.   28.   28.
   28.   28. 
  28.  28.  28.  28.  28.  28.  28. 908. 908. 908. 908. 908. 908. 908.
  28.  28.  28.  28.  28.  28.  28.  28.  28.  28.  28.  28. 
  908.  908.  908.  908. 1106. 1106. 1106.  908.  908.  908.  908. 1106.
 1106. 1106.  908.   28.   28.   28.   28.   28.   28.   28.   28.   28.
   28.   28. 
 28. 28. 28. 28. 28. 28. 28. 28. 28. 28. 28. 28. 28. 28. 28. 28. 28. 28.
 28. 28. 28. 28. 28. 28. 28. 28. 
   28.   28.   28.   28.   28.   28.   28.   28.   28.   28.   28.   28.
   28.  908.  908.  908.  908.  908.  908.  908.  908.   28.  908. 1106.
 1106. 1106. 
 908. 908.  28.  28.  28.  28.  28.  28. 908. 908. 908. 908. 908.  28.
  28.  28.  28.  28.  28.  28.  28.  28.  28.  28.  28.  28. 
 28. 28. 28. 28. 28. 28. 28. 28. 28. 28. 28. 28. 28. 28. 28. 28. 28. 28.
 28. 28. 28. 28. 28. 28. 28. 28. 
   28.   28.   28.   28.   28.   28.   28.   28.  908. 1106. 1106. 1106.
  908.  908.   28.   28.   28.   28.   28.  908.  908.  908. 1106. 1106.
  908.  908. 
 28. 28. 28. 28. 28. 28. 28. 28. 28. 28. 28. 28. 28. 28. 28. 28. 28. 28.
 28. 28. 28. 28. 28. 28. 28. 28. 
   28.   28.   28.   28.   28.   28.   28.   28.   28.   28.   28.   28.
   28.   28.   28.   28.   28.   28.   28.   28.  908. 1106. 1106. 1106.
 1106.  908. 
  908.   28.   28.  908.  908.  908. 1106. 1106. 1106. 1106. 1106.  908.
  908.   28.   28.   28.   28.   28.   28.   28.   28.   28.   28.   28.
   28.   28. 
 28. 28. 28. 28. 28. 28. 28. 28. 28. 28. 28. 28. 28. 28. 28. 28. 28. 28.
 28. 28. 28. 28. 28. 28. 28. 28. 
   28.   28.   28.   28.   28.   28.  908.  908. 1106. 1106. 1106.  908.
  908.   28.   28.  908.  908. 1106. 1106. 1106. 1106. 1106. 1106. 1106.
  908.   28. 
 28. 28. 28. 28. 28. 28. 28. 28. 28. 28. 28. 28. 28. 28. 28. 28. 28. 28.
 28. 28. 28. 28. 28. 28. 28. 28. 
   28.   28.   28.   28.   28.   28.   28.   28.   28.   28.   28.   28.
   28.   28.   28.   28.   28.   28.   28.  908.  908. 1106. 1106. 1106.
  908.  908. 
  908.  908. 1106. 1106. 1106. 1106.  908. 1106. 1106. 1106.  908.  908.
   28.   28.   28.   28.   28.   28.   28.   28.   28.   28.   28.   28.
   28.   28. 
 28. 28. 28. 28. 28. 28. 28. 28. 28. 28. 28. 28. 28. 28. 28. 28. 28. 28.
 28. 28. 28. 28. 28. 28. 28. 28. 
   28.   28.   28.   28.   28.   28.  908. 1106. 1106. 1106.  908.  908.
  908. 1106. 1106. 1106. 1106.  908.  908.  908. 1106. 1106. 1106.  908.
   28.   28. 
 28. 28. 28. 28. 28. 28. 28. 28. 28. 28. 28. 28. 28. 28. 28. 28. 28. 28.
 28. 28. 28. 28. 28. 28. 28. 28. 
   28.   28.   28.   28.   28.   28.   28.   28.   28.   28.   28.   28.
   28.   28.   28.   28.   28.   28.  908.  908. 1106. 1106. 1106. 1106.
 1106. 1106. 
 1106. 1106.  908.  908.   28.  908. 1106. 1106. 1106.  908.  908.   28.
   28.   28.   28.   28.   28.   28.   28.   28.   28.   28.   28.   28.
   28.   28. 
 28. 28. 28. 28. 28. 28. 28. 28. 28. 28. 28. 28. 28. 28. 28. 28. 28. 28.
 28. 28. 28. 28. 28. 28. 28. 28. 
   28.   28.   28.   28.   28.  908.  908. 1106. 1106. 1106. 1106. 1106.
 1106.  908.  908.   28.   28.  908.  908. 1106. 1106. 1106.  908.   28.
   28.   28. 
 28. 28. 28. 28. 28. 28. 28. 28. 28. 28. 28. 28. 28. 28. 28. 28. 28. 28.
 28. 28. 28. 28. 28. 28. 28. 28. 
   28.   28.   28.   28.   28.   28.   28.   28.   28.   28.   28.   28.
   28.   28.   28.   28.   28.  908.  908.  908.  908.  908. 1106.  908.
  908.  908. 
   28.   28.   28.   28.  908. 1106. 1106. 1106.  908.   28.   28.   28.
   28.   28.   28.   28.   28.   28.   28.   28.   28.   28.   28.   28.
   28.   28. 
 28. 28. 28. 28. 28. 28. 28. 28. 28. 28. 28. 28. 28. 28. 28. 28. 28. 28.
 28. 28. 28. 28. 28. 28. 28. 28. 
   28.   28.   28.   28.   28.  908.  908.  908.  908.  908.  908.   28.
   28.   28.   28.   28.  908.  908. 1106. 1106.  908.  908.  908.   28.
   28.   28. 
 908. 908. 908. 908.  28.  28.  28.  28.  28.  28.  28.  28.  28.  28.
  28.  28.  28.  28.  28.  28.  28.  28.  28.  28.  28.  28. 
 28. 28. 28. 28. 28. 28. 28. 28. 28. 28. 28. 28. 28. 28. 28. 28. 28. 28.
 28. 28. 28. 28. 28. 28. 28. 28. 
   28.   28.   28.  908. 1106. 1106. 1106. 1106.  908.  908.  908.  908.
  908.  908.  908.  908.  908.  908.   28.   28.   28.   28.   28.   28.
   28.   28. 
 28. 28. 28. 28. 28. 28. 28. 28. 28. 28. 28. 28. 28. 28. 28. 28. 28. 28.
 28. 28. 28. 28. 28. 28. 28. 28. 
   28.   28.   28.   28.   28.   28.   28.   28.   28.   28.   28.   28.
   28.   28.   28.  908.  908. 1106. 1106. 1106. 1106. 1106. 1106. 1106.
 1106. 1106. 
 1106. 1106. 1106.  908.   28.   28.   28.   28.   28.   28.   28.   28.
   28.   28.   28.   28.   28.   28.   28.   28.   28.   28.   28.   28.
   28.   28. 
 28. 28. 28. 28. 28. 28. 28. 28. 28. 28. 28. 28. 28. 28. 28. 28. 28. 28.
 28. 28. 28. 28. 28. 28. 28. 28. 
   28.   28.   28.  908.  908. 1106. 1106. 1106. 1106. 1106. 1106. 1106.
 1106. 1106. 1106. 1106.   28.   28.   28.   28.   28.   28.   28.   28.
   28.   28. 
 28. 28. 28. 28. 28. 28. 28. 28. 28. 28. 28. 28. 28. 28. 28. 28. 28. 28.
 28. 28. 28. 28. 28. 28. 28. 28. 
   28.   28.   28.   28.   28.   28.   28.   28.   28.   28.   28.   28.
   28.   28.   28.   28.  908.  908.  908.  908.  908.  908.  908.  908.
  908. 1106. 
 1106. 1106.   28.   28.   28.   28.   28.   28.   28.   28.   28.   28.
   28.   28.   28.   28.   28.   28.   28.   28.   28.   28.   28.   28.
   28.   28. 
 28. 28. 28. 28. 28. 28. 28. 28. 28. 28. 28. 28. 28. 28. 28. 28. 28. 28.
 28. 28. 28. 28. 28. 28. 28. 28. 
   28.   28.   28.   28.   28.  908.  908.  908.  908.  908.  908.  908.
  908. 1106. 
/