PERMI
 3926. 3926. 3926. 3067. 3067.   20.   20.   20. 3067. 3926. 3926. 3926.
 3067.   20.   20.   20.   20.   20.   20.   20.   20.   20.   20.   20.
   20.   20. 
   20.   20.   20.   20.   20.   20.   20.   20.   20. 3067. 3067. 3926.
 3926. 3926. 3926. 3926. 3926. 3926. 3926. 3926. 3926. 3067. 3067.   20.
 3067. 3067. 
 3926. 3926. 3926. 3926. 3926. 3926. 3926. 3926. 3926. 3926. 3067. 3067.
 3926. 3926. 3067. 3067. 3067. 3067. 3067. 3067. 3067. 3926. 3926. 3926.
 3067.   20. 
   20.   20.   20.   20.   20.   20.   20.   20.   20.   20.   20.   20.
   20.   20.   20.   20.   20.   20.   20.   20.   20. 3067. 3067. 3926.
 3926. 3926. 
 3926. 3926. 3926. 3926. 3926. 3067. 3067. 3067.   20.   20. 3067. 3067.
 3926. 3926. 3067. 3067. 3067. 3067. 3067. 3067. 3067. 3067. 3067. 3067.
 3067. 3067. 
 3067. 3926. 3926. 3926. 3926. 3926. 3926. 3926. 3926. 3067. 3067.   20.
   20.   20.   20.   20.   20.   20.   20.   20.   20.   20.   20.   20.
   20.   20. 
   20.   20.   20.   20.   20.   20.   20. 3067. 3067. 3926. 3926. 3067.
 3067. 3067. 3067. 3067. 3067. 3067. 3067.   20.   20.   20. 3067. 3067.
 3926. 3926. 
 3926. 3067.   20.   20.   20. 3067. 3067. 3926. 3926. 3067. 3067. 3926.
 3926. 3926. 3926. 3926. 3926. 3926. 3926. 3926. 3926. 3067.   20.   20.
   20.   20. 
   20.   20.   20.   20.   20.   20.   20.   20.   20.   20.   20.   20.
   20.   20.   20.   20.   20.   20.   20. 3067. 3067. 3926. 3926. 3067.
 3067. 3067. 
   20.   20.   20.   20.   20.   20.   20.   20. 3067. 3067. 3926. 3926.
 3926. 3067. 3067.   20.   20.   20. 3067. 3926. 3067. 3067. 3926. 3067.
 3067. 3067. 
 3926. 3926. 3067. 3067. 3067. 3067. 3067.   20.   20.   20.   20.   20.
   20.   20.   20.   20.   20.   20.   20.   20.   20.   20.   20.   20.
   20.   20. 
   20.   20.   20.   20.   20. 3067. 3067. 3926. 3926. 3926. 3067.   20.
   20.   20.   20.   20.   20.   20.   20.   20.   20. 3067. 3926. 3926.
 3926. 3926. 
 3067. 3067.   20.   20. 3067. 3067. 3067. 3926. 3926. 3067.   20.   20.
 3067. 3067.   20.   20.   20.   20.   20.   20.   20.   20.   20.   20.
   20.   20. 
   20.   20.   20.   20.   20.   20.   20.   20.   20.   20.   20.   20.
   20.   20.   20.   20.   20. 3067. 3067. 3926. 3926. 3926. 3067. 3067.
   20.   20. 
   20.   20.   20.   20.   20.   20.   20. 3067. 3067. 3926. 3926. 3926.
 3067. 3067. 3067. 3067. 3067. 3926. 3926. 3926. 3926. 3067.   20.   20.
   20.   20. 
 20. 20. 20. 20. 20. 20. 20. 20. 20. 20. 20. 20. 20. 20. 20. 20. 20. 20.
 20. 20. 20. 20. 20. 20. 20. 20. 
   20.   20.   20.   20. 3067. 3067. 3926. 3926. 3926. 3067. 3067.   20.
 3067. 3067. 3067. 3067. 3067.   20.   20.   20. 3067. 3067. 3926. 3926.
 3926. 3067. 
 3067. 3067. 3067. 3926. 3926. 3926. 3926. 3067.   20.   20.   20.   20.
   20.   20.   20.   20.   20.   20.   20.   20.   20.   20.   20.   20.
   20.   20. 
   20.   20.   20.   20.   20.   20.   20.   20.   20.   20.   20.   20.
   20.   20.   20.   20. 3067. 3067. 3926. 3926. 3926. 3926. 3067. 3067.
 3067. 3067. 
 3067. 3067. 3067. 3067. 3067. 3067. 3067. 3067. 3926. 3926. 3926. 3067.
 3067. 3067. 3067. 3926. 3926. 3926. 3926. 3067.   20.   20.   20.   20.
   20.   20. 
 20. 20. 20. 20. 20. 20. 20. 20. 20. 20. 20. 20. 20. 20. 20. 20. 20. 20.
 20. 20. 20. 20. 20. 20. 20. 20. 
   20.   20.   20. 3067. 3067. 3926. 3926. 3926. 3067. 3926. 3926. 3926.
 3926. 3926. 3926. 3926. 3926. 3926. 3926. 3926. 3926. 3926. 3926. 3067.
 3067. 3067. 
 3067. 3926. 3926. 3926. 3926. 3067.   20.   20.   20.   20.   20.   20.
   20.   20.   20.   20.   20.   20.   20.   20.   20.   20.   20.   20.
   20.   20. 
   20.   20.   20.   20.   20.   20.   20.   20.   20.   20.   20.   20.
   20.   20.   20. 3067. 3067. 3926. 3926. 3067. 3067. 3926. 3926. 3926.
 3926. 3926. 
 3926. 3926. 3926. 3926. 3926. 3926. 3926. 3926. 3926. 3067. 3067. 3926.
 3067. 3067. 3926. 3926. 3926. 3067.   20.   20.   20.   20.   20.   20.
   20.   20. 
 20. 20. 20. 20. 20. 20. 20. 20. 20. 20. 20. 20. 20. 20. 20. 20. 20. 20.
 20. 20. 20. 20. 20. 20. 20. 20. 
   20. 3067. 3067. 3067. 3926. 3067. 3067. 3926. 3926. 3926. 3926. 3926.
 3926. 3926. 3926. 3926. 3926. 3926. 3926. 3926. 3067. 3067. 3067. 3067.
 3067. 3067. 
 3067. 3926. 3926. 3067.   20.   20.   20.   20.   20.   20.   20.   20.
   20.   20.   20.   20.   20.   20.   20.   20.   20.   20.   20.   20.
   20.   20. 
   20.   20.   20.   20.   20.   20.   20.   20.   20.   20. 3067. 3067.
 3067. 3067. 3067. 3926. 3926. 3067. 3926. 3926. 3926. 3067. 3067. 3067.
 3067. 3926. 
 3926. 3926. 3926. 3926. 3067. 3067. 3067. 3926. 3926. 3067.   20. 3067.
 3067. 3926. 3067. 3067.   20.   20.   20.   20.   20.   20.   20.   20.
   20.   20. 
   20.   20.   20.   20.   20.   20.   20.   20.   20.   20.   20.   20.
   20.   20.   20.   20.   20.   20.   20.   20.   20. 3067. 3067. 3067.
 3926. 3926. 
 3926. 3926. 3926. 3067. 3067. 3926. 3926. 3926. 3067. 3067. 3067. 3067.
 3067. 3067. 3067. 3067. 3067. 3067. 3926. 3926. 3926. 3067.   20.   20.
 3067. 3926. 
 3067.   20.   20.   20.   20.   20.   20.   20.   20.   20.   20.   20.
   20.   20.   20.   20.   20.   20.   20.   20.   20.   20.   20.   20.
   20.   20. 
   20.   20.   20.   20.   20.   20. 3067. 3067. 3926. 3926. 3926. 3926.
 3926. 3926. 3926. 3067. 3067. 3926. 3926. 3926. 3067. 3067. 3926. 3926.
 3926. 3926. 
 3926. 3926. 3926. 3067. 3926. 3926. 3926. 3067.   20.   20. 3067. 3926.
   20.   20.   20.   20.   20.   20.   20.   20.   20.   20.   20.   20.
   20.   20. 
   20.   20.   20.   20.   20.   20.   20.   20.   20.   20.   20.   20.
   20.   20.   20.   20.   20.   20. 3067. 3067. 3926. 3926. 3926. 3926.
 3926. 3067. 
 3067. 3067. 3067. 3926. 3926. 3926. 3067. 3067. 3926. 3926. 3926. 3926.
 3926. 3926. 3926. 3926. 3926. 3926. 3926. 3067.   20.   20. 3067. 3067.
   20.   20. 
 20. 20. 20. 20. 20. 20. 20. 20. 20. 20. 20. 20. 20. 20. 20. 20. 20. 20.
 20. 20. 20. 20. 20. 20. 20. 20. 
   20.   20.   20. 3067. 3067. 3926. 3926. 3926. 3067. 3067. 3067. 3067.
   20.   20. 3067. 3067. 3926. 3926. 3926. 3067. 3926. 3926. 3926. 3926.
 3926. 3926. 
 3926. 3926. 3926. 3926. 3067.   20.   20.   20.   20. 3067.   20.   20.
   20.   20.   20.   20.   20.   20.   20.   20.   20.   20.   20.   20.
   20.   20. 
   20.   20.   20.   20.   20.   20.   20.   20.   20.   20.   20.   20.
   20.   20.   20. 3067. 3067. 3926. 3926. 3926. 3067. 3067.   20.   20.
   20. 3067. 
 3067. 3067. 3926. 3926. 3926. 3067. 3067. 3926. 3067. 3067. 3067. 3067.
 3067. 3067. 3067. 3067. 3067.   20.   20. 3067. 3067. 3067.   20.   20.
   20.   20. 
 20. 20. 20. 20. 20. 20. 20. 20. 20. 20. 20. 20. 20. 20. 20. 20. 20. 20.
 20. 20. 20. 20. 20. 20. 20. 20. 
   20.   20. 3067. 3067. 3926. 3926. 3926. 3067. 3067. 3067. 3067. 3067.
 3067. 3067. 3067. 3926. 3926. 3067. 3067. 3926. 3067.   20.   20.   20.
 3067. 3067. 
 3067.   20.   20. 3067. 3067. 3926. 3926. 3926.   20.   20.   20.   20.
   20.   20.   20.   20.   20.   20.   20.   20.   20.   20.   20.   20.
   20.   20. 
   20.   20.   20.   20.   20.   20.   20.   20.   20.   20.   20.   20.
   20.   20. 3067. 3067. 3926. 3926. 3067. 3067. 3067. 3067. 3926. 3926.
 3926. 3926. 
 3926. 3926. 3926. 3067. 3067. 3926. 3067.   20.   20.   20.   20.   20.
   20. 3067. 3067. 3926. 3926. 3926. 3926. 3926.   20.   20.   20.   20.
   20.   20. 
 20. 20. 20. 20. 20. 20. 20. 20. 20. 20. 20. 20. 20. 20. 20. 20. 20. 20.
 20. 20. 20. 20. 20. 20. 20. 20. 
   20. 3067. 3067. 3067. 3067. 3067. 3926. 3926. 3926. 3926. 3926. 3926.
 3926. 3926. 3926. 3067. 3067. 3926. 3067.   20.   20.   20.   20.   20.
 3067. 3067. 
 3926. 3926. 3926. 3926. 3926. 3926.   20.   20.   20.   20.   20.   20.
   20.   20.   20.   20.   20.   20.   20.   20.   20.   20.   20.   20.
   20.   20. 
   20.   20.   20.   20.   20.   20.   20.   20.   20.   20.   20.   20.
   20.   20. 3067. 3067. 3067. 3926. 3926. 3926. 3926. 3926. 3067. 3926.
 3926. 3926. 
 3067. 3067. 3926. 3926. 3067.   20.   20.   20.   20. 3067. 3067. 3926.
 3926. 3926. 3926. 3926. 3067. 3067.   20.   20.   20.   20.   20.   20.
   20.   20. 
 20. 20. 20. 20. 20. 20. 20. 20. 20. 20. 20. 20. 20. 20. 20. 20. 20. 20.
 20. 20. 20. 20. 20. 20. 20. 20. 
 3067. 3067. 3926. 3926. 3926. 3926. 3067. 3067. 3067. 3067. 3067. 3067.
 3067. 3926. 3926. 3926. 3067. 3067.   20.   20.   20. 3067. 3926. 3926.
 3926. 3926. 
 3067. 3067. 3067.   20.   20.   20.   20.   20.   20.   20.   20.   20.
   20.   20.   20.   20.   20.   20.   20.   20.   20.   20.   20.   20.
   20.   20. 
   20.   20.   20.   20.   20.   20.   20.   20.   20. 3067. 3067. 3067.
 3067. 3067. 3926. 3926. 3926. 3067. 3067. 3067. 3926. 3926. 3926. 3926.
 3926. 3926. 
 3926. 3926. 3926. 3067.   20.   20.   20. 3067. 3926. 3926. 3926. 3067.
 3067.   20.   20.   20.   20.   20.   20.   20.   20.   20.   20.   20.
   20.   20. 
   20.   20.   20.   20.   20.   20.   20.   20.   20.   20.   20.   20.
   20.   20.   20.   20.   20.   20.   20. 3067. 3067. 3067. 3067. 3067.
 3067. 3067. 
 3926. 3926. 3926. 3067. 3067. 3067. 3926. 3926. 3926. 3926. 3926. 3926.
 3926. 3926. 3067. 3067.   20.   20.   20. 3067. 3926. 3926. 3926. 3926.
 3067. 3067. 
 20. 20. 20. 20. 20. 20. 20. 20. 20. 20. 20. 20. 20. 20. 20. 20. 20. 20.
 20. 20. 20. 20. 20. 20. 20. 20. 
   20.   20.   20.   20. 3067. 3067. 3926. 3926. 3926. 3926. 3067. 3067.
 3926. 3926. 3926. 3067. 3067. 3067. 3067. 3067. 3926. 3926. 3926. 3926.
 3926. 3067. 
 3067.   20.   20.   20.   20.   20. 3067. 3067. 3926. 3926. 3926. 3067.
   20.   20.   20.   20.   20.   20.   20.   20.   20.   20.   20.   20.
   20.   20. 
   20.   20.   20.   20.   20.   20.   20.   20.   20.   20.   20.   20.
   20.   20.   20. 3067. 3067. 3926. 3926. 3926. 3926. 3067. 3067. 3926.
 3926. 3926. 
 3067. 3067. 3067. 3926. 3926. 3067. 3067. 3067. 3067. 3067. 3067. 3067.
   20.   20.   20.   20.   20.   20.   20. 3067. 3926. 3926. 3926. 3067.
   20.   20. 
 20. 20. 20. 20. 20. 20. 20. 20. 20. 20. 20. 20. 20. 20. 20. 20. 20. 20.
 20. 20. 20. 20. 20. 20. 20. 20. 
   20. 3067. 3067. 3926. 3926. 3926. 3926. 3067. 3067. 3926. 3926. 3067.
 3067. 3067. 3926. 3926. 3926. 3067.   20.   20.   20.   20.   20.   20.
   20.   20. 
   20.   20.   20.   20.   20. 3067. 3067. 3926. 3926. 3067.   20.   20.
   20.   20.   20.   20.   20.   20.   20.   20.   20.   20.   20.   20.
   20.   20. 
   20.   20.   20.   20.   20.   20.   20.   20.   20.   20.   20.   20.
   20. 3067. 3067. 3926. 3926. 3067. 3067. 3067. 3067. 3926. 3926. 3926.
 3067. 3067. 
 3926. 3926. 3926. 3926. 3067.   20.   20.   20.   20.   20.   20.   20.
   20.   20.   20.   20.   20. 3067. 3067. 3926. 3926. 3067. 3067.   20.
   20.   20. 
   20.   20.   20.   20.   20.   20.   20.   20.   20.   20.   20.   20.
   20.   20.   20.   20.   20.   20.   20.   20.   20.   20.   20.   20.
   20. 3067. 
 3067. 3926. 3926. 3926. 3067. 3067. 3067. 3926. 3926. 3067. 3067.   20.
 3067. 3926. 3926. 3926. 3067.   20.   20.   20.   20.   20.   20. 3067.
 3067. 3067. 
 3067. 3067. 3067. 3067. 3067. 3926. 3926. 3926. 3067.   20.   20.   20.
   20.   20.   20.   20.   20.   20.   20.   20.   20.   20.   20.   20.
   20.   20. 
   20.   20.   20.   20.   20.   20.   20.   20.   20.   20.   20. 3067.
 3067. 3926. 3926. 3926. 3067. 3067. 3067. 3926. 3926. 3926. 3067.   20.
   20. 3067. 
 3926. 3926. 3926. 3067.   20.   20.   20.   20. 3067. 3067. 3926. 3926.
 3926. 3067. 3067. 3067. 3067. 3926. 3926. 3926. 3067.   20.   20.   20.
   20.   20. 
   20.   20.   20.   20.   20.   20.   20.   20.   20.   20.   20.   20.
   20.   20.   20.   20.   20.   20.   20.   20.   20. 3067. 3067. 3067.
 3067. 3067. 
 3067. 3067. 3067. 3067. 3067. 3926. 3926. 3926. 3067.   20.   20. 3067.
 3926. 3926. 3926. 3067.   20.   20.   20.   20. 3067. 3926. 3926. 3926.
 3926. 3926. 
 3926. 3926. 3926. 3926. 3926. 3926. 3067.   20.   20.   20.   20.   20.
   20.   20.   20.   20.   20.   20.   20.   20.   20.   20.   20.   20.
   20.   20. 
   20.   20.   20.   20.   20. 3067. 3067. 3067. 3067. 3067. 3067. 3067.
 3926. 3067. 3067. 3067. 3926. 3926. 3926. 3926. 3067.   20.   20. 3067.
 3926. 3926. 
 3926. 3067. 3067.   20.   20. 3067. 3067. 3926. 3926. 3926. 3926. 3926.
 3926. 3926. 3926. 3926. 3926. 3067. 3067.   20.   20.   20.   20.   20.
   20.   20. 
   20.   20.   20.   20.   20.   20.   20.   20.   20.   20.   20.   20.
   20.   20.   20.   20. 3067. 3067. 3067. 3926. 3926. 3926. 3926. 3926.
 3926. 3926. 
 3926. 3926. 3926. 3926. 3926. 3067. 3067. 3067. 3067. 3067. 3067. 3926.
 3926. 3067.   20.   20.   20. 3067. 3067. 3926. 3926. 3926. 3067. 3926.
 3926. 3926. 
 3926. 3926. 3926. 3067. 3067.   20.   20.   20.   20.   20.   20.   20.
   20.   20.   20.   20.   20.   20.   20.   20.   20.   20.   20.   20.
   20.   20. 
   20.   20. 3067. 3067. 3926. 3926. 3926. 3926. 3926. 3926. 3926. 3926.
 3926. 3926. 3926. 3926. 3067. 3067. 3926. 3926. 3926. 3926. 3926. 3926.
 3926. 3067. 
   20.   20.   20.   20. 3067. 3926. 3926. 3926. 3926. 3067. 3067. 3067.
 3067. 3067. 3067. 3067.   20.   20.   20.   20.   20.   20.   20.   20.
   20.   20. 
   20.   20.   20.   20.   20.   20.   20.   20.   20.   20.   20.   20.
   20.   20. 3067. 3926. 3926. 3926. 3926. 3926. 3926. 3926. 3067. 3067.
 3926. 3926. 
 3067. 3067. 3067. 3926. 3926. 3926. 3926. 3926. 3926. 3926. 3926. 3067.
   20.   20.   20.   20. 3067. 3067. 3926. 3926. 3926. 3067.   20.   20.
 3067.   20. 
 20. 20. 20. 20. 20. 20. 20. 20. 20. 20. 20. 20. 20. 20. 20. 20. 20. 20.
 20. 20. 20. 20. 20. 20. 20. 20. 
 3067. 3926. 3926. 3926. 3926. 3067. 3067. 3067. 3067. 3067. 3067. 3067.
 3067. 3067. 3067. 3926. 3926. 3926. 3926. 3926. 3926. 3926. 3067. 3067.
   20.   20. 
   20.   20. 3067. 3067. 3926. 3926. 3926. 3067.   20.   20.   20.   20.
   20.   20.   20.   20.   20.   20.   20.   20.   20.   20.   20.   20.
   20.   20. 
   20.   20.   20.   20.   20.   20.   20.   20.   20.   20.   20. 3067.
 3067. 3067. 3926. 3926. 3926. 3926. 3067. 3067. 3926. 3926. 3926. 3067.
 3067. 3067. 
 3067. 3067. 3067. 3067. 3067. 3067. 3067. 3067.   20.   20.   20.   20.
   20.   20. 3067. 3067. 3926. 3926. 3926. 3067.   20.   20.   20.   20.
   20.   20. 
   20.   20.   20.   20.   20.   20.   20.   20.   20.   20.   20.   20.
   20.   20.   20.   20.   20.   20.   20.   20.   20.   20.   20. 3067.
 3926. 3067. 
 3067. 3926. 3926. 3926. 3926. 3067. 3067. 3067. 3067. 3067. 3926. 3067.
   20.   20.   20.   20.   20.   20.   20.   20. 3067. 3067. 3067. 3067.
 3067.   20. 
   20. 3067. 3926. 3926. 3926. 3067.   20.   20.   20.   20.   20.   20.
   20.   20.   20.   20.   20.   20.   20.   20.   20.   20.   20.   20.
   20.   20. 
   20.   20.   20.   20.   20.   20.   20.   20. 3067. 3067. 3926. 3926.
 3067. 3067. 3926. 3926. 3926. 3926. 3067. 3067. 3067. 3926. 3926. 3926.
 3067.   20. 
   20.   20.   20.   20. 3067. 3067. 3067. 3067. 3926. 3067. 3067. 3067.
 3067. 3067. 3926. 3926. 3926. 3067.   20.   20.   20.   20.   20.   20.
   20.   20. 
   20.   20.   20.   20.   20.   20.   20.   20.   20.   20.   20.   20.
   20.   20.   20.   20.   20.   20.   20.   20. 3067. 3067. 3067. 3067.
 3067. 3067. 
 3067. 3926. 3926. 3926. 3926. 3067. 3067. 3926. 3926. 3926. 3067.   20.
   20.   20.   20. 3067. 3067. 3926. 3926. 3926. 3926. 3926. 3926. 3926.
 3926. 3926. 
 3926. 3926. 3926. 3067.   20.   20.   20.   20.   20.   20.   20.   20.
   20.   20.   20.   20.   20.   20.   20.   20.   20.   20.   20.   20.
   20.   20. 
   20.   20.   20.   20.   20. 3067. 3067. 3067. 3067. 3067. 3067. 3067.
 3067. 3067. 3926. 3926. 3926. 3067. 3067. 3926. 3926. 3926. 3067.   20.
   20.   20. 
   20. 3067. 3926. 3926. 3926. 3926. 3926. 3926. 3926. 3926. 3926. 3926.
 3926. 3926. 3926. 3067.   20.   20.   20.   20.   20.   20.   20.   20.
   20.   20. 
   20.   20.   20.   20.   20.   20.   20.   20.   20.   20.   20.   20.
   20.   20.   20.   20. 3067. 3067. 3067. 3926. 3926. 3926. 3926. 3926.
 3926. 3926. 
 3926. 3926. 3926. 3067. 3067. 3926. 3926. 3926. 3067.   20.   20.   20.
   20. 3067. 3926. 3926. 3926. 3926. 3926. 3926. 3926. 3926. 3926. 3926.
 3926. 3926. 
 3067. 3067.   20.   20.   20.   20.   20.   20.   20.   20.   20.   20.
   20.   20.   20.   20.   20.   20.   20.   20.   20.   20.   20.   20.
   20.   20. 
   20. 3067. 3067. 3926. 3926. 3926. 3926. 3926. 3926. 3926. 3926. 3926.
 3926. 3926. 3067. 3067. 3067. 3926. 3926. 3067.   20.   20.   20.   20.
   20. 3067. 
 3926. 3926. 3926. 3067. 3067. 3067. 3067. 3067. 3067. 3067. 3067. 3067.
 3067.   20.   20.   20.   20.   20.   20.   20.   20.   20.   20.   20.
   20.   20. 
   20.   20.   20.   20.   20.   20.   20.   20.   20.   20.   20.   20.
   20. 3067. 3067. 3926. 3926. 3926. 3926. 3926. 3926. 3926. 3926. 3067.
 3067. 3067. 
 3067. 3067. 3067. 3067. 3067. 3067.   20.   20.   20.   20.   20. 3067.
 3926. 3926. 3926. 3067. 3067.   20.   20.   20.   20.   20.   20.   20.
   20.   20. 
   20.   20.   20.   20.   20.   20.   20.   20.   20.   20.   20.   20.
   20.   20.   20.   20.   20.   20.   20.   20.   20.   20.   20.   20.
   20. 3067. 
 3926. 3926. 3926. 3067. 3067. 3067. 3067. 3067. 3067. 3067. 3067. 3067.
   20.   20.   20.   20.   20.   20.   20.   20.   20.   20.   20. 3067.
 3926. 3926. 
 3926. 3926. 3067. 3067.   20.   20.   20.   20.   20.   20.   20.   20.
   20.   20.   20.   20.   20.   20.   20.   20.   20.   20.   20.   20.
   20.   20. 
   20.   20.   20.   20.   20.   20.   20.   20. 3067. 3067. 3067. 3067.
 3926. 3926. 3067. 3067. 3067. 3067. 3067. 3067. 3067. 3067. 3067. 3067.
   20.   20. 
   20.   20.   20.   20.   20.   20.   20.   20.   20. 3067. 3067. 3926.
 3926. 3926. 3926. 3067.   20.   20.   20.   20.   20.   20.   20.   20.
   20.   20. 
   20.   20.   20.   20.   20.   20.   20.   20.   20.   20.   20.   20.
   20.   20.   20.   20.   20.   20.   20.   20. 3067. 3067. 3067. 3067.
 3926. 3926. 
 3926. 3067. 3926. 3926. 3926. 3926. 3067. 3067. 3926. 3067.   20.   20.
   20.   20.   20.   20.   20.   20.   20.   20.   20.   20. 3067. 3067.
 3926. 3926. 
 3926. 3067. 3067.   20.   20.   20.   20.   20.   20.   20.   20.   20.
   20. 3067. 3067. 3067. 3067. 3067.   20.   20.   20.   20.   20.   20.
   20.   20. 
   20.   20.   20.   20.   20. 3067. 3067. 3926. 3067. 3067. 3926. 3926.
 3926. 3067. 3926. 3926. 3926. 3067. 3067. 3926. 3067. 3067.   20.   20.
   20.   20. 
   20.   20.   20.   20.   20.   20.   20.   20.   20. 3067. 3067. 3926.
 3926. 3926. 3067.   20.   20.   20.   20.   20.   20.   20.   20. 3067.
 3067. 3067. 
 3926. 3926. 3926. 3926.   20.   20.   20.   20.   20.   20.   20.   20.
   20.   20.   20.   20.   20. 3067. 3926. 3926. 3926. 3067. 3067. 3926.
 3926. 3067. 
 3067. 3067. 3067. 3067. 3926. 3926. 3067.   20.   20.   20.   20.   20.
   20.   20.   20.   20.   20.   20.   20.   20.   20. 3067. 3067. 3926.
 3926. 3926. 
 3067. 3067.   20.   20.   20.   20.   20.   20. 3067. 3067. 3926. 3926.
 3926. 3926. 3926. 3926.   20.   20.   20.   20.   20.   20.   20.   20.
   20.   20. 
   20.   20.   20. 3067. 3067. 3926. 3926. 3067. 3067. 3926. 3926. 3926.
 3067. 3067. 3926. 3926. 3926. 3926. 3067.   20.   20.   20.   20.   20.
   20.   20. 
   20.   20.   20.   20.   20.   20.   20.   20. 3067. 3926. 3926. 3926.
 3067. 3067.   20.   20.   20.   20.   20.   20. 3067. 3926. 3926. 3926.
 3926. 3926. 
 3926. 3926.   20.   20.   20.   20.   20.   20.   20.   20.   20.   20.
   20.   20.   20. 3067. 3067. 3926. 3926. 3926. 3067. 3926. 3926. 3926.
 3067. 3067. 
 3926. 3926. 3067. 3067.   20.   20.   20.   20.   20.   20.   20.   20.
   20.   20.   20.   20.   20. 3067. 3067. 3067. 3067. 3926. 3926. 3926.
 3067.   20. 
   20.   20.   20.   20.   20.   20. 3067. 3067. 3926. 3926. 3926. 3067.
 3067. 3067.   20.   20.   20.   20.   20.   20.   20.   20.   20.   20.
   20.   20. 
   20.   20. 3067. 3067. 3067. 3067. 3067. 3926. 3926. 3926. 3067. 3067.
 3067. 3067. 3067.   20.   20.   20.   20.   20.   20.   20.   20.   20.
   20.   20. 
   20. 3067. 3067. 3067. 3926. 3926. 3926. 3926. 3926. 3926. 3067.   20.
   20.   20.   20.   20.   20.   20.   20. 3067. 3926. 3067. 3067. 3067.
 3067. 3067. 
   20.   20.   20.   20.   20.   20.   20.   20.   20.   20.   20. 3067.
 3067. 3067. 3067. 3067. 3067. 3926. 3926. 3926. 3926. 3926. 3067. 3067.
   20.   20. 
   20.   20.   20.   20.   20.   20.   20.   20.   20.   20.   20.   20.
 3067. 3067. 3926. 3926. 3926. 3926. 3926. 3926. 3926. 3067. 3067.   20.
   20.   20. 
   20.   20.   20.   20.   20. 3067. 3067. 3067. 3926. 3926. 3926. 3926.
   20.   20.   20.   20.   20.   20.   20.   20. 3067. 3067. 3067. 3067.
 3067. 3067. 
 3067. 3926. 3926. 3926. 3926. 3926. 3926. 3067. 3067.   20.   20.   20.
   20.   20.   20.   20.   20.   20.   20.   20.   20.   20.   20. 3067.
 3067. 3926. 
 3926. 3926. 3926. 3926. 3067. 3067. 3067. 3067.   20.   20.   20.   20.
   20.   20.   20.   20.   20. 3067. 3926. 3926. 3926. 3926. 3926. 3926.
   20.   20. 
   20.   20.   20.   20.   20.   20. 3067. 3067. 3926. 3926. 3926. 3926.
 3926. 3926. 3926. 3926. 3926. 3926. 3926. 3067. 3067.   20.   20.   20.
   20.   20. 
   20.   20.   20.   20.   20.   20.   20.   20. 3067. 3067. 3926. 3926.
 3926. 3926. 3067. 3067. 3067. 3067.   20.   20.   20.   20.   20.   20.
   20.   20. 
   20.   20.   20. 3067. 3926. 3926. 3926. 3926. 3067. 3067.   20.   20.
   20.   20.   20.   20.   20. 3067. 3067. 3926. 3926. 3926. 3926. 3926.
 3926. 3926. 
 3926. 3926. 3067. 3067. 3067. 3067. 3067.   20.   20.   20.   20.   20.
   20.   20.   20.   20.   20.   20.   20.   20. 3067. 3926. 3926. 3926.
 3926. 3067. 
 3067.   20.   20.   20.   20.   20.   20.   20.   20.   20.   20.   20.
   20.   20.   20. 3067. 3926. 3926. 3926. 3067. 3067. 3067.   20.   20.
   20.   20. 
   20.   20. 3067. 3067. 3067. 3926. 3926. 3926. 3926. 3926. 3926. 3067.
 3067. 3067. 3067. 3067. 3926. 3067. 3067.   20.   20.   20.   20.   20.
   20.   20. 
   20.   20.   20.   20.   20.   20. 3067. 3926. 3926. 3926. 3926. 3067.
   20.   20.   20.   20.   20.   20.   20. 3067. 3067. 3067. 3067.   20.
   20.   20. 
   20. 3067. 3926. 3926. 3926. 3067. 3067. 3067.   20.   20.   20.   20.
   20. 3067. 3067. 3067. 3067. 3926. 3926. 3926. 3067. 3067. 3067. 3067.
 3067. 3926. 
 3926. 3926. 3067. 3067.   20.   20.   20.   20.   20.   20.   20.   20.
   20.   20.   20.   20.   20.   20. 3067. 3067. 3926. 3926. 3926. 3926.
 3067.   20. 
   20.   20.   20.   20. 3067. 3067. 3926. 3926. 3926. 3067. 3067.   20.
   20. 3067. 3067. 3926. 3926. 3067. 3067.   20.   20.   20.   20.   20.
 3067. 3926. 
 3926. 3067. 3067. 3926. 3926. 3926. 3926. 3067. 3067. 3926. 3926. 3926.
 3067. 3067. 3067.   20.   20.   20.   20.   20.   20.   20.   20.   20.
   20.   20. 
   20.   20.   20.   20.   20. 3067. 3926. 3926. 3926. 3926. 3926. 3067.
   20.   20.   20.   20. 3067. 3926. 3926. 3926. 3926. 3926. 3926. 3067.
 3067. 3067. 
 3067. 3926. 3926. 3926. 3067.   20.   20.   20.   20.   20. 3067. 3926.
 3926. 3926. 3067. 3067. 3926. 3926. 3926. 3067. 3067. 3067. 3067. 3067.
 3067.   20. 
   20.   20.   20.   20.   20.   20.   20.   20.   20.   20.   20.   20.
   20.   20.   20.   20.   20. 3067. 3067. 3926. 3926. 3926. 3926. 3067.
 3067.   20. 
   20.   20. 3067. 3926. 3926. 3926. 3067. 3067. 3067. 3926. 3926. 3926.
 3067. 3926. 3926. 3926. 3067. 3067.   20.   20.   20. 3067. 3926. 3926.
 3926. 3067. 
 3067. 3067. 3926. 3926. 3926. 3926. 3067. 3067. 3067.   20.   20.   20.
   20.   20.   20.   20.   20.   20.   20.   20.   20.   20.   20.   20.
   20.   20. 
   20.   20.   20.   20. 3067. 3067. 3926. 3926. 3926. 3926. 3067.   20.
   20.   20. 3067. 3926. 3926. 3067. 3067. 3926. 3926. 3067. 3067. 3067.
 3067. 3067. 
 3926. 3926. 3926. 3067.   20.   20.   20.   20. 3067. 3926. 3926. 3926.
 3067. 3067. 3067. 3926. 3926. 3926. 3926. 3067. 3067.   20.   20.   20.
   20.   20. 
   20.   20.   20.   20.   20.   20.   20.   20.   20.   20.   20.   20.
   20.   20.   20.   20.   20. 3067. 3926. 3926. 3926. 3926. 3067. 3067.
   20.   20. 
 3067. 3926. 3067. 3926. 3926. 3926. 3926. 3926. 3926. 3926. 3926. 3067.
 3926. 3926. 3926. 3067.   20.   20.   20.   20. 3067. 3926. 3926. 3926.
 3926. 3067. 
 3067. 3067. 3926. 3926. 3926. 3926. 3067. 3067.   20.   20.   20.   20.
   20.   20.   20.   20.   20.   20.   20.   20.   20.   20.   20.   20.
   20.   20. 
   20.   20.   20.   20. 3067. 3926. 3926. 3926. 3926. 3067.   20.   20.
 3067. 3926. 3067. 3926. 3926. 3926. 3926. 3926. 3926. 3926. 3926. 3926.
 3926. 3926. 
 3926. 3067.   20.   20.   20.   20. 3067. 3067. 3067. 3067. 3067. 3067.
 3067. 3067. 3067. 3926. 3926. 3926. 3926. 3067.   20.   20.   20.   20.
   20.   20. 
   20.   20.   20.   20.   20.   20.   20.   20.   20.   20.   20.   20.
   20.   20.   20. 3067. 3067. 3067. 3926. 3926. 3926. 3067.   20.   20.
 3067. 3926. 
 3067. 3926. 3926. 3926. 3926. 3926. 3926. 3926. 3926. 3926. 3926. 3926.
 3067.   20. 
/