PERMI
 17. 17. 17. 17. 17. 17. 17. 17. 17. 17. 17. 17. 17. 17. 17. 17. 17. 17.
 17. 17. 17. 17. 17. 17. 17. 17. 
   17.   17.   17.   17.   17.   17.   17.   17. 2569. 2569. 2569. 2569.
 2569. 2569. 2569. 2569. 2569. 2569. 2569. 2569. 2569. 2569. 2569. 2569.
 2569. 2569. 
 3205. 3205. 3205. 3205. 3205. 3205. 3205. 2569.   17.   17.   17.   17.
   17.   17.   17.   17.   17.   17.   17.   17.   17.   17.   17.   17.
   17.   17. 
   17.   17.   17.   17.   17.   17.   17.   17.   17.   17.   17.   17.
   17.   17.   17.   17.   17.   17.   17. 2569. 2569. 2569. 3205. 3205.
 3205. 3205. 
 3205. 3205. 3205. 2569. 2569. 2569. 2569. 2569. 2569. 2569. 3205. 3205.
 3205. 3205. 3205. 3205. 3205. 2569. 2569. 2569.   17.   17.   17.   17.
   17.   17. 
 17. 17. 17. 17. 17. 17. 17. 17. 17. 17. 17. 17. 17. 17. 17. 17. 17. 17.
 17. 17. 17. 17. 17. 17. 17. 17. 
   17.   17.   17. 2569. 2569. 2569. 3205. 3205. 3205. 3205. 3205. 3205.
 3205. 3205. 3205. 3205. 3205. 3205. 3205. 3205. 3205. 3205. 3205. 3205.
 3205. 3205. 
 3205. 2569. 2569. 2569.   17.   17.   17.   17.   17.   17.   17.   17.
   17.   17.   17.   17.   17.   17.   17.   17.   17.   17.   17.   17.
   17.   17. 
   17.   17.   17.   17.   17.   17.   17.   17.   17.   17.   17. 2569.
 2569. 2569. 2569. 2569. 2569. 3205. 3205. 3205. 3205. 3205. 2569. 2569.
 2569. 3205. 
 3205. 3205. 3205. 3205. 3205. 3205. 3205. 3205. 3205. 3205. 3205. 2569.
 2569. 2569.   17.   17.   17.   17.   17.   17.   17.   17.   17.   17.
   17.   17. 
   17.   17.   17.   17.   17.   17.   17.   17.   17.   17.   17.   17.
   17.   17.   17.   17.   17.   17. 2569. 2569. 2569. 2569. 2569. 2569.
 2569. 3205. 
 3205. 3205. 3205. 3205. 3205. 3205. 2569. 2569. 2569. 2569. 2569. 2569.
 2569. 2569. 3205. 3205. 3205. 3205. 3205. 3205. 2569. 2569. 2569. 2569.
   17.   17. 
 17. 17. 17. 17. 17. 17. 17. 17. 17. 17. 17. 17. 17. 17. 17. 17. 17. 17.
 17. 17. 17. 17. 17. 17. 17. 17. 
   17.   17.   17. 2569. 2569. 2569. 3205. 3205. 3205. 3205. 3205. 3205.
 3205. 3205. 3205. 3205. 3205. 2569. 2569. 2569.   17.   17.   17.   17.
 2569. 2569. 
 2569. 2569. 2569. 2569. 2569. 2569. 2569. 2569.   17.   17.   17.   17.
   17.   17.   17.   17.   17.   17.   17.   17.   17.   17.   17.   17.
   17.   17. 
   17.   17.   17.   17.   17.   17.   17.   17.   17.   17.   17.   17.
   17. 2569. 2569. 2569. 3205. 3205. 3205. 3205. 3205. 3205. 3205. 3205.
 3205. 3205. 
 3205. 2569. 2569. 2569.   17.   17.   17.   17.   17.   17.   17.   17.
   17.   17.   17.   17.   17.   17.   17.   17.   17.   17.   17.   17.
   17.   17. 
   17.   17.   17.   17.   17.   17.   17.   17.   17.   17.   17.   17.
   17.   17.   17.   17.   17.   17.   17.   17.   17.   17.   17.   17.
 2569. 2569. 
 3205. 3205. 3205. 3205. 3205. 3205. 3205. 3205. 3205. 2569. 2569. 2569.
 2569. 2569.   17.   17.   17.   17.   17.   17.   17.   17.   17.   17.
   17.   17. 
 17. 17. 17. 17. 17. 17. 17. 17. 17. 17. 17. 17. 17. 17. 17. 17. 17. 17.
 17. 17. 17. 17. 17. 17. 17. 17. 
   17.   17.   17.   17.   17. 2569. 2569. 2569. 2569. 2569. 2569. 3205.
 3205. 3205. 3205. 3205. 2569. 2569. 2569. 2569. 2569. 2569. 2569.   17.
   17.   17. 
 17. 17. 17. 17. 17. 17. 17. 17. 17. 17. 17. 17. 17. 17. 17. 17. 17. 17.
 17. 17. 17. 17. 17. 17. 17. 17. 
   17.   17.   17.   17.   17.   17.   17.   17.   17.   17.   17.   17.
   17.   17.   17. 2569. 2569. 2569. 2569. 2569. 2569. 3205. 3205. 3205.
 3205. 3205. 
 3205. 2569. 2569. 2569. 2569.   17.   17.   17.   17.   17.   17.   17.
   17.   17.   17.   17.   17.   17.   17.   17.   17.   17.   17.   17.
   17.   17. 
   17.   17.   17.   17.   17.   17.   17.   17.   17.   17.   17.   17.
   17.   17.   17.   17.   17.   17.   17.   17.   17.   17.   17.   17.
   17. 2569. 
 2569. 2569. 2569. 3205. 3205. 3205. 3205. 3205. 3205. 3205. 3205. 2569.
 2569. 2569.   17.   17.   17.   17.   17.   17.   17.   17.   17.   17.
   17.   17. 
 17. 17. 17. 17. 17. 17. 17. 17. 17. 17. 17. 17. 17. 17. 17. 17. 17. 17.
 17. 17. 17. 17. 17. 17. 17. 17. 
   17.   17.   17. 2569. 2569. 2569. 2569. 2569. 2569. 2569. 2569. 2569.
 2569. 3205. 3205. 3205. 3205. 3205. 3205. 3205. 3205. 3205. 2569. 2569.
 2569.   17. 
 17. 17. 17. 17. 17. 17. 17. 17. 17. 17. 17. 17. 17. 17. 17. 17. 17. 17.
 17. 17. 17. 17. 17. 17. 17. 17. 
   17.   17.   17.   17.   17.   17.   17.   17.   17.   17.   17.   17.
   17.   17. 2569. 2569. 2569. 2569. 2569. 2569. 2569. 2569. 3205. 3205.
 3205. 3205. 
 3205. 3205. 3205. 3205. 2569. 2569. 2569. 2569. 2569. 2569.   17.   17.
   17.   17.   17.   17.   17.   17.   17.   17.   17.   17.   17.   17.
   17.   17. 
 17. 17. 17. 17. 17. 17. 17. 17. 17. 17. 17. 17. 17. 17. 17. 17. 17. 17.
 17. 17. 17. 17. 17. 17. 17. 17. 
 3205. 3205. 3205. 3205. 3205. 3205. 3205. 3205. 3205. 3205. 3205. 3205.
 2569. 2569. 2569. 2569. 2569. 2569. 2569. 2569.   17.   17.   17.   17.
   17.   17. 
 17. 17. 17. 17. 17. 17. 17. 17. 17. 17. 17. 17. 17. 17. 17. 17. 17. 17.
 17. 17. 17. 17. 17. 17. 17. 17. 
   17.   17.   17.   17.   17. 2569. 2569. 2569. 2569. 2569. 2569. 2569.
 3205. 3205. 3205. 3205. 3205. 3205. 3205. 3205. 3205. 3205. 2569. 2569.
 2569. 2569. 
 17. 17. 17. 17. 17. 17. 17. 17. 17. 17. 17. 17. 17. 17. 17. 17. 17. 17.
 17. 17. 17. 17. 17. 17. 17. 17. 
   17.   17.   17.   17.   17.   17.   17.   17.   17.   17.   17.   17.
   17.   17.   17. 2569. 2569. 2569. 2569. 2569. 2569. 2569. 3205. 3205.
 3205. 2569. 
 2569. 2569. 2569. 2569. 2569. 2569. 2569. 2569. 2569. 2569.   17.   17.
   17.   17.   17.   17.   17.   17.   17.   17.   17.   17.   17.   17.
   17.   17. 
   17.   17.   17.   17.   17.   17.   17.   17.   17.   17.   17.   17.
   17.   17.   17.   17.   17.   17.   17.   17.   17.   17. 2569. 2569.
   17.   17. 
 2569. 2569. 3205. 3205. 3205. 2569. 3205. 3205. 3205. 3205. 2569. 2569.
 2569. 2569. 2569. 2569. 2569. 2569. 2569.   17.   17.   17.   17.   17.
   17.   17. 
 17. 17. 17. 17. 17. 17. 17. 17. 17. 17. 17. 17. 17. 17. 17. 17. 17. 17.
 17. 17. 17. 17. 17. 17. 17. 17. 
   17.   17.   17.   17.   17.   17. 2569. 2569. 3205. 3205. 3205. 2569.
 2569. 3205. 2569. 2569. 2569. 3205. 3205. 3205. 3205. 3205.   17.   17.
   17.   17. 
 17. 17. 17. 17. 17. 17. 17. 17. 17. 17. 17. 17. 17. 17. 17. 17. 17. 17.
 17. 17. 17. 17. 17. 17. 17. 17. 
   17.   17.   17.   17.   17.   17.   17.   17.   17.   17.   17.   17.
   17.   17.   17.   17. 2569. 2569. 3205. 3205. 3205. 3205. 3205. 3205.
 3205. 3205. 
 3205. 3205. 3205. 3205. 3205. 3205. 2569. 2569.   17.   17.   17.   17.
   17.   17.   17.   17.   17.   17.   17.   17.   17.   17.   17.   17.
   17.   17. 
 17. 17. 17. 17. 17. 17. 17. 17. 17. 17. 17. 17. 17. 17. 17. 17. 17. 17.
 17. 17. 17. 17. 17. 17. 17. 17. 
   17. 2569. 2569. 3205. 3205. 3205. 3205. 3205. 3205. 3205. 3205. 3205.
 3205. 3205. 3205. 3205. 2569. 2569. 2569. 2569.   17.   17.   17.   17.
   17.   17. 
 17. 17. 17. 17. 17. 17. 17. 17. 17. 17. 17. 17. 17. 17. 17. 17. 17. 17.
 17. 17. 17. 17. 17. 17. 17. 17. 
   17.   17.   17.   17.   17.   17.   17.   17.   17.   17.   17.   17.
 2569. 2569. 3205. 3205. 3205. 3205. 3205. 2569. 3205. 3205. 3205. 3205.
 3205. 3205. 
 2569. 2569.   17.   17. 2569. 2569.   17.   17.   17.   17.   17.   17.
   17.   17.   17.   17.   17.   17.   17.   17.   17.   17.   17.   17.
   17.   17. 
   17.   17.   17.   17.   17.   17.   17.   17.   17.   17.   17.   17.
 2569. 2569. 2569. 2569. 2569. 2569. 2569. 2569. 2569. 2569. 2569. 2569.
 3205. 3205. 
 3205. 3205. 3205. 2569. 2569. 2569. 2569. 2569. 2569. 2569. 2569. 2569.
 2569. 2569. 2569. 2569. 2569. 3205.   17.   17.   17.   17.   17.   17.
   17.   17. 
   17.   17.   17.   17.   17.   17.   17.   17.   17.   17.   17.   17.
   17.   17.   17.   17.   17.   17.   17.   17.   17.   17.   17. 2569.
 2569. 3205. 
 3205. 3205. 3205. 3205. 3205. 3205. 3205. 3205. 3205. 3205. 3205. 3205.
 3205. 3205. 2569. 2569. 2569. 2569. 2569. 3205. 3205. 2569. 2569. 2569.
 3205. 3205. 
 3205. 3205. 3205. 3205.   17.   17.   17.   17.   17.   17.   17.   17.
   17.   17.   17.   17.   17.   17.   17.   17.   17.   17.   17.   17.
   17.   17. 
   17.   17.   17.   17.   17.   17.   17.   17.   17. 2569. 3205. 3205.
 3205. 3205. 3205. 3205. 3205. 3205. 3205. 3205. 3205. 3205. 3205. 3205.
 3205. 2569. 
 2569. 2569. 2569. 2569. 3205. 3205. 3205. 2569. 3205. 3205. 3205. 3205.
 3205. 3205. 3205. 3205.   17.   17.   17.   17.   17.   17.   17.   17.
   17.   17. 
   17.   17.   17.   17.   17.   17.   17.   17.   17.   17.   17.   17.
   17.   17.   17.   17.   17.   17.   17. 2569. 2569. 3205. 3205. 3205.
 3205. 3205. 
 3205. 3205. 3205. 3205. 3205. 3205. 3205. 3205. 3205. 2569. 2569. 2569.
 2569. 2569. 3205. 3205. 2569. 2569. 2569. 2569. 3205. 3205. 3205. 3205.
 3205. 3205. 
 3205. 3205.   17.   17.   17.   17.   17.   17.   17.   17.   17.   17.
   17.   17.   17.   17.   17.   17.   17.   17.   17.   17.   17.   17.
   17.   17. 
   17.   17. 2569. 2569. 2569. 3205. 3205. 3205. 3205. 3205. 2569. 2569.
 2569. 2569. 2569. 2569. 2569. 3205. 3205. 2569. 2569. 2569. 2569. 3205.
 2569. 2569. 
 2569. 2569. 2569. 2569. 3205. 3205. 3205. 3205. 3205. 2569. 2569. 2569.
 2569. 2569.   17.   17.   17.   17.   17.   17. 2569. 2569. 2569. 2569.
 2569. 2569. 
 2569.   17.   17.   17.   17.   17.   17.   17.   17.   17.   17.   17.
 2569. 2569. 2569. 3205. 3205. 3205. 3205. 3205. 3205. 2569. 2569. 3205.
 3205. 3205. 
 3205. 2569. 2569. 2569. 2569. 2569. 2569. 2569. 3205. 3205. 3205. 3205.
 3205. 3205. 3205. 3205. 3205. 3205. 3205. 3205. 2569. 2569. 2569. 2569.
 2569.   17. 
   17.   17.   17.   17. 2569. 2569. 2569. 3205. 3205. 3205. 3205. 2569.
 2569. 2569. 2569.   17.   17.   17.   17.   17.   17. 2569. 2569. 3205.
 3205. 3205. 
 3205. 3205. 3205. 3205. 3205. 3205. 2569. 3205. 3205. 3205. 3205. 3205.
 2569. 2569.   17.   17.   17. 2569. 2569. 3205. 3205. 3205. 3205. 3205.
 3205. 3205. 
 3205. 3205. 3205. 3205. 3205. 2569. 2569.   17.   17.   17.   17.   17.
   17.   17. 2569. 2569. 2569. 3205. 3205. 3205. 3205. 3205. 3205. 3205.
 3205. 3205. 
 2569. 2569. 2569. 2569. 2569. 2569. 2569. 2569. 3205. 3205. 3205. 3205.
 3205. 3205. 3205. 3205. 2569. 2569. 3205. 3205. 3205. 3205. 3205. 2569.
 2569.   17. 
   17. 2569. 2569. 2569. 3205. 3205. 3205. 3205. 3205. 3205. 3205. 3205.
 3205. 3205. 3205. 2569. 2569. 2569.   17.   17.   17.   17.   17.   17.
 2569. 2569. 
 2569. 3205. 3205. 3205. 3205. 3205. 2569. 2569. 3205. 3205. 3205. 3205.
 3205. 3205. 3205. 2569. 3205. 2569. 2569. 3205. 3205. 3205. 3205. 3205.
 3205. 3205. 
 2569. 2569. 2569. 2569. 3205. 3205. 3205. 2569. 2569. 2569.   17.   17.
 2569. 2569. 3205. 3205. 3205. 3205. 3205. 2569. 2569. 2569. 2569. 2569.
 2569. 2569. 
 2569. 2569. 2569.   17.   17.   17.   17.   17.   17.   17. 3205. 3205.
 3205. 3205. 3205. 3205. 2569. 2569. 2569. 2569. 2569. 2569. 2569. 3205.
 3205. 3205. 
 3205. 3205. 3205. 2569. 3205. 3205. 3205. 3205. 2569. 2569. 2569. 2569.
   17.   17. 2569. 2569. 2569. 2569. 2569. 2569.   17.   17. 2569. 2569.
 2569. 3205. 
 3205. 3205. 3205. 3205. 2569. 2569.   17.   17. 2569. 2569. 2569. 2569.
   17.   17.   17.   17.   17.   17.   17.   17.   17.   17. 3205. 3205.
 3205. 3205. 
 2569. 2569.   17.   17.   17.   17.   17.   17. 2569. 2569. 2569. 2569.
 3205. 3205. 2569. 3205. 3205. 3205. 3205. 2569. 2569.   17.   17.   17.
   17.   17. 
   17.   17.   17. 2569. 2569. 2569. 2569. 2569. 2569. 3205. 3205. 3205.
 3205. 3205. 2569. 2569. 2569.   17.   17.   17.   17.   17.   17.   17.
   17.   17. 
   17.   17.   17.   17.   17.   17.   17.   17. 2569. 2569. 2569. 2569.
 2569.   17.   17.   17.   17.   17.   17.   17.   17.   17.   17. 2569.
 2569. 2569. 
 3205. 3205. 3205. 3205. 2569.   17.   17.   17.   17.   17.   17.   17.
 2569. 2569. 2569. 2569. 2569. 2569. 3205. 3205. 3205. 3205. 3205. 3205.
 3205. 2569. 
 2569.   17.   17.   17.   17.   17.   17.   17.   17.   17.   17.   17.
   17.   17.   17.   17.   17.   17.   17.   17. 2569. 2569.   17.   17.
   17.   17. 
   17.   17.   17.   17.   17.   17.   17.   17.   17.   17.   17. 2569.
 3205. 3205. 3205. 3205.   17.   17.   17.   17.   17.   17.   17. 2569.
 2569. 2569. 
 3205. 3205. 3205. 3205. 3205. 3205. 3205. 3205. 3205. 2569. 2569. 2569.
   17.   17.   17.   17.   17.   17.   17.   17.   17.   17.   17.   17.
   17.   17. 
   17.   17.   17.   17.   17.   17.   17.   17.   17.   17.   17.   17.
   17.   17.   17.   17.   17.   17.   17.   17.   17.   17.   17. 2569.
 3205. 3205. 
 3205. 2569.   17.   17.   17.   17.   17.   17. 2569. 2569. 3205. 3205.
 3205. 3205. 3205. 3205. 3205. 3205. 3205. 2569. 2569. 2569.   17.   17.
   17.   17. 
 17. 17. 17. 17. 17. 17. 17. 17. 17. 17. 17. 17. 17. 17. 17. 17. 17. 17.
 17. 17. 17. 17. 17. 17. 17. 17. 
   17.   17.   17.   17.   17.   17.   17.   17. 2569. 3205. 3205. 3205.
 3205. 2569.   17.   17.   17.   17.   17. 2569. 2569. 3205. 3205. 3205.
 3205. 2569. 
 2569. 2569. 2569. 2569. 2569. 2569. 2569.   17.   17.   17.   17.   17.
   17.   17.   17.   17.   17.   17.   17.   17.   17.   17.   17.   17.
   17.   17. 
   17.   17.   17.   17.   17.   17.   17.   17.   17.   17.   17.   17.
   17.   17.   17.   17.   17.   17.   17. 2569. 3205. 3205. 3205. 3205.
 2569.   17. 
   17.   17.   17.   17. 2569. 2569. 3205. 3205. 3205. 3205. 2569. 2569.
 2569. 2569. 2569. 2569.   17.   17.   17.   17.   17.   17.   17.   17.
   17.   17. 
 17. 17. 17. 17. 17. 17. 17. 17. 17. 17. 17. 17. 17. 17. 17. 17. 17. 17.
 17. 17. 17. 17. 17. 17. 17. 17. 
   17.   17.   17.   17. 2569. 3205. 3205. 3205. 3205. 2569.   17.   17.
   17.   17.   17.   17. 2569. 2569. 3205. 3205. 3205. 2569. 2569.   17.
   17.   17. 
 17. 17. 17. 17. 17. 17. 17. 17. 17. 17. 17. 17. 17. 17. 17. 17. 17. 17.
 17. 17. 17. 17. 17. 17. 17. 17. 
   17.   17.   17.   17.   17.   17.   17.   17.   17.   17.   17.   17.
   17.   17. 2569. 2569. 3205. 3205. 3205. 3205. 2569. 2569.   17.   17.
   17.   17. 
   17. 2569. 2569. 3205. 3205. 3205. 2569. 2569.   17.   17.   17.   17.
   17.   17.   17.   17.   17.   17.   17.   17.   17.   17.   17.   17.
   17.   17. 
   17.   17.   17.   17.   17.   17.   17.   17.   17.   17.   17.   17.
   17.   17.   17.   17.   17.   17.   17.   17.   17.   17.   17. 2569.
 2569. 2569. 
 3205. 3205. 3205. 3205. 3205. 2569. 2569.   17.   17.   17.   17.   17.
 2569. 2569. 3205. 3205. 3205. 3205. 2569. 2569.   17.   17.   17.   17.
   17.   17. 
 17. 17. 17. 17. 17. 17. 17. 17. 17. 17. 17. 17. 17. 17. 17. 17. 17. 17.
 17. 17. 17. 17. 17. 17. 17. 17. 
   17.   17.   17.   17.   17.   17.   17. 2569. 2569. 3205. 3205. 3205.
 3205. 3205. 3205. 2569. 2569.   17.   17.   17.   17. 2569. 2569. 2569.
 2569. 2569. 
 3205. 3205. 3205. 3205. 2569.   17.   17.   17.   17.   17.   17.   17.
   17.   17.   17.   17.   17.   17.   17.   17.   17.   17.   17.   17.
   17.   17. 
   17.   17.   17.   17.   17.   17.   17.   17.   17.   17.   17. 2569.
   17.   17.   17.   17.   17.   17. 2569. 3205. 3205. 3205. 3205. 3205.
 3205. 3205. 
 2569. 2569.   17.   17.   17.   17. 2569. 2569. 2569. 2569. 3205. 3205.
 3205. 3205. 3205. 2569. 2569.   17.   17.   17.   17.   17.   17.   17.
   17.   17. 
   17.   17.   17.   17.   17.   17.   17.   17.   17.   17.   17.   17.
   17.   17.   17.   17.   17.   17.   17.   17.   17. 2569. 2569. 2569.
   17.   17. 
   17.   17.   17. 2569. 2569. 3205. 3205. 3205. 3205. 3205. 2569. 2569.
 2569.   17.   17.   17.   17. 2569. 2569. 3205. 3205. 3205. 3205. 3205.
 3205. 3205. 
 2569. 2569.   17.   17.   17.   17.   17.   17.   17.   17.   17.   17.
   17.   17.   17.   17.   17.   17.   17.   17.   17.   17.   17.   17.
   17.   17. 
   17.   17.   17.   17.   17.   17. 2569. 2569. 3205. 3205.   17.   17.
   17.   17. 2569. 2569. 3205. 3205. 3205. 3205. 3205. 2569.   17.   17.
   17.   17. 
   17.   17. 2569. 2569. 3205. 3205. 3205. 3205. 3205. 3205. 2569. 2569.
 2569.   17.   17.   17.   17.   17.   17.   17.   17.   17.   17.   17.
   17.   17. 
   17.   17.   17.   17.   17.   17.   17.   17.   17.   17.   17.   17.
   17.   17.   17.   17.   17. 2569. 2569. 3205. 3205. 3205.   17. 2569.
 2569. 2569. 
 3205. 3205. 3205. 3205. 3205. 2569.   17.   17.   17.   17.   17.   17.
   17. 2569. 2569. 3205. 3205. 3205. 3205. 3205. 3205. 2569. 2569. 2569.
   17.   17. 
 17. 17. 17. 17. 17. 17. 17. 17. 17. 17. 17. 17. 17. 17. 17. 17. 17. 17.
 17. 17. 17. 17. 17. 17. 17. 17. 
   17.   17. 2569. 2569. 3205. 3205. 3205. 3205. 2569. 2569. 3205. 3205.
 3205. 3205. 3205. 3205. 2569.   17.   17.   17.   17.   17.   17.   17.
 2569. 2569. 
 3205. 3205. 3205. 3205. 3205. 2569. 2569. 2569.   17.   17.   17.   17.
   17.   17.   17.   17.   17.   17.   17.   17.   17.   17.   17.   17.
   17.   17. 
   17.   17.   17.   17.   17.   17.   17.   17.   17.   17.   17.   17.
   17.   17. 2569. 3205. 3205. 3205. 3205. 2569. 3205. 3205. 3205. 3205.
 3205. 3205. 
 2569. 2569.   17.   17.   17.   17.   17.   17.   17. 2569. 2569. 3205.
 3205. 3205. 3205. 2569. 2569. 2569.   17.   17.   17.   17.   17.   17.
   17.   17. 
   17.   17.   17.   17.   17.   17.   17.   17.   17.   17.   17.   17.
   17.   17.   17.   17.   17.   17.   17.   17.   17.   17.   17.   17.
   17. 2569. 
 2569. 3205. 3205. 3205. 2569. 2569. 3205. 3205. 3205. 3205. 2569. 2569.
 2569.   17.   17.   17.   17.   17.   17.   17. 2569. 2569. 3205. 3205.
 3205. 3205. 
 2569. 2569.   17.   17.   17.   17.   17.   17.   17.   17.   17.   17.
   17.   17.   17.   17.   17.   17.   17.   17.   17.   17.   17.   17.
   17.   17. 
   17.   17.   17.   17.   17.   17.   17.   17.   17.   17. 2569. 2569.
 3205. 3205. 3205. 3205. 2569.   17. 3205. 3205. 3205. 2569. 2569.   17.
   17.   17. 
   17.   17.   17.   17.   17. 2569. 2569. 3205. 3205. 3205. 3205. 2569.
 2569.   17.   17.   17.   17.   17.   17.   17.   17.   17.   17.   17.
   17.   17. 
   17.   17.   17.   17.   17.   17.   17.   17.   17.   17.   17.   17.
   17.   17.   17.   17.   17.   17.   17.   17.   17. 2569. 2569. 3205.
 3205. 3205. 
 3205. 2569. 2569.   17. 2569. 2569. 2569.   17.   17.   17.   17.   17.
   17. 2569. 2569. 2569. 2569. 2569. 3205. 3205. 3205. 3205. 2569. 2569.
   17.   17. 
 17. 17. 17. 17. 17. 17. 17. 17. 17. 17. 17. 17. 17. 17. 17. 17. 17. 17.
 17. 17. 17. 17. 17. 17. 17. 17. 
   17.   17.   17.   17. 2569. 2569. 2569. 2569. 3205. 3205. 3205. 3205.
 2569. 2569.   17.   17.   17.   17.   17.   17.   17.   17. 2569. 2569.
 2569. 2569. 
 3205. 3205. 3205. 3205. 3205. 3205. 3205. 2569. 2569.   17.   17.   17.
   17.   17.   17.   17.   17.   17.   17.   17.   17.   17.   17.   17.
   17.   17. 
   17.   17.   17.   17.   17.   17.   17.   17.   17.   17.   17.   17.
   17.   17. 2569. 2569. 2569. 3205. 3205. 3205. 3205. 3205. 3205. 2569.
 2569. 2569. 
   17.   17.   17.   17.   17.   17.   17. 2569. 2569. 3205. 3205. 3205.
 3205. 3205. 3205. 3205. 3205. 3205. 2569. 2569.   17.   17.   17.   17.
   17.   17. 
   17.   17.   17.   17.   17.   17.   17.   17.   17.   17.   17.   17.
   17.   17.   17.   17.   17.   17.   17.   17.   17.   17.   17.   17.
   17. 2569. 
 2569. 3205. 3205. 3205. 3205. 3205. 3205. 3205. 2569. 2569.   17.   17.
   17.   17.   17.   17.   17.   17. 2569. 2569. 3205. 3205. 3205. 3205.
 3205. 3205. 
 3205. 3205. 2569. 2569. 2569.   17.   17.   17.   17.   17.   17.   17.
   17.   17.   17.   17.   17.   17.   17.   17.   17.   17.   17.   17.
   17.   17. 
   17.   17.   17.   17.   17.   17.   17.   17.   17.   17. 2569. 2569.
 3205. 3205. 3205. 3205. 3205. 3205. 2569. 2569. 2569.   17.   17.   17.
   17.   17. 
   17.   17.   17. 2569. 2569. 3205. 3205. 3205. 3205. 3205. 2569. 2569.
 2569. 2569. 2569. 2569.   17.   17.   17.   17.   17.   17.   17.   17.
   17.   17. 
   17.   17.   17.   17.   17.   17.   17.   17.   17.   17.   17.   17.
   17.   17.   17.   17.   17.   17.   17.   17.   17.   17. 2569. 3205.
 3205. 3205. 
 3205. 3205. 2569. 2569. 2569.   17.   17.   17.   17.   17.   17.   17.
   17.   17.   17. 2569. 2569. 3205. 3205. 2569. 2569. 2569. 2569.   17.
   17.   17. 
 17. 17. 17. 17. 17. 17. 17. 17. 17. 17. 17. 17. 17. 17. 17. 17. 17. 17.
 17. 17. 17. 17. 17. 17. 17. 17. 
   17.   17.   17.   17.   17.   17.   17. 2569. 3205. 3205. 3205. 3205.
 2569. 2569.   17.   17.   17.   17.   17.   17.   17.   17.   17.   17.
   17.   17. 
   17. 2569. 3205. 3205. 3205. 2569. 2569.   17.   17.   17.   17.   17.
   17.   17.   17.   17.   17.   17.   17.   17.   17.   17.   17.   17.
   17.   17. 
   17.   17.   17.   17.   17.   17.   17.   17.   17.   17. 2569. 2569.
 2569. 2569. 2569. 2569. 2569. 2569. 2569. 3205. 3205. 3205. 3205. 2569.
 2569.   17. 
   17.   17.   17.   17.   17.   17.   17.   17.   17.   17.   17.   17.
 2569. 2569. 3205. 3205. 3205. 2569.   17.   17.   17.   17.   17.   17.
   17.   17. 
   17.   17.   17.   17.   17.   17.   17.   17.   17.   17.   17.   17.
   17.   17.   17.   17.   17.   17.   17. 2569. 2569. 2569. 2569. 2569.
 2569. 2569. 
 2569. 2569. 2569. 2569. 3205. 3205. 3205. 3205. 2569. 2569.   17.   17.
   17.   17.   17.   17.   17.   17.   17.   17.   17.   17.   17. 2569.
 2569. 3205. 
 3205. 3205. 2569. 2569.   17.   17.   17.   17.   17.   17.   17.   17.
   17.   17.   17.   17.   17.   17.   17.   17.   17.   17.   17.   17.
   17.   17. 
   17.   17.   17. 2569. 2569. 2569. 3205. 3205. 3205. 3205. 3205. 3205.
 3205. 3205. 3205. 3205. 3205. 3205. 3205. 2569. 2569.   17.   17.   17.
   17.   17. 
   17.   17.   17.   17.   17.   17.   17.   17. 2569. 2569. 2569. 3205.
 3205. 3205. 2569.   17.   17.   17.   17.   17.   17.   17.   17.   17.
   17.   17. 
   17.   17.   17.   17.   17.   17.   17.   17.   17.   17.   17.   17.
   17.   17. 2569. 2569. 2569. 3205. 3205. 3205. 3205. 3205. 3205. 3205.
 3205. 3205. 
 3205. 3205. 3205. 3205. 2569. 2569.   17.   17.   17.   17.   17.   17.
   17.   17.   17.   17.   17.   17.   17.   17. 2569. 2569. 3205. 3205.
 3205. 2569. 
 2569.   17.   17.   17.   17.   17.   17.   17.   17.   17.   17.   17.
   17.   17.   17.   17.   17.   17.   17.   17.   17.   17.   17. 2569.
 2569. 2569. 
 2569. 2569. 3205. 3205. 3205. 3205. 2569. 2569. 2569. 2569. 2569. 2569.
 2569. 2569. 2569. 2569. 2569.   17.   17.   17.   17.   17.   17.   17.
   17.   17. 
   17.   17.   17.   17.   17.   17. 3205. 3205. 3205. 3205. 2569. 2569.
   17.   17.   17.   17.   17.   17.   17.   17.   17.   17.   17.   17.
   17.   17. 
   17.   17.   17.   17.   17.   17.   17. 2569. 2569. 2569. 2569. 3205.
 3205. 3205. 3205. 3205. 2569. 2569. 2569. 2569. 2569. 2569. 2569. 2569.
 2569. 2569. 
 2569.   17.   17.   17.   17.   17.   17.   17.   17.   17.   17.   17.
   17.   17.   17.   17.   17.   17. 3205. 3205. 3205. 2569. 2569.   17.
   17.   17. 
   17.   17.   17.   17.   17.   17.   17.   17.   17.   17.   17.   17.
   17.   17.   17.   17. 2569. 2569. 2569. 2569. 2569. 3205. 3205. 3205.
 3205. 3205. 
 3205. 2569. 2569.   17.   17.   17.   17.   17.   17.   17.   17.   17.
   17.   17.   17.   17.   17.   17.   17.   17.   17.   17.   17.   17.
   17.   17. 
   17.   17.   17.   17. 3205. 2569. 2569. 2569.   17.   17.   17.   17.
   17.   17.   17.   17.   17.   17.   17.   17.   17.   17.   17.   17.
   17.   17. 
 2569. 2569. 2569. 3205. 3205. 3205. 3205. 3205. 3205. 3205. 3205. 3205.
 2569. 2569.   17.   17.   17.   17.   17.   17.   17.   17.   17.   17.
   17.   17. 
   17.   17.   17.   17.   17.   17.   17.   17.   17.   17.   17.   17.
   17.   17.   17.   17. 2569. 2569. 2569.   17.   17.   17.   17.   17.
   17.   17. 
   17.   17.   17.   17.   17.   17.   17.   17.   17.   17.   17. 2569.
 2569. 2569. 3205. 3205. 3205. 3205. 3205. 3205. 3205. 3205. 2569. 2569.
 2569.   17. 
 17. 17. 17. 17. 17. 17. 17. 17. 17. 17. 17. 17. 17. 17. 17. 17. 17. 17.
 17. 17. 17. 17. 17. 17. 17. 17. 
   17.   17.   17.   17.   17.   17.   17.   17.   17.   17.   17.   17.
   17.   17.   17.   17.   17.   17.   17.   17.   17.   17. 2569. 2569.
 2569. 3205. 
 3205. 3205. 3205. 2569. 3205. 2569. 2569. 2569. 2569. 2569.   17.   17.
   17.   17.   17.   17.   17.   17.   17.   17.   17.   17.   17.   17.
   17.   17. 
 17. 17. 17. 17. 17. 17. 17. 17. 17. 17. 17. 17. 17. 17. 
/